-0.00018
-0.00018
-0.00015
-0.00015
-0.00015
-0.00018
-0.00015
-0.00018
-0.00018
-0.00018
-0.00021
-0.00021
-0.00018
-0.00018
-0.00015
-0.00015
-0.00018
-0.00018
-0.00021
-0.00021
-0.00024
-0.00021
-0.00015
-0.00015
-0.00018
-0.00021
-0.00021
-0.00021
-0.00021
-0.00018
-0.00015
-0.00018
-0.00018
-0.00018
-0.00040
-0.00012
-0.00024
-0.00021
-0.00021
-0.00027
-0.00024
-0.00027
-0.00024
-0.00024
-0.00024
-0.00018
-0.00018
-0.00018
-0.00021
-0.00027
-0.00031
-0.00027
-0.00024
-0.00024
-0.00024
-0.00024
-0.00024
-0.00031
-0.00031
-0.00031
-0.00031
-0.00024
-0.00018
-0.00021
-0.00024
-0.00024
-0.00027
-0.00034
-0.00031
-0.00024
-0.00027
-0.00027
-0.00021
-0.00024
-0.00024
-0.00027
-0.00027
-0.00024
-0.00024
-0.00027
-0.00034
-0.00031
-0.00027
-0.00027
-0.00027
-0.00024
-0.00027
-0.00027
-0.00027
-0.00027
-0.00031
-0.00027
-0.00024
-0.00027
-0.00027
-0.00031
-0.00031
-0.00031
-0.00034
-0.00031
-0.00027
-0.00031
-0.00027
-0.00027
-0.00027
-0.00034
-0.00031
-0.00027
-0.00027
-0.00031
-0.00031
-0.00034
-0.00034
-0.00031
-0.00031
-0.00027
-0.00024
-0.00024
-0.00024
-0.00027
-0.00034
-0.00037
-0.00037
-0.00037
-0.00037
-0.00034
-0.00034
-0.00031
-0.00034
-0.00027
-0.00027
-0.00031
-0.00027
-0.00024
-0.00031
-0.00031
-0.00031
-0.00034
-0.00037
-0.00037
-0.00031
-0.00031
-0.00034
-0.00034
-0.00027
-0.00021
-0.00027
-0.00031
-0.00031
-0.00034
-0.00034
-0.00034
-0.00031
-0.00031
-0.00027
-0.00031
-0.00027
-0.00027
-0.00031
-0.00031
-0.00027
-0.00027
-0.00031
-0.00027
-0.00024
-0.00027
-0.00031
-0.00031
-0.00027
-0.00031
-0.00037
-0.00031
-0.00034
-0.00034
-0.00031
-0.00024
-0.00024
-0.00031
-0.00027
-0.00027
-0.00027
-0.00027
-0.00031
-0.00027
-0.00024
-0.00012
0.00006
0.00000
-0.00015
-0.00021
-0.00024
-0.00040
-0.00018
-0.00031
0.00027
-0.00070
-0.00580
-0.04224
-0.05618
-0.02029
0.00961
0.02737
0.02502
0.02002
0.01904
0.01840
0.00394
-0.01251
-0.01239
-0.00870
-0.00256
0.00754
0.00543
-0.00211
-0.00104
0.00055
0.00113
0.00677
0.00366
-0.00165
0.00153
0.00296
0.00031
0.00043
0.00104
-0.00174
-0.00113
-0.00079
-0.00250
-0.00110
0.00180
0.00272
0.00305
0.00342
0.00220
0.00128
0.00101
0.00101
0.00046
-0.00046
-0.00089
-0.00043
0.00040
0.00143
0.00143
0.00043
-0.00034
0.00024
0.00055
0.00067
0.00162
0.00125
0.00070
0.00073
0.00049
0.00000
-0.00034
-0.00027
-0.00061
-0.00018
0.00000
-0.00031
-0.00043
-0.00037
-0.00037
-0.00031
-0.00012
-0.00003
0.00003
0.00000
0.00000
0.00000
0.00000
0.00000
0.00000
0.00000
0.00000
0.00000
0.00000
0.00000
0.00000
0.00000
0.00000
0.00000
0.00000
0.00000
0.00000
0.00000
0.00000
0.00000
0.00000
0.00000
0.00000
0.00000
0.00000
0.00000
0.00000
0.00000
0.00000
0.00000
0.00000
0.00000
0.00000
0.00000
0.00000
0.00000
0.00000
0.00000
0.00000
0.00000
0.00000
0.00000
0.00000
0.00000
0.00000
0.00000
0.00000
0.00000
0.00000
0.00000
0.00000
0.00000
0.00000
0.00000
0.00000
0.00000
0.00000
0.00000
0.00000
0.00000
0.00000
0.00000
0.00000
0.00000
0.00000
0.00000
0.00000
0.00000
0.00000
0.00000
0.00000
0.00000
0.00000
0.00000
0.00000
0.00000
0.00000
0.00000
0.00000
0.00000
0.00000
0.00000
0.00000
0.00000
0.00000
0.00000
0.00000
0.00000
0.00000
0.00000
0.00000
0.00000
0.00000
0.00000
0.00000
0.00000
0.00000
0.00000
0.00000
0.00000
0.00000
0.00000
0.00000
0.00000
0.00000
0.00000
0.00000
0.00000
0.00000
0.00000
0.00000
0.00000
0.00000
0.00000
0.00000
0.00000
0.00000
0.00000
0.00000
0.00000
0.00000
0.00000
0.00000
0.00000
0.00000
0.00000
0.00000
0.00000
0.00000
0.00000
0.00000
0.00000
0.00000
0.00000
0.00000
0.00000
0.00000
0.00000
0.00000
0.00000
0.00000
0.00000
0.00000
0.00000
0.00000
0.00000
0.00000
0.00000
0.00000
0.00000
0.00000
0.00000
0.00000
0.00000
0.00000
0.00000
0.00000
0.00000
0.00000
0.00000
0.00000
0.00000
0.00000
0.00000
0.00000
0.00000
0.00000
0.00000
0.00000
0.00000
0.00000
0.00000
0.00000
0.00000
0.00000
0.00000
0.00000
0.00000
0.00000
0.00000
0.00000
0.00000
0.00000
0.00000
0.00000
0.00000
0.00000
0.00000
0.00000
0.00000
0.00000
0.00000
0.00000
0.00000
0.00000
0.00000
0.00000
0.00000
0.00000
0.00000
0.00000
0.00000
0.00000
0.00000
0.00000
0.00000
0.00000
0.00000
0.00000
0.00000
0.00000
0.00000
0.00000
0.00000
0.00000
0.00000
0.00000
0.00000
0.00000
0.00000
0.00000
0.00000
0.00000
0.00000
0.00000
0.00000
0.00000
0.00000
0.00000
0.00000
0.00000
0.00000
0.00000
0.00000
0.00000
0.00000
0.00000
0.00000
0.00000
0.00000
0.00000
0.00000
