-0.00018
-0.00021
-0.00018
-0.00015
-0.00015
-0.00012
-0.00012
-0.00012
-0.00012
-0.00009
-0.00015
-0.00018
-0.00015
-0.00018
-0.00018
-0.00012
-0.00015
-0.00024
-0.00015
-0.00015
-0.00018
-0.00018
-0.00012
-0.00009
-0.00009
-0.00006
-0.00009
-0.00012
-0.00012
-0.00018
-0.00021
-0.00018
-0.00012
-0.00018
-0.00024
-0.00003
-0.00015
-0.00015
-0.00006
-0.00012
-0.00015
-0.00021
-0.00018
-0.00018
-0.00018
-0.00018
-0.00018
-0.00015
-0.00015
-0.00015
-0.00015
-0.00015
-0.00018
-0.00018
-0.00015
-0.00012
-0.00018
-0.00021
-0.00009
-0.00027
-0.00024
-0.00015
-0.00018
-0.00018
-0.00024
-0.00015
-0.00018
-0.00018
-0.00018
-0.00021
-0.00021
-0.00018
-0.00018
-0.00018
-0.00018
-0.00015
-0.00024
-0.00021
-0.00021
-0.00027
-0.00024
-0.00021
-0.00024
-0.00024
-0.00024
-0.00021
-0.00024
-0.00018
-0.00012
-0.00015
-0.00015
-0.00015
-0.00018
-0.00021
-0.00024
-0.00024
-0.00018
-0.00018
-0.00021
-0.00024
-0.00021
-0.00018
-0.00018
-0.00018
-0.00021
-0.00027
-0.00027
-0.00021
-0.00018
-0.00015
-0.00015
-0.00012
-0.00012
-0.00015
-0.00021
-0.00021
-0.00021
-0.00024
-0.00021
-0.00018
-0.00018
-0.00018
-0.00015
-0.00015
-0.00018
-0.00021
-0.00021
-0.00021
-0.00021
-0.00018
-0.00015
-0.00015
-0.00015
-0.00018
-0.00018
-0.00018
-0.00018
-0.00018
-0.00015
-0.00015
-0.00018
-0.00015
-0.00018
-0.00015
-0.00015
-0.00015
-0.00018
-0.00018
-0.00012
-0.00015
-0.00012
-0.00012
-0.00012
-0.00012
-0.00018
-0.00015
-0.00012
-0.00012
-0.00009
-0.00009
-0.00012
-0.00018
-0.00015
-0.00018
-0.00012
-0.00012
-0.00018
-0.00012
-0.00009
-0.00003
-0.00003
-0.00006
-0.00012
-0.00015
-0.00015
-0.00012
-0.00009
-0.00009
-0.00034
0.00021
-0.00070
0.00085
-0.00165
0.00195
-0.00311
-0.00391
-0.10510
-0.14148
-0.01205
0.04471
0.09457
0.07550
0.05630
0.03976
0.02985
-0.01135
-0.05655
-0.03702
-0.01984
0.00101
0.02640
0.01297
-0.01443
-0.00513
-0.00058
0.00220
0.01840
0.01144
-0.00708
0.00150
0.00494
-0.00153
0.00421
0.00879
-0.00192
-0.00043
-0.00076
-0.00763
-0.00684
-0.00015
0.00131
0.00034
0.00494
0.00519
0.00485
0.00421
0.00397
0.00079
-0.00183
-0.00302
-0.00253
-0.00189
0.00201
0.00119
-0.00171
-0.00153
0.00232
0.00253
0.00244
0.00452
0.00247
-0.00046
0.00027
0.00061
-0.00009
-0.00095
-0.00076
-0.00165
-0.00168
-0.00058
-0.00180
-0.00104
0.00037
-0.00107
-0.00122
0.00000
0.00262
0.00269
0.00299
0.00497
0.00314
0.00003
-0.00253
-0.00403
-0.00375
-0.00317
-0.00150
-0.00061
0.00003
-0.00031
-0.00095
0.00000
0.00031
-0.00031
-0.00076
-0.00055
-0.00027
-0.00085
-0.00058
-0.00061
-0.00122
-0.00092
-0.00183
-0.00186
-0.00146
-0.00177
-0.00168
-0.00183
-0.00024
0.00000
-0.00055
0.00024
-0.00119
-0.00043
0.00018
-0.00052
-0.00208
-0.00134
0.00092
0.00095
0.00076
0.00046
0.00134
0.00284
0.00214
0.00052
-0.00018
-0.00095
-0.00195
-0.00211
-0.00220
-0.00220
-0.00119
-0.00061
-0.00064
0.00012
0.00043
-0.00049
-0.00031
-0.00015
-0.00073
-0.00104
-0.00082
-0.00061
-0.00046
-0.00012
-0.00034
-0.00085
-0.00046
0.00000
0.00021
0.00067
0.00082
0.00027
-0.00043
-0.00073
-0.00113
-0.00137
-0.00128
-0.00116
-0.00079
-0.00015
0.00021
0.00027
0.00027
0.00040
0.00049
0.00043
0.00055
0.00073
0.00055
0.00021
-0.00018
-0.00043
-0.00040
-0.00046
-0.00031
-0.00015
-0.00003
0.00015
0.00034
0.00046
0.00052
0.00046
0.00018
-0.00003
0.00000
0.00000
0.00000
0.00000
0.00000
0.00000
0.00000
0.00000
0.00000
0.00000
0.00000
0.00000
0.00000
0.00000
0.00000
0.00000
0.00000
0.00000
0.00000
0.00000
0.00000
0.00000
0.00000
0.00000
0.00000
0.00000
0.00000
0.00000
0.00000
0.00000
0.00000
0.00000
0.00000
0.00000
0.00000
0.00000
0.00000
0.00000
0.00000
0.00000
0.00000
0.00000
0.00000
0.00000
0.00000
0.00000
0.00000
0.00000
0.00000
0.00000
0.00000
0.00000
0.00000
0.00000
0.00000
0.00000
0.00000
0.00000
0.00000
0.00000
0.00000
0.00000
0.00000
0.00000
0.00000
0.00000
0.00000
0.00000
0.00000
0.00000
0.00000
0.00000
0.00000
0.00000
0.00000
0.00000
0.00000
0.00000
0.00000
0.00000
0.00000
0.00000
0.00000
0.00000
0.00000
0.00000
0.00000
0.00000
0.00000
0.00000
0.00000
0.00000
0.00000
0.00000
0.00000
0.00000
0.00000
0.00000
0.00000
0.00000
0.00000
0.00000
0.00000
0.00000
0.00000
0.00000
0.00000
0.00000
0.00000
0.00000
0.00000
0.00000
0.00000
0.00000
0.00000
0.00000
0.00000
0.00000
0.00000
0.00000
0.00000
0.00000
0.00000
0.00000
0.00000
0.00000
0.00000
0.00000
0.00000
0.00000
0.00000
0.00000
0.00000
0.00000
0.00000
0.00000
0.00000
0.00000
0.00000
0.00000
0.00000
0.00000
0.00000
0.00000
0.00000
0.00000
