-0.00031
-0.00031
-0.00031
-0.00031
-0.00034
-0.00034
-0.00037
-0.00034
-0.00034
-0.00034
-0.00031
-0.00031
-0.00034
-0.00034
-0.00034
-0.00037
-0.00034
-0.00034
-0.00031
-0.00031
-0.00034
-0.00037
-0.00037
-0.00037
-0.00040
-0.00034
-0.00031
-0.00034
-0.00034
-0.00034
-0.00034
-0.00037
-0.00034
-0.00027
-0.00046
-0.00021
-0.00037
-0.00031
-0.00031
-0.00040
-0.00031
-0.00031
-0.00034
-0.00034
-0.00034
-0.00034
-0.00034
-0.00037
-0.00034
-0.00031
-0.00034
-0.00031
-0.00031
-0.00027
-0.00031
-0.00034
-0.00031
-0.00034
-0.00037
-0.00034
-0.00027
-0.00027
-0.00034
-0.00034
-0.00031
-0.00034
-0.00037
-0.00031
-0.00027
-0.00031
-0.00031
-0.00031
-0.00031
-0.00034
-0.00031
-0.00024
-0.00027
-0.00027
-0.00027
-0.00024
-0.00027
-0.00027
-0.00024
-0.00024
-0.00027
-0.00027
-0.00027
-0.00027
-0.00027
-0.00027
-0.00027
-0.00027
-0.00027
-0.00021
-0.00021
-0.00021
-0.00027
-0.00027
-0.00021
-0.00024
-0.00024
-0.00021
-0.00021
-0.00024
-0.00024
-0.00024
-0.00027
-0.00027
-0.00021
-0.00018
-0.00018
-0.00021
-0.00018
-0.00018
-0.00024
-0.00021
-0.00015
-0.00015
-0.00018
-0.00018
-0.00018
-0.00024
-0.00024
-0.00021
-0.00018
-0.00018
-0.00021
-0.00021
-0.00018
-0.00018
-0.00021
-0.00018
-0.00015
-0.00018
-0.00018
-0.00015
-0.00015
-0.00018
-0.00021
-0.00015
-0.00015
-0.00018
-0.00018
-0.00012
-0.00018
-0.00018
-0.00015
-0.00012
-0.00012
-0.00015
-0.00012
-0.00009
-0.00012
-0.00015
-0.00012
-0.00012
-0.00015
-0.00015
-0.00009
-0.00009
-0.00009
-0.00009
-0.00009
-0.00009
-0.00006
-0.00006
-0.00006
-0.00006
-0.00009
-0.00009
-0.00009
-0.00012
-0.00012
-0.00009
-0.00006
-0.00003
-0.00003
-0.00003
-0.00006
-0.00006
-0.00006
-0.00003
-0.00003
-0.00003
-0.00006
0.00006
0.00027
0.00021
0.00018
0.00003
-0.00003
-0.00018
0.00003
-0.00012
0.00049
-0.00037
-0.00156
-0.02606
-0.05441
-0.03641
-0.00107
0.02396
0.02731
0.02173
0.01843
0.01956
0.00949
-0.00806
-0.01349
-0.00949
-0.00345
0.00485
0.00702
0.00034
-0.00186
-0.00046
0.00134
0.00601
0.00577
-0.00037
0.00015
0.00269
0.00177
0.00021
0.00070
0.00012
-0.00055
-0.00015
-0.00146
-0.00128
0.00089
0.00238
0.00302
0.00327
0.00247
0.00177
0.00156
0.00177
0.00143
0.00015
-0.00092
-0.00067
0.00018
0.00146
0.00204
0.00153
0.00034
0.00015
0.00073
0.00095
0.00159
0.00180
0.00113
0.00092
0.00061
0.00043
0.00006
0.00012
0.00006
0.00006
0.00037
0.00000
-0.00021
-0.00018
-0.00006
0.00000
0.00000
0.00000
0.00000
0.00000
0.00000
0.00000
0.00000
0.00000
0.00000
0.00000
0.00000
0.00000
0.00000
0.00000
0.00000
0.00000
0.00000
0.00000
0.00000
0.00000
0.00000
0.00000
0.00000
0.00000
0.00000
0.00000
0.00000
0.00000
0.00000
0.00000
0.00000
0.00000
0.00000
0.00000
0.00000
0.00000
0.00000
0.00000
0.00000
0.00000
0.00000
0.00000
0.00000
0.00000
0.00000
0.00000
0.00000
0.00000
0.00000
0.00000
0.00000
0.00000
0.00000
0.00000
0.00000
0.00000
0.00000
0.00000
0.00000
0.00000
0.00000
0.00000
0.00000
0.00000
0.00000
0.00000
0.00000
0.00000
0.00000
0.00000
0.00000
0.00000
0.00000
0.00000
0.00000
0.00000
0.00000
0.00000
0.00000
0.00000
0.00000
0.00000
0.00000
0.00000
0.00000
0.00000
0.00000
0.00000
0.00000
0.00000
0.00000
0.00000
0.00000
0.00000
0.00000
0.00000
0.00000
0.00000
0.00000
0.00000
0.00000
0.00000
0.00000
0.00000
0.00000
0.00000
0.00000
0.00000
0.00000
0.00000
0.00000
0.00000
0.00000
0.00000
0.00000
0.00000
0.00000
0.00000
0.00000
0.00000
0.00000
0.00000
0.00000
0.00000
0.00000
0.00000
0.00000
0.00000
0.00000
0.00000
0.00000
0.00000
0.00000
0.00000
0.00000
0.00000
0.00000
0.00000
0.00000
0.00000
0.00000
0.00000
0.00000
0.00000
0.00000
0.00000
0.00000
0.00000
0.00000
0.00000
0.00000
0.00000
0.00000
0.00000
0.00000
0.00000
0.00000
0.00000
0.00000
0.00000
0.00000
0.00000
0.00000
0.00000
0.00000
0.00000
0.00000
0.00000
0.00000
0.00000
0.00000
0.00000
0.00000
0.00000
0.00000
0.00000
0.00000
0.00000
0.00000
0.00000
0.00000
0.00000
0.00000
0.00000
0.00000
0.00000
0.00000
0.00000
0.00000
0.00000
0.00000
0.00000
0.00000
0.00000
0.00000
0.00000
0.00000
0.00000
0.00000
0.00000
0.00000
0.00000
0.00000
0.00000
0.00000
0.00000
0.00000
0.00000
0.00000
0.00000
0.00000
0.00000
0.00000
0.00000
0.00000
0.00000
0.00000
0.00000
0.00000
0.00000
0.00000
0.00000
0.00000
0.00000
0.00000
0.00000
0.00000
0.00000
0.00000
0.00000
0.00000
0.00000
0.00000
0.00000
0.00000
0.00000
0.00000
0.00000
0.00000
0.00000
0.00000
0.00000
0.00000
0.00000
0.00000
0.00000
