-0.00006
-0.00003
-0.00003
-0.00003
-0.00003
-0.00003
-0.00003
-0.00003
-0.00003
-0.00003
-0.00003
-0.00003
-0.00006
-0.00006
-0.00006
-0.00009
-0.00006
-0.00003
-0.00003
-0.00006
-0.00003
-0.00003
-0.00003
-0.00003
-0.00003
-0.00003
-0.00009
-0.00012
-0.00009
-0.00006
-0.00006
-0.00003
0.00000
0.00000
-0.00015
0.00006
-0.00009
-0.00012
-0.00009
-0.00009
-0.00006
-0.00006
-0.00003
-0.00003
-0.00006
-0.00006
-0.00006
-0.00009
-0.00006
-0.00006
-0.00009
-0.00003
0.00000
-0.00003
0.00000
0.00000
-0.00006
-0.00006
-0.00003
-0.00006
-0.00006
-0.00003
-0.00009
-0.00006
0.00000
0.00000
-0.00003
0.00000
0.00000
-0.00009
-0.00003
-0.00003
-0.00006
-0.00006
-0.00006
-0.00012
-0.00009
-0.00003
-0.00003
-0.00006
-0.00003
0.00000
-0.00006
-0.00009
-0.00006
-0.00009
-0.00012
-0.00009
-0.00006
-0.00009
-0.00006
-0.00003
-0.00003
-0.00006
-0.00009
-0.00006
-0.00006
-0.00009
-0.00009
-0.00009
-0.00006
-0.00009
-0.00009
-0.00003
-0.00009
-0.00012
-0.00009
-0.00009
-0.00009
-0.00012
-0.00009
-0.00006
-0.00009
-0.00009
-0.00009
-0.00009
-0.00009
-0.00012
-0.00012
-0.00009
-0.00009
-0.00006
-0.00003
-0.00006
-0.00009
-0.00012
-0.00015
-0.00015
-0.00018
-0.00012
-0.00009
-0.00009
-0.00006
-0.00003
-0.00006
-0.00012
-0.00012
-0.00012
-0.00015
-0.00018
-0.00012
-0.00012
-0.00012
-0.00009
-0.00006
-0.00009
-0.00009
-0.00012
-0.00015
-0.00015
-0.00015
-0.00012
-0.00009
-0.00009
-0.00012
-0.00012
-0.00012
-0.00018
-0.00018
-0.00012
-0.00012
-0.00009
-0.00009
-0.00012
-0.00015
-0.00015
-0.00015
-0.00012
-0.00006
-0.00006
-0.00006
-0.00012
-0.00015
-0.00024
-0.00021
-0.00021
-0.00021
-0.00018
-0.00012
-0.00009
-0.00012
-0.00015
-0.00015
-0.00015
-0.00012
-0.00018
-0.00009
-0.00009
0.00003
-0.00012
0.00021
0.00000
0.00018
0.00000
-0.00027
-0.01126
-0.05109
-0.04803
-0.01395
0.00629
0.02426
0.02951
0.02423
0.02240
0.01727
0.00168
-0.00922
-0.01117
-0.01163
-0.00455
0.00769
0.00436
-0.00143
0.00009
-0.00113
0.00241
0.00757
0.00293
-0.00070
0.00150
0.00110
-0.00003
0.00259
0.00189
-0.00113
-0.00101
-0.00125
-0.00272
-0.00195
-0.00009
0.00043
0.00174
0.00345
0.00424
0.00348
0.00284
0.00229
-0.00015
-0.00134
-0.00043
-0.00031
0.00015
0.00116
0.00061
-0.00055
0.00000
0.00104
0.00095
0.00113
0.00171
0.00082
0.00052
0.00122
0.00092
0.00031
0.00000
-0.00037
-0.00082
-0.00058
-0.00052
-0.00067
0.00000
0.00021
-0.00012
-0.00006
0.00000
-0.00006
-0.00006
0.00018
0.00024
-0.00031
-0.00061
-0.00085
-0.00085
-0.00052
-0.00031
-0.00021
-0.00040
-0.00058
-0.00073
-0.00064
-0.00015
-0.00003
0.00000
0.00000
0.00000
0.00000
0.00000
0.00000
0.00000
0.00000
0.00000
0.00000
0.00000
0.00000
0.00000
0.00000
0.00000
0.00000
0.00000
0.00000
0.00000
0.00000
0.00000
0.00000
0.00000
0.00000
0.00000
0.00000
0.00000
0.00000
0.00000
0.00000
0.00000
0.00000
0.00000
0.00000
0.00000
0.00000
0.00000
0.00000
0.00000
0.00000
0.00000
0.00000
0.00000
0.00000
0.00000
0.00000
0.00000
0.00000
0.00000
0.00000
0.00000
0.00000
0.00000
0.00000
0.00000
0.00000
0.00000
0.00000
0.00000
0.00000
0.00000
0.00000
0.00000
0.00000
0.00000
0.00000
0.00000
0.00000
0.00000
0.00000
0.00000
0.00000
0.00000
0.00000
0.00000
0.00000
0.00000
0.00000
0.00000
0.00000
0.00000
0.00000
0.00000
0.00000
0.00000
0.00000
0.00000
0.00000
0.00000
0.00000
0.00000
0.00000
0.00000
0.00000
0.00000
0.00000
0.00000
0.00000
0.00000
0.00000
0.00000
0.00000
0.00000
0.00000
0.00000
0.00000
0.00000
0.00000
0.00000
0.00000
0.00000
0.00000
0.00000
0.00000
0.00000
0.00000
0.00000
0.00000
0.00000
0.00000
0.00000
0.00000
0.00000
0.00000
0.00000
0.00000
0.00000
0.00000
0.00000
0.00000
0.00000
0.00000
0.00000
0.00000
0.00000
0.00000
0.00000
0.00000
0.00000
0.00000
0.00000
0.00000
0.00000
0.00000
0.00000
0.00000
0.00000
0.00000
0.00000
0.00000
0.00000
0.00000
0.00000
0.00000
0.00000
0.00000
0.00000
0.00000
0.00000
0.00000
0.00000
0.00000
0.00000
0.00000
0.00000
0.00000
0.00000
0.00000
0.00000
0.00000
0.00000
0.00000
0.00000
0.00000
0.00000
0.00000
0.00000
0.00000
0.00000
0.00000
0.00000
0.00000
0.00000
0.00000
0.00000
0.00000
0.00000
0.00000
0.00000
0.00000
0.00000
0.00000
0.00000
0.00000
0.00000
0.00000
0.00000
0.00000
0.00000
0.00000
0.00000
0.00000
0.00000
0.00000
0.00000
0.00000
0.00000
0.00000
0.00000
0.00000
0.00000
0.00000
0.00000
0.00000
0.00000
0.00000
0.00000
0.00000
0.00000
0.00000
0.00000
0.00000
0.00000
0.00000
0.00000
0.00000
0.00000
0.00000
0.00000
