-0.00003
-0.00006
-0.00009
-0.00009
-0.00006
-0.00009
-0.00012
-0.00009
-0.00006
-0.00006
-0.00003
-0.00003
-0.00006
-0.00006
0.00000
0.00000
-0.00006
-0.00009
-0.00009
-0.00012
-0.00012
-0.00012
-0.00006
-0.00003
0.00000
0.00000
-0.00003
-0.00006
-0.00009
-0.00012
-0.00009
-0.00015
-0.00012
-0.00006
-0.00012
0.00000
-0.00006
-0.00003
-0.00003
-0.00006
-0.00003
-0.00009
-0.00009
-0.00006
-0.00009
-0.00012
-0.00009
-0.00006
-0.00006
-0.00006
0.00000
-0.00003
-0.00012
-0.00012
-0.00012
-0.00012
-0.00006
-0.00003
0.00000
-0.00009
-0.00015
-0.00006
-0.00015
-0.00006
-0.00006
-0.00006
-0.00003
-0.00003
-0.00006
-0.00012
-0.00009
-0.00006
-0.00009
-0.00009
-0.00006
-0.00006
-0.00009
-0.00006
-0.00006
-0.00009
-0.00009
-0.00003
-0.00006
-0.00009
-0.00009
-0.00006
-0.00009
-0.00006
-0.00006
-0.00009
-0.00012
-0.00009
-0.00009
-0.00009
-0.00006
-0.00012
-0.00009
-0.00006
-0.00009
-0.00018
-0.00015
-0.00015
-0.00012
-0.00009
-0.00006
-0.00009
-0.00012
-0.00009
-0.00015
-0.00018
-0.00015
-0.00012
-0.00009
-0.00006
-0.00003
-0.00009
-0.00012
-0.00012
-0.00018
-0.00018
-0.00015
-0.00015
-0.00015
-0.00009
-0.00009
-0.00009
-0.00009
-0.00012
-0.00009
-0.00009
-0.00012
-0.00015
-0.00012
-0.00009
-0.00012
-0.00015
-0.00015
-0.00012
-0.00009
-0.00012
-0.00012
-0.00012
-0.00015
-0.00015
-0.00009
-0.00009
-0.00006
-0.00006
-0.00006
-0.00006
-0.00009
-0.00015
-0.00015
-0.00009
-0.00012
-0.00009
-0.00006
-0.00012
-0.00012
-0.00012
-0.00009
-0.00009
-0.00012
-0.00015
-0.00012
-0.00009
-0.00018
-0.00015
-0.00018
-0.00018
-0.00009
-0.00009
-0.00012
-0.00006
-0.00009
-0.00003
-0.00018
0.00006
-0.00049
0.00021
-0.00070
0.00055
-0.00098
0.00082
-0.00119
0.00085
-0.03961
-0.15012
-0.07593
0.01514
0.07812
0.09464
0.06067
0.04800
0.03043
0.01938
-0.04535
-0.04956
-0.02847
-0.00970
0.01572
0.02298
-0.00537
-0.00989
-0.00037
0.00110
0.01205
0.02173
-0.00226
-0.00827
0.00388
0.00122
0.00116
0.00769
0.00247
-0.00140
0.00168
-0.00534
-0.00790
-0.00269
0.00195
-0.00082
0.00293
0.00534
0.00470
0.00430
0.00412
0.00223
-0.00046
-0.00311
-0.00275
-0.00211
0.00061
0.00204
-0.00073
-0.00192
0.00049
0.00351
0.00235
0.00357
0.00333
0.00052
-0.00009
0.00067
0.00037
-0.00073
-0.00125
-0.00107
-0.00183
-0.00055
-0.00113
-0.00189
-0.00024
0.00034
-0.00055
-0.00076
0.00046
0.00195
0.00238
0.00388
0.00427
0.00220
-0.00067
-0.00311
-0.00397
-0.00385
-0.00247
-0.00122
-0.00043
0.00031
-0.00037
-0.00018
0.00015
0.00000
-0.00046
-0.00064
-0.00064
-0.00067
-0.00076
-0.00027
-0.00116
-0.00104
-0.00128
-0.00195
-0.00156
-0.00162
-0.00186
-0.00180
-0.00104
-0.00003
-0.00049
0.00021
-0.00079
-0.00092
0.00052
0.00009
-0.00150
-0.00195
0.00018
0.00082
0.00073
0.00027
0.00064
0.00217
0.00250
0.00104
0.00009
-0.00055
-0.00159
-0.00208
-0.00220
-0.00238
-0.00174
-0.00098
-0.00061
0.00003
0.00073
-0.00006
-0.00055
-0.00031
-0.00079
-0.00119
-0.00104
-0.00073
-0.00046
-0.00006
-0.00012
-0.00079
-0.00089
-0.00024
0.00003
0.00061
0.00092
0.00058
-0.00018
-0.00055
-0.00082
-0.00134
-0.00137
-0.00125
-0.00116
-0.00055
0.00018
0.00031
0.00015
0.00034
0.00058
0.00046
0.00046
0.00061
0.00046
0.00018
0.00000
-0.00027
-0.00040
-0.00046
-0.00049
-0.00034
-0.00009
0.00009
0.00027
0.00046
0.00049
0.00052
0.00037
0.00003
-0.00006
0.00000
0.00000
0.00000
0.00000
0.00000
0.00000
0.00000
0.00000
0.00000
0.00000
0.00000
0.00000
0.00000
0.00000
0.00000
0.00000
0.00000
0.00000
0.00000
0.00000
0.00000
0.00000
0.00000
0.00000
0.00000
0.00000
0.00000
0.00000
0.00000
0.00000
0.00000
0.00000
0.00000
0.00000
0.00000
0.00000
0.00000
0.00000
0.00000
0.00000
0.00000
0.00000
0.00000
0.00000
0.00000
0.00000
0.00000
0.00000
0.00000
0.00000
0.00000
0.00000
0.00000
0.00000
0.00000
0.00000
0.00000
0.00000
0.00000
0.00000
0.00000
0.00000
0.00000
0.00000
0.00000
0.00000
0.00000
0.00000
0.00000
0.00000
0.00000
0.00000
0.00000
0.00000
0.00000
0.00000
0.00000
0.00000
0.00000
0.00000
0.00000
0.00000
0.00000
0.00000
0.00000
0.00000
0.00000
0.00000
0.00000
0.00000
0.00000
0.00000
0.00000
0.00000
0.00000
0.00000
0.00000
0.00000
0.00000
0.00000
0.00000
0.00000
0.00000
0.00000
0.00000
0.00000
0.00000
0.00000
0.00000
0.00000
0.00000
0.00000
0.00000
0.00000
0.00000
0.00000
0.00000
0.00000
0.00000
0.00000
0.00000
0.00000
0.00000
0.00000
0.00000
0.00000
0.00000
0.00000
0.00000
0.00000
0.00000
0.00000
0.00000
0.00000
0.00000
0.00000
0.00000
0.00000
0.00000
0.00000
0.00000
0.00000
0.00000
0.00000
0.00000
