-0.00009
-0.00009
-0.00009
-0.00009
-0.00009
-0.00012
-0.00015
-0.00015
-0.00015
-0.00012
-0.00012
-0.00009
-0.00003
-0.00003
-0.00006
-0.00009
-0.00012
-0.00012
-0.00012
-0.00012
-0.00012
-0.00009
-0.00009
-0.00009
-0.00009
-0.00009
-0.00009
-0.00012
-0.00009
-0.00012
-0.00015
-0.00012
-0.00009
-0.00009
-0.00021
-0.00003
-0.00012
-0.00012
-0.00009
-0.00012
-0.00006
-0.00006
-0.00006
-0.00009
-0.00009
-0.00012
-0.00012
-0.00006
-0.00003
-0.00006
-0.00006
-0.00006
-0.00006
-0.00009
-0.00012
-0.00012
-0.00015
-0.00006
-0.00009
-0.00015
-0.00003
-0.00009
-0.00015
-0.00012
-0.00012
-0.00012
-0.00009
-0.00009
-0.00006
-0.00009
-0.00006
-0.00006
-0.00009
-0.00009
-0.00006
-0.00012
-0.00012
-0.00009
-0.00009
-0.00012
-0.00006
-0.00009
-0.00009
-0.00006
-0.00006
-0.00009
-0.00009
-0.00006
-0.00009
-0.00012
-0.00012
-0.00009
-0.00006
-0.00009
-0.00015
-0.00009
-0.00006
-0.00006
-0.00009
-0.00006
0.00000
-0.00006
-0.00012
-0.00009
-0.00009
-0.00012
-0.00009
-0.00009
-0.00012
-0.00009
-0.00012
-0.00009
-0.00009
-0.00006
-0.00009
-0.00006
-0.00003
-0.00006
-0.00009
-0.00006
-0.00006
-0.00012
-0.00012
-0.00009
-0.00009
-0.00015
-0.00012
-0.00009
-0.00006
-0.00006
-0.00009
-0.00006
-0.00003
-0.00009
-0.00012
-0.00006
-0.00009
-0.00015
-0.00015
-0.00009
-0.00009
-0.00015
-0.00009
-0.00006
-0.00006
-0.00006
-0.00003
-0.00009
-0.00012
-0.00012
-0.00015
-0.00015
-0.00012
-0.00006
-0.00003
-0.00003
-0.00006
-0.00009
-0.00009
-0.00012
-0.00015
-0.00012
-0.00015
-0.00015
-0.00006
-0.00006
-0.00012
-0.00015
-0.00012
-0.00009
-0.00006
-0.00012
-0.00009
-0.00012
-0.00003
-0.00018
0.00000
-0.00040
0.00021
-0.00064
0.00055
-0.00092
0.00089
-0.00143
0.00104
-0.03665
-0.12967
-0.06934
0.00940
0.04257
0.06787
0.06000
0.04721
0.05008
0.01901
-0.02414
-0.03354
-0.02707
-0.01807
0.00323
0.02316
-0.00015
-0.00610
0.00421
-0.00174
0.00635
0.01266
-0.00323
-0.00555
0.00189
0.00284
0.00333
0.01123
0.00635
-0.00037
-0.00024
-0.00677
-0.01096
-0.00433
0.00180
0.00089
0.00317
0.00687
0.00577
0.00269
0.00449
0.00259
-0.00034
-0.00186
-0.00220
-0.00269
0.00064
0.00183
-0.00150
-0.00281
-0.00006
0.00076
0.00119
0.00381
0.00409
0.00165
0.00110
0.00049
-0.00052
-0.00110
-0.00156
-0.00137
-0.00104
-0.00079
-0.00174
-0.00177
-0.00034
-0.00125
-0.00101
-0.00015
0.00122
0.00238
0.00165
0.00351
0.00400
0.00116
-0.00092
-0.00284
-0.00369
-0.00311
-0.00198
-0.00095
-0.00110
-0.00079
-0.00095
-0.00082
0.00037
-0.00012
-0.00098
-0.00052
-0.00040
-0.00073
-0.00101
-0.00073
-0.00131
-0.00140
-0.00134
-0.00192
-0.00192
-0.00214
-0.00229
-0.00067
-0.00040
-0.00024
0.00003
-0.00119
-0.00198
-0.00128
-0.00079
-0.00177
-0.00101
-0.00018
0.00006
0.00146
0.00070
0.00040
0.00198
0.00192
0.00146
0.00107
0.00034
-0.00079
-0.00232
-0.00226
-0.00296
-0.00314
-0.00156
-0.00131
-0.00052
0.00024
0.00003
-0.00031
-0.00043
-0.00061
-0.00098
-0.00092
-0.00098
-0.00116
-0.00092
-0.00049
-0.00052
-0.00082
-0.00079
-0.00055
-0.00015
0.00015
0.00055
0.00049
-0.00006
-0.00052
-0.00104
-0.00146
-0.00168
-0.00174
-0.00140
-0.00079
-0.00043
-0.00018
0.00000
0.00021
0.00046
0.00034
0.00021
0.00040
0.00034
0.00024
0.00015
-0.00024
-0.00061
-0.00070
-0.00067
-0.00055
-0.00043
-0.00031
-0.00015
0.00000
0.00000
0.00000
0.00000
0.00000
0.00000
0.00000
0.00000
0.00000
0.00000
0.00000
0.00000
0.00000
0.00000
0.00000
0.00000
0.00000
0.00000
0.00000
0.00000
0.00000
0.00000
0.00000
0.00000
0.00000
0.00000
0.00000
0.00000
0.00000
0.00000
0.00000
0.00000
0.00000
0.00000
0.00000
0.00000
0.00000
0.00000
0.00000
0.00000
0.00000
0.00000
0.00000
0.00000
0.00000
0.00000
0.00000
0.00000
0.00000
0.00000
0.00000
0.00000
0.00000
0.00000
0.00000
0.00000
0.00000
0.00000
0.00000
0.00000
0.00000
0.00000
0.00000
0.00000
0.00000
0.00000
0.00000
0.00000
0.00000
0.00000
0.00000
0.00000
0.00000
0.00000
0.00000
0.00000
0.00000
0.00000
0.00000
0.00000
0.00000
0.00000
0.00000
0.00000
0.00000
0.00000
0.00000
0.00000
0.00000
0.00000
0.00000
0.00000
0.00000
0.00000
0.00000
0.00000
0.00000
0.00000
0.00000
0.00000
0.00000
0.00000
0.00000
0.00000
0.00000
0.00000
0.00000
0.00000
0.00000
0.00000
0.00000
0.00000
0.00000
0.00000
0.00000
0.00000
0.00000
0.00000
0.00000
0.00000
0.00000
0.00000
0.00000
0.00000
0.00000
0.00000
0.00000
0.00000
0.00000
0.00000
0.00000
0.00000
0.00000
0.00000
0.00000
0.00000
0.00000
0.00000
0.00000
0.00000
0.00000
0.00000
0.00000
0.00000
0.00000
0.00000
0.00000
0.00000
0.00000
0.00000
0.00000
0.00000
