-0.00003
-0.00003
-0.00006
-0.00003
-0.00003
-0.00009
-0.00009
-0.00009
-0.00009
-0.00009
-0.00012
-0.00009
-0.00006
-0.00006
-0.00006
-0.00009
-0.00009
-0.00012
-0.00012
-0.00009
-0.00012
-0.00009
-0.00009
-0.00012
-0.00015
-0.00009
-0.00009
-0.00015
-0.00012
-0.00012
-0.00012
-0.00015
-0.00006
-0.00003
-0.00021
0.00003
-0.00009
-0.00012
-0.00015
-0.00015
-0.00012
-0.00015
-0.00012
-0.00015
-0.00015
-0.00012
-0.00015
-0.00018
-0.00012
-0.00006
-0.00012
-0.00009
-0.00012
-0.00015
-0.00018
-0.00018
-0.00015
-0.00015
-0.00012
-0.00009
-0.00012
-0.00015
-0.00018
-0.00018
-0.00015
-0.00015
-0.00015
-0.00018
-0.00012
-0.00015
-0.00018
-0.00015
-0.00012
-0.00012
-0.00015
-0.00015
-0.00018
-0.00021
-0.00018
-0.00015
-0.00018
-0.00018
-0.00018
-0.00018
-0.00018
-0.00018
-0.00018
-0.00018
-0.00021
-0.00021
-0.00018
-0.00018
-0.00015
-0.00015
-0.00015
-0.00015
-0.00018
-0.00021
-0.00021
-0.00024
-0.00024
-0.00021
-0.00018
-0.00015
-0.00015
-0.00018
-0.00018
-0.00018
-0.00018
-0.00021
-0.00021
-0.00024
-0.00021
-0.00018
-0.00018
-0.00021
-0.00021
-0.00018
-0.00021
-0.00021
-0.00021
-0.00021
-0.00018
-0.00021
-0.00018
-0.00021
-0.00021
-0.00024
-0.00021
-0.00021
-0.00021
-0.00024
-0.00018
-0.00018
-0.00024
-0.00021
-0.00021
-0.00021
-0.00024
-0.00021
-0.00015
-0.00018
-0.00021
-0.00024
-0.00024
-0.00027
-0.00031
-0.00027
-0.00018
-0.00018
-0.00018
-0.00015
-0.00015
-0.00018
-0.00024
-0.00024
-0.00024
-0.00021
-0.00018
-0.00018
-0.00015
-0.00021
-0.00024
-0.00024
-0.00024
-0.00024
-0.00024
-0.00018
-0.00015
-0.00018
-0.00018
-0.00021
-0.00024
-0.00024
-0.00024
-0.00021
-0.00021
-0.00021
-0.00024
-0.00015
-0.00015
-0.00018
-0.00015
-0.00018
-0.00027
-0.00015
0.00012
0.00012
-0.00006
0.00000
-0.00037
-0.00012
-0.00052
0.00018
-0.00055
0.00031
-0.01157
-0.03986
-0.04352
-0.02637
0.00977
0.02603
0.02744
0.02213
0.01730
0.01465
-0.00137
-0.01184
-0.01208
-0.00674
0.00018
0.00543
0.00327
-0.00082
-0.00217
0.00104
0.00458
0.00607
0.00211
-0.00128
0.00095
0.00192
0.00058
0.00098
0.00079
0.00031
0.00079
0.00012
-0.00168
-0.00198
-0.00076
0.00037
0.00259
0.00339
0.00250
0.00214
0.00244
0.00174
0.00061
-0.00085
-0.00174
-0.00186
-0.00058
0.00101
0.00201
0.00171
0.00089
0.00079
0.00076
0.00119
0.00101
0.00089
0.00055
-0.00015
0.00000
-0.00024
-0.00003
0.00000
0.00000
0.00015
-0.00003
-0.00034
-0.00073
-0.00052
-0.00027
-0.00027
0.00012
0.00024
0.00012
0.00031
0.00018
-0.00006
0.00000
0.00000
0.00000
0.00000
0.00000
0.00000
0.00000
0.00000
0.00000
0.00000
0.00000
0.00000
0.00000
0.00000
0.00000
0.00000
0.00000
0.00000
0.00000
0.00000
0.00000
0.00000
0.00000
0.00000
0.00000
0.00000
0.00000
0.00000
0.00000
0.00000
0.00000
0.00000
0.00000
0.00000
0.00000
0.00000
0.00000
0.00000
0.00000
0.00000
0.00000
0.00000
0.00000
0.00000
0.00000
0.00000
0.00000
0.00000
0.00000
0.00000
0.00000
0.00000
0.00000
0.00000
0.00000
0.00000
0.00000
0.00000
0.00000
0.00000
0.00000
0.00000
0.00000
0.00000
0.00000
0.00000
0.00000
0.00000
0.00000
0.00000
0.00000
0.00000
0.00000
0.00000
0.00000
0.00000
0.00000
0.00000
0.00000
0.00000
0.00000
0.00000
0.00000
0.00000
0.00000
0.00000
0.00000
0.00000
0.00000
0.00000
0.00000
0.00000
0.00000
0.00000
0.00000
0.00000
0.00000
0.00000
0.00000
0.00000
0.00000
0.00000
0.00000
0.00000
0.00000
0.00000
0.00000
0.00000
0.00000
0.00000
0.00000
0.00000
0.00000
0.00000
0.00000
0.00000
0.00000
0.00000
0.00000
0.00000
0.00000
0.00000
0.00000
0.00000
0.00000
0.00000
0.00000
0.00000
0.00000
0.00000
0.00000
0.00000
0.00000
0.00000
0.00000
0.00000
0.00000
0.00000
0.00000
0.00000
0.00000
0.00000
0.00000
0.00000
0.00000
0.00000
0.00000
0.00000
0.00000
0.00000
0.00000
0.00000
0.00000
0.00000
0.00000
0.00000
0.00000
0.00000
0.00000
0.00000
0.00000
0.00000
0.00000
0.00000
0.00000
0.00000
0.00000
0.00000
0.00000
0.00000
0.00000
0.00000
0.00000
0.00000
0.00000
0.00000
0.00000
0.00000
0.00000
0.00000
0.00000
0.00000
0.00000
0.00000
0.00000
0.00000
0.00000
0.00000
0.00000
0.00000
0.00000
0.00000
0.00000
0.00000
0.00000
0.00000
0.00000
0.00000
0.00000
0.00000
0.00000
0.00000
0.00000
0.00000
0.00000
0.00000
0.00000
0.00000
0.00000
0.00000
0.00000
0.00000
0.00000
0.00000
0.00000
0.00000
0.00000
0.00000
0.00000
0.00000
0.00000
0.00000
0.00000
0.00000
0.00000
0.00000
0.00000
0.00000
0.00000
0.00000
0.00000
0.00000
0.00000
0.00000
0.00000
0.00000
0.00000
0.00000
0.00000
0.00000
