-0.00015
-0.00018
-0.00015
-0.00012
-0.00009
-0.00009
-0.00018
-0.00021
-0.00021
-0.00024
-0.00021
-0.00018
-0.00018
-0.00015
-0.00009
-0.00006
-0.00012
-0.00015
-0.00015
-0.00018
-0.00018
-0.00018
-0.00015
-0.00012
-0.00018
-0.00021
-0.00021
-0.00027
-0.00024
-0.00021
-0.00015
-0.00015
-0.00015
-0.00015
-0.00024
0.00000
-0.00012
-0.00012
-0.00009
-0.00018
-0.00015
-0.00015
-0.00012
-0.00018
-0.00021
-0.00021
-0.00018
-0.00024
-0.00027
-0.00024
-0.00021
-0.00021
-0.00018
-0.00012
-0.00015
-0.00018
-0.00015
-0.00015
-0.00021
-0.00024
-0.00021
-0.00021
-0.00021
-0.00021
-0.00018
-0.00018
-0.00027
-0.00024
-0.00018
-0.00018
-0.00024
-0.00021
-0.00021
-0.00024
-0.00024
-0.00024
-0.00027
-0.00031
-0.00024
-0.00018
-0.00018
-0.00018
-0.00021
-0.00024
-0.00027
-0.00024
-0.00027
-0.00027
-0.00024
-0.00024
-0.00021
-0.00021
-0.00021
-0.00027
-0.00027
-0.00031
-0.00034
-0.00031
-0.00027
-0.00031
-0.00024
-0.00021
-0.00027
-0.00027
-0.00024
-0.00021
-0.00021
-0.00021
-0.00021
-0.00027
-0.00034
-0.00037
-0.00040
-0.00037
-0.00027
-0.00024
-0.00021
-0.00018
-0.00018
-0.00024
-0.00027
-0.00031
-0.00037
-0.00046
-0.00046
-0.00043
-0.00040
-0.00031
-0.00024
-0.00021
-0.00021
-0.00021
-0.00027
-0.00027
-0.00027
-0.00024
-0.00021
-0.00021
-0.00024
-0.00031
-0.00031
-0.00031
-0.00037
-0.00034
-0.00034
-0.00034
-0.00040
-0.00043
-0.00037
-0.00037
-0.00031
-0.00027
-0.00027
-0.00024
-0.00027
-0.00034
-0.00037
-0.00037
-0.00037
-0.00034
-0.00031
-0.00027
-0.00027
-0.00027
-0.00031
-0.00034
-0.00031
-0.00031
-0.00031
-0.00031
-0.00037
-0.00037
-0.00037
-0.00037
-0.00037
-0.00037
-0.00031
-0.00024
-0.00027
-0.00031
-0.00031
-0.00040
-0.00043
-0.00037
-0.00034
-0.00043
-0.00027
-0.00073
0.00003
-0.00095
0.00082
-0.00137
-0.00092
-0.04257
-0.06516
-0.02362
-0.00323
0.01852
0.03220
0.02988
0.02829
0.02921
0.00937
-0.00845
-0.01276
-0.01443
-0.01086
0.00391
0.00540
-0.00134
0.00314
0.00061
-0.00110
0.00760
0.00470
-0.00201
0.00043
0.00232
-0.00214
0.00058
0.00299
0.00015
0.00027
0.00070
-0.00204
-0.00180
0.00037
0.00101
0.00092
0.00113
0.00107
0.00018
0.00009
0.00110
0.00073
0.00095
0.00159
0.00171
0.00107
0.00150
0.00034
-0.00131
-0.00140
0.00000
0.00024
0.00073
0.00198
0.00162
0.00092
0.00116
0.00079
0.00031
-0.00009
-0.00055
-0.00079
-0.00049
-0.00021
-0.00076
-0.00073
-0.00043
-0.00070
-0.00031
-0.00009
-0.00003
-0.00027
-0.00006
0.00034
0.00034
0.00006
-0.00049
-0.00061
-0.00009
-0.00018
-0.00015
-0.00061
-0.00122
-0.00146
-0.00128
-0.00055
-0.00021
-0.00015
-0.00021
-0.00064
-0.00131
-0.00159
-0.00073
-0.00101
-0.00018
0.00012
-0.00070
-0.00150
-0.00223
-0.00284
-0.00369
-0.00330
-0.00272
-0.00131
-0.00009
0.00021
0.00089
0.00128
0.00134
0.00104
0.00082
0.00070
0.00064
0.00076
0.00107
0.00037
-0.00034
-0.00125
-0.00253
-0.00241
-0.00269
-0.00281
-0.00186
-0.00104
-0.00024
0.00021
0.00058
0.00052
-0.00021
-0.00052
-0.00064
-0.00098
-0.00092
-0.00092
-0.00125
-0.00159
-0.00168
-0.00165
-0.00119
-0.00055
-0.00027
-0.00006
0.00034
0.00037
0.00009
0.00000
-0.00012
-0.00027
-0.00046
-0.00070
-0.00092
-0.00110
-0.00116
-0.00104
-0.00082
-0.00058
-0.00027
-0.00009
0.00009
0.00021
0.00031
0.00037
0.00034
0.00018
0.00003
0.00000
0.00000
0.00000
0.00000
0.00000
0.00000
0.00000
0.00000
0.00000
0.00000
0.00000
0.00000
0.00000
0.00000
0.00000
0.00000
0.00000
0.00000
0.00000
0.00000
0.00000
0.00000
0.00000
0.00000
0.00000
0.00000
0.00000
0.00000
0.00000
0.00000
0.00000
0.00000
0.00000
0.00000
0.00000
0.00000
0.00000
0.00000
0.00000
0.00000
0.00000
0.00000
0.00000
0.00000
0.00000
0.00000
0.00000
0.00000
0.00000
0.00000
0.00000
0.00000
0.00000
0.00000
0.00000
0.00000
0.00000
0.00000
0.00000
0.00000
0.00000
0.00000
0.00000
0.00000
0.00000
0.00000
0.00000
0.00000
0.00000
0.00000
0.00000
0.00000
0.00000
0.00000
0.00000
0.00000
0.00000
0.00000
0.00000
0.00000
0.00000
0.00000
0.00000
0.00000
0.00000
0.00000
0.00000
0.00000
0.00000
0.00000
0.00000
0.00000
0.00000
0.00000
0.00000
0.00000
0.00000
0.00000
0.00000
0.00000
0.00000
0.00000
0.00000
0.00000
0.00000
0.00000
0.00000
0.00000
0.00000
0.00000
0.00000
0.00000
0.00000
0.00000
0.00000
0.00000
0.00000
0.00000
0.00000
0.00000
0.00000
0.00000
0.00000
0.00000
0.00000
0.00000
0.00000
0.00000
0.00000
0.00000
0.00000
0.00000
0.00000
0.00000
0.00000
0.00000
0.00000
0.00000
0.00000
0.00000
0.00000
0.00000
0.00000
0.00000
0.00000
0.00000
0.00000
0.00000
0.00000
0.00000
0.00000
0.00000
0.00000
0.00000
