-0.00006
-0.00012
-0.00012
-0.00012
-0.00015
-0.00015
-0.00012
-0.00012
-0.00012
-0.00009
-0.00009
-0.00009
-0.00012
-0.00015
-0.00015
-0.00012
-0.00012
-0.00015
-0.00012
-0.00012
-0.00015
-0.00012
-0.00012
-0.00012
-0.00015
-0.00012
-0.00012
-0.00012
-0.00012
-0.00012
-0.00012
-0.00015
-0.00015
-0.00015
-0.00024
-0.00003
-0.00012
-0.00015
-0.00012
-0.00018
-0.00015
-0.00018
-0.00012
-0.00015
-0.00015
-0.00012
-0.00012
-0.00018
-0.00015
-0.00015
-0.00018
-0.00018
-0.00015
-0.00015
-0.00012
-0.00015
-0.00012
-0.00012
-0.00009
-0.00012
-0.00024
-0.00015
-0.00015
-0.00021
-0.00018
-0.00018
-0.00021
-0.00015
-0.00009
-0.00012
-0.00015
-0.00015
-0.00015
-0.00018
-0.00018
-0.00018
-0.00018
-0.00018
-0.00018
-0.00018
-0.00018
-0.00018
-0.00018
-0.00021
-0.00018
-0.00018
-0.00018
-0.00015
-0.00012
-0.00018
-0.00021
-0.00018
-0.00021
-0.00024
-0.00021
-0.00021
-0.00018
-0.00015
-0.00012
-0.00018
-0.00024
-0.00024
-0.00021
-0.00021
-0.00021
-0.00015
-0.00018
-0.00021
-0.00021
-0.00021
-0.00024
-0.00027
-0.00024
-0.00021
-0.00018
-0.00021
-0.00018
-0.00018
-0.00021
-0.00027
-0.00024
-0.00021
-0.00024
-0.00024
-0.00021
-0.00021
-0.00024
-0.00024
-0.00024
-0.00024
-0.00024
-0.00024
-0.00021
-0.00021
-0.00021
-0.00024
-0.00021
-0.00021
-0.00021
-0.00021
-0.00021
-0.00024
-0.00027
-0.00024
-0.00021
-0.00024
-0.00024
-0.00024
-0.00024
-0.00024
-0.00024
-0.00024
-0.00021
-0.00021
-0.00021
-0.00021
-0.00021
-0.00021
-0.00024
-0.00021
-0.00024
-0.00027
-0.00027
-0.00024
-0.00024
-0.00024
-0.00024
-0.00027
-0.00024
-0.00024
-0.00021
-0.00018
-0.00024
-0.00027
-0.00024
-0.00021
-0.00031
-0.00015
-0.00037
-0.00015
-0.00034
-0.00018
-0.00031
-0.00052
0.00027
-0.00104
-0.01221
-0.09439
-0.08798
-0.01410
0.02524
0.05112
0.05377
0.04147
0.04437
0.03781
-0.00677
-0.02704
-0.02643
-0.01956
-0.00571
0.01755
0.00421
-0.00537
0.00308
-0.00024
0.00211
0.01160
0.00165
-0.00330
0.00354
0.00488
-0.00055
0.00366
0.00250
-0.00378
-0.00079
-0.00244
-0.00592
-0.00266
0.00281
0.00287
0.00302
0.00400
0.00308
0.00253
0.00406
0.00305
0.00003
-0.00180
-0.00244
-0.00311
-0.00134
0.00110
-0.00031
-0.00159
-0.00061
0.00131
0.00174
0.00266
0.00299
0.00171
0.00043
0.00067
0.00031
-0.00031
-0.00104
-0.00128
-0.00168
-0.00113
-0.00119
-0.00128
-0.00067
0.00006
-0.00049
-0.00037
0.00046
0.00095
0.00070
0.00085
0.00208
0.00143
0.00009
-0.00067
-0.00153
-0.00208
-0.00211
-0.00171
-0.00140
-0.00101
-0.00101
-0.00076
-0.00021
-0.00015
-0.00061
-0.00089
-0.00104
-0.00095
-0.00098
-0.00067
-0.00101
-0.00131
-0.00180
-0.00241
-0.00211
-0.00146
-0.00134
-0.00101
-0.00064
-0.00024
-0.00113
-0.00131
-0.00156
-0.00220
-0.00174
-0.00067
-0.00031
-0.00003
0.00128
0.00101
0.00064
0.00119
0.00113
0.00122
0.00162
0.00061
-0.00024
-0.00140
-0.00302
-0.00296
-0.00269
-0.00281
-0.00180
-0.00076
0.00015
0.00043
0.00043
0.00000
-0.00067
-0.00061
-0.00098
-0.00146
-0.00125
-0.00134
-0.00125
-0.00052
-0.00037
-0.00092
-0.00101
-0.00052
-0.00024
0.00009
0.00067
0.00064
0.00012
-0.00018
-0.00089
-0.00159
-0.00174
-0.00174
-0.00150
-0.00098
-0.00046
-0.00009
0.00006
0.00018
0.00027
0.00027
0.00037
0.00046
0.00037
0.00024
0.00006
0.00000
0.00000
0.00000
0.00000
0.00000
0.00000
0.00000
0.00000
0.00000
0.00000
0.00000
0.00000
0.00000
0.00000
0.00000
0.00000
0.00000
0.00000
0.00000
0.00000
0.00000
0.00000
0.00000
0.00000
0.00000
0.00000
0.00000
0.00000
0.00000
0.00000
0.00000
0.00000
0.00000
0.00000
0.00000
0.00000
0.00000
0.00000
0.00000
0.00000
0.00000
0.00000
0.00000
0.00000
0.00000
0.00000
0.00000
0.00000
0.00000
0.00000
0.00000
0.00000
0.00000
0.00000
0.00000
0.00000
0.00000
0.00000
0.00000
0.00000
0.00000
0.00000
0.00000
0.00000
0.00000
0.00000
0.00000
0.00000
0.00000
0.00000
0.00000
0.00000
0.00000
0.00000
0.00000
0.00000
0.00000
0.00000
0.00000
0.00000
0.00000
0.00000
0.00000
0.00000
0.00000
0.00000
0.00000
0.00000
0.00000
0.00000
0.00000
0.00000
0.00000
0.00000
0.00000
0.00000
0.00000
0.00000
0.00000
0.00000
0.00000
0.00000
0.00000
0.00000
0.00000
0.00000
0.00000
0.00000
0.00000
0.00000
0.00000
0.00000
0.00000
0.00000
0.00000
0.00000
0.00000
0.00000
0.00000
0.00000
0.00000
0.00000
0.00000
0.00000
0.00000
0.00000
0.00000
0.00000
0.00000
0.00000
0.00000
0.00000
0.00000
0.00000
0.00000
0.00000
0.00000
0.00000
0.00000
0.00000
0.00000
0.00000
0.00000
0.00000
0.00000
0.00000
0.00000
0.00000
0.00000
0.00000
0.00000
0.00000
0.00000
0.00000
0.00000
0.00000
0.00000
0.00000
0.00000
