-0.00009
-0.00009
-0.00015
-0.00018
-0.00021
-0.00027
-0.00024
-0.00024
-0.00024
-0.00021
-0.00018
-0.00021
-0.00024
-0.00021
-0.00021
-0.00021
-0.00018
-0.00021
-0.00021
-0.00021
-0.00021
-0.00024
-0.00021
-0.00021
-0.00021
-0.00018
-0.00018
-0.00021
-0.00018
-0.00015
-0.00018
-0.00021
-0.00024
-0.00024
-0.00037
-0.00018
-0.00024
-0.00021
-0.00021
-0.00024
-0.00018
-0.00024
-0.00024
-0.00024
-0.00021
-0.00018
-0.00018
-0.00018
-0.00018
-0.00021
-0.00027
-0.00027
-0.00024
-0.00027
-0.00027
-0.00024
-0.00024
-0.00021
-0.00024
-0.00021
-0.00031
-0.00027
-0.00021
-0.00024
-0.00021
-0.00024
-0.00027
-0.00027
-0.00024
-0.00027
-0.00031
-0.00031
-0.00027
-0.00027
-0.00024
-0.00018
-0.00018
-0.00024
-0.00021
-0.00018
-0.00027
-0.00031
-0.00027
-0.00031
-0.00034
-0.00031
-0.00027
-0.00027
-0.00024
-0.00024
-0.00027
-0.00027
-0.00024
-0.00027
-0.00027
-0.00031
-0.00031
-0.00024
-0.00018
-0.00021
-0.00027
-0.00024
-0.00021
-0.00024
-0.00024
-0.00021
-0.00027
-0.00034
-0.00031
-0.00027
-0.00034
-0.00031
-0.00024
-0.00024
-0.00024
-0.00021
-0.00024
-0.00024
-0.00024
-0.00027
-0.00031
-0.00031
-0.00031
-0.00034
-0.00027
-0.00024
-0.00027
-0.00027
-0.00021
-0.00021
-0.00024
-0.00024
-0.00021
-0.00021
-0.00027
-0.00027
-0.00027
-0.00027
-0.00027
-0.00031
-0.00027
-0.00027
-0.00027
-0.00027
-0.00021
-0.00021
-0.00024
-0.00021
-0.00021
-0.00027
-0.00027
-0.00024
-0.00027
-0.00031
-0.00027
-0.00024
-0.00024
-0.00024
-0.00024
-0.00021
-0.00021
-0.00024
-0.00024
-0.00024
-0.00024
-0.00024
-0.00021
-0.00024
-0.00027
-0.00024
-0.00021
-0.00018
-0.00024
-0.00024
-0.00024
-0.00027
-0.00021
-0.00024
-0.00018
-0.00043
0.00003
-0.00073
0.00037
-0.00140
0.00143
-0.00250
0.00006
-0.05997
-0.10565
-0.03824
0.01089
0.04221
0.05334
0.04507
0.03934
0.04700
0.00983
-0.02191
-0.02747
-0.02057
-0.01355
0.00998
0.01199
-0.00528
0.00104
0.00183
-0.00098
0.00946
0.00714
-0.00314
0.00110
0.00620
0.00064
0.00082
0.00330
-0.00357
-0.00232
-0.00070
-0.00436
-0.00336
0.00156
0.00311
0.00250
0.00366
0.00302
0.00296
0.00323
0.00378
0.00076
-0.00143
-0.00256
-0.00305
-0.00247
0.00070
0.00061
-0.00085
-0.00128
0.00095
0.00177
0.00223
0.00281
0.00223
0.00070
0.00089
0.00073
0.00006
-0.00082
-0.00134
-0.00165
-0.00131
-0.00085
-0.00101
-0.00104
0.00009
0.00012
-0.00040
0.00006
0.00037
0.00046
0.00040
0.00131
0.00174
0.00095
0.00000
-0.00082
-0.00153
-0.00208
-0.00162
-0.00150
-0.00104
-0.00089
-0.00082
-0.00040
-0.00003
-0.00034
-0.00070
-0.00107
-0.00092
-0.00085
-0.00064
-0.00058
-0.00107
-0.00159
-0.00217
-0.00198
-0.00153
-0.00128
-0.00116
-0.00073
-0.00018
-0.00082
-0.00116
-0.00140
-0.00204
-0.00162
-0.00064
-0.00018
0.00003
0.00137
0.00116
0.00085
0.00134
0.00119
0.00128
0.00168
0.00089
-0.00003
-0.00101
-0.00275
-0.00290
-0.00259
-0.00284
-0.00189
-0.00073
0.00018
0.00064
0.00076
0.00046
-0.00027
-0.00043
-0.00073
-0.00137
-0.00122
-0.00125
-0.00137
-0.00061
-0.00024
-0.00067
-0.00089
-0.00043
-0.00009
0.00015
0.00076
0.00089
0.00049
0.00009
-0.00052
-0.00131
-0.00153
-0.00162
-0.00153
-0.00104
-0.00040
0.00000
0.00006
0.00027
0.00049
0.00046
0.00052
0.00061
0.00052
0.00037
0.00024
0.00003
0.00000
0.00000
0.00000
0.00000
0.00000
0.00000
0.00000
0.00000
0.00000
0.00000
0.00000
0.00000
0.00000
0.00000
0.00000
0.00000
0.00000
0.00000
0.00000
0.00000
0.00000
0.00000
0.00000
0.00000
0.00000
0.00000
0.00000
0.00000
0.00000
0.00000
0.00000
0.00000
0.00000
0.00000
0.00000
0.00000
0.00000
0.00000
0.00000
0.00000
0.00000
0.00000
0.00000
0.00000
0.00000
0.00000
0.00000
0.00000
0.00000
0.00000
0.00000
0.00000
0.00000
0.00000
0.00000
0.00000
0.00000
0.00000
0.00000
0.00000
0.00000
0.00000
0.00000
0.00000
0.00000
0.00000
0.00000
0.00000
0.00000
0.00000
0.00000
0.00000
0.00000
0.00000
0.00000
0.00000
0.00000
0.00000
0.00000
0.00000
0.00000
0.00000
0.00000
0.00000
0.00000
0.00000
0.00000
0.00000
0.00000
0.00000
0.00000
0.00000
0.00000
0.00000
0.00000
0.00000
0.00000
0.00000
0.00000
0.00000
0.00000
0.00000
0.00000
0.00000
0.00000
0.00000
0.00000
0.00000
0.00000
0.00000
0.00000
0.00000
0.00000
0.00000
0.00000
0.00000
0.00000
0.00000
0.00000
0.00000
0.00000
0.00000
0.00000
0.00000
0.00000
0.00000
0.00000
0.00000
0.00000
0.00000
0.00000
0.00000
0.00000
0.00000
0.00000
0.00000
0.00000
0.00000
0.00000
0.00000
0.00000
0.00000
0.00000
0.00000
0.00000
0.00000
0.00000
0.00000
0.00000
0.00000
0.00000
0.00000
0.00000
0.00000
0.00000
0.00000
0.00000
0.00000
