-0.00021
-0.00012
-0.00015
-0.00018
-0.00015
-0.00015
-0.00024
-0.00021
-0.00015
-0.00018
-0.00021
-0.00015
-0.00015
-0.00015
-0.00015
-0.00021
-0.00021
-0.00018
-0.00018
-0.00018
-0.00018
-0.00012
-0.00015
-0.00018
-0.00021
-0.00021
-0.00024
-0.00018
-0.00015
-0.00018
-0.00018
-0.00015
-0.00015
-0.00018
-0.00031
-0.00015
-0.00018
-0.00015
-0.00018
-0.00021
-0.00012
-0.00015
-0.00018
-0.00015
-0.00015
-0.00021
-0.00021
-0.00018
-0.00018
-0.00021
-0.00018
-0.00018
-0.00021
-0.00018
-0.00018
-0.00018
-0.00021
-0.00015
-0.00015
-0.00012
-0.00015
-0.00012
-0.00021
-0.00021
-0.00015
-0.00024
-0.00018
-0.00024
-0.00021
-0.00021
-0.00015
-0.00012
-0.00018
-0.00018
-0.00012
-0.00015
-0.00018
-0.00018
-0.00015
-0.00018
-0.00021
-0.00018
-0.00021
-0.00021
-0.00018
-0.00018
-0.00015
-0.00018
-0.00015
-0.00015
-0.00012
-0.00012
-0.00018
-0.00015
-0.00018
-0.00018
-0.00018
-0.00018
-0.00021
-0.00018
-0.00012
-0.00009
-0.00015
-0.00015
-0.00018
-0.00015
-0.00018
-0.00015
-0.00012
-0.00018
-0.00018
-0.00018
-0.00018
-0.00018
-0.00015
-0.00018
-0.00015
-0.00009
-0.00015
-0.00018
-0.00015
-0.00021
-0.00021
-0.00015
-0.00012
-0.00012
-0.00009
-0.00012
-0.00012
-0.00015
-0.00015
-0.00015
-0.00015
-0.00015
-0.00015
-0.00015
-0.00015
-0.00015
-0.00015
-0.00012
-0.00015
-0.00012
-0.00009
-0.00012
-0.00015
-0.00015
-0.00012
-0.00018
-0.00012
-0.00009
-0.00012
-0.00015
-0.00012
-0.00012
-0.00015
-0.00015
-0.00009
-0.00012
-0.00012
-0.00009
-0.00012
-0.00012
-0.00012
-0.00012
-0.00015
-0.00009
-0.00009
-0.00009
-0.00006
-0.00009
-0.00012
-0.00015
-0.00009
-0.00009
-0.00009
-0.00009
-0.00006
-0.00012
0.00000
-0.00018
0.00006
-0.00043
0.00034
-0.00076
0.00070
-0.00150
0.00150
-0.00214
0.00262
-0.03143
-0.10117
-0.06549
-0.02380
0.06491
0.07776
0.05487
0.03549
0.02713
0.02319
-0.03360
-0.04181
-0.03009
-0.00986
0.01385
0.01498
0.00223
0.00592
-0.00394
-0.00229
0.00882
0.01154
-0.00366
-0.00528
0.00369
0.00314
0.00354
0.00449
0.00067
0.00165
-0.00049
-0.00668
-0.00400
-0.00095
-0.00046
-0.00003
0.00418
0.00400
0.00403
0.00409
0.00375
0.00116
-0.00082
-0.00262
-0.00101
-0.00049
0.00064
0.00122
0.00043
-0.00037
0.00040
0.00204
0.00241
0.00296
0.00168
0.00119
0.00131
0.00027
-0.00043
-0.00049
-0.00040
-0.00052
-0.00076
0.00021
-0.00089
-0.00113
-0.00052
0.00000
0.00156
0.00009
-0.00043
-0.00092
-0.00070
0.00159
0.00211
0.00302
0.00192
-0.00040
-0.00076
-0.00171
-0.00217
-0.00278
-0.00217
-0.00034
-0.00034
0.00064
0.00046
-0.00009
-0.00046
-0.00101
-0.00055
-0.00027
-0.00055
-0.00046
-0.00082
-0.00052
-0.00162
-0.00153
-0.00235
-0.00250
-0.00140
-0.00131
-0.00082
-0.00052
-0.00052
-0.00043
0.00043
0.00064
0.00021
-0.00052
-0.00064
0.00006
0.00095
0.00012
-0.00055
0.00052
0.00107
0.00101
0.00073
0.00012
-0.00034
-0.00095
-0.00134
-0.00214
-0.00208
-0.00137
-0.00116
-0.00058
0.00009
0.00046
0.00040
0.00021
0.00000
-0.00064
-0.00128
-0.00140
-0.00143
-0.00095
-0.00046
-0.00043
-0.00043
-0.00058
-0.00040
-0.00015
0.00043
0.00089
0.00076
0.00040
0.00006
-0.00043
-0.00095
-0.00122
-0.00122
-0.00119
-0.00095
-0.00043
-0.00009
0.00009
0.00027
0.00061
0.00070
0.00061
0.00040
0.00027
0.00018
0.00009
-0.00003
-0.00009
-0.00021
-0.00037
-0.00024
0.00000
0.00006
0.00012
0.00027
0.00043
0.00037
0.00024
0.00000
0.00000
0.00000
0.00000
0.00000
0.00000
0.00000
0.00000
0.00000
0.00000
0.00000
0.00000
0.00000
0.00000
0.00000
0.00000
0.00000
0.00000
0.00000
0.00000
0.00000
0.00000
0.00000
0.00000
0.00000
0.00000
0.00000
0.00000
0.00000
0.00000
0.00000
0.00000
0.00000
0.00000
0.00000
0.00000
0.00000
0.00000
0.00000
0.00000
0.00000
0.00000
0.00000
0.00000
0.00000
0.00000
0.00000
0.00000
0.00000
0.00000
0.00000
0.00000
0.00000
0.00000
0.00000
0.00000
0.00000
0.00000
0.00000
0.00000
0.00000
0.00000
0.00000
0.00000
0.00000
0.00000
0.00000
0.00000
0.00000
0.00000
0.00000
0.00000
0.00000
0.00000
0.00000
0.00000
0.00000
0.00000
0.00000
0.00000
0.00000
0.00000
0.00000
0.00000
0.00000
0.00000
0.00000
0.00000
0.00000
0.00000
0.00000
0.00000
0.00000
0.00000
0.00000
0.00000
0.00000
0.00000
0.00000
0.00000
0.00000
0.00000
0.00000
0.00000
0.00000
0.00000
0.00000
0.00000
0.00000
0.00000
0.00000
0.00000
0.00000
0.00000
0.00000
0.00000
0.00000
0.00000
0.00000
0.00000
0.00000
0.00000
0.00000
0.00000
0.00000
0.00000
0.00000
0.00000
0.00000
0.00000
0.00000
0.00000
0.00000
0.00000
0.00000
0.00000
0.00000
0.00000
0.00000
0.00000
0.00000
0.00000
0.00000
0.00000
0.00000
