-0.00006
-0.00009
-0.00012
-0.00012
-0.00012
-0.00009
-0.00006
-0.00003
-0.00003
-0.00006
-0.00006
-0.00006
-0.00012
-0.00015
-0.00009
-0.00006
-0.00003
-0.00006
-0.00003
-0.00003
-0.00006
-0.00015
-0.00015
-0.00012
-0.00012
-0.00012
-0.00012
-0.00006
-0.00006
-0.00006
-0.00003
-0.00012
-0.00015
-0.00015
-0.00024
-0.00009
-0.00015
-0.00009
-0.00006
-0.00009
-0.00006
-0.00012
-0.00012
-0.00009
-0.00012
-0.00018
-0.00012
-0.00015
-0.00021
-0.00015
-0.00012
-0.00015
-0.00012
-0.00009
-0.00012
-0.00012
-0.00012
-0.00015
-0.00015
-0.00015
-0.00031
-0.00018
-0.00018
-0.00018
-0.00018
-0.00015
-0.00009
-0.00012
-0.00006
-0.00009
-0.00015
-0.00018
-0.00018
-0.00021
-0.00021
-0.00018
-0.00018
-0.00024
-0.00015
-0.00015
-0.00021
-0.00015
-0.00009
-0.00012
-0.00012
-0.00012
-0.00015
-0.00018
-0.00015
-0.00021
-0.00024
-0.00021
-0.00024
-0.00021
-0.00021
-0.00027
-0.00027
-0.00018
-0.00009
-0.00012
-0.00015
-0.00012
-0.00015
-0.00021
-0.00021
-0.00015
-0.00024
-0.00024
-0.00021
-0.00027
-0.00027
-0.00027
-0.00021
-0.00015
-0.00012
-0.00012
-0.00015
-0.00015
-0.00021
-0.00024
-0.00027
-0.00027
-0.00027
-0.00024
-0.00021
-0.00018
-0.00015
-0.00018
-0.00015
-0.00018
-0.00018
-0.00024
-0.00021
-0.00018
-0.00021
-0.00021
-0.00024
-0.00018
-0.00021
-0.00027
-0.00027
-0.00027
-0.00027
-0.00024
-0.00018
-0.00018
-0.00015
-0.00018
-0.00021
-0.00021
-0.00021
-0.00021
-0.00027
-0.00024
-0.00027
-0.00027
-0.00027
-0.00024
-0.00021
-0.00021
-0.00021
-0.00024
-0.00027
-0.00027
-0.00027
-0.00021
-0.00021
-0.00027
-0.00031
-0.00031
-0.00027
-0.00024
-0.00024
-0.00024
-0.00027
-0.00018
-0.00034
-0.00018
-0.00046
-0.00012
-0.00034
-0.00024
0.00000
-0.00098
0.00082
-0.00211
-0.01501
-0.13007
-0.10770
-0.00497
0.06006
0.10190
0.06479
0.05307
0.02951
0.02948
-0.03058
-0.05444
-0.03369
-0.01541
0.00861
0.02390
0.00165
-0.01047
-0.00089
0.00009
0.00891
0.02216
0.00330
-0.01169
0.00122
0.00290
0.00031
0.00571
0.00449
-0.00134
0.00165
-0.00409
-0.00787
-0.00412
0.00119
-0.00082
0.00137
0.00507
0.00421
0.00427
0.00381
0.00284
-0.00015
-0.00299
-0.00323
-0.00211
-0.00055
0.00186
-0.00034
-0.00183
-0.00064
0.00302
0.00232
0.00287
0.00323
0.00101
-0.00021
0.00040
0.00012
-0.00061
-0.00153
-0.00107
-0.00186
-0.00095
-0.00104
-0.00223
-0.00098
0.00046
0.00006
-0.00104
-0.00064
0.00067
0.00165
0.00314
0.00406
0.00314
0.00034
-0.00241
-0.00378
-0.00421
-0.00330
-0.00186
-0.00119
0.00006
-0.00021
-0.00027
-0.00006
-0.00021
-0.00058
-0.00092
-0.00113
-0.00101
-0.00104
-0.00040
-0.00101
-0.00128
-0.00128
-0.00211
-0.00192
-0.00189
-0.00214
-0.00201
-0.00128
-0.00037
-0.00073
-0.00012
-0.00073
-0.00143
0.00021
0.00018
-0.00131
-0.00226
-0.00034
0.00070
0.00049
-0.00003
0.00018
0.00165
0.00220
0.00107
0.00003
-0.00058
-0.00156
-0.00220
-0.00235
-0.00253
-0.00204
-0.00128
-0.00085
-0.00015
0.00055
-0.00006
-0.00070
-0.00049
-0.00089
-0.00137
-0.00128
-0.00101
-0.00073
-0.00034
-0.00037
-0.00089
-0.00113
-0.00052
-0.00003
0.00043
0.00070
0.00043
-0.00021
-0.00070
-0.00092
-0.00137
-0.00153
-0.00146
-0.00131
-0.00089
-0.00018
0.00003
0.00000
0.00012
0.00049
0.00055
0.00034
0.00037
0.00034
0.00006
-0.00006
-0.00031
-0.00046
-0.00061
-0.00070
-0.00049
-0.00021
0.00000
0.00009
0.00031
0.00037
0.00037
0.00027
0.00000
-0.00018
-0.00015
0.00000
0.00000
0.00000
0.00000
0.00000
0.00000
0.00000
0.00000
0.00000
0.00000
0.00000
0.00000
0.00000
0.00000
0.00000
0.00000
0.00000
0.00000
0.00000
0.00000
0.00000
0.00000
0.00000
0.00000
0.00000
0.00000
0.00000
0.00000
0.00000
0.00000
0.00000
0.00000
0.00000
0.00000
0.00000
0.00000
0.00000
0.00000
0.00000
0.00000
0.00000
0.00000
0.00000
0.00000
0.00000
0.00000
0.00000
0.00000
0.00000
0.00000
0.00000
0.00000
0.00000
0.00000
0.00000
0.00000
0.00000
0.00000
0.00000
0.00000
0.00000
0.00000
0.00000
0.00000
0.00000
0.00000
0.00000
0.00000
0.00000
0.00000
0.00000
0.00000
0.00000
0.00000
0.00000
0.00000
0.00000
0.00000
0.00000
0.00000
0.00000
0.00000
0.00000
0.00000
0.00000
0.00000
0.00000
0.00000
0.00000
0.00000
0.00000
0.00000
0.00000
0.00000
0.00000
0.00000
0.00000
0.00000
0.00000
0.00000
0.00000
0.00000
0.00000
0.00000
0.00000
0.00000
0.00000
0.00000
0.00000
0.00000
0.00000
0.00000
0.00000
0.00000
0.00000
0.00000
0.00000
0.00000
0.00000
0.00000
0.00000
0.00000
0.00000
0.00000
0.00000
0.00000
0.00000
0.00000
0.00000
0.00000
0.00000
0.00000
0.00000
0.00000
0.00000
0.00000
0.00000
0.00000
0.00000
0.00000
0.00000
0.00000
0.00000
0.00000
