-0.00021
-0.00021
-0.00018
-0.00018
-0.00021
-0.00018
-0.00021
-0.00024
-0.00021
-0.00021
-0.00027
-0.00027
-0.00027
-0.00031
-0.00031
-0.00027
-0.00027
-0.00024
-0.00018
-0.00018
-0.00024
-0.00024
-0.00021
-0.00021
-0.00027
-0.00024
-0.00024
-0.00027
-0.00027
-0.00027
-0.00024
-0.00024
-0.00018
-0.00018
-0.00034
-0.00006
-0.00021
-0.00021
-0.00018
-0.00027
-0.00031
-0.00027
-0.00027
-0.00031
-0.00027
-0.00021
-0.00021
-0.00021
-0.00021
-0.00024
-0.00031
-0.00027
-0.00024
-0.00027
-0.00031
-0.00031
-0.00027
-0.00024
-0.00024
-0.00027
-0.00031
-0.00034
-0.00031
-0.00027
-0.00031
-0.00024
-0.00027
-0.00027
-0.00021
-0.00024
-0.00027
-0.00027
-0.00027
-0.00027
-0.00024
-0.00027
-0.00034
-0.00034
-0.00027
-0.00027
-0.00027
-0.00027
-0.00027
-0.00031
-0.00031
-0.00031
-0.00031
-0.00034
-0.00034
-0.00037
-0.00034
-0.00034
-0.00034
-0.00031
-0.00027
-0.00031
-0.00034
-0.00034
-0.00031
-0.00034
-0.00031
-0.00024
-0.00024
-0.00031
-0.00034
-0.00034
-0.00037
-0.00034
-0.00031
-0.00027
-0.00027
-0.00027
-0.00031
-0.00031
-0.00031
-0.00037
-0.00034
-0.00027
-0.00031
-0.00031
-0.00027
-0.00024
-0.00027
-0.00031
-0.00027
-0.00031
-0.00034
-0.00034
-0.00031
-0.00034
-0.00037
-0.00031
-0.00031
-0.00031
-0.00031
-0.00031
-0.00034
-0.00034
-0.00037
-0.00037
-0.00037
-0.00037
-0.00031
-0.00027
-0.00024
-0.00027
-0.00027
-0.00031
-0.00031
-0.00037
-0.00040
-0.00040
-0.00040
-0.00034
-0.00034
-0.00031
-0.00024
-0.00021
-0.00024
-0.00024
-0.00027
-0.00034
-0.00034
-0.00034
-0.00037
-0.00034
-0.00031
-0.00034
-0.00034
-0.00037
-0.00037
-0.00031
-0.00024
-0.00024
-0.00024
-0.00024
-0.00027
-0.00027
-0.00034
-0.00040
-0.00037
-0.00037
-0.00031
-0.00031
-0.00024
-0.00043
-0.00012
-0.00067
0.00012
-0.00079
0.00073
-0.00110
0.00061
-0.02734
-0.06598
-0.03448
-0.00763
0.01242
0.02972
0.03073
0.02753
0.02975
0.01553
-0.00537
-0.01205
-0.01358
-0.01242
0.00006
0.00690
-0.00024
0.00153
0.00211
-0.00183
0.00534
0.00623
-0.00104
-0.00055
0.00299
-0.00104
-0.00040
0.00314
0.00089
-0.00031
0.00089
-0.00122
-0.00223
-0.00037
0.00070
0.00052
0.00095
0.00113
0.00070
0.00043
0.00159
0.00159
0.00156
0.00174
0.00168
0.00043
0.00070
0.00043
-0.00089
-0.00128
-0.00003
0.00040
0.00055
0.00180
0.00192
0.00101
0.00110
0.00079
0.00031
0.00000
-0.00031
-0.00055
-0.00037
-0.00006
-0.00058
-0.00085
-0.00043
-0.00055
-0.00024
0.00000
0.00015
0.00000
-0.00018
0.00009
0.00012
0.00000
-0.00040
-0.00058
0.00000
0.00000
-0.00003
-0.00037
-0.00107
-0.00143
-0.00153
-0.00089
-0.00027
-0.00012
-0.00006
-0.00034
-0.00104
-0.00143
-0.00070
-0.00092
-0.00031
0.00015
-0.00061
-0.00137
-0.00220
-0.00278
-0.00369
-0.00336
-0.00275
-0.00150
-0.00009
0.00031
0.00098
0.00137
0.00140
0.00113
0.00085
0.00064
0.00049
0.00061
0.00101
0.00043
-0.00024
-0.00104
-0.00238
-0.00244
-0.00262
-0.00287
-0.00201
-0.00110
-0.00027
0.00034
0.00067
0.00055
-0.00021
-0.00049
-0.00052
-0.00082
-0.00076
-0.00079
-0.00116
-0.00150
-0.00159
-0.00162
-0.00128
-0.00067
-0.00031
-0.00009
0.00031
0.00040
0.00009
0.00003
-0.00006
-0.00027
-0.00046
-0.00070
-0.00098
-0.00107
-0.00110
-0.00098
-0.00079
-0.00061
-0.00027
-0.00009
0.00006
0.00018
0.00024
0.00031
0.00024
0.00018
0.00006
0.00000
0.00000
0.00000
0.00000
0.00000
0.00000
0.00000
0.00000
0.00000
0.00000
0.00000
0.00000
0.00000
0.00000
0.00000
0.00000
0.00000
0.00000
0.00000
0.00000
0.00000
0.00000
0.00000
0.00000
0.00000
0.00000
0.00000
0.00000
0.00000
0.00000
0.00000
0.00000
0.00000
0.00000
0.00000
0.00000
0.00000
0.00000
0.00000
0.00000
0.00000
0.00000
0.00000
0.00000
0.00000
0.00000
0.00000
0.00000
0.00000
0.00000
0.00000
0.00000
0.00000
0.00000
0.00000
0.00000
0.00000
0.00000
0.00000
0.00000
0.00000
0.00000
0.00000
0.00000
0.00000
0.00000
0.00000
0.00000
0.00000
0.00000
0.00000
0.00000
0.00000
0.00000
0.00000
0.00000
0.00000
0.00000
0.00000
0.00000
0.00000
0.00000
0.00000
0.00000
0.00000
0.00000
0.00000
0.00000
0.00000
0.00000
0.00000
0.00000
0.00000
0.00000
0.00000
0.00000
0.00000
0.00000
0.00000
0.00000
0.00000
0.00000
0.00000
0.00000
0.00000
0.00000
0.00000
0.00000
0.00000
0.00000
0.00000
0.00000
0.00000
0.00000
0.00000
0.00000
0.00000
0.00000
0.00000
0.00000
0.00000
0.00000
0.00000
0.00000
0.00000
0.00000
0.00000
0.00000
0.00000
0.00000
0.00000
0.00000
0.00000
0.00000
0.00000
0.00000
0.00000
0.00000
0.00000
0.00000
0.00000
0.00000
0.00000
0.00000
0.00000
0.00000
0.00000
0.00000
0.00000
0.00000
0.00000
0.00000
0.00000
0.00000
