-0.00018
-0.00018
-0.00018
-0.00018
-0.00021
-0.00027
-0.00024
-0.00021
-0.00024
-0.00021
-0.00018
-0.00018
-0.00021
-0.00021
-0.00027
-0.00024
-0.00021
-0.00021
-0.00021
-0.00018
-0.00018
-0.00021
-0.00024
-0.00031
-0.00027
-0.00027
-0.00024
-0.00024
-0.00021
-0.00018
-0.00015
-0.00021
-0.00027
-0.00027
-0.00037
-0.00018
-0.00027
-0.00027
-0.00024
-0.00027
-0.00024
-0.00027
-0.00024
-0.00024
-0.00024
-0.00021
-0.00021
-0.00024
-0.00027
-0.00024
-0.00027
-0.00027
-0.00027
-0.00027
-0.00027
-0.00027
-0.00034
-0.00031
-0.00031
-0.00024
-0.00024
-0.00034
-0.00024
-0.00024
-0.00027
-0.00024
-0.00027
-0.00031
-0.00027
-0.00027
-0.00027
-0.00027
-0.00031
-0.00027
-0.00027
-0.00027
-0.00031
-0.00031
-0.00034
-0.00031
-0.00027
-0.00027
-0.00024
-0.00024
-0.00027
-0.00031
-0.00031
-0.00034
-0.00031
-0.00027
-0.00034
-0.00034
-0.00027
-0.00027
-0.00027
-0.00024
-0.00027
-0.00031
-0.00027
-0.00027
-0.00031
-0.00034
-0.00031
-0.00034
-0.00034
-0.00031
-0.00031
-0.00031
-0.00031
-0.00031
-0.00034
-0.00034
-0.00034
-0.00034
-0.00037
-0.00034
-0.00034
-0.00037
-0.00034
-0.00034
-0.00040
-0.00040
-0.00040
-0.00037
-0.00037
-0.00037
-0.00037
-0.00034
-0.00034
-0.00034
-0.00034
-0.00031
-0.00034
-0.00037
-0.00037
-0.00034
-0.00037
-0.00040
-0.00040
-0.00037
-0.00037
-0.00037
-0.00037
-0.00037
-0.00040
-0.00037
-0.00037
-0.00037
-0.00037
-0.00040
-0.00040
-0.00040
-0.00040
-0.00040
-0.00040
-0.00040
-0.00040
-0.00037
-0.00037
-0.00034
-0.00031
-0.00034
-0.00034
-0.00034
-0.00040
-0.00043
-0.00037
-0.00040
-0.00046
-0.00040
-0.00037
-0.00037
-0.00031
-0.00037
-0.00040
-0.00040
-0.00031
-0.00040
-0.00027
-0.00052
-0.00021
-0.00049
-0.00027
-0.00058
-0.00040
-0.00018
-0.00073
-0.01498
-0.09253
-0.08057
-0.01117
0.02432
0.04779
0.04932
0.03766
0.04459
0.03464
-0.00809
-0.02527
-0.02362
-0.01688
-0.00583
0.01544
0.00204
-0.00424
0.00366
-0.00137
0.00275
0.01105
0.00192
-0.00278
0.00491
0.00433
-0.00131
0.00192
-0.00104
-0.00443
-0.00076
-0.00174
-0.00375
-0.00061
0.00299
0.00217
0.00275
0.00275
0.00320
0.00275
0.00339
0.00232
-0.00076
-0.00229
-0.00308
-0.00293
-0.00095
0.00104
0.00009
-0.00156
-0.00052
0.00162
0.00177
0.00217
0.00253
0.00143
0.00067
0.00104
0.00031
-0.00061
-0.00146
-0.00159
-0.00174
-0.00092
-0.00073
-0.00128
-0.00052
0.00052
0.00018
-0.00027
-0.00012
-0.00021
-0.00018
0.00024
0.00104
0.00150
0.00079
-0.00024
-0.00085
-0.00159
-0.00180
-0.00156
-0.00159
-0.00119
-0.00116
-0.00095
-0.00040
-0.00027
-0.00058
-0.00095
-0.00113
-0.00076
-0.00079
-0.00064
-0.00089
-0.00156
-0.00211
-0.00201
-0.00192
-0.00137
-0.00134
-0.00122
-0.00043
-0.00079
-0.00137
-0.00159
-0.00204
-0.00189
-0.00085
-0.00024
-0.00009
0.00113
0.00116
0.00064
0.00116
0.00107
0.00095
0.00140
0.00095
0.00000
-0.00064
-0.00247
-0.00305
-0.00272
-0.00308
-0.00235
-0.00110
-0.00009
0.00049
0.00076
0.00055
-0.00018
-0.00046
-0.00070
-0.00143
-0.00140
-0.00128
-0.00162
-0.00110
-0.00052
-0.00076
-0.00098
-0.00064
-0.00034
-0.00006
0.00049
0.00079
0.00049
0.00018
-0.00037
-0.00116
-0.00146
-0.00165
-0.00174
-0.00137
-0.00079
-0.00031
-0.00018
0.00000
0.00034
0.00043
0.00046
0.00052
0.00037
0.00021
0.00006
0.00000
0.00000
0.00000
0.00000
0.00000
0.00000
0.00000
0.00000
0.00000
0.00000
0.00000
0.00000
0.00000
0.00000
0.00000
0.00000
0.00000
0.00000
0.00000
0.00000
0.00000
0.00000
0.00000
0.00000
0.00000
0.00000
0.00000
0.00000
0.00000
0.00000
0.00000
0.00000
0.00000
0.00000
0.00000
0.00000
0.00000
0.00000
0.00000
0.00000
0.00000
0.00000
0.00000
0.00000
0.00000
0.00000
0.00000
0.00000
0.00000
0.00000
0.00000
0.00000
0.00000
0.00000
0.00000
0.00000
0.00000
0.00000
0.00000
0.00000
0.00000
0.00000
0.00000
0.00000
0.00000
0.00000
0.00000
0.00000
0.00000
0.00000
0.00000
0.00000
0.00000
0.00000
0.00000
0.00000
0.00000
0.00000
0.00000
0.00000
0.00000
0.00000
0.00000
0.00000
0.00000
0.00000
0.00000
0.00000
0.00000
0.00000
0.00000
0.00000
0.00000
0.00000
0.00000
0.00000
0.00000
0.00000
0.00000
0.00000
0.00000
0.00000
0.00000
0.00000
0.00000
0.00000
0.00000
0.00000
0.00000
0.00000
0.00000
0.00000
0.00000
0.00000
0.00000
0.00000
0.00000
0.00000
0.00000
0.00000
0.00000
0.00000
0.00000
0.00000
0.00000
0.00000
0.00000
0.00000
0.00000
0.00000
0.00000
0.00000
0.00000
0.00000
0.00000
0.00000
0.00000
0.00000
0.00000
0.00000
0.00000
0.00000
0.00000
0.00000
0.00000
0.00000
0.00000
0.00000
0.00000
0.00000
0.00000
0.00000
0.00000
0.00000
0.00000
0.00000
0.00000
0.00000
0.00000
