-0.00012
-0.00006
-0.00009
-0.00015
-0.00009
0.00000
-0.00003
-0.00006
-0.00006
-0.00009
-0.00009
-0.00012
-0.00012
-0.00003
-0.00003
-0.00012
-0.00012
-0.00006
-0.00009
-0.00009
-0.00015
-0.00012
-0.00006
-0.00006
-0.00006
-0.00009
-0.00006
-0.00012
-0.00018
-0.00012
-0.00009
-0.00018
-0.00021
-0.00009
-0.00021
0.00000
-0.00012
-0.00006
-0.00003
-0.00015
-0.00012
-0.00015
-0.00009
-0.00012
-0.00012
-0.00012
-0.00015
-0.00015
-0.00012
-0.00015
-0.00018
-0.00018
-0.00015
-0.00015
-0.00012
-0.00009
-0.00015
-0.00012
-0.00009
-0.00027
-0.00018
-0.00018
-0.00031
-0.00024
-0.00021
-0.00012
-0.00012
-0.00012
-0.00012
-0.00015
-0.00009
-0.00015
-0.00018
-0.00021
-0.00012
-0.00018
-0.00027
-0.00015
-0.00018
-0.00024
-0.00015
-0.00012
-0.00012
-0.00012
-0.00015
-0.00018
-0.00015
-0.00018
-0.00021
-0.00024
-0.00021
-0.00027
-0.00027
-0.00018
-0.00027
-0.00027
-0.00024
-0.00021
-0.00021
-0.00021
-0.00021
-0.00021
-0.00021
-0.00018
-0.00021
-0.00027
-0.00021
-0.00015
-0.00031
-0.00027
-0.00018
-0.00021
-0.00021
-0.00024
-0.00027
-0.00027
-0.00024
-0.00024
-0.00021
-0.00018
-0.00024
-0.00027
-0.00021
-0.00024
-0.00027
-0.00027
-0.00027
-0.00027
-0.00027
-0.00018
-0.00018
-0.00027
-0.00027
-0.00024
-0.00021
-0.00027
-0.00024
-0.00031
-0.00027
-0.00027
-0.00031
-0.00024
-0.00031
-0.00031
-0.00031
-0.00024
-0.00027
-0.00021
-0.00024
-0.00034
-0.00027
-0.00027
-0.00027
-0.00027
-0.00021
-0.00024
-0.00024
-0.00024
-0.00027
-0.00031
-0.00037
-0.00037
-0.00027
-0.00034
-0.00031
-0.00021
-0.00018
-0.00021
-0.00027
-0.00027
-0.00021
-0.00024
-0.00027
-0.00034
-0.00027
-0.00040
-0.00021
-0.00040
-0.00018
-0.00040
-0.00034
-0.00024
-0.00061
0.00015
-0.00134
-0.01285
-0.09146
-0.07648
-0.01141
-0.00073
0.05261
0.07822
0.06607
0.02460
0.00174
-0.00168
0.01447
0.00293
-0.04916
-0.04904
-0.01038
0.00513
0.01703
0.02521
0.00836
-0.00491
0.00082
0.00031
0.00607
0.01151
-0.00153
-0.00577
0.00150
-0.00046
-0.00479
-0.00180
-0.00119
0.00027
-0.00089
0.00107
0.00125
-0.00079
0.00192
0.00473
0.00394
0.00299
0.00159
-0.00201
-0.00217
0.00040
-0.00098
-0.00183
0.00015
-0.00244
-0.00244
0.00140
0.00226
0.00055
0.00226
0.00375
0.00201
0.00049
-0.00015
-0.00040
0.00037
-0.00070
-0.00192
-0.00290
-0.00284
-0.00168
-0.00061
0.00104
0.00082
-0.00150
-0.00250
-0.00079
0.00143
0.00235
0.00415
0.00366
0.00092
-0.00098
-0.00201
-0.00229
-0.00317
-0.00369
-0.00241
-0.00134
-0.00055
-0.00055
0.00034
0.00089
-0.00043
-0.00107
-0.00095
-0.00058
-0.00101
-0.00156
-0.00073
-0.00098
-0.00125
-0.00131
-0.00156
-0.00140
-0.00156
-0.00143
-0.00226
-0.00095
0.00040
-0.00198
-0.00214
-0.00098
-0.00085
0.00058
0.00006
-0.00162
-0.00092
-0.00009
-0.00122
0.00000
0.00229
0.00143
0.00107
0.00165
0.00079
0.00037
-0.00012
-0.00287
-0.00250
-0.00137
-0.00256
-0.00232
-0.00110
-0.00116
-0.00043
0.00085
0.00052
0.00000
-0.00052
-0.00183
-0.00189
-0.00095
-0.00073
-0.00064
-0.00021
-0.00043
-0.00113
-0.00107
-0.00040
-0.00006
0.00024
0.00034
0.00006
-0.00037
-0.00043
-0.00040
-0.00076
-0.00137
-0.00186
-0.00143
-0.00049
0.00006
-0.00006
-0.00049
-0.00040
0.00003
0.00046
0.00064
0.00067
0.00024
-0.00024
-0.00031
-0.00040
-0.00052
-0.00046
-0.00052
-0.00058
-0.00067
-0.00046
-0.00095
-0.00168
-0.00073
0.00000
0.00000
0.00000
0.00000
0.00000
0.00000
0.00000
0.00000
0.00000
0.00000
0.00000
0.00000
0.00000
0.00000
0.00000
0.00000
0.00000
0.00000
0.00000
0.00000
0.00000
0.00000
0.00000
0.00000
0.00000
0.00000
0.00000
0.00000
0.00000
0.00000
0.00000
0.00000
0.00000
0.00000
0.00000
0.00000
0.00000
0.00000
0.00000
0.00000
0.00000
0.00000
0.00000
0.00000
0.00000
0.00000
0.00000
0.00000
0.00000
0.00000
0.00000
0.00000
0.00000
0.00000
0.00000
0.00000
0.00000
0.00000
0.00000
0.00000
0.00000
0.00000
0.00000
0.00000
0.00000
0.00000
0.00000
0.00000
0.00000
0.00000
0.00000
0.00000
0.00000
0.00000
0.00000
0.00000
0.00000
0.00000
0.00000
0.00000
0.00000
0.00000
0.00000
0.00000
0.00000
0.00000
0.00000
0.00000
0.00000
0.00000
0.00000
0.00000
0.00000
0.00000
0.00000
0.00000
0.00000
0.00000
0.00000
0.00000
0.00000
0.00000
0.00000
0.00000
0.00000
0.00000
0.00000
0.00000
0.00000
0.00000
0.00000
0.00000
0.00000
0.00000
0.00000
0.00000
0.00000
0.00000
0.00000
0.00000
0.00000
0.00000
0.00000
0.00000
0.00000
0.00000
0.00000
0.00000
0.00000
0.00000
0.00000
0.00000
0.00000
0.00000
0.00000
0.00000
0.00000
0.00000
0.00000
0.00000
0.00000
0.00000
0.00000
0.00000
0.00000
0.00000
0.00000
0.00000
0.00000
0.00000
