-0.00006
-0.00006
-0.00006
-0.00006
-0.00003
0.00000
0.00000
0.00003
0.00009
0.00009
0.00009
0.00003
0.00000
-0.00003
-0.00006
-0.00006
-0.00006
-0.00006
-0.00003
0.00000
0.00000
0.00003
0.00000
0.00000
-0.00003
-0.00006
-0.00003
-0.00006
-0.00006
-0.00006
-0.00003
-0.00003
-0.00006
-0.00003
-0.00037
0.00012
-0.00003
-0.00012
-0.00006
-0.00012
-0.00006
-0.00006
-0.00006
-0.00006
-0.00006
-0.00009
-0.00012
-0.00015
-0.00012
-0.00009
-0.00006
-0.00003
-0.00006
-0.00006
-0.00006
-0.00006
-0.00006
-0.00012
-0.00015
-0.00015
-0.00021
-0.00018
-0.00015
-0.00015
-0.00015
-0.00012
-0.00003
-0.00012
-0.00012
-0.00006
-0.00009
-0.00012
-0.00012
-0.00009
-0.00009
-0.00009
-0.00003
-0.00003
-0.00009
-0.00012
-0.00015
-0.00018
-0.00018
-0.00021
-0.00024
-0.00021
-0.00012
-0.00015
-0.00012
-0.00003
-0.00006
-0.00009
-0.00006
-0.00009
-0.00012
-0.00015
-0.00018
-0.00018
-0.00021
-0.00021
-0.00021
-0.00021
-0.00018
-0.00021
-0.00021
-0.00021
-0.00015
-0.00015
-0.00015
-0.00012
-0.00012
-0.00015
-0.00012
-0.00012
-0.00015
-0.00018
-0.00018
-0.00024
-0.00027
-0.00027
-0.00027
-0.00027
-0.00024
-0.00024
-0.00021
-0.00018
-0.00018
-0.00015
-0.00015
-0.00018
-0.00024
-0.00027
-0.00027
-0.00031
-0.00031
-0.00031
-0.00027
-0.00021
-0.00018
-0.00021
-0.00021
-0.00021
-0.00027
-0.00031
-0.00027
-0.00027
-0.00027
-0.00024
-0.00021
-0.00018
-0.00018
-0.00018
-0.00015
-0.00018
-0.00021
-0.00024
-0.00027
-0.00027
-0.00031
-0.00034
-0.00031
-0.00031
-0.00034
-0.00031
-0.00027
-0.00031
-0.00031
-0.00024
-0.00018
-0.00021
-0.00024
-0.00024
-0.00024
-0.00024
-0.00024
-0.00024
-0.00021
-0.00024
-0.00024
-0.00024
-0.00031
-0.00031
-0.00031
-0.00031
-0.00037
-0.00024
-0.00043
-0.00015
-0.00058
-0.00021
-0.00061
0.00037
-0.00064
-0.00009
-0.01871
-0.05298
-0.02740
-0.01172
-0.00848
0.01321
0.03101
0.04056
0.02496
0.00812
0.00079
0.00610
0.00201
-0.01880
-0.01843
-0.00323
-0.00220
0.00348
0.01031
0.00595
0.00278
-0.00027
-0.00427
0.00104
0.00476
-0.00034
-0.00253
0.00269
0.00208
-0.00208
0.00027
0.00085
-0.00021
0.00067
-0.00037
-0.00137
0.00076
0.00119
0.00031
0.00070
0.00241
0.00223
0.00143
0.00177
0.00076
-0.00095
-0.00095
-0.00040
-0.00061
-0.00046
0.00061
0.00073
0.00037
0.00220
0.00211
0.00043
0.00076
0.00012
-0.00031
-0.00015
0.00003
0.00021
-0.00037
-0.00082
-0.00131
-0.00095
0.00000
-0.00040
-0.00043
-0.00015
0.00000
-0.00021
-0.00067
0.00018
0.00070
0.00003
-0.00037
-0.00024
0.00000
-0.00015
-0.00049
-0.00055
-0.00073
-0.00085
-0.00140
-0.00131
-0.00073
-0.00076
-0.00058
-0.00089
-0.00061
0.00018
-0.00070
-0.00052
-0.00055
-0.00049
-0.00070
-0.00192
-0.00217
-0.00220
-0.00281
-0.00333
-0.00290
-0.00171
-0.00043
0.00021
0.00101
0.00143
0.00101
0.00058
0.00006
-0.00024
-0.00101
-0.00113
-0.00040
-0.00018
0.00027
0.00024
0.00006
-0.00055
-0.00174
-0.00238
-0.00220
-0.00140
-0.00122
-0.00140
-0.00104
-0.00061
-0.00037
-0.00012
0.00006
0.00000
-0.00034
-0.00079
-0.00110
-0.00140
-0.00162
-0.00171
-0.00140
-0.00082
-0.00070
-0.00073
-0.00064
-0.00024
-0.00003
0.00003
0.00021
0.00018
-0.00024
-0.00082
-0.00107
-0.00113
-0.00125
-0.00122
-0.00110
-0.00089
-0.00064
-0.00052
-0.00040
-0.00024
-0.00012
0.00000
0.00009
0.00021
0.00000
-0.00024
-0.00031
-0.00046
-0.00052
-0.00058
-0.00064
-0.00055
-0.00046
-0.00040
-0.00049
-0.00037
-0.00015
-0.00009
-0.00018
-0.00021
-0.00015
-0.00018
-0.00012
0.00006
0.00018
0.00006
0.00000
0.00000
0.00000
0.00000
0.00000
0.00000
0.00000
0.00000
0.00000
0.00000
0.00000
0.00000
0.00000
0.00000
0.00000
0.00000
0.00000
0.00000
0.00000
0.00000
0.00000
0.00000
0.00000
0.00000
0.00000
0.00000
0.00000
0.00000
0.00000
0.00000
0.00000
0.00000
0.00000
0.00000
0.00000
0.00000
0.00000
0.00000
0.00000
0.00000
0.00000
0.00000
0.00000
0.00000
0.00000
0.00000
0.00000
0.00000
0.00000
0.00000
0.00000
0.00000
0.00000
0.00000
0.00000
0.00000
0.00000
0.00000
0.00000
0.00000
0.00000
0.00000
0.00000
0.00000
0.00000
0.00000
0.00000
0.00000
0.00000
0.00000
0.00000
0.00000
0.00000
0.00000
0.00000
0.00000
0.00000
0.00000
0.00000
0.00000
0.00000
0.00000
0.00000
0.00000
0.00000
0.00000
0.00000
0.00000
0.00000
0.00000
0.00000
0.00000
0.00000
0.00000
0.00000
0.00000
0.00000
0.00000
0.00000
0.00000
0.00000
0.00000
0.00000
0.00000
0.00000
0.00000
0.00000
0.00000
0.00000
0.00000
0.00000
0.00000
0.00000
0.00000
0.00000
0.00000
0.00000
0.00000
0.00000
0.00000
0.00000
0.00000
0.00000
0.00000
0.00000
0.00000
0.00000
0.00000
0.00000
0.00000
0.00000
0.00000
