-0.00024
-0.00024
-0.00024
-0.00024
-0.00021
-0.00018
-0.00018
-0.00015
-0.00015
-0.00009
-0.00012
-0.00015
-0.00012
-0.00012
-0.00018
-0.00024
-0.00018
-0.00021
-0.00024
-0.00021
-0.00015
-0.00006
-0.00006
-0.00012
-0.00015
-0.00018
-0.00021
-0.00024
-0.00015
-0.00006
-0.00012
-0.00021
-0.00015
-0.00003
-0.00034
-0.00012
-0.00021
-0.00015
-0.00018
-0.00018
-0.00006
-0.00003
-0.00009
-0.00015
-0.00012
-0.00015
-0.00021
-0.00015
-0.00012
-0.00012
-0.00015
-0.00015
-0.00012
-0.00012
-0.00009
-0.00021
-0.00018
-0.00018
-0.00034
-0.00018
-0.00015
-0.00024
-0.00012
-0.00006
0.00000
0.00000
0.00000
-0.00003
-0.00015
-0.00015
-0.00018
-0.00024
-0.00024
-0.00015
-0.00012
-0.00012
-0.00006
-0.00012
-0.00015
-0.00009
-0.00009
-0.00015
-0.00012
-0.00012
-0.00021
-0.00021
-0.00015
-0.00015
-0.00012
-0.00006
-0.00009
-0.00012
-0.00006
-0.00012
-0.00015
-0.00009
-0.00009
-0.00012
-0.00012
-0.00015
-0.00015
-0.00012
-0.00009
-0.00009
-0.00018
-0.00012
-0.00012
-0.00015
-0.00012
-0.00009
-0.00009
-0.00006
-0.00009
-0.00009
-0.00012
-0.00006
-0.00006
-0.00009
-0.00006
-0.00012
-0.00015
-0.00006
-0.00006
-0.00009
-0.00015
-0.00012
-0.00015
-0.00015
-0.00006
-0.00006
-0.00009
-0.00006
-0.00003
0.00000
0.00000
-0.00009
-0.00015
-0.00015
-0.00009
-0.00012
-0.00009
-0.00009
-0.00003
-0.00006
-0.00009
-0.00015
-0.00015
-0.00021
-0.00024
-0.00009
-0.00006
-0.00012
-0.00009
-0.00006
-0.00006
-0.00012
-0.00012
-0.00009
-0.00012
-0.00015
-0.00015
-0.00012
-0.00012
-0.00012
-0.00006
-0.00003
-0.00009
-0.00015
-0.00012
-0.00012
-0.00012
-0.00009
-0.00012
-0.00006
-0.00018
-0.00006
-0.00018
-0.00006
-0.00027
-0.00012
-0.00006
-0.00040
0.00027
-0.00089
-0.01440
-0.08630
-0.06860
-0.01202
-0.01782
0.03763
0.07474
0.07111
0.03845
0.00629
-0.00211
0.01062
0.00839
-0.03799
-0.04495
-0.00952
-0.00031
0.01001
0.02576
0.01306
-0.00620
-0.00327
-0.00677
0.00208
0.01465
0.00464
-0.00360
0.00635
0.00555
-0.00894
-0.00348
0.00052
-0.00330
-0.00299
-0.00049
-0.00122
0.00342
0.00800
0.00372
0.00259
0.00449
0.00110
-0.00162
0.00006
-0.00006
-0.00333
-0.00272
-0.00082
-0.00104
0.00031
0.00107
0.00067
0.00058
0.00302
0.00378
0.00119
-0.00034
0.00003
-0.00052
-0.00021
0.00012
0.00061
-0.00137
-0.00302
-0.00305
-0.00137
0.00150
-0.00015
-0.00192
-0.00134
0.00055
0.00159
0.00272
0.00430
0.00275
0.00031
-0.00116
-0.00192
-0.00201
-0.00250
-0.00272
-0.00174
-0.00076
-0.00085
-0.00134
-0.00024
0.00027
-0.00067
-0.00085
-0.00034
-0.00067
-0.00098
-0.00098
-0.00049
-0.00058
-0.00116
-0.00143
-0.00162
-0.00128
-0.00122
-0.00180
-0.00192
0.00000
0.00079
-0.00272
-0.00180
-0.00089
-0.00128
0.00092
-0.00055
-0.00220
-0.00027
-0.00092
-0.00150
0.00046
0.00125
0.00031
0.00128
0.00122
0.00058
0.00150
0.00067
-0.00082
-0.00107
-0.00095
-0.00214
-0.00232
-0.00146
-0.00180
-0.00104
-0.00009
-0.00031
-0.00003
-0.00040
-0.00113
-0.00113
-0.00085
-0.00073
-0.00021
-0.00006
-0.00037
-0.00061
-0.00089
-0.00067
-0.00018
0.00006
0.00021
0.00015
-0.00021
-0.00055
-0.00040
-0.00058
-0.00140
-0.00162
-0.00113
-0.00067
-0.00024
0.00006
-0.00021
-0.00031
-0.00024
0.00021
0.00049
0.00061
0.00043
-0.00003
0.00000
0.00000
0.00000
0.00000
0.00000
0.00000
0.00000
0.00000
0.00000
0.00000
0.00000
0.00000
0.00000
0.00000
0.00000
0.00000
0.00000
0.00000
0.00000
0.00000
0.00000
0.00000
0.00000
0.00000
0.00000
0.00000
0.00000
0.00000
0.00000
0.00000
0.00000
0.00000
0.00000
0.00000
0.00000
0.00000
0.00000
0.00000
0.00000
0.00000
0.00000
0.00000
0.00000
0.00000
0.00000
0.00000
0.00000
0.00000
0.00000
0.00000
0.00000
0.00000
0.00000
0.00000
0.00000
0.00000
0.00000
0.00000
0.00000
0.00000
0.00000
0.00000
0.00000
0.00000
0.00000
0.00000
0.00000
0.00000
0.00000
0.00000
0.00000
0.00000
0.00000
0.00000
0.00000
0.00000
0.00000
0.00000
0.00000
0.00000
0.00000
0.00000
0.00000
0.00000
0.00000
0.00000
0.00000
0.00000
0.00000
0.00000
0.00000
0.00000
0.00000
0.00000
0.00000
0.00000
0.00000
0.00000
0.00000
0.00000
0.00000
0.00000
0.00000
0.00000
0.00000
0.00000
0.00000
0.00000
0.00000
0.00000
0.00000
0.00000
0.00000
0.00000
0.00000
0.00000
0.00000
0.00000
0.00000
0.00000
0.00000
0.00000
0.00000
0.00000
0.00000
0.00000
0.00000
0.00000
0.00000
0.00000
0.00000
0.00000
0.00000
0.00000
0.00000
0.00000
0.00000
0.00000
0.00000
0.00000
0.00000
0.00000
0.00000
0.00000
0.00000
0.00000
0.00000
0.00000
0.00000
0.00000
0.00000
0.00000
0.00000
0.00000
0.00000
0.00000
0.00000
0.00000
0.00000
0.00000
0.00000
0.00000
