-0.00009
-0.00006
-0.00006
-0.00012
-0.00009
-0.00009
-0.00006
-0.00003
-0.00006
-0.00006
-0.00003
-0.00006
-0.00009
-0.00009
-0.00003
-0.00006
-0.00009
-0.00006
-0.00003
-0.00003
-0.00009
-0.00006
-0.00006
-0.00006
-0.00006
-0.00006
-0.00006
-0.00009
-0.00009
-0.00009
-0.00006
-0.00009
-0.00009
-0.00009
-0.00024
0.00003
-0.00009
-0.00006
-0.00003
-0.00012
-0.00006
-0.00009
-0.00009
-0.00009
-0.00012
-0.00009
-0.00012
-0.00012
-0.00006
-0.00006
-0.00009
-0.00009
-0.00006
-0.00006
-0.00012
-0.00009
-0.00006
-0.00009
-0.00006
-0.00009
-0.00006
-0.00006
-0.00015
-0.00009
-0.00009
-0.00009
-0.00009
-0.00009
-0.00003
-0.00009
-0.00006
-0.00003
-0.00009
-0.00009
-0.00006
-0.00006
-0.00009
-0.00006
-0.00009
-0.00015
-0.00009
-0.00006
-0.00009
-0.00006
-0.00006
-0.00009
-0.00012
-0.00006
-0.00012
-0.00015
-0.00012
-0.00015
-0.00015
-0.00006
-0.00009
-0.00012
-0.00006
-0.00012
-0.00012
-0.00015
-0.00009
-0.00009
-0.00015
-0.00012
-0.00009
-0.00012
-0.00012
-0.00012
-0.00012
-0.00015
-0.00015
-0.00012
-0.00009
-0.00012
-0.00015
-0.00018
-0.00018
-0.00015
-0.00015
-0.00015
-0.00015
-0.00015
-0.00015
-0.00012
-0.00012
-0.00012
-0.00012
-0.00015
-0.00015
-0.00015
-0.00015
-0.00015
-0.00012
-0.00015
-0.00015
-0.00012
-0.00009
-0.00015
-0.00015
-0.00012
-0.00015
-0.00015
-0.00015
-0.00015
-0.00018
-0.00018
-0.00018
-0.00018
-0.00015
-0.00018
-0.00015
-0.00012
-0.00012
-0.00009
-0.00015
-0.00015
-0.00015
-0.00018
-0.00021
-0.00018
-0.00018
-0.00021
-0.00021
-0.00018
-0.00021
-0.00018
-0.00018
-0.00015
-0.00018
-0.00018
-0.00012
-0.00012
-0.00015
-0.00018
-0.00021
-0.00021
-0.00024
-0.00015
-0.00027
0.00000
-0.00052
0.00021
-0.00092
0.00064
-0.00153
-0.00107
-0.04309
-0.07440
-0.02835
-0.02811
-0.00104
0.04657
0.05807
0.05573
0.03302
0.00671
0.00000
0.00940
-0.00787
-0.03394
-0.02127
-0.00925
-0.00613
0.01746
0.01526
0.00323
0.00336
-0.00204
-0.00360
0.01117
0.00662
-0.00528
-0.00134
0.00314
-0.00360
-0.00305
0.00076
-0.00281
0.00006
0.00208
0.00110
0.00250
0.00494
0.00165
-0.00003
0.00253
0.00241
-0.00015
0.00037
-0.00067
-0.00104
-0.00146
-0.00043
-0.00006
-0.00040
-0.00125
-0.00092
-0.00076
0.00046
0.00278
0.00229
0.00140
0.00235
0.00198
0.00043
0.00003
-0.00027
-0.00171
-0.00232
-0.00238
-0.00287
-0.00061
0.00015
-0.00043
-0.00015
0.00009
0.00031
-0.00012
0.00113
0.00281
0.00153
0.00049
0.00015
-0.00073
-0.00134
-0.00238
-0.00183
-0.00131
-0.00153
-0.00168
-0.00165
0.00006
0.00018
-0.00101
-0.00107
-0.00055
-0.00061
-0.00095
-0.00079
-0.00073
-0.00101
-0.00104
-0.00156
-0.00250
-0.00058
-0.00089
-0.00198
-0.00064
-0.00082
-0.00076
-0.00134
-0.00150
-0.00150
-0.00079
0.00000
-0.00076
-0.00031
-0.00037
-0.00110
-0.00067
0.00000
0.00006
0.00092
0.00131
0.00018
0.00040
0.00061
0.00021
-0.00049
-0.00125
-0.00146
-0.00195
-0.00183
-0.00174
-0.00156
-0.00055
-0.00012
-0.00037
-0.00027
-0.00067
-0.00119
-0.00122
-0.00101
-0.00067
-0.00040
-0.00031
-0.00024
-0.00067
-0.00098
-0.00076
-0.00034
-0.00003
0.00006
-0.00003
-0.00027
-0.00031
-0.00037
-0.00095
-0.00153
-0.00153
-0.00131
-0.00082
-0.00012
0.00000
-0.00027
-0.00027
0.00003
0.00049
0.00064
0.00037
-0.00012
-0.00049
-0.00052
-0.00046
-0.00027
-0.00024
-0.00031
-0.00031
-0.00037
-0.00040
-0.00031
0.00000
0.00024
0.00031
0.00037
0.00034
0.00003
-0.00037
-0.00058
-0.00031
-0.00015
0.00000
0.00003
0.00000
0.00000
0.00000
0.00000
0.00000
0.00000
0.00000
0.00000
0.00000
0.00000
0.00000
0.00000
0.00000
0.00000
0.00000
0.00000
0.00000
0.00000
0.00000
0.00000
0.00000
0.00000
0.00000
0.00000
0.00000
0.00000
0.00000
0.00000
0.00000
0.00000
0.00000
0.00000
0.00000
0.00000
0.00000
0.00000
0.00000
0.00000
0.00000
0.00000
0.00000
0.00000
0.00000
0.00000
0.00000
0.00000
0.00000
0.00000
0.00000
0.00000
0.00000
0.00000
0.00000
0.00000
0.00000
0.00000
0.00000
0.00000
0.00000
0.00000
0.00000
0.00000
0.00000
0.00000
0.00000
0.00000
0.00000
0.00000
0.00000
0.00000
0.00000
0.00000
0.00000
0.00000
0.00000
0.00000
0.00000
0.00000
0.00000
0.00000
0.00000
0.00000
0.00000
0.00000
0.00000
0.00000
0.00000
0.00000
0.00000
0.00000
0.00000
0.00000
0.00000
0.00000
0.00000
0.00000
0.00000
0.00000
0.00000
0.00000
0.00000
0.00000
0.00000
0.00000
0.00000
0.00000
0.00000
0.00000
0.00000
0.00000
0.00000
0.00000
0.00000
0.00000
0.00000
0.00000
0.00000
0.00000
0.00000
0.00000
0.00000
0.00000
0.00000
0.00000
0.00000
0.00000
0.00000
0.00000
0.00000
0.00000
0.00000
0.00000
0.00000
0.00000
0.00000
0.00000
0.00000
0.00000
0.00000
