-0.00015
-0.00015
-0.00018
-0.00018
-0.00012
-0.00012
-0.00012
-0.00009
-0.00009
-0.00009
-0.00009
-0.00015
-0.00012
-0.00015
-0.00018
-0.00015
-0.00012
-0.00012
-0.00012
-0.00012
-0.00012
-0.00009
-0.00012
-0.00015
-0.00012
-0.00012
-0.00015
-0.00015
-0.00012
-0.00015
-0.00015
-0.00015
-0.00012
-0.00009
-0.00034
-0.00003
-0.00012
-0.00015
-0.00015
-0.00018
-0.00009
-0.00012
-0.00015
-0.00018
-0.00015
-0.00018
-0.00021
-0.00015
-0.00015
-0.00015
-0.00021
-0.00018
-0.00015
-0.00015
-0.00015
-0.00015
-0.00012
-0.00015
-0.00024
-0.00015
-0.00021
-0.00027
-0.00018
-0.00018
-0.00018
-0.00018
-0.00015
-0.00015
-0.00021
-0.00015
-0.00018
-0.00021
-0.00021
-0.00015
-0.00015
-0.00018
-0.00018
-0.00018
-0.00021
-0.00015
-0.00018
-0.00021
-0.00018
-0.00018
-0.00021
-0.00021
-0.00012
-0.00018
-0.00021
-0.00015
-0.00024
-0.00027
-0.00018
-0.00021
-0.00027
-0.00021
-0.00021
-0.00024
-0.00024
-0.00021
-0.00021
-0.00024
-0.00018
-0.00021
-0.00024
-0.00021
-0.00021
-0.00024
-0.00024
-0.00021
-0.00027
-0.00024
-0.00021
-0.00024
-0.00027
-0.00024
-0.00024
-0.00024
-0.00021
-0.00021
-0.00024
-0.00027
-0.00024
-0.00027
-0.00027
-0.00031
-0.00024
-0.00024
-0.00024
-0.00024
-0.00024
-0.00021
-0.00027
-0.00024
-0.00021
-0.00024
-0.00024
-0.00027
-0.00024
-0.00027
-0.00027
-0.00031
-0.00027
-0.00024
-0.00024
-0.00027
-0.00024
-0.00024
-0.00027
-0.00024
-0.00021
-0.00024
-0.00024
-0.00021
-0.00024
-0.00027
-0.00024
-0.00024
-0.00024
-0.00027
-0.00024
-0.00024
-0.00027
-0.00024
-0.00018
-0.00018
-0.00021
-0.00024
-0.00021
-0.00021
-0.00021
-0.00021
-0.00027
-0.00024
-0.00031
-0.00021
-0.00031
-0.00015
-0.00034
-0.00027
-0.00018
-0.00061
0.00015
-0.00110
-0.01263
-0.07712
-0.06039
-0.01837
-0.02597
0.03156
0.06375
0.06436
0.04446
0.01529
-0.00031
0.00580
0.00717
-0.02664
-0.03934
-0.01175
-0.00671
0.00598
0.02509
0.01031
-0.00220
0.00003
-0.00620
0.00082
0.01309
0.00269
-0.00565
0.00555
0.00281
-0.00641
0.00000
0.00000
-0.00421
-0.00162
0.00000
-0.00058
0.00400
0.00742
0.00113
0.00122
0.00427
0.00134
0.00024
-0.00049
-0.00214
-0.00253
-0.00211
0.00003
-0.00015
-0.00003
-0.00034
-0.00027
-0.00043
0.00214
0.00308
0.00027
0.00006
0.00119
0.00034
0.00058
0.00092
0.00012
-0.00201
-0.00366
-0.00296
-0.00125
-0.00027
-0.00049
-0.00171
-0.00052
0.00079
0.00101
0.00189
0.00311
0.00183
0.00024
-0.00024
-0.00116
-0.00204
-0.00244
-0.00244
-0.00171
-0.00134
-0.00104
-0.00156
-0.00079
-0.00040
-0.00073
-0.00043
-0.00027
-0.00104
-0.00116
-0.00110
-0.00067
-0.00085
-0.00128
-0.00128
-0.00168
-0.00143
-0.00208
-0.00143
0.00043
-0.00107
-0.00186
-0.00137
-0.00177
-0.00095
-0.00055
-0.00116
-0.00128
-0.00046
-0.00070
-0.00137
-0.00037
-0.00024
-0.00049
0.00034
0.00049
0.00122
0.00159
0.00040
-0.00040
0.00043
-0.00018
-0.00156
-0.00143
-0.00201
-0.00226
-0.00168
-0.00165
-0.00082
0.00009
-0.00018
-0.00104
-0.00089
-0.00092
-0.00131
-0.00089
-0.00027
-0.00027
-0.00055
-0.00052
-0.00082
-0.00082
-0.00055
-0.00034
0.00003
0.00012
-0.00015
-0.00061
-0.00061
-0.00067
-0.00119
-0.00153
-0.00122
-0.00101
-0.00067
-0.00021
0.00000
-0.00034
-0.00040
0.00012
0.00046
0.00049
0.00043
0.00000
-0.00049
-0.00064
-0.00046
-0.00024
-0.00021
-0.00031
-0.00058
-0.00049
-0.00034
-0.00024
0.00012
0.00064
0.00067
0.00040
0.00006
0.00000
0.00000
0.00000
0.00000
0.00000
0.00000
0.00000
0.00000
0.00000
0.00000
0.00000
0.00000
0.00000
0.00000
0.00000
0.00000
0.00000
0.00000
0.00000
0.00000
0.00000
0.00000
0.00000
0.00000
0.00000
0.00000
0.00000
0.00000
0.00000
0.00000
0.00000
0.00000
0.00000
0.00000
0.00000
0.00000
0.00000
0.00000
0.00000
0.00000
0.00000
0.00000
0.00000
0.00000
0.00000
0.00000
0.00000
0.00000
0.00000
0.00000
0.00000
0.00000
0.00000
0.00000
0.00000
0.00000
0.00000
0.00000
0.00000
0.00000
0.00000
0.00000
0.00000
0.00000
0.00000
0.00000
0.00000
0.00000
0.00000
0.00000
0.00000
0.00000
0.00000
0.00000
0.00000
0.00000
0.00000
0.00000
0.00000
0.00000
0.00000
0.00000
0.00000
0.00000
0.00000
0.00000
0.00000
0.00000
0.00000
0.00000
0.00000
0.00000
0.00000
0.00000
0.00000
0.00000
0.00000
0.00000
0.00000
0.00000
0.00000
0.00000
0.00000
0.00000
0.00000
0.00000
0.00000
0.00000
0.00000
0.00000
0.00000
0.00000
0.00000
0.00000
0.00000
0.00000
0.00000
0.00000
0.00000
0.00000
0.00000
0.00000
0.00000
0.00000
0.00000
0.00000
0.00000
0.00000
0.00000
0.00000
0.00000
0.00000
0.00000
0.00000
0.00000
0.00000
0.00000
0.00000
0.00000
0.00000
0.00000
0.00000
0.00000
0.00000
0.00000
0.00000
0.00000
