-0.00031
-0.00027
-0.00027
-0.00031
-0.00034
-0.00031
-0.00027
-0.00031
-0.00031
-0.00031
-0.00027
-0.00027
-0.00031
-0.00027
-0.00027
-0.00034
-0.00034
-0.00027
-0.00027
-0.00031
-0.00031
-0.00034
-0.00034
-0.00034
-0.00034
-0.00031
-0.00027
-0.00027
-0.00031
-0.00031
-0.00031
-0.00034
-0.00034
-0.00027
-0.00061
-0.00009
-0.00021
-0.00031
-0.00027
-0.00034
-0.00024
-0.00034
-0.00034
-0.00034
-0.00034
-0.00034
-0.00034
-0.00034
-0.00027
-0.00031
-0.00034
-0.00031
-0.00027
-0.00034
-0.00034
-0.00034
-0.00034
-0.00037
-0.00037
-0.00031
-0.00034
-0.00034
-0.00034
-0.00037
-0.00037
-0.00037
-0.00037
-0.00034
-0.00037
-0.00034
-0.00027
-0.00034
-0.00034
-0.00034
-0.00034
-0.00037
-0.00043
-0.00037
-0.00034
-0.00037
-0.00037
-0.00037
-0.00034
-0.00034
-0.00034
-0.00031
-0.00034
-0.00037
-0.00040
-0.00040
-0.00040
-0.00040
-0.00043
-0.00037
-0.00034
-0.00037
-0.00037
-0.00034
-0.00037
-0.00037
-0.00037
-0.00037
-0.00037
-0.00037
-0.00037
-0.00037
-0.00037
-0.00040
-0.00040
-0.00037
-0.00040
-0.00040
-0.00037
-0.00037
-0.00040
-0.00037
-0.00037
-0.00034
-0.00034
-0.00037
-0.00034
-0.00037
-0.00037
-0.00040
-0.00040
-0.00040
-0.00037
-0.00037
-0.00037
-0.00034
-0.00034
-0.00034
-0.00037
-0.00037
-0.00037
-0.00040
-0.00037
-0.00037
-0.00037
-0.00037
-0.00037
-0.00037
-0.00037
-0.00037
-0.00040
-0.00037
-0.00037
-0.00037
-0.00040
-0.00037
-0.00034
-0.00037
-0.00034
-0.00037
-0.00037
-0.00037
-0.00037
-0.00037
-0.00040
-0.00040
-0.00037
-0.00037
-0.00034
-0.00037
-0.00034
-0.00034
-0.00037
-0.00034
-0.00034
-0.00034
-0.00037
-0.00034
-0.00037
-0.00034
-0.00034
-0.00034
-0.00034
-0.00034
-0.00034
-0.00034
-0.00037
-0.00034
-0.00034
-0.00034
-0.00037
-0.00027
-0.00027
-0.00037
-0.00027
-0.00067
-0.00009
-0.00064
0.00049
-0.00107
-0.00177
-0.03247
-0.04807
-0.01672
-0.01288
-0.00186
0.01849
0.03549
0.03540
0.01721
0.00430
0.00208
0.00732
-0.00449
-0.02145
-0.01184
-0.00159
-0.00162
0.00659
0.00931
0.00403
0.00165
-0.00220
-0.00293
0.00375
0.00436
-0.00198
-0.00119
0.00381
-0.00021
-0.00168
0.00107
0.00006
-0.00027
-0.00009
-0.00064
-0.00034
0.00119
0.00089
0.00021
0.00192
0.00366
0.00241
0.00168
0.00110
-0.00046
-0.00137
-0.00061
-0.00021
-0.00055
0.00000
0.00101
0.00058
0.00128
0.00250
0.00122
0.00070
0.00043
-0.00006
0.00012
0.00027
0.00061
0.00018
-0.00061
-0.00095
-0.00137
-0.00058
0.00006
-0.00015
-0.00006
0.00000
0.00018
-0.00052
-0.00024
0.00079
0.00052
-0.00018
-0.00055
-0.00021
0.00040
0.00000
-0.00021
-0.00034
-0.00055
-0.00092
-0.00153
-0.00092
-0.00058
-0.00055
-0.00070
-0.00085
0.00061
-0.00012
-0.00064
-0.00024
-0.00049
-0.00015
-0.00128
-0.00201
-0.00198
-0.00247
-0.00302
-0.00290
-0.00189
-0.00040
0.00015
0.00079
0.00146
0.00131
0.00116
0.00052
0.00000
-0.00046
-0.00092
-0.00018
0.00000
0.00021
0.00040
0.00018
-0.00012
-0.00125
-0.00201
-0.00192
-0.00137
-0.00101
-0.00110
-0.00095
-0.00046
-0.00012
0.00003
0.00018
0.00027
0.00006
-0.00024
-0.00061
-0.00101
-0.00146
-0.00153
-0.00125
-0.00070
-0.00046
-0.00055
-0.00052
-0.00018
0.00015
0.00031
0.00049
0.00052
0.00006
-0.00049
-0.00067
-0.00064
-0.00079
-0.00107
-0.00098
-0.00070
-0.00046
-0.00027
-0.00012
0.00003
0.00012
0.00021
0.00031
0.00037
0.00034
0.00009
-0.00006
-0.00012
-0.00024
-0.00034
-0.00040
-0.00018
0.00000
-0.00003
-0.00018
-0.00018
-0.00003
0.00000
0.00000
0.00000
0.00000
0.00000
0.00000
0.00000
0.00000
0.00000
0.00000
0.00000
0.00000
0.00000
0.00000
0.00000
0.00000
0.00000
0.00000
0.00000
0.00000
0.00000
0.00000
0.00000
0.00000
0.00000
0.00000
0.00000
0.00000
0.00000
0.00000
0.00000
0.00000
0.00000
0.00000
0.00000
0.00000
0.00000
0.00000
0.00000
0.00000
0.00000
0.00000
0.00000
0.00000
0.00000
0.00000
0.00000
0.00000
0.00000
0.00000
0.00000
0.00000
0.00000
0.00000
0.00000
0.00000
0.00000
0.00000
0.00000
0.00000
0.00000
0.00000
0.00000
0.00000
0.00000
0.00000
0.00000
0.00000
0.00000
0.00000
0.00000
0.00000
0.00000
0.00000
0.00000
0.00000
0.00000
0.00000
0.00000
0.00000
0.00000
0.00000
0.00000
0.00000
0.00000
0.00000
0.00000
0.00000
0.00000
0.00000
0.00000
0.00000
0.00000
0.00000
0.00000
0.00000
0.00000
0.00000
0.00000
0.00000
0.00000
0.00000
0.00000
0.00000
0.00000
0.00000
0.00000
0.00000
0.00000
0.00000
0.00000
0.00000
0.00000
0.00000
0.00000
0.00000
0.00000
0.00000
0.00000
0.00000
0.00000
0.00000
0.00000
0.00000
0.00000
0.00000
0.00000
0.00000
0.00000
0.00000
0.00000
0.00000
0.00000
0.00000
0.00000
0.00000
0.00000
0.00000
0.00000
0.00000
0.00000
