-0.00018
-0.00018
-0.00015
-0.00015
-0.00018
-0.00015
-0.00018
-0.00018
-0.00018
-0.00018
-0.00021
-0.00018
-0.00015
-0.00015
-0.00015
-0.00015
-0.00015
-0.00018
-0.00021
-0.00021
-0.00018
-0.00018
-0.00018
-0.00015
-0.00015
-0.00018
-0.00021
-0.00021
-0.00021
-0.00024
-0.00024
-0.00021
-0.00018
-0.00015
-0.00043
0.00000
-0.00015
-0.00021
-0.00015
-0.00021
-0.00015
-0.00024
-0.00018
-0.00018
-0.00021
-0.00024
-0.00018
-0.00021
-0.00024
-0.00021
-0.00018
-0.00021
-0.00024
-0.00024
-0.00021
-0.00024
-0.00027
-0.00027
-0.00021
-0.00021
-0.00024
-0.00018
-0.00015
-0.00021
-0.00027
-0.00024
-0.00024
-0.00031
-0.00027
-0.00024
-0.00021
-0.00018
-0.00024
-0.00018
-0.00021
-0.00024
-0.00024
-0.00024
-0.00031
-0.00031
-0.00024
-0.00024
-0.00024
-0.00024
-0.00024
-0.00024
-0.00024
-0.00024
-0.00024
-0.00027
-0.00031
-0.00027
-0.00027
-0.00027
-0.00027
-0.00024
-0.00027
-0.00031
-0.00024
-0.00021
-0.00024
-0.00027
-0.00024
-0.00024
-0.00027
-0.00031
-0.00027
-0.00027
-0.00034
-0.00034
-0.00031
-0.00027
-0.00027
-0.00027
-0.00027
-0.00027
-0.00024
-0.00024
-0.00024
-0.00024
-0.00027
-0.00024
-0.00027
-0.00031
-0.00034
-0.00031
-0.00034
-0.00031
-0.00027
-0.00027
-0.00031
-0.00031
-0.00031
-0.00031
-0.00031
-0.00031
-0.00031
-0.00031
-0.00031
-0.00034
-0.00034
-0.00031
-0.00031
-0.00034
-0.00027
-0.00027
-0.00031
-0.00031
-0.00027
-0.00031
-0.00034
-0.00034
-0.00031
-0.00031
-0.00034
-0.00034
-0.00034
-0.00037
-0.00040
-0.00037
-0.00037
-0.00037
-0.00034
-0.00034
-0.00034
-0.00031
-0.00031
-0.00031
-0.00034
-0.00034
-0.00037
-0.00037
-0.00037
-0.00037
-0.00037
-0.00034
-0.00034
-0.00031
-0.00027
-0.00031
-0.00031
-0.00031
-0.00031
-0.00034
-0.00034
-0.00037
-0.00037
-0.00031
-0.00037
-0.00031
-0.00046
-0.00034
-0.00055
-0.00040
-0.00058
-0.00018
-0.00034
0.00000
-0.00708
-0.02884
-0.02850
-0.02344
-0.00687
0.01028
0.02023
0.02112
0.01178
0.00821
0.00525
0.00888
0.00211
-0.00940
-0.01367
-0.00885
-0.00247
0.00626
0.00845
0.00394
0.00134
0.00052
0.00146
0.00250
0.00116
-0.00015
-0.00104
-0.00021
0.00003
0.00000
0.00024
0.00034
0.00079
0.00104
0.00153
0.00082
-0.00018
0.00021
0.00217
0.00266
0.00235
0.00085
-0.00082
-0.00058
0.00003
0.00006
0.00055
0.00070
0.00015
0.00024
0.00058
0.00052
0.00018
0.00055
0.00140
0.00076
0.00061
0.00055
0.00031
0.00058
0.00043
-0.00003
-0.00018
-0.00049
-0.00107
-0.00110
-0.00034
0.00015
0.00018
-0.00012
-0.00024
0.00012
0.00058
0.00043
0.00009
-0.00003
-0.00067
-0.00110
-0.00101
-0.00082
-0.00061
-0.00043
-0.00046
-0.00058
-0.00061
-0.00034
0.00015
0.00037
-0.00128
-0.00015
-0.00021
-0.00058
-0.00003
-0.00116
-0.00061
-0.00104
-0.00128
-0.00195
-0.00256
-0.00256
-0.00299
-0.00180
-0.00067
-0.00034
-0.00003
0.00009
0.00031
0.00113
0.00131
0.00024
0.00040
0.00043
0.00079
0.00021
-0.00034
-0.00058
-0.00107
-0.00153
-0.00241
-0.00278
-0.00226
-0.00137
-0.00082
-0.00006
0.00037
0.00034
0.00000
-0.00031
-0.00046
-0.00055
-0.00064
-0.00067
-0.00092
-0.00098
-0.00104
-0.00128
-0.00140
-0.00104
-0.00043
-0.00015
-0.00031
-0.00049
-0.00034
0.00000
0.00018
0.00009
-0.00012
-0.00055
-0.00095
-0.00085
-0.00052
-0.00043
-0.00061
-0.00058
-0.00037
-0.00021
-0.00015
-0.00021
-0.00024
-0.00037
-0.00043
-0.00021
0.00015
0.00037
0.00018
-0.00012
0.00000
0.00000
0.00000
0.00000
0.00000
0.00000
0.00000
0.00000
0.00000
0.00000
0.00000
0.00000
0.00000
0.00000
0.00000
0.00000
0.00000
0.00000
0.00000
0.00000
0.00000
0.00000
0.00000
0.00000
0.00000
0.00000
0.00000
0.00000
0.00000
0.00000
0.00000
0.00000
0.00000
0.00000
0.00000
0.00000
0.00000
0.00000
0.00000
0.00000
0.00000
0.00000
0.00000
0.00000
0.00000
0.00000
0.00000
0.00000
0.00000
0.00000
0.00000
0.00000
0.00000
0.00000
0.00000
0.00000
0.00000
0.00000
0.00000
0.00000
0.00000
0.00000
0.00000
0.00000
0.00000
0.00000
0.00000
0.00000
0.00000
0.00000
0.00000
0.00000
0.00000
0.00000
0.00000
0.00000
0.00000
0.00000
0.00000
0.00000
0.00000
0.00000
0.00000
0.00000
0.00000
0.00000
0.00000
0.00000
0.00000
0.00000
0.00000
0.00000
0.00000
0.00000
0.00000
0.00000
0.00000
0.00000
0.00000
0.00000
0.00000
0.00000
0.00000
0.00000
0.00000
0.00000
0.00000
0.00000
0.00000
0.00000
0.00000
0.00000
0.00000
0.00000
0.00000
0.00000
0.00000
0.00000
0.00000
0.00000
0.00000
0.00000
0.00000
0.00000
0.00000
0.00000
0.00000
0.00000
0.00000
0.00000
0.00000
0.00000
0.00000
0.00000
0.00000
0.00000
0.00000
0.00000
0.00000
0.00000
0.00000
0.00000
0.00000
0.00000
0.00000
0.00000
0.00000
0.00000
