-0.00021
-0.00018
-0.00018
-0.00021
-0.00021
-0.00021
-0.00021
-0.00021
-0.00021
-0.00021
-0.00021
-0.00018
-0.00018
-0.00021
-0.00021
-0.00021
-0.00021
-0.00018
-0.00015
-0.00015
-0.00015
-0.00018
-0.00015
-0.00018
-0.00018
-0.00018
-0.00018
-0.00021
-0.00018
-0.00021
-0.00024
-0.00021
-0.00018
-0.00012
-0.00040
0.00003
-0.00006
-0.00015
-0.00012
-0.00024
-0.00018
-0.00024
-0.00021
-0.00018
-0.00018
-0.00015
-0.00012
-0.00015
-0.00015
-0.00012
-0.00015
-0.00015
-0.00018
-0.00021
-0.00021
-0.00018
-0.00018
-0.00018
-0.00015
-0.00015
-0.00015
-0.00015
-0.00015
-0.00018
-0.00018
-0.00018
-0.00012
-0.00012
-0.00009
-0.00015
-0.00012
-0.00012
-0.00015
-0.00015
-0.00015
-0.00015
-0.00018
-0.00018
-0.00018
-0.00015
-0.00015
-0.00015
-0.00012
-0.00015
-0.00015
-0.00012
-0.00012
-0.00012
-0.00012
-0.00015
-0.00015
-0.00015
-0.00015
-0.00018
-0.00015
-0.00015
-0.00015
-0.00012
-0.00009
-0.00012
-0.00012
-0.00012
-0.00012
-0.00012
-0.00012
-0.00012
-0.00012
-0.00012
-0.00012
-0.00009
-0.00009
-0.00012
-0.00009
-0.00009
-0.00012
-0.00009
-0.00012
-0.00012
-0.00015
-0.00015
-0.00015
-0.00015
-0.00015
-0.00012
-0.00009
-0.00006
-0.00006
-0.00006
-0.00006
-0.00009
-0.00009
-0.00012
-0.00012
-0.00012
-0.00012
-0.00012
-0.00012
-0.00012
-0.00009
-0.00006
-0.00009
-0.00006
-0.00003
-0.00003
-0.00003
-0.00006
-0.00009
-0.00012
-0.00018
-0.00018
-0.00012
-0.00009
-0.00009
-0.00006
-0.00006
-0.00006
-0.00006
-0.00009
-0.00006
-0.00009
-0.00009
-0.00009
-0.00009
-0.00012
-0.00012
-0.00009
-0.00009
-0.00009
-0.00009
-0.00009
-0.00009
-0.00009
-0.00006
-0.00006
-0.00006
-0.00009
-0.00009
-0.00009
-0.00012
-0.00012
-0.00009
-0.00009
-0.00012
-0.00012
-0.00012
-0.00009
-0.00018
0.00000
-0.00009
0.00000
-0.00040
0.00000
-0.00070
0.00037
-0.00067
0.00055
-0.01587
-0.03552
-0.02588
-0.02530
0.00320
0.02048
0.02649
0.02188
0.01196
0.00781
0.00644
0.00772
-0.00586
-0.01392
-0.01440
-0.00943
0.00000
0.01019
0.00760
0.00223
0.00198
0.00134
0.00186
0.00391
0.00156
0.00067
0.00204
-0.00070
-0.00235
-0.00012
0.00107
0.00110
0.00125
-0.00043
-0.00055
0.00061
0.00131
0.00244
0.00388
0.00238
0.00085
0.00058
0.00085
0.00079
0.00034
-0.00110
-0.00143
-0.00018
0.00107
0.00131
0.00153
0.00131
0.00098
0.00143
0.00140
0.00067
0.00052
0.00064
0.00009
0.00046
0.00049
-0.00052
-0.00089
-0.00027
0.00012
0.00089
0.00049
-0.00037
-0.00067
-0.00061
-0.00012
0.00046
0.00101
0.00052
-0.00046
-0.00052
-0.00043
0.00000
-0.00003
-0.00037
-0.00006
0.00000
0.00000
-0.00024
-0.00055
-0.00049
-0.00085
-0.00055
-0.00070
0.00000
-0.00070
-0.00174
0.00070
-0.00107
-0.00024
-0.00027
-0.00134
-0.00024
-0.00177
-0.00238
-0.00253
-0.00226
-0.00208
-0.00165
-0.00012
0.00031
0.00079
0.00128
0.00134
0.00137
0.00153
0.00024
-0.00003
0.00067
0.00012
0.00003
-0.00110
-0.00204
-0.00220
-0.00195
-0.00211
-0.00204
-0.00137
-0.00049
0.00037
0.00089
0.00067
-0.00006
-0.00046
-0.00061
-0.00067
-0.00061
-0.00073
-0.00101
-0.00116
-0.00134
-0.00119
-0.00089
-0.00073
-0.00092
-0.00052
0.00018
0.00037
0.00003
-0.00012
-0.00003
-0.00003
-0.00027
-0.00049
-0.00073
-0.00082
-0.00092
-0.00098
-0.00095
-0.00079
-0.00031
0.00000
0.00003
-0.00006
-0.00015
0.00000
0.00000
0.00000
0.00000
0.00000
0.00000
0.00000
0.00000
0.00000
0.00000
0.00000
0.00000
0.00000
0.00000
0.00000
0.00000
0.00000
0.00000
0.00000
0.00000
0.00000
0.00000
0.00000
0.00000
0.00000
0.00000
0.00000
0.00000
0.00000
0.00000
0.00000
0.00000
0.00000
0.00000
0.00000
0.00000
0.00000
0.00000
0.00000
0.00000
0.00000
0.00000
0.00000
0.00000
0.00000
0.00000
0.00000
0.00000
0.00000
0.00000
0.00000
0.00000
0.00000
0.00000
0.00000
0.00000
0.00000
0.00000
0.00000
0.00000
0.00000
0.00000
0.00000
0.00000
0.00000
0.00000
0.00000
0.00000
0.00000
0.00000
0.00000
0.00000
0.00000
0.00000
0.00000
0.00000
0.00000
0.00000
0.00000
0.00000
0.00000
0.00000
0.00000
0.00000
0.00000
0.00000
0.00000
0.00000
0.00000
0.00000
0.00000
0.00000
0.00000
0.00000
0.00000
0.00000
0.00000
0.00000
0.00000
0.00000
0.00000
0.00000
0.00000
0.00000
0.00000
0.00000
0.00000
0.00000
0.00000
0.00000
0.00000
0.00000
0.00000
0.00000
0.00000
0.00000
0.00000
0.00000
0.00000
0.00000
0.00000
0.00000
0.00000
0.00000
0.00000
0.00000
0.00000
0.00000
0.00000
0.00000
0.00000
0.00000
0.00000
0.00000
0.00000
0.00000
0.00000
0.00000
0.00000
0.00000
0.00000
0.00000
0.00000
0.00000
0.00000
0.00000
0.00000
0.00000
0.00000
0.00000
0.00000
0.00000
0.00000
0.00000
0.00000
0.00000
