-0.00003
-0.00003
0.00000
-0.00003
-0.00003
-0.00003
-0.00003
-0.00003
-0.00003
-0.00003
-0.00003
0.00000
0.00000
-0.00003
-0.00003
-0.00003
-0.00003
-0.00003
-0.00003
-0.00006
-0.00003
-0.00003
-0.00003
-0.00003
-0.00003
-0.00003
0.00000
-0.00003
-0.00003
-0.00003
-0.00003
-0.00003
0.00000
0.00000
-0.00031
0.00015
0.00000
-0.00006
0.00000
-0.00006
0.00000
-0.00003
-0.00003
-0.00003
-0.00003
-0.00006
0.00000
0.00000
-0.00003
-0.00003
-0.00003
0.00000
-0.00003
-0.00003
-0.00003
-0.00003
-0.00006
-0.00003
0.00000
-0.00003
-0.00006
-0.00003
-0.00003
-0.00003
-0.00006
-0.00003
-0.00003
-0.00006
-0.00003
-0.00003
-0.00003
-0.00003
-0.00006
-0.00006
0.00000
-0.00006
-0.00006
-0.00003
-0.00006
-0.00006
-0.00006
-0.00006
-0.00006
-0.00006
-0.00006
-0.00006
-0.00006
-0.00009
-0.00006
-0.00006
-0.00006
-0.00006
-0.00003
-0.00003
-0.00003
-0.00006
-0.00006
-0.00006
-0.00006
-0.00009
-0.00006
-0.00006
-0.00006
-0.00009
-0.00006
-0.00009
-0.00009
-0.00006
-0.00009
-0.00009
-0.00009
-0.00009
-0.00009
-0.00009
-0.00009
-0.00009
-0.00009
-0.00006
-0.00006
-0.00012
-0.00009
-0.00009
-0.00009
-0.00012
-0.00009
-0.00009
-0.00012
-0.00009
-0.00009
-0.00012
-0.00009
-0.00009
-0.00012
-0.00009
-0.00009
-0.00009
-0.00009
-0.00009
-0.00012
-0.00012
-0.00012
-0.00012
-0.00009
-0.00009
-0.00009
-0.00012
-0.00009
-0.00009
-0.00012
-0.00015
-0.00012
-0.00012
-0.00015
-0.00012
-0.00009
-0.00012
-0.00012
-0.00009
-0.00009
-0.00012
-0.00012
-0.00012
-0.00015
-0.00012
-0.00015
-0.00015
-0.00015
-0.00015
-0.00012
-0.00012
-0.00012
-0.00012
-0.00012
-0.00012
-0.00015
-0.00018
-0.00015
-0.00015
-0.00015
-0.00015
-0.00015
-0.00015
-0.00015
-0.00015
-0.00015
-0.00018
-0.00018
-0.00012
-0.00009
-0.00012
-0.00012
-0.00024
-0.00018
-0.00031
-0.00021
-0.00031
0.00000
-0.00009
-0.00024
-0.00922
-0.03549
-0.03192
-0.01471
-0.00439
0.01172
0.02060
0.02216
0.01483
0.00793
0.00497
0.00845
0.00308
-0.01199
-0.01459
-0.00497
0.00107
0.00641
0.00632
0.00195
0.00018
0.00162
0.00116
0.00140
0.00272
-0.00098
-0.00168
0.00107
0.00052
-0.00024
-0.00046
-0.00043
0.00113
0.00262
0.00305
0.00180
0.00024
-0.00024
0.00095
0.00183
0.00156
0.00089
-0.00018
0.00003
0.00110
0.00076
0.00021
0.00061
0.00000
-0.00043
-0.00043
0.00006
0.00107
0.00174
0.00201
0.00092
0.00046
0.00052
0.00034
0.00058
0.00064
0.00000
-0.00101
-0.00134
-0.00082
-0.00034
0.00006
0.00027
0.00012
0.00003
0.00000
0.00018
0.00037
0.00052
0.00006
-0.00040
-0.00070
-0.00107
-0.00125
-0.00110
-0.00070
-0.00037
-0.00040
-0.00027
-0.00009
0.00021
-0.00046
-0.00027
0.00079
0.00000
-0.00055
-0.00101
-0.00098
-0.00067
-0.00101
-0.00186
-0.00226
-0.00201
-0.00269
-0.00262
-0.00131
-0.00067
-0.00058
-0.00018
-0.00043
0.00000
0.00101
0.00055
0.00031
0.00055
0.00073
0.00046
0.00021
0.00000
-0.00018
-0.00006
-0.00125
-0.00241
-0.00241
-0.00220
-0.00189
-0.00128
-0.00082
-0.00037
0.00003
0.00015
0.00003
-0.00006
-0.00034
-0.00079
-0.00082
-0.00070
-0.00076
-0.00085
-0.00116
-0.00159
-0.00140
-0.00079
-0.00040
-0.00049
-0.00070
-0.00058
-0.00009
0.00018
0.00000
-0.00024
-0.00049
-0.00073
-0.00089
-0.00067
-0.00046
-0.00052
-0.00067
-0.00064
-0.00046
-0.00034
-0.00031
-0.00031
-0.00043
-0.00058
-0.00052
-0.00018
0.00009
0.00006
-0.00015
-0.00021
-0.00021
-0.00040
-0.00049
-0.00040
-0.00027
-0.00027
-0.00052
-0.00076
-0.00082
-0.00055
-0.00034
-0.00009
-0.00006
0.00000
0.00000
0.00000
0.00000
0.00000
0.00000
0.00000
0.00000
0.00000
0.00000
0.00000
0.00000
0.00000
0.00000
0.00000
0.00000
0.00000
0.00000
0.00000
0.00000
0.00000
0.00000
0.00000
0.00000
0.00000
0.00000
0.00000
0.00000
0.00000
0.00000
0.00000
0.00000
0.00000
0.00000
0.00000
0.00000
0.00000
0.00000
0.00000
0.00000
0.00000
0.00000
0.00000
0.00000
0.00000
0.00000
0.00000
0.00000
0.00000
0.00000
0.00000
0.00000
0.00000
0.00000
0.00000
0.00000
0.00000
0.00000
0.00000
0.00000
0.00000
0.00000
0.00000
0.00000
0.00000
0.00000
0.00000
0.00000
0.00000
0.00000
0.00000
0.00000
0.00000
0.00000
0.00000
0.00000
0.00000
0.00000
0.00000
0.00000
0.00000
0.00000
0.00000
0.00000
0.00000
0.00000
0.00000
0.00000
0.00000
0.00000
0.00000
0.00000
0.00000
0.00000
0.00000
0.00000
0.00000
0.00000
0.00000
0.00000
0.00000
0.00000
0.00000
0.00000
0.00000
0.00000
0.00000
0.00000
0.00000
0.00000
0.00000
0.00000
0.00000
0.00000
0.00000
0.00000
0.00000
0.00000
0.00000
0.00000
0.00000
0.00000
0.00000
0.00000
0.00000
0.00000
0.00000
0.00000
0.00000
0.00000
0.00000
0.00000
0.00000
0.00000
