-0.00012
-0.00006
-0.00012
-0.00015
-0.00009
-0.00009
-0.00009
-0.00009
-0.00006
-0.00009
-0.00006
-0.00012
-0.00009
0.00000
-0.00003
-0.00012
-0.00012
-0.00009
-0.00018
-0.00015
-0.00015
-0.00009
-0.00006
-0.00009
-0.00009
-0.00009
-0.00006
-0.00015
-0.00015
-0.00006
-0.00009
-0.00015
-0.00015
-0.00003
-0.00027
-0.00003
-0.00015
-0.00009
-0.00006
-0.00015
-0.00009
-0.00009
-0.00003
-0.00012
-0.00009
-0.00009
-0.00018
-0.00021
-0.00018
-0.00018
-0.00021
-0.00018
-0.00009
-0.00009
-0.00006
0.00000
-0.00009
-0.00006
-0.00015
-0.00024
-0.00012
-0.00024
-0.00031
-0.00024
-0.00015
-0.00003
-0.00009
-0.00003
-0.00003
-0.00003
-0.00006
-0.00012
-0.00015
-0.00015
-0.00009
-0.00018
-0.00018
-0.00012
-0.00015
-0.00012
-0.00003
-0.00006
-0.00006
-0.00009
-0.00015
-0.00018
-0.00015
-0.00018
-0.00021
-0.00015
-0.00012
-0.00018
-0.00012
-0.00009
-0.00018
-0.00021
-0.00021
-0.00018
-0.00018
-0.00012
-0.00009
-0.00009
-0.00006
-0.00006
-0.00009
-0.00015
-0.00009
-0.00012
-0.00024
-0.00012
-0.00009
-0.00012
-0.00009
-0.00009
-0.00012
-0.00012
-0.00012
-0.00012
-0.00003
-0.00009
-0.00018
-0.00012
-0.00003
-0.00015
-0.00021
-0.00018
-0.00015
-0.00015
-0.00012
0.00000
-0.00006
-0.00009
-0.00009
-0.00006
-0.00006
-0.00015
-0.00018
-0.00021
-0.00018
-0.00024
-0.00018
-0.00015
-0.00015
-0.00015
-0.00015
-0.00012
-0.00015
-0.00009
-0.00015
-0.00012
-0.00012
-0.00015
-0.00012
-0.00012
-0.00015
-0.00021
-0.00021
-0.00018
-0.00015
-0.00018
-0.00021
-0.00015
-0.00018
-0.00018
-0.00012
-0.00012
-0.00012
-0.00018
-0.00021
-0.00018
-0.00012
-0.00015
-0.00015
-0.00021
-0.00018
-0.00027
-0.00009
-0.00037
0.00000
-0.00058
0.00021
-0.00092
0.00061
-0.00150
-0.00021
-0.04401
-0.10632
-0.04047
-0.00424
0.01172
0.07166
0.07867
0.05298
0.01242
-0.00235
0.00229
0.01874
-0.01685
-0.06018
-0.03149
0.00156
0.00851
0.02158
0.01990
-0.00217
-0.00317
0.00027
0.00009
0.01187
0.01111
-0.00491
-0.00281
0.00391
-0.00409
-0.00464
-0.00235
-0.00098
-0.00049
-0.00055
0.00186
0.00085
0.00183
0.00369
0.00406
0.00317
0.00320
0.00064
-0.00305
-0.00116
0.00034
-0.00204
-0.00113
-0.00021
-0.00302
-0.00095
0.00256
0.00150
0.00119
0.00360
0.00320
0.00055
0.00015
-0.00012
0.00000
0.00027
-0.00104
-0.00220
-0.00311
-0.00232
-0.00119
0.00006
0.00089
-0.00070
-0.00217
-0.00122
0.00122
0.00201
0.00336
0.00476
0.00198
-0.00046
-0.00168
-0.00232
-0.00275
-0.00360
-0.00287
-0.00159
-0.00070
-0.00049
-0.00067
0.00082
0.00046
-0.00089
-0.00101
-0.00061
-0.00055
-0.00137
-0.00098
-0.00046
-0.00116
-0.00143
-0.00162
-0.00150
-0.00119
-0.00125
-0.00140
-0.00214
-0.00064
0.00061
-0.00259
-0.00192
-0.00064
-0.00110
0.00092
-0.00027
-0.00198
-0.00061
-0.00034
-0.00125
0.00055
0.00241
0.00122
0.00119
0.00156
0.00049
0.00049
-0.00027
-0.00290
-0.00198
-0.00116
-0.00275
-0.00204
-0.00107
-0.00140
-0.00040
0.00067
0.00009
-0.00024
-0.00073
-0.00171
-0.00131
-0.00055
-0.00064
-0.00061
-0.00027
-0.00055
-0.00122
-0.00098
-0.00031
-0.00003
0.00024
0.00027
-0.00003
-0.00052
-0.00052
-0.00052
-0.00085
-0.00156
-0.00168
-0.00101
-0.00037
0.00000
-0.00012
-0.00055
-0.00052
-0.00006
0.00043
0.00079
0.00076
0.00000
0.00000
0.00000
0.00000
0.00000
0.00000
0.00000
0.00000
0.00000
0.00000
0.00000
0.00000
0.00000
0.00000
0.00000
0.00000
0.00000
0.00000
0.00000
0.00000
0.00000
0.00000
0.00000
0.00000
0.00000
0.00000
0.00000
0.00000
0.00000
0.00000
0.00000
0.00000
0.00000
0.00000
0.00000
0.00000
0.00000
0.00000
0.00000
0.00000
0.00000
0.00000
0.00000
0.00000
0.00000
0.00000
0.00000
0.00000
0.00000
0.00000
0.00000
0.00000
0.00000
0.00000
0.00000
0.00000
0.00000
0.00000
0.00000
0.00000
0.00000
0.00000
0.00000
0.00000
0.00000
0.00000
0.00000
0.00000
0.00000
0.00000
0.00000
0.00000
0.00000
0.00000
0.00000
0.00000
0.00000
0.00000
0.00000
0.00000
0.00000
0.00000
0.00000
0.00000
0.00000
0.00000
0.00000
0.00000
0.00000
0.00000
0.00000
0.00000
0.00000
0.00000
0.00000
0.00000
0.00000
0.00000
0.00000
0.00000
0.00000
0.00000
0.00000
0.00000
0.00000
0.00000
0.00000
0.00000
0.00000
0.00000
0.00000
0.00000
0.00000
0.00000
0.00000
0.00000
0.00000
0.00000
0.00000
0.00000
0.00000
0.00000
0.00000
0.00000
0.00000
0.00000
0.00000
0.00000
0.00000
0.00000
0.00000
0.00000
0.00000
0.00000
0.00000
0.00000
0.00000
0.00000
0.00000
0.00000
0.00000
0.00000
0.00000
0.00000
0.00000
0.00000
0.00000
0.00000
0.00000
0.00000
0.00000
0.00000
0.00000
0.00000
0.00000
0.00000
0.00000
0.00000
0.00000
0.00000
0.00000
0.00000
0.00000
