-0.00034
-0.00034
-0.00034
-0.00034
-0.00031
-0.00034
-0.00034
-0.00034
-0.00034
-0.00031
-0.00031
-0.00034
-0.00031
-0.00031
-0.00031
-0.00034
-0.00034
-0.00034
-0.00034
-0.00037
-0.00034
-0.00034
-0.00034
-0.00031
-0.00031
-0.00034
-0.00034
-0.00034
-0.00031
-0.00034
-0.00034
-0.00031
-0.00031
-0.00034
-0.00061
-0.00015
-0.00031
-0.00037
-0.00031
-0.00034
-0.00027
-0.00034
-0.00031
-0.00031
-0.00031
-0.00034
-0.00034
-0.00031
-0.00034
-0.00034
-0.00031
-0.00031
-0.00034
-0.00034
-0.00031
-0.00034
-0.00037
-0.00037
-0.00034
-0.00034
-0.00031
-0.00034
-0.00031
-0.00034
-0.00034
-0.00034
-0.00034
-0.00034
-0.00034
-0.00034
-0.00034
-0.00031
-0.00031
-0.00031
-0.00031
-0.00031
-0.00031
-0.00027
-0.00027
-0.00031
-0.00031
-0.00031
-0.00031
-0.00034
-0.00031
-0.00027
-0.00031
-0.00031
-0.00027
-0.00027
-0.00031
-0.00027
-0.00027
-0.00027
-0.00031
-0.00027
-0.00027
-0.00027
-0.00027
-0.00024
-0.00024
-0.00024
-0.00027
-0.00027
-0.00024
-0.00031
-0.00027
-0.00024
-0.00024
-0.00024
-0.00024
-0.00021
-0.00021
-0.00024
-0.00021
-0.00024
-0.00024
-0.00024
-0.00024
-0.00024
-0.00024
-0.00024
-0.00024
-0.00024
-0.00027
-0.00027
-0.00024
-0.00024
-0.00024
-0.00024
-0.00021
-0.00021
-0.00024
-0.00021
-0.00018
-0.00021
-0.00024
-0.00021
-0.00021
-0.00024
-0.00027
-0.00024
-0.00021
-0.00021
-0.00024
-0.00018
-0.00018
-0.00021
-0.00021
-0.00021
-0.00021
-0.00021
-0.00021
-0.00018
-0.00018
-0.00021
-0.00018
-0.00018
-0.00018
-0.00018
-0.00018
-0.00018
-0.00021
-0.00021
-0.00018
-0.00015
-0.00018
-0.00018
-0.00018
-0.00015
-0.00018
-0.00021
-0.00015
-0.00015
-0.00018
-0.00018
-0.00015
-0.00015
-0.00018
-0.00018
-0.00015
-0.00018
-0.00015
-0.00015
-0.00015
-0.00018
-0.00015
-0.00009
-0.00012
-0.00009
-0.00018
-0.00018
-0.00021
-0.00031
-0.00021
-0.00024
0.00021
-0.00021
-0.00226
-0.02231
-0.03232
-0.02457
-0.01260
0.00552
0.01767
0.02222
0.01529
0.00980
0.00555
0.00833
0.00671
-0.00491
-0.01370
-0.01038
-0.00287
0.00330
0.00879
0.00531
0.00159
0.00095
0.00070
0.00235
0.00241
0.00018
-0.00128
0.00003
0.00113
-0.00012
-0.00021
0.00049
0.00153
0.00195
0.00201
0.00119
0.00021
0.00006
0.00146
0.00266
0.00241
0.00131
-0.00031
-0.00034
0.00076
0.00110
0.00076
0.00070
0.00040
0.00018
0.00040
0.00055
0.00012
0.00113
0.00171
0.00128
0.00125
0.00058
0.00058
0.00104
0.00076
0.00052
0.00006
-0.00064
-0.00104
-0.00085
0.00003
0.00061
0.00049
0.00003
-0.00003
0.00052
0.00076
0.00055
0.00058
0.00018
-0.00027
-0.00061
-0.00079
-0.00082
-0.00073
-0.00052
-0.00027
-0.00018
-0.00024
0.00000
0.00095
0.00015
-0.00052
0.00070
0.00000
0.00000
-0.00073
-0.00076
-0.00037
-0.00085
-0.00104
-0.00217
-0.00186
-0.00229
-0.00272
-0.00122
-0.00024
-0.00012
0.00000
0.00015
0.00046
0.00150
0.00113
0.00046
0.00079
0.00095
0.00095
0.00034
0.00021
0.00000
-0.00037
-0.00131
-0.00235
-0.00250
-0.00183
-0.00125
-0.00073
-0.00009
0.00031
0.00052
0.00037
0.00009
-0.00003
-0.00021
-0.00043
-0.00046
-0.00052
-0.00058
-0.00079
-0.00110
-0.00125
-0.00082
-0.00015
0.00000
-0.00024
-0.00040
-0.00015
0.00024
0.00046
0.00031
0.00003
-0.00027
-0.00061
-0.00061
-0.00031
-0.00018
-0.00027
-0.00037
-0.00018
0.00000
0.00003
0.00006
-0.00003
-0.00021
-0.00031
-0.00012
0.00034
0.00052
0.00040
0.00009
-0.00006
-0.00012
-0.00021
-0.00012
0.00000
-0.00003
0.00000
0.00000
0.00000
0.00000
0.00000
0.00000
0.00000
0.00000
0.00000
0.00000
0.00000
0.00000
0.00000
0.00000
0.00000
0.00000
0.00000
0.00000
0.00000
0.00000
0.00000
0.00000
0.00000
0.00000
0.00000
0.00000
0.00000
0.00000
0.00000
0.00000
0.00000
0.00000
0.00000
0.00000
0.00000
0.00000
0.00000
0.00000
0.00000
0.00000
0.00000
0.00000
0.00000
0.00000
0.00000
0.00000
0.00000
0.00000
0.00000
0.00000
0.00000
0.00000
0.00000
0.00000
0.00000
0.00000
0.00000
0.00000
0.00000
0.00000
0.00000
0.00000
0.00000
0.00000
0.00000
0.00000
0.00000
0.00000
0.00000
0.00000
0.00000
0.00000
0.00000
0.00000
0.00000
0.00000
0.00000
0.00000
0.00000
0.00000
0.00000
0.00000
0.00000
0.00000
0.00000
0.00000
0.00000
0.00000
0.00000
0.00000
0.00000
0.00000
0.00000
0.00000
0.00000
0.00000
0.00000
0.00000
0.00000
0.00000
0.00000
0.00000
0.00000
0.00000
0.00000
0.00000
0.00000
0.00000
0.00000
0.00000
0.00000
0.00000
0.00000
0.00000
0.00000
0.00000
0.00000
0.00000
0.00000
0.00000
0.00000
0.00000
0.00000
0.00000
0.00000
0.00000
0.00000
0.00000
0.00000
0.00000
0.00000
0.00000
0.00000
0.00000
0.00000
0.00000
0.00000
0.00000
0.00000
0.00000
0.00000
0.00000
