-0.00012
-0.00012
-0.00015
-0.00012
-0.00015
-0.00018
-0.00021
-0.00018
-0.00018
-0.00018
-0.00015
-0.00015
-0.00018
-0.00018
-0.00018
-0.00018
-0.00018
-0.00015
-0.00015
-0.00015
-0.00015
-0.00015
-0.00015
-0.00015
-0.00018
-0.00018
-0.00018
-0.00018
-0.00018
-0.00018
-0.00015
-0.00021
-0.00021
-0.00015
-0.00046
0.00000
-0.00012
-0.00015
-0.00012
-0.00018
-0.00009
-0.00012
-0.00012
-0.00015
-0.00018
-0.00018
-0.00024
-0.00021
-0.00018
-0.00021
-0.00018
-0.00015
-0.00012
-0.00015
-0.00015
-0.00012
-0.00018
-0.00021
-0.00018
-0.00018
-0.00018
-0.00018
-0.00015
-0.00012
-0.00015
-0.00024
-0.00015
-0.00018
-0.00018
-0.00021
-0.00018
-0.00015
-0.00021
-0.00021
-0.00012
-0.00012
-0.00018
-0.00015
-0.00015
-0.00015
-0.00015
-0.00012
-0.00009
-0.00015
-0.00015
-0.00012
-0.00009
-0.00015
-0.00021
-0.00018
-0.00018
-0.00021
-0.00021
-0.00012
-0.00012
-0.00015
-0.00015
-0.00012
-0.00012
-0.00012
-0.00015
-0.00012
-0.00015
-0.00018
-0.00015
-0.00015
-0.00018
-0.00021
-0.00018
-0.00015
-0.00015
-0.00015
-0.00009
-0.00012
-0.00015
-0.00012
-0.00012
-0.00015
-0.00018
-0.00015
-0.00015
-0.00015
-0.00015
-0.00012
-0.00012
-0.00015
-0.00015
-0.00012
-0.00012
-0.00015
-0.00015
-0.00009
-0.00009
-0.00009
-0.00012
-0.00012
-0.00015
-0.00018
-0.00018
-0.00012
-0.00012
-0.00015
-0.00015
-0.00009
-0.00009
-0.00012
-0.00006
-0.00009
-0.00015
-0.00015
-0.00012
-0.00015
-0.00018
-0.00015
-0.00012
-0.00015
-0.00012
-0.00009
-0.00006
-0.00012
-0.00012
-0.00009
-0.00006
-0.00012
-0.00012
-0.00012
-0.00012
-0.00012
-0.00015
-0.00012
-0.00009
-0.00015
-0.00012
-0.00012
-0.00012
-0.00012
-0.00015
-0.00009
-0.00009
-0.00015
-0.00012
-0.00015
-0.00006
-0.00024
-0.00003
-0.00018
-0.00018
-0.00018
-0.00058
0.00021
-0.00089
-0.00656
-0.05371
-0.04276
-0.03174
-0.01004
0.04065
0.04202
0.04346
0.01785
0.00928
0.00397
0.00787
-0.00516
-0.02365
-0.02350
-0.01416
-0.00320
0.01654
0.01935
0.00256
-0.00125
-0.00134
0.00006
0.00497
0.00388
-0.00027
0.00171
0.00241
-0.00278
-0.00198
0.00006
-0.00220
-0.00070
0.00046
0.00046
0.00116
0.00101
0.00171
0.00473
0.00543
0.00159
-0.00061
-0.00089
-0.00027
0.00070
0.00073
-0.00061
-0.00052
-0.00064
0.00009
0.00089
0.00189
0.00092
0.00104
0.00220
0.00208
0.00146
0.00027
0.00009
0.00085
0.00040
-0.00070
-0.00235
-0.00146
-0.00037
-0.00003
0.00070
0.00049
0.00043
0.00006
-0.00034
0.00003
0.00021
0.00031
-0.00009
-0.00012
0.00040
0.00085
0.00055
-0.00012
-0.00058
-0.00070
-0.00119
-0.00116
-0.00085
-0.00012
-0.00012
-0.00034
-0.00021
-0.00040
-0.00055
-0.00058
-0.00070
-0.00046
-0.00131
-0.00113
-0.00128
-0.00104
-0.00104
-0.00259
-0.00128
-0.00134
-0.00110
-0.00073
-0.00128
-0.00095
-0.00009
0.00015
0.00055
0.00085
0.00049
0.00003
0.00143
0.00125
0.00095
0.00092
0.00064
0.00000
0.00003
-0.00171
-0.00266
-0.00284
-0.00284
-0.00232
-0.00107
-0.00015
0.00027
0.00095
0.00079
0.00040
0.00031
0.00003
-0.00049
-0.00098
-0.00174
-0.00214
-0.00195
-0.00119
-0.00058
-0.00021
-0.00012
-0.00034
-0.00034
0.00000
0.00000
0.00000
0.00000
0.00000
0.00000
0.00000
0.00000
0.00000
0.00000
0.00000
0.00000
0.00000
0.00000
0.00000
0.00000
0.00000
0.00000
0.00000
0.00000
0.00000
0.00000
0.00000
0.00000
0.00000
0.00000
0.00000
0.00000
0.00000
0.00000
0.00000
0.00000
0.00000
0.00000
0.00000
0.00000
0.00000
0.00000
0.00000
0.00000
0.00000
0.00000
0.00000
0.00000
0.00000
0.00000
0.00000
0.00000
0.00000
0.00000
0.00000
0.00000
0.00000
0.00000
0.00000
0.00000
0.00000
0.00000
0.00000
0.00000
0.00000
0.00000
0.00000
0.00000
0.00000
0.00000
0.00000
0.00000
0.00000
0.00000
0.00000
0.00000
0.00000
0.00000
0.00000
0.00000
0.00000
0.00000
0.00000
0.00000
0.00000
0.00000
0.00000
0.00000
0.00000
0.00000
0.00000
0.00000
0.00000
0.00000
0.00000
0.00000
0.00000
0.00000
0.00000
0.00000
0.00000
0.00000
0.00000
0.00000
0.00000
0.00000
0.00000
0.00000
0.00000
0.00000
0.00000
0.00000
0.00000
0.00000
0.00000
0.00000
0.00000
0.00000
0.00000
0.00000
0.00000
0.00000
0.00000
0.00000
0.00000
0.00000
0.00000
0.00000
0.00000
0.00000
0.00000
0.00000
0.00000
0.00000
0.00000
0.00000
0.00000
0.00000
0.00000
0.00000
0.00000
0.00000
0.00000
0.00000
0.00000
0.00000
0.00000
0.00000
0.00000
0.00000
0.00000
0.00000
0.00000
0.00000
0.00000
0.00000
0.00000
0.00000
0.00000
0.00000
0.00000
0.00000
0.00000
0.00000
0.00000
0.00000
0.00000
0.00000
0.00000
0.00000
0.00000
0.00000
0.00000
0.00000
0.00000
0.00000
0.00000
0.00000
0.00000
0.00000
0.00000
0.00000
