-0.00034
-0.00034
-0.00034
-0.00037
-0.00040
-0.00034
-0.00031
-0.00037
-0.00031
-0.00027
-0.00031
-0.00034
-0.00037
-0.00040
-0.00037
-0.00031
-0.00034
-0.00034
-0.00034
-0.00034
-0.00037
-0.00034
-0.00037
-0.00034
-0.00031
-0.00034
-0.00037
-0.00037
-0.00040
-0.00037
-0.00034
-0.00040
-0.00034
-0.00027
-0.00034
-0.00040
-0.00040
-0.00040
-0.00043
-0.00034
-0.00027
-0.00037
-0.00034
-0.00037
-0.00037
-0.00037
-0.00037
-0.00037
-0.00037
-0.00037
-0.00040
-0.00040
-0.00037
-0.00040
-0.00034
-0.00034
-0.00040
-0.00037
-0.00037
-0.00040
-0.00037
-0.00034
-0.00037
-0.00034
-0.00034
-0.00037
-0.00040
-0.00040
-0.00040
-0.00040
-0.00037
-0.00034
-0.00034
-0.00037
-0.00037
-0.00034
-0.00037
-0.00037
-0.00034
-0.00037
-0.00034
-0.00037
-0.00037
-0.00031
-0.00024
-0.00027
-0.00037
-0.00037
-0.00034
-0.00037
-0.00037
-0.00027
-0.00027
-0.00037
-0.00037
-0.00034
-0.00037
-0.00037
-0.00037
-0.00034
-0.00031
-0.00031
-0.00034
-0.00031
-0.00027
-0.00037
-0.00034
-0.00027
-0.00031
-0.00034
-0.00034
-0.00027
-0.00031
-0.00034
-0.00031
-0.00031
-0.00034
-0.00034
-0.00031
-0.00027
-0.00031
-0.00031
-0.00031
-0.00034
-0.00034
-0.00034
-0.00031
-0.00027
-0.00031
-0.00027
-0.00024
-0.00027
-0.00031
-0.00031
-0.00027
-0.00034
-0.00034
-0.00027
-0.00027
-0.00027
-0.00031
-0.00031
-0.00031
-0.00031
-0.00031
-0.00027
-0.00027
-0.00024
-0.00024
-0.00027
-0.00027
-0.00027
-0.00027
-0.00024
-0.00021
-0.00024
-0.00024
-0.00021
-0.00024
-0.00027
-0.00024
-0.00021
-0.00027
-0.00024
-0.00027
-0.00034
-0.00027
-0.00024
-0.00024
-0.00021
-0.00018
-0.00018
-0.00021
-0.00024
-0.00021
-0.00024
-0.00027
-0.00027
-0.00024
-0.00024
-0.00024
-0.00021
-0.00024
-0.00021
-0.00021
-0.00027
-0.00018
-0.00018
-0.00027
-0.00031
-0.00027
-0.00015
-0.00037
-0.00018
-0.00043
0.00006
-0.00058
0.00040
-0.00110
0.00031
-0.01712
-0.03387
-0.02020
-0.02148
-0.01764
0.00259
0.02899
0.03848
0.02774
0.01508
0.00635
-0.00449
-0.01001
-0.01334
-0.00623
0.00067
-0.00348
0.00021
0.00574
0.00290
-0.00076
-0.00153
-0.00415
-0.00479
-0.00369
-0.00308
0.00070
0.00644
0.00903
0.00662
0.00629
0.00412
-0.00107
-0.00192
-0.00171
-0.00226
-0.00073
0.00244
0.00409
0.00357
0.00375
0.00259
0.00146
0.00024
-0.00052
-0.00027
-0.00031
-0.00031
-0.00055
-0.00037
0.00046
0.00021
0.00000
0.00067
0.00195
0.00171
0.00089
0.00156
0.00195
0.00131
0.00156
0.00140
0.00034
-0.00040
-0.00092
-0.00137
-0.00143
-0.00095
-0.00058
0.00000
0.00058
0.00046
0.00049
0.00101
0.00089
0.00009
0.00000
0.00006
0.00000
-0.00046
-0.00058
-0.00052
-0.00061
-0.00073
-0.00079
-0.00070
-0.00055
-0.00055
-0.00024
0.00015
0.00000
-0.00018
-0.00052
-0.00058
-0.00052
-0.00055
-0.00067
-0.00082
-0.00082
-0.00098
-0.00110
-0.00119
-0.00134
-0.00098
-0.00058
-0.00021
0.00006
-0.00018
-0.00034
-0.00037
-0.00031
-0.00018
-0.00027
-0.00015
-0.00037
-0.00052
-0.00058
-0.00082
-0.00092
-0.00089
-0.00110
-0.00119
-0.00134
-0.00134
-0.00101
-0.00058
-0.00015
-0.00006
0.00000
-0.00009
-0.00018
-0.00027
-0.00067
-0.00107
-0.00104
-0.00085
-0.00092
-0.00104
-0.00082
-0.00052
-0.00024
0.00000
0.00012
0.00006
-0.00012
-0.00006
-0.00003
0.00000
-0.00009
-0.00034
-0.00040
-0.00049
-0.00052
-0.00043
-0.00058
-0.00061
-0.00070
-0.00058
-0.00027
-0.00015
0.00003
0.00015
0.00021
0.00027
0.00027
0.00021
0.00015
-0.00009
-0.00034
-0.00043
-0.00052
-0.00067
-0.00073
-0.00064
-0.00037
0.00000
0.00018
0.00000
0.00000
0.00000
0.00000
0.00000
0.00000
0.00000
0.00000
0.00000
0.00000
0.00000
0.00000
0.00000
0.00000
0.00000
0.00000
0.00000
0.00000
0.00000
0.00000
0.00000
0.00000
0.00000
0.00000
0.00000
0.00000
0.00000
0.00000
0.00000
0.00000
0.00000
0.00000
0.00000
0.00000
0.00000
0.00000
0.00000
0.00000
0.00000
0.00000
0.00000
0.00000
0.00000
0.00000
0.00000
0.00000
0.00000
0.00000
0.00000
0.00000
0.00000
0.00000
0.00000
0.00000
0.00000
0.00000
0.00000
0.00000
0.00000
0.00000
0.00000
0.00000
0.00000
0.00000
0.00000
0.00000
0.00000
0.00000
0.00000
0.00000
0.00000
0.00000
0.00000
0.00000
0.00000
0.00000
0.00000
0.00000
0.00000
0.00000
0.00000
0.00000
0.00000
0.00000
0.00000
0.00000
0.00000
0.00000
0.00000
0.00000
0.00000
0.00000
0.00000
0.00000
0.00000
0.00000
0.00000
0.00000
0.00000
0.00000
0.00000
0.00000
0.00000
0.00000
0.00000
0.00000
0.00000
0.00000
0.00000
0.00000
0.00000
0.00000
0.00000
0.00000
0.00000
0.00000
0.00000
0.00000
0.00000
0.00000
0.00000
0.00000
0.00000
0.00000
0.00000
0.00000
0.00000
0.00000
0.00000
0.00000
0.00000
0.00000
0.00000
0.00000
0.00000
