-0.00018
-0.00021
-0.00024
-0.00027
-0.00018
-0.00027
-0.00024
-0.00021
-0.00027
-0.00024
-0.00024
-0.00027
-0.00027
-0.00027
-0.00024
-0.00031
-0.00031
-0.00027
-0.00015
-0.00021
-0.00018
-0.00018
-0.00021
-0.00037
-0.00043
-0.00034
-0.00037
-0.00031
-0.00024
-0.00018
-0.00021
-0.00018
-0.00021
-0.00031
-0.00034
-0.00037
-0.00021
-0.00018
-0.00027
-0.00027
-0.00027
-0.00034
-0.00034
-0.00031
-0.00031
-0.00021
-0.00018
-0.00024
-0.00031
-0.00034
-0.00034
-0.00034
-0.00027
-0.00027
-0.00031
-0.00024
-0.00031
-0.00034
-0.00027
-0.00034
-0.00024
-0.00027
-0.00040
-0.00021
-0.00046
-0.00021
-0.00027
-0.00037
-0.00040
-0.00040
-0.00021
-0.00031
-0.00031
-0.00027
-0.00027
-0.00034
-0.00034
-0.00027
-0.00024
-0.00027
-0.00024
-0.00034
-0.00040
-0.00031
-0.00040
-0.00037
-0.00027
-0.00027
-0.00034
-0.00021
-0.00009
-0.00037
-0.00046
-0.00040
-0.00043
-0.00031
-0.00021
-0.00021
-0.00024
-0.00034
-0.00037
-0.00043
-0.00043
-0.00040
-0.00027
-0.00015
-0.00015
-0.00018
-0.00037
-0.00031
-0.00040
-0.00049
-0.00049
-0.00037
-0.00031
-0.00034
-0.00018
-0.00021
-0.00031
-0.00034
-0.00031
-0.00034
-0.00031
-0.00034
-0.00040
-0.00034
-0.00031
-0.00034
-0.00024
-0.00024
-0.00034
-0.00037
-0.00024
-0.00031
-0.00027
-0.00021
-0.00031
-0.00027
-0.00027
-0.00027
-0.00037
-0.00040
-0.00037
-0.00034
-0.00040
-0.00034
-0.00024
-0.00031
-0.00027
-0.00027
-0.00021
-0.00031
-0.00040
-0.00031
-0.00031
-0.00024
-0.00034
-0.00034
-0.00043
-0.00043
-0.00040
-0.00040
-0.00024
-0.00027
-0.00037
-0.00034
-0.00031
-0.00027
-0.00037
-0.00027
-0.00037
-0.00049
-0.00043
-0.00034
-0.00031
-0.00024
-0.00031
-0.00012
-0.00055
-0.00006
-0.00095
0.00037
-0.00119
0.00049
-0.00095
-0.00012
0.00018
-0.00211
-0.01944
-0.16455
-0.06219
-0.08383
0.02707
0.19745
0.16547
0.07101
-0.05756
0.00290
-0.05081
-0.05469
-0.04053
-0.00681
0.03470
0.03391
-0.01038
0.00854
0.01569
-0.02490
-0.01044
0.03040
0.00549
-0.01410
0.00430
0.00238
0.00058
0.00497
-0.00021
-0.01294
0.00766
-0.00125
-0.00806
0.00320
0.00574
-0.00647
-0.00095
0.01102
0.00302
0.00034
0.00510
0.00473
-0.00696
-0.00436
-0.00388
-0.00064
-0.00024
0.00333
0.00119
-0.00079
-0.00192
-0.00131
-0.00092
0.00717
0.00659
0.00116
0.00266
0.00317
-0.00021
-0.00406
0.00031
0.00058
-0.00494
-0.00369
-0.00012
-0.00070
-0.00101
-0.00015
0.00195
0.00186
-0.00092
-0.00061
-0.00079
0.00189
-0.00003
-0.00061
-0.00076
-0.00143
-0.00302
-0.00250
0.00003
0.00214
-0.00201
-0.00125
-0.00092
-0.00186
-0.00180
-0.00073
0.00085
0.00082
0.00000
0.00070
0.00009
0.00000
-0.00140
-0.00198
-0.00131
-0.00269
-0.00299
-0.00262
-0.00238
-0.00128
-0.00122
0.00089
0.00128
0.00073
0.00085
-0.00049
-0.00070
-0.00113
-0.00058
0.00018
-0.00015
-0.00034
-0.00067
-0.00040
-0.00052
-0.00137
-0.00122
-0.00180
-0.00253
-0.00217
-0.00134
-0.00085
-0.00027
0.00079
0.00107
0.00012
-0.00037
-0.00089
-0.00107
-0.00116
-0.00146
-0.00140
-0.00165
-0.00174
-0.00156
-0.00070
0.00040
0.00034
0.00052
0.00070
0.00073
0.00037
0.00006
0.00067
0.00034
-0.00043
-0.00089
-0.00076
-0.00031
-0.00046
-0.00043
0.00000
-0.00058
-0.00110
-0.00089
-0.00031
0.00012
0.00003
0.00052
0.00076
0.00061
0.00061
0.00058
0.00015
-0.00055
-0.00107
-0.00079
-0.00058
-0.00037
-0.00027
0.00024
0.00067
0.00061
0.00058
0.00040
0.00055
0.00012
0.00043
0.00101
0.00089
0.00052
0.00018
0.00012
0.00000
-0.00040
-0.00061
-0.00064
-0.00079
-0.00058
0.00000
0.00076
0.00095
0.00073
0.00061
0.00040
0.00031
0.00046
0.00070
0.00067
0.00024
0.00021
-0.00012
-0.00061
-0.00085
-0.00079
0.00021
0.00000
0.00000
0.00000
0.00000
0.00000
0.00000
0.00000
0.00000
0.00000
0.00000
0.00000
0.00000
0.00000
0.00000
0.00000
0.00000
0.00000
0.00000
0.00000
0.00000
0.00000
0.00000
0.00000
0.00000
0.00000
0.00000
0.00000
0.00000
0.00000
0.00000
0.00000
0.00000
0.00000
0.00000
0.00000
0.00000
0.00000
0.00000
0.00000
0.00000
0.00000
0.00000
0.00000
0.00000
0.00000
0.00000
0.00000
0.00000
0.00000
0.00000
0.00000
0.00000
0.00000
0.00000
0.00000
0.00000
0.00000
0.00000
0.00000
0.00000
0.00000
0.00000
0.00000
0.00000
0.00000
0.00000
0.00000
0.00000
0.00000
0.00000
0.00000
0.00000
0.00000
0.00000
0.00000
0.00000
0.00000
0.00000
0.00000
0.00000
0.00000
0.00000
0.00000
0.00000
0.00000
0.00000
0.00000
0.00000
0.00000
0.00000
0.00000
0.00000
0.00000
0.00000
0.00000
0.00000
0.00000
0.00000
0.00000
0.00000
0.00000
0.00000
0.00000
0.00000
0.00000
0.00000
0.00000
0.00000
0.00000
0.00000
0.00000
0.00000
0.00000
0.00000
0.00000
0.00000
