-0.00037
-0.00040
-0.00040
-0.00037
-0.00034
-0.00037
-0.00037
-0.00037
-0.00037
-0.00040
-0.00037
-0.00034
-0.00037
-0.00037
-0.00040
-0.00037
-0.00040
-0.00040
-0.00037
-0.00034
-0.00037
-0.00034
-0.00031
-0.00034
-0.00037
-0.00037
-0.00037
-0.00037
-0.00037
-0.00037
-0.00037
-0.00034
-0.00034
-0.00034
-0.00034
-0.00034
-0.00037
-0.00034
-0.00034
-0.00040
-0.00034
-0.00034
-0.00034
-0.00034
-0.00034
-0.00031
-0.00031
-0.00034
-0.00031
-0.00034
-0.00037
-0.00034
-0.00034
-0.00031
-0.00034
-0.00034
-0.00034
-0.00034
-0.00034
-0.00031
-0.00031
-0.00034
-0.00037
-0.00034
-0.00034
-0.00034
-0.00031
-0.00031
-0.00031
-0.00031
-0.00031
-0.00031
-0.00027
-0.00027
-0.00027
-0.00031
-0.00034
-0.00034
-0.00034
-0.00031
-0.00031
-0.00031
-0.00031
-0.00031
-0.00027
-0.00027
-0.00027
-0.00027
-0.00027
-0.00031
-0.00031
-0.00027
-0.00027
-0.00024
-0.00027
-0.00024
-0.00027
-0.00027
-0.00024
-0.00027
-0.00024
-0.00021
-0.00024
-0.00024
-0.00021
-0.00024
-0.00027
-0.00024
-0.00021
-0.00024
-0.00021
-0.00021
-0.00024
-0.00024
-0.00024
-0.00021
-0.00021
-0.00018
-0.00018
-0.00018
-0.00015
-0.00018
-0.00021
-0.00021
-0.00018
-0.00018
-0.00015
-0.00015
-0.00015
-0.00018
-0.00012
-0.00015
-0.00018
-0.00015
-0.00015
-0.00015
-0.00015
-0.00015
-0.00012
-0.00015
-0.00015
-0.00015
-0.00012
-0.00009
-0.00012
-0.00012
-0.00006
-0.00009
-0.00012
-0.00009
-0.00009
-0.00015
-0.00009
-0.00009
-0.00012
-0.00012
-0.00009
-0.00009
-0.00009
-0.00009
-0.00006
-0.00009
-0.00006
-0.00006
-0.00006
-0.00003
-0.00003
-0.00006
-0.00006
0.00000
-0.00006
-0.00006
-0.00003
0.00000
-0.00006
-0.00006
0.00000
-0.00003
-0.00006
-0.00003
-0.00003
-0.00012
0.00003
-0.00006
-0.00003
0.00000
0.00000
0.00000
0.00000
0.00000
0.00000
0.00003
0.00000
-0.00003
0.00000
0.00000
0.00000
0.00000
0.00000
-0.00012
-0.00006
-0.00015
-0.00012
-0.00024
0.00024
0.00040
0.00027
-0.00436
-0.01529
-0.01862
-0.02188
-0.01761
-0.00372
0.00909
0.01001
0.00253
0.00122
0.00174
0.00497
0.00760
0.00937
0.01019
0.00790
0.00397
0.00107
-0.00122
-0.00363
-0.00311
0.00095
0.00336
0.00281
0.00305
0.00278
0.00214
0.00214
0.00198
0.00159
0.00104
0.00113
0.00122
0.00058
0.00131
0.00082
-0.00021
0.00006
0.00024
0.00027
0.00119
0.00238
0.00223
0.00217
0.00229
0.00186
0.00125
0.00110
0.00092
0.00043
-0.00024
-0.00070
-0.00055
0.00031
0.00031
0.00018
0.00186
0.00238
0.00174
0.00208
0.00211
0.00156
0.00104
0.00034
-0.00070
-0.00082
-0.00018
-0.00027
0.00000
0.00000
0.00003
0.00076
0.00070
0.00009
-0.00018
0.00043
0.00024
0.00000
0.00058
0.00000
-0.00052
-0.00009
-0.00015
-0.00027
-0.00061
-0.00092
-0.00079
-0.00037
0.00000
0.00000
-0.00018
-0.00031
-0.00009
0.00024
0.00027
0.00000
-0.00009
-0.00024
-0.00064
-0.00119
-0.00125
-0.00089
-0.00055
-0.00034
-0.00058
-0.00082
-0.00082
-0.00058
-0.00015
0.00015
0.00012
0.00000
-0.00012
-0.00018
-0.00012
0.00000
0.00012
-0.00003
-0.00021
-0.00024
-0.00052
-0.00098
-0.00101
-0.00043
-0.00015
-0.00027
-0.00046
-0.00067
-0.00070
-0.00061
-0.00009
0.00021
-0.00003
-0.00034
-0.00052
-0.00061
-0.00082
-0.00073
-0.00043
-0.00034
-0.00043
-0.00021
0.00006
0.00000
-0.00003
0.00009
0.00027
0.00027
0.00018
0.00021
0.00021
0.00012
0.00015
0.00012
-0.00003
-0.00021
-0.00031
-0.00027
-0.00015
-0.00006
-0.00009
-0.00012
0.00006
0.00034
0.00049
0.00043
0.00018
0.00003
0.00012
0.00031
0.00034
0.00031
0.00027
0.00000
0.00000
0.00000
0.00000
0.00000
0.00000
0.00000
0.00000
0.00000
0.00000
0.00000
0.00000
0.00000
0.00000
0.00000
0.00000
0.00000
0.00000
0.00000
0.00000
0.00000
0.00000
0.00000
0.00000
0.00000
0.00000
0.00000
0.00000
0.00000
0.00000
0.00000
0.00000
0.00000
0.00000
0.00000
0.00000
0.00000
0.00000
0.00000
0.00000
0.00000
0.00000
0.00000
0.00000
0.00000
0.00000
0.00000
0.00000
0.00000
0.00000
0.00000
0.00000
0.00000
0.00000
0.00000
0.00000
0.00000
0.00000
0.00000
0.00000
0.00000
0.00000
0.00000
0.00000
0.00000
0.00000
0.00000
0.00000
0.00000
0.00000
0.00000
0.00000
0.00000
0.00000
0.00000
0.00000
0.00000
0.00000
0.00000
0.00000
0.00000
0.00000
0.00000
0.00000
0.00000
0.00000
0.00000
0.00000
0.00000
0.00000
0.00000
0.00000
0.00000
0.00000
0.00000
0.00000
0.00000
0.00000
0.00000
0.00000
0.00000
0.00000
0.00000
0.00000
0.00000
0.00000
0.00000
0.00000
0.00000
0.00000
0.00000
0.00000
0.00000
0.00000
0.00000
0.00000
0.00000
0.00000
0.00000
0.00000
0.00000
0.00000
0.00000
0.00000
0.00000
0.00000
0.00000
0.00000
0.00000
0.00000
0.00000
0.00000
