-0.00031
-0.00024
-0.00024
-0.00024
-0.00027
-0.00027
-0.00024
-0.00034
-0.00037
-0.00037
-0.00034
-0.00031
-0.00027
-0.00021
-0.00018
-0.00024
-0.00021
-0.00024
-0.00027
-0.00037
-0.00037
-0.00037
-0.00034
-0.00024
-0.00024
-0.00024
-0.00024
-0.00031
-0.00027
-0.00027
-0.00031
-0.00031
-0.00027
-0.00027
-0.00031
-0.00024
-0.00027
-0.00031
-0.00034
-0.00027
-0.00024
-0.00031
-0.00027
-0.00024
-0.00027
-0.00031
-0.00031
-0.00034
-0.00027
-0.00027
-0.00034
-0.00031
-0.00031
-0.00031
-0.00027
-0.00027
-0.00027
-0.00031
-0.00034
-0.00027
-0.00037
-0.00037
-0.00027
-0.00024
-0.00031
-0.00031
-0.00027
-0.00027
-0.00031
-0.00031
-0.00034
-0.00034
-0.00031
-0.00024
-0.00024
-0.00024
-0.00027
-0.00024
-0.00027
-0.00031
-0.00037
-0.00037
-0.00031
-0.00031
-0.00024
-0.00027
-0.00027
-0.00024
-0.00024
-0.00024
-0.00024
-0.00027
-0.00034
-0.00034
-0.00034
-0.00031
-0.00027
-0.00024
-0.00027
-0.00027
-0.00027
-0.00034
-0.00031
-0.00024
-0.00024
-0.00031
-0.00037
-0.00027
-0.00027
-0.00031
-0.00031
-0.00027
-0.00027
-0.00031
-0.00031
-0.00024
-0.00027
-0.00031
-0.00024
-0.00021
-0.00027
-0.00031
-0.00027
-0.00031
-0.00034
-0.00031
-0.00027
-0.00027
-0.00024
-0.00024
-0.00024
-0.00024
-0.00024
-0.00024
-0.00024
-0.00031
-0.00034
-0.00031
-0.00027
-0.00027
-0.00024
-0.00021
-0.00031
-0.00027
-0.00024
-0.00024
-0.00027
-0.00031
-0.00027
-0.00024
-0.00024
-0.00024
-0.00024
-0.00021
-0.00024
-0.00024
-0.00024
-0.00024
-0.00031
-0.00031
-0.00024
-0.00024
-0.00024
-0.00021
-0.00018
-0.00018
-0.00015
-0.00015
-0.00018
-0.00024
-0.00027
-0.00024
-0.00031
-0.00031
-0.00027
-0.00021
-0.00021
-0.00018
-0.00012
-0.00009
-0.00018
-0.00021
-0.00018
-0.00031
-0.00034
-0.00018
-0.00018
-0.00024
-0.00021
-0.00012
-0.00018
-0.00009
-0.00024
-0.00009
-0.00037
-0.00009
-0.00040
0.00006
-0.00009
-0.00012
-0.00812
-0.03513
-0.02756
-0.03534
-0.01575
0.02844
0.04382
0.03729
0.00977
0.00760
-0.00232
-0.01001
-0.01593
-0.01236
0.00009
0.00552
0.00058
0.00082
0.00189
-0.00610
-0.00632
-0.00006
0.00122
0.00348
0.00769
0.00858
0.00772
0.00537
0.00128
-0.00272
-0.00052
-0.00095
-0.00180
-0.00043
0.00113
0.00061
0.00201
0.00418
0.00259
0.00153
0.00159
0.00281
0.00137
0.00073
0.00024
-0.00034
-0.00116
-0.00064
0.00000
0.00024
0.00009
-0.00009
-0.00027
0.00183
0.00299
0.00204
0.00223
0.00244
0.00180
0.00040
0.00031
-0.00024
-0.00153
-0.00232
-0.00073
0.00043
-0.00058
0.00092
0.00128
0.00116
0.00146
0.00089
-0.00076
-0.00058
0.00037
-0.00058
-0.00006
0.00043
-0.00034
-0.00015
0.00003
-0.00027
-0.00131
-0.00101
-0.00085
-0.00119
-0.00055
-0.00037
0.00018
0.00082
0.00006
-0.00012
-0.00009
-0.00018
-0.00049
-0.00082
-0.00079
-0.00110
-0.00110
-0.00110
-0.00150
-0.00131
-0.00082
-0.00012
0.00027
0.00006
0.00000
-0.00052
-0.00082
-0.00098
-0.00073
-0.00021
0.00003
0.00009
-0.00018
-0.00055
-0.00079
-0.00079
-0.00061
-0.00076
-0.00125
-0.00137
-0.00107
-0.00082
-0.00049
-0.00009
0.00012
0.00000
-0.00009
0.00000
-0.00018
-0.00073
-0.00119
-0.00098
-0.00070
-0.00061
-0.00076
-0.00098
-0.00101
-0.00089
-0.00021
0.00031
0.00040
0.00015
0.00000
-0.00003
-0.00018
-0.00018
-0.00018
-0.00024
-0.00024
-0.00027
-0.00027
-0.00027
-0.00043
-0.00046
-0.00040
-0.00034
-0.00024
-0.00009
0.00018
0.00034
0.00040
0.00034
0.00018
0.00003
-0.00003
-0.00006
0.00000
-0.00006
-0.00015
-0.00027
-0.00018
0.00012
0.00037
0.00037
0.00018
0.00009
0.00006
0.00031
0.00061
0.00076
0.00064
0.00027
0.00000
-0.00015
-0.00012
-0.00009
-0.00006
-0.00009
-0.00012
-0.00018
-0.00009
0.00000
0.00000
0.00000
0.00000
0.00000
0.00000
0.00000
0.00000
0.00000
0.00000
0.00000
0.00000
0.00000
0.00000
0.00000
0.00000
0.00000
0.00000
0.00000
0.00000
0.00000
0.00000
0.00000
0.00000
0.00000
0.00000
0.00000
0.00000
0.00000
0.00000
0.00000
0.00000
0.00000
0.00000
0.00000
0.00000
0.00000
0.00000
0.00000
0.00000
0.00000
0.00000
0.00000
0.00000
0.00000
0.00000
0.00000
0.00000
0.00000
0.00000
0.00000
0.00000
0.00000
0.00000
0.00000
0.00000
0.00000
0.00000
0.00000
0.00000
0.00000
0.00000
0.00000
0.00000
0.00000
0.00000
0.00000
0.00000
0.00000
0.00000
0.00000
0.00000
0.00000
0.00000
0.00000
0.00000
0.00000
0.00000
0.00000
0.00000
0.00000
0.00000
0.00000
0.00000
0.00000
0.00000
0.00000
0.00000
0.00000
0.00000
0.00000
0.00000
0.00000
0.00000
0.00000
0.00000
0.00000
0.00000
0.00000
0.00000
0.00000
0.00000
0.00000
0.00000
0.00000
0.00000
0.00000
0.00000
0.00000
0.00000
0.00000
0.00000
0.00000
0.00000
0.00000
0.00000
0.00000
0.00000
0.00000
