0.00006
0.00000
0.00000
0.00000
-0.00003
0.00000
0.00000
0.00000
0.00009
0.00009
0.00009
0.00009
0.00003
-0.00006
-0.00009
-0.00009
0.00000
0.00000
-0.00003
-0.00003
-0.00006
-0.00015
-0.00009
-0.00003
-0.00006
0.00000
0.00009
0.00003
0.00000
-0.00012
-0.00015
-0.00015
-0.00006
-0.00006
-0.00006
0.00000
-0.00006
0.00000
-0.00003
-0.00003
0.00000
0.00000
0.00000
0.00000
-0.00012
-0.00018
-0.00018
-0.00024
-0.00012
-0.00003
-0.00006
-0.00006
-0.00006
-0.00015
-0.00015
-0.00018
-0.00009
-0.00021
-0.00027
-0.00012
-0.00027
-0.00012
-0.00009
-0.00015
-0.00009
0.00000
-0.00015
-0.00015
-0.00018
-0.00024
-0.00012
-0.00015
-0.00018
-0.00018
-0.00024
-0.00021
-0.00009
-0.00015
-0.00018
-0.00006
-0.00021
-0.00027
-0.00021
-0.00027
-0.00024
-0.00009
-0.00006
-0.00018
-0.00018
-0.00006
-0.00012
-0.00009
-0.00009
-0.00027
-0.00024
-0.00018
-0.00027
-0.00031
-0.00021
-0.00021
-0.00027
-0.00027
-0.00021
-0.00027
-0.00037
-0.00018
-0.00015
-0.00027
-0.00027
-0.00024
-0.00027
-0.00027
-0.00018
-0.00021
-0.00021
-0.00015
-0.00021
-0.00024
-0.00024
-0.00027
-0.00031
-0.00024
-0.00024
-0.00027
-0.00027
-0.00027
-0.00037
-0.00043
-0.00037
-0.00034
-0.00027
-0.00021
-0.00021
-0.00027
-0.00031
-0.00031
-0.00031
-0.00027
-0.00027
-0.00024
-0.00037
-0.00043
-0.00040
-0.00037
-0.00024
-0.00027
-0.00031
-0.00034
-0.00040
-0.00046
-0.00043
-0.00043
-0.00034
-0.00021
-0.00024
-0.00021
-0.00031
-0.00034
-0.00027
-0.00031
-0.00031
-0.00034
-0.00034
-0.00034
-0.00046
-0.00037
-0.00031
-0.00031
-0.00034
-0.00031
-0.00040
-0.00049
-0.00049
-0.00018
-0.00049
0.00003
-0.00098
0.00067
-0.00186
0.00140
-0.00284
0.00278
-0.00455
0.00482
-0.07236
-0.22061
-0.06516
0.01456
0.07935
0.17505
0.14450
0.03995
0.01636
-0.01999
-0.08194
-0.04382
-0.04099
-0.00934
0.03256
0.03925
-0.01450
-0.00742
0.01935
-0.02087
0.01077
0.04248
-0.00739
-0.00598
0.01379
-0.00397
-0.00494
0.00504
-0.01123
-0.01541
0.00455
-0.00516
-0.00668
0.00958
0.00824
-0.00314
0.00470
0.00800
0.00275
0.00256
0.00400
0.00073
-0.00522
-0.00415
-0.00214
-0.00092
0.00168
0.00204
-0.00244
-0.00430
-0.00266
0.00021
-0.00034
0.00534
0.00693
0.00092
0.00143
0.00327
-0.00046
-0.00345
-0.00174
-0.00180
-0.00391
-0.00339
-0.00165
-0.00208
0.00037
0.00146
0.00110
0.00146
0.00024
-0.00079
-0.00058
0.00079
0.00000
-0.00235
-0.00229
-0.00220
-0.00281
-0.00217
-0.00162
-0.00027
-0.00208
-0.00174
-0.00073
-0.00024
-0.00003
0.00052
0.00018
-0.00073
-0.00070
-0.00037
-0.00058
-0.00055
-0.00201
-0.00220
-0.00171
-0.00250
-0.00357
-0.00327
-0.00272
-0.00214
-0.00110
0.00122
0.00177
0.00043
-0.00015
-0.00067
-0.00098
-0.00021
-0.00073
-0.00043
-0.00009
-0.00089
-0.00095
-0.00064
-0.00110
-0.00192
-0.00204
-0.00198
-0.00278
-0.00226
-0.00128
-0.00085
0.00012
0.00079
0.00046
-0.00009
-0.00052
-0.00113
-0.00150
-0.00137
-0.00189
-0.00256
-0.00253
-0.00253
-0.00223
-0.00098
0.00043
0.00125
0.00131
0.00110
0.00104
0.00064
0.00031
0.00027
-0.00027
-0.00107
-0.00153
-0.00143
-0.00095
-0.00061
-0.00070
-0.00049
-0.00061
-0.00092
-0.00079
-0.00064
-0.00043
-0.00012
0.00043
0.00089
0.00092
0.00070
0.00015
-0.00052
-0.00092
-0.00116
-0.00122
-0.00104
-0.00061
-0.00040
0.00006
0.00037
0.00049
0.00049
0.00031
0.00055
0.00043
0.00043
0.00064
0.00043
-0.00003
-0.00018
-0.00034
-0.00046
-0.00055
-0.00092
-0.00089
-0.00089
-0.00082
-0.00034
0.00006
0.00055
0.00034
0.00027
0.00000
0.00000
0.00000
0.00000
0.00000
0.00000
0.00000
0.00000
0.00000
0.00000
0.00000
0.00000
0.00000
0.00000
0.00000
0.00000
0.00000
0.00000
0.00000
0.00000
0.00000
0.00000
0.00000
0.00000
0.00000
0.00000
0.00000
0.00000
0.00000
0.00000
0.00000
0.00000
0.00000
0.00000
0.00000
0.00000
0.00000
0.00000
0.00000
0.00000
0.00000
0.00000
0.00000
0.00000
0.00000
0.00000
0.00000
0.00000
0.00000
0.00000
0.00000
0.00000
0.00000
0.00000
0.00000
0.00000
0.00000
0.00000
0.00000
0.00000
0.00000
0.00000
0.00000
0.00000
0.00000
0.00000
0.00000
0.00000
0.00000
0.00000
0.00000
0.00000
0.00000
0.00000
0.00000
0.00000
0.00000
0.00000
0.00000
0.00000
0.00000
0.00000
0.00000
0.00000
0.00000
0.00000
0.00000
0.00000
0.00000
0.00000
0.00000
0.00000
0.00000
0.00000
0.00000
0.00000
0.00000
0.00000
0.00000
0.00000
0.00000
0.00000
0.00000
0.00000
0.00000
0.00000
0.00000
0.00000
0.00000
0.00000
0.00000
0.00000
0.00000
0.00000
0.00000
0.00000
0.00000
0.00000
0.00000
0.00000
0.00000
0.00000
0.00000
0.00000
0.00000
0.00000
0.00000
0.00000
0.00000
0.00000
0.00000
0.00000
