-0.00012
-0.00012
-0.00012
-0.00015
-0.00018
-0.00021
-0.00012
-0.00009
-0.00012
-0.00012
-0.00012
-0.00009
-0.00012
-0.00018
-0.00015
-0.00012
-0.00018
-0.00015
-0.00012
-0.00015
-0.00018
-0.00015
-0.00015
-0.00012
-0.00012
-0.00012
-0.00012
-0.00012
-0.00015
-0.00021
-0.00018
-0.00018
-0.00018
-0.00012
-0.00015
-0.00021
-0.00018
-0.00015
-0.00015
-0.00015
-0.00015
-0.00018
-0.00021
-0.00021
-0.00021
-0.00021
-0.00018
-0.00024
-0.00018
-0.00018
-0.00021
-0.00021
-0.00015
-0.00021
-0.00015
-0.00018
-0.00034
-0.00012
-0.00024
-0.00021
-0.00018
-0.00024
-0.00027
-0.00034
-0.00018
-0.00024
-0.00024
-0.00018
-0.00015
-0.00018
-0.00018
-0.00018
-0.00024
-0.00027
-0.00021
-0.00024
-0.00034
-0.00021
-0.00027
-0.00027
-0.00024
-0.00027
-0.00027
-0.00027
-0.00021
-0.00027
-0.00027
-0.00024
-0.00031
-0.00021
-0.00027
-0.00034
-0.00024
-0.00027
-0.00034
-0.00034
-0.00034
-0.00024
-0.00024
-0.00024
-0.00021
-0.00018
-0.00024
-0.00027
-0.00021
-0.00034
-0.00043
-0.00037
-0.00027
-0.00031
-0.00024
-0.00027
-0.00021
-0.00024
-0.00031
-0.00031
-0.00034
-0.00027
-0.00034
-0.00027
-0.00024
-0.00027
-0.00031
-0.00027
-0.00024
-0.00031
-0.00031
-0.00027
-0.00027
-0.00027
-0.00031
-0.00027
-0.00031
-0.00034
-0.00027
-0.00031
-0.00034
-0.00027
-0.00031
-0.00034
-0.00031
-0.00034
-0.00027
-0.00031
-0.00027
-0.00027
-0.00031
-0.00027
-0.00034
-0.00027
-0.00024
-0.00027
-0.00031
-0.00031
-0.00027
-0.00034
-0.00031
-0.00037
-0.00037
-0.00037
-0.00037
-0.00024
-0.00031
-0.00031
-0.00024
-0.00024
-0.00024
-0.00027
-0.00031
-0.00034
-0.00043
-0.00027
-0.00049
-0.00003
-0.00070
0.00015
-0.00085
0.00018
-0.00070
-0.00027
0.00024
-0.00150
-0.01636
-0.13391
-0.03806
0.00354
-0.00275
0.04623
0.01199
0.02371
0.00909
0.05569
0.03622
0.01523
0.00388
-0.01526
0.01065
0.01175
-0.03519
-0.03061
0.00827
0.00235
0.00885
0.02530
0.01123
-0.00534
-0.00052
-0.00116
-0.00201
0.00430
-0.00464
-0.01120
0.00613
0.00394
-0.00650
-0.00122
0.00604
0.00287
-0.00064
0.00369
0.00308
0.00134
0.00336
0.00641
0.00128
-0.00027
-0.00226
-0.00076
0.00027
-0.00098
-0.00464
-0.00607
-0.00192
0.00024
-0.00070
0.00232
0.00488
0.00143
0.00067
0.00330
0.00290
-0.00064
-0.00137
0.00037
-0.00101
-0.00201
-0.00168
-0.00162
-0.00037
-0.00104
-0.00168
-0.00055
-0.00073
-0.00049
-0.00101
0.00070
0.00159
-0.00043
-0.00116
0.00000
-0.00027
-0.00134
-0.00174
-0.00043
-0.00323
-0.00360
-0.00183
-0.00134
0.00018
-0.00012
0.00021
0.00064
-0.00049
-0.00052
-0.00089
-0.00012
-0.00101
-0.00195
-0.00116
-0.00186
-0.00204
-0.00211
-0.00272
-0.00186
-0.00220
-0.00125
-0.00061
-0.00055
-0.00012
-0.00089
-0.00015
0.00043
0.00006
0.00031
0.00009
-0.00034
-0.00082
-0.00089
-0.00079
-0.00146
-0.00131
-0.00119
-0.00165
-0.00153
-0.00165
-0.00159
-0.00131
-0.00098
-0.00067
-0.00067
-0.00043
-0.00064
-0.00058
-0.00037
-0.00079
-0.00116
-0.00143
-0.00168
-0.00195
-0.00180
-0.00092
-0.00043
-0.00024
0.00000
0.00024
0.00055
0.00058
0.00089
0.00061
0.00003
-0.00021
-0.00055
-0.00043
-0.00055
-0.00085
-0.00082
-0.00095
-0.00089
-0.00089
-0.00079
-0.00043
-0.00040
-0.00006
0.00018
0.00027
0.00034
0.00018
0.00021
0.00015
-0.00009
-0.00024
-0.00027
-0.00037
-0.00067
-0.00052
-0.00018
-0.00015
0.00006
0.00009
0.00040
0.00043
0.00055
0.00000
0.00000
0.00000
0.00000
0.00000
0.00000
0.00000
0.00000
0.00000
0.00000
0.00000
0.00000
0.00000
0.00000
0.00000
0.00000
0.00000
0.00000
0.00000
0.00000
0.00000
0.00000
0.00000
0.00000
0.00000
0.00000
0.00000
0.00000
0.00000
0.00000
0.00000
0.00000
0.00000
0.00000
0.00000
0.00000
0.00000
0.00000
0.00000
0.00000
0.00000
0.00000
0.00000
0.00000
0.00000
0.00000
0.00000
0.00000
0.00000
0.00000
0.00000
0.00000
0.00000
0.00000
0.00000
0.00000
0.00000
0.00000
0.00000
0.00000
0.00000
0.00000
0.00000
0.00000
0.00000
0.00000
0.00000
0.00000
0.00000
0.00000
0.00000
0.00000
0.00000
0.00000
0.00000
0.00000
0.00000
0.00000
0.00000
0.00000
0.00000
0.00000
0.00000
0.00000
0.00000
0.00000
0.00000
0.00000
0.00000
0.00000
0.00000
0.00000
0.00000
0.00000
0.00000
0.00000
0.00000
0.00000
0.00000
0.00000
0.00000
0.00000
0.00000
0.00000
0.00000
0.00000
0.00000
0.00000
0.00000
0.00000
0.00000
0.00000
0.00000
0.00000
0.00000
0.00000
0.00000
0.00000
0.00000
0.00000
0.00000
0.00000
0.00000
0.00000
0.00000
0.00000
0.00000
0.00000
0.00000
0.00000
0.00000
0.00000
0.00000
0.00000
0.00000
0.00000
0.00000
0.00000
0.00000
0.00000
0.00000
0.00000
0.00000
0.00000
0.00000
0.00000
0.00000
0.00000
0.00000
0.00000
