-0.00027
-0.00027
-0.00027
-0.00027
-0.00027
-0.00024
-0.00024
-0.00027
-0.00024
-0.00024
-0.00018
-0.00024
-0.00027
-0.00024
-0.00024
-0.00024
-0.00024
-0.00021
-0.00027
-0.00027
-0.00021
-0.00012
-0.00015
-0.00024
-0.00018
-0.00031
-0.00031
-0.00034
-0.00034
-0.00027
-0.00015
-0.00012
-0.00015
-0.00012
-0.00018
-0.00027
-0.00031
-0.00027
-0.00024
-0.00021
-0.00006
-0.00012
-0.00012
-0.00009
-0.00015
-0.00021
-0.00027
-0.00024
-0.00021
-0.00024
-0.00021
-0.00015
-0.00015
-0.00018
-0.00012
-0.00009
-0.00009
-0.00012
-0.00021
-0.00027
-0.00024
-0.00015
-0.00012
-0.00009
0.00000
-0.00021
-0.00012
-0.00015
-0.00018
-0.00003
-0.00012
-0.00009
-0.00021
-0.00012
-0.00012
-0.00015
-0.00015
-0.00012
-0.00009
-0.00012
-0.00006
-0.00006
-0.00009
-0.00015
-0.00015
-0.00018
-0.00009
-0.00012
-0.00012
-0.00003
-0.00003
-0.00006
-0.00012
-0.00003
-0.00009
-0.00021
-0.00009
-0.00009
-0.00015
-0.00006
0.00000
0.00000
-0.00006
-0.00006
-0.00003
-0.00012
-0.00009
-0.00012
-0.00009
-0.00003
-0.00003
-0.00012
-0.00003
0.00000
-0.00012
-0.00006
-0.00003
-0.00003
-0.00012
-0.00006
0.00000
-0.00003
0.00000
-0.00003
-0.00015
-0.00018
-0.00009
-0.00003
0.00000
0.00000
0.00000
0.00000
-0.00003
-0.00006
-0.00006
-0.00003
-0.00003
-0.00009
-0.00006
0.00000
0.00000
-0.00003
-0.00003
-0.00006
-0.00009
-0.00006
0.00000
0.00000
-0.00003
0.00003
0.00000
0.00000
0.00000
0.00000
-0.00003
-0.00012
-0.00006
-0.00003
0.00000
0.00000
0.00000
0.00000
-0.00003
0.00000
0.00000
0.00000
0.00000
0.00000
0.00000
0.00000
0.00000
0.00000
-0.00003
0.00003
0.00000
0.00000
0.00006
0.00006
0.00000
-0.00003
0.00000
0.00003
-0.00003
0.00021
-0.00027
0.00076
-0.00116
0.00168
-0.00287
0.00381
-0.00565
0.00580
-0.06580
-0.08157
-0.03787
-0.07291
0.07693
0.11151
0.10132
0.01138
-0.00287
0.01324
-0.03015
-0.03354
-0.03708
0.00021
0.01395
0.00250
-0.00168
0.02341
0.00504
-0.01141
0.00745
0.01291
-0.00546
-0.00497
-0.00177
0.00195
0.00467
0.00601
-0.00275
-0.00082
0.00458
-0.00714
-0.00522
-0.00156
-0.00156
-0.00595
0.00470
0.00797
0.00571
0.00586
0.00955
0.00287
-0.00235
-0.00156
-0.00125
-0.00104
-0.00125
-0.00027
-0.00150
-0.00073
0.00015
0.00070
0.00256
0.00607
0.00229
0.00153
0.00388
0.00281
-0.00064
-0.00180
0.00131
-0.00122
-0.00339
-0.00113
-0.00009
-0.00061
-0.00061
0.00009
0.00226
0.00055
-0.00015
-0.00043
0.00122
0.00125
0.00009
0.00015
0.00015
-0.00058
-0.00150
-0.00052
0.00006
-0.00073
-0.00327
-0.00153
-0.00101
-0.00049
0.00009
0.00116
0.00208
0.00073
0.00055
0.00034
-0.00082
-0.00079
-0.00186
-0.00174
-0.00186
-0.00189
-0.00125
-0.00150
-0.00150
-0.00116
-0.00043
0.00104
0.00024
0.00021
0.00034
0.00000
-0.00006
-0.00043
-0.00021
-0.00027
-0.00076
-0.00067
-0.00076
-0.00055
-0.00073
-0.00076
-0.00070
-0.00128
-0.00168
-0.00143
-0.00107
-0.00073
-0.00027
0.00037
0.00052
0.00018
-0.00015
-0.00067
-0.00098
-0.00122
-0.00116
-0.00101
-0.00150
-0.00183
-0.00165
-0.00052
0.00021
0.00024
0.00046
0.00061
0.00070
0.00034
0.00052
0.00064
-0.00018
-0.00067
-0.00070
-0.00043
-0.00052
-0.00101
-0.00082
-0.00049
-0.00055
-0.00034
-0.00031
-0.00015
-0.00037
-0.00031
0.00034
0.00055
0.00049
0.00043
0.00037
0.00003
-0.00061
-0.00082
-0.00058
-0.00046
-0.00049
-0.00027
0.00018
0.00027
0.00040
0.00037
0.00049
0.00037
0.00006
0.00043
0.00052
0.00037
0.00012
0.00012
0.00003
-0.00031
-0.00058
-0.00052
-0.00046
-0.00046
-0.00034
0.00000
0.00049
0.00082
0.00095
0.00073
0.00024
-0.00006
0.00000
0.00018
0.00003
-0.00009
0.00000
-0.00006
-0.00009
-0.00031
-0.00031
-0.00037
-0.00040
0.00000
0.00055
0.00101
0.00067
0.00015
-0.00003
-0.00006
0.00015
0.00018
0.00018
-0.00006
0.00000
0.00000
0.00000
0.00000
0.00000
0.00000
0.00000
0.00000
0.00000
0.00000
0.00000
0.00000
0.00000
0.00000
0.00000
0.00000
0.00000
0.00000
0.00000
0.00000
0.00000
0.00000
0.00000
0.00000
0.00000
0.00000
0.00000
0.00000
0.00000
0.00000
0.00000
0.00000
0.00000
0.00000
0.00000
0.00000
0.00000
0.00000
0.00000
0.00000
0.00000
0.00000
0.00000
0.00000
0.00000
0.00000
0.00000
0.00000
0.00000
0.00000
0.00000
0.00000
0.00000
0.00000
0.00000
0.00000
0.00000
0.00000
0.00000
0.00000
0.00000
0.00000
0.00000
0.00000
0.00000
0.00000
0.00000
0.00000
0.00000
0.00000
0.00000
0.00000
0.00000
0.00000
0.00000
0.00000
0.00000
0.00000
0.00000
0.00000
0.00000
0.00000
0.00000
0.00000
0.00000
0.00000
0.00000
0.00000
0.00000
0.00000
0.00000
0.00000
0.00000
0.00000
0.00000
0.00000
0.00000
0.00000
0.00000
0.00000
