-0.00043
-0.00040
-0.00034
-0.00031
-0.00037
-0.00040
-0.00037
-0.00043
-0.00043
-0.00037
-0.00037
-0.00040
-0.00027
-0.00024
-0.00031
-0.00031
-0.00034
-0.00043
-0.00040
-0.00034
-0.00037
-0.00027
-0.00037
-0.00046
-0.00040
-0.00034
-0.00046
-0.00046
-0.00037
-0.00049
-0.00043
-0.00027
-0.00024
-0.00024
-0.00031
-0.00027
-0.00037
-0.00037
-0.00040
-0.00043
-0.00034
-0.00040
-0.00037
-0.00031
-0.00037
-0.00037
-0.00037
-0.00040
-0.00037
-0.00034
-0.00040
-0.00031
-0.00024
-0.00034
-0.00037
-0.00034
-0.00040
-0.00043
-0.00040
-0.00021
-0.00049
-0.00037
-0.00024
-0.00037
-0.00015
-0.00024
-0.00024
-0.00037
-0.00034
-0.00037
-0.00043
-0.00034
-0.00034
-0.00037
-0.00037
-0.00037
-0.00037
-0.00037
-0.00034
-0.00037
-0.00037
-0.00031
-0.00027
-0.00031
-0.00018
-0.00027
-0.00043
-0.00043
-0.00027
-0.00027
-0.00037
-0.00031
-0.00031
-0.00031
-0.00027
-0.00027
-0.00031
-0.00027
-0.00031
-0.00031
-0.00037
-0.00034
-0.00034
-0.00024
-0.00012
-0.00015
-0.00031
-0.00040
-0.00027
-0.00037
-0.00037
-0.00027
-0.00031
-0.00040
-0.00031
-0.00018
-0.00031
-0.00034
-0.00031
-0.00031
-0.00027
-0.00021
-0.00018
-0.00021
-0.00018
-0.00021
-0.00024
-0.00031
-0.00034
-0.00037
-0.00031
-0.00018
-0.00024
-0.00027
-0.00021
-0.00021
-0.00034
-0.00031
-0.00024
-0.00031
-0.00024
-0.00018
-0.00021
-0.00034
-0.00018
-0.00021
-0.00027
-0.00027
-0.00031
-0.00027
-0.00034
-0.00018
-0.00009
-0.00003
-0.00003
-0.00006
-0.00006
-0.00021
-0.00031
-0.00040
-0.00043
-0.00034
-0.00037
-0.00015
-0.00006
0.00000
-0.00003
-0.00015
-0.00012
-0.00027
-0.00027
-0.00018
-0.00015
-0.00018
-0.00021
-0.00027
0.00000
-0.00027
0.00031
-0.00098
0.00128
-0.00235
0.00293
-0.00479
0.00623
-0.00919
0.01093
-0.09357
-0.17200
-0.04800
-0.06589
0.13306
0.21292
0.15170
0.00464
-0.02750
-0.01831
-0.07962
-0.05920
-0.04572
0.00925
0.05527
0.03546
-0.00381
0.02032
-0.00229
-0.03058
0.00604
0.02692
-0.01596
-0.00439
0.00851
0.00110
0.00571
0.00836
-0.01028
-0.00854
0.00769
-0.00873
-0.00354
0.00705
0.00314
-0.00616
0.00812
0.00879
0.00089
0.00180
0.00842
-0.00024
-0.00647
-0.00452
-0.00256
-0.00156
0.00061
0.00229
-0.00159
-0.00217
-0.00076
0.00037
0.00244
0.00925
0.00436
0.00101
0.00439
0.00317
-0.00192
-0.00333
0.00046
-0.00229
-0.00488
-0.00146
0.00034
-0.00110
-0.00034
0.00055
0.00308
0.00095
-0.00006
-0.00110
0.00006
0.00150
-0.00070
-0.00024
-0.00015
-0.00189
-0.00333
-0.00198
0.00061
0.00009
-0.00174
-0.00034
-0.00037
-0.00012
0.00003
-0.00006
0.00021
-0.00012
-0.00043
0.00046
-0.00018
-0.00021
-0.00140
-0.00092
-0.00125
-0.00247
-0.00232
-0.00290
-0.00253
-0.00137
-0.00037
0.00211
0.00156
0.00119
0.00058
-0.00024
-0.00058
-0.00092
-0.00040
-0.00009
-0.00024
-0.00018
-0.00021
0.00006
-0.00076
-0.00140
-0.00143
-0.00198
-0.00238
-0.00165
-0.00085
-0.00043
0.00043
0.00131
0.00089
-0.00006
-0.00052
-0.00095
-0.00098
-0.00119
-0.00150
-0.00162
-0.00192
-0.00198
-0.00153
0.00012
0.00128
0.00134
0.00128
0.00095
0.00061
0.00006
0.00034
0.00073
-0.00012
-0.00085
-0.00101
-0.00064
-0.00027
-0.00031
-0.00006
-0.00003
-0.00061
-0.00076
-0.00061
-0.00024
-0.00018
0.00015
0.00107
0.00143
0.00119
0.00067
0.00021
-0.00024
-0.00073
-0.00073
-0.00055
-0.00049
-0.00031
-0.00015
0.00061
0.00079
0.00061
0.00043
0.00046
0.00052
0.00021
0.00073
0.00113
0.00089
0.00055
0.00037
0.00000
-0.00031
-0.00058
-0.00049
-0.00031
-0.00043
-0.00040
0.00009
0.00067
0.00082
0.00073
0.00064
0.00031
0.00031
0.00061
0.00092
0.00073
0.00037
-0.00024
-0.00116
-0.00113
-0.00104
0.00000
0.00000
0.00000
0.00000
0.00000
0.00000
0.00000
0.00000
0.00000
0.00000
0.00000
0.00000
0.00000
0.00000
0.00000
0.00000
0.00000
0.00000
0.00000
0.00000
0.00000
0.00000
0.00000
0.00000
0.00000
0.00000
0.00000
0.00000
0.00000
0.00000
0.00000
0.00000
0.00000
0.00000
0.00000
0.00000
0.00000
0.00000
0.00000
0.00000
0.00000
0.00000
0.00000
0.00000
0.00000
0.00000
0.00000
0.00000
0.00000
0.00000
0.00000
0.00000
0.00000
0.00000
0.00000
0.00000
0.00000
0.00000
0.00000
0.00000
0.00000
0.00000
0.00000
0.00000
0.00000
0.00000
0.00000
0.00000
0.00000
0.00000
0.00000
0.00000
0.00000
0.00000
0.00000
0.00000
0.00000
0.00000
0.00000
0.00000
0.00000
0.00000
0.00000
0.00000
0.00000
0.00000
0.00000
0.00000
0.00000
0.00000
0.00000
0.00000
0.00000
0.00000
0.00000
0.00000
0.00000
0.00000
0.00000
0.00000
0.00000
0.00000
0.00000
0.00000
0.00000
0.00000
0.00000
0.00000
0.00000
0.00000
0.00000
0.00000
0.00000
0.00000
0.00000
0.00000
0.00000
0.00000
0.00000
