0.00012
0.00003
0.00018
0.00015
0.00009
0.00018
0.00021
0.00021
0.00018
0.00012
0.00012
0.00018
0.00015
0.00015
0.00012
0.00018
0.00015
0.00015
0.00015
0.00018
0.00018
0.00018
0.00021
0.00018
0.00015
0.00018
0.00018
0.00018
0.00012
0.00012
0.00012
0.00015
0.00018
0.00018
0.00018
0.00015
0.00009
0.00015
0.00021
0.00015
0.00018
0.00018
0.00015
0.00012
0.00012
0.00015
0.00015
0.00015
0.00018
0.00018
0.00012
0.00012
0.00015
0.00021
0.00018
0.00034
0.00018
0.00000
0.00024
0.00009
0.00006
0.00012
0.00009
0.00009
0.00021
0.00021
0.00018
0.00018
0.00018
0.00021
0.00012
0.00015
0.00018
0.00009
0.00015
0.00024
0.00015
0.00006
0.00018
0.00012
0.00009
0.00015
0.00012
0.00009
0.00015
0.00018
0.00012
0.00012
0.00015
0.00012
0.00012
0.00012
0.00003
0.00006
0.00012
0.00012
0.00012
0.00012
0.00015
0.00015
0.00006
0.00012
0.00012
0.00000
0.00009
0.00015
0.00015
0.00009
0.00012
0.00009
0.00006
0.00015
0.00009
0.00012
0.00012
0.00009
0.00006
0.00009
0.00012
0.00006
0.00015
0.00018
0.00012
0.00009
0.00009
0.00009
0.00000
0.00003
0.00003
0.00006
0.00006
0.00009
0.00009
0.00012
0.00012
0.00006
0.00006
0.00006
0.00006
0.00000
0.00000
0.00006
0.00003
0.00009
0.00009
0.00012
0.00006
0.00003
0.00000
0.00006
0.00003
0.00003
0.00012
0.00009
0.00006
0.00003
0.00000
0.00000
0.00000
0.00000
0.00000
0.00003
0.00003
-0.00003
0.00000
0.00003
0.00000
0.00003
0.00009
0.00003
0.00009
0.00000
0.00009
-0.00018
0.00037
-0.00070
0.00085
-0.00116
0.00137
-0.00168
0.00201
-0.00223
0.00278
-0.05121
-0.22281
-0.08096
0.02081
0.06558
0.15631
0.14590
0.04974
0.02332
-0.00635
-0.08087
-0.04126
-0.04065
-0.01028
0.02673
0.04266
-0.00827
-0.01508
0.01895
-0.01746
-0.00165
0.04071
-0.00278
-0.00409
0.02292
0.00171
-0.00485
0.00381
-0.00836
-0.02026
-0.00064
-0.00391
-0.00687
0.00827
0.01065
-0.00113
0.00418
0.00906
0.00348
0.00266
0.00412
0.00204
-0.00546
-0.00369
-0.00174
-0.00046
0.00153
0.00278
-0.00180
-0.00443
-0.00305
0.00070
-0.00021
0.00479
0.00766
0.00168
0.00113
0.00388
0.00079
-0.00305
-0.00223
-0.00180
-0.00330
-0.00320
-0.00153
-0.00214
0.00012
0.00168
0.00089
0.00171
0.00092
-0.00049
-0.00079
0.00107
0.00079
-0.00146
-0.00232
-0.00189
-0.00275
-0.00198
-0.00186
-0.00034
-0.00150
-0.00150
-0.00073
-0.00006
0.00006
0.00046
0.00031
-0.00046
-0.00073
0.00000
-0.00031
-0.00043
-0.00153
-0.00195
-0.00162
-0.00211
-0.00333
-0.00320
-0.00259
-0.00192
-0.00119
0.00092
0.00174
0.00061
-0.00015
-0.00024
-0.00058
0.00009
-0.00031
-0.00052
0.00000
-0.00076
-0.00098
-0.00058
-0.00092
-0.00174
-0.00208
-0.00201
-0.00259
-0.00217
-0.00119
-0.00073
0.00003
0.00076
0.00061
0.00006
-0.00034
-0.00092
-0.00146
-0.00140
-0.00180
-0.00253
-0.00253
-0.00241
-0.00220
-0.00110
0.00034
0.00122
0.00128
0.00098
0.00098
0.00067
0.00049
0.00046
0.00009
-0.00067
-0.00134
-0.00137
-0.00092
-0.00058
-0.00089
-0.00082
-0.00082
-0.00101
-0.00079
-0.00046
-0.00021
-0.00009
0.00018
0.00064
0.00082
0.00067
0.00031
-0.00031
-0.00076
-0.00098
-0.00107
-0.00095
-0.00073
-0.00058
-0.00003
0.00034
0.00043
0.00049
0.00031
0.00043
0.00046
0.00046
0.00070
0.00058
-0.00006
-0.00034
-0.00052
-0.00061
-0.00076
-0.00104
-0.00095
-0.00092
-0.00085
-0.00037
-0.00009
0.00031
0.00015
0.00000
0.00058
0.00064
0.00089
0.00092
0.00021
0.00000
0.00000
0.00000
0.00000
0.00000
0.00000
0.00000
0.00000
0.00000
0.00000
0.00000
0.00000
0.00000
0.00000
0.00000
0.00000
0.00000
0.00000
0.00000
0.00000
0.00000
0.00000
0.00000
0.00000
0.00000
0.00000
0.00000
0.00000
0.00000
0.00000
0.00000
0.00000
0.00000
0.00000
0.00000
0.00000
0.00000
0.00000
0.00000
0.00000
0.00000
0.00000
0.00000
0.00000
0.00000
0.00000
0.00000
0.00000
0.00000
0.00000
0.00000
0.00000
0.00000
0.00000
0.00000
0.00000
0.00000
0.00000
0.00000
0.00000
0.00000
0.00000
0.00000
0.00000
0.00000
0.00000
0.00000
0.00000
0.00000
0.00000
0.00000
0.00000
0.00000
0.00000
0.00000
0.00000
0.00000
0.00000
0.00000
0.00000
0.00000
0.00000
0.00000
0.00000
0.00000
0.00000
0.00000
0.00000
0.00000
0.00000
0.00000
0.00000
0.00000
0.00000
0.00000
0.00000
0.00000
0.00000
0.00000
0.00000
0.00000
0.00000
0.00000
0.00000
0.00000
0.00000
0.00000
0.00000
0.00000
0.00000
0.00000
0.00000
0.00000
0.00000
0.00000
0.00000
0.00000
0.00000
0.00000
0.00000
0.00000
0.00000
0.00000
0.00000
0.00000
0.00000
0.00000
0.00000
