-0.00015
-0.00012
-0.00009
0.00000
0.00000
-0.00006
-0.00015
-0.00018
-0.00018
-0.00015
-0.00012
-0.00003
-0.00006
-0.00012
-0.00006
-0.00015
-0.00021
-0.00018
-0.00015
-0.00015
-0.00006
-0.00006
-0.00009
-0.00006
-0.00006
-0.00012
-0.00018
-0.00021
-0.00021
-0.00009
-0.00009
-0.00018
-0.00018
-0.00015
-0.00018
-0.00018
-0.00015
-0.00006
-0.00006
-0.00009
-0.00012
-0.00009
-0.00018
-0.00018
-0.00012
-0.00018
-0.00012
-0.00012
-0.00012
-0.00015
-0.00009
-0.00012
-0.00015
-0.00009
0.00000
-0.00040
-0.00015
-0.00009
-0.00027
-0.00012
-0.00015
-0.00027
-0.00024
-0.00018
-0.00024
-0.00021
-0.00021
-0.00009
-0.00015
-0.00021
-0.00009
-0.00012
-0.00018
-0.00015
-0.00015
-0.00021
-0.00015
-0.00015
-0.00031
-0.00027
-0.00024
-0.00021
-0.00018
-0.00009
-0.00012
-0.00024
-0.00024
-0.00018
-0.00031
-0.00024
-0.00021
-0.00027
-0.00024
-0.00018
-0.00021
-0.00027
-0.00018
-0.00021
-0.00031
-0.00027
-0.00015
-0.00037
-0.00034
-0.00012
-0.00027
-0.00031
-0.00018
-0.00018
-0.00027
-0.00009
-0.00015
-0.00027
-0.00024
-0.00027
-0.00040
-0.00034
-0.00024
-0.00034
-0.00027
-0.00015
-0.00027
-0.00027
-0.00027
-0.00024
-0.00027
-0.00027
-0.00027
-0.00031
-0.00024
-0.00024
-0.00021
-0.00018
-0.00021
-0.00024
-0.00027
-0.00031
-0.00024
-0.00018
-0.00027
-0.00018
-0.00027
-0.00034
-0.00037
-0.00027
-0.00031
-0.00034
-0.00024
-0.00024
-0.00024
-0.00034
-0.00027
-0.00027
-0.00034
-0.00037
-0.00034
-0.00024
-0.00027
-0.00037
-0.00027
-0.00027
-0.00021
-0.00024
-0.00031
-0.00027
-0.00027
-0.00031
-0.00034
-0.00037
-0.00043
-0.00037
-0.00034
-0.00027
-0.00040
-0.00018
-0.00092
0.00079
-0.00229
0.00302
-0.00537
0.00766
-0.01212
0.01190
-0.16315
-0.15033
0.03979
0.01407
0.08151
0.09665
0.05017
0.01257
0.06833
-0.02728
-0.03262
-0.03009
-0.01413
0.01764
0.03412
0.00742
-0.03976
0.01178
0.00244
-0.02032
0.02954
0.01477
-0.02426
0.00757
0.01553
0.00137
0.00653
0.00662
-0.01248
-0.00250
0.00394
-0.01151
-0.00729
0.00888
0.00024
-0.00800
0.00696
0.00711
0.00464
0.00159
0.01038
-0.00089
-0.00342
-0.00061
-0.00055
-0.00192
0.00244
-0.00128
-0.00632
-0.00400
0.00040
-0.00076
0.00006
0.00656
0.00351
-0.00006
0.00470
0.00351
-0.00058
-0.00198
-0.00082
-0.00253
-0.00510
-0.00357
-0.00256
-0.00269
0.00009
-0.00027
0.00085
0.00034
0.00037
-0.00113
0.00049
0.00140
0.00018
-0.00226
-0.00070
-0.00162
-0.00305
-0.00211
0.00021
-0.00180
-0.00284
-0.00180
-0.00119
-0.00089
0.00012
-0.00131
-0.00085
0.00061
0.00024
0.00104
0.00006
-0.00165
-0.00241
-0.00159
-0.00204
-0.00354
-0.00284
-0.00305
-0.00235
-0.00134
-0.00082
0.00061
0.00034
-0.00027
-0.00067
-0.00049
-0.00012
-0.00031
-0.00021
0.00067
-0.00009
-0.00089
-0.00076
-0.00073
-0.00146
-0.00204
-0.00183
-0.00223
-0.00253
-0.00153
-0.00107
-0.00046
0.00000
0.00015
-0.00012
-0.00031
-0.00052
-0.00101
-0.00101
-0.00110
-0.00180
-0.00211
-0.00217
-0.00226
-0.00183
-0.00070
0.00034
0.00061
0.00055
0.00082
0.00085
0.00049
0.00058
0.00055
0.00000
-0.00046
-0.00067
-0.00052
-0.00043
-0.00092
-0.00107
-0.00092
-0.00110
-0.00110
-0.00076
-0.00031
-0.00012
0.00024
0.00070
0.00070
0.00052
0.00031
0.00000
-0.00009
-0.00046
-0.00064
-0.00052
-0.00052
-0.00064
-0.00049
0.00000
0.00009
0.00031
0.00031
0.00046
0.00064
0.00061
0.00089
0.00104
0.00055
-0.00006
-0.00021
-0.00018
-0.00027
0.00000
0.00000
0.00000
0.00000
0.00000
0.00000
0.00000
0.00000
0.00000
0.00000
0.00000
0.00000
0.00000
0.00000
0.00000
0.00000
0.00000
0.00000
0.00000
0.00000
0.00000
0.00000
0.00000
0.00000
0.00000
0.00000
0.00000
0.00000
0.00000
0.00000
0.00000
0.00000
0.00000
0.00000
0.00000
0.00000
0.00000
0.00000
0.00000
0.00000
0.00000
0.00000
0.00000
0.00000
0.00000
0.00000
0.00000
0.00000
0.00000
0.00000
0.00000
0.00000
0.00000
0.00000
0.00000
0.00000
0.00000
0.00000
0.00000
0.00000
0.00000
0.00000
0.00000
0.00000
0.00000
0.00000
0.00000
0.00000
0.00000
0.00000
0.00000
0.00000
0.00000
0.00000
0.00000
0.00000
0.00000
0.00000
0.00000
0.00000
0.00000
0.00000
0.00000
0.00000
0.00000
0.00000
0.00000
0.00000
0.00000
0.00000
0.00000
0.00000
0.00000
0.00000
0.00000
0.00000
0.00000
0.00000
0.00000
0.00000
0.00000
0.00000
0.00000
0.00000
0.00000
0.00000
0.00000
0.00000
0.00000
0.00000
0.00000
0.00000
0.00000
0.00000
0.00000
0.00000
0.00000
0.00000
0.00000
0.00000
0.00000
0.00000
0.00000
0.00000
0.00000
0.00000
0.00000
0.00000
0.00000
0.00000
0.00000
0.00000
0.00000
0.00000
0.00000
0.00000
0.00000
0.00000
0.00000
0.00000
0.00000
0.00000
0.00000
0.00000
