-0.00009
-0.00015
-0.00021
-0.00021
-0.00018
-0.00021
-0.00021
-0.00018
-0.00021
-0.00018
-0.00012
-0.00015
-0.00018
-0.00009
-0.00012
-0.00012
-0.00009
-0.00015
-0.00021
-0.00015
-0.00018
-0.00018
-0.00015
-0.00024
-0.00027
-0.00024
-0.00024
-0.00021
-0.00012
-0.00012
-0.00018
-0.00012
-0.00015
-0.00021
-0.00021
-0.00024
-0.00027
-0.00021
-0.00018
-0.00021
-0.00021
-0.00024
-0.00018
-0.00009
-0.00009
-0.00012
-0.00015
-0.00024
-0.00027
-0.00021
-0.00021
-0.00027
-0.00024
-0.00015
-0.00018
-0.00018
-0.00018
-0.00024
-0.00024
-0.00021
-0.00021
-0.00012
-0.00012
-0.00018
-0.00015
-0.00015
-0.00021
-0.00024
-0.00024
-0.00027
-0.00024
-0.00021
-0.00018
-0.00021
-0.00021
-0.00024
-0.00021
-0.00021
-0.00024
-0.00024
-0.00027
-0.00027
-0.00024
-0.00021
-0.00021
-0.00018
-0.00018
-0.00018
-0.00018
-0.00024
-0.00024
-0.00021
-0.00021
-0.00027
-0.00024
-0.00021
-0.00027
-0.00024
-0.00021
-0.00024
-0.00021
-0.00018
-0.00018
-0.00018
-0.00027
-0.00034
-0.00024
-0.00021
-0.00027
-0.00018
-0.00015
-0.00021
-0.00021
-0.00024
-0.00027
-0.00027
-0.00031
-0.00027
-0.00021
-0.00027
-0.00027
-0.00021
-0.00024
-0.00027
-0.00021
-0.00021
-0.00021
-0.00024
-0.00021
-0.00018
-0.00024
-0.00031
-0.00027
-0.00021
-0.00027
-0.00024
-0.00015
-0.00021
-0.00024
-0.00027
-0.00031
-0.00037
-0.00034
-0.00031
-0.00024
-0.00018
-0.00015
-0.00015
-0.00018
-0.00024
-0.00027
-0.00024
-0.00027
-0.00027
-0.00021
-0.00021
-0.00021
-0.00021
-0.00024
-0.00027
-0.00027
-0.00034
-0.00027
-0.00021
-0.00024
-0.00024
-0.00024
-0.00024
-0.00027
-0.00027
-0.00024
-0.00018
-0.00021
-0.00018
-0.00018
-0.00027
-0.00027
-0.00024
-0.00021
-0.00027
-0.00021
-0.00024
-0.00024
-0.00015
-0.00031
-0.00031
-0.00024
-0.00024
-0.00027
-0.00027
-0.00031
-0.00027
-0.00018
-0.00015
-0.00034
-0.00027
-0.00034
-0.00018
-0.00031
-0.00012
-0.00034
-0.00021
-0.00391
-0.01794
-0.01901
-0.01547
-0.01633
-0.01016
0.00690
0.02078
0.02347
0.01611
0.00885
0.00238
-0.00418
-0.00903
-0.01224
-0.01108
-0.01031
-0.00995
-0.00452
0.00476
0.00949
0.01349
0.01230
0.01004
0.00571
0.00125
-0.00159
-0.00256
-0.00101
-0.00076
-0.00067
0.00153
0.00278
0.00107
0.00073
0.00049
0.00003
0.00000
0.00177
0.00293
0.00299
0.00354
0.00195
0.00027
0.00058
-0.00003
-0.00122
-0.00079
-0.00061
-0.00061
-0.00034
0.00073
0.00085
0.00116
0.00198
0.00186
0.00107
0.00095
0.00186
0.00159
0.00085
0.00052
0.00000
-0.00095
-0.00101
-0.00116
-0.00125
0.00024
-0.00003
0.00021
0.00128
0.00104
0.00101
0.00095
0.00043
-0.00027
-0.00043
-0.00031
-0.00049
-0.00052
-0.00076
-0.00101
-0.00092
-0.00055
-0.00049
-0.00024
-0.00031
-0.00070
-0.00043
-0.00015
-0.00009
-0.00018
-0.00037
-0.00037
-0.00040
-0.00064
-0.00098
-0.00104
-0.00110
-0.00085
-0.00082
-0.00101
-0.00098
-0.00089
-0.00055
-0.00027
-0.00024
-0.00031
-0.00034
-0.00046
-0.00052
-0.00079
-0.00079
-0.00058
-0.00058
-0.00046
-0.00064
-0.00085
-0.00082
-0.00082
-0.00085
-0.00095
-0.00104
-0.00098
-0.00073
-0.00024
-0.00003
-0.00018
-0.00031
-0.00024
-0.00027
-0.00052
-0.00085
-0.00110
-0.00122
-0.00122
-0.00107
-0.00089
-0.00076
-0.00070
-0.00046
-0.00024
-0.00009
-0.00006
0.00003
0.00000
-0.00018
-0.00015
-0.00024
-0.00052
-0.00073
-0.00070
-0.00058
-0.00055
-0.00043
-0.00027
-0.00024
-0.00012
-0.00009
-0.00006
0.00006
0.00000
-0.00003
0.00000
0.00000
0.00000
0.00000
0.00000
0.00000
0.00000
0.00000
0.00000
0.00000
0.00000
0.00000
0.00000
0.00000
0.00000
0.00000
0.00000
0.00000
0.00000
0.00000
0.00000
0.00000
0.00000
0.00000
0.00000
0.00000
0.00000
0.00000
0.00000
0.00000
0.00000
0.00000
0.00000
0.00000
0.00000
0.00000
0.00000
0.00000
0.00000
0.00000
0.00000
0.00000
0.00000
0.00000
0.00000
0.00000
0.00000
0.00000
0.00000
0.00000
0.00000
0.00000
0.00000
0.00000
0.00000
0.00000
0.00000
0.00000
0.00000
0.00000
0.00000
0.00000
0.00000
0.00000
0.00000
0.00000
0.00000
0.00000
0.00000
0.00000
0.00000
0.00000
0.00000
0.00000
0.00000
0.00000
0.00000
0.00000
0.00000
0.00000
0.00000
0.00000
0.00000
0.00000
0.00000
0.00000
0.00000
0.00000
0.00000
0.00000
0.00000
0.00000
0.00000
0.00000
0.00000
0.00000
0.00000
0.00000
0.00000
0.00000
0.00000
0.00000
0.00000
0.00000
0.00000
0.00000
0.00000
0.00000
0.00000
0.00000
0.00000
0.00000
0.00000
0.00000
0.00000
0.00000
0.00000
0.00000
0.00000
0.00000
0.00000
0.00000
0.00000
0.00000
0.00000
0.00000
0.00000
0.00000
0.00000
0.00000
0.00000
0.00000
0.00000
0.00000
0.00000
0.00000
0.00000
0.00000
0.00000
0.00000
0.00000
0.00000
0.00000
0.00000
0.00000
0.00000
0.00000
