-0.00012
-0.00006
-0.00009
-0.00006
-0.00012
-0.00006
-0.00003
-0.00003
0.00000
-0.00003
-0.00012
-0.00018
-0.00018
-0.00018
-0.00018
-0.00009
-0.00006
-0.00009
-0.00009
-0.00012
-0.00018
-0.00009
-0.00009
-0.00018
-0.00018
-0.00012
-0.00012
-0.00009
0.00003
0.00003
-0.00003
-0.00012
-0.00012
-0.00015
-0.00015
-0.00003
-0.00006
-0.00009
-0.00003
-0.00009
-0.00021
-0.00018
-0.00015
-0.00018
-0.00021
-0.00015
-0.00015
-0.00015
-0.00006
-0.00009
-0.00006
-0.00003
-0.00012
-0.00012
-0.00009
-0.00006
-0.00012
-0.00021
-0.00021
-0.00021
-0.00031
-0.00018
-0.00009
-0.00015
0.00009
-0.00018
-0.00006
-0.00009
-0.00015
-0.00024
-0.00024
-0.00003
-0.00018
-0.00018
-0.00006
-0.00003
-0.00018
-0.00015
-0.00015
-0.00021
-0.00018
-0.00006
-0.00006
-0.00015
-0.00018
-0.00024
-0.00027
-0.00024
-0.00024
-0.00027
-0.00015
0.00006
0.00000
-0.00006
-0.00003
-0.00009
-0.00018
-0.00018
-0.00024
-0.00018
-0.00021
-0.00015
-0.00015
-0.00018
-0.00024
-0.00021
-0.00009
-0.00009
-0.00012
-0.00021
-0.00018
-0.00027
-0.00034
-0.00021
-0.00009
-0.00012
-0.00012
0.00000
-0.00003
-0.00015
-0.00021
-0.00021
-0.00034
-0.00027
-0.00012
-0.00006
-0.00006
-0.00009
-0.00015
-0.00018
-0.00015
-0.00021
-0.00021
-0.00015
-0.00021
-0.00021
-0.00015
-0.00012
-0.00018
-0.00021
-0.00021
-0.00021
-0.00021
-0.00021
-0.00021
-0.00027
-0.00018
-0.00012
-0.00018
-0.00009
-0.00018
-0.00021
-0.00027
-0.00027
-0.00018
-0.00015
-0.00006
-0.00012
-0.00009
-0.00012
-0.00027
-0.00027
-0.00024
-0.00018
-0.00018
-0.00009
-0.00003
-0.00012
-0.00009
-0.00015
-0.00015
-0.00027
-0.00034
-0.00027
-0.00021
-0.00009
-0.00003
-0.00006
0.00000
-0.00031
0.00000
-0.00055
0.00031
-0.00064
0.00000
-0.00018
-0.00119
0.00180
-0.00375
-0.01111
-0.14215
-0.05719
-0.07999
0.00156
0.17337
0.14462
0.07758
-0.04770
0.00443
-0.02954
-0.03592
-0.04160
-0.01605
0.02023
0.02563
-0.00833
0.00607
0.01871
-0.01758
-0.00522
0.02521
0.00668
-0.01138
0.00043
-0.00162
0.00162
0.00534
0.00186
-0.00900
0.00604
-0.00034
-0.00705
0.00168
0.00351
-0.00574
-0.00229
0.00931
0.00281
0.00064
0.00385
0.00586
-0.00491
-0.00226
-0.00153
0.00186
0.00058
0.00189
-0.00021
-0.00156
-0.00195
-0.00098
-0.00076
0.00558
0.00623
0.00104
0.00317
0.00424
0.00082
-0.00330
-0.00061
0.00076
-0.00369
-0.00290
-0.00058
-0.00119
-0.00122
-0.00055
0.00159
0.00244
-0.00058
0.00000
-0.00092
0.00134
0.00031
-0.00095
-0.00089
0.00003
-0.00223
-0.00162
0.00058
0.00134
-0.00256
-0.00183
-0.00137
-0.00259
-0.00134
-0.00046
0.00098
0.00150
0.00037
0.00092
-0.00006
-0.00040
-0.00189
-0.00189
-0.00076
-0.00247
-0.00281
-0.00235
-0.00235
-0.00137
-0.00131
0.00034
0.00104
0.00031
0.00052
-0.00037
-0.00027
-0.00055
-0.00067
0.00003
-0.00037
-0.00076
-0.00067
-0.00043
-0.00040
-0.00131
-0.00146
-0.00201
-0.00269
-0.00232
-0.00128
-0.00052
-0.00006
0.00061
0.00073
-0.00024
-0.00076
-0.00101
-0.00098
-0.00104
-0.00122
-0.00110
-0.00159
-0.00204
-0.00201
-0.00113
0.00015
0.00018
0.00009
0.00018
0.00031
0.00015
0.00015
0.00089
0.00052
-0.00034
-0.00070
-0.00079
-0.00067
-0.00101
-0.00104
-0.00043
-0.00058
-0.00073
-0.00064
-0.00067
-0.00052
-0.00052
0.00018
0.00073
0.00076
0.00058
0.00012
-0.00015
-0.00061
-0.00113
-0.00095
-0.00079
-0.00055
-0.00034
0.00012
0.00052
0.00034
0.00018
-0.00003
0.00015
-0.00009
0.00015
0.00070
0.00070
0.00040
0.00012
0.00000
-0.00021
-0.00064
-0.00082
-0.00082
-0.00095
-0.00076
-0.00037
0.00024
0.00064
0.00089
0.00089
0.00049
0.00006
-0.00015
0.00009
0.00027
0.00003
-0.00015
-0.00027
-0.00043
-0.00070
-0.00067
-0.00055
-0.00006
0.00000
0.00000
0.00000
0.00000
0.00000
0.00000
0.00000
0.00000
0.00000
0.00000
0.00000
0.00000
0.00000
0.00000
0.00000
0.00000
0.00000
0.00000
0.00000
0.00000
0.00000
0.00000
0.00000
0.00000
0.00000
0.00000
0.00000
0.00000
0.00000
0.00000
0.00000
0.00000
0.00000
0.00000
0.00000
0.00000
0.00000
0.00000
0.00000
0.00000
0.00000
0.00000
0.00000
0.00000
0.00000
0.00000
0.00000
0.00000
0.00000
0.00000
0.00000
0.00000
0.00000
0.00000
0.00000
0.00000
0.00000
0.00000
0.00000
0.00000
0.00000
0.00000
0.00000
0.00000
0.00000
0.00000
0.00000
0.00000
0.00000
0.00000
0.00000
0.00000
0.00000
0.00000
0.00000
0.00000
0.00000
0.00000
0.00000
0.00000
0.00000
0.00000
0.00000
0.00000
0.00000
0.00000
0.00000
0.00000
0.00000
0.00000
0.00000
0.00000
0.00000
0.00000
0.00000
0.00000
0.00000
0.00000
0.00000
0.00000
0.00000
0.00000
0.00000
0.00000
0.00000
0.00000
0.00000
0.00000
0.00000
0.00000
0.00000
0.00000
0.00000
0.00000
