-0.00009
-0.00009
-0.00006
-0.00009
-0.00009
-0.00009
-0.00003
-0.00003
-0.00009
-0.00003
-0.00003
-0.00006
-0.00003
0.00000
-0.00003
-0.00006
-0.00006
-0.00006
-0.00006
-0.00012
-0.00009
-0.00003
0.00000
-0.00003
-0.00003
-0.00003
-0.00006
-0.00009
-0.00012
-0.00012
-0.00012
-0.00012
-0.00006
-0.00003
0.00000
-0.00006
-0.00009
-0.00006
-0.00015
-0.00018
-0.00012
-0.00009
-0.00006
-0.00003
0.00000
-0.00006
-0.00009
-0.00009
-0.00009
-0.00009
-0.00006
-0.00003
-0.00009
-0.00009
-0.00012
-0.00006
-0.00006
-0.00009
-0.00009
-0.00009
-0.00009
-0.00006
-0.00006
-0.00003
-0.00015
-0.00018
-0.00009
-0.00009
-0.00003
-0.00006
-0.00003
-0.00003
-0.00009
-0.00009
-0.00006
-0.00006
-0.00015
-0.00015
-0.00009
-0.00012
-0.00018
-0.00009
0.00000
0.00000
-0.00006
-0.00003
-0.00006
-0.00021
-0.00018
-0.00021
-0.00015
-0.00015
-0.00012
0.00000
-0.00009
-0.00012
-0.00009
-0.00012
-0.00012
-0.00015
-0.00012
-0.00012
-0.00012
-0.00012
-0.00009
-0.00012
-0.00018
-0.00018
-0.00015
-0.00009
-0.00012
-0.00012
-0.00009
-0.00015
-0.00018
-0.00018
-0.00018
-0.00018
-0.00015
-0.00009
-0.00009
-0.00006
-0.00003
-0.00006
-0.00009
-0.00012
-0.00009
-0.00015
-0.00015
-0.00015
-0.00012
-0.00006
-0.00006
-0.00009
-0.00006
-0.00006
-0.00015
-0.00012
-0.00012
-0.00018
-0.00021
-0.00018
-0.00015
-0.00018
-0.00018
-0.00018
-0.00018
-0.00024
-0.00021
-0.00009
-0.00009
-0.00009
-0.00009
-0.00012
-0.00012
-0.00012
-0.00015
-0.00015
-0.00015
-0.00015
-0.00012
-0.00012
-0.00012
-0.00018
-0.00021
-0.00015
-0.00021
-0.00015
-0.00006
-0.00009
-0.00015
-0.00024
-0.00024
-0.00027
-0.00027
-0.00021
-0.00018
-0.00015
-0.00012
-0.00009
-0.00006
-0.00018
-0.00003
-0.00037
0.00006
-0.00070
0.00034
-0.00113
0.00085
-0.00192
0.00171
-0.02658
-0.05896
-0.02817
-0.03571
-0.02454
0.00006
0.02917
0.05557
0.05280
0.04932
0.02826
-0.00104
-0.01953
-0.02881
-0.01123
-0.00104
-0.00900
-0.00015
0.00836
0.00482
0.00336
0.00497
0.00345
0.00131
0.00101
-0.00031
-0.00073
0.00375
0.00192
-0.00031
0.00262
0.00000
-0.00507
-0.00467
-0.00150
-0.00256
-0.00171
0.00195
0.00446
0.00519
0.00586
0.00372
0.00168
0.00015
-0.00189
-0.00223
-0.00101
-0.00049
-0.00092
-0.00052
0.00073
0.00052
0.00003
0.00119
0.00253
0.00281
0.00250
0.00296
0.00262
0.00079
0.00000
-0.00024
-0.00107
-0.00256
-0.00186
-0.00143
-0.00104
0.00009
0.00015
0.00049
0.00089
0.00043
-0.00076
0.00021
0.00064
-0.00076
-0.00034
-0.00049
-0.00021
-0.00015
-0.00061
-0.00095
-0.00174
-0.00125
-0.00156
-0.00143
-0.00052
-0.00070
0.00027
0.00070
0.00021
0.00021
-0.00009
-0.00021
-0.00067
-0.00101
-0.00095
-0.00116
-0.00134
-0.00220
-0.00241
-0.00177
-0.00174
-0.00119
-0.00076
0.00000
0.00040
0.00015
0.00027
0.00006
-0.00009
-0.00006
-0.00015
-0.00003
-0.00049
-0.00082
-0.00076
-0.00098
-0.00098
-0.00122
-0.00165
-0.00156
-0.00165
-0.00143
-0.00110
-0.00073
-0.00018
0.00009
0.00024
-0.00009
-0.00055
-0.00073
-0.00107
-0.00116
-0.00116
-0.00119
-0.00140
-0.00150
-0.00113
-0.00095
-0.00058
0.00000
0.00058
0.00089
0.00067
0.00064
0.00043
0.00006
-0.00021
-0.00043
-0.00055
-0.00089
-0.00101
-0.00089
-0.00076
-0.00052
-0.00061
-0.00058
-0.00021
-0.00015
0.00000
0.00015
0.00015
0.00027
0.00031
0.00040
0.00006
-0.00046
-0.00058
-0.00067
-0.00055
-0.00034
-0.00034
-0.00061
-0.00082
-0.00064
-0.00037
0.00000
0.00034
0.00076
0.00076
0.00107
0.00000
0.00000
0.00000
0.00000
0.00000
0.00000
0.00000
0.00000
0.00000
0.00000
0.00000
0.00000
0.00000
0.00000
0.00000
0.00000
0.00000
0.00000
0.00000
0.00000
0.00000
0.00000
0.00000
0.00000
0.00000
0.00000
0.00000
0.00000
0.00000
0.00000
0.00000
0.00000
0.00000
0.00000
0.00000
0.00000
0.00000
0.00000
0.00000
0.00000
0.00000
0.00000
0.00000
0.00000
0.00000
0.00000
0.00000
0.00000
0.00000
0.00000
0.00000
0.00000
0.00000
0.00000
0.00000
0.00000
0.00000
0.00000
0.00000
0.00000
0.00000
0.00000
0.00000
0.00000
0.00000
0.00000
0.00000
0.00000
0.00000
0.00000
0.00000
0.00000
0.00000
0.00000
0.00000
0.00000
0.00000
0.00000
0.00000
0.00000
0.00000
0.00000
0.00000
0.00000
0.00000
0.00000
0.00000
0.00000
0.00000
0.00000
0.00000
0.00000
0.00000
0.00000
0.00000
0.00000
0.00000
0.00000
0.00000
0.00000
0.00000
0.00000
0.00000
0.00000
0.00000
0.00000
0.00000
0.00000
0.00000
0.00000
0.00000
0.00000
0.00000
0.00000
0.00000
0.00000
0.00000
0.00000
0.00000
0.00000
0.00000
0.00000
0.00000
0.00000
0.00000
0.00000
0.00000
0.00000
0.00000
0.00000
0.00000
0.00000
0.00000
0.00000
0.00000
0.00000
0.00000
0.00000
0.00000
