-0.00018
-0.00018
-0.00012
-0.00012
-0.00015
-0.00009
-0.00012
-0.00015
-0.00018
-0.00015
-0.00015
-0.00012
-0.00012
-0.00006
-0.00003
-0.00006
-0.00009
-0.00012
-0.00012
-0.00012
-0.00012
-0.00009
-0.00009
-0.00006
-0.00006
-0.00003
-0.00006
-0.00009
-0.00009
-0.00006
-0.00006
-0.00003
0.00000
-0.00003
-0.00009
-0.00009
-0.00009
-0.00006
-0.00006
-0.00009
-0.00003
-0.00003
0.00000
0.00000
0.00000
-0.00003
-0.00006
-0.00003
-0.00003
0.00000
0.00000
-0.00003
0.00000
-0.00003
-0.00003
0.00000
0.00000
0.00000
-0.00003
0.00000
0.00000
0.00000
0.00000
0.00003
0.00000
-0.00003
0.00000
0.00000
0.00000
-0.00003
-0.00003
0.00000
0.00000
0.00000
0.00006
0.00003
0.00003
0.00000
0.00000
0.00006
0.00003
0.00003
0.00000
0.00000
0.00000
0.00000
0.00003
0.00006
0.00006
0.00006
0.00009
0.00003
0.00000
0.00003
0.00003
0.00003
0.00009
0.00006
0.00003
0.00000
0.00003
0.00000
0.00003
0.00009
0.00003
0.00003
0.00003
0.00003
0.00000
0.00003
0.00006
0.00006
0.00006
0.00009
0.00003
0.00003
0.00006
0.00006
0.00006
0.00012
0.00009
0.00006
0.00006
0.00006
0.00003
0.00006
0.00006
0.00006
0.00006
0.00009
0.00003
0.00006
0.00012
0.00009
0.00012
0.00018
0.00012
0.00009
0.00012
0.00009
0.00003
0.00003
0.00006
0.00009
0.00009
0.00012
0.00015
0.00012
0.00015
0.00015
0.00012
0.00012
0.00009
0.00009
0.00006
0.00006
0.00009
0.00009
0.00009
0.00015
0.00009
0.00006
0.00012
0.00018
0.00015
0.00015
0.00018
0.00018
0.00018
0.00009
0.00006
0.00006
0.00006
0.00009
0.00009
0.00012
0.00006
0.00006
0.00015
0.00015
0.00015
0.00015
0.00015
0.00006
0.00012
0.00015
0.00012
0.00009
0.00012
0.00012
0.00018
0.00018
0.00018
0.00012
0.00006
0.00000
0.00000
0.00024
-0.00003
0.00070
-0.00037
-0.00211
-0.02570
-0.02768
-0.02863
-0.02545
0.01517
0.03568
0.03851
0.01459
0.00684
0.00226
-0.00717
-0.01166
-0.01230
-0.00375
0.00104
-0.00143
-0.00238
0.00000
-0.00287
-0.00217
0.00586
0.01004
0.00818
0.00720
0.00531
0.00348
0.00119
-0.00003
-0.00201
-0.00058
0.00064
-0.00037
0.00110
0.00262
0.00217
0.00018
0.00186
0.00229
0.00192
0.00323
0.00412
0.00223
0.00070
-0.00058
-0.00122
-0.00073
0.00034
0.00058
0.00027
0.00009
-0.00006
0.00076
0.00232
0.00336
0.00262
0.00229
0.00238
0.00146
0.00000
-0.00061
0.00000
-0.00143
-0.00052
0.00046
-0.00027
0.00113
0.00089
0.00107
0.00177
0.00101
-0.00064
-0.00070
0.00082
0.00009
0.00043
0.00049
0.00009
0.00003
-0.00012
-0.00058
-0.00064
-0.00052
-0.00107
-0.00101
-0.00043
-0.00024
-0.00012
0.00064
0.00031
-0.00003
0.00021
0.00000
-0.00018
-0.00061
-0.00076
-0.00082
-0.00092
-0.00110
-0.00131
-0.00095
-0.00055
-0.00034
-0.00021
0.00000
-0.00027
-0.00052
-0.00073
-0.00073
-0.00040
-0.00012
0.00015
0.00003
-0.00052
-0.00082
-0.00079
-0.00046
-0.00034
-0.00052
-0.00076
-0.00104
-0.00101
-0.00082
-0.00061
-0.00037
-0.00024
-0.00009
0.00003
0.00000
-0.00040
-0.00079
-0.00076
-0.00058
-0.00046
-0.00058
-0.00085
-0.00122
-0.00140
-0.00082
-0.00018
0.00003
0.00000
0.00000
-0.00003
-0.00015
-0.00003
0.00009
0.00006
-0.00021
-0.00037
-0.00031
-0.00043
-0.00055
-0.00043
-0.00031
-0.00037
-0.00040
-0.00018
-0.00006
-0.00003
0.00006
0.00015
0.00012
0.00003
0.00003
0.00000
0.00003
0.00000
-0.00015
-0.00043
-0.00049
-0.00027
0.00000
0.00021
0.00009
-0.00006
-0.00009
0.00012
0.00037
0.00049
0.00046
0.00024
0.00009
-0.00012
-0.00012
0.00000
-0.00006
-0.00015
-0.00018
-0.00031
-0.00043
-0.00037
0.00000
0.00000
0.00000
0.00000
0.00000
0.00000
0.00000
0.00000
0.00000
0.00000
0.00000
0.00000
0.00000
0.00000
0.00000
0.00000
0.00000
0.00000
0.00000
0.00000
0.00000
0.00000
0.00000
0.00000
0.00000
0.00000
0.00000
0.00000
0.00000
0.00000
0.00000
0.00000
0.00000
0.00000
0.00000
0.00000
0.00000
0.00000
0.00000
0.00000
0.00000
0.00000
0.00000
0.00000
0.00000
0.00000
0.00000
0.00000
0.00000
0.00000
0.00000
0.00000
0.00000
0.00000
0.00000
0.00000
0.00000
0.00000
0.00000
0.00000
0.00000
0.00000
0.00000
0.00000
0.00000
0.00000
0.00000
0.00000
0.00000
0.00000
0.00000
0.00000
0.00000
0.00000
0.00000
0.00000
0.00000
0.00000
0.00000
0.00000
0.00000
0.00000
0.00000
0.00000
0.00000
0.00000
0.00000
0.00000
0.00000
0.00000
0.00000
0.00000
0.00000
0.00000
0.00000
0.00000
0.00000
0.00000
0.00000
0.00000
0.00000
0.00000
0.00000
0.00000
0.00000
0.00000
0.00000
0.00000
0.00000
0.00000
0.00000
0.00000
0.00000
0.00000
0.00000
0.00000
0.00000
0.00000
0.00000
