-0.00012
-0.00015
-0.00012
-0.00009
-0.00015
-0.00024
-0.00021
-0.00018
-0.00015
-0.00009
-0.00009
-0.00018
-0.00024
-0.00024
-0.00024
-0.00018
-0.00021
-0.00015
-0.00012
-0.00015
-0.00012
-0.00015
-0.00012
-0.00009
-0.00015
-0.00015
-0.00012
-0.00018
-0.00027
-0.00018
-0.00018
-0.00024
-0.00015
-0.00006
-0.00015
-0.00018
-0.00018
-0.00018
-0.00021
-0.00018
-0.00012
-0.00015
-0.00015
-0.00015
-0.00018
-0.00021
-0.00021
-0.00024
-0.00021
-0.00012
-0.00009
-0.00018
-0.00012
-0.00015
-0.00018
-0.00015
-0.00015
-0.00021
-0.00018
-0.00015
-0.00018
-0.00018
-0.00018
-0.00018
-0.00018
-0.00021
-0.00024
-0.00024
-0.00024
-0.00018
-0.00012
-0.00012
-0.00012
-0.00009
-0.00015
-0.00024
-0.00027
-0.00027
-0.00024
-0.00018
-0.00015
-0.00018
-0.00015
-0.00018
-0.00027
-0.00027
-0.00021
-0.00021
-0.00018
-0.00006
-0.00012
-0.00021
-0.00015
-0.00018
-0.00024
-0.00018
-0.00018
-0.00027
-0.00021
-0.00021
-0.00021
-0.00018
-0.00015
-0.00015
-0.00018
-0.00018
-0.00018
-0.00021
-0.00021
-0.00021
-0.00024
-0.00018
-0.00018
-0.00021
-0.00018
-0.00015
-0.00015
-0.00021
-0.00024
-0.00021
-0.00027
-0.00024
-0.00021
-0.00018
-0.00018
-0.00018
-0.00021
-0.00021
-0.00015
-0.00015
-0.00018
-0.00015
-0.00015
-0.00015
-0.00021
-0.00024
-0.00021
-0.00018
-0.00018
-0.00015
-0.00006
-0.00009
-0.00015
-0.00021
-0.00021
-0.00031
-0.00034
-0.00027
-0.00018
-0.00012
-0.00009
-0.00006
-0.00012
-0.00018
-0.00021
-0.00024
-0.00024
-0.00024
-0.00021
-0.00012
-0.00009
-0.00012
-0.00009
-0.00015
-0.00015
-0.00018
-0.00018
-0.00009
-0.00009
-0.00015
-0.00015
-0.00012
-0.00021
-0.00015
-0.00012
-0.00015
-0.00018
-0.00018
-0.00018
-0.00021
-0.00027
-0.00024
-0.00012
-0.00021
-0.00015
-0.00009
-0.00006
-0.00009
-0.00012
-0.00012
-0.00012
-0.00015
-0.00012
-0.00012
-0.00006
-0.00024
-0.00024
-0.00024
-0.00006
-0.00015
-0.00003
-0.00018
-0.00009
-0.00320
-0.01419
-0.01608
-0.01419
-0.01520
-0.01022
0.00449
0.01682
0.02036
0.01489
0.00702
0.00000
-0.01212
-0.01871
-0.01898
-0.01215
-0.00095
0.00705
0.01666
0.01685
0.01440
0.00977
0.00122
-0.00266
-0.00333
-0.00159
-0.00070
-0.00024
0.00092
0.00241
0.00272
0.00296
0.00235
0.00089
-0.00046
-0.00082
0.00012
0.00095
0.00250
0.00308
0.00217
0.00204
0.00122
0.00040
0.00043
-0.00006
-0.00049
-0.00046
-0.00006
0.00034
0.00098
0.00168
0.00180
0.00110
0.00021
0.00021
0.00031
0.00140
0.00195
0.00153
0.00104
0.00009
-0.00024
-0.00049
-0.00027
-0.00073
-0.00027
0.00064
0.00034
0.00089
0.00116
0.00082
0.00076
0.00018
-0.00040
-0.00034
-0.00043
-0.00049
-0.00052
-0.00043
-0.00058
-0.00058
-0.00003
-0.00015
-0.00040
-0.00046
-0.00064
-0.00073
-0.00043
-0.00012
-0.00006
-0.00027
-0.00037
-0.00043
-0.00058
-0.00079
-0.00089
-0.00061
-0.00055
-0.00046
-0.00067
-0.00092
-0.00104
-0.00095
-0.00055
-0.00031
-0.00037
-0.00049
-0.00067
-0.00095
-0.00079
-0.00061
-0.00031
-0.00031
-0.00049
-0.00049
-0.00058
-0.00055
-0.00043
-0.00034
-0.00064
-0.00098
-0.00085
-0.00061
-0.00061
-0.00055
-0.00027
0.00003
0.00006
-0.00015
-0.00058
-0.00098
-0.00122
-0.00116
-0.00082
-0.00064
-0.00079
-0.00089
-0.00061
-0.00046
-0.00034
-0.00024
-0.00006
-0.00003
-0.00003
-0.00009
-0.00027
-0.00040
-0.00055
-0.00049
-0.00040
-0.00027
-0.00015
-0.00015
-0.00012
-0.00009
-0.00003
0.00000
-0.00003
0.00003
0.00000
-0.00012
-0.00009
-0.00003
-0.00012
-0.00012
-0.00012
-0.00015
0.00000
-0.00009
0.00000
0.00000
0.00000
0.00000
0.00000
0.00000
0.00000
0.00000
0.00000
0.00000
0.00000
0.00000
0.00000
0.00000
0.00000
0.00000
0.00000
0.00000
0.00000
0.00000
0.00000
0.00000
0.00000
0.00000
0.00000
0.00000
0.00000
0.00000
0.00000
0.00000
0.00000
0.00000
0.00000
0.00000
0.00000
0.00000
0.00000
0.00000
0.00000
0.00000
0.00000
0.00000
0.00000
0.00000
0.00000
0.00000
0.00000
0.00000
0.00000
0.00000
0.00000
0.00000
0.00000
0.00000
0.00000
0.00000
0.00000
0.00000
0.00000
0.00000
0.00000
0.00000
0.00000
0.00000
0.00000
0.00000
0.00000
0.00000
0.00000
0.00000
0.00000
0.00000
0.00000
0.00000
0.00000
0.00000
0.00000
0.00000
0.00000
0.00000
0.00000
0.00000
0.00000
0.00000
0.00000
0.00000
0.00000
0.00000
0.00000
0.00000
0.00000
0.00000
0.00000
0.00000
0.00000
0.00000
0.00000
0.00000
0.00000
0.00000
0.00000
0.00000
0.00000
0.00000
0.00000
0.00000
0.00000
0.00000
0.00000
0.00000
0.00000
0.00000
0.00000
0.00000
0.00000
0.00000
0.00000
0.00000
0.00000
0.00000
0.00000
0.00000
0.00000
0.00000
0.00000
0.00000
0.00000
0.00000
0.00000
0.00000
0.00000
0.00000
0.00000
0.00000
0.00000
0.00000
0.00000
0.00000
0.00000
