-0.00031
-0.00027
-0.00021
-0.00021
-0.00027
-0.00024
-0.00021
-0.00021
-0.00021
-0.00015
-0.00018
-0.00024
-0.00024
-0.00021
-0.00031
-0.00027
-0.00024
-0.00031
-0.00027
-0.00021
-0.00015
-0.00012
-0.00009
-0.00018
-0.00024
-0.00024
-0.00027
-0.00024
-0.00018
-0.00018
-0.00018
-0.00018
-0.00021
-0.00024
-0.00024
-0.00027
-0.00024
-0.00018
-0.00024
-0.00024
-0.00018
-0.00024
-0.00024
-0.00021
-0.00021
-0.00021
-0.00021
-0.00018
-0.00012
-0.00015
-0.00018
-0.00021
-0.00027
-0.00024
-0.00021
-0.00021
-0.00021
-0.00012
-0.00015
-0.00018
-0.00018
-0.00018
-0.00018
-0.00015
-0.00015
-0.00018
-0.00021
-0.00021
-0.00021
-0.00018
-0.00012
-0.00015
-0.00015
-0.00015
-0.00015
-0.00015
-0.00015
-0.00009
-0.00012
-0.00015
-0.00015
-0.00018
-0.00027
-0.00024
-0.00021
-0.00018
-0.00018
-0.00015
-0.00009
-0.00015
-0.00015
-0.00006
-0.00012
-0.00009
-0.00003
-0.00009
-0.00012
-0.00018
-0.00018
-0.00018
-0.00012
-0.00012
-0.00015
-0.00009
-0.00009
-0.00015
-0.00012
-0.00009
-0.00012
-0.00009
-0.00006
-0.00003
-0.00003
-0.00006
-0.00009
-0.00009
-0.00009
-0.00003
-0.00003
-0.00006
-0.00006
-0.00012
-0.00012
-0.00009
-0.00009
-0.00006
0.00000
0.00000
0.00000
0.00000
-0.00003
-0.00009
-0.00015
-0.00012
-0.00006
-0.00003
0.00003
0.00006
0.00003
0.00000
0.00000
-0.00006
-0.00009
-0.00009
-0.00006
-0.00003
0.00003
0.00009
0.00006
0.00009
0.00006
0.00000
0.00000
-0.00003
-0.00003
-0.00006
0.00000
0.00009
0.00009
0.00003
0.00006
0.00000
0.00000
0.00000
0.00000
0.00000
0.00003
0.00000
0.00003
0.00006
0.00006
0.00006
0.00006
0.00006
0.00000
0.00000
0.00000
0.00003
0.00006
0.00012
0.00003
0.00006
0.00015
-0.00006
0.00006
0.00006
0.00009
0.00009
0.00006
0.00009
0.00012
0.00009
0.00000
0.00009
0.00018
0.00009
0.00003
0.00012
0.00006
-0.00006
0.00000
-0.00003
-0.00003
0.00000
0.00043
0.00024
-0.00021
-0.00616
-0.01196
-0.01123
-0.01108
-0.00980
-0.00546
-0.00317
-0.00357
-0.01132
-0.01334
0.00061
0.01733
0.02289
0.01651
0.01321
0.00879
0.00339
-0.00311
-0.00638
-0.00497
-0.00064
0.00195
0.00290
0.00412
0.00217
0.00082
0.00247
0.00397
0.00281
0.00128
0.00046
0.00113
0.00217
0.00180
0.00034
-0.00006
-0.00061
-0.00082
0.00079
0.00174
0.00143
0.00195
0.00253
0.00217
0.00177
0.00162
0.00189
0.00153
0.00098
0.00006
-0.00076
-0.00092
-0.00101
-0.00015
0.00092
0.00159
0.00192
0.00156
0.00201
0.00189
0.00146
0.00110
0.00015
0.00021
0.00009
0.00031
0.00058
0.00006
-0.00021
-0.00015
0.00027
-0.00003
-0.00015
-0.00018
0.00006
0.00009
0.00021
0.00076
0.00061
0.00024
-0.00006
-0.00021
-0.00049
-0.00085
-0.00113
-0.00073
-0.00031
-0.00018
-0.00018
-0.00046
-0.00061
-0.00067
-0.00015
0.00024
0.00024
0.00003
0.00000
-0.00027
-0.00064
-0.00092
-0.00107
-0.00089
-0.00076
-0.00073
-0.00092
-0.00101
-0.00104
-0.00070
-0.00024
0.00000
0.00006
0.00000
0.00000
-0.00024
-0.00037
-0.00034
-0.00034
-0.00034
-0.00031
-0.00015
-0.00040
-0.00076
-0.00073
-0.00034
-0.00018
-0.00040
-0.00064
-0.00095
-0.00119
-0.00101
-0.00049
-0.00012
-0.00012
-0.00018
-0.00031
-0.00049
-0.00073
-0.00067
-0.00052
-0.00049
-0.00055
-0.00061
-0.00058
-0.00046
-0.00027
-0.00015
0.00003
0.00012
0.00024
0.00034
0.00034
0.00018
0.00000
-0.00021
-0.00034
-0.00034
-0.00031
-0.00034
-0.00024
-0.00012
-0.00021
-0.00040
-0.00027
-0.00006
0.00009
0.00024
0.00009
0.00003
0.00009
0.00009
0.00000
0.00000
0.00000
0.00000
0.00000
0.00000
0.00000
0.00000
0.00000
0.00000
0.00000
0.00000
0.00000
0.00000
0.00000
0.00000
0.00000
0.00000
0.00000
0.00000
0.00000
0.00000
0.00000
0.00000
0.00000
0.00000
0.00000
0.00000
0.00000
0.00000
0.00000
0.00000
0.00000
0.00000
0.00000
0.00000
0.00000
0.00000
0.00000
0.00000
0.00000
0.00000
0.00000
0.00000
0.00000
0.00000
0.00000
0.00000
0.00000
0.00000
0.00000
0.00000
0.00000
0.00000
0.00000
0.00000
0.00000
0.00000
0.00000
0.00000
0.00000
0.00000
0.00000
0.00000
0.00000
0.00000
0.00000
0.00000
0.00000
0.00000
0.00000
0.00000
0.00000
0.00000
0.00000
0.00000
0.00000
0.00000
0.00000
0.00000
0.00000
0.00000
0.00000
0.00000
0.00000
0.00000
0.00000
0.00000
0.00000
0.00000
0.00000
0.00000
0.00000
0.00000
0.00000
0.00000
0.00000
0.00000
0.00000
0.00000
0.00000
0.00000
0.00000
0.00000
0.00000
0.00000
0.00000
0.00000
0.00000
0.00000
0.00000
0.00000
0.00000
0.00000
0.00000
0.00000
0.00000
0.00000
0.00000
0.00000
0.00000
0.00000
0.00000
0.00000
0.00000
0.00000
0.00000
0.00000
0.00000
0.00000
0.00000
0.00000
0.00000
0.00000
0.00000
