0.00006
0.00000
0.00000
0.00000
0.00000
0.00000
0.00003
0.00000
0.00000
0.00009
0.00006
0.00003
0.00009
0.00003
-0.00003
0.00000
0.00009
0.00003
0.00003
0.00006
0.00006
0.00006
0.00006
0.00003
0.00006
0.00009
0.00006
0.00009
0.00009
0.00009
0.00003
0.00003
0.00003
0.00006
0.00009
0.00006
0.00006
0.00009
0.00006
0.00009
0.00018
0.00012
0.00009
0.00012
0.00009
0.00003
0.00003
0.00003
0.00003
0.00003
0.00009
0.00009
0.00006
0.00006
0.00009
0.00012
0.00012
0.00009
0.00015
0.00003
0.00009
0.00015
0.00009
0.00009
0.00009
0.00009
0.00006
0.00009
0.00018
0.00009
0.00006
0.00006
0.00009
0.00015
0.00015
0.00018
0.00015
0.00012
0.00012
0.00003
0.00006
0.00012
0.00006
0.00006
0.00012
0.00012
0.00009
0.00012
0.00018
0.00012
0.00012
0.00021
0.00015
0.00015
0.00009
0.00006
0.00009
0.00006
0.00000
0.00003
0.00012
0.00015
0.00012
0.00018
0.00021
0.00018
0.00012
0.00012
0.00015
0.00012
0.00009
0.00012
0.00009
0.00009
0.00012
0.00012
0.00012
0.00018
0.00018
0.00018
0.00015
0.00009
0.00003
0.00009
0.00012
0.00006
0.00015
0.00024
0.00021
0.00012
0.00015
0.00015
0.00009
0.00009
0.00012
0.00018
0.00012
0.00009
0.00012
0.00015
0.00015
0.00015
0.00018
0.00024
0.00021
0.00012
0.00012
0.00012
0.00012
0.00009
0.00012
0.00012
0.00015
0.00018
0.00015
0.00018
0.00015
0.00012
0.00015
0.00015
0.00015
0.00012
0.00015
0.00009
0.00015
0.00018
0.00012
0.00012
0.00012
0.00009
0.00012
0.00018
0.00015
0.00015
0.00015
0.00018
0.00006
0.00027
-0.00015
0.00064
-0.00067
0.00134
-0.00168
0.00259
-0.00351
0.00400
-0.05206
-0.08505
-0.00546
-0.02051
-0.00949
0.01022
0.02307
0.02780
0.03210
0.06516
0.04300
0.01355
-0.01019
-0.02740
0.00110
-0.00925
-0.03009
-0.00143
0.01862
0.01016
0.00662
0.01047
-0.00052
-0.00641
0.00064
-0.00092
0.00211
0.00735
0.00015
-0.00247
0.00586
-0.00104
-0.00580
-0.00055
0.00186
-0.00095
0.00058
0.00702
0.00613
0.00317
0.00494
0.00284
-0.00076
-0.00256
-0.00168
-0.00140
-0.00116
-0.00061
-0.00171
-0.00180
0.00128
0.00015
-0.00104
0.00186
0.00281
0.00037
0.00189
0.00516
0.00424
0.00177
0.00180
0.00095
-0.00125
-0.00211
-0.00186
-0.00143
-0.00125
-0.00217
-0.00162
-0.00021
0.00113
0.00021
0.00110
0.00262
0.00165
0.00000
-0.00046
-0.00116
-0.00211
-0.00165
-0.00110
-0.00067
-0.00165
-0.00104
0.00003
0.00009
-0.00009
-0.00140
-0.00037
0.00006
0.00006
0.00021
0.00015
0.00055
-0.00079
-0.00113
-0.00113
-0.00174
-0.00150
-0.00204
-0.00186
-0.00146
-0.00143
-0.00067
-0.00049
-0.00012
-0.00006
-0.00006
0.00082
0.00043
0.00012
0.00027
-0.00012
-0.00009
-0.00043
-0.00024
-0.00055
-0.00110
-0.00092
-0.00128
-0.00143
-0.00153
-0.00165
-0.00137
-0.00116
-0.00064
-0.00015
0.00000
-0.00003
-0.00027
-0.00021
-0.00034
-0.00085
-0.00110
-0.00137
-0.00150
-0.00159
-0.00116
-0.00046
-0.00031
-0.00018
0.00000
0.00031
0.00052
0.00064
0.00089
0.00067
0.00018
-0.00021
-0.00037
-0.00027
-0.00064
-0.00076
-0.00067
-0.00073
-0.00073
-0.00076
-0.00049
-0.00040
-0.00043
0.00003
0.00024
0.00034
0.00031
0.00018
0.00027
0.00015
0.00009
-0.00003
-0.00027
-0.00049
-0.00073
-0.00049
-0.00018
0.00003
0.00000
-0.00003
-0.00037
-0.00058
-0.00031
-0.00009
0.00027
0.00040
0.00095
0.00095
0.00070
0.00000
0.00000
0.00000
0.00000
0.00000
0.00000
0.00000
0.00000
0.00000
0.00000
0.00000
0.00000
0.00000
0.00000
0.00000
0.00000
0.00000
0.00000
0.00000
0.00000
0.00000
0.00000
0.00000
0.00000
0.00000
0.00000
0.00000
0.00000
0.00000
0.00000
0.00000
0.00000
0.00000
0.00000
0.00000
0.00000
0.00000
0.00000
0.00000
0.00000
0.00000
0.00000
0.00000
0.00000
0.00000
0.00000
0.00000
0.00000
0.00000
0.00000
0.00000
0.00000
0.00000
0.00000
0.00000
0.00000
0.00000
0.00000
0.00000
0.00000
0.00000
0.00000
0.00000
0.00000
0.00000
0.00000
0.00000
0.00000
0.00000
0.00000
0.00000
0.00000
0.00000
0.00000
0.00000
0.00000
0.00000
0.00000
0.00000
0.00000
0.00000
0.00000
0.00000
0.00000
0.00000
0.00000
0.00000
0.00000
0.00000
0.00000
0.00000
0.00000
0.00000
0.00000
0.00000
0.00000
0.00000
0.00000
0.00000
0.00000
0.00000
0.00000
0.00000
0.00000
0.00000
0.00000
0.00000
0.00000
0.00000
0.00000
0.00000
0.00000
0.00000
0.00000
0.00000
0.00000
0.00000
0.00000
0.00000
0.00000
0.00000
0.00000
0.00000
0.00000
0.00000
0.00000
0.00000
0.00000
0.00000
0.00000
0.00000
0.00000
0.00000
0.00000
0.00000
0.00000
0.00000
0.00000
0.00000
0.00000
