0.00000
0.00003
0.00003
0.00003
0.00003
0.00009
0.00006
0.00003
0.00009
0.00009
0.00009
0.00009
0.00009
0.00000
0.00000
0.00000
0.00000
0.00003
0.00009
0.00006
0.00009
0.00021
0.00006
0.00000
0.00003
0.00003
0.00000
0.00000
0.00003
0.00000
0.00000
0.00009
0.00009
0.00009
0.00003
0.00000
0.00000
0.00000
0.00000
0.00000
0.00006
0.00006
-0.00003
0.00000
0.00006
0.00000
0.00000
0.00000
0.00006
0.00003
0.00003
0.00006
0.00015
0.00006
0.00012
-0.00003
-0.00018
0.00009
-0.00003
0.00000
0.00000
0.00000
-0.00003
0.00000
0.00003
0.00000
0.00000
0.00000
0.00003
0.00000
0.00003
0.00006
-0.00003
0.00000
0.00006
-0.00003
-0.00006
0.00009
-0.00006
-0.00012
-0.00003
0.00000
-0.00003
0.00000
0.00009
0.00000
0.00003
0.00009
0.00003
0.00000
0.00000
-0.00012
-0.00012
-0.00006
0.00000
-0.00006
0.00000
0.00000
-0.00003
-0.00006
-0.00003
-0.00006
-0.00012
0.00006
0.00006
0.00000
0.00000
0.00000
-0.00006
-0.00018
-0.00009
-0.00012
-0.00015
-0.00012
-0.00003
0.00000
-0.00006
-0.00006
-0.00003
0.00000
-0.00009
-0.00012
-0.00012
-0.00009
-0.00006
-0.00003
0.00000
0.00000
-0.00003
-0.00006
-0.00012
-0.00009
-0.00009
-0.00006
-0.00006
-0.00003
-0.00003
-0.00006
-0.00015
-0.00012
-0.00006
-0.00009
-0.00003
-0.00006
-0.00009
-0.00009
-0.00006
-0.00012
-0.00012
0.00000
-0.00006
-0.00006
-0.00009
-0.00003
-0.00003
-0.00015
-0.00012
-0.00012
-0.00012
-0.00018
-0.00012
-0.00003
-0.00021
-0.00012
0.00000
-0.00006
-0.00006
-0.00006
-0.00021
-0.00018
-0.00024
0.00000
-0.00037
0.00037
-0.00092
0.00098
-0.00162
0.00156
-0.00211
0.00198
-0.00226
0.00226
-0.03580
-0.19162
-0.01562
0.01056
0.02463
0.08459
0.05774
0.00458
0.00772
0.06033
-0.01453
-0.00345
-0.01901
0.00034
0.03326
0.02777
-0.04022
-0.02570
0.02054
-0.01288
-0.00369
0.03802
0.00034
-0.01068
0.01547
0.00262
-0.00235
0.00891
-0.00668
-0.01920
0.00543
-0.00095
-0.00879
0.00879
0.01508
-0.00397
-0.00189
0.00629
0.00079
-0.00189
0.00555
0.00626
-0.00186
0.00003
-0.00110
0.00009
0.00101
0.00220
-0.00415
-0.00470
-0.00143
-0.00095
-0.00275
0.00342
0.00595
0.00070
0.00153
0.00500
0.00211
-0.00192
-0.00073
-0.00024
-0.00296
-0.00320
-0.00162
-0.00244
-0.00104
-0.00064
-0.00070
0.00024
-0.00003
-0.00061
-0.00113
0.00208
0.00140
-0.00122
-0.00140
-0.00125
-0.00217
-0.00137
0.00009
0.00049
-0.00314
-0.00262
-0.00208
-0.00101
-0.00122
-0.00122
-0.00021
0.00034
-0.00006
0.00015
0.00027
0.00009
-0.00153
-0.00174
-0.00174
-0.00266
-0.00290
-0.00266
-0.00259
-0.00153
-0.00208
-0.00076
-0.00009
0.00000
0.00006
-0.00061
-0.00027
-0.00009
-0.00021
0.00009
0.00003
-0.00037
-0.00076
-0.00046
-0.00064
-0.00171
-0.00186
-0.00195
-0.00235
-0.00189
-0.00131
-0.00107
-0.00079
-0.00012
-0.00027
-0.00070
-0.00061
-0.00098
-0.00089
-0.00070
-0.00119
-0.00165
-0.00186
-0.00201
-0.00208
-0.00146
-0.00027
0.00000
-0.00003
0.00003
0.00034
0.00037
0.00043
0.00095
0.00061
-0.00003
-0.00067
-0.00089
-0.00064
-0.00079
-0.00101
-0.00079
-0.00082
-0.00101
-0.00098
-0.00061
-0.00043
-0.00052
-0.00015
0.00018
0.00034
0.00024
0.00003
0.00000
-0.00009
-0.00040
-0.00034
-0.00034
-0.00052
-0.00089
-0.00067
-0.00031
-0.00015
0.00018
0.00015
0.00046
0.00040
0.00052
0.00073
0.00043
0.00003
-0.00012
0.00000
0.00000
0.00000
0.00000
0.00000
0.00000
0.00000
0.00000
0.00000
0.00000
0.00000
0.00000
0.00000
0.00000
0.00000
0.00000
0.00000
0.00000
0.00000
0.00000
0.00000
0.00000
0.00000
0.00000
0.00000
0.00000
0.00000
0.00000
0.00000
0.00000
0.00000
0.00000
0.00000
0.00000
0.00000
0.00000
0.00000
0.00000
0.00000
0.00000
0.00000
0.00000
0.00000
0.00000
0.00000
0.00000
0.00000
0.00000
0.00000
0.00000
0.00000
0.00000
0.00000
0.00000
0.00000
0.00000
0.00000
0.00000
0.00000
0.00000
0.00000
0.00000
0.00000
0.00000
0.00000
0.00000
0.00000
0.00000
0.00000
0.00000
0.00000
0.00000
0.00000
0.00000
0.00000
0.00000
0.00000
0.00000
0.00000
0.00000
0.00000
0.00000
0.00000
0.00000
0.00000
0.00000
0.00000
0.00000
0.00000
0.00000
0.00000
0.00000
0.00000
0.00000
0.00000
0.00000
0.00000
0.00000
0.00000
0.00000
0.00000
0.00000
0.00000
0.00000
0.00000
0.00000
0.00000
0.00000
0.00000
0.00000
0.00000
0.00000
0.00000
0.00000
0.00000
0.00000
0.00000
0.00000
0.00000
0.00000
0.00000
0.00000
0.00000
0.00000
0.00000
0.00000
0.00000
0.00000
0.00000
0.00000
0.00000
0.00000
0.00000
0.00000
0.00000
0.00000
0.00000
0.00000
0.00000
0.00000
0.00000
0.00000
0.00000
0.00000
0.00000
0.00000
