-0.00009
-0.00003
-0.00009
-0.00006
-0.00003
-0.00006
0.00000
0.00000
-0.00012
-0.00015
-0.00018
-0.00006
-0.00006
-0.00006
0.00000
0.00000
-0.00012
-0.00006
-0.00003
-0.00009
-0.00009
-0.00012
-0.00018
-0.00027
-0.00018
-0.00012
-0.00006
-0.00009
-0.00012
-0.00009
-0.00006
0.00000
-0.00006
-0.00009
-0.00015
-0.00018
-0.00018
-0.00015
-0.00012
-0.00018
-0.00012
-0.00009
-0.00009
-0.00012
0.00000
0.00000
-0.00006
-0.00015
-0.00018
-0.00021
-0.00027
-0.00024
-0.00015
-0.00015
-0.00012
-0.00006
-0.00009
-0.00018
-0.00012
-0.00009
-0.00006
-0.00024
0.00000
-0.00027
-0.00024
-0.00006
-0.00024
-0.00027
-0.00027
-0.00012
-0.00021
-0.00027
-0.00024
-0.00024
-0.00021
-0.00021
-0.00018
-0.00015
-0.00021
-0.00021
-0.00021
-0.00034
-0.00027
-0.00027
-0.00027
-0.00018
-0.00021
-0.00021
-0.00024
-0.00015
-0.00027
-0.00037
-0.00027
-0.00031
-0.00031
-0.00021
-0.00027
-0.00027
-0.00034
-0.00031
-0.00031
-0.00037
-0.00037
-0.00037
-0.00027
-0.00021
-0.00021
-0.00037
-0.00031
-0.00034
-0.00037
-0.00031
-0.00021
-0.00021
-0.00031
-0.00027
-0.00027
-0.00024
-0.00027
-0.00031
-0.00031
-0.00034
-0.00040
-0.00040
-0.00040
-0.00040
-0.00034
-0.00031
-0.00031
-0.00031
-0.00040
-0.00031
-0.00031
-0.00034
-0.00034
-0.00037
-0.00034
-0.00037
-0.00034
-0.00037
-0.00037
-0.00031
-0.00024
-0.00031
-0.00043
-0.00037
-0.00043
-0.00040
-0.00037
-0.00034
-0.00034
-0.00040
-0.00037
-0.00040
-0.00034
-0.00034
-0.00031
-0.00024
-0.00034
-0.00043
-0.00043
-0.00034
-0.00043
-0.00046
-0.00031
-0.00037
-0.00034
-0.00027
-0.00027
-0.00034
-0.00049
-0.00046
-0.00034
-0.00031
-0.00031
-0.00034
-0.00024
-0.00043
-0.00043
-0.00037
-0.00067
0.00024
-0.00183
0.00201
-0.00439
0.00589
-0.01031
0.00677
-0.14465
-0.11639
-0.05734
-0.03656
0.18564
0.18918
0.11801
-0.03690
-0.01425
-0.03757
-0.06848
-0.05637
-0.02148
0.02847
0.05157
0.00931
-0.00647
0.02371
-0.01767
-0.02380
0.01990
0.01880
-0.01700
0.00162
0.00458
0.00262
0.00449
0.00330
-0.01419
0.00000
0.00464
-0.01007
-0.00009
0.00760
-0.00174
-0.00531
0.01050
0.00504
0.00079
0.00317
0.00781
-0.00497
-0.00583
-0.00485
-0.00198
-0.00143
0.00183
0.00116
-0.00079
-0.00153
-0.00049
-0.00113
0.00403
0.00845
0.00186
0.00241
0.00406
0.00116
-0.00403
-0.00250
0.00122
-0.00342
-0.00464
-0.00104
-0.00058
-0.00150
-0.00052
0.00107
0.00290
-0.00040
-0.00061
-0.00159
0.00116
0.00052
-0.00092
-0.00055
-0.00089
-0.00330
-0.00320
-0.00150
0.00134
-0.00070
-0.00204
-0.00040
-0.00104
-0.00119
-0.00137
-0.00031
0.00052
-0.00015
0.00021
0.00015
-0.00021
-0.00073
-0.00204
-0.00125
-0.00217
-0.00320
-0.00311
-0.00330
-0.00192
-0.00128
0.00015
0.00174
0.00064
0.00082
-0.00024
-0.00082
-0.00116
-0.00134
-0.00037
-0.00018
-0.00052
-0.00055
-0.00070
-0.00046
-0.00140
-0.00159
-0.00162
-0.00241
-0.00256
-0.00174
-0.00110
-0.00061
0.00024
0.00098
0.00021
-0.00046
-0.00073
-0.00110
-0.00125
-0.00165
-0.00186
-0.00198
-0.00226
-0.00208
-0.00113
0.00046
0.00095
0.00070
0.00055
0.00034
0.00021
-0.00012
0.00027
0.00021
-0.00070
-0.00116
-0.00110
-0.00064
-0.00052
-0.00055
-0.00015
-0.00040
-0.00104
-0.00113
-0.00085
-0.00040
-0.00031
0.00027
0.00092
0.00073
0.00024
0.00015
0.00015
-0.00037
-0.00107
-0.00101
-0.00101
-0.00089
-0.00052
-0.00003
0.00052
0.00046
0.00046
0.00018
0.00040
0.00015
0.00000
0.00070
0.00092
0.00061
0.00015
0.00000
-0.00018
-0.00052
-0.00076
-0.00067
-0.00085
-0.00095
-0.00049
0.00031
0.00082
0.00085
0.00061
0.00024
0.00000
0.00009
0.00052
0.00067
0.00031
-0.00003
-0.00043
-0.00092
-0.00089
-0.00085
-0.00003
0.00000
0.00000
0.00000
0.00000
0.00000
0.00000
0.00000
0.00000
0.00000
0.00000
0.00000
0.00000
0.00000
0.00000
0.00000
0.00000
0.00000
0.00000
0.00000
0.00000
0.00000
0.00000
0.00000
0.00000
0.00000
0.00000
0.00000
0.00000
0.00000
0.00000
0.00000
0.00000
0.00000
0.00000
0.00000
0.00000
0.00000
0.00000
0.00000
0.00000
0.00000
0.00000
0.00000
0.00000
0.00000
0.00000
0.00000
0.00000
0.00000
0.00000
0.00000
0.00000
0.00000
0.00000
0.00000
0.00000
0.00000
0.00000
0.00000
0.00000
0.00000
0.00000
0.00000
0.00000
0.00000
0.00000
0.00000
0.00000
0.00000
0.00000
0.00000
0.00000
0.00000
0.00000
0.00000
0.00000
0.00000
0.00000
0.00000
0.00000
0.00000
0.00000
0.00000
0.00000
0.00000
0.00000
0.00000
0.00000
0.00000
0.00000
0.00000
0.00000
0.00000
0.00000
0.00000
0.00000
0.00000
0.00000
0.00000
0.00000
0.00000
0.00000
0.00000
0.00000
0.00000
0.00000
0.00000
0.00000
0.00000
0.00000
0.00000
0.00000
0.00000
0.00000
0.00000
0.00000
0.00000
