-0.00003
-0.00003
0.00000
0.00000
0.00000
0.00000
0.00003
0.00000
0.00000
0.00000
0.00000
-0.00003
-0.00006
0.00000
0.00000
-0.00003
-0.00003
0.00000
0.00000
0.00000
0.00000
0.00000
0.00000
-0.00003
0.00000
0.00000
0.00000
-0.00003
0.00000
0.00000
-0.00003
0.00000
0.00000
0.00000
0.00000
0.00000
0.00000
0.00000
-0.00003
-0.00006
-0.00003
-0.00003
-0.00006
-0.00003
-0.00003
0.00000
0.00000
0.00000
0.00003
0.00000
-0.00003
0.00000
0.00000
-0.00006
-0.00003
-0.00003
-0.00006
-0.00006
-0.00003
0.00000
0.00000
0.00000
0.00000
0.00000
-0.00006
-0.00015
-0.00006
-0.00006
-0.00009
-0.00003
-0.00003
-0.00003
-0.00003
-0.00006
-0.00006
-0.00006
-0.00006
0.00000
0.00003
0.00000
-0.00003
0.00000
0.00000
-0.00003
-0.00006
-0.00006
-0.00006
-0.00003
-0.00006
-0.00006
-0.00003
-0.00006
-0.00006
-0.00003
0.00000
-0.00006
0.00000
0.00000
-0.00003
0.00000
0.00000
-0.00003
-0.00003
-0.00003
-0.00006
-0.00012
-0.00006
-0.00006
-0.00009
-0.00003
0.00000
0.00000
-0.00003
0.00000
-0.00003
-0.00006
-0.00006
-0.00009
-0.00009
-0.00006
-0.00003
-0.00006
-0.00006
-0.00003
-0.00006
-0.00003
0.00000
-0.00006
-0.00006
-0.00006
-0.00006
-0.00009
-0.00009
-0.00003
-0.00006
-0.00003
-0.00006
-0.00006
-0.00003
-0.00006
-0.00009
-0.00003
-0.00003
-0.00003
-0.00006
-0.00006
-0.00003
-0.00006
-0.00006
-0.00003
-0.00009
-0.00012
-0.00012
-0.00009
-0.00003
-0.00006
-0.00006
-0.00006
-0.00006
-0.00006
-0.00003
-0.00003
-0.00003
-0.00009
-0.00006
-0.00006
-0.00009
-0.00009
-0.00006
-0.00006
-0.00006
-0.00009
-0.00009
-0.00006
-0.00012
-0.00009
-0.00006
-0.00003
-0.00006
-0.00009
-0.00006
-0.00006
-0.00003
-0.00012
-0.00012
0.00000
-0.00037
0.00015
-0.00085
0.00085
-0.00150
-0.00064
-0.03961
-0.05151
-0.02850
-0.03381
-0.01767
0.00858
0.04288
0.05994
0.05032
0.03906
0.01556
-0.01031
-0.02231
-0.02594
-0.00543
-0.00168
-0.00677
0.00262
0.00882
0.00507
0.00381
0.00430
0.00168
0.00128
0.00046
-0.00052
0.00134
0.00406
0.00125
-0.00079
0.00079
-0.00320
-0.00586
-0.00287
-0.00079
-0.00131
-0.00012
0.00378
0.00525
0.00427
0.00391
0.00253
0.00165
0.00015
-0.00049
-0.00024
-0.00006
-0.00095
-0.00125
-0.00085
0.00015
-0.00006
0.00003
0.00192
0.00314
0.00244
0.00241
0.00299
0.00247
0.00055
-0.00015
-0.00055
-0.00201
-0.00168
-0.00162
-0.00128
0.00018
0.00000
0.00006
0.00052
0.00073
-0.00064
-0.00046
0.00070
0.00009
-0.00027
-0.00006
0.00000
-0.00003
-0.00079
-0.00128
-0.00134
-0.00131
-0.00165
-0.00143
-0.00064
-0.00049
-0.00012
0.00058
0.00031
0.00027
0.00009
0.00000
-0.00031
-0.00101
-0.00092
-0.00089
-0.00128
-0.00189
-0.00220
-0.00183
-0.00183
-0.00174
-0.00098
-0.00027
0.00012
0.00031
0.00009
0.00018
0.00003
-0.00006
0.00003
-0.00006
-0.00037
-0.00076
-0.00061
-0.00085
-0.00113
-0.00119
-0.00146
-0.00153
-0.00162
-0.00146
-0.00125
-0.00092
-0.00040
-0.00009
0.00009
-0.00006
-0.00052
-0.00058
-0.00076
-0.00098
-0.00104
-0.00116
-0.00140
-0.00168
-0.00156
-0.00116
-0.00073
-0.00012
0.00046
0.00067
0.00067
0.00058
0.00049
0.00021
-0.00006
-0.00046
-0.00070
-0.00085
-0.00095
-0.00082
-0.00070
-0.00052
-0.00055
-0.00061
-0.00043
-0.00034
-0.00027
-0.00024
-0.00006
0.00024
0.00034
0.00034
0.00012
-0.00018
-0.00040
-0.00052
-0.00049
-0.00034
-0.00055
-0.00079
-0.00092
-0.00079
-0.00040
-0.00018
0.00021
0.00067
0.00067
0.00092
0.00000
0.00000
0.00000
0.00000
0.00000
0.00000
0.00000
0.00000
0.00000
0.00000
0.00000
0.00000
0.00000
0.00000
0.00000
0.00000
0.00000
0.00000
0.00000
0.00000
0.00000
0.00000
0.00000
0.00000
0.00000
0.00000
0.00000
0.00000
0.00000
0.00000
0.00000
0.00000
0.00000
0.00000
0.00000
0.00000
0.00000
0.00000
0.00000
0.00000
0.00000
0.00000
0.00000
0.00000
0.00000
0.00000
0.00000
0.00000
0.00000
0.00000
0.00000
0.00000
0.00000
0.00000
0.00000
0.00000
0.00000
0.00000
0.00000
0.00000
0.00000
0.00000
0.00000
0.00000
0.00000
0.00000
0.00000
0.00000
0.00000
0.00000
0.00000
0.00000
0.00000
0.00000
0.00000
0.00000
0.00000
0.00000
0.00000
0.00000
0.00000
0.00000
0.00000
0.00000
0.00000
0.00000
0.00000
0.00000
0.00000
0.00000
0.00000
0.00000
0.00000
0.00000
0.00000
0.00000
0.00000
0.00000
0.00000
0.00000
0.00000
0.00000
0.00000
0.00000
0.00000
0.00000
0.00000
0.00000
0.00000
0.00000
0.00000
0.00000
0.00000
0.00000
0.00000
0.00000
0.00000
0.00000
0.00000
0.00000
0.00000
0.00000
0.00000
0.00000
0.00000
0.00000
0.00000
0.00000
0.00000
0.00000
0.00000
0.00000
0.00000
0.00000
0.00000
0.00000
0.00000
0.00000
0.00000
