-0.00003
0.00000
-0.00012
-0.00006
0.00000
-0.00003
-0.00009
-0.00006
-0.00009
-0.00012
-0.00009
0.00000
-0.00003
-0.00006
-0.00003
-0.00012
-0.00012
-0.00006
-0.00003
-0.00006
0.00000
-0.00003
-0.00009
-0.00003
-0.00003
-0.00006
-0.00003
-0.00003
-0.00003
-0.00006
-0.00009
-0.00012
-0.00012
-0.00006
-0.00009
-0.00006
-0.00003
-0.00006
-0.00006
-0.00009
-0.00006
0.00000
-0.00006
-0.00006
-0.00006
-0.00009
-0.00006
-0.00009
-0.00003
-0.00006
-0.00009
-0.00003
-0.00003
-0.00006
0.00006
-0.00027
-0.00006
0.00006
-0.00012
-0.00003
0.00000
-0.00012
-0.00009
0.00000
-0.00006
-0.00003
-0.00012
0.00000
0.00000
-0.00006
0.00000
-0.00006
-0.00006
-0.00003
0.00000
-0.00012
-0.00003
0.00000
-0.00012
-0.00003
-0.00003
-0.00012
-0.00012
0.00000
0.00000
-0.00012
-0.00006
0.00000
-0.00006
0.00000
-0.00009
-0.00015
-0.00006
-0.00003
-0.00009
-0.00009
-0.00003
-0.00003
0.00000
-0.00003
0.00003
-0.00012
-0.00015
0.00000
-0.00006
-0.00009
-0.00003
0.00000
-0.00012
-0.00003
0.00000
-0.00006
-0.00009
-0.00003
-0.00003
-0.00009
0.00000
-0.00003
-0.00006
0.00000
0.00000
-0.00003
-0.00003
0.00000
-0.00006
-0.00009
0.00000
-0.00009
-0.00009
0.00000
-0.00003
-0.00009
0.00000
0.00000
-0.00006
-0.00006
0.00000
0.00000
-0.00012
0.00000
-0.00003
-0.00006
-0.00003
-0.00009
0.00000
-0.00003
-0.00006
-0.00006
-0.00003
-0.00006
-0.00006
-0.00003
-0.00003
-0.00003
-0.00006
0.00000
0.00000
-0.00006
0.00000
-0.00003
-0.00003
-0.00009
-0.00012
-0.00006
-0.00009
-0.00009
0.00000
0.00000
-0.00006
0.00003
-0.00003
0.00000
-0.00021
0.00018
-0.00079
0.00131
-0.00226
0.00336
-0.00537
0.00784
-0.01166
0.01288
-0.15045
-0.17496
0.03329
0.01859
0.08426
0.10901
0.06464
0.02045
0.06342
-0.03238
-0.04309
-0.03030
-0.01968
0.01520
0.03345
0.01666
-0.03674
0.00937
0.00455
-0.02063
0.02838
0.01535
-0.02673
0.00690
0.01797
0.00287
0.01077
0.01068
-0.00983
-0.00641
-0.00119
-0.01480
-0.00787
0.00790
0.00290
-0.00565
0.00940
0.00858
0.00528
0.00168
0.00845
0.00095
-0.00479
-0.00131
-0.00034
-0.00134
0.00250
-0.00006
-0.00522
-0.00446
0.00055
-0.00040
0.00031
0.00668
0.00473
0.00049
0.00436
0.00375
-0.00049
-0.00146
-0.00101
-0.00241
-0.00433
-0.00369
-0.00247
-0.00244
0.00076
0.00034
0.00168
0.00082
0.00046
-0.00067
0.00058
0.00162
0.00055
-0.00174
-0.00089
-0.00128
-0.00223
-0.00259
-0.00009
-0.00110
-0.00275
-0.00128
-0.00064
-0.00055
0.00031
-0.00015
-0.00073
0.00049
0.00058
0.00095
0.00031
-0.00140
-0.00229
-0.00143
-0.00125
-0.00308
-0.00302
-0.00269
-0.00235
-0.00116
-0.00049
0.00122
0.00082
-0.00003
-0.00043
-0.00049
0.00021
0.00027
-0.00006
0.00089
0.00012
-0.00089
-0.00079
-0.00055
-0.00116
-0.00174
-0.00162
-0.00198
-0.00235
-0.00137
-0.00085
-0.00021
0.00043
0.00055
0.00006
-0.00006
-0.00031
-0.00092
-0.00089
-0.00079
-0.00159
-0.00204
-0.00211
-0.00204
-0.00168
-0.00055
0.00055
0.00095
0.00089
0.00101
0.00119
0.00079
0.00070
0.00058
0.00015
-0.00031
-0.00055
-0.00043
-0.00031
-0.00073
-0.00101
-0.00085
-0.00098
-0.00082
-0.00058
-0.00015
0.00015
0.00040
0.00076
0.00089
0.00073
0.00052
0.00015
-0.00009
-0.00037
-0.00064
-0.00061
-0.00046
-0.00040
-0.00027
0.00009
0.00031
0.00046
0.00037
0.00058
0.00082
0.00079
0.00101
0.00110
0.00055
0.00000
-0.00015
-0.00009
-0.00015
-0.00064
-0.00079
-0.00110
-0.00116
-0.00110
-0.00049
0.00018
0.00000
0.00000
0.00000
0.00000
0.00000
0.00000
0.00000
0.00000
0.00000
0.00000
0.00000
0.00000
0.00000
0.00000
0.00000
0.00000
0.00000
0.00000
0.00000
0.00000
0.00000
0.00000
0.00000
0.00000
0.00000
0.00000
0.00000
0.00000
0.00000
0.00000
0.00000
0.00000
0.00000
0.00000
0.00000
0.00000
0.00000
0.00000
0.00000
0.00000
0.00000
0.00000
0.00000
0.00000
0.00000
0.00000
0.00000
0.00000
0.00000
0.00000
0.00000
0.00000
0.00000
0.00000
0.00000
0.00000
0.00000
0.00000
0.00000
0.00000
0.00000
0.00000
0.00000
0.00000
0.00000
0.00000
0.00000
0.00000
0.00000
0.00000
0.00000
0.00000
0.00000
0.00000
0.00000
0.00000
0.00000
0.00000
0.00000
0.00000
0.00000
0.00000
0.00000
0.00000
0.00000
0.00000
0.00000
0.00000
0.00000
0.00000
0.00000
0.00000
0.00000
0.00000
0.00000
0.00000
0.00000
0.00000
0.00000
0.00000
0.00000
0.00000
0.00000
0.00000
0.00000
0.00000
0.00000
0.00000
0.00000
0.00000
0.00000
0.00000
0.00000
0.00000
0.00000
0.00000
0.00000
0.00000
0.00000
0.00000
0.00000
0.00000
0.00000
0.00000
0.00000
0.00000
0.00000
0.00000
0.00000
0.00000
0.00000
0.00000
0.00000
0.00000
0.00000
0.00000
0.00000
