-0.00031
-0.00034
-0.00031
-0.00021
-0.00015
-0.00027
-0.00024
-0.00021
-0.00024
-0.00027
-0.00031
-0.00034
-0.00031
-0.00024
-0.00031
-0.00031
-0.00024
-0.00024
-0.00021
-0.00018
-0.00018
-0.00024
-0.00024
-0.00034
-0.00031
-0.00024
-0.00021
-0.00027
-0.00024
-0.00021
-0.00024
-0.00021
-0.00021
-0.00024
-0.00055
-0.00006
-0.00018
-0.00024
-0.00021
-0.00027
-0.00021
-0.00027
-0.00024
-0.00024
-0.00024
-0.00021
-0.00021
-0.00018
-0.00021
-0.00018
-0.00021
-0.00027
-0.00021
-0.00015
-0.00043
-0.00012
-0.00018
-0.00046
-0.00034
-0.00034
-0.00018
-0.00024
-0.00021
-0.00012
-0.00012
-0.00009
-0.00021
-0.00027
-0.00031
-0.00021
-0.00027
-0.00031
-0.00012
-0.00006
-0.00018
-0.00009
-0.00003
-0.00027
-0.00027
-0.00021
-0.00024
-0.00027
-0.00015
-0.00012
-0.00027
-0.00015
-0.00018
-0.00024
-0.00015
-0.00018
-0.00015
-0.00012
-0.00015
-0.00021
-0.00024
-0.00015
-0.00018
-0.00031
-0.00021
-0.00009
-0.00018
-0.00027
-0.00009
-0.00012
-0.00021
-0.00018
-0.00009
-0.00015
-0.00024
-0.00024
-0.00024
-0.00018
-0.00018
-0.00015
-0.00009
-0.00003
-0.00003
0.00000
0.00000
-0.00003
-0.00015
-0.00018
-0.00018
-0.00024
-0.00024
-0.00024
-0.00024
-0.00012
-0.00009
-0.00006
0.00000
-0.00006
-0.00006
-0.00003
-0.00012
-0.00018
-0.00021
-0.00024
-0.00012
-0.00015
-0.00006
0.00000
-0.00003
0.00000
-0.00009
-0.00009
-0.00015
-0.00018
-0.00027
-0.00027
-0.00009
-0.00006
0.00000
-0.00003
0.00000
0.00000
-0.00015
-0.00012
-0.00015
-0.00003
-0.00009
-0.00018
-0.00009
-0.00003
0.00000
-0.00003
-0.00006
-0.00003
-0.00009
-0.00009
-0.00015
0.00000
-0.00003
-0.00027
0.00064
-0.00128
0.00211
-0.00363
0.00540
-0.00836
0.00363
-0.14963
-0.09607
0.06833
-0.02725
0.01346
0.04080
0.10278
0.05450
-0.00027
-0.00763
0.02676
0.03760
-0.05850
-0.05908
0.01514
0.02612
-0.01300
0.01004
0.01895
-0.00232
0.00220
-0.01141
-0.00043
0.02655
0.00800
-0.01801
0.00015
0.01721
-0.00696
-0.00827
0.00372
0.00293
0.00079
-0.00174
-0.00101
-0.00467
0.00308
0.00507
0.00214
0.00229
0.00784
0.00357
-0.00040
-0.00079
-0.00092
-0.00186
-0.00067
-0.00137
-0.00470
-0.00247
0.00281
-0.00098
-0.00067
0.00729
0.00558
-0.00058
0.00040
0.00528
0.00281
-0.00269
-0.00079
-0.00052
-0.00333
-0.00507
-0.00366
0.00159
0.00250
-0.00342
-0.00369
0.00052
0.00394
0.00064
0.00000
0.00351
0.00195
-0.00208
-0.00247
-0.00092
-0.00034
-0.00330
-0.00308
-0.00153
-0.00143
-0.00116
-0.00076
0.00085
0.00040
-0.00043
0.00092
0.00000
-0.00034
-0.00070
-0.00070
0.00040
-0.00037
-0.00098
-0.00217
-0.00305
-0.00299
-0.00262
-0.00085
-0.00122
-0.00110
0.00037
-0.00037
0.00085
0.00128
0.00049
0.00000
-0.00095
-0.00031
0.00046
-0.00046
-0.00113
-0.00031
0.00082
-0.00049
-0.00177
-0.00150
-0.00208
-0.00241
-0.00119
0.00003
0.00018
-0.00073
-0.00101
-0.00037
0.00031
0.00012
-0.00040
-0.00006
-0.00052
-0.00153
-0.00223
-0.00232
-0.00162
-0.00122
-0.00015
0.00055
0.00049
0.00021
0.00027
0.00107
0.00116
0.00092
0.00064
0.00015
-0.00018
-0.00031
0.00012
0.00015
-0.00116
-0.00159
-0.00064
0.00015
-0.00009
-0.00092
-0.00070
-0.00021
0.00000
0.00061
0.00137
0.00156
0.00067
-0.00040
-0.00049
-0.00043
-0.00043
-0.00031
-0.00006
0.00000
-0.00046
-0.00046
-0.00009
0.00076
0.00104
0.00110
0.00079
0.00024
0.00043
0.00061
0.00061
0.00049
0.00040
0.00031
-0.00024
-0.00095
-0.00076
-0.00055
-0.00061
-0.00067
-0.00037
0.00000
0.00003
0.00015
0.00070
0.00015
-0.00040
0.00034
0.00076
0.00067
0.00000
0.00000
0.00000
0.00000
0.00000
0.00000
0.00000
0.00000
0.00000
0.00000
0.00000
0.00000
0.00000
0.00000
0.00000
0.00000
0.00000
0.00000
0.00000
0.00000
0.00000
0.00000
0.00000
0.00000
0.00000
0.00000
0.00000
0.00000
0.00000
0.00000
0.00000
0.00000
0.00000
0.00000
0.00000
0.00000
0.00000
0.00000
0.00000
0.00000
0.00000
0.00000
0.00000
0.00000
0.00000
0.00000
0.00000
0.00000
0.00000
0.00000
0.00000
0.00000
0.00000
0.00000
0.00000
0.00000
0.00000
0.00000
0.00000
0.00000
0.00000
0.00000
0.00000
0.00000
0.00000
0.00000
0.00000
0.00000
0.00000
0.00000
0.00000
0.00000
0.00000
0.00000
0.00000
0.00000
0.00000
0.00000
0.00000
0.00000
0.00000
0.00000
0.00000
0.00000
0.00000
0.00000
0.00000
0.00000
0.00000
0.00000
0.00000
0.00000
0.00000
0.00000
0.00000
0.00000
0.00000
0.00000
0.00000
0.00000
0.00000
0.00000
0.00000
0.00000
0.00000
0.00000
0.00000
0.00000
0.00000
0.00000
0.00000
0.00000
0.00000
0.00000
0.00000
0.00000
0.00000
0.00000
0.00000
0.00000
0.00000
0.00000
0.00000
0.00000
0.00000
0.00000
0.00000
0.00000
0.00000
0.00000
