-0.00015
-0.00009
-0.00009
-0.00006
-0.00009
-0.00009
-0.00006
-0.00009
-0.00006
-0.00012
-0.00012
-0.00015
-0.00012
-0.00012
-0.00015
-0.00012
-0.00012
-0.00015
-0.00012
-0.00009
-0.00009
-0.00012
-0.00018
-0.00012
-0.00012
-0.00009
-0.00003
-0.00003
-0.00006
-0.00009
-0.00009
-0.00012
-0.00015
-0.00009
-0.00034
-0.00003
-0.00012
-0.00009
-0.00003
-0.00006
-0.00003
-0.00015
-0.00012
-0.00015
-0.00024
-0.00024
-0.00015
-0.00015
-0.00015
-0.00009
0.00000
-0.00003
-0.00009
-0.00009
-0.00012
-0.00012
-0.00012
-0.00012
-0.00006
-0.00009
-0.00009
-0.00003
-0.00006
-0.00009
-0.00009
-0.00012
-0.00006
-0.00009
-0.00003
-0.00003
-0.00006
-0.00003
-0.00006
-0.00006
-0.00012
-0.00015
-0.00015
-0.00015
-0.00024
-0.00021
-0.00018
-0.00012
-0.00012
-0.00003
0.00000
-0.00009
-0.00006
-0.00006
-0.00012
-0.00018
-0.00015
-0.00015
-0.00012
-0.00012
-0.00015
-0.00009
-0.00006
-0.00009
-0.00012
-0.00009
-0.00012
-0.00012
-0.00012
-0.00009
-0.00009
-0.00012
-0.00009
-0.00006
-0.00012
-0.00015
-0.00009
-0.00018
-0.00021
-0.00018
-0.00009
-0.00012
-0.00009
-0.00003
0.00000
-0.00006
-0.00012
-0.00012
-0.00012
-0.00018
-0.00021
-0.00018
-0.00012
-0.00009
-0.00009
-0.00006
-0.00006
-0.00006
-0.00015
-0.00015
-0.00015
-0.00018
-0.00015
-0.00012
-0.00009
-0.00006
-0.00003
-0.00006
-0.00006
-0.00006
-0.00009
-0.00015
-0.00015
-0.00012
-0.00009
-0.00012
-0.00009
-0.00006
-0.00006
-0.00003
-0.00003
-0.00009
-0.00009
-0.00009
-0.00012
-0.00015
-0.00006
-0.00006
-0.00012
-0.00006
-0.00003
-0.00003
-0.00009
-0.00009
-0.00015
-0.00018
-0.00018
-0.00024
-0.00021
-0.00015
-0.00012
-0.00009
-0.00006
-0.00006
0.00000
-0.00003
0.00000
-0.00006
0.00000
-0.00015
-0.00003
-0.00021
-0.00009
-0.00009
-0.00043
0.00015
-0.00113
-0.00424
-0.04718
-0.03165
-0.01614
-0.02066
-0.02127
-0.01111
0.02722
0.04199
0.04953
0.03049
0.03183
0.01767
-0.00717
-0.02460
-0.01266
-0.01001
-0.01489
-0.00772
-0.00443
0.00912
0.01477
0.00690
0.00208
0.00638
0.00360
-0.00189
-0.00092
0.00238
-0.00024
-0.00143
-0.00327
-0.00336
-0.00198
0.00000
-0.00110
-0.00134
0.00089
0.00253
0.00357
0.00259
0.00293
0.00122
0.00269
0.00171
0.00000
-0.00067
0.00000
-0.00058
-0.00119
-0.00021
0.00052
-0.00110
-0.00049
0.00153
0.00220
0.00247
0.00220
0.00290
0.00259
0.00131
0.00000
-0.00098
-0.00143
-0.00211
-0.00159
-0.00119
-0.00119
-0.00070
-0.00037
0.00058
0.00177
0.00064
-0.00021
0.00000
0.00024
-0.00018
0.00000
-0.00040
-0.00089
-0.00070
-0.00061
-0.00159
-0.00150
-0.00125
-0.00119
-0.00049
-0.00061
-0.00043
0.00021
0.00037
-0.00015
-0.00027
0.00003
-0.00031
-0.00079
-0.00082
-0.00082
-0.00089
-0.00131
-0.00204
-0.00186
-0.00143
-0.00146
-0.00128
-0.00098
-0.00046
0.00003
0.00031
0.00034
0.00040
0.00027
-0.00021
-0.00064
-0.00073
-0.00055
-0.00037
-0.00046
-0.00076
-0.00110
-0.00134
-0.00143
-0.00146
-0.00140
-0.00143
-0.00128
-0.00079
-0.00046
-0.00006
-0.00015
-0.00021
-0.00018
-0.00021
-0.00052
-0.00113
-0.00156
-0.00171
-0.00146
-0.00128
-0.00107
-0.00058
-0.00009
0.00031
0.00049
0.00043
0.00037
0.00043
0.00043
0.00009
-0.00009
-0.00034
-0.00067
-0.00095
-0.00082
-0.00073
-0.00082
-0.00089
-0.00082
-0.00046
-0.00043
-0.00055
-0.00043
-0.00006
0.00027
0.00049
0.00046
0.00024
-0.00003
-0.00031
-0.00052
-0.00058
-0.00052
-0.00064
-0.00067
-0.00046
0.00000
0.00015
0.00021
0.00018
0.00034
0.00061
0.00064
0.00037
0.00000
0.00000
0.00015
0.00006
-0.00021
-0.00043
-0.00046
-0.00046
-0.00064
-0.00055
-0.00024
0.00000
0.00003
0.00015
0.00034
0.00046
0.00034
0.00027
0.00015
0.00000
-0.00012
-0.00021
-0.00043
-0.00061
-0.00040
-0.00012
-0.00003
-0.00021
0.00015
0.00000
0.00000
0.00000
0.00000
0.00000
0.00000
0.00000
0.00000
0.00000
0.00000
0.00000
0.00000
0.00000
0.00000
0.00000
0.00000
0.00000
0.00000
0.00000
0.00000
0.00000
0.00000
0.00000
0.00000
0.00000
0.00000
0.00000
0.00000
0.00000
0.00000
0.00000
0.00000
0.00000
0.00000
0.00000
0.00000
0.00000
0.00000
0.00000
0.00000
0.00000
0.00000
0.00000
0.00000
0.00000
0.00000
0.00000
0.00000
0.00000
0.00000
0.00000
0.00000
0.00000
0.00000
0.00000
0.00000
0.00000
0.00000
0.00000
0.00000
0.00000
0.00000
0.00000
0.00000
0.00000
0.00000
0.00000
0.00000
0.00000
0.00000
0.00000
0.00000
0.00000
0.00000
0.00000
0.00000
0.00000
0.00000
0.00000
0.00000
0.00000
0.00000
0.00000
0.00000
0.00000
0.00000
0.00000
0.00000
0.00000
0.00000
0.00000
0.00000
0.00000
0.00000
0.00000
0.00000
0.00000
0.00000
0.00000
0.00000
0.00000
0.00000
0.00000
0.00000
0.00000
0.00000
0.00000
0.00000
0.00000
