-0.00006
-0.00018
-0.00012
-0.00009
-0.00006
0.00000
0.00006
0.00000
-0.00003
0.00000
-0.00009
-0.00015
-0.00012
-0.00015
-0.00021
-0.00015
-0.00006
-0.00006
0.00000
0.00003
0.00003
0.00000
0.00000
-0.00003
-0.00006
-0.00012
-0.00015
-0.00012
-0.00006
0.00000
0.00000
0.00003
0.00000
0.00000
-0.00040
0.00003
0.00000
-0.00009
-0.00003
-0.00006
0.00000
-0.00009
-0.00006
-0.00009
-0.00012
-0.00012
-0.00012
-0.00009
-0.00009
-0.00006
0.00000
0.00000
-0.00003
-0.00006
-0.00031
-0.00009
-0.00006
-0.00018
-0.00009
-0.00003
0.00000
-0.00006
-0.00003
-0.00003
-0.00003
-0.00012
-0.00012
-0.00009
-0.00018
-0.00012
-0.00015
-0.00015
-0.00006
0.00000
-0.00012
0.00000
0.00000
-0.00006
-0.00003
-0.00006
-0.00006
-0.00018
-0.00015
-0.00015
-0.00018
-0.00012
-0.00003
-0.00006
-0.00006
-0.00009
-0.00009
-0.00006
-0.00012
-0.00018
-0.00009
-0.00006
-0.00015
-0.00015
-0.00006
-0.00006
-0.00027
-0.00031
-0.00009
-0.00012
-0.00012
-0.00006
0.00000
0.00000
-0.00003
-0.00009
-0.00009
-0.00009
-0.00021
-0.00031
-0.00027
-0.00021
-0.00024
-0.00015
-0.00006
-0.00006
-0.00015
-0.00015
-0.00009
-0.00015
-0.00012
-0.00006
-0.00009
-0.00009
-0.00012
-0.00015
-0.00015
-0.00012
-0.00012
-0.00021
-0.00018
-0.00009
-0.00012
-0.00012
-0.00009
-0.00012
-0.00012
-0.00009
-0.00009
-0.00003
-0.00003
-0.00006
-0.00009
0.00000
-0.00003
-0.00012
-0.00012
-0.00015
-0.00015
-0.00024
-0.00018
-0.00012
-0.00018
-0.00018
-0.00018
-0.00006
-0.00015
-0.00027
-0.00018
-0.00024
-0.00024
-0.00021
-0.00015
-0.00006
-0.00012
-0.00012
-0.00024
-0.00009
-0.00024
-0.00040
0.00018
-0.00113
0.00125
-0.00275
0.00388
-0.00623
-0.00021
-0.14615
-0.11258
0.05170
-0.01038
0.01514
0.06024
0.11139
0.06552
0.00189
-0.01379
0.02390
0.03091
-0.07199
-0.07391
0.00540
0.03082
-0.00150
0.01273
0.02615
0.00180
-0.00079
-0.01553
-0.00110
0.02701
0.01108
-0.01843
0.00113
0.01703
-0.00534
-0.01080
-0.00351
-0.00101
-0.00165
-0.00143
0.00037
0.00165
0.00391
0.00620
0.00412
0.00217
0.00659
0.00198
-0.00357
-0.00314
-0.00156
-0.00095
-0.00055
-0.00146
-0.00476
-0.00272
0.00281
-0.00058
-0.00089
0.00674
0.00659
-0.00058
0.00000
0.00494
0.00323
-0.00342
-0.00320
-0.00140
-0.00400
-0.00571
-0.00400
0.00165
0.00311
-0.00232
-0.00372
0.00037
0.00397
0.00058
-0.00067
0.00269
0.00131
-0.00269
-0.00320
-0.00092
-0.00043
-0.00330
-0.00366
-0.00287
-0.00186
-0.00104
-0.00049
0.00128
-0.00024
-0.00107
0.00116
0.00061
-0.00006
-0.00159
-0.00131
-0.00046
-0.00110
-0.00153
-0.00275
-0.00320
-0.00308
-0.00262
-0.00137
-0.00098
-0.00122
-0.00043
-0.00040
0.00052
0.00122
0.00037
-0.00040
-0.00122
-0.00061
0.00027
-0.00095
-0.00156
-0.00085
0.00003
-0.00085
-0.00186
-0.00195
-0.00238
-0.00278
-0.00186
-0.00021
0.00012
-0.00082
-0.00104
-0.00040
0.00018
-0.00009
-0.00052
-0.00021
-0.00089
-0.00238
-0.00320
-0.00278
-0.00195
-0.00165
-0.00058
0.00073
0.00089
0.00015
-0.00006
0.00082
0.00122
0.00073
0.00003
-0.00052
-0.00058
-0.00061
-0.00037
-0.00055
-0.00168
-0.00192
-0.00107
-0.00024
-0.00027
-0.00092
-0.00089
-0.00070
-0.00040
0.00027
0.00107
0.00119
0.00018
-0.00073
-0.00073
-0.00064
-0.00082
-0.00079
-0.00031
-0.00024
-0.00092
-0.00104
-0.00031
0.00082
0.00119
0.00101
0.00058
-0.00009
-0.00009
0.00027
0.00034
0.00015
0.00003
-0.00034
-0.00101
-0.00156
-0.00137
-0.00095
-0.00095
-0.00070
-0.00034
-0.00021
0.00006
0.00000
0.00000
0.00000
0.00000
0.00000
0.00000
0.00000
0.00000
0.00000
0.00000
0.00000
0.00000
0.00000
0.00000
0.00000
0.00000
0.00000
0.00000
0.00000
0.00000
0.00000
0.00000
0.00000
0.00000
0.00000
0.00000
0.00000
0.00000
0.00000
0.00000
0.00000
0.00000
0.00000
0.00000
0.00000
0.00000
0.00000
0.00000
0.00000
0.00000
0.00000
0.00000
0.00000
0.00000
0.00000
0.00000
0.00000
0.00000
0.00000
0.00000
0.00000
0.00000
0.00000
0.00000
0.00000
0.00000
0.00000
0.00000
0.00000
0.00000
0.00000
0.00000
0.00000
0.00000
0.00000
0.00000
0.00000
0.00000
0.00000
0.00000
0.00000
0.00000
0.00000
0.00000
0.00000
0.00000
0.00000
0.00000
0.00000
0.00000
0.00000
0.00000
0.00000
0.00000
0.00000
0.00000
0.00000
0.00000
0.00000
0.00000
0.00000
0.00000
0.00000
0.00000
0.00000
0.00000
0.00000
0.00000
0.00000
0.00000
0.00000
0.00000
0.00000
0.00000
0.00000
0.00000
0.00000
0.00000
0.00000
0.00000
0.00000
0.00000
0.00000
0.00000
0.00000
0.00000
0.00000
0.00000
0.00000
0.00000
0.00000
0.00000
0.00000
0.00000
0.00000
0.00000
0.00000
0.00000
0.00000
0.00000
0.00000
0.00000
0.00000
0.00000
0.00000
0.00000
0.00000
