0.00000
0.00000
-0.00003
-0.00003
-0.00006
0.00000
-0.00003
-0.00003
-0.00006
-0.00012
-0.00012
-0.00006
-0.00006
-0.00006
-0.00009
-0.00006
-0.00003
-0.00003
-0.00006
-0.00006
-0.00006
-0.00009
-0.00009
-0.00006
-0.00006
-0.00003
-0.00003
-0.00006
-0.00003
-0.00003
-0.00003
-0.00006
-0.00009
-0.00003
-0.00027
0.00003
-0.00003
-0.00009
-0.00006
-0.00009
-0.00009
-0.00012
-0.00009
-0.00012
-0.00012
-0.00012
-0.00012
-0.00012
-0.00006
-0.00006
-0.00009
-0.00006
-0.00009
-0.00012
-0.00009
-0.00012
-0.00012
-0.00012
-0.00009
-0.00006
-0.00012
-0.00006
-0.00006
-0.00012
-0.00009
-0.00021
-0.00018
-0.00021
-0.00021
-0.00015
-0.00015
-0.00012
-0.00009
-0.00006
-0.00006
-0.00006
-0.00018
-0.00015
-0.00015
-0.00018
-0.00015
-0.00015
-0.00015
-0.00012
-0.00012
-0.00015
-0.00018
-0.00018
-0.00018
-0.00021
-0.00021
-0.00015
-0.00015
-0.00015
-0.00015
-0.00018
-0.00018
-0.00018
-0.00018
-0.00012
-0.00015
-0.00018
-0.00024
-0.00021
-0.00018
-0.00018
-0.00018
-0.00021
-0.00015
-0.00021
-0.00021
-0.00024
-0.00021
-0.00018
-0.00021
-0.00018
-0.00021
-0.00021
-0.00015
-0.00012
-0.00015
-0.00021
-0.00021
-0.00021
-0.00024
-0.00024
-0.00024
-0.00024
-0.00031
-0.00024
-0.00021
-0.00018
-0.00018
-0.00021
-0.00018
-0.00018
-0.00021
-0.00024
-0.00027
-0.00024
-0.00027
-0.00027
-0.00024
-0.00027
-0.00024
-0.00024
-0.00021
-0.00021
-0.00024
-0.00021
-0.00027
-0.00031
-0.00021
-0.00021
-0.00027
-0.00021
-0.00024
-0.00027
-0.00027
-0.00021
-0.00018
-0.00024
-0.00024
-0.00021
-0.00027
-0.00034
-0.00031
-0.00031
-0.00027
-0.00027
-0.00027
-0.00024
-0.00021
-0.00021
-0.00027
-0.00031
-0.00031
-0.00034
-0.00031
-0.00040
-0.00021
-0.00055
-0.00006
-0.00067
0.00003
-0.00079
0.00009
-0.00085
-0.00018
-0.01382
-0.06036
-0.01596
-0.01266
-0.02762
-0.02094
-0.01517
0.03491
0.04620
0.04053
0.03290
0.03558
0.01721
-0.00629
-0.01886
-0.00854
-0.01270
-0.01886
-0.00986
-0.00302
0.00986
0.00977
0.00211
0.00507
0.00897
0.00354
-0.00128
-0.00034
0.00247
-0.00110
-0.00134
-0.00180
-0.00195
-0.00244
-0.00150
-0.00183
-0.00140
0.00122
0.00113
0.00107
0.00339
0.00522
0.00281
0.00192
-0.00031
-0.00119
-0.00201
-0.00275
-0.00363
-0.00208
0.00061
0.00156
-0.00012
0.00122
0.00290
0.00174
0.00131
0.00183
0.00299
0.00168
0.00015
-0.00009
-0.00049
-0.00122
-0.00235
-0.00333
-0.00162
-0.00009
-0.00198
-0.00153
0.00043
0.00119
0.00027
0.00018
0.00070
0.00012
0.00003
-0.00101
-0.00134
-0.00058
-0.00165
-0.00165
-0.00168
-0.00107
-0.00131
-0.00140
-0.00116
-0.00165
-0.00064
-0.00003
0.00018
0.00027
-0.00049
-0.00076
-0.00052
-0.00064
-0.00107
-0.00183
-0.00192
-0.00146
-0.00131
-0.00159
-0.00226
-0.00171
-0.00110
-0.00110
-0.00085
-0.00049
-0.00015
0.00006
-0.00012
-0.00009
-0.00003
-0.00058
-0.00110
-0.00107
-0.00079
-0.00085
-0.00101
-0.00098
-0.00134
-0.00165
-0.00183
-0.00174
-0.00159
-0.00150
-0.00107
-0.00067
-0.00027
-0.00043
-0.00046
-0.00043
-0.00070
-0.00110
-0.00134
-0.00140
-0.00168
-0.00195
-0.00159
-0.00089
-0.00061
-0.00061
-0.00027
0.00031
0.00052
0.00031
-0.00006
-0.00012
0.00012
0.00000
-0.00040
-0.00070
-0.00104
-0.00113
-0.00116
-0.00104
-0.00113
-0.00128
-0.00095
-0.00049
-0.00024
-0.00031
-0.00040
-0.00024
0.00000
0.00018
0.00024
0.00009
-0.00024
-0.00058
-0.00073
-0.00085
-0.00098
-0.00070
-0.00037
-0.00021
-0.00018
0.00009
0.00024
0.00018
0.00006
0.00000
0.00006
0.00012
0.00009
0.00000
-0.00015
-0.00037
-0.00055
-0.00070
-0.00067
-0.00064
-0.00052
-0.00043
-0.00034
-0.00018
0.00000
0.00006
0.00012
0.00012
0.00012
0.00006
0.00006
0.00000
-0.00018
0.00000
0.00000
0.00000
0.00000
0.00000
0.00000
0.00000
0.00000
0.00000
0.00000
0.00000
0.00000
0.00000
0.00000
0.00000
0.00000
0.00000
0.00000
0.00000
0.00000
0.00000
0.00000
0.00000
0.00000
0.00000
0.00000
0.00000
0.00000
0.00000
0.00000
0.00000
0.00000
0.00000
0.00000
0.00000
0.00000
0.00000
0.00000
0.00000
0.00000
0.00000
0.00000
0.00000
0.00000
0.00000
0.00000
0.00000
0.00000
0.00000
0.00000
0.00000
0.00000
0.00000
0.00000
0.00000
0.00000
0.00000
0.00000
0.00000
0.00000
0.00000
0.00000
0.00000
0.00000
0.00000
0.00000
0.00000
0.00000
0.00000
0.00000
0.00000
0.00000
0.00000
0.00000
0.00000
0.00000
0.00000
0.00000
0.00000
0.00000
0.00000
0.00000
0.00000
0.00000
0.00000
0.00000
0.00000
0.00000
0.00000
0.00000
0.00000
0.00000
0.00000
0.00000
0.00000
0.00000
0.00000
0.00000
0.00000
0.00000
0.00000
0.00000
0.00000
0.00000
0.00000
0.00000
0.00000
0.00000
0.00000
0.00000
0.00000
0.00000
0.00000
0.00000
0.00000
0.00000
0.00000
0.00000
