-0.00037
-0.00037
-0.00024
-0.00031
-0.00031
-0.00043
-0.00037
-0.00031
-0.00031
-0.00040
-0.00037
-0.00024
-0.00024
-0.00037
-0.00040
-0.00037
-0.00034
-0.00037
-0.00037
-0.00021
-0.00024
-0.00024
-0.00027
-0.00031
-0.00027
-0.00037
-0.00037
-0.00037
-0.00024
-0.00024
-0.00037
-0.00024
-0.00015
-0.00015
-0.00055
-0.00003
-0.00018
-0.00031
-0.00034
-0.00043
-0.00031
-0.00037
-0.00034
-0.00037
-0.00021
-0.00015
-0.00024
-0.00024
-0.00021
-0.00024
-0.00024
-0.00027
-0.00021
-0.00027
-0.00040
-0.00012
-0.00024
-0.00024
-0.00021
-0.00024
-0.00018
-0.00027
-0.00021
-0.00021
-0.00027
-0.00027
-0.00018
-0.00018
-0.00021
-0.00018
-0.00021
-0.00021
-0.00018
-0.00024
-0.00034
-0.00018
-0.00024
-0.00037
-0.00024
-0.00012
-0.00012
-0.00024
-0.00015
-0.00018
-0.00018
-0.00015
-0.00024
-0.00021
-0.00015
-0.00018
-0.00012
-0.00012
-0.00009
-0.00018
-0.00018
-0.00009
-0.00018
-0.00027
-0.00018
-0.00009
-0.00024
-0.00015
-0.00003
-0.00012
-0.00018
-0.00018
-0.00009
-0.00018
-0.00024
-0.00024
-0.00018
-0.00009
-0.00009
-0.00009
0.00000
-0.00003
-0.00012
-0.00006
-0.00006
-0.00009
-0.00015
-0.00018
-0.00006
-0.00012
-0.00006
-0.00003
-0.00003
0.00000
-0.00009
-0.00009
-0.00006
-0.00003
-0.00021
-0.00018
-0.00009
-0.00006
-0.00012
-0.00009
0.00006
0.00000
-0.00003
-0.00009
-0.00003
-0.00006
-0.00015
-0.00012
-0.00006
0.00000
-0.00003
-0.00003
0.00000
-0.00003
-0.00009
-0.00012
-0.00003
-0.00003
-0.00006
0.00000
0.00000
0.00006
-0.00006
-0.00003
0.00006
-0.00003
-0.00003
0.00000
0.00000
0.00000
-0.00006
0.00009
-0.00018
0.00031
-0.00040
0.00058
-0.00040
0.00031
0.00006
-0.00067
0.00180
-0.00323
-0.01385
-0.15948
-0.01456
0.04459
-0.03415
0.01541
0.02319
0.07764
0.02313
0.00272
0.00571
0.03781
0.02417
-0.04129
-0.02515
0.03610
0.00995
-0.01892
0.01147
-0.00104
-0.00504
-0.00040
-0.01279
0.01273
0.02344
-0.00079
-0.01050
0.00717
0.01172
-0.01514
-0.00949
0.00720
0.00592
0.00140
0.00299
0.00229
-0.00186
0.00208
0.00278
-0.00037
0.00171
0.00528
-0.00253
0.00095
0.00513
0.00031
-0.00302
0.00058
-0.00073
-0.00366
-0.00034
0.00104
-0.00394
0.00168
0.00818
0.00146
-0.00189
0.00122
0.00446
0.00278
-0.00110
0.00076
0.00015
-0.00226
-0.00394
-0.00308
0.00171
0.00070
-0.00354
-0.00235
0.00052
0.00290
-0.00027
0.00064
0.00287
0.00000
-0.00235
-0.00095
0.00000
-0.00110
-0.00204
-0.00076
-0.00128
-0.00089
-0.00183
-0.00061
0.00067
-0.00006
-0.00040
0.00006
-0.00043
-0.00098
0.00000
0.00104
0.00055
-0.00082
-0.00159
-0.00201
-0.00223
-0.00186
-0.00232
-0.00082
-0.00101
-0.00095
-0.00061
-0.00031
0.00113
0.00082
0.00021
-0.00034
-0.00089
0.00049
0.00061
-0.00015
-0.00018
-0.00003
0.00015
-0.00073
-0.00079
-0.00064
-0.00198
-0.00235
-0.00134
0.00012
0.00000
-0.00116
-0.00113
-0.00037
0.00037
0.00018
0.00012
0.00031
-0.00058
-0.00159
-0.00177
-0.00137
-0.00095
-0.00089
-0.00009
0.00034
0.00003
-0.00031
0.00009
0.00110
0.00107
0.00092
0.00079
0.00055
0.00049
0.00006
0.00012
-0.00006
-0.00101
-0.00089
-0.00040
0.00006
-0.00009
-0.00058
-0.00043
-0.00024
0.00003
0.00043
0.00070
0.00070
0.00018
0.00006
0.00027
0.00009
0.00009
0.00034
0.00049
0.00006
-0.00052
-0.00043
0.00006
0.00064
0.00064
0.00064
0.00046
0.00040
0.00076
0.00076
0.00067
0.00070
0.00076
0.00049
-0.00009
-0.00037
-0.00015
-0.00027
-0.00046
-0.00043
-0.00021
-0.00018
-0.00049
-0.00021
0.00027
0.00000
0.00000
0.00000
0.00000
0.00000
0.00000
0.00000
0.00000
0.00000
0.00000
0.00000
0.00000
0.00000
0.00000
0.00000
0.00000
0.00000
0.00000
0.00000
0.00000
0.00000
0.00000
0.00000
0.00000
0.00000
0.00000
0.00000
0.00000
0.00000
0.00000
0.00000
0.00000
0.00000
0.00000
0.00000
0.00000
0.00000
0.00000
0.00000
0.00000
0.00000
0.00000
0.00000
0.00000
0.00000
0.00000
0.00000
0.00000
0.00000
0.00000
0.00000
0.00000
0.00000
0.00000
0.00000
0.00000
0.00000
0.00000
0.00000
0.00000
0.00000
0.00000
0.00000
0.00000
0.00000
0.00000
0.00000
0.00000
0.00000
0.00000
0.00000
0.00000
0.00000
0.00000
0.00000
0.00000
0.00000
0.00000
0.00000
0.00000
0.00000
0.00000
0.00000
0.00000
0.00000
0.00000
0.00000
0.00000
0.00000
0.00000
0.00000
0.00000
0.00000
0.00000
0.00000
0.00000
0.00000
0.00000
0.00000
0.00000
0.00000
0.00000
0.00000
0.00000
0.00000
0.00000
0.00000
0.00000
0.00000
0.00000
0.00000
0.00000
0.00000
0.00000
0.00000
0.00000
0.00000
0.00000
0.00000
0.00000
0.00000
0.00000
0.00000
0.00000
0.00000
0.00000
0.00000
0.00000
0.00000
0.00000
0.00000
0.00000
0.00000
0.00000
0.00000
