0.00003
0.00000
0.00003
0.00000
0.00000
0.00006
0.00000
0.00003
0.00006
0.00003
0.00003
0.00000
0.00003
0.00000
0.00000
0.00000
0.00003
0.00003
0.00003
0.00000
0.00006
0.00006
0.00003
0.00003
0.00006
0.00003
0.00000
0.00000
0.00000
0.00000
0.00000
0.00003
0.00003
0.00009
-0.00012
0.00015
0.00003
0.00000
0.00000
-0.00003
0.00003
0.00000
0.00003
0.00003
0.00003
0.00000
0.00003
0.00000
0.00000
-0.00003
0.00000
0.00000
0.00000
0.00000
0.00003
0.00003
0.00000
0.00000
0.00000
0.00000
0.00000
-0.00003
0.00000
0.00000
-0.00003
-0.00003
0.00000
0.00000
0.00000
0.00000
-0.00003
-0.00003
0.00000
0.00000
-0.00003
0.00000
0.00000
-0.00003
-0.00003
0.00000
0.00000
-0.00006
-0.00009
-0.00003
-0.00003
-0.00003
0.00000
0.00003
0.00000
-0.00003
-0.00003
0.00000
-0.00003
-0.00006
-0.00006
-0.00003
0.00000
-0.00006
-0.00006
0.00000
-0.00003
-0.00009
-0.00012
-0.00006
-0.00006
-0.00012
-0.00006
-0.00003
-0.00003
-0.00003
-0.00006
-0.00009
-0.00012
-0.00012
-0.00012
-0.00009
-0.00009
-0.00009
-0.00009
-0.00009
-0.00009
-0.00009
-0.00006
-0.00003
-0.00006
-0.00006
-0.00009
-0.00015
-0.00015
-0.00015
-0.00018
-0.00015
-0.00009
-0.00009
-0.00003
-0.00003
-0.00006
-0.00006
-0.00012
-0.00015
-0.00012
-0.00012
-0.00018
-0.00015
-0.00015
-0.00012
-0.00018
-0.00015
-0.00009
-0.00012
-0.00012
-0.00015
-0.00012
-0.00012
-0.00018
-0.00015
-0.00015
-0.00018
-0.00015
-0.00015
-0.00015
-0.00015
-0.00018
-0.00009
-0.00012
-0.00012
-0.00012
-0.00012
-0.00012
-0.00018
-0.00015
-0.00018
-0.00018
-0.00015
-0.00024
-0.00018
-0.00018
-0.00021
-0.00021
-0.00018
-0.00021
-0.00018
-0.00021
-0.00024
-0.00018
-0.00021
-0.00018
-0.00021
-0.00018
-0.00018
-0.00015
-0.00012
-0.00018
-0.00015
-0.00021
-0.00021
-0.00021
-0.00024
-0.00021
-0.00024
-0.00024
-0.00027
-0.00027
-0.00037
-0.00049
-0.00034
-0.00009
-0.00079
-0.00858
-0.01187
-0.00888
-0.00708
-0.00497
-0.00449
-0.00763
-0.01236
-0.00937
-0.00439
0.00421
0.01321
0.01553
0.01263
0.00958
0.00681
0.00458
0.00409
-0.00052
-0.00537
-0.00650
-0.00421
-0.00107
0.00412
0.00586
0.00323
0.00192
0.00159
0.00104
0.00107
0.00095
-0.00027
0.00000
0.00064
0.00009
-0.00018
0.00046
0.00061
0.00052
0.00067
0.00089
0.00098
0.00110
0.00101
0.00137
0.00156
0.00101
0.00000
-0.00070
-0.00024
0.00027
-0.00009
-0.00140
-0.00070
0.00058
0.00076
0.00079
0.00052
0.00092
0.00165
0.00150
0.00018
-0.00043
-0.00079
-0.00110
-0.00015
0.00079
0.00085
0.00012
-0.00095
-0.00119
-0.00089
-0.00055
-0.00092
-0.00092
-0.00027
-0.00012
0.00009
0.00009
0.00000
-0.00021
-0.00085
-0.00134
-0.00113
-0.00089
-0.00089
-0.00098
-0.00061
-0.00061
-0.00110
-0.00159
-0.00146
-0.00070
-0.00012
-0.00034
-0.00067
-0.00070
-0.00061
-0.00064
-0.00116
-0.00162
-0.00177
-0.00122
-0.00073
-0.00098
-0.00143
-0.00168
-0.00137
-0.00085
-0.00052
-0.00055
-0.00095
-0.00095
-0.00052
-0.00006
-0.00003
-0.00052
-0.00098
-0.00113
-0.00101
-0.00085
-0.00092
-0.00131
-0.00131
-0.00089
-0.00058
-0.00082
-0.00140
-0.00159
-0.00131
-0.00076
-0.00043
-0.00079
-0.00122
-0.00107
-0.00070
-0.00064
-0.00085
-0.00098
-0.00110
-0.00119
-0.00122
-0.00104
-0.00070
-0.00040
-0.00043
-0.00070
-0.00061
-0.00037
-0.00021
-0.00018
-0.00015
-0.00015
-0.00034
-0.00067
-0.00082
-0.00079
-0.00082
-0.00095
-0.00092
-0.00070
-0.00046
-0.00055
-0.00061
-0.00034
-0.00006
-0.00012
-0.00055
-0.00055
-0.00012
0.00000
0.00000
0.00000
0.00000
0.00000
0.00000
0.00000
0.00000
0.00000
0.00000
0.00000
0.00000
0.00000
0.00000
0.00000
0.00000
0.00000
0.00000
0.00000
0.00000
0.00000
0.00000
0.00000
0.00000
0.00000
0.00000
0.00000
0.00000
0.00000
0.00000
0.00000
0.00000
0.00000
0.00000
0.00000
0.00000
0.00000
0.00000
0.00000
0.00000
0.00000
0.00000
0.00000
0.00000
0.00000
0.00000
0.00000
0.00000
0.00000
0.00000
0.00000
0.00000
0.00000
0.00000
0.00000
0.00000
0.00000
0.00000
0.00000
0.00000
0.00000
0.00000
0.00000
0.00000
0.00000
0.00000
0.00000
0.00000
0.00000
0.00000
0.00000
0.00000
0.00000
0.00000
0.00000
0.00000
0.00000
0.00000
0.00000
0.00000
0.00000
0.00000
0.00000
0.00000
0.00000
0.00000
0.00000
0.00000
0.00000
0.00000
0.00000
0.00000
0.00000
0.00000
0.00000
0.00000
0.00000
0.00000
0.00000
0.00000
0.00000
0.00000
0.00000
0.00000
0.00000
0.00000
0.00000
0.00000
0.00000
0.00000
0.00000
0.00000
0.00000
0.00000
0.00000
0.00000
0.00000
0.00000
0.00000
0.00000
0.00000
0.00000
0.00000
0.00000
0.00000
0.00000
0.00000
0.00000
0.00000
0.00000
0.00000
0.00000
0.00000
0.00000
