-0.00009
-0.00009
-0.00009
-0.00009
-0.00009
-0.00012
-0.00015
-0.00015
-0.00012
-0.00012
-0.00012
-0.00009
-0.00006
-0.00009
-0.00009
-0.00009
-0.00009
-0.00009
-0.00012
-0.00009
-0.00009
-0.00012
-0.00009
-0.00009
-0.00012
-0.00012
-0.00009
-0.00009
-0.00003
-0.00006
-0.00006
-0.00009
-0.00009
-0.00009
-0.00034
0.00000
-0.00012
-0.00021
-0.00015
-0.00018
-0.00009
-0.00015
-0.00009
-0.00006
-0.00006
-0.00012
-0.00009
-0.00009
-0.00015
-0.00012
-0.00015
-0.00018
-0.00018
-0.00015
-0.00012
-0.00012
-0.00009
-0.00009
-0.00012
-0.00015
-0.00015
-0.00018
-0.00015
-0.00015
-0.00015
-0.00012
-0.00012
-0.00015
-0.00012
-0.00012
-0.00012
-0.00012
-0.00012
-0.00012
-0.00018
-0.00015
-0.00009
-0.00015
-0.00015
-0.00015
-0.00012
-0.00012
-0.00015
-0.00012
-0.00009
-0.00012
-0.00015
-0.00015
-0.00012
-0.00015
-0.00018
-0.00012
-0.00012
-0.00012
-0.00012
-0.00018
-0.00015
-0.00015
-0.00018
-0.00015
-0.00015
-0.00015
-0.00012
-0.00006
-0.00009
-0.00009
-0.00009
-0.00009
-0.00015
-0.00018
-0.00018
-0.00015
-0.00021
-0.00021
-0.00015
-0.00015
-0.00015
-0.00012
-0.00012
-0.00012
-0.00012
-0.00015
-0.00012
-0.00015
-0.00015
-0.00015
-0.00015
-0.00015
-0.00018
-0.00012
-0.00018
-0.00018
-0.00015
-0.00012
-0.00012
-0.00015
-0.00012
-0.00009
-0.00018
-0.00018
-0.00018
-0.00021
-0.00018
-0.00018
-0.00015
-0.00009
-0.00012
-0.00009
-0.00012
-0.00015
-0.00018
-0.00015
-0.00015
-0.00018
-0.00021
-0.00018
-0.00015
-0.00015
-0.00015
-0.00012
-0.00012
-0.00015
-0.00015
-0.00015
-0.00018
-0.00015
-0.00018
-0.00015
-0.00012
-0.00015
-0.00012
-0.00015
-0.00015
-0.00018
-0.00015
-0.00015
-0.00015
-0.00012
-0.00009
-0.00009
-0.00012
-0.00012
-0.00027
-0.00021
-0.00021
-0.00024
-0.00018
-0.00015
-0.00012
-0.00009
-0.00003
-0.00009
-0.00012
-0.00015
-0.00015
-0.00015
-0.00018
-0.00018
-0.00021
-0.00021
-0.00021
-0.00018
-0.00018
-0.00043
-0.00043
-0.00027
0.00043
-0.00006
-0.00040
-0.00491
-0.00970
-0.01614
-0.01968
-0.02231
-0.02386
-0.01257
0.00482
0.01877
0.02252
0.02591
0.02115
0.01373
0.00253
-0.00360
-0.00485
-0.00836
-0.00961
-0.00638
0.00150
0.00623
0.00574
0.00427
0.00375
0.00333
0.00165
0.00021
0.00061
0.00092
0.00046
0.00031
0.00024
0.00034
-0.00015
-0.00085
-0.00034
0.00034
0.00070
0.00079
0.00098
0.00189
0.00275
0.00342
0.00250
0.00116
0.00015
-0.00024
-0.00076
-0.00101
-0.00095
-0.00073
-0.00046
-0.00040
-0.00009
0.00140
0.00180
0.00122
0.00165
0.00208
0.00244
0.00162
-0.00049
-0.00101
-0.00085
-0.00101
-0.00092
-0.00015
0.00000
-0.00040
-0.00031
0.00000
0.00024
0.00000
-0.00064
-0.00058
0.00043
0.00085
0.00015
-0.00012
-0.00064
-0.00101
-0.00085
-0.00089
-0.00098
-0.00098
-0.00082
-0.00049
-0.00031
-0.00052
-0.00104
-0.00098
-0.00027
0.00015
0.00006
-0.00027
-0.00055
-0.00027
-0.00046
-0.00122
-0.00174
-0.00150
-0.00076
-0.00070
-0.00125
-0.00159
-0.00125
-0.00046
-0.00012
-0.00015
-0.00055
-0.00064
-0.00031
0.00000
-0.00003
-0.00031
-0.00049
-0.00061
-0.00061
-0.00046
-0.00031
-0.00079
-0.00165
-0.00143
-0.00052
-0.00031
-0.00104
-0.00146
-0.00095
-0.00037
-0.00012
-0.00040
-0.00064
-0.00076
-0.00064
-0.00040
-0.00046
-0.00095
-0.00140
-0.00131
-0.00104
-0.00079
-0.00049
-0.00021
0.00000
0.00000
0.00000
0.00021
0.00027
0.00003
-0.00015
-0.00021
-0.00018
-0.00034
-0.00070
-0.00076
-0.00058
-0.00052
-0.00067
-0.00055
-0.00031
-0.00031
-0.00037
-0.00021
0.00018
0.00000
0.00000
0.00000
0.00000
0.00000
0.00000
0.00000
0.00000
0.00000
0.00000
0.00000
0.00000
0.00000
0.00000
0.00000
0.00000
0.00000
0.00000
0.00000
0.00000
0.00000
0.00000
0.00000
0.00000
0.00000
0.00000
0.00000
0.00000
0.00000
0.00000
0.00000
0.00000
0.00000
0.00000
0.00000
0.00000
0.00000
0.00000
0.00000
0.00000
0.00000
0.00000
0.00000
0.00000
0.00000
0.00000
0.00000
0.00000
0.00000
0.00000
0.00000
0.00000
0.00000
0.00000
0.00000
0.00000
0.00000
0.00000
0.00000
0.00000
0.00000
0.00000
0.00000
0.00000
0.00000
0.00000
0.00000
0.00000
0.00000
0.00000
0.00000
0.00000
0.00000
0.00000
0.00000
0.00000
0.00000
0.00000
0.00000
0.00000
0.00000
0.00000
0.00000
0.00000
0.00000
0.00000
0.00000
0.00000
0.00000
0.00000
0.00000
0.00000
0.00000
0.00000
0.00000
0.00000
0.00000
0.00000
0.00000
0.00000
0.00000
0.00000
0.00000
0.00000
0.00000
0.00000
0.00000
0.00000
0.00000
0.00000
0.00000
0.00000
0.00000
0.00000
0.00000
0.00000
0.00000
0.00000
0.00000
0.00000
0.00000
0.00000
0.00000
0.00000
0.00000
0.00000
0.00000
0.00000
0.00000
0.00000
0.00000
0.00000
0.00000
0.00000
0.00000
0.00000
0.00000
0.00000
0.00000
