-0.00034
-0.00040
-0.00040
-0.00040
-0.00043
-0.00040
-0.00040
-0.00037
-0.00034
-0.00037
-0.00037
-0.00040
-0.00034
-0.00034
-0.00043
-0.00049
-0.00040
-0.00043
-0.00043
-0.00040
-0.00040
-0.00040
-0.00040
-0.00043
-0.00043
-0.00046
-0.00046
-0.00043
-0.00046
-0.00043
-0.00040
-0.00040
-0.00043
-0.00043
-0.00073
-0.00027
-0.00043
-0.00052
-0.00046
-0.00046
-0.00040
-0.00049
-0.00046
-0.00043
-0.00046
-0.00049
-0.00043
-0.00043
-0.00046
-0.00052
-0.00052
-0.00049
-0.00049
-0.00055
-0.00049
-0.00052
-0.00040
-0.00043
-0.00034
-0.00027
-0.00043
-0.00040
-0.00049
-0.00052
-0.00052
-0.00055
-0.00058
-0.00052
-0.00049
-0.00046
-0.00043
-0.00043
-0.00040
-0.00043
-0.00043
-0.00046
-0.00043
-0.00046
-0.00049
-0.00046
-0.00052
-0.00049
-0.00052
-0.00052
-0.00049
-0.00049
-0.00046
-0.00049
-0.00046
-0.00049
-0.00049
-0.00043
-0.00043
-0.00046
-0.00046
-0.00043
-0.00040
-0.00043
-0.00043
-0.00040
-0.00043
-0.00052
-0.00049
-0.00046
-0.00052
-0.00046
-0.00046
-0.00043
-0.00043
-0.00046
-0.00046
-0.00046
-0.00049
-0.00049
-0.00043
-0.00043
-0.00046
-0.00043
-0.00043
-0.00043
-0.00049
-0.00049
-0.00046
-0.00046
-0.00046
-0.00043
-0.00040
-0.00043
-0.00049
-0.00052
-0.00046
-0.00046
-0.00046
-0.00040
-0.00037
-0.00037
-0.00043
-0.00046
-0.00046
-0.00049
-0.00058
-0.00049
-0.00043
-0.00043
-0.00037
-0.00037
-0.00037
-0.00040
-0.00043
-0.00049
-0.00046
-0.00049
-0.00052
-0.00046
-0.00040
-0.00037
-0.00043
-0.00037
-0.00031
-0.00037
-0.00040
-0.00040
-0.00043
-0.00040
-0.00046
-0.00043
-0.00040
-0.00040
-0.00040
-0.00040
-0.00034
-0.00031
-0.00046
-0.00037
-0.00049
-0.00018
-0.00082
0.00024
-0.00143
0.00107
-0.00250
0.00256
-0.00452
0.00470
-0.05023
-0.08420
0.01562
-0.00540
-0.00967
-0.01932
-0.00964
0.03680
0.04343
0.01266
0.02600
0.04633
0.01709
-0.01831
-0.00702
0.01935
-0.00351
-0.01007
-0.02084
-0.01151
0.01346
0.00226
-0.00879
0.01138
0.00992
-0.00510
-0.00189
0.00769
0.00601
0.00073
-0.00171
-0.00443
0.00146
0.00140
-0.00342
-0.00452
0.00162
0.00232
0.00357
0.00150
0.00317
0.00262
0.00168
0.00174
-0.00031
-0.00150
-0.00122
-0.00168
-0.00333
-0.00146
-0.00015
-0.00159
-0.00272
0.00220
0.00293
0.00034
-0.00024
0.00143
0.00433
0.00275
0.00012
0.00043
0.00082
-0.00027
-0.00171
-0.00217
-0.00055
-0.00262
-0.00354
-0.00226
0.00052
0.00037
-0.00214
0.00079
0.00198
0.00040
-0.00034
-0.00092
0.00092
0.00052
-0.00201
-0.00247
-0.00125
-0.00119
-0.00250
-0.00113
-0.00043
-0.00104
-0.00098
-0.00055
-0.00034
0.00055
-0.00031
-0.00064
-0.00009
-0.00046
-0.00079
-0.00153
-0.00153
-0.00201
-0.00223
-0.00189
-0.00208
-0.00076
-0.00073
-0.00089
-0.00015
0.00006
0.00015
-0.00009
-0.00021
0.00052
0.00024
-0.00034
-0.00046
0.00000
-0.00018
-0.00122
-0.00162
-0.00153
-0.00159
-0.00146
-0.00125
-0.00089
-0.00113
-0.00143
-0.00116
-0.00031
0.00015
-0.00012
-0.00009
0.00000
-0.00043
-0.00085
-0.00113
-0.00122
-0.00162
-0.00162
-0.00089
-0.00043
-0.00037
-0.00046
0.00009
0.00076
0.00076
0.00052
0.00040
0.00052
0.00043
0.00012
0.00015
-0.00021
-0.00089
-0.00101
-0.00076
-0.00037
-0.00055
-0.00110
-0.00095
-0.00046
0.00003
0.00034
0.00049
0.00049
0.00018
0.00000
0.00021
0.00046
0.00037
-0.00003
-0.00031
-0.00046
-0.00049
-0.00046
-0.00003
0.00027
0.00018
0.00021
0.00037
0.00064
0.00079
0.00064
0.00052
0.00046
0.00046
0.00031
0.00000
-0.00006
-0.00021
-0.00055
-0.00046
-0.00021
-0.00009
-0.00012
-0.00018
0.00003
0.00034
0.00058
0.00052
0.00046
0.00040
0.00034
0.00049
0.00061
0.00055
0.00000
0.00000
0.00000
0.00000
0.00000
0.00000
0.00000
0.00000
0.00000
0.00000
0.00000
0.00000
0.00000
0.00000
0.00000
0.00000
0.00000
0.00000
0.00000
0.00000
0.00000
0.00000
0.00000
0.00000
0.00000
0.00000
0.00000
0.00000
0.00000
0.00000
0.00000
0.00000
0.00000
0.00000
0.00000
0.00000
0.00000
0.00000
0.00000
0.00000
0.00000
0.00000
0.00000
0.00000
0.00000
0.00000
0.00000
0.00000
0.00000
0.00000
0.00000
0.00000
0.00000
0.00000
0.00000
0.00000
0.00000
0.00000
0.00000
0.00000
0.00000
0.00000
0.00000
0.00000
0.00000
0.00000
0.00000
0.00000
0.00000
0.00000
0.00000
0.00000
0.00000
0.00000
0.00000
0.00000
0.00000
0.00000
0.00000
0.00000
0.00000
0.00000
0.00000
0.00000
0.00000
0.00000
0.00000
0.00000
0.00000
0.00000
0.00000
0.00000
0.00000
0.00000
0.00000
0.00000
0.00000
0.00000
0.00000
0.00000
0.00000
0.00000
0.00000
0.00000
0.00000
0.00000
0.00000
0.00000
0.00000
0.00000
0.00000
0.00000
0.00000
0.00000
0.00000
0.00000
0.00000
0.00000
0.00000
0.00000
0.00000
0.00000
0.00000
