-0.00018
-0.00015
-0.00009
-0.00009
-0.00006
-0.00006
-0.00006
-0.00012
-0.00015
-0.00015
-0.00018
-0.00021
-0.00018
-0.00012
-0.00009
-0.00009
-0.00012
-0.00015
-0.00015
-0.00018
-0.00015
-0.00012
-0.00015
-0.00015
-0.00015
-0.00018
-0.00015
-0.00015
-0.00012
-0.00012
-0.00015
-0.00015
-0.00021
-0.00018
-0.00046
-0.00012
-0.00021
-0.00024
-0.00015
-0.00015
-0.00006
-0.00012
-0.00012
-0.00015
-0.00018
-0.00018
-0.00018
-0.00018
-0.00018
-0.00015
-0.00012
-0.00012
-0.00015
-0.00018
-0.00018
-0.00024
-0.00024
-0.00021
-0.00018
-0.00021
-0.00018
-0.00015
-0.00015
-0.00018
-0.00012
-0.00012
-0.00018
-0.00021
-0.00018
-0.00018
-0.00018
-0.00006
-0.00009
-0.00009
-0.00012
-0.00015
-0.00015
-0.00021
-0.00024
-0.00024
-0.00021
-0.00018
-0.00015
-0.00015
-0.00009
-0.00012
-0.00024
-0.00027
-0.00024
-0.00024
-0.00024
-0.00021
-0.00015
-0.00018
-0.00021
-0.00021
-0.00021
-0.00021
-0.00021
-0.00021
-0.00012
-0.00006
-0.00009
-0.00006
-0.00006
-0.00012
-0.00018
-0.00018
-0.00015
-0.00018
-0.00018
-0.00015
-0.00015
-0.00018
-0.00012
-0.00012
-0.00012
-0.00012
-0.00018
-0.00021
-0.00018
-0.00018
-0.00018
-0.00024
-0.00021
-0.00021
-0.00015
-0.00009
-0.00006
-0.00006
-0.00006
-0.00012
-0.00018
-0.00021
-0.00021
-0.00021
-0.00024
-0.00021
-0.00018
-0.00018
-0.00015
-0.00012
-0.00012
-0.00012
-0.00015
-0.00015
-0.00012
-0.00015
-0.00021
-0.00018
-0.00021
-0.00021
-0.00021
-0.00024
-0.00021
-0.00018
-0.00018
-0.00021
-0.00021
-0.00015
-0.00021
-0.00021
-0.00015
-0.00012
-0.00012
-0.00006
-0.00006
-0.00006
-0.00009
-0.00015
-0.00018
-0.00024
-0.00027
-0.00021
-0.00015
-0.00009
-0.00012
-0.00012
-0.00012
-0.00012
-0.00018
-0.00024
-0.00024
-0.00027
-0.00027
-0.00018
-0.00015
-0.00021
-0.00015
-0.00009
-0.00006
-0.00031
-0.00003
-0.00055
0.00015
-0.00098
0.00082
-0.00159
0.00131
-0.02063
-0.03619
-0.01093
-0.01663
-0.01022
-0.00623
0.00851
0.02588
0.03464
0.02240
0.01779
0.01294
-0.00754
-0.01492
-0.01202
-0.00580
-0.00851
-0.00336
-0.00107
0.00510
0.01263
0.00543
-0.00125
0.00034
-0.00214
-0.00510
-0.00348
-0.00375
-0.00284
0.00180
0.00296
0.00284
0.00443
0.00510
0.00470
0.00253
0.00061
-0.00034
0.00101
-0.00003
0.00021
0.00214
0.00253
0.00153
0.00043
0.00012
0.00006
0.00003
-0.00095
-0.00095
0.00000
0.00009
-0.00012
0.00119
0.00165
0.00110
0.00095
0.00104
0.00134
0.00125
0.00073
0.00082
0.00076
-0.00021
-0.00082
-0.00043
-0.00031
-0.00122
-0.00101
-0.00076
-0.00009
0.00018
0.00018
0.00107
0.00122
0.00018
-0.00067
-0.00034
-0.00018
-0.00067
-0.00098
-0.00067
-0.00046
-0.00052
-0.00067
-0.00034
-0.00003
-0.00040
-0.00067
-0.00058
-0.00043
-0.00027
-0.00052
-0.00061
-0.00052
-0.00043
-0.00058
-0.00082
-0.00095
-0.00110
-0.00131
-0.00140
-0.00143
-0.00085
-0.00061
-0.00055
-0.00021
-0.00003
-0.00006
-0.00024
-0.00024
-0.00027
-0.00070
-0.00095
-0.00095
-0.00052
-0.00034
-0.00052
-0.00061
-0.00076
-0.00104
-0.00137
-0.00134
-0.00128
-0.00137
-0.00116
-0.00073
-0.00018
-0.00015
-0.00046
-0.00046
-0.00021
-0.00027
-0.00064
-0.00101
-0.00116
-0.00125
-0.00119
-0.00085
-0.00043
-0.00021
-0.00027
-0.00024
0.00000
0.00015
0.00000
-0.00018
-0.00031
-0.00027
-0.00037
-0.00049
-0.00061
-0.00064
-0.00052
-0.00046
-0.00046
-0.00061
-0.00070
-0.00055
-0.00040
-0.00040
-0.00031
-0.00009
0.00006
0.00003
0.00012
0.00015
0.00000
-0.00015
-0.00043
-0.00043
-0.00046
-0.00046
-0.00049
-0.00024
0.00000
0.00012
0.00018
0.00027
0.00027
0.00012
-0.00009
-0.00003
0.00021
0.00027
0.00018
0.00000
-0.00006
-0.00009
-0.00024
-0.00031
-0.00021
-0.00021
-0.00040
-0.00049
-0.00037
-0.00006
0.00021
0.00034
0.00040
0.00012
-0.00015
-0.00046
-0.00049
-0.00024
0.00003
0.00040
0.00034
0.00043
0.00031
0.00034
0.00034
0.00021
0.00000
0.00000
0.00000
0.00000
0.00000
0.00000
0.00000
0.00000
0.00000
0.00000
0.00000
0.00000
0.00000
0.00000
0.00000
0.00000
0.00000
0.00000
0.00000
0.00000
0.00000
0.00000
0.00000
0.00000
0.00000
0.00000
0.00000
0.00000
0.00000
0.00000
0.00000
0.00000
0.00000
0.00000
0.00000
0.00000
0.00000
0.00000
0.00000
0.00000
0.00000
0.00000
0.00000
0.00000
0.00000
0.00000
0.00000
0.00000
0.00000
0.00000
0.00000
0.00000
0.00000
0.00000
0.00000
0.00000
0.00000
0.00000
0.00000
0.00000
0.00000
0.00000
0.00000
0.00000
0.00000
0.00000
0.00000
0.00000
0.00000
0.00000
0.00000
0.00000
0.00000
0.00000
0.00000
0.00000
0.00000
0.00000
0.00000
0.00000
0.00000
0.00000
0.00000
0.00000
0.00000
0.00000
0.00000
0.00000
0.00000
0.00000
0.00000
0.00000
0.00000
0.00000
0.00000
0.00000
0.00000
0.00000
0.00000
0.00000
