-0.00012
-0.00012
-0.00009
-0.00012
-0.00009
-0.00006
-0.00012
-0.00009
-0.00009
-0.00015
-0.00018
-0.00015
-0.00012
-0.00012
-0.00012
-0.00012
-0.00009
-0.00006
-0.00006
-0.00006
-0.00006
-0.00006
-0.00006
-0.00009
-0.00012
-0.00018
-0.00015
-0.00018
-0.00018
-0.00012
-0.00012
-0.00015
-0.00012
-0.00009
-0.00043
0.00003
-0.00003
-0.00012
-0.00006
-0.00015
-0.00012
-0.00018
-0.00015
-0.00018
-0.00015
-0.00009
-0.00009
-0.00012
-0.00009
-0.00006
-0.00009
-0.00012
-0.00012
-0.00009
-0.00009
-0.00009
-0.00006
-0.00009
-0.00009
-0.00015
-0.00015
-0.00006
-0.00021
-0.00021
-0.00021
-0.00018
-0.00015
-0.00015
-0.00012
-0.00009
-0.00012
-0.00003
0.00003
-0.00003
-0.00009
-0.00009
-0.00012
-0.00018
-0.00015
-0.00009
-0.00009
-0.00003
-0.00006
-0.00003
-0.00003
-0.00003
-0.00009
-0.00006
-0.00009
-0.00021
-0.00018
-0.00009
-0.00012
-0.00012
-0.00012
-0.00012
-0.00009
-0.00006
-0.00009
-0.00012
-0.00009
-0.00009
-0.00012
-0.00012
-0.00009
-0.00009
-0.00015
-0.00006
-0.00006
-0.00006
-0.00009
-0.00012
-0.00015
-0.00015
-0.00012
-0.00015
-0.00018
-0.00012
-0.00012
-0.00009
-0.00003
0.00000
-0.00006
-0.00009
-0.00006
-0.00009
-0.00009
-0.00009
-0.00012
-0.00012
-0.00009
-0.00012
-0.00006
-0.00006
-0.00012
-0.00009
0.00000
-0.00003
0.00000
0.00000
-0.00003
0.00000
-0.00009
-0.00006
-0.00003
-0.00006
-0.00012
-0.00012
-0.00006
-0.00012
-0.00015
-0.00012
-0.00015
-0.00009
-0.00006
-0.00006
-0.00003
0.00000
-0.00003
-0.00003
-0.00003
-0.00006
-0.00003
-0.00003
-0.00006
-0.00003
-0.00006
-0.00009
-0.00012
-0.00009
-0.00009
-0.00006
-0.00009
-0.00009
-0.00009
0.00000
-0.00015
0.00003
-0.00040
0.00037
-0.00082
0.00082
-0.00143
0.00174
-0.00250
0.00305
-0.03058
-0.07166
-0.00220
-0.00250
-0.02148
-0.02914
-0.01144
0.03409
0.05157
0.02286
0.03226
0.04587
0.01688
-0.01193
-0.00983
0.00830
-0.00842
-0.01917
-0.02136
-0.00278
0.01343
0.00540
-0.00549
0.00766
0.01141
0.00131
-0.00021
0.00366
0.00513
0.00076
-0.00333
-0.00250
0.00134
-0.00095
-0.00323
-0.00305
0.00085
0.00253
0.00278
0.00085
0.00275
0.00430
0.00284
0.00156
0.00018
-0.00027
-0.00012
-0.00186
-0.00330
-0.00186
-0.00134
-0.00195
-0.00296
0.00098
0.00394
0.00305
0.00223
0.00360
0.00568
0.00305
-0.00021
-0.00006
-0.00003
-0.00162
-0.00287
-0.00269
-0.00082
-0.00146
-0.00320
-0.00195
0.00232
0.00146
-0.00119
0.00003
0.00195
0.00208
0.00024
-0.00092
-0.00092
0.00015
-0.00156
-0.00232
-0.00134
-0.00146
-0.00177
-0.00107
-0.00055
-0.00052
-0.00018
-0.00015
-0.00052
0.00052
0.00024
0.00003
-0.00009
-0.00067
-0.00131
-0.00146
-0.00150
-0.00162
-0.00159
-0.00171
-0.00189
-0.00098
-0.00055
-0.00070
-0.00024
-0.00003
0.00015
0.00012
0.00018
0.00061
0.00031
-0.00037
-0.00098
-0.00046
-0.00003
-0.00082
-0.00134
-0.00134
-0.00143
-0.00137
-0.00119
-0.00107
-0.00128
-0.00134
-0.00085
-0.00009
0.00018
-0.00015
-0.00024
-0.00003
-0.00043
-0.00101
-0.00110
-0.00110
-0.00137
-0.00174
-0.00122
-0.00055
-0.00037
-0.00046
0.00015
0.00089
0.00089
0.00049
0.00031
0.00049
0.00037
-0.00012
-0.00043
-0.00061
-0.00076
-0.00079
-0.00067
-0.00055
-0.00089
-0.00107
-0.00061
-0.00015
-0.00003
0.00000
0.00021
0.00052
0.00040
0.00018
0.00003
0.00000
-0.00003
-0.00024
-0.00024
-0.00040
-0.00058
-0.00058
-0.00037
-0.00015
0.00000
0.00031
0.00049
0.00067
0.00082
0.00070
0.00037
0.00018
0.00003
-0.00003
-0.00018
-0.00018
-0.00021
-0.00043
-0.00058
-0.00040
-0.00024
-0.00024
-0.00021
0.00003
0.00031
0.00046
0.00058
0.00043
0.00024
0.00012
0.00024
0.00027
0.00021
0.00000
0.00000
0.00000
0.00000
0.00000
0.00000
0.00000
0.00000
0.00000
0.00000
0.00000
0.00000
0.00000
0.00000
0.00000
0.00000
0.00000
0.00000
0.00000
0.00000
0.00000
0.00000
0.00000
0.00000
0.00000
0.00000
0.00000
0.00000
0.00000
0.00000
0.00000
0.00000
0.00000
0.00000
0.00000
0.00000
0.00000
0.00000
0.00000
0.00000
0.00000
0.00000
0.00000
0.00000
0.00000
0.00000
0.00000
0.00000
0.00000
0.00000
0.00000
0.00000
0.00000
0.00000
0.00000
0.00000
0.00000
0.00000
0.00000
0.00000
0.00000
0.00000
0.00000
0.00000
0.00000
0.00000
0.00000
0.00000
0.00000
0.00000
0.00000
0.00000
0.00000
0.00000
0.00000
0.00000
0.00000
0.00000
0.00000
0.00000
0.00000
0.00000
0.00000
0.00000
0.00000
0.00000
0.00000
0.00000
0.00000
0.00000
0.00000
0.00000
0.00000
0.00000
0.00000
0.00000
0.00000
0.00000
0.00000
0.00000
0.00000
0.00000
0.00000
0.00000
0.00000
0.00000
0.00000
0.00000
0.00000
0.00000
0.00000
0.00000
0.00000
0.00000
0.00000
0.00000
0.00000
0.00000
0.00000
0.00000
0.00000
