-0.00040
-0.00043
-0.00040
-0.00043
-0.00046
-0.00046
-0.00040
-0.00040
-0.00034
-0.00031
-0.00034
-0.00037
-0.00037
-0.00037
-0.00040
-0.00037
-0.00037
-0.00040
-0.00043
-0.00040
-0.00040
-0.00040
-0.00037
-0.00043
-0.00043
-0.00046
-0.00043
-0.00046
-0.00043
-0.00040
-0.00040
-0.00040
-0.00037
-0.00037
-0.00064
-0.00031
-0.00040
-0.00049
-0.00046
-0.00046
-0.00040
-0.00046
-0.00040
-0.00040
-0.00043
-0.00046
-0.00040
-0.00040
-0.00043
-0.00043
-0.00043
-0.00043
-0.00040
-0.00040
-0.00040
-0.00037
-0.00040
-0.00043
-0.00043
-0.00043
-0.00049
-0.00049
-0.00043
-0.00040
-0.00037
-0.00037
-0.00037
-0.00040
-0.00043
-0.00043
-0.00043
-0.00040
-0.00043
-0.00034
-0.00037
-0.00037
-0.00040
-0.00040
-0.00040
-0.00046
-0.00046
-0.00043
-0.00037
-0.00043
-0.00040
-0.00034
-0.00040
-0.00043
-0.00040
-0.00043
-0.00043
-0.00034
-0.00037
-0.00037
-0.00037
-0.00040
-0.00040
-0.00037
-0.00031
-0.00031
-0.00034
-0.00034
-0.00034
-0.00037
-0.00037
-0.00043
-0.00043
-0.00043
-0.00040
-0.00037
-0.00034
-0.00031
-0.00031
-0.00034
-0.00031
-0.00031
-0.00037
-0.00037
-0.00034
-0.00031
-0.00031
-0.00037
-0.00037
-0.00034
-0.00034
-0.00031
-0.00031
-0.00031
-0.00031
-0.00027
-0.00031
-0.00031
-0.00031
-0.00034
-0.00034
-0.00031
-0.00027
-0.00027
-0.00031
-0.00034
-0.00034
-0.00027
-0.00031
-0.00031
-0.00024
-0.00024
-0.00027
-0.00027
-0.00027
-0.00024
-0.00027
-0.00027
-0.00024
-0.00024
-0.00024
-0.00031
-0.00027
-0.00027
-0.00024
-0.00021
-0.00021
-0.00018
-0.00021
-0.00021
-0.00024
-0.00027
-0.00027
-0.00024
-0.00021
-0.00021
-0.00018
-0.00018
-0.00021
-0.00024
-0.00024
-0.00021
-0.00027
-0.00021
-0.00021
-0.00021
-0.00021
-0.00021
-0.00018
-0.00024
-0.00027
-0.00024
-0.00024
-0.00018
-0.00043
-0.00012
-0.00052
-0.00006
-0.00037
-0.00009
0.00006
-0.00055
-0.00970
-0.05551
-0.03223
-0.03391
-0.00940
0.03818
0.04575
0.04376
0.00897
0.02200
0.01044
-0.00027
-0.02118
-0.02640
-0.01904
-0.01016
-0.00165
0.01273
0.02417
0.00668
-0.00220
0.00079
0.00473
-0.00018
-0.00577
-0.00522
-0.00256
0.00037
-0.00107
-0.00412
0.00061
0.00403
0.00256
0.00314
0.00482
0.00317
-0.00052
0.00128
0.00391
0.00250
0.00107
0.00113
-0.00073
0.00067
0.00104
0.00079
-0.00140
-0.00079
-0.00031
0.00003
0.00165
0.00107
-0.00009
0.00085
0.00217
0.00137
0.00128
0.00214
0.00131
0.00073
0.00064
0.00037
-0.00131
-0.00186
-0.00101
0.00015
0.00052
0.00052
-0.00031
-0.00085
0.00122
0.00049
-0.00006
0.00131
0.00082
0.00058
0.00018
0.00000
-0.00134
-0.00085
-0.00140
-0.00162
-0.00098
-0.00061
-0.00012
0.00067
0.00098
0.00009
0.00021
-0.00021
-0.00079
0.00012
-0.00015
-0.00082
-0.00140
-0.00070
-0.00018
-0.00046
-0.00101
-0.00143
-0.00122
-0.00073
-0.00107
-0.00067
-0.00027
-0.00015
0.00015
0.00000
0.00000
0.00000
-0.00009
-0.00015
-0.00021
-0.00027
-0.00040
-0.00079
-0.00070
-0.00067
-0.00031
-0.00052
-0.00122
-0.00153
-0.00128
-0.00089
-0.00052
-0.00012
-0.00003
-0.00027
-0.00031
0.00000
0.00009
-0.00027
-0.00092
-0.00125
-0.00128
-0.00128
-0.00098
-0.00046
-0.00006
-0.00027
-0.00003
0.00058
0.00079
0.00037
-0.00012
-0.00006
-0.00006
-0.00021
-0.00018
-0.00015
-0.00021
-0.00052
-0.00064
-0.00052
-0.00055
-0.00040
-0.00012
0.00006
0.00000
-0.00015
0.00003
0.00024
0.00027
0.00021
0.00009
0.00009
-0.00009
-0.00024
-0.00018
-0.00046
0.00000
0.00000
0.00000
0.00000
0.00000
0.00000
0.00000
0.00000
0.00000
0.00000
0.00000
0.00000
0.00000
0.00000
0.00000
0.00000
0.00000
0.00000
0.00000
0.00000
0.00000
0.00000
0.00000
0.00000
0.00000
0.00000
0.00000
0.00000
0.00000
0.00000
0.00000
0.00000
0.00000
0.00000
0.00000
0.00000
0.00000
0.00000
0.00000
0.00000
0.00000
0.00000
0.00000
0.00000
0.00000
0.00000
0.00000
0.00000
0.00000
0.00000
0.00000
0.00000
0.00000
0.00000
0.00000
0.00000
0.00000
0.00000
0.00000
0.00000
0.00000
0.00000
0.00000
0.00000
0.00000
0.00000
0.00000
0.00000
0.00000
0.00000
0.00000
0.00000
0.00000
0.00000
0.00000
0.00000
0.00000
0.00000
0.00000
0.00000
0.00000
0.00000
0.00000
0.00000
0.00000
0.00000
0.00000
0.00000
0.00000
0.00000
0.00000
0.00000
0.00000
0.00000
0.00000
0.00000
0.00000
0.00000
0.00000
0.00000
0.00000
0.00000
0.00000
0.00000
0.00000
0.00000
0.00000
0.00000
0.00000
0.00000
0.00000
0.00000
0.00000
0.00000
0.00000
0.00000
0.00000
0.00000
0.00000
0.00000
0.00000
0.00000
0.00000
0.00000
0.00000
0.00000
0.00000
0.00000
0.00000
0.00000
0.00000
0.00000
0.00000
0.00000
0.00000
0.00000
0.00000
0.00000
0.00000
0.00000
0.00000
0.00000
0.00000
0.00000
0.00000
0.00000
