-0.00006
-0.00003
-0.00009
-0.00009
-0.00012
-0.00012
-0.00012
-0.00012
-0.00009
-0.00006
-0.00009
-0.00006
-0.00006
-0.00009
-0.00015
-0.00015
-0.00009
-0.00006
-0.00009
-0.00003
-0.00009
-0.00006
-0.00009
-0.00012
-0.00012
-0.00012
-0.00012
-0.00018
-0.00006
-0.00006
-0.00009
-0.00015
-0.00021
-0.00012
-0.00046
0.00012
0.00000
-0.00012
-0.00003
-0.00021
-0.00015
-0.00021
-0.00018
-0.00018
-0.00018
-0.00012
-0.00012
-0.00012
-0.00012
-0.00012
-0.00021
-0.00015
-0.00018
-0.00018
-0.00015
-0.00012
-0.00009
-0.00012
-0.00015
-0.00003
-0.00031
-0.00024
-0.00018
-0.00034
-0.00006
-0.00021
-0.00009
-0.00015
-0.00012
-0.00006
-0.00015
-0.00018
-0.00018
-0.00018
-0.00031
-0.00021
-0.00012
-0.00015
-0.00015
-0.00015
-0.00018
-0.00018
-0.00012
-0.00021
-0.00012
-0.00012
-0.00012
-0.00018
-0.00015
-0.00012
-0.00027
-0.00031
-0.00027
-0.00031
-0.00021
-0.00018
-0.00018
-0.00015
-0.00015
-0.00012
-0.00018
-0.00012
-0.00012
-0.00021
-0.00021
-0.00012
-0.00021
-0.00024
-0.00018
-0.00024
-0.00027
-0.00031
-0.00021
-0.00021
-0.00021
-0.00009
-0.00015
-0.00018
-0.00018
-0.00018
-0.00021
-0.00021
-0.00024
-0.00015
-0.00009
-0.00006
-0.00009
-0.00012
-0.00012
-0.00024
-0.00027
-0.00021
-0.00024
-0.00024
-0.00024
-0.00021
-0.00021
-0.00024
-0.00021
-0.00021
-0.00018
-0.00018
-0.00015
-0.00021
-0.00015
-0.00021
-0.00024
-0.00024
-0.00031
-0.00027
-0.00031
-0.00018
-0.00018
-0.00018
-0.00021
-0.00024
-0.00018
-0.00024
-0.00024
-0.00027
-0.00021
-0.00018
-0.00021
-0.00018
-0.00021
-0.00021
-0.00027
-0.00037
-0.00027
-0.00034
-0.00037
-0.00031
-0.00024
-0.00027
-0.00024
-0.00027
-0.00009
-0.00043
0.00021
-0.00095
0.00092
-0.00214
0.00226
-0.00391
0.00446
-0.00677
0.00684
-0.07535
-0.14996
-0.01413
-0.05170
0.09854
0.11124
0.10507
0.04800
-0.02731
0.02646
-0.01431
-0.02618
-0.06195
-0.04193
-0.02219
0.01508
0.02463
0.05963
0.02707
-0.02005
-0.02075
-0.00323
0.00977
-0.00385
-0.00314
0.00812
0.00562
0.00089
-0.00607
-0.00906
0.00211
0.00079
-0.00241
-0.00223
0.00748
0.00009
-0.00345
0.00693
0.01016
0.00012
0.00009
0.00052
-0.00357
-0.00082
-0.00232
-0.00378
-0.00534
0.00125
-0.00027
-0.00034
0.00299
0.00168
-0.00055
0.00525
0.00632
0.00195
0.00092
0.00214
0.00168
-0.00043
-0.00143
-0.00320
-0.00641
-0.00470
-0.00104
0.00064
0.00174
0.00082
0.00140
-0.00012
-0.00018
0.00070
0.00015
0.00113
-0.00107
-0.00159
-0.00009
-0.00104
-0.00293
-0.00177
-0.00150
-0.00067
-0.00171
-0.00143
-0.00003
0.00116
0.00021
-0.00052
0.00021
-0.00110
-0.00208
0.00027
-0.00031
-0.00058
-0.00128
-0.00146
-0.00168
-0.00214
-0.00226
-0.00293
-0.00137
-0.00070
-0.00174
0.00021
0.00012
0.00070
0.00116
0.00006
-0.00021
-0.00098
-0.00095
-0.00089
-0.00107
-0.00061
-0.00122
-0.00043
0.00015
-0.00067
-0.00107
-0.00275
-0.00354
-0.00253
-0.00076
0.00024
0.00000
0.00021
-0.00009
-0.00040
-0.00012
-0.00031
-0.00043
-0.00134
-0.00241
-0.00278
-0.00275
-0.00192
-0.00113
0.00015
0.00116
0.00067
0.00018
-0.00015
0.00018
0.00040
0.00040
0.00055
-0.00027
-0.00113
-0.00125
-0.00070
-0.00021
-0.00092
-0.00159
-0.00125
-0.00052
0.00018
-0.00012
-0.00067
-0.00110
-0.00076
0.00058
0.00116
0.00101
0.00024
-0.00037
-0.00046
-0.00098
-0.00113
-0.00073
-0.00034
-0.00018
-0.00052
-0.00034
-0.00031
-0.00031
-0.00018
0.00024
0.00027
-0.00061
-0.00055
0.00000
0.00000
0.00000
0.00000
0.00000
0.00000
0.00000
0.00000
0.00000
0.00000
0.00000
0.00000
0.00000
0.00000
0.00000
0.00000
0.00000
0.00000
0.00000
0.00000
0.00000
0.00000
0.00000
0.00000
0.00000
0.00000
0.00000
0.00000
0.00000
0.00000
0.00000
0.00000
0.00000
0.00000
0.00000
0.00000
0.00000
0.00000
0.00000
0.00000
0.00000
0.00000
0.00000
0.00000
0.00000
0.00000
0.00000
0.00000
0.00000
0.00000
0.00000
0.00000
0.00000
0.00000
0.00000
0.00000
0.00000
0.00000
0.00000
0.00000
0.00000
0.00000
0.00000
0.00000
0.00000
0.00000
0.00000
0.00000
0.00000
0.00000
0.00000
0.00000
0.00000
0.00000
0.00000
0.00000
0.00000
0.00000
0.00000
0.00000
0.00000
0.00000
0.00000
0.00000
0.00000
0.00000
0.00000
0.00000
0.00000
0.00000
0.00000
0.00000
0.00000
0.00000
0.00000
0.00000
0.00000
0.00000
0.00000
0.00000
0.00000
0.00000
0.00000
0.00000
0.00000
0.00000
0.00000
0.00000
0.00000
0.00000
0.00000
0.00000
0.00000
0.00000
0.00000
0.00000
0.00000
0.00000
0.00000
0.00000
0.00000
0.00000
0.00000
0.00000
0.00000
0.00000
0.00000
0.00000
0.00000
0.00000
0.00000
0.00000
0.00000
0.00000
0.00000
0.00000
0.00000
0.00000
0.00000
0.00000
0.00000
0.00000
0.00000
0.00000
0.00000
