-0.00027
-0.00024
-0.00031
-0.00027
-0.00027
-0.00027
-0.00027
-0.00024
-0.00021
-0.00024
-0.00027
-0.00027
-0.00027
-0.00027
-0.00027
-0.00027
-0.00021
-0.00024
-0.00027
-0.00024
-0.00024
-0.00024
-0.00024
-0.00021
-0.00021
-0.00024
-0.00024
-0.00024
-0.00024
-0.00024
-0.00018
-0.00018
-0.00018
-0.00015
-0.00040
-0.00006
-0.00015
-0.00024
-0.00021
-0.00021
-0.00015
-0.00018
-0.00015
-0.00015
-0.00015
-0.00015
-0.00015
-0.00015
-0.00015
-0.00018
-0.00021
-0.00018
-0.00018
-0.00018
-0.00015
-0.00015
-0.00012
-0.00009
-0.00009
-0.00012
-0.00015
-0.00015
-0.00018
-0.00018
-0.00018
-0.00015
-0.00012
-0.00012
-0.00009
-0.00009
-0.00012
-0.00018
-0.00009
-0.00012
-0.00012
-0.00006
-0.00009
-0.00012
-0.00015
-0.00009
-0.00009
-0.00006
-0.00006
-0.00009
-0.00009
-0.00009
-0.00009
-0.00006
-0.00009
-0.00009
-0.00006
-0.00006
-0.00003
-0.00003
-0.00003
-0.00003
-0.00009
-0.00009
-0.00009
-0.00003
-0.00006
-0.00009
-0.00006
-0.00003
0.00000
0.00000
-0.00003
0.00000
-0.00003
-0.00006
-0.00003
0.00000
0.00000
0.00000
0.00000
0.00000
-0.00003
-0.00003
-0.00006
0.00000
-0.00003
-0.00006
0.00000
0.00000
0.00000
0.00000
0.00003
0.00000
0.00000
-0.00003
0.00000
0.00000
0.00000
0.00000
0.00000
0.00000
0.00003
0.00006
0.00006
0.00003
0.00003
0.00000
0.00000
0.00000
0.00000
0.00000
0.00000
0.00000
0.00003
0.00003
0.00006
0.00009
0.00006
0.00003
0.00003
0.00003
0.00000
0.00003
0.00006
0.00003
0.00000
0.00003
0.00003
0.00006
0.00009
0.00006
0.00006
0.00006
0.00003
0.00003
0.00000
0.00006
0.00009
0.00009
0.00012
0.00006
0.00006
0.00006
0.00009
0.00012
0.00009
0.00012
0.00015
0.00012
0.00006
0.00009
0.00006
0.00000
0.00000
0.00003
-0.00006
0.00021
-0.00027
0.00067
-0.00073
0.00150
-0.00156
0.00058
-0.03391
-0.04437
-0.02423
-0.02832
0.01990
0.03711
0.04614
0.01962
0.01431
0.01782
0.00381
-0.00946
-0.02341
-0.01846
-0.01364
-0.00586
0.00290
0.02103
0.01587
0.00153
-0.00082
0.00201
0.00024
-0.00528
-0.00571
-0.00357
-0.00012
0.00162
0.00000
0.00247
0.00671
0.00458
0.00226
0.00220
0.00253
-0.00067
-0.00009
0.00211
0.00226
0.00165
0.00305
0.00204
0.00150
0.00177
0.00027
-0.00089
-0.00101
0.00024
0.00064
0.00067
0.00061
-0.00009
0.00046
0.00220
0.00262
0.00186
0.00146
0.00208
0.00162
0.00076
0.00082
0.00006
-0.00116
-0.00067
-0.00037
0.00012
-0.00027
-0.00122
0.00156
0.00073
0.00024
0.00101
0.00104
0.00189
0.00092
0.00012
-0.00064
-0.00018
-0.00064
-0.00204
-0.00049
0.00006
-0.00046
0.00031
0.00027
0.00000
0.00049
0.00012
-0.00046
-0.00018
0.00006
-0.00012
-0.00061
-0.00040
-0.00043
0.00000
-0.00012
-0.00082
-0.00082
-0.00101
-0.00119
-0.00085
-0.00067
-0.00040
-0.00055
0.00009
0.00037
0.00037
0.00055
0.00027
0.00000
-0.00043
-0.00079
-0.00082
-0.00092
-0.00049
0.00000
0.00027
0.00003
-0.00104
-0.00171
-0.00156
-0.00089
-0.00031
-0.00018
-0.00021
-0.00024
0.00000
0.00027
0.00009
-0.00018
-0.00064
-0.00095
-0.00113
-0.00101
-0.00085
-0.00104
-0.00082
-0.00003
0.00070
0.00067
0.00000
-0.00027
-0.00015
0.00012
0.00031
0.00021
-0.00003
-0.00034
-0.00046
-0.00034
-0.00037
-0.00049
-0.00064
-0.00049
0.00000
0.00018
0.00009
-0.00034
-0.00043
-0.00003
0.00021
0.00037
0.00027
0.00018
0.00012
-0.00003
-0.00027
0.00000
0.00000
0.00000
0.00000
0.00000
0.00000
0.00000
0.00000
0.00000
0.00000
0.00000
0.00000
0.00000
0.00000
0.00000
0.00000
0.00000
0.00000
0.00000
0.00000
0.00000
0.00000
0.00000
0.00000
0.00000
0.00000
0.00000
0.00000
0.00000
0.00000
0.00000
0.00000
0.00000
0.00000
0.00000
0.00000
0.00000
0.00000
0.00000
0.00000
0.00000
0.00000
0.00000
0.00000
0.00000
0.00000
0.00000
0.00000
0.00000
0.00000
0.00000
0.00000
0.00000
0.00000
0.00000
0.00000
0.00000
0.00000
0.00000
0.00000
0.00000
0.00000
0.00000
0.00000
0.00000
0.00000
0.00000
0.00000
0.00000
0.00000
0.00000
0.00000
0.00000
0.00000
0.00000
0.00000
0.00000
0.00000
0.00000
0.00000
0.00000
0.00000
0.00000
0.00000
0.00000
0.00000
0.00000
0.00000
0.00000
0.00000
0.00000
0.00000
0.00000
0.00000
0.00000
0.00000
0.00000
0.00000
0.00000
0.00000
0.00000
0.00000
0.00000
0.00000
0.00000
0.00000
0.00000
0.00000
0.00000
0.00000
0.00000
0.00000
0.00000
0.00000
0.00000
0.00000
0.00000
0.00000
0.00000
0.00000
0.00000
0.00000
0.00000
0.00000
0.00000
0.00000
0.00000
0.00000
0.00000
0.00000
0.00000
0.00000
0.00000
0.00000
0.00000
0.00000
0.00000
0.00000
0.00000
0.00000
0.00000
0.00000
0.00000
0.00000
0.00000
0.00000
