-0.00027
-0.00027
-0.00024
-0.00027
-0.00024
-0.00027
-0.00027
-0.00027
-0.00024
-0.00027
-0.00027
-0.00027
-0.00031
-0.00031
-0.00031
-0.00034
-0.00034
-0.00031
-0.00027
-0.00027
-0.00027
-0.00027
-0.00031
-0.00031
-0.00034
-0.00040
-0.00037
-0.00037
-0.00031
-0.00031
-0.00024
-0.00024
-0.00027
-0.00027
-0.00052
-0.00018
-0.00034
-0.00040
-0.00037
-0.00040
-0.00027
-0.00037
-0.00031
-0.00031
-0.00031
-0.00037
-0.00037
-0.00037
-0.00037
-0.00037
-0.00037
-0.00034
-0.00034
-0.00037
-0.00037
-0.00034
-0.00027
-0.00031
-0.00031
-0.00031
-0.00034
-0.00037
-0.00037
-0.00040
-0.00043
-0.00040
-0.00034
-0.00034
-0.00037
-0.00031
-0.00043
-0.00034
-0.00040
-0.00037
-0.00037
-0.00037
-0.00034
-0.00037
-0.00034
-0.00034
-0.00034
-0.00040
-0.00040
-0.00037
-0.00040
-0.00037
-0.00031
-0.00037
-0.00040
-0.00037
-0.00040
-0.00037
-0.00040
-0.00040
-0.00040
-0.00037
-0.00034
-0.00037
-0.00037
-0.00037
-0.00037
-0.00040
-0.00040
-0.00037
-0.00040
-0.00043
-0.00037
-0.00034
-0.00037
-0.00037
-0.00037
-0.00037
-0.00040
-0.00040
-0.00043
-0.00037
-0.00037
-0.00037
-0.00037
-0.00037
-0.00037
-0.00040
-0.00037
-0.00040
-0.00040
-0.00040
-0.00040
-0.00040
-0.00040
-0.00037
-0.00037
-0.00037
-0.00034
-0.00031
-0.00034
-0.00034
-0.00040
-0.00043
-0.00040
-0.00040
-0.00040
-0.00040
-0.00040
-0.00037
-0.00034
-0.00034
-0.00037
-0.00037
-0.00040
-0.00037
-0.00040
-0.00040
-0.00040
-0.00040
-0.00037
-0.00046
-0.00040
-0.00037
-0.00040
-0.00037
-0.00037
-0.00037
-0.00043
-0.00034
-0.00037
-0.00040
-0.00040
-0.00043
-0.00043
-0.00046
-0.00043
-0.00043
-0.00046
-0.00040
-0.00040
-0.00040
-0.00043
-0.00043
-0.00040
-0.00037
-0.00040
-0.00040
-0.00046
-0.00037
-0.00052
-0.00024
-0.00067
-0.00003
-0.00110
0.00006
-0.00143
0.00040
-0.00159
0.00070
-0.02301
-0.07483
-0.02454
-0.04486
0.00842
0.05774
0.05664
0.04260
0.00418
0.02957
0.00568
-0.00555
-0.03119
-0.03064
-0.02246
-0.00919
0.00076
0.02408
0.02847
0.00052
-0.00482
0.00095
0.00504
-0.00146
-0.00439
-0.00287
0.00003
0.00333
-0.00201
-0.00690
-0.00055
-0.00107
-0.00409
-0.00165
0.00415
0.00333
0.00174
0.00513
0.00531
0.00351
0.00391
0.00204
-0.00208
-0.00058
-0.00192
-0.00241
-0.00287
0.00070
0.00058
-0.00024
0.00043
0.00034
0.00128
0.00333
0.00287
0.00079
0.00085
0.00153
0.00021
-0.00015
0.00055
-0.00031
-0.00278
-0.00284
-0.00107
-0.00021
0.00012
0.00006
0.00082
0.00092
0.00040
-0.00076
0.00006
0.00140
-0.00076
-0.00104
-0.00015
0.00092
-0.00040
-0.00192
-0.00201
-0.00027
-0.00107
-0.00220
-0.00177
-0.00067
0.00052
0.00092
0.00104
0.00018
-0.00052
-0.00027
-0.00089
-0.00049
-0.00134
-0.00171
-0.00150
-0.00168
-0.00131
-0.00110
-0.00110
-0.00101
-0.00125
-0.00031
-0.00031
-0.00021
0.00006
-0.00021
0.00018
-0.00024
-0.00070
-0.00079
-0.00095
-0.00067
-0.00049
-0.00012
-0.00006
-0.00046
-0.00076
-0.00180
-0.00247
-0.00204
-0.00113
-0.00024
-0.00006
-0.00006
-0.00034
-0.00064
-0.00034
-0.00006
-0.00012
-0.00070
-0.00122
-0.00146
-0.00174
-0.00174
-0.00140
-0.00061
0.00012
0.00031
0.00037
0.00024
0.00000
-0.00009
0.00040
0.00085
0.00021
-0.00079
-0.00119
-0.00082
-0.00037
-0.00040
-0.00058
-0.00070
-0.00070
-0.00037
-0.00018
-0.00021
-0.00049
-0.00043
0.00024
0.00073
0.00073
0.00034
-0.00012
-0.00024
-0.00055
-0.00079
-0.00061
-0.00058
-0.00061
-0.00089
-0.00079
-0.00052
-0.00018
0.00000
0.00000
0.00000
0.00000
0.00000
0.00000
0.00000
0.00000
0.00000
0.00000
0.00000
0.00000
0.00000
0.00000
0.00000
0.00000
0.00000
0.00000
0.00000
0.00000
0.00000
0.00000
0.00000
0.00000
0.00000
0.00000
0.00000
0.00000
0.00000
0.00000
0.00000
0.00000
0.00000
0.00000
0.00000
0.00000
0.00000
0.00000
0.00000
0.00000
0.00000
0.00000
0.00000
0.00000
0.00000
0.00000
0.00000
0.00000
0.00000
0.00000
0.00000
0.00000
0.00000
0.00000
0.00000
0.00000
0.00000
0.00000
0.00000
0.00000
0.00000
0.00000
0.00000
0.00000
0.00000
0.00000
0.00000
0.00000
0.00000
0.00000
0.00000
0.00000
0.00000
0.00000
0.00000
0.00000
0.00000
0.00000
0.00000
0.00000
0.00000
0.00000
0.00000
0.00000
0.00000
0.00000
0.00000
0.00000
0.00000
0.00000
0.00000
0.00000
0.00000
0.00000
0.00000
0.00000
0.00000
0.00000
0.00000
0.00000
0.00000
0.00000
0.00000
0.00000
0.00000
0.00000
0.00000
0.00000
0.00000
0.00000
0.00000
0.00000
0.00000
0.00000
0.00000
0.00000
0.00000
0.00000
0.00000
0.00000
0.00000
0.00000
0.00000
0.00000
0.00000
0.00000
0.00000
0.00000
0.00000
0.00000
0.00000
0.00000
0.00000
0.00000
0.00000
0.00000
0.00000
0.00000
0.00000
0.00000
0.00000
0.00000
0.00000
