0.00006
0.00009
0.00000
0.00006
0.00003
-0.00003
0.00000
0.00012
0.00012
0.00003
0.00000
0.00003
0.00003
0.00009
0.00012
0.00006
0.00009
0.00009
0.00006
0.00003
0.00012
0.00012
0.00006
0.00009
0.00006
0.00006
0.00006
0.00006
0.00006
0.00003
0.00009
0.00012
0.00012
0.00021
-0.00015
0.00024
0.00009
0.00003
0.00006
0.00006
0.00015
0.00006
0.00012
0.00012
0.00012
0.00006
0.00015
0.00012
0.00012
0.00012
0.00009
0.00012
0.00009
0.00009
0.00012
0.00012
0.00024
0.00015
0.00003
0.00015
0.00009
0.00003
0.00000
0.00012
0.00012
0.00006
0.00021
0.00027
0.00015
0.00009
0.00015
0.00009
0.00003
0.00012
0.00012
0.00015
0.00015
0.00012
0.00012
0.00018
0.00015
0.00003
0.00006
0.00012
0.00009
0.00009
0.00018
0.00015
0.00006
0.00009
0.00012
0.00006
0.00009
0.00009
0.00009
0.00009
0.00012
0.00012
0.00012
0.00015
0.00009
0.00003
0.00009
0.00012
0.00000
0.00009
0.00012
0.00006
0.00003
0.00006
0.00012
0.00003
0.00006
0.00006
0.00006
0.00006
0.00003
0.00003
0.00000
0.00003
0.00003
0.00009
0.00012
0.00009
0.00006
0.00006
0.00009
0.00003
0.00006
0.00006
0.00003
0.00006
0.00006
0.00003
0.00003
0.00006
0.00006
0.00003
0.00006
0.00006
0.00000
-0.00003
0.00003
0.00003
0.00006
0.00000
0.00003
0.00003
0.00003
0.00003
0.00000
0.00006
0.00000
0.00006
0.00012
0.00012
0.00003
-0.00003
0.00003
0.00000
-0.00003
0.00000
0.00000
0.00009
0.00006
0.00009
0.00009
0.00003
0.00000
0.00000
0.00000
0.00006
0.00000
0.00012
-0.00006
0.00037
-0.00037
0.00061
-0.00070
0.00085
-0.00101
0.00098
-0.00085
0.00092
-0.02936
-0.16251
-0.08698
-0.01019
0.04077
0.09348
0.12000
0.11322
0.00616
-0.00040
0.00037
-0.01038
-0.05292
-0.08163
-0.05884
0.00580
0.04141
0.04684
0.05264
0.01923
-0.01752
-0.01346
0.00363
-0.00336
-0.00778
-0.00449
-0.00250
0.00424
0.00955
-0.00610
-0.00562
0.00504
0.00238
-0.00409
0.00385
0.00406
-0.00537
0.00052
0.01151
0.00842
0.00101
0.00089
-0.00284
-0.00235
-0.00070
-0.00046
-0.00415
-0.00287
-0.00046
-0.00220
-0.00015
0.00354
0.00018
-0.00003
0.00665
0.00632
0.00079
0.00180
0.00497
0.00113
-0.00232
-0.00162
-0.00409
-0.00656
-0.00336
-0.00046
0.00211
0.00220
0.00040
-0.00021
0.00061
0.00189
0.00073
0.00110
0.00064
-0.00180
-0.00266
-0.00110
-0.00031
-0.00180
-0.00333
-0.00107
-0.00058
-0.00211
-0.00122
0.00073
0.00119
0.00113
0.00122
0.00012
-0.00046
-0.00034
-0.00183
-0.00143
-0.00113
-0.00177
-0.00110
-0.00140
-0.00269
-0.00241
-0.00125
-0.00089
-0.00119
-0.00055
0.00000
0.00052
0.00113
0.00073
0.00046
0.00021
-0.00098
-0.00110
-0.00058
-0.00067
-0.00104
-0.00061
0.00006
-0.00043
-0.00098
-0.00192
-0.00317
-0.00311
-0.00140
0.00040
0.00043
0.00000
-0.00012
-0.00012
0.00006
0.00003
-0.00012
-0.00089
-0.00214
-0.00284
-0.00290
-0.00226
-0.00153
-0.00061
0.00095
0.00156
0.00116
0.00034
0.00024
0.00076
0.00067
0.00052
-0.00003
-0.00104
-0.00153
-0.00107
-0.00009
-0.00021
-0.00140
-0.00174
-0.00095
0.00009
0.00031
-0.00021
-0.00085
-0.00098
-0.00018
0.00089
0.00153
0.00113
0.00003
-0.00058
-0.00082
-0.00107
-0.00104
-0.00073
-0.00027
-0.00046
-0.00061
-0.00027
0.00015
0.00082
0.00089
0.00076
0.00003
-0.00082
-0.00052
-0.00027
0.00000
0.00000
0.00000
0.00000
0.00000
0.00000
0.00000
0.00000
0.00000
0.00000
0.00000
0.00000
0.00000
0.00000
0.00000
0.00000
0.00000
0.00000
0.00000
0.00000
0.00000
0.00000
0.00000
0.00000
0.00000
0.00000
0.00000
0.00000
0.00000
0.00000
0.00000
0.00000
0.00000
0.00000
0.00000
0.00000
0.00000
0.00000
0.00000
0.00000
0.00000
0.00000
0.00000
0.00000
0.00000
0.00000
0.00000
0.00000
0.00000
0.00000
0.00000
0.00000
0.00000
0.00000
0.00000
0.00000
0.00000
0.00000
0.00000
0.00000
0.00000
0.00000
0.00000
0.00000
0.00000
0.00000
0.00000
0.00000
0.00000
0.00000
0.00000
0.00000
0.00000
0.00000
0.00000
0.00000
0.00000
0.00000
0.00000
0.00000
0.00000
0.00000
0.00000
0.00000
0.00000
0.00000
0.00000
0.00000
0.00000
0.00000
0.00000
0.00000
0.00000
0.00000
0.00000
0.00000
0.00000
0.00000
0.00000
0.00000
0.00000
0.00000
0.00000
0.00000
0.00000
0.00000
0.00000
0.00000
0.00000
0.00000
0.00000
0.00000
0.00000
0.00000
0.00000
0.00000
0.00000
0.00000
0.00000
0.00000
0.00000
0.00000
0.00000
0.00000
0.00000
0.00000
0.00000
0.00000
0.00000
0.00000
0.00000
0.00000
0.00000
0.00000
0.00000
0.00000
0.00000
0.00000
0.00000
0.00000
0.00000
0.00000
0.00000
0.00000
0.00000
0.00000
