-0.00031
-0.00034
-0.00031
-0.00031
-0.00031
-0.00034
-0.00034
-0.00034
-0.00034
-0.00037
-0.00037
-0.00037
-0.00034
-0.00034
-0.00034
-0.00034
-0.00027
-0.00024
-0.00031
-0.00037
-0.00037
-0.00043
-0.00040
-0.00037
-0.00043
-0.00037
-0.00031
-0.00027
-0.00031
-0.00031
-0.00027
-0.00034
-0.00040
-0.00037
-0.00055
-0.00021
-0.00031
-0.00031
-0.00021
-0.00027
-0.00027
-0.00034
-0.00037
-0.00040
-0.00037
-0.00040
-0.00037
-0.00037
-0.00031
-0.00024
-0.00027
-0.00034
-0.00040
-0.00040
-0.00040
-0.00043
-0.00040
-0.00034
-0.00037
-0.00037
-0.00034
-0.00034
-0.00034
-0.00040
-0.00043
-0.00034
-0.00037
-0.00037
-0.00037
-0.00027
-0.00027
-0.00037
-0.00031
-0.00031
-0.00031
-0.00037
-0.00037
-0.00034
-0.00034
-0.00037
-0.00034
-0.00031
-0.00031
-0.00031
-0.00034
-0.00031
-0.00037
-0.00037
-0.00043
-0.00043
-0.00040
-0.00037
-0.00034
-0.00040
-0.00037
-0.00031
-0.00034
-0.00034
-0.00027
-0.00031
-0.00031
-0.00031
-0.00031
-0.00034
-0.00037
-0.00037
-0.00037
-0.00034
-0.00034
-0.00031
-0.00034
-0.00034
-0.00037
-0.00043
-0.00043
-0.00043
-0.00040
-0.00031
-0.00021
-0.00024
-0.00027
-0.00031
-0.00031
-0.00027
-0.00034
-0.00034
-0.00034
-0.00034
-0.00027
-0.00027
-0.00024
-0.00021
-0.00027
-0.00027
-0.00024
-0.00027
-0.00034
-0.00034
-0.00037
-0.00043
-0.00040
-0.00031
-0.00027
-0.00031
-0.00024
-0.00021
-0.00027
-0.00024
-0.00021
-0.00027
-0.00031
-0.00034
-0.00031
-0.00034
-0.00034
-0.00034
-0.00027
-0.00027
-0.00027
-0.00024
-0.00015
-0.00015
-0.00015
-0.00018
-0.00021
-0.00024
-0.00027
-0.00034
-0.00037
-0.00034
-0.00034
-0.00027
-0.00021
-0.00021
-0.00021
-0.00024
-0.00024
-0.00024
-0.00031
-0.00024
-0.00027
-0.00012
-0.00037
0.00009
-0.00052
0.00015
-0.00061
0.00021
-0.00079
-0.00006
-0.01181
-0.05548
-0.01974
-0.01773
-0.02274
-0.02200
-0.01038
0.03455
0.04410
0.04568
0.03021
0.03406
0.01556
-0.00842
-0.02295
-0.00995
-0.01227
-0.01605
-0.00772
-0.00351
0.01038
0.01239
0.00375
0.00421
0.00793
0.00284
-0.00186
-0.00055
0.00232
-0.00043
-0.00037
-0.00287
-0.00293
-0.00232
-0.00049
-0.00162
-0.00095
0.00101
0.00128
0.00308
0.00421
0.00436
0.00168
0.00110
0.00031
-0.00034
-0.00189
-0.00134
-0.00159
-0.00058
0.00085
0.00140
-0.00034
0.00049
0.00192
0.00153
0.00180
0.00229
0.00311
0.00214
0.00079
0.00021
-0.00040
-0.00119
-0.00250
-0.00244
-0.00009
-0.00113
-0.00171
-0.00021
0.00089
0.00168
0.00046
0.00052
0.00055
0.00073
-0.00034
-0.00073
-0.00024
-0.00046
-0.00134
-0.00089
-0.00092
-0.00119
-0.00125
-0.00119
-0.00092
-0.00055
-0.00037
0.00027
0.00055
0.00037
-0.00037
-0.00009
0.00012
-0.00049
-0.00098
-0.00131
-0.00098
-0.00082
-0.00146
-0.00186
-0.00171
-0.00095
-0.00079
-0.00095
-0.00043
-0.00003
0.00046
0.00037
0.00018
0.00049
0.00021
-0.00052
-0.00076
-0.00046
-0.00018
-0.00040
-0.00055
-0.00070
-0.00107
-0.00140
-0.00140
-0.00116
-0.00104
-0.00104
-0.00073
-0.00012
0.00009
0.00000
-0.00024
-0.00018
-0.00018
-0.00037
-0.00073
-0.00119
-0.00150
-0.00150
-0.00089
-0.00064
-0.00061
-0.00037
0.00024
0.00079
0.00070
0.00046
0.00046
0.00070
0.00064
0.00018
0.00006
-0.00027
-0.00085
-0.00092
-0.00061
-0.00046
-0.00064
-0.00067
-0.00027
0.00009
0.00003
-0.00015
-0.00009
0.00024
0.00049
0.00061
0.00052
0.00015
-0.00006
-0.00021
-0.00024
-0.00034
-0.00024
-0.00021
-0.00012
0.00009
0.00027
0.00043
0.00034
0.00034
0.00055
0.00073
0.00067
0.00046
0.00040
0.00049
0.00031
0.00000
-0.00021
-0.00027
-0.00027
-0.00031
-0.00027
-0.00006
0.00012
0.00034
0.00043
0.00061
0.00067
0.00061
0.00058
0.00043
0.00037
0.00024
0.00009
-0.00021
-0.00052
-0.00034
0.00000
0.00012
0.00000
0.00034
0.00098
0.00104
0.00082
0.00031
0.00015
0.00000
0.00000
0.00000
0.00000
0.00000
0.00000
0.00000
0.00000
0.00000
0.00000
0.00000
0.00000
0.00000
0.00000
0.00000
0.00000
0.00000
0.00000
0.00000
0.00000
0.00000
0.00000
0.00000
0.00000
0.00000
0.00000
0.00000
0.00000
0.00000
0.00000
0.00000
0.00000
0.00000
0.00000
0.00000
0.00000
0.00000
0.00000
0.00000
0.00000
0.00000
0.00000
0.00000
0.00000
0.00000
0.00000
0.00000
0.00000
0.00000
0.00000
0.00000
0.00000
0.00000
0.00000
0.00000
0.00000
0.00000
0.00000
0.00000
0.00000
0.00000
0.00000
0.00000
0.00000
0.00000
0.00000
0.00000
0.00000
0.00000
0.00000
0.00000
0.00000
0.00000
0.00000
0.00000
0.00000
0.00000
0.00000
0.00000
0.00000
0.00000
0.00000
0.00000
0.00000
0.00000
0.00000
0.00000
0.00000
0.00000
0.00000
0.00000
0.00000
0.00000
0.00000
0.00000
0.00000
0.00000
0.00000
0.00000
0.00000
0.00000
0.00000
0.00000
0.00000
0.00000
