-0.00031
-0.00031
-0.00034
-0.00031
-0.00034
-0.00037
-0.00034
-0.00031
-0.00037
-0.00037
-0.00037
-0.00034
-0.00027
-0.00031
-0.00031
-0.00034
-0.00034
-0.00034
-0.00040
-0.00034
-0.00034
-0.00037
-0.00034
-0.00037
-0.00034
-0.00034
-0.00037
-0.00040
-0.00037
-0.00037
-0.00031
-0.00027
-0.00031
-0.00027
-0.00055
-0.00021
-0.00031
-0.00034
-0.00027
-0.00034
-0.00024
-0.00031
-0.00024
-0.00027
-0.00034
-0.00034
-0.00037
-0.00040
-0.00037
-0.00031
-0.00027
-0.00024
-0.00027
-0.00027
-0.00024
-0.00027
-0.00034
-0.00034
-0.00034
-0.00034
-0.00031
-0.00031
-0.00027
-0.00027
-0.00034
-0.00027
-0.00024
-0.00027
-0.00027
-0.00024
-0.00021
-0.00024
-0.00024
-0.00018
-0.00024
-0.00031
-0.00031
-0.00034
-0.00031
-0.00031
-0.00031
-0.00031
-0.00027
-0.00027
-0.00024
-0.00024
-0.00027
-0.00027
-0.00024
-0.00021
-0.00021
-0.00021
-0.00018
-0.00024
-0.00027
-0.00024
-0.00018
-0.00021
-0.00027
-0.00021
-0.00021
-0.00024
-0.00021
-0.00015
-0.00018
-0.00021
-0.00018
-0.00015
-0.00021
-0.00024
-0.00024
-0.00021
-0.00024
-0.00024
-0.00021
-0.00018
-0.00018
-0.00024
-0.00021
-0.00024
-0.00021
-0.00024
-0.00027
-0.00021
-0.00018
-0.00018
-0.00015
-0.00015
-0.00018
-0.00012
-0.00015
-0.00018
-0.00018
-0.00021
-0.00018
-0.00021
-0.00021
-0.00018
-0.00021
-0.00018
-0.00015
-0.00018
-0.00015
-0.00018
-0.00012
-0.00006
-0.00009
-0.00006
-0.00006
-0.00009
-0.00009
-0.00009
-0.00012
-0.00015
-0.00018
-0.00015
-0.00018
-0.00015
-0.00015
-0.00012
-0.00009
-0.00018
-0.00015
-0.00006
-0.00006
-0.00012
-0.00012
-0.00012
-0.00012
-0.00012
-0.00015
-0.00009
-0.00003
-0.00012
-0.00012
-0.00006
-0.00006
-0.00006
-0.00012
-0.00009
-0.00006
-0.00009
-0.00024
-0.00012
-0.00012
-0.00018
-0.00009
-0.00009
-0.00006
-0.00003
0.00000
-0.00003
-0.00003
-0.00003
-0.00003
-0.00003
-0.00006
0.00000
0.00000
-0.00003
-0.00006
-0.00006
-0.00018
-0.00031
-0.00049
-0.00006
0.00018
0.00034
-0.00354
-0.00989
-0.00955
-0.00674
-0.01236
-0.01950
-0.02216
-0.01974
-0.00043
0.01633
0.02502
0.02350
0.01846
0.01181
0.00497
0.00107
-0.00293
-0.00537
-0.00882
-0.00888
-0.00204
0.00671
0.00806
0.00464
0.00272
0.00266
0.00220
0.00085
0.00055
0.00058
0.00125
0.00095
0.00000
0.00015
0.00043
-0.00015
-0.00024
0.00049
0.00134
0.00079
0.00061
0.00165
0.00275
0.00305
0.00262
0.00146
0.00034
0.00000
-0.00040
-0.00079
-0.00046
-0.00021
-0.00049
-0.00046
0.00085
0.00171
0.00119
0.00146
0.00186
0.00223
0.00244
0.00098
-0.00061
-0.00064
-0.00064
-0.00061
-0.00018
0.00027
0.00012
-0.00040
-0.00027
-0.00009
0.00034
-0.00015
-0.00089
-0.00015
0.00073
0.00104
0.00040
0.00015
-0.00018
-0.00061
-0.00085
-0.00101
-0.00070
-0.00064
-0.00061
-0.00034
-0.00015
-0.00046
-0.00101
-0.00076
0.00000
0.00034
0.00003
-0.00037
-0.00037
-0.00006
-0.00031
-0.00095
-0.00134
-0.00125
-0.00070
-0.00046
-0.00085
-0.00131
-0.00119
-0.00067
-0.00006
0.00003
-0.00027
-0.00040
-0.00015
0.00012
0.00009
-0.00012
-0.00034
-0.00049
-0.00064
-0.00055
-0.00040
-0.00052
-0.00116
-0.00119
-0.00055
-0.00031
-0.00082
-0.00122
-0.00092
-0.00034
0.00000
-0.00015
-0.00055
-0.00067
-0.00043
-0.00015
-0.00031
-0.00073
-0.00110
-0.00113
-0.00098
-0.00067
-0.00037
-0.00006
0.00021
0.00012
-0.00006
0.00009
0.00027
0.00021
0.00003
0.00000
-0.00006
-0.00024
-0.00049
-0.00052
-0.00040
-0.00046
-0.00064
-0.00052
-0.00024
-0.00009
-0.00018
-0.00018
0.00021
0.00055
0.00024
-0.00021
-0.00012
0.00021
0.00006
0.00000
0.00000
0.00000
0.00000
0.00000
0.00000
0.00000
0.00000
0.00000
0.00000
0.00000
0.00000
0.00000
0.00000
0.00000
0.00000
0.00000
0.00000
0.00000
0.00000
0.00000
0.00000
0.00000
0.00000
0.00000
0.00000
0.00000
0.00000
0.00000
0.00000
0.00000
0.00000
0.00000
0.00000
0.00000
0.00000
0.00000
0.00000
0.00000
0.00000
0.00000
0.00000
0.00000
0.00000
0.00000
0.00000
0.00000
0.00000
0.00000
0.00000
0.00000
0.00000
0.00000
0.00000
0.00000
0.00000
0.00000
0.00000
0.00000
0.00000
0.00000
0.00000
0.00000
0.00000
0.00000
0.00000
0.00000
0.00000
0.00000
0.00000
0.00000
0.00000
0.00000
0.00000
0.00000
0.00000
0.00000
0.00000
0.00000
0.00000
0.00000
0.00000
0.00000
0.00000
0.00000
0.00000
0.00000
0.00000
0.00000
0.00000
0.00000
0.00000
0.00000
0.00000
0.00000
0.00000
0.00000
0.00000
0.00000
0.00000
0.00000
0.00000
0.00000
0.00000
0.00000
0.00000
0.00000
0.00000
0.00000
0.00000
0.00000
0.00000
0.00000
0.00000
0.00000
0.00000
0.00000
0.00000
0.00000
0.00000
0.00000
0.00000
0.00000
0.00000
0.00000
0.00000
0.00000
0.00000
0.00000
0.00000
0.00000
0.00000
0.00000
