-0.00037
-0.00037
-0.00043
-0.00040
-0.00037
-0.00040
-0.00040
-0.00037
-0.00037
-0.00037
-0.00040
-0.00040
-0.00037
-0.00043
-0.00043
-0.00043
-0.00040
-0.00040
-0.00043
-0.00040
-0.00040
-0.00046
-0.00046
-0.00040
-0.00043
-0.00046
-0.00040
-0.00037
-0.00040
-0.00046
-0.00043
-0.00040
-0.00046
-0.00043
-0.00073
-0.00024
-0.00037
-0.00049
-0.00043
-0.00043
-0.00040
-0.00049
-0.00046
-0.00043
-0.00046
-0.00049
-0.00043
-0.00046
-0.00046
-0.00046
-0.00046
-0.00043
-0.00046
-0.00040
-0.00040
-0.00046
-0.00046
-0.00037
-0.00052
-0.00046
-0.00037
-0.00046
-0.00040
-0.00049
-0.00049
-0.00040
-0.00043
-0.00046
-0.00043
-0.00040
-0.00040
-0.00046
-0.00043
-0.00037
-0.00043
-0.00046
-0.00043
-0.00043
-0.00049
-0.00043
-0.00040
-0.00049
-0.00046
-0.00043
-0.00040
-0.00043
-0.00043
-0.00040
-0.00037
-0.00043
-0.00046
-0.00043
-0.00037
-0.00046
-0.00046
-0.00037
-0.00037
-0.00040
-0.00046
-0.00037
-0.00034
-0.00040
-0.00049
-0.00040
-0.00040
-0.00046
-0.00037
-0.00040
-0.00037
-0.00040
-0.00043
-0.00040
-0.00037
-0.00040
-0.00043
-0.00037
-0.00034
-0.00040
-0.00040
-0.00037
-0.00043
-0.00040
-0.00037
-0.00040
-0.00040
-0.00037
-0.00037
-0.00037
-0.00037
-0.00040
-0.00040
-0.00043
-0.00037
-0.00037
-0.00037
-0.00037
-0.00037
-0.00034
-0.00040
-0.00040
-0.00034
-0.00040
-0.00037
-0.00037
-0.00034
-0.00031
-0.00037
-0.00040
-0.00040
-0.00037
-0.00037
-0.00037
-0.00027
-0.00031
-0.00031
-0.00031
-0.00034
-0.00034
-0.00037
-0.00037
-0.00037
-0.00031
-0.00031
-0.00031
-0.00027
-0.00031
-0.00031
-0.00034
-0.00034
-0.00034
-0.00034
-0.00031
-0.00027
-0.00031
-0.00024
-0.00037
-0.00012
-0.00067
0.00021
-0.00125
0.00098
-0.00223
0.00244
-0.00421
0.00424
-0.04865
-0.07440
0.01157
-0.00656
-0.01227
-0.02814
-0.00714
0.03769
0.04681
0.01505
0.02988
0.04639
0.01526
-0.01672
-0.00671
0.01587
-0.00705
-0.01279
-0.02484
-0.00525
0.01526
0.00061
-0.00632
0.00977
0.00928
-0.00211
0.00000
0.00549
0.00574
0.00113
-0.00363
-0.00311
0.00208
0.00034
-0.00360
-0.00388
0.00101
0.00211
0.00409
0.00104
0.00317
0.00357
0.00238
0.00095
-0.00018
-0.00089
-0.00150
-0.00162
-0.00305
-0.00195
0.00006
-0.00064
-0.00293
0.00085
0.00201
0.00082
0.00110
0.00311
0.00516
0.00287
0.00052
0.00049
0.00079
-0.00052
-0.00293
-0.00284
-0.00061
-0.00229
-0.00323
-0.00156
0.00009
0.00027
0.00021
0.00006
0.00146
0.00070
-0.00012
0.00058
0.00067
-0.00119
-0.00244
-0.00076
-0.00201
-0.00174
-0.00153
-0.00131
-0.00043
-0.00101
-0.00113
-0.00006
0.00061
-0.00018
-0.00073
0.00037
0.00003
-0.00049
-0.00082
-0.00153
-0.00180
-0.00186
-0.00223
-0.00171
-0.00134
-0.00101
-0.00107
-0.00064
0.00000
0.00000
0.00012
-0.00003
-0.00003
0.00055
0.00024
-0.00024
-0.00040
-0.00024
-0.00058
-0.00119
-0.00113
-0.00113
-0.00150
-0.00150
-0.00128
-0.00089
-0.00107
-0.00137
-0.00104
-0.00027
0.00024
-0.00003
-0.00009
0.00000
-0.00037
-0.00089
-0.00128
-0.00137
-0.00143
-0.00140
-0.00092
-0.00058
-0.00043
-0.00034
0.00021
0.00073
0.00082
0.00070
0.00055
0.00046
0.00037
0.00024
0.00012
-0.00052
-0.00116
-0.00098
-0.00040
-0.00021
-0.00085
-0.00119
-0.00076
-0.00021
0.00015
0.00040
0.00040
0.00027
0.00015
0.00040
0.00061
0.00034
-0.00015
-0.00024
-0.00012
-0.00037
-0.00052
-0.00031
0.00003
0.00009
0.00009
0.00031
0.00043
0.00067
0.00076
0.00070
0.00055
0.00052
0.00055
0.00031
-0.00015
-0.00031
-0.00024
-0.00027
-0.00043
-0.00037
-0.00009
-0.00003
-0.00003
0.00009
0.00034
0.00064
0.00058
0.00043
0.00043
0.00043
0.00040
0.00034
0.00027
0.00000
0.00000
0.00000
0.00000
0.00000
0.00000
0.00000
0.00000
0.00000
0.00000
0.00000
0.00000
0.00000
0.00000
0.00000
0.00000
0.00000
0.00000
0.00000
0.00000
0.00000
0.00000
0.00000
0.00000
0.00000
0.00000
0.00000
0.00000
0.00000
0.00000
0.00000
0.00000
0.00000
0.00000
0.00000
0.00000
0.00000
0.00000
0.00000
0.00000
0.00000
0.00000
0.00000
0.00000
0.00000
0.00000
0.00000
0.00000
0.00000
0.00000
0.00000
0.00000
0.00000
0.00000
0.00000
0.00000
0.00000
0.00000
0.00000
0.00000
0.00000
0.00000
0.00000
0.00000
0.00000
0.00000
0.00000
0.00000
0.00000
0.00000
0.00000
0.00000
0.00000
0.00000
0.00000
0.00000
0.00000
0.00000
0.00000
0.00000
0.00000
0.00000
0.00000
0.00000
0.00000
0.00000
0.00000
0.00000
0.00000
0.00000
0.00000
0.00000
0.00000
0.00000
0.00000
0.00000
0.00000
0.00000
0.00000
0.00000
0.00000
0.00000
0.00000
0.00000
0.00000
0.00000
0.00000
0.00000
0.00000
0.00000
0.00000
0.00000
0.00000
0.00000
0.00000
0.00000
0.00000
0.00000
0.00000
0.00000
0.00000
0.00000
