-0.00031
-0.00037
-0.00037
-0.00037
-0.00034
-0.00034
-0.00027
-0.00031
-0.00037
-0.00031
-0.00027
-0.00024
-0.00031
-0.00034
-0.00040
-0.00040
-0.00037
-0.00037
-0.00034
-0.00031
-0.00034
-0.00031
-0.00024
-0.00024
-0.00024
-0.00037
-0.00040
-0.00043
-0.00043
-0.00037
-0.00037
-0.00031
-0.00034
-0.00027
-0.00061
-0.00018
-0.00034
-0.00043
-0.00034
-0.00034
-0.00031
-0.00037
-0.00031
-0.00031
-0.00034
-0.00034
-0.00037
-0.00043
-0.00043
-0.00043
-0.00040
-0.00027
-0.00031
-0.00031
-0.00034
-0.00024
-0.00034
-0.00052
-0.00037
-0.00040
-0.00049
-0.00046
-0.00027
-0.00031
-0.00034
-0.00024
-0.00021
-0.00031
-0.00043
-0.00040
-0.00043
-0.00043
-0.00034
-0.00034
-0.00034
-0.00031
-0.00034
-0.00040
-0.00027
-0.00031
-0.00040
-0.00046
-0.00037
-0.00040
-0.00043
-0.00031
-0.00027
-0.00031
-0.00034
-0.00031
-0.00031
-0.00034
-0.00043
-0.00046
-0.00037
-0.00031
-0.00037
-0.00034
-0.00027
-0.00037
-0.00043
-0.00034
-0.00027
-0.00043
-0.00049
-0.00040
-0.00043
-0.00046
-0.00037
-0.00034
-0.00037
-0.00034
-0.00027
-0.00027
-0.00027
-0.00037
-0.00046
-0.00046
-0.00046
-0.00046
-0.00034
-0.00027
-0.00031
-0.00034
-0.00027
-0.00034
-0.00040
-0.00040
-0.00037
-0.00037
-0.00037
-0.00034
-0.00034
-0.00034
-0.00034
-0.00037
-0.00037
-0.00034
-0.00031
-0.00040
-0.00037
-0.00031
-0.00037
-0.00037
-0.00037
-0.00034
-0.00034
-0.00027
-0.00031
-0.00027
-0.00027
-0.00031
-0.00031
-0.00037
-0.00040
-0.00043
-0.00046
-0.00040
-0.00037
-0.00031
-0.00027
-0.00024
-0.00021
-0.00027
-0.00027
-0.00031
-0.00031
-0.00037
-0.00037
-0.00034
-0.00037
-0.00046
-0.00024
-0.00046
0.00000
-0.00073
0.00034
-0.00110
0.00070
-0.00162
0.00116
-0.00201
0.00189
-0.02835
-0.15659
-0.09879
0.00073
0.03802
0.05600
0.12360
0.11752
0.03183
-0.00827
-0.00485
0.00772
-0.04172
-0.08331
-0.06885
0.00241
0.03683
0.02786
0.04065
0.03162
-0.00415
-0.01080
0.00436
0.00336
-0.00058
-0.00568
-0.01450
-0.00153
0.00952
-0.00546
-0.01178
0.00537
0.00815
-0.00299
0.00400
0.00613
-0.00403
-0.00195
0.00732
0.00586
0.00345
0.00323
-0.00275
-0.00455
-0.00052
-0.00012
-0.00330
-0.00238
-0.00134
-0.00247
-0.00024
0.00281
0.00067
-0.00040
0.00546
0.00552
-0.00009
0.00101
0.00552
0.00204
-0.00342
-0.00244
-0.00272
-0.00577
-0.00424
-0.00092
0.00204
0.00211
-0.00073
-0.00113
0.00150
0.00247
0.00012
0.00015
0.00134
-0.00070
-0.00320
-0.00211
-0.00061
-0.00146
-0.00293
-0.00232
-0.00116
-0.00131
-0.00113
0.00058
0.00076
0.00052
0.00073
0.00092
-0.00006
-0.00064
-0.00137
-0.00125
-0.00134
-0.00180
-0.00137
-0.00171
-0.00262
-0.00272
-0.00171
-0.00052
-0.00070
-0.00040
-0.00034
0.00043
0.00104
0.00101
0.00018
-0.00031
-0.00067
-0.00058
-0.00027
-0.00073
-0.00107
-0.00031
0.00024
-0.00052
-0.00137
-0.00180
-0.00275
-0.00311
-0.00162
0.00043
0.00073
0.00024
-0.00003
0.00000
0.00024
0.00018
-0.00015
-0.00058
-0.00156
-0.00272
-0.00317
-0.00253
-0.00168
-0.00067
0.00095
0.00201
0.00159
0.00052
0.00034
0.00082
0.00098
0.00079
0.00031
-0.00046
-0.00107
-0.00089
-0.00021
-0.00015
-0.00116
-0.00159
-0.00064
0.00031
0.00031
-0.00015
-0.00052
-0.00046
0.00000
0.00092
0.00171
0.00143
0.00037
-0.00052
-0.00064
-0.00040
-0.00046
-0.00040
-0.00012
-0.00021
-0.00040
-0.00031
0.00055
0.00125
0.00131
0.00110
0.00055
0.00021
-0.00018
0.00003
0.00009
0.00000
0.00021
-0.00015
-0.00037
-0.00107
-0.00092
-0.00037
0.00000
0.00000
0.00000
0.00000
0.00000
0.00000
0.00000
0.00000
0.00000
0.00000
0.00000
0.00000
0.00000
0.00000
0.00000
0.00000
0.00000
0.00000
0.00000
0.00000
0.00000
0.00000
0.00000
0.00000
0.00000
0.00000
0.00000
0.00000
0.00000
0.00000
0.00000
0.00000
0.00000
0.00000
0.00000
0.00000
0.00000
0.00000
0.00000
0.00000
0.00000
0.00000
0.00000
0.00000
0.00000
0.00000
0.00000
0.00000
0.00000
0.00000
0.00000
0.00000
0.00000
0.00000
0.00000
0.00000
0.00000
0.00000
0.00000
0.00000
0.00000
0.00000
0.00000
0.00000
0.00000
0.00000
0.00000
0.00000
0.00000
0.00000
0.00000
0.00000
0.00000
0.00000
0.00000
0.00000
0.00000
0.00000
0.00000
0.00000
0.00000
0.00000
0.00000
0.00000
0.00000
0.00000
0.00000
0.00000
0.00000
0.00000
0.00000
0.00000
0.00000
0.00000
0.00000
0.00000
0.00000
0.00000
0.00000
0.00000
0.00000
0.00000
0.00000
0.00000
0.00000
0.00000
0.00000
0.00000
0.00000
0.00000
0.00000
0.00000
0.00000
0.00000
0.00000
0.00000
0.00000
0.00000
0.00000
0.00000
0.00000
0.00000
0.00000
0.00000
0.00000
0.00000
0.00000
0.00000
0.00000
0.00000
0.00000
0.00000
0.00000
0.00000
0.00000
0.00000
0.00000
0.00000
0.00000
