0.00003
0.00000
0.00003
0.00003
0.00003
0.00003
0.00006
0.00003
0.00000
0.00009
0.00012
0.00003
0.00003
0.00009
0.00003
0.00000
0.00000
0.00000
0.00000
0.00000
0.00000
0.00009
0.00006
0.00000
0.00003
0.00003
0.00000
0.00000
0.00000
0.00003
0.00000
0.00000
0.00006
0.00009
-0.00024
0.00012
0.00003
0.00000
0.00003
-0.00003
0.00000
0.00000
0.00003
0.00003
0.00006
0.00006
0.00000
0.00000
0.00000
0.00000
-0.00003
0.00000
-0.00003
0.00000
0.00006
0.00015
0.00000
-0.00003
0.00006
-0.00012
-0.00006
-0.00009
-0.00012
-0.00003
-0.00003
-0.00003
0.00000
0.00000
0.00000
-0.00006
0.00000
0.00006
0.00009
0.00003
0.00006
0.00009
0.00000
-0.00006
-0.00006
-0.00009
-0.00009
-0.00003
0.00000
0.00000
0.00000
0.00006
-0.00003
-0.00003
0.00000
0.00000
-0.00003
0.00000
0.00000
0.00000
0.00000
-0.00003
-0.00009
0.00000
0.00000
-0.00006
0.00000
0.00000
-0.00003
-0.00009
-0.00003
-0.00003
-0.00009
-0.00003
0.00000
0.00000
0.00000
0.00000
-0.00003
-0.00003
-0.00003
-0.00009
-0.00009
-0.00003
-0.00006
-0.00009
-0.00006
-0.00003
-0.00003
-0.00003
0.00000
0.00000
0.00000
0.00000
-0.00003
-0.00003
0.00000
-0.00003
-0.00012
-0.00006
-0.00003
-0.00006
-0.00012
-0.00003
0.00000
-0.00009
-0.00009
-0.00006
0.00000
0.00000
-0.00012
-0.00006
0.00000
-0.00003
-0.00006
-0.00006
-0.00006
-0.00009
-0.00006
-0.00006
-0.00003
0.00000
-0.00006
-0.00003
-0.00006
-0.00009
-0.00006
-0.00009
-0.00006
-0.00003
0.00000
-0.00006
-0.00009
-0.00006
-0.00009
-0.00015
-0.00018
-0.00021
0.00000
-0.00021
0.00015
-0.00049
0.00064
-0.00095
0.00101
-0.00165
0.00177
-0.00250
0.00293
-0.03134
-0.10037
0.00351
0.00687
-0.01425
-0.00787
-0.01425
0.02933
0.04529
0.01495
0.01797
0.04617
0.02603
-0.01520
-0.01373
0.02057
0.00293
-0.00732
-0.01660
-0.01575
0.00751
0.00763
-0.01044
0.00861
0.01477
-0.00461
-0.00513
0.00589
0.00894
0.00064
-0.00079
-0.00305
-0.00070
0.00281
-0.00159
-0.00543
0.00092
0.00372
0.00342
0.00183
0.00293
0.00290
0.00058
0.00214
0.00073
-0.00101
-0.00137
-0.00107
-0.00250
-0.00168
-0.00006
-0.00137
-0.00381
0.00119
0.00430
0.00153
0.00012
0.00073
0.00314
0.00278
0.00049
0.00021
0.00061
-0.00012
-0.00150
-0.00183
0.00031
-0.00177
-0.00403
-0.00256
-0.00015
0.00085
-0.00128
-0.00146
0.00201
0.00143
-0.00085
-0.00046
-0.00021
0.00052
-0.00076
-0.00168
-0.00259
-0.00119
-0.00174
-0.00223
-0.00027
-0.00067
-0.00113
-0.00043
-0.00049
-0.00021
-0.00015
-0.00031
-0.00092
-0.00037
-0.00064
-0.00134
-0.00153
-0.00162
-0.00229
-0.00192
-0.00214
-0.00165
-0.00095
-0.00085
-0.00037
-0.00003
0.00009
-0.00024
-0.00055
0.00018
0.00021
-0.00031
-0.00055
-0.00012
0.00006
-0.00073
-0.00146
-0.00174
-0.00201
-0.00192
-0.00146
-0.00098
-0.00101
-0.00165
-0.00153
-0.00073
-0.00006
-0.00021
-0.00043
-0.00006
-0.00055
-0.00104
-0.00119
-0.00119
-0.00140
-0.00183
-0.00143
-0.00082
-0.00052
-0.00064
-0.00037
0.00058
0.00073
0.00046
0.00009
0.00021
0.00031
0.00006
-0.00009
-0.00043
-0.00095
-0.00113
-0.00095
-0.00076
-0.00095
-0.00122
-0.00113
-0.00079
-0.00040
0.00000
0.00024
0.00037
0.00015
-0.00006
-0.00003
0.00000
0.00012
0.00000
-0.00021
-0.00070
-0.00101
-0.00085
-0.00040
-0.00003
0.00003
0.00009
0.00003
0.00027
0.00046
0.00031
0.00018
0.00024
0.00021
0.00006
-0.00021
-0.00031
-0.00027
-0.00058
-0.00092
-0.00079
-0.00034
-0.00027
-0.00058
-0.00055
-0.00006
0.00031
0.00021
0.00009
0.00009
0.00012
0.00015
0.00027
0.00031
0.00000
0.00000
0.00000
0.00000
0.00000
0.00000
0.00000
0.00000
0.00000
0.00000
0.00000
0.00000
0.00000
0.00000
0.00000
0.00000
0.00000
0.00000
0.00000
0.00000
0.00000
0.00000
0.00000
0.00000
0.00000
0.00000
0.00000
0.00000
0.00000
0.00000
0.00000
0.00000
0.00000
0.00000
0.00000
0.00000
0.00000
0.00000
0.00000
0.00000
0.00000
0.00000
0.00000
0.00000
0.00000
0.00000
0.00000
0.00000
0.00000
0.00000
0.00000
0.00000
0.00000
0.00000
0.00000
0.00000
0.00000
0.00000
0.00000
0.00000
0.00000
0.00000
0.00000
0.00000
0.00000
0.00000
0.00000
0.00000
0.00000
0.00000
0.00000
0.00000
0.00000
0.00000
0.00000
0.00000
0.00000
0.00000
0.00000
0.00000
0.00000
0.00000
0.00000
0.00000
0.00000
0.00000
0.00000
0.00000
0.00000
0.00000
0.00000
0.00000
0.00000
0.00000
0.00000
0.00000
0.00000
0.00000
0.00000
0.00000
0.00000
0.00000
0.00000
0.00000
0.00000
0.00000
0.00000
0.00000
0.00000
0.00000
0.00000
0.00000
0.00000
0.00000
0.00000
0.00000
0.00000
0.00000
0.00000
0.00000
0.00000
0.00000
0.00000
0.00000
