-0.00012
-0.00015
-0.00018
-0.00021
-0.00018
-0.00015
-0.00015
-0.00012
-0.00015
-0.00015
-0.00009
-0.00012
-0.00012
-0.00006
-0.00012
-0.00018
-0.00015
-0.00012
-0.00015
-0.00012
-0.00006
-0.00012
-0.00018
-0.00009
-0.00009
-0.00012
-0.00012
-0.00006
-0.00006
-0.00006
-0.00006
-0.00012
-0.00012
-0.00009
-0.00012
-0.00012
-0.00006
-0.00003
-0.00006
-0.00006
-0.00003
-0.00006
-0.00009
-0.00006
-0.00006
-0.00003
0.00000
0.00000
-0.00003
-0.00009
-0.00018
-0.00012
-0.00006
-0.00006
-0.00003
0.00000
0.00000
-0.00006
-0.00006
-0.00009
-0.00006
0.00000
0.00003
0.00003
0.00000
0.00000
-0.00003
-0.00009
-0.00006
0.00000
0.00000
0.00000
0.00000
0.00003
0.00000
-0.00003
-0.00003
0.00000
0.00000
-0.00003
0.00003
0.00003
-0.00003
0.00000
0.00000
-0.00006
0.00000
0.00003
0.00000
0.00003
0.00000
0.00000
0.00006
0.00006
0.00000
0.00000
0.00000
0.00000
0.00000
0.00000
0.00000
0.00003
0.00003
0.00000
0.00000
0.00003
0.00003
0.00009
0.00015
0.00009
0.00003
0.00006
0.00003
0.00000
0.00000
0.00000
0.00003
0.00003
0.00003
0.00006
0.00009
0.00009
0.00006
0.00006
0.00006
0.00006
0.00006
0.00006
0.00003
0.00003
0.00003
0.00003
0.00009
0.00015
0.00015
0.00009
0.00009
0.00009
0.00009
0.00009
0.00009
0.00009
0.00009
0.00009
0.00009
0.00009
0.00006
0.00015
0.00018
0.00012
0.00009
0.00006
0.00003
0.00000
0.00006
0.00009
0.00015
0.00024
0.00018
0.00015
0.00009
0.00003
0.00003
0.00006
0.00012
0.00018
0.00021
0.00018
0.00006
0.00006
0.00009
0.00009
0.00009
0.00009
0.00012
0.00009
0.00003
0.00006
0.00015
0.00015
0.00021
0.00018
0.00009
0.00012
0.00000
0.00000
0.00006
0.00003
0.00018
0.00015
0.00015
0.00000
0.00003
0.00012
0.00006
0.00043
-0.00031
-0.00412
-0.03354
-0.03107
-0.01434
-0.01266
-0.00107
0.01791
0.03064
0.02728
0.02325
0.00522
0.00226
-0.00323
-0.01407
-0.01627
-0.00870
-0.00296
-0.00049
0.00705
0.00821
0.00513
0.00504
-0.00098
-0.00540
-0.00089
0.00110
-0.00229
0.00067
0.00461
0.00348
0.00531
0.00653
0.00397
0.00082
0.00027
-0.00119
-0.00143
0.00140
0.00159
0.00162
0.00348
0.00354
0.00101
0.00073
0.00128
-0.00009
-0.00018
0.00024
-0.00070
-0.00009
0.00122
0.00198
0.00128
0.00150
0.00171
0.00128
0.00128
0.00143
0.00137
0.00113
0.00040
-0.00003
-0.00012
0.00006
0.00009
0.00000
0.00031
0.00043
0.00024
0.00034
0.00061
0.00061
0.00021
0.00043
0.00058
0.00037
0.00027
0.00031
0.00000
-0.00024
-0.00043
-0.00043
-0.00055
-0.00061
-0.00082
-0.00085
-0.00055
-0.00031
-0.00015
0.00021
0.00024
0.00006
-0.00006
-0.00003
-0.00012
-0.00018
-0.00040
-0.00067
-0.00082
-0.00098
-0.00134
-0.00150
-0.00122
-0.00089
-0.00058
-0.00031
0.00006
0.00049
0.00070
0.00034
0.00003
-0.00021
-0.00046
-0.00061
-0.00085
-0.00092
-0.00095
-0.00107
-0.00104
-0.00110
-0.00113
-0.00101
-0.00073
-0.00043
-0.00024
-0.00003
0.00003
0.00009
-0.00006
-0.00040
-0.00058
-0.00092
-0.00125
-0.00128
-0.00098
-0.00067
-0.00061
-0.00061
-0.00052
-0.00034
-0.00034
-0.00043
-0.00034
-0.00015
-0.00009
-0.00009
-0.00009
-0.00006
-0.00003
0.00003
-0.00006
-0.00037
-0.00064
-0.00076
-0.00070
-0.00058
-0.00052
-0.00037
-0.00024
-0.00015
0.00003
0.00021
0.00018
0.00006
0.00000
-0.00009
-0.00018
-0.00018
-0.00031
0.00000
0.00000
0.00000
0.00000
0.00000
0.00000
0.00000
0.00000
0.00000
0.00000
0.00000
0.00000
0.00000
0.00000
0.00000
0.00000
0.00000
0.00000
0.00000
0.00000
0.00000
0.00000
0.00000
0.00000
0.00000
0.00000
0.00000
0.00000
0.00000
0.00000
0.00000
0.00000
0.00000
0.00000
0.00000
0.00000
0.00000
0.00000
0.00000
0.00000
0.00000
0.00000
0.00000
0.00000
0.00000
0.00000
0.00000
0.00000
0.00000
0.00000
0.00000
0.00000
0.00000
0.00000
0.00000
0.00000
0.00000
0.00000
0.00000
0.00000
0.00000
0.00000
0.00000
0.00000
0.00000
0.00000
0.00000
0.00000
0.00000
0.00000
0.00000
0.00000
0.00000
0.00000
0.00000
0.00000
0.00000
0.00000
0.00000
0.00000
0.00000
0.00000
0.00000
0.00000
0.00000
0.00000
0.00000
0.00000
0.00000
0.00000
0.00000
0.00000
0.00000
0.00000
0.00000
0.00000
0.00000
0.00000
0.00000
0.00000
0.00000
0.00000
0.00000
0.00000
0.00000
0.00000
0.00000
0.00000
0.00000
0.00000
0.00000
0.00000
0.00000
0.00000
0.00000
0.00000
0.00000
0.00000
0.00000
0.00000
0.00000
0.00000
0.00000
0.00000
0.00000
0.00000
0.00000
0.00000
0.00000
0.00000
0.00000
0.00000
0.00000
0.00000
0.00000
0.00000
0.00000
0.00000
0.00000
0.00000
0.00000
0.00000
0.00000
0.00000
0.00000
0.00000
