0.00012
0.00003
0.00000
0.00009
0.00009
0.00006
0.00006
0.00006
0.00000
0.00006
0.00015
0.00012
0.00009
0.00012
0.00000
0.00000
0.00012
0.00006
0.00003
0.00015
0.00009
0.00009
0.00018
0.00009
0.00003
0.00006
0.00009
0.00015
0.00012
0.00015
0.00009
0.00000
-0.00003
0.00000
0.00006
0.00009
0.00015
0.00018
0.00018
0.00009
0.00003
0.00000
0.00003
0.00006
0.00006
0.00009
0.00009
0.00000
0.00003
0.00003
0.00009
0.00006
0.00015
0.00009
-0.00021
0.00000
0.00006
-0.00009
0.00015
0.00018
-0.00003
-0.00003
0.00012
0.00000
0.00006
0.00015
0.00006
0.00000
-0.00003
0.00006
0.00000
0.00000
0.00018
0.00006
-0.00012
0.00000
0.00003
-0.00012
0.00006
0.00009
-0.00006
-0.00003
0.00012
0.00000
-0.00006
0.00009
0.00000
-0.00006
0.00006
0.00006
0.00000
0.00000
0.00000
-0.00006
-0.00003
-0.00003
-0.00006
0.00000
0.00012
0.00006
-0.00006
0.00003
0.00018
0.00000
-0.00006
0.00006
-0.00003
-0.00012
0.00006
0.00000
-0.00009
0.00000
-0.00009
-0.00018
0.00000
0.00000
-0.00015
0.00000
0.00006
-0.00003
-0.00003
0.00003
0.00000
-0.00006
0.00000
0.00000
-0.00006
-0.00006
-0.00006
-0.00015
-0.00009
0.00000
-0.00009
-0.00006
0.00000
0.00000
-0.00009
-0.00012
-0.00006
-0.00015
-0.00012
0.00000
0.00000
-0.00006
-0.00006
-0.00012
-0.00015
-0.00009
-0.00012
-0.00009
0.00000
-0.00003
-0.00015
-0.00015
-0.00006
-0.00012
-0.00018
-0.00009
-0.00018
-0.00015
-0.00012
-0.00012
-0.00003
-0.00012
-0.00018
-0.00006
-0.00012
-0.00015
-0.00012
-0.00006
-0.00027
0.00006
-0.00049
0.00000
-0.00034
-0.00021
0.00015
-0.00079
0.00137
-0.00250
-0.01654
-0.18951
-0.14584
0.01044
-0.02313
0.13202
0.29074
0.11609
-0.06192
-0.02484
-0.06326
-0.06372
-0.00406
-0.04141
0.00632
0.06973
-0.00357
-0.02933
0.04950
0.00931
-0.03360
0.03879
0.01324
-0.03708
0.01447
0.00735
-0.02304
0.02338
0.00897
-0.03375
0.00308
0.01141
-0.01950
-0.00012
0.01727
-0.00668
-0.00098
0.02133
0.01205
0.00116
0.00586
0.00174
-0.01022
-0.00986
-0.00372
-0.00433
-0.00226
0.00470
-0.00009
-0.00504
0.00314
0.00330
-0.00339
0.00558
0.01166
-0.00168
-0.00388
0.00531
-0.00009
-0.00549
0.00058
0.00052
-0.00540
-0.00345
-0.00076
-0.00156
0.00159
0.00259
0.00015
0.00061
0.00058
-0.00201
-0.00293
0.00119
0.00208
-0.00217
-0.00180
-0.00046
-0.00351
-0.00473
-0.00143
0.00034
-0.00186
-0.00177
-0.00137
-0.00143
0.00006
0.00052
0.00079
0.00192
0.00061
-0.00192
-0.00156
-0.00049
-0.00256
-0.00262
-0.00116
-0.00256
-0.00397
-0.00378
-0.00394
-0.00266
0.00009
0.00201
0.00284
0.00278
0.00140
0.00021
0.00052
-0.00073
-0.00241
-0.00241
-0.00217
-0.00250
-0.00214
-0.00027
0.00024
-0.00137
-0.00201
-0.00211
-0.00330
-0.00317
-0.00073
0.00085
0.00104
0.00143
0.00082
-0.00079
-0.00171
-0.00204
-0.00220
-0.00183
-0.00171
-0.00168
-0.00128
-0.00104
-0.00110
-0.00055
0.00037
0.00018
-0.00052
-0.00027
0.00046
0.00031
0.00003
0.00046
0.00049
-0.00015
-0.00058
-0.00073
-0.00067
-0.00079
-0.00131
-0.00159
-0.00131
-0.00122
-0.00110
-0.00034
0.00040
0.00040
0.00027
0.00061
0.00070
0.00024
-0.00015
-0.00040
-0.00082
-0.00125
-0.00107
-0.00070
-0.00064
-0.00049
-0.00003
0.00021
0.00031
0.00037
0.00015
0.00040
-0.00024
-0.00284
0.00000
0.00000
0.00000
0.00000
0.00000
0.00000
0.00000
0.00000
0.00000
0.00000
0.00000
0.00000
0.00000
0.00000
0.00000
0.00000
0.00000
0.00000
0.00000
0.00000
0.00000
0.00000
0.00000
0.00000
0.00000
0.00000
0.00000
0.00000
0.00000
0.00000
0.00000
0.00000
0.00000
0.00000
0.00000
0.00000
0.00000
0.00000
0.00000
0.00000
0.00000
0.00000
0.00000
0.00000
0.00000
0.00000
0.00000
0.00000
0.00000
0.00000
0.00000
0.00000
0.00000
0.00000
0.00000
0.00000
0.00000
0.00000
0.00000
0.00000
0.00000
0.00000
0.00000
0.00000
0.00000
0.00000
0.00000
0.00000
0.00000
0.00000
0.00000
0.00000
0.00000
0.00000
0.00000
0.00000
0.00000
0.00000
0.00000
0.00000
0.00000
0.00000
0.00000
0.00000
0.00000
0.00000
0.00000
0.00000
0.00000
0.00000
0.00000
0.00000
0.00000
0.00000
0.00000
0.00000
0.00000
0.00000
0.00000
0.00000
0.00000
0.00000
0.00000
0.00000
0.00000
0.00000
0.00000
0.00000
0.00000
0.00000
0.00000
0.00000
0.00000
0.00000
0.00000
0.00000
0.00000
0.00000
0.00000
0.00000
0.00000
0.00000
0.00000
0.00000
0.00000
0.00000
0.00000
0.00000
0.00000
0.00000
0.00000
0.00000
0.00000
0.00000
0.00000
0.00000
0.00000
0.00000
0.00000
0.00000
0.00000
0.00000
0.00000
0.00000
0.00000
0.00000
0.00000
0.00000
0.00000
0.00000
0.00000
0.00000
