-0.00021
-0.00024
-0.00034
-0.00034
-0.00027
-0.00031
-0.00027
-0.00018
-0.00015
-0.00021
-0.00024
-0.00024
-0.00034
-0.00037
-0.00034
-0.00031
-0.00034
-0.00024
-0.00021
-0.00018
-0.00018
-0.00018
-0.00018
-0.00018
-0.00021
-0.00034
-0.00034
-0.00034
-0.00040
-0.00034
-0.00024
-0.00027
-0.00034
-0.00040
-0.00043
-0.00037
-0.00031
-0.00034
-0.00027
-0.00018
-0.00024
-0.00037
-0.00024
-0.00021
-0.00024
-0.00027
-0.00021
-0.00024
-0.00031
-0.00027
-0.00027
-0.00031
-0.00031
-0.00027
-0.00027
-0.00027
-0.00034
-0.00027
-0.00043
-0.00043
-0.00031
-0.00037
-0.00034
-0.00024
-0.00021
-0.00024
-0.00031
-0.00034
-0.00034
-0.00040
-0.00040
-0.00046
-0.00037
-0.00027
-0.00027
-0.00024
-0.00024
-0.00024
-0.00031
-0.00027
-0.00018
-0.00024
-0.00024
-0.00027
-0.00037
-0.00046
-0.00043
-0.00034
-0.00034
-0.00027
-0.00018
-0.00015
-0.00018
-0.00027
-0.00034
-0.00031
-0.00034
-0.00043
-0.00043
-0.00037
-0.00037
-0.00040
-0.00027
-0.00018
-0.00024
-0.00031
-0.00021
-0.00018
-0.00024
-0.00027
-0.00024
-0.00027
-0.00037
-0.00040
-0.00034
-0.00027
-0.00031
-0.00031
-0.00021
-0.00024
-0.00040
-0.00040
-0.00031
-0.00027
-0.00034
-0.00034
-0.00024
-0.00024
-0.00034
-0.00031
-0.00027
-0.00031
-0.00027
-0.00021
-0.00018
-0.00018
-0.00024
-0.00024
-0.00027
-0.00034
-0.00034
-0.00037
-0.00031
-0.00024
-0.00021
-0.00015
-0.00009
-0.00012
-0.00018
-0.00015
-0.00018
-0.00024
-0.00027
-0.00034
-0.00034
-0.00034
-0.00034
-0.00034
-0.00024
-0.00021
-0.00021
-0.00018
-0.00027
-0.00037
-0.00031
-0.00034
-0.00034
-0.00024
-0.00024
-0.00027
-0.00024
-0.00021
-0.00021
-0.00024
-0.00015
-0.00024
0.00000
-0.00040
0.00024
-0.00076
0.00076
-0.00140
0.00156
-0.00266
0.00208
-0.03946
-0.08380
-0.01266
-0.01675
-0.03961
0.00519
0.05591
0.03555
0.00970
0.01538
0.05402
0.05280
0.01108
-0.01669
-0.01099
-0.00253
-0.03323
-0.02631
0.00922
0.00946
0.00708
0.00815
0.00244
0.00424
0.00201
-0.00049
0.00302
0.01038
0.00140
-0.01041
-0.00153
0.00394
-0.00415
-0.00507
0.00052
-0.00027
-0.00104
0.00366
0.00702
0.00330
0.00403
0.00348
0.00049
0.00085
0.00113
-0.00244
-0.00238
-0.00110
-0.00458
-0.00479
0.00122
0.00131
-0.00046
0.00369
0.00464
0.00024
0.00189
0.00473
0.00262
0.00021
-0.00024
-0.00003
-0.00040
-0.00085
-0.00168
-0.00168
-0.00079
-0.00146
-0.00119
-0.00006
0.00061
0.00027
0.00024
0.00125
0.00131
-0.00040
-0.00049
-0.00003
-0.00076
-0.00195
-0.00171
-0.00113
-0.00204
-0.00238
-0.00146
-0.00052
0.00003
-0.00012
0.00037
0.00098
0.00049
-0.00021
-0.00031
0.00000
-0.00085
-0.00125
-0.00098
-0.00116
-0.00186
-0.00214
-0.00217
-0.00171
-0.00159
-0.00092
-0.00006
0.00031
0.00040
0.00076
0.00125
0.00116
0.00052
0.00034
0.00009
-0.00070
-0.00125
-0.00110
-0.00131
-0.00208
-0.00198
-0.00174
-0.00189
-0.00162
-0.00104
-0.00061
-0.00037
0.00000
0.00018
0.00009
0.00024
0.00021
0.00006
-0.00024
-0.00095
-0.00146
-0.00171
-0.00168
-0.00153
-0.00092
-0.00009
0.00000
-0.00012
0.00015
0.00040
0.00052
0.00064
0.00079
0.00076
0.00040
0.00006
0.00003
0.00006
-0.00024
-0.00070
-0.00076
-0.00067
-0.00079
-0.00079
-0.00046
-0.00012
-0.00003
0.00018
0.00043
0.00052
0.00037
0.00024
0.00037
0.00040
0.00015
-0.00006
-0.00015
-0.00024
-0.00021
-0.00009
0.00006
0.00015
0.00000
0.00000
0.00000
0.00000
0.00000
0.00000
0.00000
0.00000
0.00000
0.00000
0.00000
0.00000
0.00000
0.00000
0.00000
0.00000
0.00000
0.00000
0.00000
0.00000
0.00000
0.00000
0.00000
0.00000
0.00000
0.00000
0.00000
0.00000
0.00000
0.00000
0.00000
0.00000
0.00000
0.00000
0.00000
0.00000
0.00000
0.00000
0.00000
0.00000
0.00000
0.00000
0.00000
0.00000
0.00000
0.00000
0.00000
0.00000
0.00000
0.00000
0.00000
0.00000
0.00000
0.00000
0.00000
0.00000
0.00000
0.00000
0.00000
0.00000
0.00000
0.00000
0.00000
0.00000
0.00000
0.00000
0.00000
0.00000
0.00000
0.00000
0.00000
0.00000
0.00000
0.00000
0.00000
0.00000
0.00000
0.00000
0.00000
0.00000
0.00000
0.00000
0.00000
0.00000
0.00000
0.00000
0.00000
0.00000
0.00000
0.00000
0.00000
0.00000
0.00000
0.00000
0.00000
0.00000
0.00000
0.00000
0.00000
0.00000
0.00000
0.00000
0.00000
0.00000
0.00000
0.00000
0.00000
0.00000
0.00000
0.00000
0.00000
0.00000
0.00000
0.00000
0.00000
0.00000
0.00000
0.00000
0.00000
0.00000
0.00000
0.00000
0.00000
0.00000
0.00000
0.00000
0.00000
0.00000
0.00000
0.00000
0.00000
0.00000
0.00000
0.00000
0.00000
0.00000
0.00000
0.00000
0.00000
0.00000
0.00000
0.00000
0.00000
0.00000
0.00000
0.00000
0.00000
0.00000
0.00000
0.00000
0.00000
0.00000
