-0.00031
-0.00021
-0.00015
-0.00012
-0.00006
-0.00009
-0.00015
-0.00021
-0.00018
-0.00018
-0.00015
-0.00015
-0.00015
-0.00012
-0.00012
-0.00012
-0.00012
-0.00015
-0.00018
-0.00015
-0.00018
-0.00015
-0.00018
-0.00018
-0.00012
-0.00015
-0.00012
-0.00009
-0.00012
-0.00015
-0.00015
-0.00018
-0.00021
-0.00018
-0.00018
-0.00021
-0.00018
-0.00012
-0.00012
-0.00015
-0.00009
-0.00012
-0.00018
-0.00018
-0.00015
-0.00015
-0.00015
-0.00021
-0.00015
-0.00012
-0.00015
-0.00015
-0.00012
-0.00012
-0.00012
-0.00009
-0.00006
-0.00012
-0.00015
-0.00018
-0.00015
-0.00012
-0.00012
-0.00009
-0.00015
-0.00015
-0.00012
-0.00018
-0.00015
-0.00012
-0.00015
-0.00012
-0.00015
-0.00015
-0.00009
-0.00003
-0.00003
-0.00003
-0.00009
-0.00009
-0.00006
-0.00015
-0.00018
-0.00012
-0.00018
-0.00018
-0.00009
-0.00009
-0.00009
-0.00009
-0.00003
-0.00003
-0.00006
-0.00012
-0.00009
-0.00009
-0.00015
-0.00015
-0.00003
0.00000
-0.00006
-0.00012
-0.00009
-0.00012
-0.00018
-0.00015
-0.00006
-0.00006
-0.00006
-0.00003
0.00000
-0.00006
-0.00006
-0.00006
-0.00012
-0.00015
-0.00015
-0.00018
-0.00009
0.00000
-0.00003
-0.00003
0.00000
-0.00006
-0.00012
-0.00003
0.00000
-0.00006
-0.00003
-0.00006
-0.00009
-0.00009
-0.00009
-0.00003
-0.00009
-0.00012
-0.00009
-0.00006
-0.00003
0.00000
0.00000
0.00000
0.00000
-0.00003
-0.00006
-0.00009
-0.00009
-0.00006
-0.00006
0.00000
0.00000
0.00000
0.00000
0.00000
0.00000
0.00000
0.00000
-0.00003
0.00000
-0.00003
-0.00006
-0.00009
0.00000
0.00000
-0.00003
0.00000
0.00000
0.00000
0.00000
-0.00003
0.00000
-0.00006
-0.00003
-0.00003
-0.00003
0.00000
0.00000
0.00003
0.00003
0.00000
-0.00003
-0.00003
-0.00003
-0.00003
-0.00003
0.00003
-0.00012
0.00006
-0.00027
0.00012
-0.00055
0.00089
-0.00104
-0.00122
-0.03467
-0.05655
-0.02695
-0.02072
-0.00995
0.02185
0.05173
0.05002
0.03735
0.01089
0.00531
0.00089
-0.01437
-0.02014
-0.01410
-0.00308
-0.00601
0.00122
0.00781
0.00385
0.00391
0.00061
-0.00290
0.00446
0.00705
0.00250
0.00186
0.00269
-0.00049
-0.00333
-0.00189
-0.00128
-0.00189
-0.00110
-0.00156
-0.00046
0.00278
0.00546
0.00610
0.00546
0.00519
0.00275
0.00058
-0.00058
-0.00073
-0.00146
-0.00116
-0.00131
-0.00137
-0.00037
0.00104
0.00198
0.00150
0.00250
0.00369
0.00284
0.00211
0.00186
0.00140
0.00000
-0.00037
-0.00055
-0.00137
-0.00122
-0.00101
-0.00073
0.00037
0.00101
0.00052
0.00052
0.00128
0.00089
0.00027
0.00049
0.00052
0.00000
-0.00012
-0.00037
-0.00064
-0.00089
-0.00107
-0.00104
-0.00082
-0.00064
-0.00058
-0.00037
0.00009
0.00018
0.00027
0.00061
0.00040
-0.00009
-0.00049
-0.00055
-0.00061
-0.00055
-0.00052
-0.00101
-0.00156
-0.00171
-0.00165
-0.00125
-0.00104
-0.00055
0.00021
0.00076
0.00079
0.00079
0.00070
0.00040
-0.00009
-0.00049
-0.00082
-0.00122
-0.00128
-0.00107
-0.00104
-0.00122
-0.00137
-0.00156
-0.00165
-0.00140
-0.00082
-0.00015
0.00046
0.00082
0.00079
0.00040
-0.00012
-0.00058
-0.00095
-0.00125
-0.00153
-0.00156
-0.00131
-0.00107
-0.00076
-0.00040
-0.00006
-0.00003
-0.00012
0.00003
0.00024
0.00024
0.00009
0.00006
0.00006
0.00000
-0.00003
-0.00015
-0.00037
-0.00064
-0.00089
-0.00085
-0.00067
-0.00058
-0.00046
-0.00027
0.00000
0.00003
0.00003
0.00027
0.00031
0.00021
0.00009
0.00003
0.00000
-0.00012
0.00000
0.00000
0.00000
0.00000
0.00000
0.00000
0.00000
0.00000
0.00000
0.00000
0.00000
0.00000
0.00000
0.00000
0.00000
0.00000
0.00000
0.00000
0.00000
0.00000
0.00000
0.00000
0.00000
0.00000
0.00000
0.00000
0.00000
0.00000
0.00000
0.00000
0.00000
0.00000
0.00000
0.00000
0.00000
0.00000
0.00000
0.00000
0.00000
0.00000
0.00000
0.00000
0.00000
0.00000
0.00000
0.00000
0.00000
0.00000
0.00000
0.00000
0.00000
0.00000
0.00000
0.00000
0.00000
0.00000
0.00000
0.00000
0.00000
0.00000
0.00000
0.00000
0.00000
0.00000
0.00000
0.00000
0.00000
0.00000
0.00000
0.00000
0.00000
0.00000
0.00000
0.00000
0.00000
0.00000
0.00000
0.00000
0.00000
0.00000
0.00000
0.00000
0.00000
0.00000
0.00000
0.00000
0.00000
0.00000
0.00000
0.00000
0.00000
0.00000
0.00000
0.00000
0.00000
0.00000
0.00000
0.00000
0.00000
0.00000
0.00000
0.00000
0.00000
0.00000
0.00000
0.00000
0.00000
0.00000
0.00000
0.00000
0.00000
0.00000
0.00000
0.00000
0.00000
0.00000
0.00000
0.00000
0.00000
0.00000
0.00000
0.00000
0.00000
0.00000
0.00000
0.00000
0.00000
0.00000
0.00000
0.00000
0.00000
0.00000
0.00000
0.00000
0.00000
0.00000
0.00000
0.00000
0.00000
0.00000
0.00000
0.00000
0.00000
0.00000
0.00000
0.00000
0.00000
0.00000
0.00000
0.00000
