-0.00003
-0.00003
-0.00003
-0.00006
0.00000
0.00000
-0.00006
-0.00009
-0.00003
-0.00006
-0.00006
0.00000
0.00000
0.00000
0.00000
-0.00003
-0.00003
-0.00006
-0.00006
-0.00003
-0.00003
0.00000
-0.00003
-0.00006
0.00000
0.00000
-0.00003
-0.00003
-0.00003
-0.00003
-0.00006
0.00000
-0.00003
-0.00003
0.00000
0.00000
-0.00006
-0.00003
0.00000
-0.00003
0.00000
0.00000
-0.00003
-0.00006
-0.00006
-0.00003
-0.00003
0.00000
0.00003
0.00000
0.00003
0.00006
0.00000
-0.00006
-0.00003
-0.00009
-0.00006
0.00000
0.00000
0.00000
0.00000
0.00000
0.00000
0.00000
0.00000
0.00000
0.00000
-0.00003
-0.00006
0.00000
0.00000
0.00003
0.00003
0.00003
0.00000
-0.00003
0.00000
-0.00003
0.00000
-0.00003
-0.00003
0.00000
0.00000
-0.00003
0.00000
0.00000
0.00000
-0.00003
0.00000
0.00000
0.00000
0.00000
0.00000
0.00000
0.00000
0.00000
0.00000
0.00000
0.00000
-0.00003
-0.00003
0.00000
-0.00003
0.00003
0.00009
0.00003
0.00000
0.00000
0.00000
0.00000
0.00003
0.00006
0.00000
0.00000
0.00000
0.00000
0.00003
0.00000
0.00000
0.00000
0.00000
-0.00003
-0.00003
0.00000
0.00000
0.00000
0.00000
0.00006
0.00003
0.00000
0.00000
0.00000
0.00000
-0.00003
0.00000
0.00000
-0.00003
-0.00009
0.00000
0.00000
-0.00003
0.00000
0.00006
0.00006
0.00003
0.00000
0.00000
-0.00003
-0.00003
0.00000
0.00000
0.00000
0.00003
0.00006
0.00000
-0.00003
-0.00003
-0.00006
-0.00003
0.00000
0.00000
0.00003
0.00000
0.00000
0.00000
0.00000
0.00000
0.00000
0.00003
0.00000
-0.00003
-0.00003
0.00000
0.00000
0.00003
0.00003
0.00000
0.00000
-0.00009
-0.00009
0.00003
-0.00009
0.00000
0.00000
0.00006
0.00003
-0.00003
-0.00003
0.00000
0.00000
0.00000
0.00000
0.00003
0.00000
-0.00003
-0.00006
-0.00006
-0.00009
-0.00003
-0.00003
-0.00024
-0.00262
-0.01541
-0.01593
-0.01096
-0.00903
-0.00253
0.00296
0.00656
0.00766
0.00699
-0.00003
-0.00305
-0.00235
-0.00598
-0.00638
-0.00140
0.00601
0.01208
0.01141
0.00226
-0.00394
-0.00131
-0.00162
0.00027
0.00525
0.00708
0.00500
0.00394
0.00229
0.00064
0.00076
0.00018
0.00003
0.00113
0.00064
-0.00101
-0.00021
0.00162
0.00262
0.00275
0.00177
0.00095
0.00125
0.00110
0.00095
0.00131
0.00076
-0.00021
0.00000
0.00015
0.00040
0.00122
0.00101
0.00095
0.00104
0.00076
0.00095
0.00131
0.00101
0.00058
0.00064
0.00034
0.00000
0.00055
0.00089
0.00070
0.00034
0.00021
0.00034
0.00040
0.00031
0.00009
0.00006
-0.00003
-0.00012
0.00012
0.00031
0.00003
-0.00034
-0.00031
-0.00040
-0.00067
-0.00070
-0.00049
-0.00040
-0.00049
-0.00037
-0.00027
-0.00034
-0.00037
-0.00031
-0.00012
-0.00027
-0.00052
-0.00055
-0.00043
-0.00046
-0.00058
-0.00064
-0.00061
-0.00089
-0.00116
-0.00137
-0.00134
-0.00092
-0.00037
0.00000
0.00006
0.00000
-0.00006
-0.00027
-0.00070
-0.00101
-0.00107
-0.00095
-0.00061
-0.00040
-0.00037
-0.00052
-0.00064
-0.00058
-0.00061
-0.00061
-0.00076
-0.00101
-0.00113
-0.00095
-0.00043
-0.00024
-0.00058
-0.00082
-0.00073
-0.00061
-0.00067
-0.00064
-0.00052
-0.00061
-0.00076
-0.00070
-0.00064
-0.00089
-0.00089
-0.00055
-0.00034
-0.00031
-0.00034
-0.00027
-0.00012
-0.00009
-0.00015
-0.00021
-0.00024
-0.00037
-0.00034
-0.00024
-0.00034
-0.00024
-0.00012
-0.00018
-0.00034
-0.00040
-0.00034
-0.00024
-0.00018
-0.00012
-0.00024
0.00000
0.00000
0.00000
0.00000
0.00000
0.00000
0.00000
0.00000
0.00000
0.00000
0.00000
0.00000
0.00000
0.00000
0.00000
0.00000
0.00000
0.00000
0.00000
0.00000
0.00000
0.00000
0.00000
0.00000
0.00000
0.00000
0.00000
0.00000
0.00000
0.00000
0.00000
0.00000
0.00000
0.00000
0.00000
0.00000
0.00000
0.00000
0.00000
0.00000
0.00000
0.00000
0.00000
0.00000
0.00000
0.00000
0.00000
0.00000
0.00000
0.00000
0.00000
0.00000
0.00000
0.00000
0.00000
0.00000
0.00000
0.00000
0.00000
0.00000
0.00000
0.00000
0.00000
0.00000
0.00000
0.00000
0.00000
0.00000
0.00000
0.00000
0.00000
0.00000
0.00000
0.00000
0.00000
0.00000
0.00000
0.00000
0.00000
0.00000
0.00000
0.00000
0.00000
0.00000
0.00000
0.00000
0.00000
0.00000
0.00000
0.00000
0.00000
0.00000
0.00000
0.00000
0.00000
0.00000
0.00000
0.00000
0.00000
0.00000
0.00000
0.00000
0.00000
0.00000
0.00000
0.00000
0.00000
0.00000
0.00000
0.00000
0.00000
0.00000
0.00000
0.00000
0.00000
0.00000
0.00000
0.00000
0.00000
0.00000
0.00000
0.00000
0.00000
0.00000
0.00000
0.00000
0.00000
0.00000
0.00000
0.00000
0.00000
0.00000
0.00000
0.00000
0.00000
0.00000
0.00000
0.00000
0.00000
0.00000
0.00000
0.00000
0.00000
0.00000
0.00000
