-0.00012
-0.00015
-0.00006
-0.00015
-0.00021
-0.00018
-0.00018
-0.00018
-0.00012
-0.00012
-0.00018
-0.00015
-0.00018
-0.00018
-0.00015
-0.00012
-0.00009
-0.00009
-0.00006
-0.00015
-0.00015
-0.00018
-0.00018
-0.00021
-0.00018
-0.00018
-0.00021
-0.00021
-0.00018
-0.00015
-0.00012
-0.00006
-0.00009
-0.00015
-0.00015
-0.00015
-0.00018
-0.00012
-0.00009
-0.00012
-0.00012
-0.00009
-0.00009
-0.00015
-0.00018
-0.00015
-0.00015
-0.00015
-0.00015
-0.00015
-0.00012
-0.00009
-0.00018
-0.00018
-0.00018
-0.00018
-0.00015
-0.00009
-0.00009
-0.00006
-0.00006
-0.00009
-0.00006
-0.00009
-0.00015
-0.00012
-0.00009
-0.00009
-0.00009
-0.00006
-0.00012
-0.00012
-0.00009
-0.00012
-0.00009
-0.00006
-0.00003
-0.00003
-0.00006
-0.00006
-0.00015
-0.00015
-0.00015
-0.00012
-0.00003
-0.00006
-0.00009
-0.00009
-0.00012
-0.00015
-0.00012
-0.00009
-0.00006
-0.00006
-0.00003
-0.00006
-0.00015
-0.00015
-0.00009
-0.00009
-0.00006
-0.00006
-0.00009
-0.00009
-0.00009
-0.00009
-0.00009
-0.00012
-0.00009
-0.00015
-0.00009
-0.00006
-0.00006
-0.00009
-0.00009
-0.00006
-0.00009
-0.00012
-0.00012
-0.00012
-0.00015
-0.00009
-0.00009
-0.00015
-0.00015
-0.00009
-0.00009
-0.00009
-0.00009
-0.00009
-0.00015
-0.00015
-0.00012
-0.00006
-0.00006
-0.00015
-0.00015
-0.00009
-0.00009
-0.00015
-0.00006
-0.00006
-0.00012
-0.00012
-0.00012
-0.00009
-0.00009
-0.00009
-0.00003
-0.00012
-0.00012
-0.00012
-0.00018
-0.00015
-0.00015
-0.00009
-0.00006
-0.00012
-0.00012
-0.00012
-0.00018
-0.00015
-0.00012
-0.00012
-0.00012
-0.00012
-0.00015
-0.00015
-0.00012
-0.00012
-0.00012
-0.00012
-0.00018
-0.00018
-0.00009
-0.00006
-0.00012
-0.00015
-0.00012
-0.00015
-0.00015
-0.00009
-0.00009
-0.00006
-0.00021
-0.00018
-0.00024
-0.00031
-0.00031
-0.00040
0.00037
-0.00058
-0.00500
-0.04492
-0.05154
-0.03076
-0.02386
-0.00665
0.02893
0.05676
0.05313
0.03778
0.01044
0.00781
-0.00284
-0.01801
-0.02124
-0.01260
-0.00403
-0.00491
0.00403
0.00848
0.00418
0.00244
-0.00238
-0.00235
0.00409
0.00500
0.00244
0.00284
0.00256
-0.00015
-0.00201
-0.00082
-0.00067
-0.00238
-0.00189
-0.00171
-0.00076
0.00089
0.00327
0.00357
0.00354
0.00552
0.00403
0.00177
0.00079
-0.00043
-0.00168
-0.00156
-0.00165
-0.00204
-0.00089
0.00107
0.00110
0.00134
0.00250
0.00266
0.00244
0.00293
0.00201
0.00055
0.00000
-0.00024
-0.00073
-0.00137
-0.00183
-0.00159
-0.00070
-0.00024
0.00018
0.00037
0.00040
0.00058
0.00049
0.00055
0.00061
0.00034
-0.00027
-0.00040
-0.00064
-0.00104
-0.00131
-0.00128
-0.00131
-0.00143
-0.00119
-0.00079
-0.00061
-0.00040
-0.00024
0.00034
0.00058
0.00021
-0.00006
-0.00034
-0.00073
-0.00095
-0.00098
-0.00107
-0.00156
-0.00201
-0.00226
-0.00204
-0.00143
-0.00110
-0.00061
0.00003
0.00043
0.00070
0.00092
0.00073
0.00027
-0.00037
-0.00092
-0.00134
-0.00150
-0.00162
-0.00156
-0.00143
-0.00156
-0.00156
-0.00171
-0.00195
-0.00171
-0.00107
-0.00040
0.00012
0.00052
0.00058
0.00018
-0.00018
-0.00070
-0.00122
-0.00153
-0.00177
-0.00183
-0.00165
-0.00150
-0.00119
-0.00064
-0.00024
-0.00024
-0.00024
0.00000
0.00009
0.00009
0.00018
0.00012
-0.00012
-0.00034
-0.00046
-0.00037
-0.00043
-0.00079
-0.00107
-0.00110
-0.00098
-0.00089
-0.00073
-0.00046
-0.00018
-0.00006
0.00003
0.00009
0.00009
0.00000
-0.00006
-0.00006
-0.00015
-0.00015
-0.00031
-0.00040
-0.00073
0.00000
0.00000
0.00000
0.00000
0.00000
0.00000
0.00000
0.00000
0.00000
0.00000
0.00000
0.00000
0.00000
0.00000
0.00000
0.00000
0.00000
0.00000
0.00000
0.00000
0.00000
0.00000
0.00000
0.00000
0.00000
0.00000
0.00000
0.00000
0.00000
0.00000
0.00000
0.00000
0.00000
0.00000
0.00000
0.00000
0.00000
0.00000
0.00000
0.00000
0.00000
0.00000
0.00000
0.00000
0.00000
0.00000
0.00000
0.00000
0.00000
0.00000
0.00000
0.00000
0.00000
0.00000
0.00000
0.00000
0.00000
0.00000
0.00000
0.00000
0.00000
0.00000
0.00000
0.00000
0.00000
0.00000
0.00000
0.00000
0.00000
0.00000
0.00000
0.00000
0.00000
0.00000
0.00000
0.00000
0.00000
0.00000
0.00000
0.00000
0.00000
0.00000
0.00000
0.00000
0.00000
0.00000
0.00000
0.00000
0.00000
0.00000
0.00000
0.00000
0.00000
0.00000
0.00000
0.00000
0.00000
0.00000
0.00000
0.00000
0.00000
0.00000
0.00000
0.00000
0.00000
0.00000
0.00000
0.00000
0.00000
0.00000
0.00000
0.00000
0.00000
0.00000
0.00000
0.00000
0.00000
0.00000
0.00000
0.00000
0.00000
0.00000
0.00000
0.00000
0.00000
0.00000
0.00000
0.00000
0.00000
0.00000
0.00000
0.00000
0.00000
0.00000
0.00000
0.00000
0.00000
0.00000
0.00000
0.00000
0.00000
0.00000
0.00000
0.00000
0.00000
0.00000
0.00000
0.00000
