-0.00021
-0.00015
-0.00012
-0.00018
-0.00018
-0.00015
-0.00015
-0.00018
-0.00018
-0.00012
-0.00009
-0.00009
-0.00009
-0.00012
-0.00009
-0.00012
-0.00015
-0.00012
-0.00006
-0.00012
-0.00012
-0.00009
-0.00009
-0.00009
-0.00012
-0.00009
-0.00015
-0.00015
-0.00006
-0.00006
-0.00009
-0.00009
-0.00012
-0.00009
-0.00006
-0.00009
-0.00009
-0.00006
-0.00006
-0.00015
-0.00009
-0.00006
-0.00009
-0.00009
-0.00003
-0.00003
-0.00009
-0.00006
-0.00006
-0.00006
-0.00012
0.00000
-0.00003
-0.00024
0.00000
-0.00006
-0.00015
0.00003
0.00000
-0.00006
-0.00012
-0.00009
-0.00003
-0.00003
0.00000
-0.00003
-0.00003
-0.00003
-0.00003
-0.00006
-0.00006
0.00000
-0.00006
-0.00012
0.00000
-0.00003
-0.00012
-0.00003
0.00000
-0.00003
-0.00006
0.00006
0.00000
-0.00006
0.00000
-0.00003
-0.00009
0.00000
-0.00006
0.00000
-0.00003
-0.00003
0.00000
0.00003
0.00006
0.00000
-0.00003
0.00003
0.00003
-0.00009
0.00000
0.00012
-0.00003
-0.00003
0.00003
0.00000
-0.00006
0.00003
0.00006
0.00000
0.00003
0.00000
0.00000
0.00006
0.00000
0.00000
0.00003
0.00006
0.00000
0.00000
0.00000
0.00003
0.00000
0.00006
0.00009
0.00003
0.00003
0.00003
0.00003
0.00003
0.00006
0.00006
0.00003
0.00006
0.00009
0.00000
0.00000
0.00009
0.00006
0.00006
0.00006
0.00006
0.00006
0.00000
0.00000
0.00000
0.00009
0.00006
0.00003
0.00012
0.00009
0.00006
0.00000
0.00003
0.00000
0.00000
0.00006
0.00006
0.00009
0.00003
0.00000
0.00006
0.00000
0.00003
0.00006
0.00006
0.00012
0.00000
0.00015
0.00000
0.00021
-0.00012
0.00021
0.00003
-0.00024
0.00089
-0.00153
0.00293
-0.00439
-0.00739
-0.14838
-0.06201
0.03024
-0.05389
0.05942
0.12000
0.06537
-0.04041
-0.04407
-0.00021
0.03235
0.04950
-0.00418
0.00244
0.04849
-0.01776
-0.04703
0.01822
0.00793
-0.01425
0.01498
0.00281
-0.01117
0.00760
0.00092
-0.00674
0.02148
0.01279
-0.02237
-0.00085
0.01288
-0.01025
-0.00470
0.01147
0.00146
-0.00345
0.00867
0.00812
0.00146
0.00388
0.00146
-0.00677
-0.00235
0.00000
-0.00330
0.00049
0.00500
-0.00253
-0.00488
0.00238
0.00275
-0.00195
0.00278
0.00693
-0.00037
-0.00259
0.00311
0.00305
0.00134
0.00113
0.00180
-0.00140
-0.00351
-0.00217
-0.00262
0.00125
0.00159
-0.00079
-0.00003
0.00000
-0.00021
-0.00204
0.00125
0.00262
-0.00180
-0.00140
-0.00024
-0.00125
-0.00137
-0.00113
0.00067
-0.00092
-0.00146
-0.00180
-0.00198
0.00000
-0.00037
-0.00034
0.00122
0.00000
-0.00064
-0.00055
0.00055
-0.00012
-0.00095
-0.00027
-0.00153
-0.00244
-0.00253
-0.00302
-0.00177
-0.00101
-0.00031
0.00085
0.00070
0.00027
-0.00027
0.00128
0.00140
0.00018
0.00021
-0.00018
-0.00061
-0.00113
-0.00052
0.00003
-0.00143
-0.00183
-0.00192
-0.00250
-0.00198
-0.00098
0.00000
0.00006
0.00018
0.00003
-0.00058
-0.00046
-0.00027
-0.00006
0.00009
-0.00031
-0.00079
-0.00098
-0.00085
-0.00107
-0.00110
-0.00027
-0.00021
-0.00064
-0.00024
0.00034
0.00049
0.00046
0.00082
0.00110
0.00073
0.00021
0.00003
0.00024
0.00024
-0.00031
-0.00055
-0.00049
-0.00070
-0.00085
-0.00046
0.00006
-0.00006
-0.00018
0.00024
0.00061
0.00076
0.00061
0.00046
0.00040
0.00009
0.00000
0.00018
0.00015
-0.00012
-0.00031
-0.00009
0.00006
0.00018
0.00021
0.00058
0.00067
-0.00043
0.00000
0.00000
0.00000
0.00000
0.00000
0.00000
0.00000
0.00000
0.00000
0.00000
0.00000
0.00000
0.00000
0.00000
0.00000
0.00000
0.00000
0.00000
0.00000
0.00000
0.00000
0.00000
0.00000
0.00000
0.00000
0.00000
0.00000
0.00000
0.00000
0.00000
0.00000
0.00000
0.00000
0.00000
0.00000
0.00000
0.00000
0.00000
0.00000
0.00000
0.00000
0.00000
0.00000
0.00000
0.00000
0.00000
0.00000
0.00000
0.00000
0.00000
0.00000
0.00000
0.00000
0.00000
0.00000
0.00000
0.00000
0.00000
0.00000
0.00000
0.00000
0.00000
0.00000
0.00000
0.00000
0.00000
0.00000
0.00000
0.00000
0.00000
0.00000
0.00000
0.00000
0.00000
0.00000
0.00000
0.00000
0.00000
0.00000
0.00000
0.00000
0.00000
0.00000
0.00000
0.00000
0.00000
0.00000
0.00000
0.00000
0.00000
0.00000
0.00000
0.00000
0.00000
0.00000
0.00000
0.00000
0.00000
0.00000
0.00000
0.00000
0.00000
0.00000
0.00000
0.00000
0.00000
0.00000
0.00000
0.00000
0.00000
0.00000
0.00000
0.00000
0.00000
0.00000
0.00000
0.00000
0.00000
0.00000
0.00000
0.00000
0.00000
0.00000
0.00000
0.00000
0.00000
0.00000
0.00000
0.00000
0.00000
0.00000
0.00000
0.00000
0.00000
0.00000
0.00000
0.00000
0.00000
0.00000
0.00000
0.00000
0.00000
0.00000
0.00000
0.00000
0.00000
0.00000
0.00000
0.00000
0.00000
0.00000
0.00000
0.00000
