-0.00018
-0.00018
-0.00018
-0.00015
-0.00018
-0.00021
-0.00021
-0.00015
-0.00015
-0.00015
-0.00015
-0.00012
-0.00018
-0.00015
-0.00015
-0.00021
-0.00018
-0.00012
-0.00015
-0.00015
-0.00012
-0.00012
-0.00015
-0.00015
-0.00015
-0.00009
-0.00012
-0.00012
-0.00015
-0.00015
-0.00012
-0.00012
-0.00012
-0.00012
-0.00015
-0.00012
-0.00006
-0.00009
-0.00012
-0.00012
-0.00006
-0.00009
-0.00009
-0.00003
-0.00012
-0.00012
-0.00009
-0.00012
-0.00009
-0.00006
-0.00009
-0.00003
-0.00006
0.00000
-0.00006
-0.00018
0.00000
-0.00009
-0.00015
0.00000
-0.00006
-0.00009
-0.00009
-0.00006
0.00000
-0.00003
-0.00003
-0.00003
0.00000
0.00000
-0.00003
-0.00006
-0.00006
0.00000
-0.00003
-0.00006
0.00000
0.00000
-0.00006
-0.00003
-0.00003
-0.00003
-0.00003
0.00000
0.00000
0.00000
0.00000
0.00000
0.00000
0.00000
-0.00003
0.00000
0.00000
0.00000
-0.00003
0.00000
0.00006
0.00000
0.00000
0.00009
0.00012
-0.00003
0.00000
0.00009
0.00000
0.00000
0.00006
0.00006
0.00003
0.00006
0.00009
0.00009
0.00009
0.00000
0.00000
0.00009
0.00003
0.00000
0.00006
0.00009
0.00006
0.00003
0.00006
0.00006
0.00000
0.00009
0.00006
0.00006
0.00006
0.00003
0.00003
0.00006
0.00003
0.00003
0.00006
0.00012
0.00012
0.00006
0.00006
0.00012
0.00003
0.00006
0.00009
0.00009
0.00006
0.00006
0.00009
0.00009
0.00012
0.00012
0.00006
0.00009
0.00012
0.00012
0.00009
0.00015
0.00015
0.00009
0.00009
0.00009
0.00012
0.00006
0.00003
0.00015
0.00015
0.00015
0.00015
0.00015
0.00021
0.00003
0.00009
0.00000
0.00034
-0.00015
0.00046
-0.00021
0.00046
-0.00012
0.00015
0.00046
-0.00061
-0.01755
-0.12210
-0.03946
0.01108
-0.04288
0.03943
0.07538
0.04218
-0.00537
-0.03403
0.01132
0.05850
0.04294
-0.00616
0.00348
0.03384
-0.02560
-0.03668
0.00317
-0.00156
0.00253
0.00888
-0.00449
0.00632
0.00754
-0.00598
0.00119
0.02048
0.00653
-0.01511
-0.00125
0.00372
-0.00165
-0.00027
0.00153
0.00137
0.00058
0.00247
0.00537
0.00339
0.00266
0.00037
-0.00339
-0.00046
0.00162
-0.00027
0.00153
0.00357
-0.00168
-0.00464
-0.00034
0.00070
-0.00165
0.00256
0.00504
0.00052
0.00018
0.00381
0.00354
0.00195
0.00018
-0.00089
-0.00165
-0.00171
-0.00113
-0.00018
0.00177
0.00009
-0.00125
-0.00006
-0.00027
-0.00027
-0.00113
0.00037
0.00177
-0.00049
-0.00024
0.00009
-0.00073
-0.00104
-0.00098
0.00061
-0.00104
-0.00238
-0.00214
-0.00168
-0.00012
-0.00040
-0.00006
0.00116
0.00018
0.00006
0.00003
0.00052
-0.00015
-0.00092
-0.00034
-0.00131
-0.00223
-0.00229
-0.00266
-0.00156
-0.00128
-0.00067
0.00043
0.00015
0.00009
0.00034
0.00162
0.00162
0.00037
0.00031
0.00006
-0.00034
-0.00085
-0.00076
-0.00040
-0.00156
-0.00177
-0.00192
-0.00241
-0.00174
-0.00101
-0.00040
-0.00027
-0.00009
0.00015
0.00000
0.00009
0.00000
0.00000
0.00003
-0.00052
-0.00076
-0.00082
-0.00116
-0.00153
-0.00140
-0.00049
-0.00024
-0.00043
-0.00009
0.00034
0.00055
0.00049
0.00076
0.00110
0.00082
0.00040
0.00024
0.00037
0.00012
-0.00052
-0.00073
-0.00073
-0.00098
-0.00107
-0.00070
-0.00012
0.00000
0.00003
0.00031
0.00070
0.00082
0.00058
0.00031
0.00021
0.00006
0.00009
0.00009
-0.00006
-0.00024
-0.00027
-0.00015
0.00015
0.00031
0.00024
0.00012
0.00000
0.00000
0.00000
0.00000
0.00000
0.00000
0.00000
0.00000
0.00000
0.00000
0.00000
0.00000
0.00000
0.00000
0.00000
0.00000
0.00000
0.00000
0.00000
0.00000
0.00000
0.00000
0.00000
0.00000
0.00000
0.00000
0.00000
0.00000
0.00000
0.00000
0.00000
0.00000
0.00000
0.00000
0.00000
0.00000
0.00000
0.00000
0.00000
0.00000
0.00000
0.00000
0.00000
0.00000
0.00000
0.00000
0.00000
0.00000
0.00000
0.00000
0.00000
0.00000
0.00000
0.00000
0.00000
0.00000
0.00000
0.00000
0.00000
0.00000
0.00000
0.00000
0.00000
0.00000
0.00000
0.00000
0.00000
0.00000
0.00000
0.00000
0.00000
0.00000
0.00000
0.00000
0.00000
0.00000
0.00000
0.00000
0.00000
0.00000
0.00000
0.00000
0.00000
0.00000
0.00000
0.00000
0.00000
0.00000
0.00000
0.00000
0.00000
0.00000
0.00000
0.00000
0.00000
0.00000
0.00000
0.00000
0.00000
0.00000
0.00000
0.00000
0.00000
0.00000
0.00000
0.00000
0.00000
0.00000
0.00000
0.00000
0.00000
0.00000
0.00000
0.00000
0.00000
0.00000
0.00000
0.00000
0.00000
0.00000
0.00000
0.00000
0.00000
0.00000
0.00000
0.00000
0.00000
0.00000
0.00000
0.00000
0.00000
0.00000
0.00000
0.00000
0.00000
0.00000
0.00000
0.00000
0.00000
0.00000
0.00000
0.00000
0.00000
0.00000
0.00000
0.00000
0.00000
0.00000
0.00000
0.00000
0.00000
0.00000
0.00000
