-0.00012
-0.00009
-0.00006
-0.00003
-0.00006
-0.00009
-0.00009
-0.00009
-0.00012
-0.00009
-0.00006
-0.00012
-0.00012
-0.00012
-0.00003
-0.00009
-0.00012
-0.00012
-0.00012
-0.00009
-0.00018
-0.00015
-0.00018
-0.00015
-0.00015
-0.00012
-0.00012
-0.00012
-0.00012
-0.00012
-0.00012
-0.00015
-0.00015
-0.00012
-0.00015
-0.00015
-0.00012
-0.00009
-0.00012
-0.00021
-0.00015
-0.00015
-0.00009
-0.00012
-0.00018
-0.00021
-0.00021
-0.00015
-0.00009
-0.00006
-0.00009
-0.00015
-0.00024
-0.00031
-0.00031
-0.00024
-0.00018
-0.00009
-0.00018
-0.00018
-0.00015
-0.00015
-0.00015
-0.00024
-0.00021
-0.00027
-0.00040
-0.00018
-0.00018
-0.00024
-0.00009
-0.00012
-0.00015
-0.00024
-0.00027
-0.00027
-0.00021
-0.00018
-0.00021
-0.00021
-0.00024
-0.00027
-0.00024
-0.00015
-0.00018
-0.00027
-0.00037
-0.00027
-0.00021
-0.00027
-0.00027
-0.00031
-0.00027
-0.00027
-0.00021
-0.00018
-0.00021
-0.00024
-0.00034
-0.00031
-0.00018
-0.00021
-0.00021
-0.00027
-0.00034
-0.00037
-0.00034
-0.00024
-0.00031
-0.00024
-0.00024
-0.00018
-0.00027
-0.00024
-0.00021
-0.00034
-0.00027
-0.00031
-0.00034
-0.00034
-0.00034
-0.00031
-0.00027
-0.00021
-0.00021
-0.00024
-0.00027
-0.00031
-0.00037
-0.00031
-0.00031
-0.00031
-0.00027
-0.00027
-0.00031
-0.00034
-0.00037
-0.00034
-0.00034
-0.00031
-0.00027
-0.00021
-0.00018
-0.00024
-0.00027
-0.00034
-0.00034
-0.00034
-0.00037
-0.00037
-0.00031
-0.00031
-0.00031
-0.00024
-0.00031
-0.00034
-0.00037
-0.00031
-0.00031
-0.00034
-0.00031
-0.00024
-0.00021
-0.00031
-0.00031
-0.00027
-0.00031
-0.00037
-0.00037
-0.00031
-0.00027
-0.00024
-0.00024
-0.00021
-0.00031
-0.00040
-0.00034
-0.00034
-0.00037
-0.00031
-0.00031
-0.00031
-0.00031
-0.00024
-0.00034
-0.00046
-0.00003
-0.00095
0.00018
-0.00143
0.00156
-0.00272
-0.00327
-0.06726
-0.05075
-0.01758
-0.06274
0.04144
0.09274
0.07623
0.03064
-0.01257
-0.00598
-0.00925
-0.01743
-0.03284
-0.00674
0.01956
-0.00378
-0.00177
0.01855
0.00079
-0.00647
0.00549
0.00003
0.00125
0.00458
-0.00708
-0.00281
0.00693
-0.00027
-0.00735
0.00211
0.00299
-0.00317
0.00046
0.00275
0.00058
-0.00040
0.00366
0.00482
0.00415
0.00363
0.00244
-0.00128
-0.00211
-0.00220
-0.00244
-0.00009
0.00180
-0.00034
-0.00067
0.00119
0.00156
0.00064
0.00296
0.00449
0.00116
0.00046
0.00220
0.00113
-0.00070
-0.00085
-0.00031
-0.00201
-0.00241
-0.00079
-0.00067
0.00101
0.00125
-0.00015
0.00085
0.00027
-0.00037
-0.00067
0.00034
0.00070
-0.00058
0.00024
-0.00012
-0.00146
-0.00140
-0.00177
-0.00034
-0.00067
-0.00101
-0.00064
-0.00092
-0.00021
-0.00058
0.00003
0.00076
-0.00003
-0.00037
-0.00089
-0.00092
-0.00116
-0.00128
-0.00067
-0.00119
-0.00143
-0.00159
-0.00201
-0.00174
-0.00122
-0.00031
0.00061
0.00055
0.00052
0.00015
0.00018
-0.00040
-0.00143
-0.00128
-0.00085
-0.00061
-0.00079
-0.00073
-0.00076
-0.00159
-0.00171
-0.00174
-0.00214
-0.00165
-0.00085
-0.00009
0.00006
0.00003
0.00006
-0.00024
-0.00046
-0.00085
-0.00122
-0.00140
-0.00150
-0.00110
-0.00076
-0.00073
-0.00073
-0.00064
-0.00027
-0.00034
-0.00073
-0.00061
-0.00021
0.00000
0.00009
0.00034
0.00018
-0.00027
-0.00046
-0.00018
0.00000
-0.00024
-0.00089
-0.00110
-0.00098
-0.00098
-0.00082
-0.00040
0.00000
0.00006
0.00006
0.00024
0.00027
0.00006
-0.00003
-0.00003
0.00000
-0.00027
-0.00021
-0.00006
-0.00021
0.00000
0.00000
0.00000
0.00000
0.00000
0.00000
0.00000
0.00000
0.00000
0.00000
0.00000
0.00000
0.00000
0.00000
0.00000
0.00000
0.00000
0.00000
0.00000
0.00000
0.00000
0.00000
0.00000
0.00000
0.00000
0.00000
0.00000
0.00000
0.00000
0.00000
0.00000
0.00000
0.00000
0.00000
0.00000
0.00000
0.00000
0.00000
0.00000
0.00000
0.00000
0.00000
0.00000
0.00000
0.00000
0.00000
0.00000
0.00000
0.00000
0.00000
0.00000
0.00000
0.00000
0.00000
0.00000
0.00000
0.00000
0.00000
0.00000
0.00000
0.00000
0.00000
0.00000
0.00000
0.00000
0.00000
0.00000
0.00000
0.00000
0.00000
0.00000
0.00000
0.00000
0.00000
0.00000
0.00000
0.00000
0.00000
0.00000
0.00000
0.00000
0.00000
0.00000
0.00000
0.00000
0.00000
0.00000
0.00000
0.00000
0.00000
0.00000
0.00000
0.00000
0.00000
0.00000
0.00000
0.00000
0.00000
0.00000
0.00000
0.00000
0.00000
0.00000
0.00000
0.00000
0.00000
0.00000
0.00000
0.00000
0.00000
0.00000
0.00000
0.00000
0.00000
0.00000
0.00000
0.00000
0.00000
0.00000
0.00000
0.00000
0.00000
0.00000
0.00000
0.00000
0.00000
0.00000
0.00000
0.00000
0.00000
0.00000
0.00000
0.00000
0.00000
0.00000
0.00000
0.00000
0.00000
0.00000
0.00000
0.00000
0.00000
0.00000
0.00000
0.00000
0.00000
0.00000
0.00000
0.00000
