-0.00009
-0.00012
-0.00009
-0.00021
-0.00024
-0.00006
-0.00018
-0.00009
-0.00003
-0.00009
-0.00021
-0.00031
-0.00012
-0.00015
-0.00015
-0.00018
-0.00003
-0.00006
-0.00009
-0.00015
-0.00015
-0.00012
-0.00018
-0.00024
-0.00024
-0.00012
-0.00021
-0.00009
-0.00015
-0.00012
-0.00009
-0.00018
-0.00021
-0.00027
-0.00021
-0.00021
-0.00021
-0.00009
-0.00018
-0.00018
-0.00012
-0.00018
-0.00027
-0.00018
-0.00024
-0.00027
-0.00027
-0.00031
-0.00015
-0.00018
-0.00012
-0.00012
-0.00018
-0.00018
-0.00031
-0.00027
-0.00031
-0.00037
-0.00021
-0.00018
-0.00031
0.00000
-0.00040
-0.00021
-0.00015
-0.00037
-0.00024
-0.00027
-0.00009
-0.00018
-0.00018
-0.00018
-0.00024
-0.00031
-0.00018
-0.00021
-0.00027
-0.00024
-0.00018
-0.00024
-0.00027
-0.00012
-0.00040
-0.00040
-0.00034
-0.00040
-0.00031
-0.00018
-0.00003
-0.00024
-0.00012
-0.00015
-0.00040
-0.00031
-0.00031
-0.00040
-0.00024
-0.00031
-0.00037
-0.00031
-0.00018
-0.00031
-0.00037
-0.00018
-0.00015
-0.00024
-0.00049
-0.00021
-0.00031
-0.00046
-0.00034
-0.00024
-0.00018
-0.00027
-0.00024
-0.00021
-0.00043
-0.00052
-0.00043
-0.00037
-0.00027
-0.00027
-0.00034
-0.00021
-0.00018
-0.00027
-0.00027
-0.00031
-0.00037
-0.00049
-0.00031
-0.00024
-0.00024
-0.00027
-0.00034
-0.00034
-0.00043
-0.00034
-0.00027
-0.00027
-0.00027
-0.00018
-0.00034
-0.00040
-0.00024
-0.00037
-0.00031
-0.00034
-0.00034
-0.00040
-0.00046
-0.00027
-0.00027
-0.00024
-0.00034
-0.00031
-0.00037
-0.00040
-0.00027
-0.00027
-0.00021
-0.00027
-0.00037
-0.00040
-0.00046
-0.00031
-0.00043
-0.00031
-0.00024
-0.00037
-0.00024
-0.00024
-0.00024
-0.00027
-0.00052
-0.00034
-0.00049
-0.00003
-0.00079
0.00031
-0.00073
-0.00012
0.00006
-0.00162
0.00235
-0.00534
-0.02103
-0.17966
-0.01904
-0.06076
-0.06339
0.20184
0.16748
0.12418
-0.05676
-0.03134
-0.01782
-0.03345
-0.04694
-0.04385
0.03448
0.03113
-0.01886
0.00977
0.03714
-0.01840
-0.01196
0.01547
0.00040
0.00348
-0.00076
-0.00595
0.00970
0.01358
-0.00705
-0.01913
0.00769
-0.00095
-0.01013
0.00058
0.00739
-0.00146
-0.00125
0.01352
0.00967
0.00165
0.00134
0.00180
-0.00751
-0.00378
-0.00452
-0.00424
-0.00055
0.00229
-0.00290
-0.00067
0.00287
0.00174
0.00000
0.00925
0.00824
-0.00122
-0.00037
0.00208
-0.00015
-0.00275
-0.00116
0.00110
-0.00455
-0.00345
0.00046
-0.00009
0.00159
-0.00131
0.00024
0.00098
-0.00021
0.00012
-0.00223
0.00333
0.00116
-0.00201
0.00064
-0.00082
-0.00317
-0.00385
-0.00220
0.00070
-0.00296
-0.00101
-0.00125
-0.00024
0.00131
0.00000
0.00214
0.00201
-0.00058
-0.00134
-0.00223
-0.00119
-0.00262
-0.00162
-0.00043
-0.00217
-0.00195
-0.00259
-0.00266
-0.00153
-0.00085
0.00119
0.00220
0.00153
0.00137
0.00027
0.00101
-0.00125
-0.00198
-0.00134
-0.00165
-0.00174
-0.00174
-0.00027
-0.00031
-0.00183
-0.00134
-0.00201
-0.00284
-0.00226
-0.00085
0.00064
0.00082
0.00156
0.00119
-0.00040
-0.00122
-0.00177
-0.00168
-0.00192
-0.00217
-0.00143
-0.00101
-0.00064
-0.00076
-0.00046
0.00034
-0.00037
-0.00049
0.00031
0.00061
0.00034
0.00021
0.00073
0.00058
-0.00012
-0.00049
-0.00064
-0.00064
-0.00092
-0.00128
-0.00082
-0.00079
-0.00116
-0.00085
0.00000
0.00052
0.00015
0.00027
0.00064
0.00058
0.00031
0.00009
0.00003
-0.00034
-0.00082
-0.00085
-0.00070
-0.00055
-0.00027
-0.00003
0.00046
0.00006
0.00000
0.00000
0.00000
0.00000
0.00000
0.00000
0.00000
0.00000
0.00000
0.00000
0.00000
0.00000
0.00000
0.00000
0.00000
0.00000
0.00000
0.00000
0.00000
0.00000
0.00000
0.00000
0.00000
0.00000
0.00000
0.00000
0.00000
0.00000
0.00000
0.00000
0.00000
0.00000
0.00000
0.00000
0.00000
0.00000
0.00000
0.00000
0.00000
0.00000
0.00000
0.00000
0.00000
0.00000
0.00000
0.00000
0.00000
0.00000
0.00000
0.00000
0.00000
0.00000
0.00000
0.00000
0.00000
0.00000
0.00000
0.00000
0.00000
0.00000
0.00000
0.00000
0.00000
0.00000
0.00000
0.00000
0.00000
0.00000
0.00000
0.00000
0.00000
0.00000
0.00000
0.00000
0.00000
0.00000
0.00000
0.00000
0.00000
0.00000
0.00000
0.00000
0.00000
0.00000
0.00000
0.00000
0.00000
0.00000
0.00000
0.00000
0.00000
0.00000
0.00000
0.00000
0.00000
0.00000
0.00000
0.00000
0.00000
0.00000
0.00000
0.00000
0.00000
0.00000
0.00000
0.00000
0.00000
0.00000
0.00000
0.00000
0.00000
0.00000
0.00000
0.00000
0.00000
0.00000
0.00000
0.00000
0.00000
0.00000
0.00000
0.00000
0.00000
0.00000
0.00000
0.00000
0.00000
0.00000
0.00000
0.00000
0.00000
0.00000
0.00000
0.00000
0.00000
0.00000
0.00000
0.00000
0.00000
0.00000
0.00000
0.00000
0.00000
0.00000
0.00000
0.00000
0.00000
0.00000
0.00000
0.00000
0.00000
