0.00003
0.00006
0.00006
0.00006
0.00021
0.00018
0.00018
0.00015
0.00015
0.00018
0.00024
0.00034
0.00018
0.00006
0.00000
0.00003
0.00003
0.00006
0.00012
0.00018
0.00024
0.00021
0.00018
0.00012
0.00006
0.00003
0.00009
0.00000
0.00003
0.00018
0.00018
0.00027
0.00024
0.00024
0.00009
0.00000
0.00003
-0.00006
-0.00006
0.00000
0.00003
0.00003
0.00012
0.00015
0.00009
0.00006
0.00000
0.00009
0.00009
0.00009
0.00000
-0.00006
-0.00012
-0.00009
-0.00003
0.00000
0.00000
0.00012
0.00009
-0.00012
0.00024
-0.00003
0.00003
0.00012
0.00006
0.00003
-0.00015
0.00003
0.00000
-0.00012
-0.00006
0.00006
0.00000
0.00006
0.00021
0.00009
0.00000
0.00000
-0.00006
-0.00027
-0.00015
-0.00015
-0.00006
0.00003
0.00003
0.00006
0.00006
0.00024
0.00012
0.00006
0.00000
-0.00021
-0.00034
-0.00031
-0.00018
0.00000
0.00000
0.00009
0.00003
0.00006
-0.00003
-0.00024
-0.00024
-0.00009
-0.00009
-0.00024
0.00009
0.00012
0.00000
0.00003
0.00000
-0.00012
-0.00027
-0.00015
-0.00009
-0.00009
0.00000
-0.00003
0.00000
0.00000
-0.00009
-0.00015
-0.00009
-0.00009
-0.00018
-0.00012
0.00000
0.00003
-0.00003
0.00003
-0.00009
-0.00034
-0.00031
-0.00021
-0.00009
-0.00003
0.00000
-0.00003
-0.00003
-0.00009
-0.00021
-0.00031
-0.00015
-0.00012
-0.00034
-0.00021
-0.00024
-0.00024
-0.00018
-0.00012
0.00003
0.00003
0.00000
-0.00018
-0.00018
-0.00027
-0.00034
-0.00021
-0.00015
-0.00012
-0.00018
-0.00021
-0.00018
-0.00024
-0.00009
-0.00015
-0.00003
-0.00015
-0.00034
-0.00018
-0.00015
-0.00021
-0.00018
-0.00037
-0.00018
-0.00043
0.00006
-0.00058
0.00040
-0.00046
-0.00018
0.00040
-0.00189
0.00290
-0.00613
-0.01862
-0.19019
-0.03543
-0.05231
-0.06171
0.20151
0.20139
0.12686
-0.07327
-0.02887
-0.02856
-0.04318
-0.04306
-0.03687
0.03448
0.03976
-0.01776
0.00430
0.04184
-0.02005
-0.02203
0.01947
0.00507
-0.00455
0.00275
0.00012
0.00488
0.01498
-0.00406
-0.02347
0.00742
0.00131
-0.01410
0.00009
0.01193
-0.00305
-0.00266
0.01617
0.01126
0.00040
0.00140
0.00217
-0.00943
-0.00497
-0.00378
-0.00424
-0.00156
0.00317
-0.00272
-0.00156
0.00305
0.00128
-0.00256
0.00909
0.00958
-0.00070
0.00043
0.00320
-0.00098
-0.00375
-0.00064
0.00070
-0.00485
-0.00439
-0.00079
-0.00003
0.00220
-0.00061
0.00024
0.00104
-0.00076
-0.00027
-0.00259
0.00244
0.00128
-0.00177
0.00031
-0.00070
-0.00339
-0.00433
-0.00241
0.00070
-0.00320
-0.00095
-0.00122
-0.00089
0.00098
0.00012
0.00156
0.00162
-0.00052
-0.00159
-0.00262
-0.00122
-0.00290
-0.00195
-0.00052
-0.00247
-0.00247
-0.00290
-0.00311
-0.00204
-0.00064
0.00128
0.00195
0.00156
0.00131
0.00006
0.00082
-0.00162
-0.00269
-0.00189
-0.00171
-0.00189
-0.00174
-0.00012
-0.00043
-0.00217
-0.00162
-0.00223
-0.00330
-0.00269
-0.00089
0.00049
0.00043
0.00128
0.00107
-0.00037
-0.00131
-0.00204
-0.00192
-0.00204
-0.00244
-0.00204
-0.00171
-0.00125
-0.00095
-0.00024
0.00061
-0.00034
-0.00098
-0.00034
0.00024
0.00015
0.00003
0.00061
0.00034
-0.00046
-0.00073
-0.00082
-0.00095
-0.00125
-0.00150
-0.00101
-0.00089
-0.00128
-0.00125
-0.00037
0.00034
0.00027
0.00027
0.00031
0.00015
-0.00006
-0.00024
-0.00024
-0.00049
-0.00113
-0.00107
-0.00089
-0.00098
-0.00079
-0.00037
0.00000
0.00027
0.00000
0.00000
0.00000
0.00000
0.00000
0.00000
0.00000
0.00000
0.00000
0.00000
0.00000
0.00000
0.00000
0.00000
0.00000
0.00000
0.00000
0.00000
0.00000
0.00000
0.00000
0.00000
0.00000
0.00000
0.00000
0.00000
0.00000
0.00000
0.00000
0.00000
0.00000
0.00000
0.00000
0.00000
0.00000
0.00000
0.00000
0.00000
0.00000
0.00000
0.00000
0.00000
0.00000
0.00000
0.00000
0.00000
0.00000
0.00000
0.00000
0.00000
0.00000
0.00000
0.00000
0.00000
0.00000
0.00000
0.00000
0.00000
0.00000
0.00000
0.00000
0.00000
0.00000
0.00000
0.00000
0.00000
0.00000
0.00000
0.00000
0.00000
0.00000
0.00000
0.00000
0.00000
0.00000
0.00000
0.00000
0.00000
0.00000
0.00000
0.00000
0.00000
0.00000
0.00000
0.00000
0.00000
0.00000
0.00000
0.00000
0.00000
0.00000
0.00000
0.00000
0.00000
0.00000
0.00000
0.00000
0.00000
0.00000
0.00000
0.00000
0.00000
0.00000
0.00000
0.00000
0.00000
0.00000
0.00000
0.00000
0.00000
0.00000
0.00000
0.00000
0.00000
0.00000
0.00000
0.00000
0.00000
0.00000
0.00000
0.00000
0.00000
0.00000
0.00000
0.00000
0.00000
0.00000
0.00000
0.00000
0.00000
0.00000
0.00000
0.00000
0.00000
0.00000
0.00000
0.00000
0.00000
0.00000
0.00000
0.00000
0.00000
0.00000
0.00000
0.00000
0.00000
0.00000
0.00000
0.00000
0.00000
0.00000
0.00000
