0.00015
0.00015
0.00018
0.00018
0.00012
0.00012
0.00015
0.00009
0.00015
0.00018
0.00018
0.00015
0.00015
0.00018
0.00018
0.00018
0.00018
0.00021
0.00015
0.00015
0.00015
0.00015
0.00015
0.00015
0.00012
0.00018
0.00018
0.00015
0.00021
0.00024
0.00018
0.00015
0.00018
0.00018
0.00018
0.00018
0.00018
0.00021
0.00024
0.00018
0.00018
0.00018
0.00015
0.00012
0.00018
0.00024
0.00021
0.00024
0.00024
0.00018
0.00018
0.00018
0.00018
0.00021
0.00018
0.00021
0.00024
0.00018
0.00018
0.00018
0.00021
0.00018
0.00021
0.00024
0.00018
0.00021
0.00021
0.00018
0.00021
0.00018
0.00018
0.00024
0.00018
0.00021
0.00021
0.00015
0.00018
0.00021
0.00024
0.00021
0.00024
0.00024
0.00018
0.00021
0.00018
0.00018
0.00021
0.00021
0.00021
0.00024
0.00021
0.00021
0.00024
0.00021
0.00021
0.00027
0.00024
0.00021
0.00018
0.00018
0.00021
0.00018
0.00018
0.00021
0.00021
0.00018
0.00021
0.00024
0.00021
0.00021
0.00021
0.00021
0.00018
0.00018
0.00021
0.00021
0.00024
0.00018
0.00021
0.00021
0.00018
0.00018
0.00021
0.00018
0.00009
0.00018
0.00021
0.00015
0.00015
0.00018
0.00018
0.00018
0.00018
0.00018
0.00018
0.00015
0.00015
0.00018
0.00015
0.00009
0.00015
0.00018
0.00015
0.00012
0.00015
0.00018
0.00015
0.00012
0.00018
0.00015
0.00009
0.00012
0.00018
0.00018
0.00012
0.00015
0.00018
0.00015
0.00012
0.00018
0.00018
0.00015
0.00009
0.00012
0.00015
0.00015
0.00015
0.00015
0.00015
0.00006
0.00006
0.00009
0.00009
0.00015
0.00015
0.00018
0.00009
0.00006
0.00003
0.00003
0.00021
0.00000
0.00009
0.00000
0.00006
0.00015
0.00000
0.00009
0.00015
0.00012
0.00006
0.00009
0.00000
0.00006
0.00006
0.00003
0.00003
-0.00003
-0.00009
-0.00009
-0.00012
-0.00012
0.00021
0.00049
-0.00021
-0.00369
-0.01843
-0.02798
-0.02310
-0.02341
-0.01413
0.01273
0.02573
0.02890
0.02084
0.00818
0.00409
-0.00153
-0.00867
-0.00934
-0.00208
-0.00043
-0.00110
0.00256
0.00439
0.00409
0.00598
0.00473
0.00272
0.00351
0.00119
-0.00116
0.00085
0.00146
0.00092
0.00177
0.00214
0.00064
-0.00021
-0.00031
-0.00024
0.00061
0.00174
0.00278
0.00290
0.00311
0.00204
0.00150
0.00079
-0.00061
-0.00137
-0.00089
0.00009
0.00003
0.00027
0.00027
0.00085
0.00113
0.00052
0.00110
0.00177
0.00201
0.00159
0.00092
0.00055
0.00024
0.00015
-0.00009
0.00000
-0.00012
-0.00040
-0.00012
-0.00006
-0.00027
-0.00027
0.00031
0.00052
0.00000
-0.00018
0.00000
0.00015
-0.00009
-0.00034
-0.00049
-0.00079
-0.00131
-0.00131
-0.00067
-0.00055
-0.00079
-0.00076
-0.00043
-0.00027
-0.00058
-0.00055
-0.00027
-0.00018
-0.00043
-0.00070
-0.00076
-0.00067
-0.00070
-0.00092
-0.00146
-0.00174
-0.00159
-0.00125
-0.00116
-0.00113
-0.00079
-0.00049
-0.00040
-0.00024
-0.00009
-0.00009
-0.00037
-0.00052
-0.00067
-0.00101
-0.00110
-0.00089
-0.00064
-0.00079
-0.00104
-0.00107
-0.00143
-0.00186
-0.00168
-0.00095
-0.00049
-0.00061
-0.00067
-0.00043
-0.00049
-0.00079
-0.00076
-0.00055
-0.00076
-0.00119
-0.00119
-0.00119
-0.00131
-0.00119
-0.00076
-0.00064
-0.00076
-0.00061
-0.00043
-0.00052
-0.00061
-0.00046
-0.00015
-0.00009
-0.00027
-0.00034
-0.00031
-0.00040
-0.00061
-0.00064
-0.00064
-0.00085
-0.00092
-0.00070
-0.00031
-0.00027
-0.00037
-0.00037
-0.00055
0.00000
0.00000
0.00000
0.00000
0.00000
0.00000
0.00000
0.00000
0.00000
0.00000
0.00000
0.00000
0.00000
0.00000
0.00000
0.00000
0.00000
0.00000
0.00000
0.00000
0.00000
0.00000
0.00000
0.00000
0.00000
0.00000
0.00000
0.00000
0.00000
0.00000
0.00000
0.00000
0.00000
0.00000
0.00000
0.00000
0.00000
0.00000
0.00000
0.00000
0.00000
0.00000
0.00000
0.00000
0.00000
0.00000
0.00000
0.00000
0.00000
0.00000
0.00000
0.00000
0.00000
0.00000
0.00000
0.00000
0.00000
0.00000
0.00000
0.00000
0.00000
0.00000
0.00000
0.00000
0.00000
0.00000
0.00000
0.00000
0.00000
0.00000
0.00000
0.00000
0.00000
0.00000
0.00000
0.00000
0.00000
0.00000
0.00000
0.00000
0.00000
0.00000
0.00000
0.00000
0.00000
0.00000
0.00000
0.00000
0.00000
0.00000
0.00000
0.00000
0.00000
0.00000
0.00000
0.00000
0.00000
0.00000
0.00000
0.00000
0.00000
0.00000
0.00000
0.00000
0.00000
0.00000
0.00000
0.00000
0.00000
0.00000
0.00000
0.00000
0.00000
0.00000
0.00000
0.00000
0.00000
0.00000
0.00000
0.00000
0.00000
0.00000
0.00000
0.00000
0.00000
0.00000
0.00000
0.00000
0.00000
0.00000
0.00000
0.00000
0.00000
0.00000
0.00000
0.00000
0.00000
0.00000
0.00000
0.00000
0.00000
0.00000
0.00000
0.00000
