-0.00018
-0.00021
-0.00027
-0.00031
-0.00031
-0.00031
-0.00031
-0.00031
-0.00031
-0.00031
-0.00024
-0.00024
-0.00024
-0.00024
-0.00027
-0.00037
-0.00034
-0.00031
-0.00031
-0.00024
-0.00024
-0.00027
-0.00037
-0.00034
-0.00034
-0.00034
-0.00031
-0.00027
-0.00031
-0.00031
-0.00031
-0.00027
-0.00027
-0.00031
-0.00034
-0.00034
-0.00037
-0.00037
-0.00034
-0.00031
-0.00027
-0.00027
-0.00027
-0.00031
-0.00034
-0.00037
-0.00031
-0.00031
-0.00027
-0.00034
-0.00040
-0.00040
-0.00040
-0.00037
-0.00034
-0.00027
-0.00027
-0.00037
-0.00040
-0.00046
-0.00046
-0.00037
-0.00031
-0.00034
-0.00031
-0.00031
-0.00037
-0.00043
-0.00037
-0.00040
-0.00043
-0.00040
-0.00034
-0.00037
-0.00037
-0.00034
-0.00040
-0.00040
-0.00043
-0.00043
-0.00034
-0.00037
-0.00043
-0.00043
-0.00037
-0.00034
-0.00040
-0.00037
-0.00031
-0.00034
-0.00037
-0.00034
-0.00037
-0.00043
-0.00043
-0.00034
-0.00040
-0.00040
-0.00034
-0.00037
-0.00037
-0.00037
-0.00040
-0.00037
-0.00034
-0.00037
-0.00040
-0.00037
-0.00040
-0.00040
-0.00034
-0.00037
-0.00034
-0.00037
-0.00040
-0.00037
-0.00040
-0.00043
-0.00037
-0.00031
-0.00034
-0.00037
-0.00040
-0.00040
-0.00043
-0.00040
-0.00034
-0.00037
-0.00034
-0.00037
-0.00040
-0.00040
-0.00037
-0.00031
-0.00034
-0.00040
-0.00040
-0.00043
-0.00040
-0.00040
-0.00040
-0.00034
-0.00034
-0.00040
-0.00040
-0.00037
-0.00034
-0.00040
-0.00040
-0.00034
-0.00034
-0.00037
-0.00040
-0.00037
-0.00040
-0.00043
-0.00043
-0.00040
-0.00040
-0.00037
-0.00034
-0.00031
-0.00031
-0.00037
-0.00034
-0.00031
-0.00037
-0.00040
-0.00037
-0.00037
-0.00040
-0.00037
-0.00037
-0.00034
-0.00027
-0.00034
-0.00037
-0.00034
-0.00034
-0.00034
-0.00040
-0.00040
-0.00031
-0.00037
-0.00037
-0.00031
-0.00021
-0.00027
-0.00031
-0.00027
-0.00024
-0.00027
-0.00049
-0.00024
-0.00043
-0.00027
-0.00073
0.00003
-0.00049
-0.00037
-0.01492
-0.03140
-0.01859
-0.03030
-0.01956
0.02103
0.03256
0.03531
0.01733
0.00574
0.00409
-0.00531
-0.01584
-0.01740
-0.00473
-0.00156
-0.00253
0.00522
0.00616
0.00204
0.00320
0.00259
0.00232
0.00427
-0.00015
-0.00244
0.00241
0.00446
0.00214
0.00116
0.00217
0.00079
-0.00076
-0.00146
-0.00058
-0.00012
0.00076
0.00296
0.00366
0.00363
0.00323
0.00165
0.00009
0.00040
-0.00134
-0.00122
0.00128
0.00055
0.00027
0.00146
0.00064
-0.00089
0.00037
0.00122
0.00073
0.00156
0.00137
0.00085
0.00165
0.00079
-0.00018
0.00024
-0.00040
-0.00079
-0.00018
0.00000
0.00018
0.00043
0.00073
0.00018
0.00006
0.00012
-0.00012
0.00070
0.00061
0.00024
0.00027
-0.00034
-0.00076
-0.00116
-0.00107
-0.00076
-0.00089
-0.00061
-0.00064
-0.00031
-0.00009
-0.00040
0.00003
0.00006
-0.00006
-0.00006
-0.00015
-0.00015
-0.00046
-0.00067
-0.00104
-0.00150
-0.00140
-0.00140
-0.00113
-0.00082
-0.00070
-0.00037
-0.00021
-0.00012
-0.00012
-0.00003
0.00021
0.00015
0.00000
-0.00037
-0.00092
-0.00119
-0.00110
-0.00076
-0.00082
-0.00101
-0.00089
-0.00104
-0.00107
-0.00085
-0.00052
-0.00024
-0.00018
0.00000
0.00018
0.00000
-0.00052
-0.00089
-0.00070
-0.00070
-0.00098
-0.00110
-0.00095
-0.00082
-0.00079
-0.00040
0.00003
-0.00009
-0.00031
-0.00031
-0.00024
-0.00027
-0.00018
0.00012
0.00027
0.00012
-0.00003
-0.00009
-0.00027
-0.00055
-0.00064
-0.00052
-0.00046
-0.00046
-0.00034
-0.00003
0.00015
0.00021
0.00021
0.00021
0.00012
0.00000
0.00012
0.00009
0.00000
0.00000
0.00000
0.00000
0.00000
0.00000
0.00000
0.00000
0.00000
0.00000
0.00000
0.00000
0.00000
0.00000
0.00000
0.00000
0.00000
0.00000
0.00000
0.00000
0.00000
0.00000
0.00000
0.00000
0.00000
0.00000
0.00000
0.00000
0.00000
0.00000
0.00000
0.00000
0.00000
0.00000
0.00000
0.00000
0.00000
0.00000
0.00000
0.00000
0.00000
0.00000
0.00000
0.00000
0.00000
0.00000
0.00000
0.00000
0.00000
0.00000
0.00000
0.00000
0.00000
0.00000
0.00000
0.00000
0.00000
0.00000
0.00000
0.00000
0.00000
0.00000
0.00000
0.00000
0.00000
0.00000
0.00000
0.00000
0.00000
0.00000
0.00000
0.00000
0.00000
0.00000
0.00000
0.00000
0.00000
0.00000
0.00000
0.00000
0.00000
0.00000
0.00000
0.00000
0.00000
0.00000
0.00000
0.00000
0.00000
0.00000
0.00000
0.00000
0.00000
0.00000
0.00000
0.00000
0.00000
0.00000
0.00000
0.00000
0.00000
0.00000
0.00000
0.00000
0.00000
0.00000
0.00000
0.00000
0.00000
0.00000
0.00000
0.00000
0.00000
0.00000
0.00000
0.00000
0.00000
0.00000
0.00000
0.00000
0.00000
0.00000
0.00000
0.00000
0.00000
0.00000
0.00000
0.00000
0.00000
0.00000
0.00000
0.00000
0.00000
0.00000
0.00000
0.00000
0.00000
0.00000
0.00000
0.00000
0.00000
0.00000
0.00000
0.00000
0.00000
0.00000
