0.00006
0.00000
0.00006
0.00009
0.00003
0.00006
0.00012
0.00003
0.00009
0.00018
0.00009
0.00006
0.00012
0.00015
0.00009
0.00021
0.00018
0.00018
0.00012
0.00012
0.00000
0.00000
0.00003
0.00006
0.00006
0.00015
0.00021
0.00012
0.00009
0.00009
0.00003
0.00009
0.00018
0.00021
0.00015
0.00006
0.00000
0.00000
0.00000
-0.00003
0.00015
0.00027
0.00024
0.00018
0.00018
0.00024
0.00012
0.00015
0.00024
0.00024
0.00012
0.00012
0.00018
0.00018
0.00012
0.00037
0.00018
0.00003
0.00024
0.00000
0.00006
0.00031
0.00034
0.00003
0.00027
0.00040
0.00024
0.00012
0.00018
0.00006
-0.00003
0.00018
0.00024
0.00021
0.00027
0.00034
0.00015
0.00009
0.00024
0.00012
0.00015
0.00027
0.00027
0.00015
0.00024
0.00031
0.00018
0.00024
0.00037
0.00031
0.00037
0.00040
0.00027
0.00012
0.00003
0.00000
0.00012
0.00034
0.00034
0.00034
0.00034
0.00034
0.00021
0.00006
0.00024
0.00034
0.00015
0.00024
0.00055
0.00040
0.00018
0.00034
0.00021
0.00000
0.00006
0.00015
0.00018
0.00034
0.00034
0.00021
0.00027
0.00018
0.00006
0.00018
0.00031
0.00024
0.00024
0.00037
0.00024
0.00018
0.00024
0.00027
0.00015
0.00018
0.00021
0.00015
0.00018
0.00024
0.00027
0.00015
0.00021
0.00037
0.00031
0.00031
0.00034
0.00037
0.00021
0.00012
0.00012
0.00009
0.00015
0.00015
0.00027
0.00040
0.00027
0.00018
0.00015
0.00012
0.00000
0.00012
0.00024
0.00018
0.00021
0.00024
0.00027
0.00021
0.00018
0.00015
0.00018
0.00012
0.00009
0.00003
0.00034
0.00006
0.00070
-0.00046
0.00153
-0.00143
0.00232
-0.00281
0.00403
-0.00500
0.00647
-0.06622
-0.20233
-0.05640
-0.04150
0.01843
0.20905
0.28317
0.04047
-0.07391
-0.03027
-0.06720
-0.04959
-0.04147
-0.02405
0.03369
0.06418
-0.01660
0.01611
0.05008
-0.02612
-0.02527
0.02884
-0.01196
-0.02515
0.01520
0.00360
-0.00018
0.02997
-0.00711
-0.02368
0.01334
-0.00098
-0.02042
0.00427
0.01242
-0.01062
0.00690
0.02142
0.01035
0.00156
0.00739
-0.00275
-0.01138
-0.00787
-0.00391
-0.00378
0.00095
0.00394
-0.00217
-0.00192
0.00443
0.00101
-0.00146
0.00995
0.00830
-0.00345
-0.00009
0.00595
-0.00177
-0.00400
0.00287
0.00018
-0.00626
-0.00177
-0.00015
-0.00095
0.00278
0.00174
-0.00006
0.00055
0.00089
-0.00253
-0.00031
0.00348
0.00021
-0.00186
0.00012
-0.00159
-0.00418
-0.00327
0.00000
0.00009
-0.00183
-0.00104
-0.00107
-0.00027
0.00024
0.00134
0.00217
0.00211
0.00009
-0.00128
-0.00143
-0.00128
-0.00278
-0.00159
-0.00134
-0.00284
-0.00351
-0.00241
-0.00232
-0.00092
0.00113
0.00281
0.00266
0.00198
0.00076
0.00067
0.00085
-0.00116
-0.00250
-0.00198
-0.00156
-0.00220
-0.00122
0.00064
-0.00003
-0.00195
-0.00186
-0.00232
-0.00330
-0.00220
0.00027
0.00122
0.00150
0.00186
0.00079
-0.00073
-0.00143
-0.00183
-0.00204
-0.00180
-0.00171
-0.00134
-0.00073
-0.00064
-0.00085
-0.00021
0.00046
-0.00015
-0.00049
0.00027
0.00073
0.00040
0.00055
0.00107
0.00079
-0.00012
-0.00052
-0.00055
-0.00073
-0.00122
-0.00150
-0.00119
-0.00092
-0.00092
-0.00046
0.00043
0.00070
0.00021
0.00034
0.00089
0.00070
0.00015
-0.00003
-0.00024
-0.00076
-0.00095
-0.00070
-0.00067
-0.00061
-0.00024
0.00009
0.00027
0.00024
0.00031
-0.00012
0.00000
0.00000
0.00000
0.00000
0.00000
0.00000
0.00000
0.00000
0.00000
0.00000
0.00000
0.00000
0.00000
0.00000
0.00000
0.00000
0.00000
0.00000
0.00000
0.00000
0.00000
0.00000
0.00000
0.00000
0.00000
0.00000
0.00000
0.00000
0.00000
0.00000
0.00000
0.00000
0.00000
0.00000
0.00000
0.00000
0.00000
0.00000
0.00000
0.00000
0.00000
0.00000
0.00000
0.00000
0.00000
0.00000
0.00000
0.00000
0.00000
0.00000
0.00000
0.00000
0.00000
0.00000
0.00000
0.00000
0.00000
0.00000
0.00000
0.00000
0.00000
0.00000
0.00000
0.00000
0.00000
0.00000
0.00000
0.00000
0.00000
0.00000
0.00000
0.00000
0.00000
0.00000
0.00000
0.00000
0.00000
0.00000
0.00000
0.00000
0.00000
0.00000
0.00000
0.00000
0.00000
0.00000
0.00000
0.00000
0.00000
0.00000
0.00000
0.00000
0.00000
0.00000
0.00000
0.00000
0.00000
0.00000
0.00000
0.00000
0.00000
0.00000
0.00000
0.00000
0.00000
0.00000
0.00000
0.00000
0.00000
0.00000
0.00000
0.00000
0.00000
0.00000
0.00000
0.00000
0.00000
0.00000
0.00000
0.00000
0.00000
0.00000
0.00000
0.00000
0.00000
0.00000
0.00000
0.00000
0.00000
0.00000
0.00000
0.00000
0.00000
0.00000
0.00000
0.00000
0.00000
0.00000
0.00000
0.00000
0.00000
0.00000
0.00000
0.00000
0.00000
0.00000
0.00000
0.00000
0.00000
0.00000
0.00000
0.00000
