0.00021
0.00027
0.00021
0.00027
0.00037
0.00037
0.00024
0.00024
0.00018
0.00009
0.00015
0.00021
0.00021
0.00027
0.00037
0.00027
0.00024
0.00024
0.00027
0.00024
0.00037
0.00040
0.00027
0.00031
0.00024
0.00012
0.00021
0.00031
0.00027
0.00027
0.00040
0.00040
0.00031
0.00027
0.00024
0.00021
0.00024
0.00027
0.00031
0.00027
0.00027
0.00027
0.00024
0.00024
0.00037
0.00037
0.00027
0.00031
0.00031
0.00018
0.00027
0.00034
0.00031
0.00027
0.00049
0.00024
0.00021
0.00043
0.00021
0.00021
0.00049
0.00034
0.00006
0.00031
0.00031
0.00021
0.00031
0.00037
0.00024
0.00024
0.00027
0.00021
0.00018
0.00027
0.00031
0.00018
0.00027
0.00040
0.00024
0.00021
0.00034
0.00024
0.00009
0.00031
0.00037
0.00015
0.00021
0.00031
0.00021
0.00015
0.00027
0.00018
0.00009
0.00021
0.00031
0.00031
0.00037
0.00040
0.00018
0.00018
0.00031
0.00006
0.00006
0.00034
0.00024
0.00009
0.00031
0.00037
0.00015
0.00034
0.00037
0.00015
0.00018
0.00021
0.00009
0.00018
0.00027
0.00021
0.00027
0.00034
0.00027
0.00012
0.00009
0.00015
0.00015
0.00012
0.00024
0.00027
0.00027
0.00027
0.00021
0.00015
0.00015
0.00009
0.00009
0.00021
0.00021
0.00018
0.00015
0.00021
0.00021
0.00024
0.00021
0.00024
0.00024
0.00009
0.00009
0.00015
0.00021
0.00018
0.00021
0.00031
0.00027
0.00015
0.00009
0.00012
0.00015
0.00006
0.00012
0.00018
0.00012
0.00012
0.00018
0.00021
0.00009
0.00000
0.00003
0.00015
0.00012
0.00018
0.00012
0.00024
0.00000
0.00049
-0.00052
0.00128
-0.00153
0.00256
-0.00342
0.00531
-0.00742
0.00900
-0.10153
-0.19803
-0.04675
-0.02704
0.03864
0.24396
0.26407
-0.00977
-0.05508
-0.03836
-0.07611
-0.04028
-0.03006
-0.02942
0.04907
0.05185
-0.03043
0.02887
0.04837
-0.02975
-0.01022
0.03262
-0.02734
-0.02014
0.02115
-0.00928
0.00287
0.03159
-0.01700
-0.01709
0.01862
-0.00769
-0.01883
0.01221
0.00638
-0.01147
0.01276
0.01971
0.00616
0.00366
0.00781
-0.00549
-0.01089
-0.00757
-0.00391
-0.00421
0.00238
0.00314
-0.00290
-0.00092
0.00528
-0.00052
0.00009
0.01117
0.00629
-0.00510
0.00092
0.00488
-0.00351
-0.00287
0.00287
-0.00183
-0.00565
-0.00092
-0.00027
-0.00049
0.00302
0.00131
-0.00052
0.00058
0.00031
-0.00314
-0.00012
0.00323
-0.00018
-0.00195
0.00046
-0.00211
-0.00455
-0.00299
0.00027
-0.00076
-0.00174
-0.00125
-0.00134
-0.00027
0.00049
0.00095
0.00189
0.00174
-0.00031
-0.00153
-0.00101
-0.00168
-0.00299
-0.00146
-0.00156
-0.00330
-0.00378
-0.00308
-0.00281
-0.00079
0.00146
0.00293
0.00272
0.00195
0.00046
0.00070
0.00040
-0.00146
-0.00253
-0.00198
-0.00186
-0.00241
-0.00110
0.00049
-0.00043
-0.00195
-0.00201
-0.00269
-0.00351
-0.00189
0.00049
0.00098
0.00137
0.00165
0.00037
-0.00116
-0.00165
-0.00198
-0.00204
-0.00171
-0.00177
-0.00162
-0.00116
-0.00089
-0.00076
0.00018
0.00064
-0.00027
-0.00055
0.00024
0.00046
-0.00003
0.00040
0.00098
0.00052
-0.00024
-0.00067
-0.00076
-0.00095
-0.00146
-0.00165
-0.00122
-0.00092
-0.00104
-0.00052
0.00043
0.00052
0.00006
0.00021
0.00076
0.00064
0.00009
-0.00031
-0.00061
-0.00107
-0.00113
-0.00064
-0.00049
-0.00058
-0.00031
0.00012
0.00027
0.00027
0.00027
0.00027
-0.00046
0.00000
0.00000
0.00000
0.00000
0.00000
0.00000
0.00000
0.00000
0.00000
0.00000
0.00000
0.00000
0.00000
0.00000
0.00000
0.00000
0.00000
0.00000
0.00000
0.00000
0.00000
0.00000
0.00000
0.00000
0.00000
0.00000
0.00000
0.00000
0.00000
0.00000
0.00000
0.00000
0.00000
0.00000
0.00000
0.00000
0.00000
0.00000
0.00000
0.00000
0.00000
0.00000
0.00000
0.00000
0.00000
0.00000
0.00000
0.00000
0.00000
0.00000
0.00000
0.00000
0.00000
0.00000
0.00000
0.00000
0.00000
0.00000
0.00000
0.00000
0.00000
0.00000
0.00000
0.00000
0.00000
0.00000
0.00000
0.00000
0.00000
0.00000
0.00000
0.00000
0.00000
0.00000
0.00000
0.00000
0.00000
0.00000
0.00000
0.00000
0.00000
0.00000
0.00000
0.00000
0.00000
0.00000
0.00000
0.00000
0.00000
0.00000
0.00000
0.00000
0.00000
0.00000
0.00000
0.00000
0.00000
0.00000
0.00000
0.00000
0.00000
0.00000
0.00000
0.00000
0.00000
0.00000
0.00000
0.00000
0.00000
0.00000
0.00000
0.00000
0.00000
0.00000
0.00000
0.00000
0.00000
0.00000
0.00000
0.00000
0.00000
0.00000
0.00000
0.00000
0.00000
0.00000
0.00000
0.00000
0.00000
0.00000
0.00000
0.00000
0.00000
0.00000
0.00000
0.00000
0.00000
0.00000
0.00000
0.00000
0.00000
0.00000
0.00000
0.00000
0.00000
0.00000
0.00000
0.00000
0.00000
0.00000
0.00000
0.00000
