-0.00031
-0.00021
-0.00012
-0.00006
-0.00009
-0.00006
-0.00018
-0.00015
-0.00012
-0.00015
-0.00024
-0.00009
-0.00012
-0.00021
-0.00003
-0.00003
-0.00015
-0.00006
-0.00012
-0.00024
-0.00009
-0.00009
-0.00024
-0.00018
-0.00012
-0.00018
-0.00018
-0.00006
-0.00009
-0.00021
-0.00018
-0.00015
-0.00018
-0.00009
-0.00012
-0.00018
-0.00012
-0.00012
-0.00021
-0.00024
-0.00006
-0.00003
-0.00009
-0.00006
0.00000
-0.00015
-0.00018
-0.00009
-0.00012
-0.00003
-0.00015
-0.00006
-0.00024
-0.00034
0.00000
-0.00027
-0.00012
0.00000
-0.00009
-0.00021
-0.00006
0.00000
-0.00012
-0.00015
-0.00021
-0.00015
-0.00024
-0.00003
0.00009
0.00000
0.00000
0.00000
-0.00015
-0.00009
0.00006
-0.00012
-0.00024
-0.00012
-0.00018
-0.00031
-0.00009
0.00006
-0.00018
-0.00021
-0.00003
-0.00021
-0.00015
0.00003
0.00000
-0.00003
0.00000
-0.00009
-0.00018
-0.00015
-0.00015
-0.00015
0.00000
0.00006
-0.00009
-0.00018
0.00009
0.00003
-0.00015
0.00000
0.00006
-0.00006
-0.00006
0.00003
-0.00006
-0.00015
-0.00009
-0.00027
-0.00024
-0.00003
-0.00006
0.00000
0.00018
0.00003
-0.00015
-0.00012
-0.00003
-0.00009
-0.00003
0.00006
-0.00006
-0.00012
-0.00006
-0.00012
-0.00009
0.00003
0.00000
-0.00012
-0.00012
0.00000
0.00009
-0.00003
0.00003
0.00009
-0.00012
-0.00006
-0.00003
-0.00009
-0.00015
-0.00006
-0.00003
-0.00006
-0.00006
-0.00015
-0.00003
0.00000
0.00000
-0.00003
-0.00003
0.00000
-0.00012
-0.00006
-0.00003
-0.00003
0.00003
0.00000
0.00000
-0.00009
-0.00021
-0.00015
-0.00006
-0.00009
0.00000
0.00000
0.00018
-0.00018
0.00046
-0.00095
0.00113
-0.00189
0.00220
-0.00302
0.00388
-0.00534
0.00668
-0.08133
-0.22980
-0.00330
-0.00119
-0.00043
0.21393
0.19821
-0.00253
-0.06735
-0.01538
-0.05838
0.00684
-0.00717
-0.01883
0.05176
0.03027
-0.04825
-0.00522
0.05344
-0.02509
-0.00293
0.04144
-0.02643
-0.00702
0.02164
-0.01633
0.00449
0.03439
-0.01675
-0.02603
0.01462
-0.00531
-0.01620
0.01007
0.00873
-0.00848
0.01025
0.01828
0.00485
0.00146
0.00360
-0.00143
-0.00928
-0.00433
0.00085
-0.00278
0.00073
0.00427
-0.00421
-0.00397
0.00323
-0.00052
-0.00339
0.00986
0.00787
-0.00577
0.00064
0.00644
-0.00201
-0.00275
0.00314
-0.00076
-0.00571
-0.00134
-0.00116
-0.00201
0.00253
0.00089
-0.00067
0.00018
-0.00015
-0.00223
-0.00085
0.00327
0.00055
-0.00192
-0.00021
-0.00134
-0.00388
-0.00351
-0.00061
-0.00043
-0.00217
-0.00095
-0.00128
-0.00052
0.00021
0.00006
0.00110
0.00159
0.00003
-0.00128
-0.00067
-0.00064
-0.00238
-0.00104
-0.00113
-0.00290
-0.00348
-0.00363
-0.00360
-0.00156
0.00061
0.00177
0.00201
0.00168
0.00055
0.00061
0.00116
-0.00043
-0.00095
-0.00098
-0.00150
-0.00232
-0.00153
0.00015
-0.00070
-0.00217
-0.00183
-0.00244
-0.00327
-0.00165
0.00067
0.00113
0.00131
0.00146
0.00003
-0.00107
-0.00137
-0.00153
-0.00140
-0.00137
-0.00159
-0.00150
-0.00089
-0.00070
-0.00070
-0.00006
0.00040
-0.00021
-0.00049
0.00024
0.00076
0.00040
0.00052
0.00107
0.00079
0.00021
0.00000
-0.00021
-0.00049
-0.00089
-0.00128
-0.00110
-0.00079
-0.00113
-0.00098
0.00018
0.00064
0.00040
0.00064
0.00113
0.00089
0.00058
0.00034
-0.00021
-0.00073
-0.00095
-0.00067
-0.00024
0.00000
0.00000
0.00015
0.00034
0.00046
0.00061
0.00055
0.00110
0.00040
0.00000
0.00000
0.00000
0.00000
0.00000
0.00000
0.00000
0.00000
0.00000
0.00000
0.00000
0.00000
0.00000
0.00000
0.00000
0.00000
0.00000
0.00000
0.00000
0.00000
0.00000
0.00000
0.00000
0.00000
0.00000
0.00000
0.00000
0.00000
0.00000
0.00000
0.00000
0.00000
0.00000
0.00000
0.00000
0.00000
0.00000
0.00000
0.00000
0.00000
0.00000
0.00000
0.00000
0.00000
0.00000
0.00000
0.00000
0.00000
0.00000
0.00000
0.00000
0.00000
0.00000
0.00000
0.00000
0.00000
0.00000
0.00000
0.00000
0.00000
0.00000
0.00000
0.00000
0.00000
0.00000
0.00000
0.00000
0.00000
0.00000
0.00000
0.00000
0.00000
0.00000
0.00000
0.00000
0.00000
0.00000
0.00000
0.00000
0.00000
0.00000
0.00000
0.00000
0.00000
0.00000
0.00000
0.00000
0.00000
0.00000
0.00000
0.00000
0.00000
0.00000
0.00000
0.00000
0.00000
0.00000
0.00000
0.00000
0.00000
0.00000
0.00000
0.00000
0.00000
0.00000
0.00000
0.00000
0.00000
0.00000
0.00000
0.00000
0.00000
0.00000
0.00000
0.00000
0.00000
0.00000
0.00000
0.00000
0.00000
0.00000
0.00000
0.00000
0.00000
0.00000
0.00000
0.00000
0.00000
0.00000
0.00000
0.00000
0.00000
0.00000
0.00000
0.00000
0.00000
0.00000
0.00000
0.00000
0.00000
0.00000
0.00000
0.00000
0.00000
0.00000
0.00000
0.00000
0.00000
0.00000
0.00000
0.00000
0.00000
0.00000
0.00000
