0.00000
0.00000
-0.00003
0.00000
0.00000
0.00000
0.00000
0.00000
-0.00003
0.00000
0.00000
-0.00006
-0.00003
0.00000
-0.00003
-0.00006
0.00000
0.00000
0.00000
0.00000
0.00000
0.00000
0.00000
0.00000
-0.00006
-0.00003
0.00000
0.00000
0.00000
0.00000
-0.00003
-0.00003
0.00000
0.00000
-0.00003
-0.00003
0.00000
0.00000
-0.00003
-0.00003
0.00000
0.00000
0.00000
0.00000
0.00000
-0.00003
-0.00003
0.00000
0.00000
0.00000
-0.00003
0.00000
0.00000
0.00000
-0.00003
0.00000
-0.00003
-0.00009
0.00000
0.00000
-0.00006
0.00000
0.00000
-0.00003
-0.00009
-0.00006
-0.00006
-0.00003
-0.00006
-0.00006
-0.00003
-0.00003
0.00000
0.00000
0.00000
-0.00003
-0.00003
0.00000
-0.00009
-0.00006
-0.00003
-0.00006
-0.00006
-0.00003
-0.00003
-0.00006
0.00000
0.00000
-0.00003
-0.00003
0.00000
-0.00003
-0.00006
-0.00006
-0.00006
-0.00006
-0.00009
-0.00006
-0.00003
-0.00006
0.00000
0.00000
-0.00003
-0.00003
-0.00003
0.00000
-0.00003
-0.00003
-0.00003
-0.00003
-0.00006
-0.00006
-0.00009
-0.00009
-0.00006
0.00000
-0.00006
-0.00006
-0.00006
-0.00009
-0.00009
-0.00006
-0.00006
-0.00003
-0.00003
-0.00006
-0.00006
-0.00006
-0.00012
-0.00012
-0.00006
-0.00009
-0.00006
-0.00006
-0.00009
-0.00009
-0.00006
-0.00006
-0.00009
-0.00006
-0.00006
-0.00012
-0.00009
-0.00006
-0.00009
-0.00009
-0.00006
-0.00009
-0.00015
-0.00006
-0.00006
-0.00009
-0.00006
-0.00006
-0.00006
-0.00003
-0.00006
-0.00009
-0.00006
-0.00003
-0.00009
-0.00009
-0.00006
-0.00009
-0.00012
-0.00012
-0.00009
-0.00012
-0.00012
-0.00006
-0.00006
-0.00006
-0.00006
-0.00009
-0.00015
-0.00012
-0.00009
-0.00012
-0.00015
0.00003
-0.00012
-0.00021
-0.00012
-0.00018
-0.00009
-0.00003
-0.00009
-0.00003
0.00000
-0.00015
-0.00009
-0.00009
-0.00015
-0.00021
-0.00015
-0.00015
-0.00021
0.00006
-0.00046
-0.00198
-0.01678
-0.01974
-0.01212
-0.01013
-0.00360
0.00488
0.01352
0.01117
0.00974
0.00140
-0.00198
-0.00021
-0.00647
-0.00919
-0.00562
-0.00275
0.00018
0.00766
0.00998
0.00577
0.00128
-0.00348
-0.00229
0.00500
0.00684
0.00424
0.00452
0.00388
0.00162
0.00073
-0.00006
-0.00079
0.00000
0.00031
-0.00055
0.00021
0.00110
0.00128
0.00269
0.00302
0.00204
0.00073
0.00055
0.00067
0.00104
0.00055
-0.00015
-0.00009
-0.00027
-0.00021
0.00037
0.00095
0.00137
0.00165
0.00131
0.00070
0.00085
0.00101
0.00052
0.00018
0.00037
0.00000
-0.00021
0.00003
0.00031
0.00046
0.00031
0.00031
0.00049
0.00055
0.00027
-0.00003
0.00015
0.00003
-0.00040
-0.00024
0.00003
-0.00021
-0.00061
-0.00064
-0.00070
-0.00098
-0.00089
-0.00067
-0.00052
-0.00049
-0.00046
-0.00024
-0.00021
-0.00034
-0.00031
-0.00031
-0.00034
-0.00061
-0.00070
-0.00079
-0.00085
-0.00092
-0.00104
-0.00122
-0.00119
-0.00104
-0.00113
-0.00119
-0.00082
-0.00027
0.00012
0.00021
0.00006
-0.00012
-0.00064
-0.00104
-0.00128
-0.00131
-0.00116
-0.00089
-0.00061
-0.00061
-0.00076
-0.00079
-0.00073
-0.00055
-0.00052
-0.00052
-0.00067
-0.00101
-0.00104
-0.00070
-0.00046
-0.00067
-0.00095
-0.00092
-0.00085
-0.00076
-0.00067
-0.00061
-0.00073
-0.00079
-0.00061
-0.00052
-0.00073
-0.00085
-0.00055
-0.00024
-0.00027
-0.00034
-0.00021
-0.00024
-0.00034
-0.00034
-0.00021
-0.00027
-0.00037
-0.00037
-0.00034
-0.00021
-0.00015
-0.00021
-0.00024
-0.00024
-0.00027
-0.00027
-0.00018
-0.00006
-0.00006
-0.00015
-0.00037
0.00000
0.00000
0.00000
0.00000
0.00000
0.00000
0.00000
0.00000
0.00000
0.00000
0.00000
0.00000
0.00000
0.00000
0.00000
0.00000
0.00000
0.00000
0.00000
0.00000
0.00000
0.00000
0.00000
0.00000
0.00000
0.00000
0.00000
0.00000
0.00000
0.00000
0.00000
0.00000
0.00000
0.00000
0.00000
0.00000
0.00000
0.00000
0.00000
0.00000
0.00000
0.00000
0.00000
0.00000
0.00000
0.00000
0.00000
0.00000
0.00000
0.00000
0.00000
0.00000
0.00000
0.00000
0.00000
0.00000
0.00000
0.00000
0.00000
0.00000
0.00000
0.00000
0.00000
0.00000
0.00000
0.00000
0.00000
0.00000
0.00000
0.00000
0.00000
0.00000
0.00000
0.00000
0.00000
0.00000
0.00000
0.00000
0.00000
0.00000
0.00000
0.00000
0.00000
0.00000
0.00000
0.00000
0.00000
0.00000
0.00000
0.00000
0.00000
0.00000
0.00000
0.00000
0.00000
0.00000
0.00000
0.00000
0.00000
0.00000
0.00000
0.00000
0.00000
0.00000
0.00000
0.00000
0.00000
0.00000
0.00000
0.00000
0.00000
0.00000
0.00000
0.00000
0.00000
0.00000
0.00000
0.00000
0.00000
0.00000
0.00000
0.00000
0.00000
0.00000
0.00000
0.00000
0.00000
0.00000
0.00000
0.00000
0.00000
0.00000
0.00000
0.00000
0.00000
0.00000
0.00000
0.00000
0.00000
0.00000
0.00000
0.00000
0.00000
0.00000
0.00000
