0.00000
-0.00006
-0.00006
-0.00003
-0.00006
-0.00003
-0.00003
-0.00003
-0.00003
-0.00003
-0.00006
-0.00006
-0.00012
-0.00003
-0.00006
0.00000
0.00000
0.00000
-0.00003
-0.00003
-0.00012
-0.00012
-0.00012
-0.00006
-0.00012
-0.00006
0.00000
-0.00006
0.00000
-0.00009
-0.00009
-0.00015
-0.00024
-0.00003
-0.00040
0.00015
0.00000
-0.00009
0.00000
-0.00015
-0.00012
-0.00015
-0.00012
-0.00012
-0.00012
-0.00009
-0.00006
-0.00009
-0.00006
-0.00009
-0.00015
-0.00012
-0.00018
-0.00015
-0.00018
-0.00012
-0.00009
-0.00012
-0.00012
-0.00003
-0.00018
-0.00021
-0.00003
-0.00031
-0.00006
-0.00024
-0.00009
-0.00021
-0.00021
0.00000
-0.00018
-0.00015
-0.00015
-0.00015
-0.00018
-0.00018
-0.00015
-0.00018
-0.00018
-0.00018
-0.00024
-0.00024
-0.00012
-0.00024
-0.00021
-0.00021
-0.00012
-0.00021
-0.00024
-0.00006
-0.00024
-0.00021
-0.00024
-0.00027
-0.00024
-0.00027
-0.00024
-0.00021
-0.00021
-0.00012
-0.00021
-0.00012
-0.00018
-0.00024
-0.00021
-0.00024
-0.00027
-0.00037
-0.00024
-0.00024
-0.00031
-0.00027
-0.00018
-0.00018
-0.00027
-0.00021
-0.00021
-0.00021
-0.00027
-0.00027
-0.00031
-0.00027
-0.00031
-0.00027
-0.00018
-0.00021
-0.00024
-0.00027
-0.00024
-0.00027
-0.00034
-0.00024
-0.00031
-0.00027
-0.00027
-0.00021
-0.00024
-0.00027
-0.00021
-0.00031
-0.00031
-0.00031
-0.00027
-0.00031
-0.00031
-0.00024
-0.00027
-0.00018
-0.00027
-0.00024
-0.00034
-0.00031
-0.00024
-0.00034
-0.00024
-0.00037
-0.00027
-0.00031
-0.00034
-0.00031
-0.00027
-0.00021
-0.00034
-0.00027
-0.00024
-0.00031
-0.00024
-0.00034
-0.00024
-0.00034
-0.00034
-0.00031
-0.00031
-0.00027
-0.00027
-0.00037
-0.00015
-0.00052
0.00006
-0.00098
0.00055
-0.00153
0.00098
-0.00183
0.00092
-0.00116
-0.00006
-0.03381
-0.15192
0.00049
-0.05615
0.02600
0.07858
0.09665
0.11465
-0.03387
0.05453
-0.02551
-0.01736
-0.04944
-0.05890
-0.01935
-0.00421
0.00241
0.03683
0.05399
0.00818
-0.01407
-0.00803
0.00272
-0.00604
-0.00467
0.00015
-0.00681
0.01337
0.00183
-0.01126
0.00174
0.00165
-0.00458
-0.00470
0.00827
0.00165
-0.00177
0.00647
0.00272
0.00195
0.00461
0.00125
-0.00467
-0.00162
-0.00211
-0.00226
-0.00412
0.00037
-0.00073
0.00003
0.00253
0.00284
0.00015
0.00412
0.00372
-0.00101
-0.00034
0.00308
0.00104
-0.00259
0.00006
0.00113
-0.00388
-0.00256
-0.00320
-0.00012
0.00293
-0.00015
-0.00003
-0.00171
-0.00046
0.00006
-0.00046
0.00220
-0.00125
-0.00082
-0.00092
-0.00092
-0.00070
-0.00354
-0.00214
-0.00082
-0.00290
-0.00043
-0.00143
0.00018
0.00037
0.00058
0.00122
-0.00064
-0.00070
-0.00095
-0.00153
-0.00046
-0.00281
-0.00110
-0.00101
-0.00192
-0.00235
-0.00293
-0.00186
-0.00125
-0.00125
-0.00046
-0.00003
0.00131
0.00128
0.00061
0.00162
-0.00031
-0.00137
-0.00269
-0.00241
-0.00183
-0.00198
-0.00098
-0.00113
-0.00113
-0.00095
-0.00247
-0.00293
-0.00284
-0.00128
0.00027
0.00064
0.00153
0.00061
-0.00043
-0.00101
-0.00140
-0.00116
-0.00180
-0.00229
-0.00238
-0.00208
-0.00140
-0.00122
-0.00027
0.00070
0.00034
-0.00015
-0.00073
-0.00061
-0.00043
-0.00006
0.00055
0.00012
-0.00037
-0.00052
-0.00046
-0.00055
-0.00116
-0.00171
-0.00186
-0.00153
-0.00089
-0.00040
-0.00003
-0.00027
-0.00043
0.00024
0.00089
0.00073
-0.00003
-0.00061
-0.00079
-0.00101
-0.00110
-0.00085
-0.00058
-0.00027
-0.00024
-0.00049
-0.00043
0.00000
0.00000
0.00000
0.00000
0.00000
0.00000
0.00000
0.00000
0.00000
0.00000
0.00000
0.00000
0.00000
0.00000
0.00000
0.00000
0.00000
0.00000
0.00000
0.00000
0.00000
0.00000
0.00000
0.00000
0.00000
0.00000
0.00000
0.00000
0.00000
0.00000
0.00000
0.00000
0.00000
0.00000
0.00000
0.00000
0.00000
0.00000
0.00000
0.00000
0.00000
0.00000
0.00000
0.00000
0.00000
0.00000
0.00000
0.00000
0.00000
0.00000
0.00000
0.00000
0.00000
0.00000
0.00000
0.00000
0.00000
0.00000
0.00000
0.00000
0.00000
0.00000
0.00000
0.00000
0.00000
0.00000
0.00000
0.00000
0.00000
0.00000
0.00000
0.00000
0.00000
0.00000
0.00000
0.00000
0.00000
0.00000
0.00000
0.00000
0.00000
0.00000
0.00000
0.00000
0.00000
0.00000
0.00000
0.00000
0.00000
0.00000
0.00000
0.00000
0.00000
0.00000
0.00000
0.00000
0.00000
0.00000
0.00000
0.00000
0.00000
0.00000
0.00000
0.00000
0.00000
0.00000
0.00000
0.00000
0.00000
0.00000
0.00000
0.00000
0.00000
0.00000
0.00000
0.00000
0.00000
0.00000
0.00000
0.00000
0.00000
0.00000
0.00000
0.00000
0.00000
0.00000
0.00000
0.00000
0.00000
0.00000
0.00000
0.00000
0.00000
0.00000
0.00000
0.00000
0.00000
0.00000
0.00000
0.00000
0.00000
0.00000
0.00000
0.00000
0.00000
0.00000
0.00000
0.00000
0.00000
0.00000
0.00000
