-0.00021
-0.00015
-0.00018
-0.00015
-0.00015
-0.00018
-0.00018
-0.00015
-0.00021
-0.00021
-0.00024
-0.00021
-0.00021
-0.00021
-0.00018
-0.00021
-0.00015
-0.00015
-0.00021
-0.00021
-0.00021
-0.00021
-0.00024
-0.00021
-0.00021
-0.00021
-0.00021
-0.00018
-0.00018
-0.00018
-0.00024
-0.00021
-0.00024
-0.00018
-0.00049
-0.00006
-0.00018
-0.00027
-0.00018
-0.00024
-0.00021
-0.00024
-0.00031
-0.00031
-0.00024
-0.00021
-0.00024
-0.00021
-0.00021
-0.00021
-0.00027
-0.00034
-0.00027
-0.00031
-0.00027
-0.00027
-0.00024
-0.00021
-0.00027
-0.00021
-0.00024
-0.00027
-0.00031
-0.00024
-0.00040
-0.00031
-0.00031
-0.00034
-0.00021
-0.00027
-0.00015
-0.00034
-0.00021
-0.00024
-0.00031
-0.00024
-0.00027
-0.00031
-0.00031
-0.00027
-0.00027
-0.00024
-0.00024
-0.00027
-0.00034
-0.00024
-0.00024
-0.00034
-0.00034
-0.00037
-0.00027
-0.00034
-0.00024
-0.00027
-0.00031
-0.00027
-0.00034
-0.00027
-0.00027
-0.00031
-0.00027
-0.00034
-0.00027
-0.00031
-0.00034
-0.00024
-0.00034
-0.00034
-0.00034
-0.00024
-0.00037
-0.00034
-0.00027
-0.00034
-0.00034
-0.00034
-0.00031
-0.00037
-0.00034
-0.00034
-0.00034
-0.00034
-0.00037
-0.00037
-0.00037
-0.00034
-0.00034
-0.00034
-0.00034
-0.00031
-0.00034
-0.00034
-0.00034
-0.00040
-0.00040
-0.00037
-0.00037
-0.00037
-0.00034
-0.00034
-0.00034
-0.00031
-0.00031
-0.00034
-0.00034
-0.00040
-0.00043
-0.00043
-0.00040
-0.00040
-0.00031
-0.00031
-0.00031
-0.00031
-0.00037
-0.00031
-0.00040
-0.00034
-0.00034
-0.00037
-0.00031
-0.00031
-0.00031
-0.00037
-0.00040
-0.00037
-0.00037
-0.00034
-0.00040
-0.00027
-0.00027
-0.00034
-0.00027
-0.00037
-0.00031
-0.00034
-0.00034
-0.00034
-0.00037
-0.00034
-0.00027
-0.00037
-0.00015
-0.00064
0.00027
-0.00143
0.00122
-0.00290
0.00336
-0.00558
0.00375
-0.06674
-0.07181
-0.01117
-0.04803
0.04977
0.03754
0.09998
0.03821
0.00809
0.02710
-0.02246
-0.01584
-0.04575
-0.02893
-0.00916
-0.00226
0.00787
0.03223
0.02478
0.00244
-0.00916
-0.00443
0.00085
-0.00616
-0.00067
-0.00107
0.00101
0.00885
-0.00369
-0.00516
-0.00116
-0.00061
-0.00388
-0.00055
0.00668
0.00110
0.00351
0.00461
0.00214
0.00171
0.00342
-0.00040
-0.00174
-0.00092
-0.00012
-0.00275
-0.00177
0.00021
0.00027
0.00146
0.00198
0.00027
0.00009
0.00342
0.00250
0.00037
0.00241
0.00253
0.00000
-0.00125
0.00052
-0.00098
-0.00259
-0.00180
-0.00250
0.00000
0.00037
0.00018
0.00128
0.00021
0.00070
-0.00049
0.00085
0.00113
-0.00067
-0.00082
-0.00171
-0.00085
-0.00076
-0.00229
-0.00037
-0.00092
-0.00085
-0.00046
-0.00134
0.00009
-0.00003
0.00079
0.00027
-0.00061
-0.00040
-0.00110
-0.00031
-0.00040
-0.00159
-0.00070
-0.00122
-0.00107
-0.00208
-0.00244
-0.00183
-0.00110
-0.00052
-0.00003
0.00027
0.00137
0.00076
0.00092
0.00076
-0.00058
-0.00143
-0.00232
-0.00153
-0.00134
-0.00131
-0.00073
-0.00092
-0.00055
-0.00098
-0.00211
-0.00229
-0.00195
-0.00024
0.00037
0.00058
0.00092
0.00049
-0.00003
-0.00104
-0.00159
-0.00150
-0.00150
-0.00140
-0.00140
-0.00122
-0.00098
-0.00085
-0.00003
0.00027
0.00012
0.00003
-0.00015
-0.00024
-0.00052
0.00000
0.00061
0.00046
-0.00012
-0.00061
-0.00055
-0.00061
-0.00101
-0.00125
-0.00098
-0.00040
-0.00009
-0.00009
-0.00021
-0.00052
-0.00037
0.00015
0.00052
0.00046
0.00024
0.00003
-0.00027
-0.00067
-0.00064
-0.00049
-0.00037
-0.00067
-0.00034
0.00000
0.00000
0.00000
0.00000
0.00000
0.00000
0.00000
0.00000
0.00000
0.00000
0.00000
0.00000
0.00000
0.00000
0.00000
0.00000
0.00000
0.00000
0.00000
0.00000
0.00000
0.00000
0.00000
0.00000
0.00000
0.00000
0.00000
0.00000
0.00000
0.00000
0.00000
0.00000
0.00000
0.00000
0.00000
0.00000
0.00000
0.00000
0.00000
0.00000
0.00000
0.00000
0.00000
0.00000
0.00000
0.00000
0.00000
0.00000
0.00000
0.00000
0.00000
0.00000
0.00000
0.00000
0.00000
0.00000
0.00000
0.00000
0.00000
0.00000
0.00000
0.00000
0.00000
0.00000
0.00000
0.00000
0.00000
0.00000
0.00000
0.00000
0.00000
0.00000
0.00000
0.00000
0.00000
0.00000
0.00000
0.00000
0.00000
0.00000
0.00000
0.00000
0.00000
0.00000
0.00000
0.00000
0.00000
0.00000
0.00000
0.00000
0.00000
0.00000
0.00000
0.00000
0.00000
0.00000
0.00000
0.00000
0.00000
0.00000
0.00000
0.00000
0.00000
0.00000
0.00000
0.00000
0.00000
0.00000
0.00000
0.00000
0.00000
0.00000
0.00000
0.00000
0.00000
0.00000
0.00000
0.00000
0.00000
0.00000
0.00000
0.00000
0.00000
0.00000
0.00000
0.00000
0.00000
0.00000
0.00000
0.00000
0.00000
0.00000
0.00000
0.00000
0.00000
0.00000
0.00000
0.00000
0.00000
0.00000
0.00000
0.00000
0.00000
0.00000
0.00000
0.00000
0.00000
0.00000
0.00000
