-0.00009
-0.00006
-0.00006
-0.00006
-0.00003
-0.00006
-0.00012
-0.00006
-0.00009
-0.00009
-0.00009
-0.00015
-0.00009
-0.00006
-0.00015
-0.00015
-0.00003
-0.00006
-0.00012
-0.00003
-0.00003
-0.00009
-0.00015
-0.00009
0.00000
-0.00009
-0.00012
-0.00006
0.00000
-0.00009
-0.00018
-0.00018
-0.00009
-0.00006
-0.00046
0.00000
0.00000
-0.00003
-0.00009
-0.00012
-0.00003
-0.00018
-0.00012
-0.00015
-0.00006
-0.00012
-0.00018
-0.00009
-0.00006
-0.00009
-0.00003
-0.00027
-0.00003
-0.00006
-0.00024
-0.00012
-0.00015
-0.00012
-0.00012
-0.00012
-0.00012
-0.00003
-0.00012
-0.00009
-0.00012
-0.00012
-0.00009
-0.00015
-0.00015
-0.00009
-0.00012
-0.00018
-0.00006
-0.00006
-0.00015
-0.00009
-0.00009
-0.00012
-0.00009
-0.00009
-0.00018
-0.00018
-0.00009
-0.00009
-0.00012
-0.00009
-0.00015
-0.00009
-0.00003
-0.00015
-0.00015
-0.00015
-0.00009
-0.00015
-0.00018
-0.00015
-0.00009
-0.00018
-0.00018
-0.00009
-0.00018
-0.00018
-0.00018
-0.00018
-0.00012
-0.00003
-0.00009
-0.00009
-0.00012
-0.00018
-0.00021
-0.00018
-0.00018
-0.00021
-0.00018
-0.00018
-0.00018
-0.00015
-0.00015
-0.00012
-0.00018
-0.00015
-0.00015
-0.00021
-0.00015
-0.00009
-0.00018
-0.00018
-0.00015
-0.00015
-0.00021
-0.00024
-0.00015
-0.00012
-0.00024
-0.00018
-0.00015
-0.00009
-0.00015
-0.00024
-0.00015
-0.00018
-0.00021
-0.00021
-0.00012
-0.00018
-0.00018
-0.00015
-0.00012
-0.00012
-0.00021
-0.00021
-0.00018
-0.00024
-0.00021
-0.00018
-0.00015
-0.00018
-0.00024
-0.00018
-0.00015
-0.00012
-0.00018
-0.00024
-0.00018
-0.00015
-0.00024
-0.00012
-0.00021
-0.00003
-0.00070
0.00079
-0.00186
0.00247
-0.00433
0.00601
-0.00943
0.01025
-0.11011
-0.08340
0.06155
-0.03006
0.00266
0.00244
0.02972
0.05167
0.03925
-0.02618
0.03006
0.02261
-0.02347
-0.00671
0.03937
0.02026
-0.01788
-0.00378
-0.01511
0.01050
0.00815
-0.02707
-0.01187
0.02826
0.00925
0.00406
0.01465
0.00522
-0.01114
-0.00748
-0.01001
0.00003
0.00449
-0.00287
-0.00134
0.00427
0.00323
0.00510
0.00790
-0.00034
0.00494
-0.00052
-0.00125
-0.00159
-0.00168
-0.00595
0.00061
0.00024
-0.00247
-0.00082
0.00269
-0.00024
0.00192
0.00574
0.00009
-0.00259
0.00134
0.00244
0.00107
-0.00006
-0.00119
0.00000
-0.00070
-0.00125
-0.00290
0.00024
0.00034
-0.00311
-0.00092
0.00049
0.00131
-0.00134
-0.00073
0.00113
0.00024
-0.00156
-0.00140
-0.00113
0.00000
-0.00204
-0.00113
-0.00116
-0.00168
-0.00211
-0.00204
-0.00031
-0.00027
-0.00110
0.00012
0.00027
-0.00021
-0.00113
-0.00131
-0.00024
-0.00076
-0.00064
-0.00177
-0.00211
-0.00198
-0.00168
-0.00143
-0.00125
-0.00189
-0.00082
-0.00058
0.00049
0.00052
0.00043
-0.00024
-0.00095
-0.00040
0.00049
-0.00006
-0.00110
-0.00082
0.00015
-0.00079
-0.00217
-0.00217
-0.00266
-0.00229
-0.00189
-0.00101
-0.00027
-0.00006
0.00000
-0.00009
-0.00018
-0.00046
-0.00061
-0.00021
-0.00064
-0.00153
-0.00180
-0.00143
-0.00107
-0.00116
-0.00082
-0.00040
-0.00049
-0.00034
0.00000
0.00049
0.00058
0.00034
0.00024
0.00037
0.00018
-0.00015
-0.00024
-0.00012
-0.00055
-0.00092
-0.00043
-0.00006
-0.00046
-0.00104
-0.00082
-0.00027
-0.00021
-0.00034
-0.00015
0.00031
0.00064
0.00049
0.00027
-0.00015
-0.00027
-0.00012
-0.00006
-0.00012
-0.00021
-0.00015
-0.00034
-0.00009
0.00015
0.00061
0.00049
0.00015
0.00000
0.00000
0.00000
0.00000
0.00000
0.00000
0.00000
0.00000
0.00000
0.00000
0.00000
0.00000
0.00000
0.00000
0.00000
0.00000
0.00000
0.00000
0.00000
0.00000
0.00000
0.00000
0.00000
0.00000
0.00000
0.00000
0.00000
0.00000
0.00000
0.00000
0.00000
0.00000
0.00000
0.00000
0.00000
0.00000
0.00000
0.00000
0.00000
0.00000
0.00000
0.00000
0.00000
0.00000
0.00000
0.00000
0.00000
0.00000
0.00000
0.00000
0.00000
0.00000
0.00000
0.00000
0.00000
0.00000
0.00000
0.00000
0.00000
0.00000
0.00000
0.00000
0.00000
0.00000
0.00000
0.00000
0.00000
0.00000
0.00000
0.00000
0.00000
0.00000
0.00000
0.00000
0.00000
0.00000
0.00000
0.00000
0.00000
0.00000
0.00000
0.00000
0.00000
0.00000
0.00000
0.00000
0.00000
0.00000
0.00000
0.00000
0.00000
0.00000
0.00000
0.00000
0.00000
0.00000
0.00000
0.00000
0.00000
0.00000
0.00000
0.00000
0.00000
0.00000
0.00000
0.00000
0.00000
0.00000
0.00000
0.00000
0.00000
0.00000
0.00000
0.00000
0.00000
0.00000
0.00000
0.00000
0.00000
0.00000
0.00000
0.00000
0.00000
0.00000
0.00000
0.00000
0.00000
0.00000
0.00000
0.00000
0.00000
0.00000
0.00000
0.00000
0.00000
0.00000
0.00000
0.00000
0.00000
0.00000
0.00000
0.00000
0.00000
0.00000
0.00000
0.00000
0.00000
0.00000
0.00000
0.00000
0.00000
0.00000
0.00000
0.00000
0.00000
