-0.00018
-0.00018
-0.00015
-0.00015
-0.00024
-0.00027
-0.00024
-0.00015
-0.00009
-0.00021
-0.00009
-0.00015
-0.00024
-0.00018
-0.00018
-0.00018
-0.00009
-0.00006
-0.00006
0.00006
0.00006
-0.00012
-0.00015
-0.00012
-0.00012
-0.00031
-0.00021
-0.00012
-0.00006
-0.00006
-0.00015
-0.00006
-0.00003
-0.00015
-0.00049
0.00006
-0.00003
-0.00012
-0.00006
-0.00003
0.00006
-0.00012
-0.00006
-0.00003
-0.00006
-0.00015
-0.00012
-0.00003
-0.00003
-0.00021
-0.00009
-0.00027
-0.00018
0.00000
-0.00024
-0.00003
-0.00003
0.00006
0.00012
0.00000
0.00009
0.00003
-0.00009
-0.00012
-0.00015
-0.00012
0.00000
0.00003
-0.00003
0.00009
0.00012
-0.00006
-0.00009
0.00003
-0.00009
-0.00009
-0.00006
-0.00003
0.00000
0.00000
0.00006
0.00000
0.00000
0.00003
0.00000
0.00009
0.00000
0.00000
0.00012
0.00003
-0.00003
-0.00003
0.00000
0.00000
-0.00009
0.00000
0.00018
0.00018
0.00006
0.00009
0.00000
-0.00006
-0.00009
-0.00009
0.00000
0.00003
0.00009
0.00015
0.00024
0.00021
0.00012
0.00003
0.00000
0.00000
-0.00006
-0.00003
-0.00003
-0.00003
-0.00003
0.00000
0.00000
-0.00003
0.00012
0.00012
0.00012
0.00015
0.00018
0.00018
0.00012
0.00006
0.00000
0.00000
0.00000
0.00000
0.00000
0.00006
0.00015
0.00009
0.00012
0.00006
0.00018
0.00009
0.00000
0.00000
0.00000
0.00006
0.00003
0.00009
0.00009
0.00009
0.00009
0.00003
0.00003
0.00000
0.00006
0.00006
0.00015
0.00024
0.00006
0.00024
0.00031
0.00018
0.00012
0.00012
0.00003
0.00003
-0.00015
0.00018
-0.00024
0.00067
-0.00101
0.00183
-0.00241
0.00354
-0.00467
0.00635
-0.00833
0.01132
-0.08139
-0.17288
0.07797
-0.01059
-0.00745
0.02090
0.03799
0.12286
0.02740
-0.02765
0.00824
0.02576
-0.03302
-0.06097
0.02109
0.04276
0.00266
-0.00565
0.00354
0.01370
0.01840
-0.02286
-0.02313
0.02454
0.00568
-0.00195
0.00516
0.01306
-0.00015
-0.01047
-0.00961
0.00000
0.00891
0.00034
0.00214
0.00183
-0.00043
0.00299
0.00626
-0.00275
0.00134
0.00388
0.00128
0.00153
0.00058
-0.00406
0.00122
0.00287
-0.00244
-0.00497
0.00043
-0.00104
-0.00275
0.00546
0.00656
0.00073
0.00064
0.00281
0.00418
-0.00006
-0.00165
-0.00052
-0.00305
-0.00156
-0.00336
-0.00012
0.00406
-0.00180
-0.00122
-0.00134
0.00067
0.00000
-0.00235
0.00235
0.00217
-0.00058
-0.00171
-0.00214
0.00095
-0.00177
-0.00128
-0.00049
-0.00305
-0.00189
-0.00177
0.00067
0.00113
-0.00125
0.00003
0.00064
0.00034
-0.00046
-0.00116
0.00073
-0.00104
-0.00073
-0.00116
-0.00235
-0.00217
-0.00211
-0.00174
-0.00098
-0.00174
-0.00009
0.00012
0.00140
0.00143
0.00082
0.00079
-0.00073
-0.00067
-0.00052
-0.00064
-0.00095
-0.00119
0.00034
-0.00021
-0.00150
-0.00125
-0.00253
-0.00311
-0.00250
-0.00052
0.00073
0.00018
0.00009
0.00058
0.00095
0.00034
-0.00082
-0.00064
-0.00067
-0.00162
-0.00220
-0.00174
-0.00070
-0.00079
-0.00067
0.00009
0.00027
0.00027
0.00012
0.00043
0.00061
0.00043
0.00067
0.00067
0.00027
0.00006
0.00009
0.00003
-0.00098
-0.00156
-0.00070
0.00003
-0.00037
-0.00098
-0.00052
0.00024
0.00015
0.00006
0.00067
0.00125
0.00089
-0.00006
-0.00018
-0.00015
-0.00031
-0.00021
-0.00015
0.00003
-0.00012
-0.00040
-0.00018
0.00037
0.00052
0.00055
0.00070
0.00052
-0.00018
0.00000
0.00000
0.00000
0.00000
0.00000
0.00000
0.00000
0.00000
0.00000
0.00000
0.00000
0.00000
0.00000
0.00000
0.00000
0.00000
0.00000
0.00000
0.00000
0.00000
0.00000
0.00000
0.00000
0.00000
0.00000
0.00000
0.00000
0.00000
0.00000
0.00000
0.00000
0.00000
0.00000
0.00000
0.00000
0.00000
0.00000
0.00000
0.00000
0.00000
0.00000
0.00000
0.00000
0.00000
0.00000
0.00000
0.00000
0.00000
0.00000
0.00000
0.00000
0.00000
0.00000
0.00000
0.00000
0.00000
0.00000
0.00000
0.00000
0.00000
0.00000
0.00000
0.00000
0.00000
0.00000
0.00000
0.00000
0.00000
0.00000
0.00000
0.00000
0.00000
0.00000
0.00000
0.00000
0.00000
0.00000
0.00000
0.00000
0.00000
0.00000
0.00000
0.00000
0.00000
0.00000
0.00000
0.00000
0.00000
0.00000
0.00000
0.00000
0.00000
0.00000
0.00000
0.00000
0.00000
0.00000
0.00000
0.00000
0.00000
0.00000
0.00000
0.00000
0.00000
0.00000
0.00000
0.00000
0.00000
0.00000
0.00000
0.00000
0.00000
0.00000
0.00000
0.00000
0.00000
0.00000
0.00000
0.00000
0.00000
0.00000
0.00000
0.00000
0.00000
0.00000
0.00000
0.00000
0.00000
0.00000
0.00000
0.00000
0.00000
0.00000
0.00000
0.00000
0.00000
0.00000
0.00000
0.00000
0.00000
0.00000
0.00000
0.00000
0.00000
0.00000
0.00000
0.00000
0.00000
0.00000
0.00000
0.00000
0.00000
0.00000
0.00000
