-0.00024
-0.00018
-0.00021
-0.00021
-0.00021
-0.00024
-0.00027
-0.00027
-0.00031
-0.00031
-0.00027
-0.00027
-0.00024
-0.00021
-0.00024
-0.00027
-0.00027
-0.00027
-0.00031
-0.00031
-0.00034
-0.00037
-0.00031
-0.00031
-0.00031
-0.00027
-0.00024
-0.00027
-0.00027
-0.00024
-0.00024
-0.00031
-0.00034
-0.00027
-0.00064
-0.00018
-0.00034
-0.00040
-0.00031
-0.00034
-0.00018
-0.00024
-0.00021
-0.00024
-0.00027
-0.00027
-0.00034
-0.00037
-0.00037
-0.00040
-0.00037
-0.00031
-0.00027
-0.00027
-0.00024
-0.00031
-0.00037
-0.00037
-0.00043
-0.00040
-0.00034
-0.00034
-0.00027
-0.00024
-0.00027
-0.00031
-0.00031
-0.00040
-0.00040
-0.00040
-0.00043
-0.00031
-0.00031
-0.00021
-0.00031
-0.00021
-0.00024
-0.00037
-0.00040
-0.00040
-0.00040
-0.00040
-0.00040
-0.00037
-0.00034
-0.00034
-0.00027
-0.00024
-0.00031
-0.00031
-0.00037
-0.00037
-0.00040
-0.00037
-0.00040
-0.00034
-0.00034
-0.00040
-0.00037
-0.00034
-0.00031
-0.00031
-0.00034
-0.00037
-0.00040
-0.00037
-0.00037
-0.00040
-0.00034
-0.00037
-0.00037
-0.00034
-0.00031
-0.00034
-0.00037
-0.00040
-0.00043
-0.00040
-0.00037
-0.00037
-0.00040
-0.00037
-0.00031
-0.00031
-0.00031
-0.00034
-0.00040
-0.00043
-0.00043
-0.00040
-0.00043
-0.00046
-0.00043
-0.00040
-0.00037
-0.00034
-0.00034
-0.00034
-0.00034
-0.00040
-0.00034
-0.00034
-0.00040
-0.00043
-0.00043
-0.00043
-0.00043
-0.00040
-0.00040
-0.00043
-0.00043
-0.00037
-0.00034
-0.00037
-0.00037
-0.00037
-0.00031
-0.00034
-0.00031
-0.00031
-0.00034
-0.00037
-0.00040
-0.00037
-0.00040
-0.00040
-0.00040
-0.00037
-0.00034
-0.00043
-0.00040
-0.00040
-0.00043
-0.00040
-0.00040
-0.00034
-0.00034
-0.00031
-0.00037
-0.00040
-0.00037
-0.00040
-0.00040
-0.00037
-0.00052
-0.00031
-0.00061
-0.00009
-0.00110
0.00061
-0.00180
0.00162
-0.00314
0.00165
-0.04172
-0.05853
-0.01062
-0.03558
0.02090
0.02438
0.06152
0.04208
0.00739
0.02304
-0.01019
-0.00708
-0.02649
-0.02322
-0.00684
-0.00494
0.00067
0.01608
0.01736
0.00381
-0.00446
-0.00470
-0.00024
-0.00223
-0.00082
-0.00073
0.00034
0.00647
-0.00116
-0.00281
0.00009
0.00021
-0.00107
-0.00067
0.00372
0.00131
0.00146
0.00360
0.00400
0.00299
0.00281
0.00000
-0.00143
-0.00082
-0.00037
-0.00192
-0.00232
0.00064
0.00009
-0.00012
0.00302
0.00156
0.00037
0.00214
0.00134
0.00107
0.00223
0.00165
-0.00034
-0.00037
0.00031
-0.00128
-0.00241
-0.00159
-0.00125
0.00040
0.00046
0.00021
0.00143
0.00046
-0.00024
-0.00089
0.00021
0.00128
0.00000
-0.00040
-0.00085
-0.00058
-0.00070
-0.00189
-0.00058
-0.00076
-0.00092
-0.00012
-0.00055
0.00000
-0.00073
-0.00046
-0.00021
-0.00046
0.00018
-0.00024
-0.00027
-0.00052
-0.00095
-0.00027
-0.00085
-0.00140
-0.00201
-0.00204
-0.00156
-0.00119
-0.00058
0.00003
-0.00003
0.00018
0.00006
0.00058
0.00079
-0.00012
-0.00082
-0.00140
-0.00107
-0.00107
-0.00131
-0.00113
-0.00104
-0.00064
-0.00061
-0.00125
-0.00162
-0.00168
-0.00076
-0.00015
0.00012
0.00027
-0.00006
-0.00024
-0.00046
-0.00061
-0.00092
-0.00125
-0.00125
-0.00128
-0.00122
-0.00104
-0.00079
-0.00031
-0.00006
-0.00009
0.00000
-0.00006
0.00000
-0.00009
-0.00003
-0.00009
-0.00015
0.00000
-0.00009
-0.00024
-0.00040
-0.00049
-0.00067
-0.00089
-0.00079
-0.00058
-0.00043
-0.00027
-0.00018
-0.00003
0.00012
0.00024
0.00031
0.00012
0.00000
-0.00009
-0.00034
-0.00043
-0.00046
-0.00027
0.00000
0.00000
0.00000
0.00000
0.00000
0.00000
0.00000
0.00000
0.00000
0.00000
0.00000
0.00000
0.00000
0.00000
0.00000
0.00000
0.00000
0.00000
0.00000
0.00000
0.00000
0.00000
0.00000
0.00000
0.00000
0.00000
0.00000
0.00000
0.00000
0.00000
0.00000
0.00000
0.00000
0.00000
0.00000
0.00000
0.00000
0.00000
0.00000
0.00000
0.00000
0.00000
0.00000
0.00000
0.00000
0.00000
0.00000
0.00000
0.00000
0.00000
0.00000
0.00000
0.00000
0.00000
0.00000
0.00000
0.00000
0.00000
0.00000
0.00000
0.00000
0.00000
0.00000
0.00000
0.00000
0.00000
0.00000
0.00000
0.00000
0.00000
0.00000
0.00000
0.00000
0.00000
0.00000
0.00000
0.00000
0.00000
0.00000
0.00000
0.00000
0.00000
0.00000
0.00000
0.00000
0.00000
0.00000
0.00000
0.00000
0.00000
0.00000
0.00000
0.00000
0.00000
0.00000
0.00000
0.00000
0.00000
0.00000
0.00000
0.00000
0.00000
0.00000
0.00000
0.00000
0.00000
0.00000
0.00000
0.00000
0.00000
0.00000
0.00000
0.00000
0.00000
0.00000
0.00000
0.00000
0.00000
0.00000
0.00000
0.00000
0.00000
0.00000
0.00000
0.00000
0.00000
0.00000
0.00000
0.00000
0.00000
0.00000
0.00000
0.00000
0.00000
0.00000
0.00000
0.00000
0.00000
0.00000
0.00000
0.00000
0.00000
0.00000
0.00000
0.00000
0.00000
0.00000
0.00000
