0.00009
0.00006
0.00009
0.00006
0.00003
0.00006
0.00003
0.00003
0.00009
0.00006
0.00009
0.00009
0.00015
0.00015
0.00009
0.00009
0.00006
0.00012
0.00015
0.00018
0.00021
0.00018
0.00012
0.00006
0.00006
0.00006
0.00003
0.00003
0.00009
0.00009
0.00012
0.00018
0.00015
0.00021
-0.00012
0.00031
0.00015
0.00009
0.00018
0.00018
0.00024
0.00015
0.00015
0.00009
0.00006
0.00003
0.00006
0.00003
0.00006
0.00006
0.00009
0.00015
0.00018
0.00015
0.00015
0.00015
0.00012
0.00012
0.00009
0.00009
0.00003
0.00003
0.00000
0.00000
0.00009
0.00006
0.00015
0.00012
0.00012
0.00012
0.00009
0.00012
0.00006
0.00003
0.00003
0.00006
0.00009
0.00015
0.00018
0.00018
0.00015
0.00015
0.00006
0.00000
0.00000
0.00000
0.00000
0.00003
0.00006
0.00012
0.00018
0.00021
0.00021
0.00021
0.00012
0.00006
0.00006
0.00000
-0.00006
-0.00003
0.00000
0.00003
0.00006
0.00012
0.00018
0.00015
0.00015
0.00015
0.00009
0.00003
0.00006
0.00006
0.00000
0.00000
0.00003
0.00000
0.00000
0.00000
0.00000
0.00006
0.00009
0.00009
0.00012
0.00012
0.00012
0.00006
0.00006
0.00009
0.00006
0.00003
0.00006
0.00006
0.00000
0.00000
0.00000
0.00000
0.00003
0.00006
0.00009
0.00015
0.00012
0.00003
0.00000
0.00000
-0.00003
-0.00009
-0.00006
0.00000
0.00000
0.00003
0.00000
0.00006
0.00009
0.00006
0.00006
0.00003
0.00003
0.00000
0.00000
-0.00003
-0.00006
-0.00006
-0.00009
0.00000
0.00003
0.00003
0.00009
0.00003
0.00003
0.00000
0.00000
0.00000
0.00000
0.00000
0.00000
0.00000
0.00000
-0.00009
-0.00006
-0.00012
0.00006
-0.00018
0.00024
-0.00037
0.00040
-0.00055
0.00058
-0.00089
0.00052
-0.01587
-0.05591
-0.01532
-0.02563
-0.02539
-0.00394
0.00302
0.03278
0.03351
0.03625
0.03131
0.04410
0.01556
-0.01852
-0.01785
-0.01462
-0.01917
-0.00806
-0.00232
-0.00009
0.00949
0.00525
-0.00067
0.01093
0.00851
-0.00424
-0.00330
0.00110
-0.00125
0.00021
0.00220
-0.00229
0.00076
0.00085
-0.00183
-0.00137
0.00134
0.00153
0.00305
0.00348
0.00159
0.00070
0.00031
0.00095
-0.00003
-0.00110
-0.00085
-0.00079
-0.00031
0.00125
0.00131
0.00052
-0.00046
0.00165
0.00168
0.00134
0.00134
0.00092
0.00150
0.00168
0.00064
0.00058
-0.00018
-0.00125
-0.00168
-0.00110
0.00003
-0.00076
-0.00098
-0.00076
0.00015
0.00089
0.00043
0.00067
0.00021
-0.00024
-0.00046
-0.00058
-0.00027
-0.00067
-0.00125
-0.00119
-0.00150
-0.00098
-0.00150
-0.00122
-0.00070
-0.00079
-0.00021
0.00006
0.00015
0.00015
-0.00024
-0.00021
-0.00061
-0.00031
-0.00070
-0.00131
-0.00137
-0.00150
-0.00153
-0.00177
-0.00214
-0.00189
-0.00143
-0.00052
0.00031
0.00079
0.00079
0.00024
0.00024
0.00009
-0.00024
-0.00073
-0.00085
-0.00076
-0.00134
-0.00217
-0.00204
-0.00177
-0.00171
-0.00186
-0.00174
-0.00119
-0.00070
-0.00049
-0.00043
-0.00006
0.00024
0.00012
-0.00012
-0.00043
-0.00113
-0.00177
-0.00186
-0.00137
-0.00113
-0.00128
-0.00131
-0.00110
-0.00064
-0.00027
-0.00015
-0.00003
0.00015
0.00027
0.00015
0.00003
0.00000
0.00000
-0.00015
-0.00061
-0.00101
-0.00119
-0.00137
-0.00150
-0.00134
-0.00089
-0.00064
-0.00073
-0.00058
-0.00021
0.00009
0.00015
0.00003
0.00009
0.00006
0.00000
-0.00021
0.00000
0.00000
0.00000
0.00000
0.00000
0.00000
0.00000
0.00000
0.00000
0.00000
0.00000
0.00000
0.00000
0.00000
0.00000
0.00000
0.00000
0.00000
0.00000
0.00000
0.00000
0.00000
0.00000
0.00000
0.00000
0.00000
0.00000
0.00000
0.00000
0.00000
0.00000
0.00000
0.00000
0.00000
0.00000
0.00000
0.00000
0.00000
0.00000
0.00000
0.00000
0.00000
0.00000
0.00000
0.00000
0.00000
0.00000
0.00000
0.00000
0.00000
0.00000
0.00000
0.00000
0.00000
0.00000
0.00000
0.00000
0.00000
0.00000
0.00000
0.00000
0.00000
0.00000
0.00000
0.00000
0.00000
0.00000
0.00000
0.00000
0.00000
0.00000
0.00000
0.00000
0.00000
0.00000
0.00000
0.00000
0.00000
0.00000
0.00000
0.00000
0.00000
0.00000
0.00000
0.00000
0.00000
0.00000
0.00000
0.00000
0.00000
0.00000
0.00000
0.00000
0.00000
0.00000
0.00000
0.00000
0.00000
0.00000
0.00000
0.00000
0.00000
0.00000
0.00000
0.00000
0.00000
0.00000
0.00000
0.00000
0.00000
0.00000
0.00000
0.00000
0.00000
0.00000
0.00000
0.00000
0.00000
0.00000
0.00000
0.00000
0.00000
0.00000
0.00000
0.00000
0.00000
0.00000
0.00000
0.00000
0.00000
0.00000
0.00000
0.00000
0.00000
0.00000
0.00000
0.00000
0.00000
0.00000
0.00000
0.00000
0.00000
0.00000
0.00000
0.00000
0.00000
0.00000
0.00000
0.00000
0.00000
0.00000
0.00000
0.00000
0.00000
