-0.00021
-0.00024
-0.00031
-0.00024
-0.00021
-0.00021
-0.00021
-0.00021
-0.00015
-0.00021
-0.00018
-0.00009
-0.00009
-0.00015
-0.00021
-0.00018
-0.00018
-0.00021
-0.00024
-0.00018
-0.00018
-0.00021
-0.00018
-0.00018
-0.00018
-0.00015
-0.00015
-0.00015
-0.00015
-0.00012
-0.00006
-0.00003
-0.00009
-0.00003
-0.00037
0.00003
-0.00015
-0.00021
-0.00015
-0.00021
-0.00012
-0.00012
-0.00003
-0.00003
-0.00006
-0.00009
-0.00009
-0.00009
-0.00015
-0.00018
-0.00015
-0.00009
-0.00006
-0.00006
-0.00003
-0.00006
-0.00009
-0.00012
-0.00012
-0.00009
-0.00009
-0.00006
-0.00006
-0.00006
-0.00003
-0.00006
-0.00009
-0.00006
-0.00009
-0.00009
0.00000
-0.00012
-0.00012
-0.00018
-0.00009
-0.00006
-0.00006
0.00000
0.00000
0.00000
-0.00003
0.00000
0.00000
0.00000
0.00000
-0.00003
-0.00003
-0.00006
-0.00009
-0.00006
-0.00003
-0.00009
-0.00009
0.00000
0.00003
0.00003
0.00000
0.00000
-0.00006
-0.00009
-0.00009
-0.00003
0.00000
0.00000
0.00000
0.00006
0.00006
0.00006
0.00000
0.00000
0.00000
-0.00006
-0.00006
0.00000
0.00003
0.00000
0.00006
0.00009
0.00000
0.00000
0.00000
0.00000
-0.00003
0.00000
0.00000
0.00009
0.00009
0.00006
0.00012
0.00009
0.00006
0.00000
0.00006
0.00006
0.00000
0.00000
0.00006
0.00012
0.00012
0.00015
0.00012
0.00006
0.00003
0.00003
0.00003
0.00000
0.00003
0.00000
0.00000
0.00009
0.00009
0.00006
0.00006
0.00009
0.00006
0.00012
0.00006
0.00009
0.00003
0.00000
0.00003
0.00006
0.00006
0.00000
0.00009
0.00015
0.00018
0.00021
0.00018
0.00018
0.00009
0.00009
0.00006
0.00003
0.00000
0.00000
0.00009
0.00012
0.00009
0.00009
0.00012
0.00015
0.00006
0.00006
0.00006
0.00000
0.00015
-0.00012
0.00031
-0.00012
0.00040
-0.00018
0.00037
0.00024
-0.00018
-0.01321
-0.06134
-0.01813
-0.02701
-0.00745
0.02469
0.03317
0.06152
0.00986
0.02356
0.00241
-0.00592
-0.01312
-0.02527
-0.01038
-0.00552
-0.00473
0.00806
0.01712
0.00748
-0.00052
-0.00323
-0.00098
-0.00027
-0.00143
0.00131
0.00018
0.00534
0.00363
-0.00201
-0.00082
0.00024
0.00003
-0.00076
0.00272
0.00272
0.00107
0.00461
0.00424
0.00262
0.00244
0.00174
0.00000
-0.00021
-0.00012
-0.00122
-0.00095
0.00064
-0.00073
0.00174
0.00247
0.00150
0.00031
0.00128
0.00259
0.00235
0.00198
0.00082
0.00125
0.00049
-0.00076
0.00058
-0.00067
-0.00116
-0.00076
-0.00024
0.00067
0.00119
0.00168
-0.00018
-0.00043
0.00052
0.00037
0.00171
0.00076
-0.00006
-0.00003
-0.00034
-0.00027
-0.00092
-0.00052
-0.00027
-0.00064
0.00018
-0.00061
-0.00052
-0.00037
-0.00034
0.00031
0.00018
0.00037
0.00037
-0.00034
0.00000
-0.00040
-0.00018
-0.00064
-0.00128
-0.00128
-0.00168
-0.00140
-0.00092
-0.00049
-0.00018
-0.00024
0.00003
0.00070
0.00095
0.00125
0.00031
-0.00034
-0.00076
-0.00095
-0.00113
-0.00153
-0.00092
-0.00034
-0.00040
-0.00043
-0.00110
-0.00131
-0.00140
-0.00101
-0.00031
-0.00006
0.00034
0.00031
0.00006
-0.00012
-0.00046
-0.00052
-0.00067
-0.00098
-0.00116
-0.00116
-0.00089
-0.00082
-0.00058
0.00000
0.00024
0.00015
-0.00003
0.00003
0.00000
-0.00031
-0.00015
0.00009
0.00031
0.00003
-0.00021
-0.00021
-0.00031
-0.00049
-0.00076
-0.00082
-0.00076
-0.00058
-0.00012
0.00006
0.00000
-0.00003
0.00018
0.00037
0.00024
0.00009
-0.00003
-0.00012
-0.00043
-0.00046
-0.00046
0.00000
0.00000
0.00000
0.00000
0.00000
0.00000
0.00000
0.00000
0.00000
0.00000
0.00000
0.00000
0.00000
0.00000
0.00000
0.00000
0.00000
0.00000
0.00000
0.00000
0.00000
0.00000
0.00000
0.00000
0.00000
0.00000
0.00000
0.00000
0.00000
0.00000
0.00000
0.00000
0.00000
0.00000
0.00000
0.00000
0.00000
0.00000
0.00000
0.00000
0.00000
0.00000
0.00000
0.00000
0.00000
0.00000
0.00000
0.00000
0.00000
0.00000
0.00000
0.00000
0.00000
0.00000
0.00000
0.00000
0.00000
0.00000
0.00000
0.00000
0.00000
0.00000
0.00000
0.00000
0.00000
0.00000
0.00000
0.00000
0.00000
0.00000
0.00000
0.00000
0.00000
0.00000
0.00000
0.00000
0.00000
0.00000
0.00000
0.00000
0.00000
0.00000
0.00000
0.00000
0.00000
0.00000
0.00000
0.00000
0.00000
0.00000
0.00000
0.00000
0.00000
0.00000
0.00000
0.00000
0.00000
0.00000
0.00000
0.00000
0.00000
0.00000
0.00000
0.00000
0.00000
0.00000
0.00000
0.00000
0.00000
0.00000
0.00000
0.00000
0.00000
0.00000
0.00000
0.00000
0.00000
0.00000
0.00000
0.00000
0.00000
0.00000
0.00000
0.00000
0.00000
0.00000
0.00000
0.00000
0.00000
0.00000
0.00000
0.00000
0.00000
0.00000
0.00000
0.00000
0.00000
0.00000
0.00000
0.00000
0.00000
0.00000
0.00000
0.00000
0.00000
0.00000
0.00000
