-0.00015
-0.00018
-0.00021
-0.00021
-0.00024
-0.00021
-0.00018
-0.00018
-0.00018
-0.00018
-0.00018
-0.00018
-0.00018
-0.00018
-0.00018
-0.00018
-0.00018
-0.00018
-0.00018
-0.00021
-0.00021
-0.00021
-0.00018
-0.00018
-0.00015
-0.00015
-0.00015
-0.00018
-0.00021
-0.00024
-0.00024
-0.00021
-0.00024
-0.00015
-0.00049
-0.00003
-0.00009
-0.00021
-0.00018
-0.00024
-0.00015
-0.00021
-0.00018
-0.00021
-0.00021
-0.00018
-0.00018
-0.00021
-0.00021
-0.00015
-0.00015
-0.00021
-0.00021
-0.00021
-0.00021
-0.00024
-0.00021
-0.00021
-0.00021
-0.00024
-0.00018
-0.00021
-0.00021
-0.00021
-0.00021
-0.00024
-0.00024
-0.00021
-0.00018
-0.00018
-0.00018
-0.00015
-0.00018
-0.00021
-0.00018
-0.00021
-0.00021
-0.00024
-0.00021
-0.00021
-0.00021
-0.00018
-0.00018
-0.00018
-0.00018
-0.00018
-0.00021
-0.00021
-0.00021
-0.00021
-0.00021
-0.00024
-0.00018
-0.00018
-0.00018
-0.00015
-0.00015
-0.00012
-0.00018
-0.00015
-0.00015
-0.00015
-0.00015
-0.00018
-0.00021
-0.00021
-0.00021
-0.00018
-0.00018
-0.00018
-0.00012
-0.00015
-0.00018
-0.00021
-0.00018
-0.00018
-0.00024
-0.00021
-0.00015
-0.00015
-0.00015
-0.00015
-0.00015
-0.00015
-0.00015
-0.00018
-0.00018
-0.00018
-0.00021
-0.00021
-0.00018
-0.00018
-0.00015
-0.00015
-0.00015
-0.00015
-0.00018
-0.00015
-0.00015
-0.00018
-0.00015
-0.00015
-0.00015
-0.00015
-0.00012
-0.00012
-0.00018
-0.00018
-0.00012
-0.00012
-0.00015
-0.00015
-0.00012
-0.00012
-0.00015
-0.00015
-0.00012
-0.00012
-0.00015
-0.00015
-0.00015
-0.00018
-0.00018
-0.00015
-0.00018
-0.00015
-0.00015
-0.00012
-0.00012
-0.00015
-0.00012
-0.00012
-0.00012
-0.00018
-0.00018
-0.00012
-0.00015
-0.00021
-0.00015
-0.00024
-0.00018
-0.00015
-0.00021
-0.00009
-0.00006
-0.00009
-0.00012
-0.00012
-0.00018
-0.00018
-0.00012
-0.00012
-0.00012
-0.00009
-0.00009
-0.00012
-0.00006
-0.00018
-0.00012
-0.00034
-0.00027
-0.00040
-0.00012
-0.00482
-0.01254
-0.00879
-0.00589
-0.00354
-0.00549
-0.00708
-0.00278
-0.00729
-0.00113
-0.00043
-0.00180
0.00311
0.00781
0.01678
0.01553
0.00671
-0.00165
-0.00656
-0.00519
-0.00394
0.00134
0.00403
0.00177
0.00314
0.00531
0.00638
0.00555
0.00137
-0.00272
-0.00247
-0.00046
0.00107
0.00131
0.00171
0.00058
-0.00034
0.00052
0.00101
0.00113
0.00137
0.00177
0.00143
0.00073
0.00034
0.00012
0.00043
0.00134
0.00073
0.00031
0.00073
0.00027
0.00006
0.00027
0.00079
0.00095
0.00082
0.00055
0.00049
0.00076
0.00018
0.00046
0.00119
0.00150
0.00070
-0.00021
-0.00021
-0.00021
0.00009
-0.00021
-0.00034
-0.00031
-0.00015
0.00067
0.00070
0.00040
-0.00021
-0.00061
-0.00043
-0.00043
-0.00015
-0.00015
-0.00040
-0.00049
-0.00037
-0.00037
-0.00089
-0.00101
-0.00031
0.00012
-0.00024
-0.00079
-0.00089
-0.00049
-0.00024
-0.00012
-0.00012
-0.00027
-0.00040
-0.00049
-0.00073
-0.00119
-0.00131
-0.00095
-0.00061
-0.00040
-0.00058
-0.00082
-0.00082
-0.00073
-0.00021
0.00018
0.00012
-0.00021
-0.00052
-0.00031
-0.00003
0.00000
-0.00046
-0.00085
-0.00076
-0.00070
-0.00070
-0.00095
-0.00122
-0.00104
-0.00058
-0.00034
-0.00049
-0.00058
-0.00027
-0.00009
-0.00015
-0.00031
-0.00052
-0.00070
-0.00082
-0.00095
-0.00089
-0.00046
0.00003
-0.00006
-0.00064
-0.00067
-0.00009
0.00012
-0.00021
-0.00037
-0.00015
0.00015
0.00000
-0.00015
-0.00006
0.00000
-0.00015
-0.00034
-0.00009
0.00009
-0.00006
-0.00037
-0.00034
-0.00009
-0.00009
-0.00037
-0.00049
-0.00043
0.00000
0.00000
0.00000
0.00000
0.00000
0.00000
0.00000
0.00000
0.00000
0.00000
0.00000
0.00000
0.00000
0.00000
0.00000
0.00000
0.00000
0.00000
0.00000
0.00000
0.00000
0.00000
0.00000
0.00000
0.00000
0.00000
0.00000
0.00000
0.00000
0.00000
0.00000
0.00000
0.00000
0.00000
0.00000
0.00000
0.00000
0.00000
0.00000
0.00000
0.00000
0.00000
0.00000
0.00000
0.00000
0.00000
0.00000
0.00000
0.00000
0.00000
0.00000
0.00000
0.00000
0.00000
0.00000
0.00000
0.00000
0.00000
0.00000
0.00000
0.00000
0.00000
0.00000
0.00000
0.00000
0.00000
0.00000
0.00000
0.00000
0.00000
0.00000
0.00000
0.00000
0.00000
0.00000
0.00000
0.00000
0.00000
0.00000
0.00000
0.00000
0.00000
0.00000
0.00000
0.00000
0.00000
0.00000
0.00000
0.00000
0.00000
0.00000
0.00000
0.00000
0.00000
0.00000
0.00000
0.00000
0.00000
0.00000
0.00000
0.00000
0.00000
0.00000
0.00000
0.00000
0.00000
0.00000
0.00000
0.00000
0.00000
0.00000
0.00000
0.00000
0.00000
0.00000
0.00000
0.00000
0.00000
0.00000
0.00000
0.00000
0.00000
0.00000
0.00000
0.00000
0.00000
0.00000
0.00000
0.00000
0.00000
0.00000
0.00000
0.00000
0.00000
0.00000
0.00000
0.00000
0.00000
0.00000
0.00000
0.00000
0.00000
0.00000
