-0.00024
-0.00021
-0.00018
-0.00021
-0.00021
-0.00015
-0.00015
-0.00015
-0.00021
-0.00018
-0.00024
-0.00018
-0.00015
-0.00024
-0.00021
-0.00018
-0.00018
-0.00021
-0.00015
-0.00024
-0.00018
-0.00015
-0.00024
-0.00024
-0.00021
-0.00015
-0.00027
-0.00031
-0.00018
-0.00021
-0.00027
-0.00031
-0.00024
-0.00015
-0.00052
-0.00006
-0.00006
-0.00012
-0.00009
-0.00018
-0.00012
-0.00009
-0.00021
-0.00027
-0.00027
-0.00027
-0.00031
-0.00034
-0.00034
-0.00021
-0.00012
-0.00009
-0.00009
-0.00024
0.00003
-0.00018
-0.00031
-0.00031
-0.00031
-0.00021
-0.00034
-0.00018
-0.00015
-0.00015
-0.00018
-0.00009
-0.00018
-0.00021
-0.00006
-0.00021
-0.00024
-0.00018
-0.00015
-0.00031
-0.00021
-0.00024
-0.00021
-0.00015
-0.00021
-0.00021
-0.00021
-0.00009
-0.00009
-0.00015
-0.00012
-0.00018
-0.00021
-0.00027
-0.00034
-0.00027
-0.00027
-0.00021
-0.00015
-0.00009
0.00000
-0.00012
-0.00021
-0.00015
-0.00012
-0.00034
-0.00024
-0.00012
-0.00021
-0.00021
-0.00015
-0.00006
-0.00015
-0.00018
-0.00021
-0.00021
-0.00015
-0.00018
-0.00018
-0.00015
-0.00015
-0.00024
-0.00018
-0.00006
-0.00012
-0.00018
-0.00015
-0.00009
-0.00015
-0.00012
-0.00012
-0.00012
-0.00012
-0.00015
-0.00021
-0.00024
-0.00015
-0.00018
-0.00021
-0.00015
-0.00009
-0.00015
-0.00015
-0.00003
-0.00009
-0.00003
-0.00015
-0.00012
-0.00006
-0.00012
-0.00015
-0.00009
-0.00003
-0.00015
-0.00012
-0.00012
-0.00015
-0.00012
-0.00018
-0.00015
-0.00021
-0.00021
-0.00018
-0.00012
0.00000
-0.00012
-0.00006
0.00000
-0.00006
-0.00012
-0.00018
-0.00015
-0.00006
-0.00012
0.00000
-0.00031
0.00021
-0.00061
0.00034
-0.00061
0.00012
0.00000
-0.00104
0.00214
-0.00378
-0.01712
-0.19333
-0.04550
0.05405
-0.01486
0.01849
0.04776
0.15155
0.06815
0.00360
-0.03723
0.01755
-0.02249
-0.08133
-0.03467
0.01938
0.03745
-0.00558
0.02359
0.03232
0.01767
-0.00656
-0.02728
-0.00516
0.00967
0.00656
-0.00882
0.00366
0.01376
-0.00314
-0.01022
-0.00153
0.00293
-0.00635
0.00302
0.00372
-0.00348
0.00574
0.01126
0.00247
0.00131
0.00650
-0.00360
-0.00290
-0.00085
-0.00403
-0.00204
0.00314
-0.00244
-0.00314
0.00244
0.00378
-0.00162
-0.00055
0.00589
0.00247
-0.00104
0.00134
0.00439
0.00116
-0.00290
-0.00140
-0.00223
-0.00229
-0.00238
-0.00214
0.00165
0.00107
-0.00092
-0.00034
0.00156
0.00101
-0.00232
-0.00034
0.00183
0.00000
-0.00186
-0.00217
-0.00085
-0.00119
-0.00229
-0.00043
-0.00232
-0.00238
-0.00146
0.00046
0.00122
-0.00015
0.00006
0.00085
0.00043
-0.00110
-0.00159
0.00040
-0.00034
-0.00134
-0.00156
-0.00211
-0.00241
-0.00235
-0.00214
-0.00180
-0.00125
-0.00003
0.00092
0.00140
0.00183
0.00131
0.00153
0.00027
-0.00101
-0.00150
-0.00143
-0.00150
-0.00189
-0.00024
0.00055
-0.00107
-0.00183
-0.00211
-0.00238
-0.00223
-0.00131
0.00003
0.00067
0.00122
0.00125
0.00095
0.00003
-0.00107
-0.00101
-0.00095
-0.00143
-0.00232
-0.00217
-0.00119
-0.00095
-0.00052
0.00092
0.00150
0.00055
-0.00043
0.00000
0.00092
0.00076
0.00037
0.00043
0.00076
0.00043
-0.00006
-0.00018
-0.00052
-0.00119
-0.00131
-0.00061
-0.00003
-0.00031
-0.00064
-0.00015
0.00027
0.00040
0.00070
0.00116
0.00122
0.00073
0.00006
-0.00043
-0.00079
-0.00055
0.00000
0.00037
0.00027
0.00000
-0.00015
0.00012
0.00064
0.00082
0.00082
0.00055
-0.00024
0.00000
0.00000
0.00000
0.00000
0.00000
0.00000
0.00000
0.00000
0.00000
0.00000
0.00000
0.00000
0.00000
0.00000
0.00000
0.00000
0.00000
0.00000
0.00000
0.00000
0.00000
0.00000
0.00000
0.00000
0.00000
0.00000
0.00000
0.00000
0.00000
0.00000
0.00000
0.00000
0.00000
0.00000
0.00000
0.00000
0.00000
0.00000
0.00000
0.00000
0.00000
0.00000
0.00000
0.00000
0.00000
0.00000
0.00000
0.00000
0.00000
0.00000
0.00000
0.00000
0.00000
0.00000
0.00000
0.00000
0.00000
0.00000
0.00000
0.00000
0.00000
0.00000
0.00000
0.00000
0.00000
0.00000
0.00000
0.00000
0.00000
0.00000
0.00000
0.00000
0.00000
0.00000
0.00000
0.00000
0.00000
0.00000
0.00000
0.00000
0.00000
0.00000
0.00000
0.00000
0.00000
0.00000
0.00000
0.00000
0.00000
0.00000
0.00000
0.00000
0.00000
0.00000
0.00000
0.00000
0.00000
0.00000
0.00000
0.00000
0.00000
0.00000
0.00000
0.00000
0.00000
0.00000
0.00000
0.00000
0.00000
0.00000
0.00000
0.00000
0.00000
0.00000
0.00000
0.00000
0.00000
0.00000
0.00000
0.00000
0.00000
0.00000
0.00000
0.00000
0.00000
0.00000
0.00000
0.00000
0.00000
0.00000
0.00000
0.00000
0.00000
0.00000
0.00000
0.00000
0.00000
0.00000
0.00000
0.00000
0.00000
0.00000
0.00000
0.00000
0.00000
0.00000
0.00000
0.00000
0.00000
0.00000
0.00000
0.00000
0.00000
