-0.00012
-0.00015
-0.00018
-0.00018
-0.00018
-0.00015
-0.00012
-0.00012
-0.00012
-0.00012
-0.00015
-0.00015
-0.00015
-0.00018
-0.00018
-0.00018
-0.00015
-0.00015
-0.00015
-0.00015
-0.00015
-0.00012
-0.00012
-0.00018
-0.00015
-0.00009
-0.00009
-0.00012
-0.00012
-0.00012
-0.00012
-0.00015
-0.00015
-0.00009
-0.00040
0.00000
-0.00009
-0.00012
-0.00009
-0.00018
-0.00009
-0.00012
-0.00009
-0.00012
-0.00012
-0.00012
-0.00012
-0.00009
-0.00009
-0.00009
-0.00015
-0.00015
-0.00006
-0.00009
-0.00009
-0.00009
-0.00006
-0.00006
-0.00012
-0.00009
-0.00009
-0.00015
-0.00015
-0.00009
-0.00006
-0.00009
-0.00012
-0.00003
-0.00003
-0.00009
-0.00009
-0.00006
-0.00006
-0.00009
-0.00009
-0.00003
-0.00003
-0.00012
-0.00009
-0.00009
-0.00009
-0.00009
-0.00009
-0.00006
-0.00006
-0.00006
-0.00003
-0.00003
-0.00006
-0.00003
0.00000
-0.00003
-0.00006
-0.00003
-0.00006
-0.00009
-0.00009
-0.00006
-0.00003
-0.00003
-0.00003
0.00000
0.00000
-0.00003
-0.00003
0.00000
-0.00003
-0.00009
-0.00006
-0.00003
-0.00006
-0.00006
-0.00003
0.00000
0.00000
-0.00003
0.00000
0.00000
0.00000
-0.00006
-0.00003
-0.00003
-0.00003
-0.00003
-0.00003
0.00000
-0.00006
-0.00006
-0.00006
-0.00009
-0.00006
-0.00006
-0.00003
0.00000
0.00000
0.00000
0.00000
-0.00003
-0.00003
-0.00003
-0.00003
-0.00006
-0.00006
-0.00003
-0.00003
-0.00003
-0.00003
-0.00003
-0.00003
-0.00003
-0.00003
0.00000
-0.00003
-0.00003
-0.00003
-0.00006
-0.00009
-0.00006
-0.00003
-0.00006
-0.00006
0.00000
0.00000
-0.00003
-0.00006
-0.00009
-0.00006
-0.00006
-0.00006
-0.00009
-0.00009
-0.00006
-0.00006
-0.00003
-0.00003
-0.00006
-0.00006
-0.00006
-0.00006
-0.00015
-0.00012
-0.00006
-0.00015
-0.00006
0.00000
0.00000
-0.00006
0.00000
-0.00003
-0.00003
-0.00003
-0.00009
-0.00003
-0.00006
-0.00009
-0.00006
-0.00006
-0.00009
-0.00024
-0.00006
-0.00043
-0.00012
-0.00018
0.00070
-0.00046
-0.00107
-0.01416
-0.03183
-0.01865
-0.01700
-0.00742
0.00095
0.00790
0.02451
0.02240
0.01840
0.00870
0.00302
-0.00519
-0.01257
-0.00754
-0.00674
-0.00385
0.00339
0.00555
0.00842
0.01044
0.00491
0.00003
0.00046
0.00021
0.00037
0.00098
0.00098
0.00058
0.00131
0.00116
0.00043
0.00067
-0.00067
-0.00098
0.00119
0.00089
0.00137
0.00266
0.00211
0.00232
0.00140
0.00046
0.00000
0.00009
-0.00070
-0.00107
-0.00021
-0.00009
0.00009
0.00092
0.00150
0.00171
0.00140
0.00085
0.00098
0.00113
0.00043
0.00024
0.00055
0.00040
0.00018
-0.00018
-0.00031
-0.00040
-0.00049
-0.00031
-0.00021
0.00015
0.00012
0.00031
0.00085
0.00018
-0.00003
-0.00034
-0.00031
-0.00024
-0.00040
-0.00049
-0.00092
-0.00058
-0.00040
-0.00076
-0.00116
-0.00128
-0.00034
0.00009
-0.00018
-0.00052
-0.00043
-0.00024
-0.00021
-0.00034
-0.00052
-0.00064
-0.00027
-0.00040
-0.00113
-0.00159
-0.00146
-0.00095
-0.00082
-0.00134
-0.00128
-0.00064
-0.00006
-0.00009
0.00000
0.00046
0.00037
-0.00012
-0.00064
-0.00082
-0.00073
-0.00082
-0.00092
-0.00085
-0.00061
-0.00067
-0.00104
-0.00131
-0.00125
-0.00092
-0.00061
-0.00052
-0.00043
-0.00027
-0.00015
-0.00018
-0.00027
-0.00040
-0.00079
-0.00107
-0.00113
-0.00122
-0.00113
-0.00085
-0.00040
-0.00012
-0.00024
-0.00027
-0.00021
-0.00037
-0.00058
-0.00040
0.00003
0.00012
-0.00009
-0.00015
0.00006
0.00000
-0.00046
-0.00076
-0.00067
-0.00049
-0.00061
-0.00067
-0.00018
0.00018
0.00000
0.00000
0.00000
0.00000
0.00000
0.00000
0.00000
0.00000
0.00000
0.00000
0.00000
0.00000
0.00000
0.00000
0.00000
0.00000
0.00000
0.00000
0.00000
0.00000
0.00000
0.00000
0.00000
0.00000
0.00000
0.00000
0.00000
0.00000
0.00000
0.00000
0.00000
0.00000
0.00000
0.00000
0.00000
0.00000
0.00000
0.00000
0.00000
0.00000
0.00000
0.00000
0.00000
0.00000
0.00000
0.00000
0.00000
0.00000
0.00000
0.00000
0.00000
0.00000
0.00000
0.00000
0.00000
0.00000
0.00000
0.00000
0.00000
0.00000
0.00000
0.00000
0.00000
0.00000
0.00000
0.00000
0.00000
0.00000
0.00000
0.00000
0.00000
0.00000
0.00000
0.00000
0.00000
0.00000
0.00000
0.00000
0.00000
0.00000
0.00000
0.00000
0.00000
0.00000
0.00000
0.00000
0.00000
0.00000
0.00000
0.00000
0.00000
0.00000
0.00000
0.00000
0.00000
0.00000
0.00000
0.00000
0.00000
0.00000
0.00000
0.00000
0.00000
0.00000
0.00000
0.00000
0.00000
0.00000
0.00000
0.00000
0.00000
0.00000
0.00000
0.00000
0.00000
0.00000
0.00000
0.00000
0.00000
0.00000
0.00000
0.00000
0.00000
0.00000
0.00000
0.00000
0.00000
0.00000
0.00000
0.00000
0.00000
0.00000
0.00000
0.00000
0.00000
0.00000
0.00000
0.00000
0.00000
0.00000
0.00000
0.00000
0.00000
0.00000
0.00000
0.00000
0.00000
