-0.00006
-0.00009
-0.00006
-0.00006
-0.00012
-0.00012
-0.00009
-0.00009
-0.00006
-0.00009
-0.00006
-0.00006
-0.00009
-0.00009
-0.00012
-0.00009
-0.00009
-0.00009
-0.00006
-0.00006
-0.00015
-0.00012
-0.00006
-0.00009
-0.00006
-0.00009
-0.00006
-0.00012
-0.00009
-0.00012
-0.00018
-0.00015
-0.00015
-0.00006
-0.00037
0.00009
-0.00006
-0.00015
-0.00012
-0.00018
-0.00009
-0.00018
-0.00015
-0.00009
-0.00018
-0.00012
-0.00003
-0.00015
-0.00018
-0.00018
-0.00018
-0.00015
-0.00018
-0.00012
-0.00024
-0.00018
-0.00003
-0.00018
-0.00009
-0.00012
-0.00021
-0.00015
-0.00018
-0.00024
-0.00009
-0.00015
-0.00018
-0.00015
-0.00018
-0.00012
-0.00012
-0.00021
-0.00018
-0.00012
-0.00021
-0.00021
-0.00018
-0.00021
-0.00021
-0.00024
-0.00024
-0.00027
-0.00021
-0.00024
-0.00031
-0.00018
-0.00015
-0.00018
-0.00021
-0.00018
-0.00018
-0.00018
-0.00027
-0.00031
-0.00027
-0.00027
-0.00024
-0.00021
-0.00027
-0.00021
-0.00024
-0.00027
-0.00021
-0.00027
-0.00027
-0.00031
-0.00034
-0.00027
-0.00024
-0.00027
-0.00024
-0.00024
-0.00027
-0.00034
-0.00027
-0.00027
-0.00031
-0.00031
-0.00027
-0.00027
-0.00027
-0.00034
-0.00024
-0.00024
-0.00031
-0.00027
-0.00027
-0.00027
-0.00027
-0.00031
-0.00034
-0.00031
-0.00027
-0.00031
-0.00034
-0.00027
-0.00027
-0.00034
-0.00031
-0.00034
-0.00031
-0.00027
-0.00034
-0.00031
-0.00027
-0.00031
-0.00037
-0.00034
-0.00037
-0.00037
-0.00034
-0.00037
-0.00031
-0.00027
-0.00034
-0.00031
-0.00031
-0.00037
-0.00037
-0.00034
-0.00031
-0.00037
-0.00037
-0.00037
-0.00034
-0.00034
-0.00037
-0.00037
-0.00027
-0.00037
-0.00021
-0.00049
-0.00006
-0.00082
0.00046
-0.00159
0.00131
-0.00269
0.00272
-0.00449
0.00516
-0.04602
-0.10248
0.02362
-0.00369
-0.01328
-0.00589
-0.00967
0.03265
0.05798
0.00351
0.00601
0.04172
0.00378
0.00757
0.01419
0.01404
-0.01987
-0.01141
-0.01428
-0.00653
0.01703
-0.00659
-0.01675
0.01749
0.01849
0.00421
0.00546
-0.00278
-0.00937
-0.00015
-0.00098
-0.00534
0.00107
-0.00119
-0.00079
0.00211
0.00519
0.00183
0.00311
-0.00058
0.00168
0.00250
0.00031
-0.00101
-0.00153
-0.00220
0.00061
0.00134
-0.00131
-0.00070
-0.00064
-0.00253
-0.00220
0.00339
0.00107
-0.00058
0.00104
0.00238
0.00296
0.00073
-0.00165
-0.00052
0.00058
-0.00079
-0.00250
-0.00116
0.00052
-0.00165
-0.00140
-0.00079
-0.00003
-0.00079
-0.00195
0.00012
0.00162
-0.00012
-0.00095
-0.00150
-0.00031
-0.00067
-0.00198
-0.00204
-0.00272
-0.00183
-0.00162
-0.00034
-0.00009
-0.00125
-0.00128
-0.00037
-0.00046
-0.00055
-0.00110
-0.00055
-0.00027
-0.00003
-0.00104
-0.00220
-0.00223
-0.00195
-0.00186
-0.00174
-0.00220
-0.00140
-0.00073
-0.00037
-0.00018
-0.00006
0.00015
-0.00015
0.00009
0.00046
0.00012
-0.00089
-0.00101
-0.00055
-0.00101
-0.00238
-0.00253
-0.00244
-0.00217
-0.00168
-0.00143
-0.00110
-0.00082
-0.00052
-0.00015
-0.00006
-0.00040
-0.00070
-0.00043
-0.00034
-0.00107
-0.00168
-0.00195
-0.00171
-0.00134
-0.00095
-0.00046
-0.00052
-0.00067
-0.00067
-0.00027
0.00021
0.00018
-0.00003
0.00003
0.00018
0.00015
0.00009
0.00006
-0.00043
-0.00098
-0.00092
-0.00061
-0.00067
-0.00116
-0.00140
-0.00113
-0.00064
-0.00027
0.00003
0.00031
0.00058
0.00031
-0.00009
-0.00040
-0.00046
-0.00021
-0.00031
-0.00037
-0.00037
-0.00037
-0.00046
-0.00037
-0.00012
0.00009
0.00003
0.00000
0.00000
0.00000
0.00000
0.00000
0.00000
0.00000
0.00000
0.00000
0.00000
0.00000
0.00000
0.00000
0.00000
0.00000
0.00000
0.00000
0.00000
0.00000
0.00000
0.00000
0.00000
0.00000
0.00000
0.00000
0.00000
0.00000
0.00000
0.00000
0.00000
0.00000
0.00000
0.00000
0.00000
0.00000
0.00000
0.00000
0.00000
0.00000
0.00000
0.00000
0.00000
0.00000
0.00000
0.00000
0.00000
0.00000
0.00000
0.00000
0.00000
0.00000
0.00000
0.00000
0.00000
0.00000
0.00000
0.00000
0.00000
0.00000
0.00000
0.00000
0.00000
0.00000
0.00000
0.00000
0.00000
0.00000
0.00000
0.00000
0.00000
0.00000
0.00000
0.00000
0.00000
0.00000
0.00000
0.00000
0.00000
0.00000
0.00000
0.00000
0.00000
0.00000
0.00000
0.00000
0.00000
0.00000
0.00000
0.00000
0.00000
0.00000
0.00000
0.00000
0.00000
0.00000
0.00000
0.00000
0.00000
0.00000
0.00000
0.00000
0.00000
0.00000
0.00000
0.00000
0.00000
0.00000
0.00000
0.00000
0.00000
0.00000
0.00000
0.00000
0.00000
0.00000
0.00000
0.00000
0.00000
0.00000
0.00000
0.00000
0.00000
0.00000
0.00000
0.00000
0.00000
0.00000
0.00000
0.00000
0.00000
0.00000
0.00000
0.00000
0.00000
0.00000
0.00000
0.00000
0.00000
0.00000
0.00000
0.00000
0.00000
0.00000
0.00000
0.00000
0.00000
0.00000
0.00000
0.00000
0.00000
0.00000
0.00000
0.00000
