-0.00027
-0.00027
-0.00024
-0.00024
-0.00027
-0.00021
-0.00015
-0.00015
-0.00015
-0.00021
-0.00021
-0.00024
-0.00021
-0.00027
-0.00031
-0.00024
-0.00018
-0.00024
-0.00021
-0.00012
-0.00012
-0.00009
-0.00006
-0.00006
-0.00018
-0.00027
-0.00027
-0.00024
-0.00027
-0.00031
-0.00021
-0.00015
-0.00021
-0.00018
-0.00043
0.00000
-0.00018
-0.00034
-0.00024
-0.00031
-0.00024
-0.00024
-0.00018
-0.00021
-0.00021
-0.00021
-0.00021
-0.00015
-0.00006
-0.00012
-0.00018
-0.00021
-0.00009
-0.00027
-0.00027
-0.00003
-0.00018
-0.00034
-0.00031
-0.00015
-0.00012
-0.00018
-0.00027
-0.00015
-0.00012
-0.00015
-0.00012
-0.00021
-0.00018
-0.00024
-0.00037
-0.00034
-0.00021
-0.00027
-0.00027
-0.00015
-0.00015
-0.00018
-0.00015
-0.00006
-0.00015
-0.00018
-0.00015
-0.00024
-0.00031
-0.00021
-0.00012
-0.00012
-0.00012
-0.00012
-0.00012
-0.00018
-0.00027
-0.00034
-0.00024
-0.00021
-0.00031
-0.00031
-0.00006
-0.00006
-0.00021
-0.00012
-0.00012
-0.00024
-0.00027
-0.00018
-0.00018
-0.00018
-0.00018
-0.00018
-0.00015
-0.00015
-0.00031
-0.00037
-0.00024
-0.00015
-0.00015
-0.00006
-0.00006
-0.00006
-0.00009
-0.00009
-0.00015
-0.00024
-0.00027
-0.00027
-0.00021
-0.00015
-0.00012
-0.00009
-0.00006
-0.00006
-0.00015
-0.00018
-0.00015
-0.00015
-0.00034
-0.00031
-0.00021
-0.00021
-0.00018
-0.00015
-0.00006
-0.00009
-0.00006
-0.00003
0.00000
-0.00012
-0.00021
-0.00018
-0.00018
-0.00021
-0.00027
-0.00018
-0.00009
-0.00015
-0.00006
-0.00006
-0.00006
-0.00006
-0.00018
-0.00015
-0.00012
-0.00012
-0.00015
-0.00015
-0.00015
-0.00003
-0.00015
-0.00003
-0.00027
0.00012
-0.00092
0.00079
-0.00186
0.00229
-0.00357
0.00507
-0.00732
0.00912
-0.09589
-0.17395
0.00638
0.03009
0.00073
0.03400
0.13159
0.11926
0.05283
-0.03235
-0.02591
0.00610
-0.07126
-0.06934
-0.02554
0.04288
0.02179
0.01096
0.04337
0.02618
0.00439
-0.02060
-0.02206
0.00134
0.01855
-0.00626
-0.01007
0.01028
0.00793
-0.00824
-0.01141
0.00064
-0.00201
-0.00171
0.00781
0.00201
0.00375
0.00909
0.00702
-0.00064
0.00467
0.00229
-0.00656
-0.00540
-0.00211
-0.00369
0.00034
0.00214
-0.00284
-0.00070
0.00504
0.00259
-0.00208
0.00208
0.00534
-0.00046
-0.00137
0.00305
0.00333
-0.00107
-0.00272
-0.00299
-0.00275
-0.00201
-0.00192
-0.00015
0.00168
0.00095
-0.00040
0.00040
0.00229
-0.00073
-0.00183
-0.00015
0.00101
-0.00156
-0.00250
-0.00125
-0.00098
-0.00211
-0.00229
-0.00153
-0.00146
-0.00150
-0.00040
0.00024
0.00031
-0.00012
0.00037
0.00058
-0.00052
-0.00122
-0.00052
-0.00027
-0.00137
-0.00165
-0.00171
-0.00247
-0.00284
-0.00256
-0.00223
-0.00146
-0.00079
0.00049
0.00122
0.00180
0.00168
0.00171
0.00101
-0.00055
-0.00186
-0.00229
-0.00168
-0.00177
-0.00119
0.00006
-0.00024
-0.00153
-0.00192
-0.00214
-0.00287
-0.00256
-0.00089
0.00061
0.00150
0.00137
0.00092
0.00027
-0.00067
-0.00131
-0.00156
-0.00168
-0.00214
-0.00241
-0.00189
-0.00089
-0.00034
0.00024
0.00101
0.00070
-0.00006
-0.00015
0.00031
0.00034
0.00012
0.00055
0.00085
0.00031
-0.00034
-0.00043
-0.00043
-0.00110
-0.00177
-0.00122
-0.00009
-0.00003
-0.00058
-0.00037
0.00034
0.00034
0.00012
0.00055
0.00113
0.00095
0.00000
-0.00070
-0.00089
-0.00070
-0.00031
0.00015
0.00027
0.00000
-0.00049
-0.00052
0.00031
0.00092
0.00092
0.00079
-0.00018
0.00000
0.00000
0.00000
0.00000
0.00000
0.00000
0.00000
0.00000
0.00000
0.00000
0.00000
0.00000
0.00000
0.00000
0.00000
0.00000
0.00000
0.00000
0.00000
0.00000
0.00000
0.00000
0.00000
0.00000
0.00000
0.00000
0.00000
0.00000
0.00000
0.00000
0.00000
0.00000
0.00000
0.00000
0.00000
0.00000
0.00000
0.00000
0.00000
0.00000
0.00000
0.00000
0.00000
0.00000
0.00000
0.00000
0.00000
0.00000
0.00000
0.00000
0.00000
0.00000
0.00000
0.00000
0.00000
0.00000
0.00000
0.00000
0.00000
0.00000
0.00000
0.00000
0.00000
0.00000
0.00000
0.00000
0.00000
0.00000
0.00000
0.00000
0.00000
0.00000
0.00000
0.00000
0.00000
0.00000
0.00000
0.00000
0.00000
0.00000
0.00000
0.00000
0.00000
0.00000
0.00000
0.00000
0.00000
0.00000
0.00000
0.00000
0.00000
0.00000
0.00000
0.00000
0.00000
0.00000
0.00000
0.00000
0.00000
0.00000
0.00000
0.00000
0.00000
0.00000
0.00000
0.00000
0.00000
0.00000
0.00000
0.00000
0.00000
0.00000
0.00000
0.00000
0.00000
0.00000
0.00000
0.00000
0.00000
0.00000
0.00000
0.00000
0.00000
0.00000
0.00000
0.00000
0.00000
0.00000
0.00000
0.00000
0.00000
0.00000
0.00000
0.00000
0.00000
0.00000
0.00000
0.00000
0.00000
0.00000
0.00000
0.00000
0.00000
0.00000
0.00000
0.00000
0.00000
0.00000
0.00000
0.00000
0.00000
0.00000
0.00000
