-0.00018
-0.00018
-0.00018
-0.00021
-0.00018
-0.00018
-0.00018
-0.00021
-0.00027
-0.00024
-0.00021
-0.00018
-0.00018
-0.00018
-0.00018
-0.00021
-0.00021
-0.00021
-0.00018
-0.00021
-0.00024
-0.00018
-0.00018
-0.00018
-0.00021
-0.00027
-0.00024
-0.00024
-0.00018
-0.00021
-0.00018
-0.00018
-0.00018
-0.00012
-0.00046
0.00000
-0.00021
-0.00031
-0.00024
-0.00027
-0.00015
-0.00018
-0.00012
-0.00015
-0.00015
-0.00018
-0.00018
-0.00018
-0.00021
-0.00027
-0.00027
-0.00024
-0.00024
-0.00024
-0.00021
-0.00018
-0.00018
-0.00015
-0.00012
-0.00015
-0.00018
-0.00021
-0.00024
-0.00021
-0.00021
-0.00027
-0.00021
-0.00021
-0.00021
-0.00018
-0.00015
-0.00018
-0.00018
-0.00018
-0.00012
-0.00015
-0.00018
-0.00018
-0.00021
-0.00024
-0.00021
-0.00021
-0.00018
-0.00015
-0.00015
-0.00012
-0.00012
-0.00012
-0.00018
-0.00021
-0.00021
-0.00021
-0.00018
-0.00021
-0.00018
-0.00018
-0.00015
-0.00009
-0.00006
-0.00009
-0.00018
-0.00015
-0.00018
-0.00021
-0.00021
-0.00015
-0.00018
-0.00018
-0.00012
-0.00015
-0.00018
-0.00018
-0.00018
-0.00021
-0.00021
-0.00021
-0.00021
-0.00015
-0.00015
-0.00012
-0.00009
-0.00009
-0.00015
-0.00021
-0.00021
-0.00024
-0.00024
-0.00021
-0.00018
-0.00015
-0.00012
-0.00009
-0.00006
-0.00012
-0.00018
-0.00018
-0.00024
-0.00024
-0.00018
-0.00018
-0.00021
-0.00018
-0.00015
-0.00012
-0.00015
-0.00015
-0.00015
-0.00018
-0.00018
-0.00015
-0.00018
-0.00012
-0.00015
-0.00015
-0.00018
-0.00015
-0.00021
-0.00021
-0.00018
-0.00018
-0.00021
-0.00018
-0.00018
-0.00018
-0.00021
-0.00015
-0.00012
-0.00015
-0.00012
-0.00012
-0.00015
-0.00018
-0.00021
-0.00024
-0.00021
-0.00018
-0.00021
-0.00015
-0.00012
-0.00018
-0.00012
-0.00015
-0.00006
-0.00027
-0.00006
-0.00037
-0.00006
-0.00031
-0.00018
-0.00021
-0.00052
-0.00745
-0.04721
-0.03250
-0.02124
-0.01840
-0.00125
0.00330
0.02292
0.03180
0.03513
0.03525
0.03827
0.01184
-0.01810
-0.02158
-0.01584
-0.01221
-0.00662
-0.00363
-0.00095
0.00546
0.00467
0.00305
0.00912
0.00537
-0.00250
-0.00220
0.00012
0.00153
0.00235
0.00137
-0.00082
-0.00058
-0.00262
-0.00281
-0.00009
0.00031
0.00052
0.00195
0.00177
0.00174
0.00278
0.00348
0.00220
0.00146
0.00055
-0.00122
-0.00031
-0.00040
-0.00079
-0.00119
-0.00113
-0.00070
0.00122
0.00281
0.00174
0.00150
0.00247
0.00250
0.00134
0.00043
0.00052
-0.00021
-0.00143
-0.00217
-0.00162
-0.00003
-0.00037
-0.00116
-0.00027
0.00110
0.00107
0.00000
0.00034
0.00070
0.00012
-0.00037
-0.00049
-0.00012
-0.00043
-0.00128
-0.00131
-0.00122
-0.00150
-0.00171
-0.00082
0.00000
0.00006
-0.00031
-0.00003
0.00021
0.00031
-0.00006
-0.00021
-0.00040
-0.00052
-0.00079
-0.00116
-0.00119
-0.00150
-0.00183
-0.00204
-0.00211
-0.00143
-0.00070
-0.00027
0.00018
0.00076
0.00122
0.00076
0.00024
0.00009
-0.00003
-0.00058
-0.00131
-0.00162
-0.00143
-0.00153
-0.00143
-0.00140
-0.00156
-0.00159
-0.00134
-0.00098
-0.00085
-0.00049
0.00003
0.00043
0.00034
-0.00009
-0.00024
-0.00037
-0.00092
-0.00153
-0.00177
-0.00165
-0.00146
-0.00131
-0.00082
-0.00031
-0.00015
-0.00027
-0.00018
0.00024
0.00049
0.00024
0.00000
0.00012
0.00018
0.00003
-0.00024
-0.00055
-0.00098
-0.00122
-0.00104
-0.00061
-0.00055
-0.00095
-0.00107
-0.00064
-0.00006
0.00012
0.00012
0.00031
0.00046
0.00037
0.00012
-0.00012
-0.00021
0.00000
0.00000
0.00000
0.00000
0.00000
0.00000
0.00000
0.00000
0.00000
0.00000
0.00000
0.00000
0.00000
0.00000
0.00000
0.00000
0.00000
0.00000
0.00000
0.00000
0.00000
0.00000
0.00000
0.00000
0.00000
0.00000
0.00000
0.00000
0.00000
0.00000
0.00000
0.00000
0.00000
0.00000
0.00000
0.00000
0.00000
0.00000
0.00000
0.00000
0.00000
0.00000
0.00000
0.00000
0.00000
0.00000
0.00000
0.00000
0.00000
0.00000
0.00000
0.00000
0.00000
0.00000
0.00000
0.00000
0.00000
0.00000
0.00000
0.00000
0.00000
0.00000
0.00000
0.00000
0.00000
0.00000
0.00000
0.00000
0.00000
0.00000
0.00000
0.00000
0.00000
0.00000
0.00000
0.00000
0.00000
0.00000
0.00000
0.00000
0.00000
0.00000
0.00000
0.00000
0.00000
0.00000
0.00000
0.00000
0.00000
0.00000
0.00000
0.00000
0.00000
0.00000
0.00000
0.00000
0.00000
0.00000
0.00000
0.00000
0.00000
0.00000
0.00000
0.00000
0.00000
0.00000
0.00000
0.00000
0.00000
0.00000
0.00000
0.00000
0.00000
0.00000
0.00000
0.00000
0.00000
0.00000
0.00000
0.00000
0.00000
0.00000
0.00000
0.00000
0.00000
0.00000
0.00000
0.00000
0.00000
0.00000
0.00000
0.00000
0.00000
0.00000
0.00000
0.00000
0.00000
0.00000
0.00000
0.00000
0.00000
0.00000
0.00000
0.00000
0.00000
0.00000
0.00000
0.00000
0.00000
0.00000
0.00000
0.00000
