0.00009
0.00009
0.00012
0.00009
0.00015
0.00015
0.00009
0.00006
0.00006
0.00003
0.00009
0.00015
0.00006
0.00009
0.00015
0.00009
0.00003
0.00015
0.00012
0.00006
0.00012
0.00015
0.00015
0.00012
0.00018
0.00006
0.00006
0.00012
0.00012
0.00018
0.00018
0.00012
0.00015
0.00021
-0.00018
0.00027
0.00018
0.00009
0.00015
0.00003
0.00021
0.00018
0.00018
0.00012
0.00012
0.00015
0.00012
0.00012
0.00018
0.00015
0.00021
0.00015
-0.00009
0.00034
0.00015
0.00009
0.00015
0.00015
0.00027
0.00009
0.00015
0.00021
0.00018
0.00015
0.00018
0.00015
0.00018
0.00021
0.00003
0.00009
0.00031
0.00021
0.00006
0.00024
0.00027
0.00012
0.00009
0.00012
0.00021
0.00009
0.00012
0.00012
0.00015
0.00021
0.00012
0.00012
0.00012
0.00012
0.00018
0.00012
0.00018
0.00015
0.00018
0.00021
0.00009
0.00003
0.00015
0.00021
0.00000
0.00009
0.00021
0.00012
0.00012
0.00015
0.00021
0.00015
0.00009
0.00006
0.00012
0.00015
0.00003
0.00003
0.00012
0.00015
0.00012
0.00018
0.00024
0.00018
0.00006
0.00006
0.00012
0.00003
0.00006
0.00006
0.00015
0.00018
0.00012
0.00015
0.00015
0.00012
0.00009
0.00009
0.00012
0.00015
0.00009
0.00006
0.00021
0.00012
0.00012
0.00006
0.00009
0.00012
0.00006
0.00009
0.00009
0.00021
0.00009
0.00009
0.00015
0.00012
0.00009
0.00000
0.00009
0.00006
0.00003
0.00009
0.00006
0.00021
0.00003
0.00000
0.00012
0.00006
0.00006
0.00003
0.00003
0.00012
0.00006
0.00018
-0.00012
0.00034
-0.00037
0.00034
-0.00009
-0.00018
0.00104
-0.00220
0.00427
-0.00665
-0.00836
-0.19504
-0.03397
0.06348
-0.03564
0.03238
0.01508
0.13904
0.07623
-0.01294
-0.01907
0.01923
-0.00769
-0.07816
-0.02438
0.03149
0.02695
-0.00668
0.00873
0.02393
0.02045
-0.00192
-0.03015
0.00256
0.00977
0.00146
-0.00385
0.00555
0.01096
-0.00385
-0.00983
-0.00305
0.00809
-0.00134
-0.00003
0.00336
-0.00510
0.00247
0.00955
0.00128
0.00012
0.00671
-0.00085
-0.00061
0.00116
-0.00323
-0.00165
0.00226
-0.00262
-0.00406
0.00079
0.00229
-0.00299
0.00024
0.00644
0.00284
-0.00043
0.00174
0.00418
0.00140
-0.00339
-0.00064
-0.00070
-0.00262
-0.00363
-0.00290
0.00247
0.00116
-0.00198
-0.00067
0.00040
0.00159
-0.00354
-0.00058
0.00320
0.00021
-0.00183
-0.00296
-0.00058
-0.00046
-0.00238
-0.00049
-0.00281
-0.00244
-0.00211
-0.00064
0.00146
-0.00031
-0.00052
0.00070
0.00021
-0.00055
-0.00211
-0.00015
-0.00040
-0.00128
-0.00101
-0.00272
-0.00275
-0.00229
-0.00244
-0.00162
-0.00180
-0.00082
0.00037
0.00092
0.00174
0.00089
0.00110
-0.00024
-0.00116
-0.00095
-0.00134
-0.00156
-0.00198
-0.00052
0.00024
-0.00162
-0.00189
-0.00214
-0.00287
-0.00296
-0.00174
0.00021
0.00043
0.00021
0.00043
0.00070
0.00043
-0.00104
-0.00143
-0.00107
-0.00171
-0.00262
-0.00269
-0.00165
-0.00089
-0.00085
0.00000
0.00067
0.00040
-0.00034
-0.00049
0.00021
0.00040
0.00027
0.00009
-0.00003
0.00006
0.00012
0.00000
-0.00082
-0.00189
-0.00168
-0.00076
-0.00037
-0.00089
-0.00113
-0.00040
0.00000
0.00000
0.00034
0.00085
0.00089
0.00009
-0.00046
-0.00052
-0.00073
-0.00073
-0.00052
-0.00034
-0.00015
-0.00018
-0.00031
-0.00031
0.00009
0.00037
0.00052
0.00034
0.00000
0.00000
0.00000
0.00000
0.00000
0.00000
0.00000
0.00000
0.00000
0.00000
0.00000
0.00000
0.00000
0.00000
0.00000
0.00000
0.00000
0.00000
0.00000
0.00000
0.00000
0.00000
0.00000
0.00000
0.00000
0.00000
0.00000
0.00000
0.00000
0.00000
0.00000
0.00000
0.00000
0.00000
0.00000
0.00000
0.00000
0.00000
0.00000
0.00000
0.00000
0.00000
0.00000
0.00000
0.00000
0.00000
0.00000
0.00000
0.00000
0.00000
0.00000
0.00000
0.00000
0.00000
0.00000
0.00000
0.00000
0.00000
0.00000
0.00000
0.00000
0.00000
0.00000
0.00000
0.00000
0.00000
0.00000
0.00000
0.00000
0.00000
0.00000
0.00000
0.00000
0.00000
0.00000
0.00000
0.00000
0.00000
0.00000
0.00000
0.00000
0.00000
0.00000
0.00000
0.00000
0.00000
0.00000
0.00000
0.00000
0.00000
0.00000
0.00000
0.00000
0.00000
0.00000
0.00000
0.00000
0.00000
0.00000
0.00000
0.00000
0.00000
0.00000
0.00000
0.00000
0.00000
0.00000
0.00000
0.00000
0.00000
0.00000
0.00000
0.00000
0.00000
0.00000
0.00000
0.00000
0.00000
0.00000
0.00000
0.00000
0.00000
0.00000
0.00000
0.00000
0.00000
0.00000
0.00000
0.00000
0.00000
0.00000
0.00000
0.00000
0.00000
0.00000
0.00000
0.00000
0.00000
0.00000
0.00000
0.00000
0.00000
0.00000
0.00000
0.00000
0.00000
0.00000
0.00000
0.00000
0.00000
0.00000
0.00000
0.00000
0.00000
0.00000
