-0.00018
-0.00018
-0.00024
-0.00021
-0.00015
-0.00012
-0.00018
-0.00015
-0.00009
-0.00015
-0.00018
-0.00018
-0.00018
-0.00021
-0.00018
-0.00015
-0.00012
-0.00012
-0.00015
-0.00021
-0.00018
-0.00021
-0.00027
-0.00024
-0.00021
-0.00027
-0.00021
-0.00021
-0.00018
-0.00018
-0.00018
-0.00018
-0.00021
-0.00012
-0.00049
-0.00003
-0.00015
-0.00024
-0.00021
-0.00024
-0.00018
-0.00027
-0.00024
-0.00018
-0.00015
-0.00015
-0.00015
-0.00009
-0.00012
-0.00021
-0.00024
-0.00018
-0.00018
-0.00024
-0.00021
-0.00021
-0.00018
-0.00021
-0.00018
-0.00012
-0.00012
-0.00015
-0.00018
-0.00012
-0.00015
-0.00018
-0.00015
-0.00012
-0.00015
-0.00018
-0.00018
-0.00015
-0.00015
-0.00012
-0.00009
-0.00015
-0.00018
-0.00018
-0.00018
-0.00015
-0.00015
-0.00015
-0.00009
-0.00009
-0.00009
-0.00009
-0.00012
-0.00018
-0.00018
-0.00015
-0.00015
-0.00012
-0.00009
-0.00006
-0.00009
-0.00006
-0.00009
-0.00009
-0.00015
-0.00021
-0.00018
-0.00015
-0.00015
-0.00015
-0.00009
-0.00006
-0.00003
-0.00009
-0.00012
-0.00006
-0.00012
-0.00018
-0.00015
-0.00015
-0.00015
-0.00015
-0.00009
-0.00009
-0.00009
-0.00006
-0.00009
-0.00009
-0.00009
-0.00009
-0.00006
-0.00006
-0.00006
-0.00003
-0.00003
-0.00006
-0.00012
-0.00015
-0.00012
-0.00006
-0.00012
-0.00009
-0.00006
-0.00006
-0.00009
-0.00009
-0.00009
-0.00015
-0.00015
-0.00012
-0.00012
-0.00009
-0.00006
-0.00006
-0.00006
-0.00006
-0.00009
-0.00009
-0.00012
-0.00012
-0.00012
-0.00012
-0.00012
-0.00012
-0.00009
-0.00012
-0.00015
-0.00012
-0.00012
-0.00012
-0.00012
-0.00009
-0.00009
-0.00012
-0.00012
-0.00009
-0.00012
-0.00012
-0.00015
-0.00012
-0.00009
-0.00009
-0.00009
-0.00009
-0.00006
-0.00018
-0.00024
-0.00015
-0.00024
-0.00015
-0.00009
-0.00012
-0.00015
-0.00012
-0.00009
-0.00006
-0.00006
-0.00009
-0.00009
-0.00009
-0.00009
-0.00015
-0.00012
-0.00021
-0.00012
-0.00034
-0.00018
-0.00055
0.00037
-0.00018
-0.00089
-0.01691
-0.02594
-0.01813
-0.02069
-0.00491
0.00217
0.01517
0.02063
0.01709
0.01538
0.00458
0.00232
-0.00577
-0.00974
-0.00555
-0.00528
-0.00323
0.00311
0.00568
0.00662
0.00793
0.00461
0.00195
0.00146
0.00061
0.00000
0.00085
0.00186
0.00009
-0.00003
0.00027
0.00058
0.00195
0.00140
0.00031
-0.00012
0.00110
0.00122
0.00098
0.00217
0.00214
0.00168
0.00110
-0.00012
-0.00018
-0.00006
-0.00052
-0.00107
-0.00037
0.00037
0.00067
0.00113
0.00162
0.00192
0.00168
0.00095
0.00046
0.00079
0.00058
-0.00003
0.00009
0.00018
-0.00009
-0.00031
-0.00034
-0.00009
0.00006
0.00006
0.00000
0.00003
0.00006
0.00012
0.00052
0.00027
-0.00009
-0.00037
-0.00040
-0.00034
-0.00052
-0.00076
-0.00079
-0.00055
-0.00040
-0.00067
-0.00131
-0.00104
-0.00037
0.00018
-0.00012
-0.00049
-0.00027
-0.00024
-0.00034
-0.00061
-0.00073
-0.00049
-0.00043
-0.00079
-0.00146
-0.00174
-0.00131
-0.00085
-0.00089
-0.00107
-0.00079
-0.00018
-0.00006
-0.00006
0.00012
0.00034
0.00000
-0.00067
-0.00082
-0.00070
-0.00064
-0.00082
-0.00104
-0.00085
-0.00070
-0.00098
-0.00122
-0.00128
-0.00098
-0.00073
-0.00049
-0.00021
-0.00031
-0.00049
-0.00064
-0.00061
-0.00049
-0.00058
-0.00089
-0.00104
-0.00104
-0.00110
-0.00113
-0.00073
-0.00021
0.00000
-0.00027
-0.00055
-0.00043
-0.00040
-0.00043
-0.00027
-0.00003
0.00000
-0.00031
-0.00043
-0.00015
-0.00012
-0.00052
-0.00085
-0.00082
-0.00052
-0.00046
-0.00049
-0.00012
0.00024
0.00012
0.00000
0.00000
0.00000
0.00000
0.00000
0.00000
0.00000
0.00000
0.00000
0.00000
0.00000
0.00000
0.00000
0.00000
0.00000
0.00000
0.00000
0.00000
0.00000
0.00000
0.00000
0.00000
0.00000
0.00000
0.00000
0.00000
0.00000
0.00000
0.00000
0.00000
0.00000
0.00000
0.00000
0.00000
0.00000
0.00000
0.00000
0.00000
0.00000
0.00000
0.00000
0.00000
0.00000
0.00000
0.00000
0.00000
0.00000
0.00000
0.00000
0.00000
0.00000
0.00000
0.00000
0.00000
0.00000
0.00000
0.00000
0.00000
0.00000
0.00000
0.00000
0.00000
0.00000
0.00000
0.00000
0.00000
0.00000
0.00000
0.00000
0.00000
0.00000
0.00000
0.00000
0.00000
0.00000
0.00000
0.00000
0.00000
0.00000
0.00000
0.00000
0.00000
0.00000
0.00000
0.00000
0.00000
0.00000
0.00000
0.00000
0.00000
0.00000
0.00000
0.00000
0.00000
0.00000
0.00000
0.00000
0.00000
0.00000
0.00000
0.00000
0.00000
0.00000
0.00000
0.00000
0.00000
0.00000
0.00000
0.00000
0.00000
0.00000
0.00000
0.00000
0.00000
0.00000
0.00000
0.00000
0.00000
0.00000
0.00000
0.00000
0.00000
0.00000
0.00000
0.00000
0.00000
0.00000
0.00000
0.00000
0.00000
0.00000
0.00000
0.00000
0.00000
0.00000
0.00000
0.00000
0.00000
0.00000
0.00000
0.00000
0.00000
0.00000
0.00000
0.00000
0.00000
