-0.00018
-0.00012
-0.00012
-0.00018
-0.00015
-0.00018
-0.00018
-0.00021
-0.00021
-0.00018
-0.00018
-0.00018
-0.00021
-0.00015
-0.00018
-0.00018
-0.00015
-0.00015
-0.00015
-0.00018
-0.00015
-0.00012
-0.00018
-0.00018
-0.00012
-0.00018
-0.00018
-0.00015
-0.00018
-0.00021
-0.00021
-0.00015
-0.00015
-0.00015
-0.00052
0.00000
-0.00006
-0.00018
-0.00012
-0.00015
-0.00012
-0.00021
-0.00018
-0.00015
-0.00015
-0.00021
-0.00021
-0.00012
-0.00012
-0.00015
-0.00015
-0.00012
-0.00015
-0.00018
-0.00018
-0.00012
-0.00015
-0.00012
-0.00015
-0.00018
-0.00009
-0.00012
-0.00015
-0.00015
-0.00024
-0.00024
-0.00021
-0.00021
-0.00021
-0.00015
-0.00012
-0.00009
-0.00012
-0.00003
-0.00003
-0.00012
-0.00015
-0.00012
-0.00018
-0.00034
-0.00021
-0.00015
-0.00021
-0.00027
-0.00021
-0.00018
-0.00018
-0.00012
-0.00018
-0.00018
-0.00015
-0.00018
-0.00018
-0.00018
-0.00021
-0.00018
-0.00015
-0.00015
-0.00018
-0.00012
-0.00018
-0.00024
-0.00018
-0.00012
-0.00015
-0.00021
-0.00018
-0.00015
-0.00018
-0.00021
-0.00018
-0.00015
-0.00015
-0.00015
-0.00012
-0.00012
-0.00012
-0.00018
-0.00021
-0.00018
-0.00015
-0.00018
-0.00015
-0.00012
-0.00009
-0.00012
-0.00009
-0.00009
-0.00018
-0.00012
-0.00018
-0.00024
-0.00018
-0.00015
-0.00018
-0.00015
-0.00009
-0.00006
-0.00006
-0.00015
-0.00012
-0.00015
-0.00015
-0.00015
-0.00015
-0.00012
-0.00015
-0.00015
-0.00015
-0.00012
-0.00015
-0.00021
-0.00015
-0.00018
-0.00018
-0.00018
-0.00012
-0.00012
-0.00012
-0.00009
-0.00012
-0.00015
-0.00018
-0.00018
-0.00018
-0.00021
-0.00015
-0.00012
-0.00015
-0.00012
-0.00009
-0.00012
-0.00012
-0.00018
-0.00012
-0.00018
0.00000
-0.00027
0.00009
-0.00031
0.00006
-0.00027
-0.00027
0.00015
-0.00107
-0.00937
-0.07227
-0.02197
0.00610
-0.02649
-0.03040
-0.00983
0.03076
0.03607
0.04105
0.01431
0.04095
0.03534
0.00308
-0.00821
-0.00394
-0.01492
-0.02725
-0.00769
-0.00275
0.00858
0.01144
-0.00497
0.00070
0.01694
0.00943
-0.00607
-0.00250
-0.00061
-0.00223
0.00177
-0.00104
-0.00214
-0.00018
0.00116
-0.00400
-0.00186
0.00308
0.00339
0.00296
0.00406
0.00467
0.00223
0.00220
0.00037
-0.00177
-0.00345
-0.00177
-0.00317
-0.00394
-0.00073
0.00018
-0.00125
0.00195
0.00372
0.00259
0.00314
0.00388
0.00250
0.00107
0.00024
-0.00046
-0.00101
-0.00153
-0.00281
-0.00232
0.00009
-0.00009
-0.00085
-0.00046
0.00058
0.00125
0.00000
0.00000
0.00027
0.00006
-0.00055
-0.00064
-0.00058
-0.00040
-0.00095
-0.00153
-0.00229
-0.00156
-0.00128
-0.00104
-0.00076
-0.00061
-0.00009
0.00043
0.00012
-0.00040
-0.00034
0.00009
-0.00031
-0.00040
-0.00058
-0.00143
-0.00198
-0.00186
-0.00156
-0.00128
-0.00137
-0.00150
-0.00116
-0.00064
-0.00006
0.00052
0.00119
0.00076
0.00040
0.00021
0.00009
-0.00067
-0.00113
-0.00092
-0.00119
-0.00189
-0.00186
-0.00128
-0.00122
-0.00153
-0.00146
-0.00104
-0.00079
-0.00058
-0.00046
-0.00015
0.00000
-0.00009
-0.00012
0.00006
-0.00024
-0.00110
-0.00171
-0.00168
-0.00122
-0.00101
-0.00082
-0.00067
-0.00049
-0.00009
0.00015
0.00015
0.00009
0.00009
0.00021
0.00043
0.00049
0.00034
0.00000
-0.00034
-0.00067
-0.00061
-0.00034
-0.00043
-0.00110
-0.00137
-0.00085
-0.00021
-0.00012
-0.00021
0.00000
0.00034
0.00046
0.00031
0.00006
0.00000
0.00000
0.00003
-0.00006
-0.00034
-0.00052
-0.00061
-0.00046
-0.00040
0.00000
0.00000
0.00000
0.00000
0.00000
0.00000
0.00000
0.00000
0.00000
0.00000
0.00000
0.00000
0.00000
0.00000
0.00000
0.00000
0.00000
0.00000
0.00000
0.00000
0.00000
0.00000
0.00000
0.00000
0.00000
0.00000
0.00000
0.00000
0.00000
0.00000
0.00000
0.00000
0.00000
0.00000
0.00000
0.00000
0.00000
0.00000
0.00000
0.00000
0.00000
0.00000
0.00000
0.00000
0.00000
0.00000
0.00000
0.00000
0.00000
0.00000
0.00000
0.00000
0.00000
0.00000
0.00000
0.00000
0.00000
0.00000
0.00000
0.00000
0.00000
0.00000
0.00000
0.00000
0.00000
0.00000
0.00000
0.00000
0.00000
0.00000
0.00000
0.00000
0.00000
0.00000
0.00000
0.00000
0.00000
0.00000
0.00000
0.00000
0.00000
0.00000
0.00000
0.00000
0.00000
0.00000
0.00000
0.00000
0.00000
0.00000
0.00000
0.00000
0.00000
0.00000
0.00000
0.00000
0.00000
0.00000
0.00000
0.00000
0.00000
0.00000
0.00000
0.00000
0.00000
0.00000
0.00000
0.00000
0.00000
0.00000
0.00000
0.00000
0.00000
0.00000
0.00000
0.00000
0.00000
0.00000
0.00000
0.00000
0.00000
0.00000
0.00000
0.00000
0.00000
0.00000
0.00000
0.00000
0.00000
0.00000
0.00000
0.00000
0.00000
0.00000
0.00000
0.00000
0.00000
0.00000
0.00000
0.00000
0.00000
0.00000
0.00000
0.00000
0.00000
0.00000
0.00000
0.00000
0.00000
0.00000
0.00000
