0.00018
0.00009
-0.00006
-0.00006
-0.00006
-0.00006
0.00000
0.00003
0.00003
0.00006
0.00000
-0.00003
-0.00006
0.00003
0.00006
0.00003
0.00009
0.00003
0.00000
0.00000
0.00000
0.00000
0.00003
0.00009
0.00000
0.00003
0.00003
0.00000
0.00012
0.00015
0.00000
-0.00003
-0.00006
-0.00012
-0.00006
0.00003
0.00012
0.00021
0.00015
0.00006
0.00003
0.00003
0.00000
0.00000
0.00000
-0.00003
-0.00006
0.00000
0.00003
0.00009
0.00009
0.00000
0.00000
0.00000
0.00003
0.00000
0.00006
0.00012
0.00003
0.00000
0.00003
-0.00012
0.00006
0.00012
-0.00012
0.00009
0.00006
0.00003
0.00009
0.00000
0.00009
-0.00003
-0.00009
0.00003
0.00009
0.00000
0.00000
0.00006
0.00000
0.00000
0.00006
-0.00003
-0.00003
0.00000
-0.00009
0.00000
0.00006
0.00000
-0.00003
0.00003
0.00003
-0.00009
0.00000
0.00003
0.00000
0.00006
0.00000
-0.00009
-0.00009
-0.00009
0.00000
0.00006
0.00009
0.00000
-0.00006
0.00000
0.00000
-0.00003
0.00000
0.00003
-0.00003
0.00000
-0.00006
-0.00009
-0.00003
-0.00003
-0.00003
0.00003
0.00000
-0.00003
0.00000
0.00003
0.00000
0.00000
-0.00006
-0.00009
-0.00009
-0.00012
-0.00012
-0.00009
0.00000
0.00000
-0.00003
-0.00003
0.00000
0.00000
-0.00003
0.00000
-0.00003
-0.00006
-0.00009
-0.00015
0.00000
-0.00003
-0.00015
-0.00003
0.00000
-0.00009
-0.00003
-0.00003
-0.00006
-0.00015
-0.00024
-0.00009
-0.00003
-0.00006
-0.00009
0.00000
-0.00003
-0.00018
-0.00018
-0.00015
-0.00012
-0.00015
-0.00009
-0.00003
-0.00003
-0.00006
-0.00018
-0.00003
-0.00012
-0.00021
-0.00012
-0.00006
-0.00003
-0.00012
-0.00009
-0.00006
-0.00021
-0.00009
-0.00037
0.00052
-0.00122
0.00143
-0.00253
0.00281
-0.00491
0.00241
-0.09256
-0.09753
0.00775
-0.09247
0.03134
0.15546
0.10913
0.08176
-0.02744
-0.03036
-0.00323
-0.03110
-0.06317
-0.02499
0.04016
0.00443
-0.00421
0.03384
0.00623
-0.01135
0.00577
-0.00687
0.00229
0.01614
-0.01395
-0.00641
0.01776
0.00174
-0.01074
-0.00012
0.00317
-0.00482
0.00012
0.00000
0.00061
0.00281
0.00256
0.00546
0.00488
0.00131
-0.00021
-0.00092
-0.00131
-0.00150
-0.00195
-0.00110
0.00180
0.00076
-0.00122
0.00174
0.00241
-0.00116
0.00116
0.00665
0.00226
-0.00003
0.00192
-0.00027
0.00040
-0.00043
-0.00052
0.00037
-0.00259
-0.00235
-0.00192
0.00000
0.00070
-0.00140
0.00180
0.00165
0.00070
0.00015
0.00000
0.00143
-0.00137
-0.00116
0.00009
-0.00156
-0.00177
-0.00281
-0.00079
-0.00021
-0.00153
-0.00082
-0.00183
-0.00076
-0.00079
-0.00085
0.00223
0.00122
0.00049
-0.00003
-0.00082
-0.00089
-0.00204
-0.00143
-0.00217
-0.00250
-0.00165
-0.00204
-0.00098
-0.00076
-0.00058
-0.00003
-0.00055
-0.00024
-0.00018
0.00009
0.00031
-0.00015
0.00055
0.00021
-0.00079
-0.00168
-0.00269
-0.00287
-0.00327
-0.00262
-0.00128
-0.00079
0.00000
0.00064
0.00085
0.00049
-0.00031
-0.00055
-0.00128
-0.00159
-0.00140
-0.00104
-0.00064
-0.00119
-0.00177
0.00000
0.00000
0.00000
0.00000
0.00000
0.00000
0.00000
0.00000
0.00000
0.00000
0.00000
0.00000
0.00000
0.00000
0.00000
0.00000
0.00000
0.00000
0.00000
0.00000
0.00000
0.00000
0.00000
0.00000
0.00000
0.00000
0.00000
0.00000
0.00000
0.00000
0.00000
0.00000
0.00000
0.00000
0.00000
0.00000
0.00000
0.00000
0.00000
0.00000
0.00000
0.00000
0.00000
0.00000
0.00000
0.00000
0.00000
0.00000
0.00000
0.00000
0.00000
0.00000
0.00000
0.00000
0.00000
0.00000
0.00000
0.00000
0.00000
0.00000
0.00000
0.00000
0.00000
0.00000
0.00000
0.00000
0.00000
0.00000
0.00000
0.00000
0.00000
0.00000
0.00000
0.00000
0.00000
0.00000
0.00000
0.00000
0.00000
0.00000
0.00000
0.00000
0.00000
0.00000
0.00000
0.00000
0.00000
0.00000
0.00000
0.00000
0.00000
0.00000
0.00000
0.00000
0.00000
0.00000
0.00000
0.00000
0.00000
0.00000
0.00000
0.00000
0.00000
0.00000
0.00000
0.00000
0.00000
0.00000
0.00000
0.00000
0.00000
0.00000
0.00000
0.00000
0.00000
0.00000
0.00000
0.00000
0.00000
0.00000
0.00000
0.00000
0.00000
0.00000
0.00000
0.00000
0.00000
0.00000
0.00000
0.00000
0.00000
0.00000
0.00000
0.00000
0.00000
0.00000
0.00000
0.00000
0.00000
0.00000
0.00000
0.00000
0.00000
0.00000
0.00000
0.00000
0.00000
0.00000
0.00000
0.00000
0.00000
0.00000
0.00000
0.00000
0.00000
0.00000
0.00000
0.00000
0.00000
0.00000
0.00000
0.00000
0.00000
0.00000
0.00000
0.00000
0.00000
0.00000
0.00000
0.00000
0.00000
0.00000
0.00000
0.00000
0.00000
0.00000
0.00000
0.00000
0.00000
0.00000
0.00000
0.00000
0.00000
0.00000
0.00000
0.00000
0.00000
0.00000
0.00000
0.00000
0.00000
