-0.00043
-0.00049
-0.00043
-0.00034
-0.00037
-0.00043
-0.00037
-0.00043
-0.00046
-0.00043
-0.00043
-0.00046
-0.00040
-0.00040
-0.00046
-0.00049
-0.00040
-0.00043
-0.00043
-0.00034
-0.00040
-0.00040
-0.00040
-0.00046
-0.00046
-0.00049
-0.00046
-0.00046
-0.00043
-0.00037
-0.00040
-0.00043
-0.00046
-0.00046
-0.00043
-0.00046
-0.00046
-0.00040
-0.00040
-0.00046
-0.00043
-0.00043
-0.00040
-0.00040
-0.00040
-0.00037
-0.00037
-0.00046
-0.00046
-0.00049
-0.00049
-0.00049
-0.00031
-0.00037
-0.00058
-0.00031
-0.00040
-0.00064
-0.00046
-0.00024
-0.00049
-0.00052
-0.00034
-0.00037
-0.00043
-0.00037
-0.00040
-0.00046
-0.00046
-0.00040
-0.00049
-0.00046
-0.00031
-0.00043
-0.00052
-0.00031
-0.00040
-0.00055
-0.00046
-0.00037
-0.00049
-0.00043
-0.00027
-0.00040
-0.00046
-0.00034
-0.00043
-0.00052
-0.00037
-0.00040
-0.00046
-0.00040
-0.00040
-0.00052
-0.00034
-0.00031
-0.00049
-0.00046
-0.00027
-0.00034
-0.00052
-0.00034
-0.00024
-0.00052
-0.00046
-0.00031
-0.00037
-0.00040
-0.00027
-0.00037
-0.00040
-0.00037
-0.00046
-0.00046
-0.00034
-0.00037
-0.00037
-0.00024
-0.00027
-0.00043
-0.00040
-0.00037
-0.00043
-0.00043
-0.00031
-0.00031
-0.00037
-0.00031
-0.00027
-0.00031
-0.00034
-0.00034
-0.00034
-0.00037
-0.00031
-0.00021
-0.00037
-0.00043
-0.00031
-0.00034
-0.00031
-0.00024
-0.00024
-0.00024
-0.00024
-0.00037
-0.00031
-0.00021
-0.00031
-0.00027
-0.00015
-0.00024
-0.00034
-0.00040
-0.00031
-0.00027
-0.00031
-0.00027
-0.00021
-0.00012
-0.00027
-0.00027
-0.00018
-0.00027
-0.00034
-0.00018
-0.00015
-0.00015
-0.00027
-0.00012
-0.00046
0.00009
-0.00070
0.00034
-0.00085
0.00037
-0.00070
-0.00012
0.00049
-0.00174
-0.02301
-0.19797
-0.07303
0.01944
-0.05380
0.07153
0.25073
0.14197
-0.03894
-0.04623
-0.06519
-0.03867
0.01947
-0.03632
-0.00418
0.08408
0.00400
-0.01645
0.02615
-0.00433
-0.04361
0.01715
0.00742
-0.01965
0.02744
0.00931
-0.02863
0.02853
0.02658
-0.02975
-0.00549
0.01270
-0.01285
-0.00690
0.01074
-0.00778
-0.00299
0.02167
0.00967
-0.00607
0.00925
0.00305
-0.01276
-0.00668
0.00192
-0.00494
-0.00177
0.00797
-0.00034
-0.00430
0.00381
0.00104
-0.00580
0.00620
0.01129
-0.00058
-0.00217
0.00412
-0.00177
-0.00378
0.00220
0.00256
-0.00287
-0.00113
-0.00183
-0.00467
-0.00021
0.00006
-0.00201
0.00043
0.00323
0.00018
-0.00232
0.00208
0.00095
-0.00327
-0.00079
0.00018
-0.00183
-0.00281
-0.00113
0.00000
-0.00195
-0.00116
-0.00217
-0.00168
0.00006
-0.00031
0.00064
0.00241
0.00107
-0.00064
-0.00119
0.00000
-0.00259
-0.00217
-0.00134
-0.00235
-0.00214
-0.00119
-0.00137
-0.00125
-0.00052
0.00058
0.00000
0.00000
-0.00015
-0.00049
0.00046
0.00040
0.00049
0.00119
0.00067
-0.00122
-0.00287
-0.00287
-0.00281
-0.00308
-0.00134
-0.00046
-0.00058
-0.00043
0.00052
0.00101
0.00012
0.00009
-0.00015
-0.00110
-0.00110
-0.00070
-0.00009
-0.00021
-0.00104
-0.00168
-0.00195
-0.00177
-0.00186
-0.00098
0.00015
0.00000
0.00000
0.00000
0.00000
0.00000
0.00000
0.00000
0.00000
0.00000
0.00000
0.00000
0.00000
0.00000
0.00000
0.00000
0.00000
0.00000
0.00000
0.00000
0.00000
0.00000
0.00000
0.00000
0.00000
0.00000
0.00000
0.00000
0.00000
0.00000
0.00000
0.00000
0.00000
0.00000
0.00000
0.00000
0.00000
0.00000
0.00000
0.00000
0.00000
0.00000
0.00000
0.00000
0.00000
0.00000
0.00000
0.00000
0.00000
0.00000
0.00000
0.00000
0.00000
0.00000
0.00000
0.00000
0.00000
0.00000
0.00000
0.00000
0.00000
0.00000
0.00000
0.00000
0.00000
0.00000
0.00000
0.00000
0.00000
0.00000
0.00000
0.00000
0.00000
0.00000
0.00000
0.00000
0.00000
0.00000
0.00000
0.00000
0.00000
0.00000
0.00000
0.00000
0.00000
0.00000
0.00000
0.00000
0.00000
0.00000
0.00000
0.00000
0.00000
0.00000
0.00000
0.00000
0.00000
0.00000
0.00000
0.00000
0.00000
0.00000
0.00000
0.00000
0.00000
0.00000
0.00000
0.00000
0.00000
0.00000
0.00000
0.00000
0.00000
0.00000
0.00000
0.00000
0.00000
0.00000
0.00000
0.00000
0.00000
0.00000
0.00000
0.00000
0.00000
0.00000
0.00000
0.00000
0.00000
0.00000
0.00000
0.00000
0.00000
0.00000
0.00000
0.00000
0.00000
0.00000
0.00000
0.00000
0.00000
0.00000
0.00000
0.00000
0.00000
0.00000
0.00000
0.00000
0.00000
0.00000
0.00000
0.00000
0.00000
0.00000
0.00000
0.00000
0.00000
0.00000
0.00000
0.00000
0.00000
0.00000
0.00000
0.00000
0.00000
0.00000
0.00000
0.00000
0.00000
0.00000
0.00000
0.00000
0.00000
0.00000
0.00000
0.00000
0.00000
0.00000
0.00000
0.00000
0.00000
0.00000
0.00000
0.00000
0.00000
0.00000
0.00000
0.00000
0.00000
0.00000
0.00000
0.00000
0.00000
0.00000
