-0.00015
-0.00015
-0.00015
-0.00018
-0.00021
-0.00018
-0.00021
-0.00021
-0.00021
-0.00018
-0.00018
-0.00018
-0.00015
-0.00015
-0.00009
-0.00015
-0.00018
-0.00015
-0.00015
-0.00021
-0.00021
-0.00018
-0.00018
-0.00018
-0.00015
-0.00015
-0.00018
-0.00015
-0.00015
-0.00018
-0.00015
-0.00015
-0.00015
-0.00015
-0.00015
-0.00015
-0.00015
-0.00012
-0.00015
-0.00015
-0.00015
-0.00015
-0.00018
-0.00018
-0.00012
-0.00012
-0.00006
-0.00009
-0.00009
-0.00012
-0.00015
-0.00021
-0.00018
-0.00018
-0.00009
-0.00018
-0.00009
0.00000
-0.00012
-0.00015
-0.00012
-0.00009
-0.00018
-0.00018
-0.00018
-0.00006
-0.00006
-0.00006
-0.00006
-0.00012
-0.00009
-0.00012
-0.00012
-0.00006
-0.00006
-0.00012
-0.00012
-0.00003
-0.00012
-0.00015
-0.00009
-0.00006
-0.00015
-0.00012
-0.00009
-0.00012
-0.00009
-0.00003
-0.00006
-0.00006
-0.00006
-0.00012
-0.00009
-0.00012
-0.00015
-0.00012
-0.00003
0.00000
-0.00006
-0.00009
-0.00003
-0.00009
-0.00015
-0.00006
-0.00003
-0.00009
-0.00009
-0.00009
-0.00012
-0.00009
-0.00006
-0.00009
-0.00006
-0.00006
-0.00009
-0.00009
-0.00006
-0.00009
-0.00012
-0.00003
-0.00009
-0.00012
-0.00012
-0.00006
-0.00009
-0.00009
-0.00006
-0.00012
-0.00009
-0.00009
-0.00012
-0.00012
-0.00006
-0.00006
-0.00012
-0.00006
-0.00003
-0.00003
-0.00015
-0.00012
-0.00012
-0.00015
-0.00009
-0.00012
-0.00012
-0.00012
-0.00012
-0.00015
-0.00006
-0.00006
-0.00009
-0.00009
-0.00006
-0.00009
-0.00021
-0.00015
-0.00009
-0.00009
-0.00009
-0.00015
-0.00012
-0.00009
-0.00015
-0.00012
-0.00006
-0.00006
-0.00012
-0.00012
-0.00015
-0.00009
-0.00018
-0.00003
-0.00018
0.00018
-0.00061
0.00064
-0.00131
0.00146
-0.00238
0.00305
-0.00433
0.00497
-0.05399
-0.11676
0.00034
-0.01611
-0.03006
0.02512
0.09686
0.05573
0.00574
-0.04156
-0.00488
0.06393
0.03323
0.00293
-0.00720
0.01212
-0.01770
-0.02740
-0.00467
-0.00894
0.00711
0.01874
0.00018
0.01187
0.01254
-0.00623
-0.00461
0.01117
0.00372
-0.01083
-0.00732
-0.00150
-0.00296
0.00162
0.00354
-0.00275
0.00330
0.00589
0.00461
0.00119
0.00476
0.00192
-0.00186
0.00110
0.00079
-0.00320
-0.00031
-0.00049
-0.00314
-0.00311
0.00000
0.00012
-0.00012
0.00513
0.00549
0.00092
0.00073
0.00137
-0.00021
-0.00012
0.00137
0.00046
-0.00177
-0.00211
-0.00262
-0.00195
0.00018
0.00012
-0.00052
0.00006
0.00122
-0.00034
-0.00049
0.00113
0.00076
-0.00104
-0.00061
-0.00085
-0.00195
-0.00232
-0.00153
-0.00113
-0.00116
-0.00162
-0.00204
-0.00150
-0.00064
-0.00027
0.00024
0.00107
0.00000
-0.00064
-0.00043
-0.00040
-0.00089
-0.00073
-0.00098
-0.00146
-0.00192
-0.00174
-0.00217
-0.00177
-0.00131
-0.00061
-0.00024
-0.00079
-0.00125
-0.00040
0.00070
0.00098
0.00064
0.00046
-0.00009
-0.00110
-0.00168
-0.00183
-0.00186
-0.00204
-0.00171
-0.00159
-0.00195
-0.00165
-0.00064
-0.00006
0.00009
-0.00012
-0.00027
-0.00052
-0.00064
-0.00027
-0.00021
-0.00070
-0.00153
-0.00195
-0.00174
-0.00171
-0.00171
-0.00143
-0.00177
0.00000
0.00000
0.00000
0.00000
0.00000
0.00000
0.00000
0.00000
0.00000
0.00000
0.00000
0.00000
0.00000
0.00000
0.00000
0.00000
0.00000
0.00000
0.00000
0.00000
0.00000
0.00000
0.00000
0.00000
0.00000
0.00000
0.00000
0.00000
0.00000
0.00000
0.00000
0.00000
0.00000
0.00000
0.00000
0.00000
0.00000
0.00000
0.00000
0.00000
0.00000
0.00000
0.00000
0.00000
0.00000
0.00000
0.00000
0.00000
0.00000
0.00000
0.00000
0.00000
0.00000
0.00000
0.00000
0.00000
0.00000
0.00000
0.00000
0.00000
0.00000
0.00000
0.00000
0.00000
0.00000
0.00000
0.00000
0.00000
0.00000
0.00000
0.00000
0.00000
0.00000
0.00000
0.00000
0.00000
0.00000
0.00000
0.00000
0.00000
0.00000
0.00000
0.00000
0.00000
0.00000
0.00000
0.00000
0.00000
0.00000
0.00000
0.00000
0.00000
0.00000
0.00000
0.00000
0.00000
0.00000
0.00000
0.00000
0.00000
0.00000
0.00000
0.00000
0.00000
0.00000
0.00000
0.00000
0.00000
0.00000
0.00000
0.00000
0.00000
0.00000
0.00000
0.00000
0.00000
0.00000
0.00000
0.00000
0.00000
0.00000
0.00000
0.00000
0.00000
0.00000
0.00000
0.00000
0.00000
0.00000
0.00000
0.00000
0.00000
0.00000
0.00000
0.00000
0.00000
0.00000
0.00000
0.00000
0.00000
0.00000
0.00000
0.00000
0.00000
0.00000
0.00000
0.00000
0.00000
0.00000
0.00000
0.00000
0.00000
0.00000
0.00000
0.00000
0.00000
0.00000
0.00000
0.00000
0.00000
0.00000
0.00000
0.00000
0.00000
0.00000
0.00000
0.00000
0.00000
0.00000
0.00000
0.00000
0.00000
0.00000
0.00000
0.00000
0.00000
0.00000
0.00000
0.00000
0.00000
0.00000
0.00000
0.00000
0.00000
0.00000
0.00000
0.00000
0.00000
0.00000
0.00000
0.00000
