0.00003
0.00003
0.00006
0.00003
0.00000
0.00000
0.00003
0.00000
-0.00003
0.00000
-0.00003
-0.00003
-0.00006
-0.00006
0.00000
0.00006
0.00000
-0.00003
0.00003
0.00000
0.00000
0.00003
0.00000
-0.00009
-0.00009
-0.00006
0.00000
0.00006
0.00003
0.00000
0.00006
0.00003
-0.00009
0.00000
0.00003
-0.00003
-0.00006
-0.00003
0.00000
-0.00006
-0.00006
0.00000
0.00003
0.00000
0.00000
0.00003
0.00006
0.00006
0.00000
-0.00003
-0.00003
0.00000
0.00000
-0.00015
0.00015
-0.00006
-0.00027
-0.00003
0.00000
-0.00015
-0.00003
0.00009
0.00003
0.00000
0.00006
0.00000
0.00000
0.00003
0.00006
0.00000
-0.00003
0.00000
-0.00009
-0.00009
0.00015
0.00012
-0.00003
0.00003
0.00003
-0.00009
-0.00003
0.00012
0.00000
-0.00009
-0.00003
-0.00015
-0.00021
0.00000
0.00000
0.00000
0.00000
-0.00006
-0.00015
-0.00006
0.00000
-0.00009
-0.00006
0.00006
0.00009
-0.00012
-0.00009
0.00000
-0.00024
-0.00018
-0.00003
0.00000
0.00000
0.00003
0.00003
0.00000
0.00000
-0.00012
-0.00018
-0.00012
-0.00021
-0.00031
-0.00012
0.00003
0.00000
0.00003
0.00009
0.00000
-0.00018
-0.00009
-0.00012
-0.00015
-0.00009
-0.00015
-0.00015
-0.00009
-0.00003
-0.00006
-0.00003
-0.00003
-0.00006
-0.00015
-0.00018
-0.00006
-0.00015
-0.00015
-0.00009
-0.00009
-0.00012
-0.00012
-0.00009
-0.00009
-0.00006
-0.00012
-0.00015
-0.00012
-0.00012
-0.00015
-0.00015
-0.00006
-0.00012
-0.00018
-0.00012
-0.00015
-0.00009
-0.00012
-0.00012
0.00000
-0.00003
-0.00009
-0.00006
-0.00012
-0.00018
-0.00034
-0.00018
-0.00043
0.00015
-0.00052
0.00034
-0.00049
0.00000
-0.00003
-0.00098
0.00195
-0.00366
-0.01456
-0.19226
-0.07394
0.03076
-0.06030
0.05609
0.22061
0.14340
-0.02936
-0.05588
-0.05847
-0.02231
0.02689
-0.02887
0.00189
0.07483
0.00290
-0.02570
0.02075
-0.00076
-0.03629
0.01639
0.00574
-0.01736
0.02206
0.00620
-0.02524
0.03091
0.02740
-0.02798
-0.00549
0.01242
-0.01071
-0.00766
0.00854
-0.00711
-0.00412
0.01654
0.00848
-0.00253
0.00803
0.00269
-0.00964
-0.00543
0.00070
-0.00327
-0.00101
0.00552
-0.00003
-0.00406
0.00171
0.00153
-0.00449
0.00397
0.01025
0.00024
-0.00275
0.00314
-0.00009
-0.00342
0.00101
0.00299
-0.00174
-0.00159
-0.00201
-0.00497
-0.00131
-0.00018
-0.00159
0.00037
0.00223
-0.00003
-0.00284
0.00110
0.00156
-0.00262
-0.00128
-0.00040
-0.00171
-0.00262
-0.00156
0.00018
-0.00201
-0.00189
-0.00269
-0.00223
-0.00006
-0.00049
0.00021
0.00186
0.00031
-0.00128
-0.00159
0.00027
-0.00189
-0.00198
-0.00131
-0.00262
-0.00247
-0.00165
-0.00195
-0.00162
-0.00095
0.00006
-0.00034
-0.00037
-0.00046
-0.00079
0.00034
0.00015
-0.00003
0.00076
0.00031
-0.00122
-0.00281
-0.00287
-0.00296
-0.00330
-0.00168
-0.00101
-0.00122
-0.00110
-0.00021
0.00031
-0.00027
-0.00012
-0.00021
-0.00098
-0.00128
-0.00122
-0.00049
-0.00046
-0.00134
-0.00195
-0.00198
-0.00204
-0.00211
-0.00143
-0.00003
-0.00085
0.00000
0.00000
0.00000
0.00000
0.00000
0.00000
0.00000
0.00000
0.00000
0.00000
0.00000
0.00000
0.00000
0.00000
0.00000
0.00000
0.00000
0.00000
0.00000
0.00000
0.00000
0.00000
0.00000
0.00000
0.00000
0.00000
0.00000
0.00000
0.00000
0.00000
0.00000
0.00000
0.00000
0.00000
0.00000
0.00000
0.00000
0.00000
0.00000
0.00000
0.00000
0.00000
0.00000
0.00000
0.00000
0.00000
0.00000
0.00000
0.00000
0.00000
0.00000
0.00000
0.00000
0.00000
0.00000
0.00000
0.00000
0.00000
0.00000
0.00000
0.00000
0.00000
0.00000
0.00000
0.00000
0.00000
0.00000
0.00000
0.00000
0.00000
0.00000
0.00000
0.00000
0.00000
0.00000
0.00000
0.00000
0.00000
0.00000
0.00000
0.00000
0.00000
0.00000
0.00000
0.00000
0.00000
0.00000
0.00000
0.00000
0.00000
0.00000
0.00000
0.00000
0.00000
0.00000
0.00000
0.00000
0.00000
0.00000
0.00000
0.00000
0.00000
0.00000
0.00000
0.00000
0.00000
0.00000
0.00000
0.00000
0.00000
0.00000
0.00000
0.00000
0.00000
0.00000
0.00000
0.00000
0.00000
0.00000
0.00000
0.00000
0.00000
0.00000
0.00000
0.00000
0.00000
0.00000
0.00000
0.00000
0.00000
0.00000
0.00000
0.00000
0.00000
0.00000
0.00000
0.00000
0.00000
0.00000
0.00000
0.00000
0.00000
0.00000
0.00000
0.00000
0.00000
0.00000
0.00000
0.00000
0.00000
0.00000
0.00000
0.00000
0.00000
0.00000
0.00000
0.00000
0.00000
0.00000
0.00000
0.00000
0.00000
0.00000
0.00000
0.00000
0.00000
0.00000
0.00000
0.00000
0.00000
0.00000
0.00000
0.00000
0.00000
0.00000
0.00000
0.00000
0.00000
0.00000
0.00000
0.00000
0.00000
0.00000
0.00000
0.00000
0.00000
0.00000
0.00000
0.00000
0.00000
0.00000
0.00000
0.00000
