0.00003
0.00000
0.00000
0.00003
0.00003
0.00009
0.00006
0.00006
0.00006
0.00003
0.00000
0.00000
0.00006
0.00006
0.00006
0.00009
0.00006
0.00000
-0.00003
-0.00003
0.00000
0.00000
0.00000
0.00006
0.00009
0.00006
0.00003
0.00003
0.00003
0.00000
0.00003
0.00003
0.00006
0.00003
0.00003
0.00006
0.00003
0.00003
0.00000
0.00006
0.00009
0.00006
0.00006
0.00000
0.00000
0.00000
0.00003
0.00003
0.00003
0.00000
0.00000
0.00000
0.00000
0.00000
0.00000
0.00000
0.00006
0.00006
0.00003
0.00000
0.00000
0.00000
0.00003
0.00006
0.00000
0.00003
0.00003
0.00000
0.00003
0.00000
0.00000
0.00006
0.00006
0.00006
0.00003
0.00003
0.00000
0.00000
0.00003
0.00000
0.00003
0.00006
0.00003
0.00000
0.00003
0.00000
0.00000
0.00000
0.00003
0.00003
0.00003
0.00003
0.00003
0.00003
0.00006
0.00006
0.00003
0.00000
0.00000
0.00000
0.00000
0.00000
0.00000
0.00006
0.00006
0.00006
0.00006
0.00003
0.00000
0.00003
0.00003
0.00003
0.00000
0.00000
0.00000
0.00000
0.00003
0.00006
0.00000
-0.00003
0.00000
0.00006
0.00012
0.00009
0.00006
0.00009
0.00000
-0.00006
-0.00006
-0.00003
0.00000
0.00000
0.00003
0.00009
0.00012
0.00003
0.00000
0.00003
0.00000
-0.00003
0.00006
0.00009
0.00003
0.00000
0.00006
0.00000
0.00000
0.00000
0.00003
0.00003
0.00003
0.00009
0.00006
0.00000
-0.00006
-0.00003
0.00000
-0.00003
0.00000
0.00003
0.00009
0.00009
0.00000
0.00000
0.00000
0.00000
0.00000
0.00003
0.00000
-0.00003
0.00000
0.00000
0.00003
0.00003
0.00000
0.00000
0.00000
-0.00003
-0.00003
-0.00003
0.00000
0.00000
0.00009
0.00000
0.00003
-0.00018
0.00021
-0.00037
0.00015
-0.00061
0.00046
-0.00031
0.00031
-0.01685
-0.06076
-0.02676
-0.01566
-0.01221
0.01477
0.03525
0.03848
0.03021
0.02579
-0.00351
0.00009
-0.00156
-0.02090
-0.01831
-0.00476
-0.00192
0.00641
0.01303
0.00525
0.00479
0.00723
-0.00525
-0.00406
0.00729
0.00131
-0.00400
0.00330
0.00134
-0.00299
0.00101
0.00012
-0.00101
0.00101
0.00055
-0.00226
0.00037
0.00317
0.00177
0.00232
0.00470
0.00348
0.00125
0.00089
0.00085
-0.00076
-0.00104
-0.00027
-0.00082
-0.00018
0.00101
0.00128
0.00095
0.00256
0.00262
0.00113
0.00128
0.00156
0.00055
0.00000
0.00021
-0.00021
-0.00082
-0.00040
-0.00076
-0.00085
0.00024
0.00024
0.00006
0.00037
0.00107
0.00067
0.00006
0.00046
0.00015
-0.00043
-0.00055
-0.00070
-0.00070
-0.00079
-0.00079
-0.00085
-0.00098
-0.00082
-0.00122
-0.00110
-0.00076
-0.00070
-0.00037
0.00018
0.00037
0.00012
-0.00003
-0.00003
-0.00061
-0.00061
-0.00110
-0.00171
-0.00168
-0.00150
-0.00143
-0.00122
-0.00089
-0.00076
-0.00070
-0.00052
-0.00058
-0.00046
-0.00006
-0.00003
0.00000
-0.00009
-0.00043
-0.00082
-0.00113
-0.00143
-0.00192
-0.00214
-0.00201
-0.00168
-0.00104
-0.00064
-0.00037
-0.00009
-0.00009
-0.00031
-0.00058
-0.00073
-0.00101
-0.00107
-0.00113
-0.00143
0.00000
0.00000
0.00000
0.00000
0.00000
0.00000
0.00000
0.00000
0.00000
0.00000
0.00000
0.00000
0.00000
0.00000
0.00000
0.00000
0.00000
0.00000
0.00000
0.00000
0.00000
0.00000
0.00000
0.00000
0.00000
0.00000
0.00000
0.00000
0.00000
0.00000
0.00000
0.00000
0.00000
0.00000
0.00000
0.00000
0.00000
0.00000
0.00000
0.00000
0.00000
0.00000
0.00000
0.00000
0.00000
0.00000
0.00000
0.00000
0.00000
0.00000
0.00000
0.00000
0.00000
0.00000
0.00000
0.00000
0.00000
0.00000
0.00000
0.00000
0.00000
0.00000
0.00000
0.00000
0.00000
0.00000
0.00000
0.00000
0.00000
0.00000
0.00000
0.00000
0.00000
0.00000
0.00000
0.00000
0.00000
0.00000
0.00000
0.00000
0.00000
0.00000
0.00000
0.00000
0.00000
0.00000
0.00000
0.00000
0.00000
0.00000
0.00000
0.00000
0.00000
0.00000
0.00000
0.00000
0.00000
0.00000
0.00000
0.00000
0.00000
0.00000
0.00000
0.00000
0.00000
0.00000
0.00000
0.00000
0.00000
0.00000
0.00000
0.00000
0.00000
0.00000
0.00000
0.00000
0.00000
0.00000
0.00000
0.00000
0.00000
0.00000
0.00000
0.00000
0.00000
0.00000
0.00000
0.00000
0.00000
0.00000
0.00000
0.00000
0.00000
0.00000
0.00000
0.00000
0.00000
0.00000
0.00000
0.00000
0.00000
0.00000
0.00000
0.00000
0.00000
0.00000
0.00000
0.00000
0.00000
0.00000
0.00000
0.00000
0.00000
0.00000
0.00000
0.00000
0.00000
0.00000
0.00000
0.00000
0.00000
0.00000
0.00000
0.00000
0.00000
0.00000
0.00000
0.00000
0.00000
0.00000
0.00000
0.00000
0.00000
0.00000
0.00000
0.00000
0.00000
0.00000
0.00000
0.00000
0.00000
0.00000
0.00000
0.00000
0.00000
0.00000
0.00000
