-0.00009
-0.00015
-0.00006
-0.00012
-0.00021
-0.00009
-0.00009
-0.00015
-0.00006
-0.00003
-0.00012
-0.00006
0.00000
-0.00012
-0.00015
-0.00006
-0.00015
-0.00018
-0.00009
-0.00009
-0.00015
-0.00006
-0.00003
0.00000
0.00000
-0.00003
-0.00006
-0.00015
-0.00018
-0.00021
-0.00015
-0.00021
-0.00024
-0.00015
-0.00009
-0.00009
-0.00006
-0.00003
-0.00003
-0.00003
-0.00009
-0.00012
-0.00009
-0.00009
-0.00009
0.00000
-0.00003
-0.00021
-0.00021
-0.00015
-0.00024
-0.00021
0.00000
-0.00024
-0.00009
-0.00003
-0.00024
-0.00024
-0.00006
-0.00006
-0.00012
0.00000
0.00000
-0.00012
-0.00012
-0.00012
-0.00012
-0.00012
-0.00009
-0.00006
-0.00021
-0.00012
-0.00006
-0.00024
-0.00015
-0.00003
-0.00012
-0.00009
-0.00003
-0.00009
-0.00024
-0.00006
-0.00009
-0.00031
-0.00018
-0.00012
-0.00021
-0.00012
-0.00006
-0.00012
-0.00009
-0.00003
-0.00015
-0.00012
0.00000
-0.00012
-0.00018
0.00000
0.00000
-0.00021
-0.00021
-0.00006
-0.00018
-0.00018
0.00000
0.00000
-0.00009
-0.00012
-0.00021
-0.00024
-0.00018
-0.00021
-0.00024
-0.00006
-0.00006
-0.00015
-0.00012
-0.00006
-0.00021
-0.00024
-0.00015
-0.00012
-0.00012
0.00000
0.00003
0.00006
0.00003
-0.00003
-0.00021
-0.00021
-0.00021
-0.00018
-0.00012
-0.00003
-0.00006
-0.00015
-0.00024
-0.00009
-0.00012
-0.00015
-0.00006
-0.00009
-0.00006
-0.00009
-0.00012
-0.00018
-0.00012
-0.00021
-0.00024
-0.00006
-0.00009
-0.00015
-0.00018
-0.00015
-0.00009
-0.00009
-0.00003
-0.00009
-0.00009
-0.00018
-0.00024
-0.00009
-0.00012
-0.00015
-0.00009
-0.00012
-0.00015
-0.00015
-0.00021
-0.00021
-0.00018
0.00006
-0.00055
0.00089
-0.00174
0.00244
-0.00424
0.00613
-0.00967
0.00809
-0.14969
-0.14694
0.03336
-0.04504
0.00488
0.19907
0.20480
0.00220
-0.05276
-0.05609
-0.05106
0.01581
-0.00998
-0.03171
0.07010
0.03427
-0.02747
0.01260
0.01645
-0.03842
-0.00290
0.01950
-0.01828
0.00674
0.02597
-0.02460
0.00714
0.04285
-0.01727
-0.01947
0.01410
-0.00391
-0.01480
0.00748
0.00034
-0.01132
0.01483
0.01727
-0.00369
0.00394
0.00919
-0.00958
-0.00946
0.00049
-0.00238
-0.00513
0.00684
0.00272
-0.00467
0.00082
0.00375
-0.00513
0.00119
0.01114
0.00360
-0.00397
0.00290
0.00095
-0.00348
-0.00006
0.00381
-0.00092
-0.00198
-0.00113
-0.00473
-0.00244
0.00061
-0.00177
-0.00046
0.00211
0.00150
-0.00259
0.00031
0.00241
-0.00204
-0.00223
0.00027
-0.00131
-0.00223
-0.00217
0.00027
-0.00165
-0.00180
-0.00195
-0.00238
-0.00043
-0.00012
-0.00024
0.00208
0.00128
-0.00031
-0.00153
0.00015
-0.00134
-0.00266
-0.00119
-0.00208
-0.00253
-0.00156
-0.00153
-0.00153
-0.00110
0.00000
0.00015
-0.00034
-0.00003
-0.00067
0.00015
0.00043
0.00006
0.00085
0.00092
-0.00049
-0.00238
-0.00308
-0.00278
-0.00330
-0.00211
-0.00073
-0.00073
-0.00076
-0.00015
0.00067
0.00006
-0.00021
0.00000
-0.00095
-0.00128
-0.00107
-0.00046
-0.00012
-0.00095
-0.00165
-0.00201
-0.00198
-0.00192
-0.00171
-0.00009
-0.00015
0.00000
0.00000
0.00000
0.00000
0.00000
0.00000
0.00000
0.00000
0.00000
0.00000
0.00000
0.00000
0.00000
0.00000
0.00000
0.00000
0.00000
0.00000
0.00000
0.00000
0.00000
0.00000
0.00000
0.00000
0.00000
0.00000
0.00000
0.00000
0.00000
0.00000
0.00000
0.00000
0.00000
0.00000
0.00000
0.00000
0.00000
0.00000
0.00000
0.00000
0.00000
0.00000
0.00000
0.00000
0.00000
0.00000
0.00000
0.00000
0.00000
0.00000
0.00000
0.00000
0.00000
0.00000
0.00000
0.00000
0.00000
0.00000
0.00000
0.00000
0.00000
0.00000
0.00000
0.00000
0.00000
0.00000
0.00000
0.00000
0.00000
0.00000
0.00000
0.00000
0.00000
0.00000
0.00000
0.00000
0.00000
0.00000
0.00000
0.00000
0.00000
0.00000
0.00000
0.00000
0.00000
0.00000
0.00000
0.00000
0.00000
0.00000
0.00000
0.00000
0.00000
0.00000
0.00000
0.00000
0.00000
0.00000
0.00000
0.00000
0.00000
0.00000
0.00000
0.00000
0.00000
0.00000
0.00000
0.00000
0.00000
0.00000
0.00000
0.00000
0.00000
0.00000
0.00000
0.00000
0.00000
0.00000
0.00000
0.00000
0.00000
0.00000
0.00000
0.00000
0.00000
0.00000
0.00000
0.00000
0.00000
0.00000
0.00000
0.00000
0.00000
0.00000
0.00000
0.00000
0.00000
0.00000
0.00000
0.00000
0.00000
0.00000
0.00000
0.00000
0.00000
0.00000
0.00000
0.00000
0.00000
0.00000
0.00000
0.00000
0.00000
0.00000
0.00000
0.00000
0.00000
0.00000
0.00000
0.00000
0.00000
0.00000
0.00000
0.00000
0.00000
0.00000
0.00000
0.00000
0.00000
0.00000
0.00000
0.00000
0.00000
0.00000
0.00000
0.00000
0.00000
0.00000
0.00000
0.00000
0.00000
0.00000
0.00000
0.00000
0.00000
0.00000
0.00000
0.00000
0.00000
0.00000
0.00000
0.00000
0.00000
