-0.00012
-0.00012
-0.00006
-0.00003
-0.00012
-0.00021
-0.00027
-0.00021
-0.00015
-0.00015
-0.00015
-0.00009
-0.00003
-0.00009
-0.00012
-0.00006
-0.00009
-0.00021
-0.00024
-0.00024
-0.00027
-0.00021
-0.00006
0.00000
0.00000
-0.00012
-0.00009
-0.00006
-0.00021
-0.00021
-0.00006
-0.00006
-0.00012
-0.00006
-0.00009
-0.00009
-0.00003
-0.00003
-0.00012
-0.00021
-0.00018
-0.00018
-0.00012
-0.00006
-0.00006
-0.00006
-0.00003
-0.00009
-0.00012
-0.00009
-0.00012
-0.00021
-0.00024
-0.00015
-0.00006
-0.00009
-0.00003
-0.00003
-0.00009
-0.00012
-0.00006
-0.00006
-0.00015
-0.00015
-0.00009
-0.00021
-0.00018
-0.00015
-0.00018
-0.00006
-0.00003
0.00000
0.00003
-0.00006
-0.00006
-0.00003
-0.00003
0.00000
-0.00006
0.00000
-0.00003
-0.00021
-0.00021
-0.00018
-0.00018
-0.00018
0.00000
-0.00006
-0.00012
-0.00006
-0.00015
-0.00021
-0.00021
-0.00015
-0.00003
-0.00006
-0.00009
-0.00012
-0.00006
0.00006
-0.00003
-0.00009
-0.00009
-0.00018
-0.00021
-0.00012
0.00000
0.00000
0.00000
0.00003
0.00003
-0.00006
-0.00015
-0.00003
-0.00006
-0.00012
-0.00006
-0.00006
-0.00009
-0.00003
-0.00006
-0.00009
-0.00009
-0.00018
-0.00021
-0.00015
-0.00012
-0.00009
0.00000
0.00000
-0.00006
-0.00012
-0.00015
-0.00012
-0.00015
-0.00015
-0.00015
-0.00015
-0.00009
-0.00003
0.00000
-0.00003
0.00000
0.00000
-0.00006
-0.00003
-0.00006
-0.00009
-0.00009
-0.00003
0.00000
0.00000
-0.00003
-0.00009
-0.00009
-0.00009
-0.00009
-0.00006
0.00000
0.00000
-0.00003
0.00000
0.00000
-0.00006
-0.00012
-0.00003
0.00000
0.00000
0.00000
0.00003
0.00003
0.00000
-0.00009
-0.00012
-0.00009
-0.00003
0.00000
0.00000
0.00000
-0.00009
-0.00009
0.00000
0.00009
-0.00003
-0.00015
0.00003
-0.00043
0.00015
-0.00079
0.00095
-0.00131
-0.00296
-0.05969
-0.05081
-0.01111
-0.05637
0.01059
0.08527
0.06561
0.05292
0.00162
-0.02020
0.00055
-0.01031
-0.03320
-0.01620
0.02051
0.00125
-0.00229
0.01743
0.00037
-0.00659
0.00372
-0.00681
0.00009
0.01208
-0.00668
-0.00406
0.01346
0.00406
-0.00418
0.00281
0.00116
-0.00427
-0.00058
-0.00101
-0.00238
0.00156
0.00241
0.00305
0.00464
0.00497
0.00287
0.00150
0.00085
-0.00052
-0.00153
-0.00052
0.00159
0.00003
-0.00159
0.00037
0.00095
-0.00024
0.00253
0.00519
0.00156
0.00067
0.00156
-0.00024
0.00095
0.00082
0.00000
0.00049
-0.00034
-0.00125
-0.00177
0.00006
0.00021
-0.00067
0.00140
0.00131
0.00009
0.00000
0.00034
0.00082
-0.00006
0.00034
0.00043
-0.00067
-0.00082
-0.00159
-0.00107
-0.00098
-0.00165
-0.00146
-0.00116
0.00000
0.00040
0.00031
0.00125
0.00052
0.00027
0.00018
-0.00037
-0.00073
-0.00116
-0.00110
-0.00140
-0.00131
-0.00110
-0.00177
-0.00146
-0.00092
-0.00037
0.00012
-0.00006
-0.00009
-0.00018
-0.00006
0.00009
0.00003
0.00027
-0.00006
-0.00052
-0.00085
-0.00150
-0.00189
-0.00232
-0.00214
-0.00156
-0.00110
-0.00031
0.00034
0.00049
0.00018
-0.00024
-0.00049
-0.00089
-0.00110
-0.00095
-0.00076
-0.00067
-0.00098
0.00000
0.00000
0.00000
0.00000
0.00000
0.00000
0.00000
0.00000
0.00000
0.00000
0.00000
0.00000
0.00000
0.00000
0.00000
0.00000
0.00000
0.00000
0.00000
0.00000
0.00000
0.00000
0.00000
0.00000
0.00000
0.00000
0.00000
0.00000
0.00000
0.00000
0.00000
0.00000
0.00000
0.00000
0.00000
0.00000
0.00000
0.00000
0.00000
0.00000
0.00000
0.00000
0.00000
0.00000
0.00000
0.00000
0.00000
0.00000
0.00000
0.00000
0.00000
0.00000
0.00000
0.00000
0.00000
0.00000
0.00000
0.00000
0.00000
0.00000
0.00000
0.00000
0.00000
0.00000
0.00000
0.00000
0.00000
0.00000
0.00000
0.00000
0.00000
0.00000
0.00000
0.00000
0.00000
0.00000
0.00000
0.00000
0.00000
0.00000
0.00000
0.00000
0.00000
0.00000
0.00000
0.00000
0.00000
0.00000
0.00000
0.00000
0.00000
0.00000
0.00000
0.00000
0.00000
0.00000
0.00000
0.00000
0.00000
0.00000
0.00000
0.00000
0.00000
0.00000
0.00000
0.00000
0.00000
0.00000
0.00000
0.00000
0.00000
0.00000
0.00000
0.00000
0.00000
0.00000
0.00000
0.00000
0.00000
0.00000
0.00000
0.00000
0.00000
0.00000
0.00000
0.00000
0.00000
0.00000
0.00000
0.00000
0.00000
0.00000
0.00000
0.00000
0.00000
0.00000
0.00000
0.00000
0.00000
0.00000
0.00000
0.00000
0.00000
0.00000
0.00000
0.00000
0.00000
0.00000
0.00000
0.00000
0.00000
0.00000
0.00000
0.00000
0.00000
0.00000
0.00000
0.00000
0.00000
0.00000
0.00000
0.00000
0.00000
0.00000
0.00000
0.00000
0.00000
0.00000
0.00000
0.00000
0.00000
0.00000
0.00000
0.00000
0.00000
0.00000
0.00000
0.00000
0.00000
0.00000
0.00000
0.00000
0.00000
0.00000
0.00000
0.00000
0.00000
0.00000
