-0.00015
-0.00018
-0.00015
-0.00009
-0.00006
-0.00009
-0.00012
-0.00012
-0.00015
-0.00021
-0.00009
-0.00012
-0.00012
-0.00015
-0.00015
-0.00012
-0.00012
-0.00009
-0.00009
-0.00012
-0.00015
-0.00012
-0.00012
-0.00015
-0.00021
-0.00018
-0.00009
-0.00015
-0.00021
-0.00012
-0.00012
-0.00012
-0.00009
-0.00003
-0.00012
-0.00018
-0.00021
-0.00018
-0.00018
-0.00018
-0.00012
-0.00015
-0.00015
-0.00012
-0.00015
-0.00012
-0.00015
-0.00015
-0.00009
-0.00009
-0.00015
-0.00021
-0.00015
-0.00012
-0.00018
-0.00018
-0.00012
-0.00015
-0.00021
-0.00021
-0.00024
-0.00018
-0.00015
-0.00006
-0.00012
-0.00015
-0.00003
-0.00021
-0.00021
-0.00012
-0.00021
-0.00015
-0.00015
-0.00018
-0.00012
-0.00012
-0.00012
-0.00015
-0.00012
-0.00006
-0.00015
-0.00021
-0.00018
-0.00018
-0.00024
-0.00015
-0.00003
-0.00006
-0.00012
-0.00012
-0.00018
-0.00018
-0.00021
-0.00018
-0.00015
-0.00015
-0.00015
-0.00015
-0.00009
-0.00012
-0.00015
-0.00018
-0.00021
-0.00024
-0.00018
-0.00009
-0.00006
-0.00009
-0.00021
-0.00021
-0.00021
-0.00031
-0.00015
-0.00015
-0.00024
-0.00015
-0.00009
-0.00015
-0.00015
-0.00012
-0.00018
-0.00018
-0.00015
-0.00018
-0.00018
-0.00015
-0.00018
-0.00021
-0.00015
-0.00015
-0.00021
-0.00018
-0.00012
-0.00015
-0.00021
-0.00018
-0.00018
-0.00021
-0.00015
-0.00018
-0.00021
-0.00021
-0.00018
-0.00015
-0.00018
-0.00015
-0.00015
-0.00024
-0.00024
-0.00018
-0.00021
-0.00021
-0.00018
-0.00015
-0.00018
-0.00021
-0.00021
-0.00021
-0.00024
-0.00021
-0.00018
-0.00021
-0.00024
-0.00024
-0.00021
-0.00015
-0.00015
-0.00018
-0.00018
-0.00024
-0.00021
-0.00021
-0.00018
-0.00012
-0.00018
-0.00024
-0.00024
-0.00024
-0.00027
-0.00031
-0.00015
-0.00018
0.00000
-0.00043
0.00015
-0.00082
0.00027
-0.00110
0.00049
-0.00122
0.00119
-0.02457
-0.08185
-0.02167
-0.03162
-0.05002
0.06787
0.08951
0.06592
0.03510
-0.02066
-0.01315
-0.00299
-0.02542
-0.03705
0.00497
0.02103
-0.00735
0.00983
0.01566
-0.00845
-0.00027
0.00220
-0.00916
0.00894
0.00552
-0.01321
0.00436
0.01257
-0.00284
-0.00256
0.00522
-0.00156
-0.00354
0.00018
-0.00262
-0.00134
0.00259
0.00220
0.00323
0.00458
0.00348
0.00089
0.00128
0.00116
-0.00159
-0.00235
0.00012
0.00079
-0.00027
-0.00040
0.00076
-0.00043
-0.00015
0.00394
0.00455
0.00113
0.00107
0.00024
-0.00079
0.00024
-0.00012
0.00031
0.00000
-0.00101
-0.00134
-0.00153
0.00027
-0.00073
-0.00034
0.00168
0.00095
0.00003
-0.00043
0.00037
0.00003
-0.00089
0.00027
-0.00034
-0.00089
-0.00140
-0.00177
-0.00073
-0.00119
-0.00177
-0.00195
-0.00146
0.00000
-0.00012
0.00089
0.00134
0.00003
-0.00009
-0.00049
-0.00070
-0.00122
-0.00143
-0.00134
-0.00189
-0.00153
-0.00159
-0.00180
-0.00134
-0.00110
-0.00040
-0.00009
-0.00021
-0.00031
-0.00034
-0.00006
-0.00012
-0.00003
0.00012
-0.00064
-0.00125
-0.00168
-0.00198
-0.00217
-0.00229
-0.00186
-0.00159
-0.00128
-0.00052
0.00012
0.00034
-0.00003
-0.00034
-0.00070
-0.00128
-0.00150
-0.00131
-0.00085
-0.00085
-0.00140
0.00000
0.00000
0.00000
0.00000
0.00000
0.00000
0.00000
0.00000
0.00000
0.00000
0.00000
0.00000
0.00000
0.00000
0.00000
0.00000
0.00000
0.00000
0.00000
0.00000
0.00000
0.00000
0.00000
0.00000
0.00000
0.00000
0.00000
0.00000
0.00000
0.00000
0.00000
0.00000
0.00000
0.00000
0.00000
0.00000
0.00000
0.00000
0.00000
0.00000
0.00000
0.00000
0.00000
0.00000
0.00000
0.00000
0.00000
0.00000
0.00000
0.00000
0.00000
0.00000
0.00000
0.00000
0.00000
0.00000
0.00000
0.00000
0.00000
0.00000
0.00000
0.00000
0.00000
0.00000
0.00000
0.00000
0.00000
0.00000
0.00000
0.00000
0.00000
0.00000
0.00000
0.00000
0.00000
0.00000
0.00000
0.00000
0.00000
0.00000
0.00000
0.00000
0.00000
0.00000
0.00000
0.00000
0.00000
0.00000
0.00000
0.00000
0.00000
0.00000
0.00000
0.00000
0.00000
0.00000
0.00000
0.00000
0.00000
0.00000
0.00000
0.00000
0.00000
0.00000
0.00000
0.00000
0.00000
0.00000
0.00000
0.00000
0.00000
0.00000
0.00000
0.00000
0.00000
0.00000
0.00000
0.00000
0.00000
0.00000
0.00000
0.00000
0.00000
0.00000
0.00000
0.00000
0.00000
0.00000
0.00000
0.00000
0.00000
0.00000
0.00000
0.00000
0.00000
0.00000
0.00000
0.00000
0.00000
0.00000
0.00000
0.00000
0.00000
0.00000
0.00000
0.00000
0.00000
0.00000
0.00000
0.00000
0.00000
0.00000
0.00000
0.00000
0.00000
0.00000
0.00000
0.00000
0.00000
0.00000
0.00000
0.00000
0.00000
0.00000
0.00000
0.00000
0.00000
0.00000
0.00000
0.00000
0.00000
0.00000
0.00000
0.00000
0.00000
0.00000
0.00000
0.00000
0.00000
0.00000
0.00000
0.00000
0.00000
0.00000
0.00000
0.00000
0.00000
0.00000
