-0.00009
-0.00009
-0.00009
-0.00021
-0.00021
-0.00012
-0.00012
-0.00009
-0.00009
-0.00012
-0.00012
-0.00018
-0.00012
-0.00009
-0.00012
-0.00012
-0.00012
-0.00009
-0.00012
-0.00012
-0.00009
-0.00009
-0.00018
-0.00018
-0.00015
-0.00012
-0.00018
-0.00015
-0.00006
-0.00006
-0.00015
-0.00015
-0.00012
-0.00012
-0.00015
-0.00015
-0.00012
-0.00012
-0.00015
-0.00009
0.00000
-0.00009
-0.00006
-0.00012
-0.00018
-0.00018
-0.00015
-0.00015
-0.00015
-0.00015
-0.00012
-0.00006
-0.00006
-0.00015
-0.00021
-0.00015
-0.00018
-0.00018
-0.00012
-0.00012
-0.00015
-0.00009
-0.00006
-0.00015
-0.00021
-0.00012
-0.00018
-0.00021
-0.00009
-0.00015
-0.00021
-0.00012
-0.00006
-0.00003
-0.00006
-0.00012
-0.00009
-0.00018
-0.00021
-0.00024
-0.00021
-0.00009
-0.00009
-0.00015
-0.00009
-0.00003
-0.00015
-0.00012
-0.00006
-0.00015
-0.00024
-0.00021
-0.00021
-0.00024
-0.00021
-0.00018
-0.00015
-0.00012
-0.00009
-0.00006
-0.00006
-0.00006
-0.00018
-0.00021
-0.00018
-0.00018
-0.00015
-0.00009
-0.00006
-0.00012
-0.00018
-0.00012
-0.00012
-0.00027
-0.00024
-0.00015
-0.00018
-0.00015
-0.00015
-0.00018
-0.00015
-0.00012
-0.00009
-0.00009
-0.00006
-0.00015
-0.00015
-0.00015
-0.00021
-0.00024
-0.00024
-0.00024
-0.00024
-0.00012
-0.00009
-0.00012
-0.00006
-0.00012
-0.00018
-0.00021
-0.00018
-0.00015
-0.00015
-0.00015
-0.00021
-0.00018
-0.00018
-0.00018
-0.00015
-0.00012
-0.00018
-0.00021
-0.00015
-0.00015
-0.00012
-0.00009
-0.00006
-0.00015
-0.00024
-0.00027
-0.00024
-0.00021
-0.00015
-0.00009
-0.00009
-0.00015
-0.00012
-0.00009
-0.00012
-0.00021
-0.00024
-0.00021
-0.00021
-0.00021
-0.00018
-0.00009
-0.00012
-0.00021
-0.00015
-0.00012
-0.00018
-0.00015
-0.00018
-0.00021
-0.00006
-0.00043
-0.00006
-0.00040
0.00012
-0.00043
0.00012
-0.00061
0.00046
-0.01117
-0.05054
-0.03171
-0.02280
-0.03998
0.01907
0.05875
0.05084
0.03909
-0.00204
-0.00632
0.00479
-0.00906
-0.02469
-0.00775
0.00894
-0.00354
0.00076
0.00732
-0.00372
-0.00241
0.00201
-0.00421
0.00623
0.00919
-0.00351
0.00238
0.00897
0.00058
-0.00287
-0.00006
-0.00159
-0.00262
-0.00089
-0.00241
-0.00137
0.00229
0.00354
0.00427
0.00534
0.00494
0.00177
0.00150
0.00092
-0.00058
-0.00153
-0.00125
-0.00137
-0.00073
0.00018
0.00073
0.00079
0.00058
0.00153
0.00287
0.00180
0.00186
0.00174
0.00043
0.00021
0.00000
0.00012
-0.00031
-0.00107
-0.00101
-0.00116
0.00000
0.00000
-0.00052
0.00052
0.00089
0.00067
0.00061
0.00082
0.00073
-0.00021
-0.00006
-0.00049
-0.00119
-0.00162
-0.00192
-0.00122
-0.00064
-0.00058
-0.00052
-0.00058
-0.00040
-0.00070
-0.00034
0.00052
0.00034
0.00012
-0.00021
-0.00055
-0.00061
-0.00082
-0.00098
-0.00150
-0.00171
-0.00174
-0.00174
-0.00098
-0.00046
-0.00018
-0.00043
-0.00067
-0.00058
-0.00040
-0.00021
-0.00003
0.00018
0.00031
-0.00012
-0.00089
-0.00171
-0.00229
-0.00223
-0.00183
-0.00128
-0.00079
-0.00064
-0.00055
-0.00049
-0.00049
-0.00049
-0.00049
-0.00052
-0.00079
-0.00089
-0.00089
-0.00073
-0.00073
0.00000
0.00000
0.00000
0.00000
0.00000
0.00000
0.00000
0.00000
0.00000
0.00000
0.00000
0.00000
0.00000
0.00000
0.00000
0.00000
0.00000
0.00000
0.00000
0.00000
0.00000
0.00000
0.00000
0.00000
0.00000
0.00000
0.00000
0.00000
0.00000
0.00000
0.00000
0.00000
0.00000
0.00000
0.00000
0.00000
0.00000
0.00000
0.00000
0.00000
0.00000
0.00000
0.00000
0.00000
0.00000
0.00000
0.00000
0.00000
0.00000
0.00000
0.00000
0.00000
0.00000
0.00000
0.00000
0.00000
0.00000
0.00000
0.00000
0.00000
0.00000
0.00000
0.00000
0.00000
0.00000
0.00000
0.00000
0.00000
0.00000
0.00000
0.00000
0.00000
0.00000
0.00000
0.00000
0.00000
0.00000
0.00000
0.00000
0.00000
0.00000
0.00000
0.00000
0.00000
0.00000
0.00000
0.00000
0.00000
0.00000
0.00000
0.00000
0.00000
0.00000
0.00000
0.00000
0.00000
0.00000
0.00000
0.00000
0.00000
0.00000
0.00000
0.00000
0.00000
0.00000
0.00000
0.00000
0.00000
0.00000
0.00000
0.00000
0.00000
0.00000
0.00000
0.00000
0.00000
0.00000
0.00000
0.00000
0.00000
0.00000
0.00000
0.00000
0.00000
0.00000
0.00000
0.00000
0.00000
0.00000
0.00000
0.00000
0.00000
0.00000
0.00000
0.00000
0.00000
0.00000
0.00000
0.00000
0.00000
0.00000
0.00000
0.00000
0.00000
0.00000
0.00000
0.00000
0.00000
0.00000
0.00000
0.00000
0.00000
0.00000
0.00000
0.00000
0.00000
0.00000
0.00000
0.00000
0.00000
0.00000
0.00000
0.00000
0.00000
0.00000
0.00000
0.00000
0.00000
0.00000
0.00000
0.00000
0.00000
0.00000
0.00000
0.00000
0.00000
0.00000
0.00000
0.00000
0.00000
0.00000
0.00000
0.00000
0.00000
0.00000
0.00000
0.00000
