-0.00040
-0.00031
-0.00034
-0.00037
-0.00034
-0.00037
-0.00043
-0.00043
-0.00040
-0.00037
-0.00031
-0.00034
-0.00040
-0.00040
-0.00043
-0.00043
-0.00040
-0.00031
-0.00031
-0.00040
-0.00037
-0.00040
-0.00052
-0.00052
-0.00049
-0.00046
-0.00037
-0.00027
-0.00021
-0.00021
-0.00031
-0.00040
-0.00043
-0.00046
-0.00052
-0.00052
-0.00043
-0.00034
-0.00034
-0.00027
-0.00031
-0.00034
-0.00040
-0.00049
-0.00046
-0.00043
-0.00043
-0.00034
-0.00027
-0.00031
-0.00034
-0.00043
-0.00049
-0.00049
-0.00049
-0.00037
-0.00027
-0.00027
-0.00027
-0.00037
-0.00034
-0.00040
-0.00043
-0.00031
-0.00058
-0.00046
-0.00031
-0.00040
-0.00027
-0.00040
-0.00040
-0.00034
-0.00040
-0.00034
-0.00027
-0.00031
-0.00034
-0.00034
-0.00037
-0.00040
-0.00034
-0.00040
-0.00043
-0.00034
-0.00034
-0.00027
-0.00027
-0.00034
-0.00040
-0.00040
-0.00040
-0.00040
-0.00031
-0.00021
-0.00027
-0.00027
-0.00027
-0.00040
-0.00046
-0.00049
-0.00046
-0.00031
-0.00024
-0.00018
-0.00027
-0.00034
-0.00034
-0.00040
-0.00046
-0.00037
-0.00031
-0.00031
-0.00031
-0.00027
-0.00024
-0.00034
-0.00037
-0.00040
-0.00037
-0.00034
-0.00040
-0.00027
-0.00018
-0.00027
-0.00027
-0.00021
-0.00027
-0.00040
-0.00037
-0.00034
-0.00037
-0.00037
-0.00034
-0.00034
-0.00027
-0.00021
-0.00031
-0.00024
-0.00021
-0.00031
-0.00034
-0.00031
-0.00024
-0.00024
-0.00034
-0.00027
-0.00024
-0.00027
-0.00027
-0.00024
-0.00021
-0.00027
-0.00027
-0.00018
-0.00021
-0.00027
-0.00031
-0.00024
-0.00012
-0.00015
-0.00015
-0.00018
-0.00021
-0.00034
-0.00034
-0.00024
-0.00021
-0.00018
-0.00024
-0.00015
-0.00012
-0.00021
-0.00018
-0.00015
-0.00018
-0.00018
-0.00034
-0.00018
-0.00034
0.00000
-0.00058
0.00049
-0.00098
0.00089
-0.00153
0.00110
-0.00235
0.00244
-0.04111
-0.11920
-0.01172
-0.04849
-0.05014
0.12720
0.11707
0.09320
0.01883
-0.04019
-0.00653
-0.01682
-0.04980
-0.04779
0.02118
0.02390
-0.01117
0.02319
0.02188
-0.01236
0.00024
0.00043
-0.00659
0.01508
-0.00024
-0.01544
0.01138
0.00977
-0.00882
-0.00449
0.00531
-0.00232
-0.00204
0.00116
-0.00076
0.00156
0.00232
0.00369
0.00473
0.00259
0.00089
0.00003
-0.00070
-0.00089
-0.00156
-0.00201
0.00125
0.00162
-0.00104
0.00049
0.00235
-0.00009
-0.00046
0.00522
0.00467
-0.00003
0.00177
0.00061
0.00043
0.00046
-0.00116
0.00037
-0.00146
-0.00256
-0.00150
-0.00067
0.00165
-0.00073
0.00049
0.00208
0.00067
0.00064
-0.00031
0.00110
0.00006
-0.00140
0.00031
-0.00116
-0.00156
-0.00211
-0.00159
0.00027
-0.00095
-0.00079
-0.00128
-0.00137
-0.00024
-0.00107
0.00143
0.00201
0.00049
0.00052
-0.00043
-0.00031
-0.00119
-0.00143
-0.00156
-0.00238
-0.00140
-0.00168
-0.00140
-0.00061
-0.00070
0.00000
-0.00006
-0.00003
0.00009
0.00000
0.00046
0.00009
0.00031
0.00061
-0.00027
-0.00101
-0.00208
-0.00244
-0.00266
-0.00269
-0.00140
-0.00064
-0.00009
0.00043
0.00058
0.00070
0.00003
-0.00027
-0.00073
-0.00116
-0.00104
-0.00089
-0.00049
-0.00067
-0.00140
-0.00134
-0.00214
0.00000
0.00000
0.00000
0.00000
0.00000
0.00000
0.00000
0.00000
0.00000
0.00000
0.00000
0.00000
0.00000
0.00000
0.00000
0.00000
0.00000
0.00000
0.00000
0.00000
0.00000
0.00000
0.00000
0.00000
0.00000
0.00000
0.00000
0.00000
0.00000
0.00000
0.00000
0.00000
0.00000
0.00000
0.00000
0.00000
0.00000
0.00000
0.00000
0.00000
0.00000
0.00000
0.00000
0.00000
0.00000
0.00000
0.00000
0.00000
0.00000
0.00000
0.00000
0.00000
0.00000
0.00000
0.00000
0.00000
0.00000
0.00000
0.00000
0.00000
0.00000
0.00000
0.00000
0.00000
0.00000
0.00000
0.00000
0.00000
0.00000
0.00000
0.00000
0.00000
0.00000
0.00000
0.00000
0.00000
0.00000
0.00000
0.00000
0.00000
0.00000
0.00000
0.00000
0.00000
0.00000
0.00000
0.00000
0.00000
0.00000
0.00000
0.00000
0.00000
0.00000
0.00000
0.00000
0.00000
0.00000
0.00000
0.00000
0.00000
0.00000
0.00000
0.00000
0.00000
0.00000
0.00000
0.00000
0.00000
0.00000
0.00000
0.00000
0.00000
0.00000
0.00000
0.00000
0.00000
0.00000
0.00000
0.00000
0.00000
0.00000
0.00000
0.00000
0.00000
0.00000
0.00000
0.00000
0.00000
0.00000
0.00000
0.00000
0.00000
0.00000
0.00000
0.00000
0.00000
0.00000
0.00000
0.00000
0.00000
0.00000
0.00000
0.00000
0.00000
0.00000
0.00000
0.00000
0.00000
0.00000
0.00000
0.00000
0.00000
0.00000
0.00000
0.00000
0.00000
0.00000
0.00000
0.00000
0.00000
0.00000
0.00000
0.00000
0.00000
0.00000
0.00000
0.00000
0.00000
0.00000
0.00000
0.00000
0.00000
0.00000
0.00000
0.00000
0.00000
0.00000
0.00000
0.00000
0.00000
0.00000
0.00000
0.00000
0.00000
0.00000
0.00000
0.00000
0.00000
0.00000
