-0.00018
-0.00018
-0.00012
-0.00009
-0.00018
-0.00021
-0.00018
-0.00018
-0.00021
-0.00021
-0.00015
-0.00018
-0.00015
-0.00018
-0.00024
-0.00021
-0.00021
-0.00024
-0.00021
-0.00018
-0.00024
-0.00018
-0.00018
-0.00024
-0.00024
-0.00021
-0.00021
-0.00024
-0.00021
-0.00021
-0.00021
-0.00018
-0.00024
-0.00024
-0.00027
-0.00024
-0.00027
-0.00024
-0.00021
-0.00021
-0.00024
-0.00024
-0.00018
-0.00021
-0.00024
-0.00021
-0.00021
-0.00031
-0.00031
-0.00031
-0.00024
-0.00031
-0.00015
-0.00031
-0.00031
-0.00012
-0.00037
-0.00034
-0.00015
-0.00015
-0.00034
-0.00031
-0.00027
-0.00024
-0.00027
-0.00024
-0.00027
-0.00031
-0.00027
-0.00021
-0.00024
-0.00021
-0.00021
-0.00031
-0.00037
-0.00031
-0.00037
-0.00037
-0.00024
-0.00024
-0.00040
-0.00034
-0.00024
-0.00034
-0.00034
-0.00031
-0.00040
-0.00043
-0.00037
-0.00034
-0.00031
-0.00031
-0.00031
-0.00040
-0.00034
-0.00031
-0.00043
-0.00043
-0.00024
-0.00034
-0.00046
-0.00031
-0.00034
-0.00043
-0.00043
-0.00034
-0.00037
-0.00037
-0.00031
-0.00037
-0.00034
-0.00034
-0.00040
-0.00040
-0.00034
-0.00037
-0.00040
-0.00034
-0.00034
-0.00040
-0.00040
-0.00031
-0.00037
-0.00043
-0.00034
-0.00037
-0.00034
-0.00034
-0.00040
-0.00043
-0.00037
-0.00040
-0.00046
-0.00037
-0.00031
-0.00031
-0.00040
-0.00037
-0.00040
-0.00049
-0.00040
-0.00037
-0.00031
-0.00034
-0.00037
-0.00040
-0.00037
-0.00040
-0.00043
-0.00034
-0.00031
-0.00037
-0.00040
-0.00043
-0.00037
-0.00037
-0.00037
-0.00040
-0.00037
-0.00040
-0.00052
-0.00046
-0.00040
-0.00043
-0.00046
-0.00040
-0.00040
-0.00031
-0.00046
-0.00024
-0.00061
0.00003
-0.00122
0.00079
-0.00232
0.00201
-0.00385
0.00415
-0.00668
0.00812
-0.06644
-0.16272
0.01132
-0.01126
-0.04034
0.07709
0.16281
0.05765
-0.01807
-0.07288
-0.03308
0.04321
0.02716
-0.01053
0.02301
0.04724
-0.02603
-0.02060
0.00757
-0.02536
-0.00940
0.01791
-0.00623
0.02100
0.02017
-0.01569
-0.00534
0.02179
-0.00339
-0.01813
0.00497
0.00302
-0.00601
0.00406
0.00488
-0.00516
0.00082
0.00275
0.00287
0.00046
0.00278
-0.00241
-0.00278
0.00134
0.00320
-0.00183
0.00171
0.00174
-0.00217
-0.00403
-0.00006
-0.00162
-0.00412
0.00479
0.00797
0.00000
-0.00067
0.00241
-0.00012
-0.00134
0.00214
0.00131
-0.00232
-0.00211
-0.00345
-0.00388
-0.00031
-0.00085
-0.00159
0.00058
0.00201
-0.00168
-0.00180
0.00162
0.00089
-0.00192
-0.00046
-0.00070
-0.00186
-0.00262
-0.00150
-0.00095
-0.00180
-0.00241
-0.00266
-0.00171
-0.00052
-0.00076
0.00046
0.00171
0.00009
-0.00113
-0.00107
-0.00055
-0.00153
-0.00128
-0.00131
-0.00195
-0.00229
-0.00186
-0.00208
-0.00137
-0.00119
-0.00067
-0.00055
-0.00043
-0.00089
-0.00067
0.00006
0.00034
0.00046
0.00089
0.00015
-0.00150
-0.00247
-0.00262
-0.00244
-0.00211
-0.00110
-0.00107
-0.00177
-0.00159
-0.00058
-0.00027
-0.00027
-0.00006
-0.00006
-0.00076
-0.00104
-0.00067
-0.00034
-0.00052
-0.00153
-0.00208
-0.00198
-0.00174
-0.00162
-0.00095
-0.00037
0.00000
0.00000
0.00000
0.00000
0.00000
0.00000
0.00000
0.00000
0.00000
0.00000
0.00000
0.00000
0.00000
0.00000
0.00000
0.00000
0.00000
0.00000
0.00000
0.00000
0.00000
0.00000
0.00000
0.00000
0.00000
0.00000
0.00000
0.00000
0.00000
0.00000
0.00000
0.00000
0.00000
0.00000
0.00000
0.00000
0.00000
0.00000
0.00000
0.00000
0.00000
0.00000
0.00000
0.00000
0.00000
0.00000
0.00000
0.00000
0.00000
0.00000
0.00000
0.00000
0.00000
0.00000
0.00000
0.00000
0.00000
0.00000
0.00000
0.00000
0.00000
0.00000
0.00000
0.00000
0.00000
0.00000
0.00000
0.00000
0.00000
0.00000
0.00000
0.00000
0.00000
0.00000
0.00000
0.00000
0.00000
0.00000
0.00000
0.00000
0.00000
0.00000
0.00000
0.00000
0.00000
0.00000
0.00000
0.00000
0.00000
0.00000
0.00000
0.00000
0.00000
0.00000
0.00000
0.00000
0.00000
0.00000
0.00000
0.00000
0.00000
0.00000
0.00000
0.00000
0.00000
0.00000
0.00000
0.00000
0.00000
0.00000
0.00000
0.00000
0.00000
0.00000
0.00000
0.00000
0.00000
0.00000
0.00000
0.00000
0.00000
0.00000
0.00000
0.00000
0.00000
0.00000
0.00000
0.00000
0.00000
0.00000
0.00000
0.00000
0.00000
0.00000
0.00000
0.00000
0.00000
0.00000
0.00000
0.00000
0.00000
0.00000
0.00000
0.00000
0.00000
0.00000
0.00000
0.00000
0.00000
0.00000
0.00000
0.00000
0.00000
0.00000
0.00000
0.00000
0.00000
0.00000
0.00000
0.00000
0.00000
0.00000
0.00000
0.00000
0.00000
0.00000
0.00000
0.00000
0.00000
0.00000
0.00000
0.00000
0.00000
0.00000
0.00000
0.00000
0.00000
0.00000
0.00000
0.00000
0.00000
0.00000
0.00000
0.00000
0.00000
0.00000
0.00000
0.00000
0.00000
0.00000
0.00000
0.00000
0.00000
