-0.00018
-0.00015
-0.00012
-0.00012
-0.00015
-0.00021
-0.00024
-0.00024
-0.00021
-0.00018
-0.00012
-0.00006
-0.00009
-0.00018
-0.00021
-0.00018
-0.00015
-0.00015
-0.00018
-0.00018
-0.00018
-0.00021
-0.00015
-0.00009
-0.00012
-0.00018
-0.00018
-0.00024
-0.00021
-0.00021
-0.00021
-0.00015
-0.00015
-0.00018
-0.00021
-0.00018
-0.00021
-0.00012
-0.00003
-0.00012
-0.00012
-0.00012
-0.00018
-0.00021
-0.00024
-0.00024
-0.00024
-0.00027
-0.00024
-0.00021
-0.00021
-0.00021
-0.00015
-0.00015
-0.00015
-0.00018
-0.00018
-0.00018
-0.00021
-0.00015
-0.00021
-0.00018
-0.00012
-0.00018
-0.00021
-0.00021
-0.00015
-0.00024
-0.00021
-0.00015
-0.00009
-0.00012
-0.00015
-0.00018
-0.00024
-0.00027
-0.00024
-0.00024
-0.00018
-0.00015
-0.00024
-0.00018
-0.00009
-0.00015
-0.00021
-0.00018
-0.00012
-0.00018
-0.00015
-0.00012
-0.00015
-0.00021
-0.00021
-0.00018
-0.00012
-0.00015
-0.00015
-0.00015
-0.00018
-0.00021
-0.00018
-0.00015
-0.00015
-0.00015
-0.00018
-0.00012
-0.00015
-0.00021
-0.00015
-0.00012
-0.00015
-0.00018
-0.00015
-0.00021
-0.00021
-0.00021
-0.00021
-0.00015
-0.00015
-0.00015
-0.00009
-0.00012
-0.00015
-0.00012
-0.00012
-0.00021
-0.00018
-0.00012
-0.00012
-0.00015
-0.00015
-0.00015
-0.00021
-0.00021
-0.00018
-0.00015
-0.00012
-0.00012
-0.00012
-0.00009
-0.00012
-0.00015
-0.00012
-0.00018
-0.00024
-0.00024
-0.00021
-0.00015
-0.00015
-0.00009
-0.00006
-0.00012
-0.00018
-0.00015
-0.00009
-0.00015
-0.00018
-0.00018
-0.00012
-0.00021
-0.00021
-0.00009
-0.00009
-0.00018
-0.00018
-0.00012
-0.00012
-0.00021
-0.00018
-0.00012
-0.00015
-0.00018
-0.00018
-0.00012
-0.00012
-0.00012
-0.00006
-0.00012
0.00000
-0.00043
0.00015
-0.00076
0.00046
-0.00116
0.00110
-0.00195
0.00098
-0.03174
-0.07343
-0.01773
-0.03787
-0.04166
0.00674
0.06357
0.06033
0.04349
0.02048
0.00702
0.03986
0.00247
-0.02368
-0.01758
-0.01218
-0.01559
-0.00787
0.00632
0.00839
0.01422
0.01123
-0.00864
0.00031
0.00430
-0.00757
0.00034
0.01010
0.00320
-0.00323
-0.00333
-0.00073
0.00226
0.00073
-0.00070
-0.00180
0.00021
0.00198
0.00317
0.00339
0.00491
0.00339
-0.00076
-0.00107
-0.00003
-0.00259
-0.00134
-0.00018
-0.00327
-0.00241
0.00031
0.00110
0.00101
0.00366
0.00378
0.00192
0.00278
0.00269
0.00110
0.00079
0.00015
-0.00101
-0.00153
-0.00156
-0.00226
-0.00140
-0.00012
-0.00046
-0.00037
0.00067
0.00137
0.00034
0.00024
0.00098
0.00037
-0.00052
-0.00092
-0.00107
-0.00128
-0.00134
-0.00095
-0.00110
-0.00122
-0.00156
-0.00189
-0.00110
-0.00089
-0.00055
0.00000
0.00079
0.00070
0.00018
0.00034
0.00006
-0.00061
-0.00073
-0.00150
-0.00180
-0.00195
-0.00168
-0.00146
-0.00131
-0.00110
-0.00095
-0.00073
-0.00055
-0.00052
-0.00006
0.00021
0.00055
0.00082
0.00055
0.00021
-0.00046
-0.00128
-0.00186
-0.00244
-0.00253
-0.00214
-0.00180
-0.00159
-0.00104
-0.00031
-0.00003
0.00027
0.00043
0.00027
0.00000
-0.00064
-0.00110
-0.00128
-0.00137
-0.00131
-0.00128
-0.00131
0.00000
0.00000
0.00000
0.00000
0.00000
0.00000
0.00000
0.00000
0.00000
0.00000
0.00000
0.00000
0.00000
0.00000
0.00000
0.00000
0.00000
0.00000
0.00000
0.00000
0.00000
0.00000
0.00000
0.00000
0.00000
0.00000
0.00000
0.00000
0.00000
0.00000
0.00000
0.00000
0.00000
0.00000
0.00000
0.00000
0.00000
0.00000
0.00000
0.00000
0.00000
0.00000
0.00000
0.00000
0.00000
0.00000
0.00000
0.00000
0.00000
0.00000
0.00000
0.00000
0.00000
0.00000
0.00000
0.00000
0.00000
0.00000
0.00000
0.00000
0.00000
0.00000
0.00000
0.00000
0.00000
0.00000
0.00000
0.00000
0.00000
0.00000
0.00000
0.00000
0.00000
0.00000
0.00000
0.00000
0.00000
0.00000
0.00000
0.00000
0.00000
0.00000
0.00000
0.00000
0.00000
0.00000
0.00000
0.00000
0.00000
0.00000
0.00000
0.00000
0.00000
0.00000
0.00000
0.00000
0.00000
0.00000
0.00000
0.00000
0.00000
0.00000
0.00000
0.00000
0.00000
0.00000
0.00000
0.00000
0.00000
0.00000
0.00000
0.00000
0.00000
0.00000
0.00000
0.00000
0.00000
0.00000
0.00000
0.00000
0.00000
0.00000
0.00000
0.00000
0.00000
0.00000
0.00000
0.00000
0.00000
0.00000
0.00000
0.00000
0.00000
0.00000
0.00000
0.00000
0.00000
0.00000
0.00000
0.00000
0.00000
0.00000
0.00000
0.00000
0.00000
0.00000
0.00000
0.00000
0.00000
0.00000
0.00000
0.00000
0.00000
0.00000
0.00000
0.00000
0.00000
0.00000
0.00000
0.00000
0.00000
0.00000
0.00000
0.00000
0.00000
0.00000
0.00000
0.00000
0.00000
0.00000
0.00000
0.00000
0.00000
0.00000
0.00000
0.00000
0.00000
0.00000
0.00000
0.00000
0.00000
0.00000
0.00000
0.00000
0.00000
0.00000
0.00000
0.00000
0.00000
0.00000
