-0.00031
-0.00027
-0.00034
-0.00034
-0.00018
-0.00024
-0.00027
-0.00027
-0.00034
-0.00040
-0.00034
-0.00021
-0.00024
-0.00024
-0.00021
-0.00024
-0.00034
-0.00027
-0.00034
-0.00040
-0.00027
-0.00021
-0.00024
-0.00027
-0.00021
-0.00021
-0.00021
-0.00031
-0.00031
-0.00037
-0.00043
-0.00034
-0.00034
-0.00031
-0.00024
-0.00024
-0.00024
-0.00027
-0.00031
-0.00034
-0.00027
-0.00024
-0.00024
-0.00024
-0.00024
-0.00031
-0.00034
-0.00027
-0.00027
-0.00027
-0.00024
-0.00021
-0.00027
-0.00031
-0.00027
-0.00027
-0.00034
-0.00015
-0.00031
-0.00040
-0.00012
-0.00052
-0.00034
-0.00018
-0.00018
-0.00024
-0.00043
-0.00012
-0.00018
-0.00034
-0.00024
-0.00024
-0.00034
-0.00031
-0.00024
-0.00031
-0.00031
-0.00027
-0.00034
-0.00027
-0.00018
-0.00034
-0.00031
-0.00024
-0.00031
-0.00031
-0.00021
-0.00009
-0.00031
-0.00031
-0.00031
-0.00043
-0.00037
-0.00031
-0.00031
-0.00021
-0.00024
-0.00024
-0.00027
-0.00024
-0.00027
-0.00037
-0.00031
-0.00018
-0.00031
-0.00046
-0.00027
-0.00027
-0.00034
-0.00027
-0.00024
-0.00018
-0.00021
-0.00021
-0.00024
-0.00031
-0.00034
-0.00040
-0.00031
-0.00024
-0.00027
-0.00031
-0.00021
-0.00024
-0.00034
-0.00031
-0.00027
-0.00031
-0.00037
-0.00027
-0.00027
-0.00024
-0.00021
-0.00027
-0.00021
-0.00024
-0.00034
-0.00034
-0.00027
-0.00031
-0.00027
-0.00027
-0.00024
-0.00027
-0.00037
-0.00027
-0.00031
-0.00021
-0.00021
-0.00031
-0.00027
-0.00024
-0.00024
-0.00031
-0.00015
-0.00009
-0.00021
-0.00024
-0.00031
-0.00034
-0.00046
-0.00034
-0.00024
-0.00024
-0.00015
-0.00024
-0.00018
-0.00021
-0.00037
-0.00031
-0.00021
-0.00012
-0.00015
-0.00034
-0.00012
-0.00043
0.00021
-0.00085
0.00082
-0.00159
0.00156
-0.00256
0.00259
-0.00378
0.00378
-0.05923
-0.16489
-0.00208
-0.06744
-0.03183
0.17532
0.17050
0.12192
-0.03970
-0.05441
-0.01212
-0.01935
-0.05228
-0.05124
0.03244
0.03079
-0.01233
0.02042
0.02362
-0.01941
-0.00558
0.00729
0.00220
0.01550
-0.00470
-0.01303
0.00989
0.01245
-0.00638
-0.01059
0.00641
-0.00116
-0.00488
-0.00043
0.00339
0.00024
0.00058
0.00861
0.00873
0.00177
-0.00015
-0.00119
-0.00388
-0.00320
-0.00293
-0.00238
0.00122
0.00208
-0.00015
0.00000
0.00229
0.00150
-0.00058
0.00702
0.00647
-0.00116
-0.00049
0.00031
0.00024
-0.00156
0.00027
0.00250
-0.00266
-0.00296
-0.00214
-0.00143
0.00153
-0.00125
0.00064
0.00189
0.00143
0.00049
-0.00061
0.00275
0.00015
-0.00211
-0.00024
-0.00165
-0.00201
-0.00311
-0.00101
0.00134
-0.00116
-0.00101
-0.00229
-0.00119
0.00006
-0.00079
0.00226
0.00186
0.00034
0.00015
-0.00055
0.00000
-0.00204
-0.00180
-0.00159
-0.00226
-0.00150
-0.00204
-0.00122
-0.00024
0.00000
0.00067
-0.00015
-0.00027
-0.00021
0.00000
0.00125
0.00055
0.00073
0.00067
-0.00046
-0.00150
-0.00275
-0.00272
-0.00293
-0.00278
-0.00113
-0.00061
-0.00015
0.00052
0.00119
0.00131
0.00009
-0.00003
-0.00018
-0.00076
-0.00113
-0.00125
-0.00073
-0.00113
-0.00174
-0.00143
-0.00143
-0.00122
0.00000
0.00000
0.00000
0.00000
0.00000
0.00000
0.00000
0.00000
0.00000
0.00000
0.00000
0.00000
0.00000
0.00000
0.00000
0.00000
0.00000
0.00000
0.00000
0.00000
0.00000
0.00000
0.00000
0.00000
0.00000
0.00000
0.00000
0.00000
0.00000
0.00000
0.00000
0.00000
0.00000
0.00000
0.00000
0.00000
0.00000
0.00000
0.00000
0.00000
0.00000
0.00000
0.00000
0.00000
0.00000
0.00000
0.00000
0.00000
0.00000
0.00000
0.00000
0.00000
0.00000
0.00000
0.00000
0.00000
0.00000
0.00000
0.00000
0.00000
0.00000
0.00000
0.00000
0.00000
0.00000
0.00000
0.00000
0.00000
0.00000
0.00000
0.00000
0.00000
0.00000
0.00000
0.00000
0.00000
0.00000
0.00000
0.00000
0.00000
0.00000
0.00000
0.00000
0.00000
0.00000
0.00000
0.00000
0.00000
0.00000
0.00000
0.00000
0.00000
0.00000
0.00000
0.00000
0.00000
0.00000
0.00000
0.00000
0.00000
0.00000
0.00000
0.00000
0.00000
0.00000
0.00000
0.00000
0.00000
0.00000
0.00000
0.00000
0.00000
0.00000
0.00000
0.00000
0.00000
0.00000
0.00000
0.00000
0.00000
0.00000
0.00000
0.00000
0.00000
0.00000
0.00000
0.00000
0.00000
0.00000
0.00000
0.00000
0.00000
0.00000
0.00000
0.00000
0.00000
0.00000
0.00000
0.00000
0.00000
0.00000
0.00000
0.00000
0.00000
0.00000
0.00000
0.00000
0.00000
0.00000
0.00000
0.00000
0.00000
0.00000
0.00000
0.00000
0.00000
0.00000
0.00000
0.00000
0.00000
0.00000
0.00000
0.00000
0.00000
0.00000
0.00000
0.00000
0.00000
0.00000
0.00000
0.00000
0.00000
0.00000
0.00000
0.00000
0.00000
0.00000
0.00000
0.00000
0.00000
0.00000
0.00000
0.00000
0.00000
0.00000
0.00000
0.00000
0.00000
0.00000
0.00000
0.00000
