0.00003
0.00006
0.00012
0.00012
0.00018
0.00021
0.00015
0.00018
0.00015
0.00012
0.00015
0.00018
0.00009
0.00006
0.00009
0.00006
0.00009
0.00015
0.00015
0.00018
0.00018
0.00015
0.00015
0.00015
0.00009
0.00009
0.00012
0.00015
0.00015
0.00012
0.00009
0.00009
0.00009
0.00012
0.00015
0.00012
0.00009
0.00015
0.00009
0.00000
0.00009
0.00012
0.00012
0.00018
0.00021
0.00015
0.00006
0.00009
0.00009
0.00006
0.00006
0.00009
0.00009
0.00009
0.00012
0.00018
0.00018
0.00018
0.00015
0.00012
0.00003
0.00000
0.00000
0.00003
0.00006
0.00009
0.00012
0.00006
0.00009
0.00003
0.00000
0.00012
0.00015
0.00009
0.00012
0.00009
0.00000
0.00000
0.00000
0.00003
0.00006
0.00009
0.00003
0.00000
0.00000
-0.00003
0.00000
0.00012
0.00015
0.00009
0.00009
0.00009
0.00003
0.00003
0.00003
0.00003
0.00000
-0.00006
-0.00006
-0.00003
-0.00003
0.00000
0.00009
0.00006
0.00003
0.00006
0.00006
0.00003
0.00003
0.00006
0.00000
-0.00003
-0.00006
-0.00003
-0.00006
-0.00003
0.00000
0.00000
0.00006
0.00000
0.00000
0.00003
0.00003
-0.00003
0.00000
0.00000
-0.00006
-0.00003
0.00000
0.00003
0.00000
-0.00003
-0.00003
-0.00006
-0.00006
-0.00003
0.00000
0.00000
0.00000
0.00000
-0.00003
-0.00006
-0.00012
-0.00012
-0.00006
-0.00006
-0.00009
-0.00006
-0.00003
-0.00006
-0.00009
-0.00006
-0.00006
-0.00006
-0.00009
-0.00009
-0.00006
-0.00012
-0.00012
-0.00009
-0.00015
-0.00021
-0.00015
-0.00012
-0.00006
-0.00006
-0.00006
-0.00012
-0.00015
-0.00015
-0.00012
-0.00006
-0.00006
-0.00012
-0.00009
-0.00012
-0.00021
-0.00018
-0.00024
-0.00006
-0.00018
-0.00027
-0.00021
-0.00024
-0.00018
-0.00015
-0.00009
-0.00012
-0.00012
-0.00021
-0.00021
-0.00021
-0.00024
-0.00024
-0.00031
-0.00027
-0.00040
0.00000
-0.00043
-0.00101
-0.01022
-0.01373
-0.01215
-0.01651
-0.01230
-0.00650
-0.00046
0.00458
0.00937
0.00851
0.00565
0.00827
0.00363
0.00247
0.00079
-0.00287
-0.00067
0.00308
0.00339
0.00128
0.00247
0.00153
-0.00092
-0.00092
-0.00085
-0.00104
0.00195
0.00348
0.00381
0.00458
0.00317
0.00040
-0.00009
-0.00012
-0.00162
-0.00125
0.00067
0.00085
0.00095
0.00189
0.00153
0.00119
0.00189
0.00186
0.00095
0.00034
-0.00015
-0.00031
-0.00018
-0.00031
-0.00034
0.00024
0.00079
0.00055
0.00015
0.00027
0.00082
0.00079
0.00040
0.00037
0.00073
0.00085
0.00049
0.00015
0.00009
-0.00012
-0.00052
-0.00049
-0.00015
-0.00037
-0.00055
-0.00031
0.00006
0.00000
-0.00037
-0.00027
-0.00034
-0.00064
-0.00092
-0.00073
-0.00055
-0.00092
-0.00098
-0.00098
-0.00092
-0.00098
-0.00098
-0.00082
-0.00089
-0.00085
-0.00058
-0.00037
-0.00040
-0.00076
-0.00095
-0.00098
-0.00082
-0.00067
-0.00095
-0.00131
-0.00134
-0.00131
-0.00146
-0.00153
-0.00119
-0.00079
-0.00064
-0.00067
-0.00095
-0.00092
-0.00070
-0.00058
-0.00052
-0.00067
-0.00101
-0.00116
-0.00104
-0.00104
-0.00131
-0.00140
-0.00137
-0.00153
-0.00146
-0.00116
-0.00101
-0.00110
-0.00110
-0.00089
-0.00085
0.00000
0.00000
0.00000
0.00000
0.00000
0.00000
0.00000
0.00000
0.00000
0.00000
0.00000
0.00000
0.00000
0.00000
0.00000
0.00000
0.00000
0.00000
0.00000
0.00000
0.00000
0.00000
0.00000
0.00000
0.00000
0.00000
0.00000
0.00000
0.00000
0.00000
0.00000
0.00000
0.00000
0.00000
0.00000
0.00000
0.00000
0.00000
0.00000
0.00000
0.00000
0.00000
0.00000
0.00000
0.00000
0.00000
0.00000
0.00000
0.00000
0.00000
0.00000
0.00000
0.00000
0.00000
0.00000
0.00000
0.00000
0.00000
0.00000
0.00000
0.00000
0.00000
0.00000
0.00000
0.00000
0.00000
0.00000
0.00000
0.00000
0.00000
0.00000
0.00000
0.00000
0.00000
0.00000
0.00000
0.00000
0.00000
0.00000
0.00000
0.00000
0.00000
0.00000
0.00000
0.00000
0.00000
0.00000
0.00000
0.00000
0.00000
0.00000
0.00000
0.00000
0.00000
0.00000
0.00000
0.00000
0.00000
0.00000
0.00000
0.00000
0.00000
0.00000
0.00000
0.00000
0.00000
0.00000
0.00000
0.00000
0.00000
0.00000
0.00000
0.00000
0.00000
0.00000
0.00000
0.00000
0.00000
0.00000
0.00000
0.00000
0.00000
0.00000
0.00000
0.00000
0.00000
0.00000
0.00000
0.00000
0.00000
0.00000
0.00000
0.00000
0.00000
0.00000
0.00000
0.00000
0.00000
0.00000
0.00000
0.00000
0.00000
0.00000
0.00000
0.00000
0.00000
0.00000
0.00000
0.00000
0.00000
0.00000
0.00000
0.00000
0.00000
0.00000
0.00000
0.00000
0.00000
0.00000
0.00000
0.00000
0.00000
0.00000
0.00000
0.00000
0.00000
0.00000
0.00000
0.00000
0.00000
0.00000
0.00000
0.00000
0.00000
0.00000
0.00000
0.00000
0.00000
0.00000
0.00000
0.00000
0.00000
0.00000
