-0.00018
-0.00015
-0.00015
-0.00012
-0.00012
-0.00009
-0.00015
-0.00015
-0.00018
-0.00021
-0.00018
-0.00018
-0.00018
-0.00018
-0.00015
-0.00009
-0.00015
-0.00021
-0.00018
-0.00021
-0.00027
-0.00021
-0.00015
-0.00015
-0.00018
-0.00015
-0.00021
-0.00021
-0.00021
-0.00018
-0.00018
-0.00012
-0.00018
-0.00021
-0.00024
-0.00024
-0.00021
-0.00015
-0.00021
-0.00024
-0.00018
-0.00018
-0.00021
-0.00018
-0.00015
-0.00015
-0.00018
-0.00024
-0.00024
-0.00024
-0.00024
-0.00018
-0.00015
-0.00015
-0.00021
-0.00024
-0.00021
-0.00018
-0.00018
-0.00021
-0.00021
-0.00018
-0.00015
-0.00018
-0.00015
-0.00015
-0.00021
-0.00021
-0.00024
-0.00031
-0.00024
-0.00018
-0.00015
-0.00018
-0.00015
-0.00021
-0.00021
-0.00015
-0.00018
-0.00018
-0.00018
-0.00021
-0.00021
-0.00015
-0.00012
-0.00015
-0.00015
-0.00015
-0.00018
-0.00021
-0.00018
-0.00024
-0.00021
-0.00018
-0.00021
-0.00018
-0.00015
-0.00015
-0.00018
-0.00018
-0.00015
-0.00015
-0.00012
-0.00012
-0.00012
-0.00015
-0.00027
-0.00024
-0.00015
-0.00012
-0.00018
-0.00015
-0.00012
-0.00015
-0.00015
-0.00012
-0.00018
-0.00018
-0.00021
-0.00018
-0.00015
-0.00015
-0.00018
-0.00021
-0.00015
-0.00021
-0.00024
-0.00012
-0.00012
-0.00015
-0.00012
-0.00012
-0.00021
-0.00021
-0.00018
-0.00015
-0.00012
-0.00009
-0.00012
-0.00012
-0.00015
-0.00015
-0.00015
-0.00015
-0.00018
-0.00015
-0.00018
-0.00018
-0.00024
-0.00027
-0.00024
-0.00015
-0.00009
-0.00012
-0.00009
-0.00012
-0.00018
-0.00027
-0.00024
-0.00024
-0.00021
-0.00015
-0.00012
-0.00012
-0.00012
-0.00012
-0.00012
-0.00018
-0.00018
-0.00015
-0.00015
-0.00018
-0.00021
-0.00021
-0.00018
-0.00009
-0.00009
-0.00012
-0.00015
-0.00015
-0.00021
-0.00015
-0.00018
-0.00015
-0.00018
-0.00024
-0.00018
-0.00040
-0.00003
-0.00055
0.00003
-0.00070
0.00067
-0.00079
0.00082
-0.01416
-0.04181
-0.02032
-0.01630
-0.00830
0.00720
0.02020
0.02518
0.02121
0.01752
-0.00262
-0.00113
0.00070
-0.01123
-0.01016
-0.00360
0.00055
0.00778
0.00824
0.00305
0.00244
0.00272
-0.00427
-0.00388
0.00330
0.00198
-0.00003
0.00287
0.00204
0.00031
0.00125
-0.00110
-0.00211
-0.00110
-0.00003
-0.00021
0.00278
0.00607
0.00418
0.00204
0.00217
0.00089
-0.00046
0.00027
0.00110
-0.00043
-0.00040
0.00061
0.00034
0.00055
0.00095
0.00037
0.00021
0.00146
0.00195
0.00174
0.00180
0.00125
-0.00003
-0.00046
0.00015
0.00043
0.00006
-0.00012
-0.00055
-0.00055
0.00015
0.00031
0.00037
0.00052
0.00098
0.00043
-0.00012
0.00018
-0.00012
-0.00040
-0.00021
-0.00024
-0.00031
-0.00055
-0.00037
-0.00064
-0.00095
-0.00110
-0.00153
-0.00122
-0.00079
-0.00052
-0.00006
0.00024
0.00034
0.00015
0.00009
-0.00012
-0.00067
-0.00076
-0.00104
-0.00119
-0.00107
-0.00113
-0.00116
-0.00125
-0.00122
-0.00104
-0.00076
-0.00040
-0.00058
-0.00061
-0.00018
0.00006
0.00024
0.00000
-0.00052
-0.00089
-0.00113
-0.00125
-0.00150
-0.00165
-0.00146
-0.00110
-0.00076
-0.00064
-0.00052
-0.00040
-0.00027
-0.00024
-0.00064
-0.00113
-0.00131
-0.00122
-0.00098
-0.00082
0.00000
0.00000
0.00000
0.00000
0.00000
0.00000
0.00000
0.00000
0.00000
0.00000
0.00000
0.00000
0.00000
0.00000
0.00000
0.00000
0.00000
0.00000
0.00000
0.00000
0.00000
0.00000
0.00000
0.00000
0.00000
0.00000
0.00000
0.00000
0.00000
0.00000
0.00000
0.00000
0.00000
0.00000
0.00000
0.00000
0.00000
0.00000
0.00000
0.00000
0.00000
0.00000
0.00000
0.00000
0.00000
0.00000
0.00000
0.00000
0.00000
0.00000
0.00000
0.00000
0.00000
0.00000
0.00000
0.00000
0.00000
0.00000
0.00000
0.00000
0.00000
0.00000
0.00000
0.00000
0.00000
0.00000
0.00000
0.00000
0.00000
0.00000
0.00000
0.00000
0.00000
0.00000
0.00000
0.00000
0.00000
0.00000
0.00000
0.00000
0.00000
0.00000
0.00000
0.00000
0.00000
0.00000
0.00000
0.00000
0.00000
0.00000
0.00000
0.00000
0.00000
0.00000
0.00000
0.00000
0.00000
0.00000
0.00000
0.00000
0.00000
0.00000
0.00000
0.00000
0.00000
0.00000
0.00000
0.00000
0.00000
0.00000
0.00000
0.00000
0.00000
0.00000
0.00000
0.00000
0.00000
0.00000
0.00000
0.00000
0.00000
0.00000
0.00000
0.00000
0.00000
0.00000
0.00000
0.00000
0.00000
0.00000
0.00000
0.00000
0.00000
0.00000
0.00000
0.00000
0.00000
0.00000
0.00000
0.00000
0.00000
0.00000
0.00000
0.00000
0.00000
0.00000
0.00000
0.00000
0.00000
0.00000
0.00000
0.00000
0.00000
0.00000
0.00000
0.00000
0.00000
0.00000
0.00000
0.00000
0.00000
0.00000
0.00000
0.00000
0.00000
0.00000
0.00000
0.00000
0.00000
0.00000
0.00000
0.00000
0.00000
0.00000
0.00000
0.00000
0.00000
0.00000
0.00000
0.00000
0.00000
0.00000
0.00000
0.00000
0.00000
