-0.00024
-0.00037
-0.00043
-0.00034
-0.00034
-0.00031
-0.00018
-0.00009
-0.00021
-0.00024
-0.00027
-0.00040
-0.00043
-0.00037
-0.00037
-0.00027
-0.00012
-0.00018
-0.00021
-0.00015
-0.00021
-0.00037
-0.00031
-0.00027
-0.00034
-0.00024
-0.00015
-0.00024
-0.00024
-0.00024
-0.00037
-0.00034
-0.00027
-0.00027
-0.00018
-0.00012
-0.00015
-0.00015
-0.00024
-0.00037
-0.00043
-0.00043
-0.00027
-0.00018
-0.00018
-0.00006
-0.00009
-0.00018
-0.00024
-0.00024
-0.00037
-0.00046
-0.00031
-0.00027
-0.00027
0.00000
0.00000
-0.00024
0.00000
-0.00027
-0.00043
-0.00034
-0.00024
-0.00034
-0.00034
-0.00006
-0.00009
-0.00018
-0.00012
-0.00015
-0.00024
-0.00021
-0.00018
-0.00021
-0.00018
-0.00018
-0.00021
-0.00027
-0.00021
-0.00024
-0.00034
-0.00027
-0.00009
-0.00009
-0.00018
-0.00003
-0.00006
-0.00024
-0.00024
-0.00024
-0.00031
-0.00021
-0.00012
-0.00009
-0.00015
-0.00012
-0.00018
-0.00018
-0.00006
-0.00021
-0.00024
-0.00003
-0.00009
-0.00034
-0.00018
0.00000
-0.00009
-0.00018
-0.00012
-0.00015
-0.00024
-0.00009
0.00000
-0.00006
-0.00015
-0.00024
-0.00027
-0.00018
-0.00015
-0.00021
-0.00003
0.00006
-0.00006
-0.00009
-0.00003
-0.00012
-0.00024
-0.00015
-0.00015
-0.00012
-0.00006
-0.00003
0.00000
0.00000
-0.00012
-0.00024
-0.00027
-0.00021
-0.00006
-0.00006
-0.00009
-0.00006
-0.00018
-0.00021
-0.00012
0.00000
0.00000
0.00000
0.00006
-0.00003
-0.00006
-0.00018
-0.00018
-0.00009
-0.00009
-0.00009
-0.00003
0.00000
-0.00009
-0.00009
-0.00006
-0.00009
0.00000
-0.00006
-0.00006
0.00000
-0.00012
-0.00018
-0.00012
0.00000
0.00003
-0.00006
0.00003
-0.00018
0.00012
-0.00049
0.00037
-0.00024
0.00003
0.00037
-0.00116
0.00253
-0.00458
-0.01309
-0.17764
-0.08029
-0.03061
-0.04474
0.09756
0.21951
0.20551
-0.02448
-0.06488
-0.05560
-0.03992
-0.02386
-0.03372
-0.00742
0.05475
0.02246
-0.00519
0.01974
-0.00348
-0.02933
0.00888
0.01443
-0.00201
0.00262
0.00388
-0.01138
0.00891
0.01923
-0.01715
-0.00491
0.00955
-0.00446
-0.00632
0.00912
-0.00031
-0.00522
0.01215
0.01233
-0.00174
0.00095
0.00272
-0.00714
-0.00574
-0.00122
-0.00171
-0.00217
0.00446
0.00183
-0.00180
0.00153
0.00342
-0.00314
0.00424
0.01047
0.00250
-0.00333
0.00095
0.00027
-0.00366
-0.00040
0.00418
-0.00165
-0.00275
-0.00092
-0.00269
-0.00034
0.00009
-0.00006
0.00043
0.00232
0.00162
-0.00186
0.00198
0.00171
-0.00162
-0.00101
-0.00043
-0.00211
-0.00351
-0.00183
0.00085
-0.00128
-0.00082
-0.00195
-0.00140
0.00003
0.00018
0.00156
0.00262
0.00125
-0.00027
-0.00165
-0.00064
-0.00241
-0.00189
-0.00061
-0.00140
-0.00177
-0.00165
-0.00131
-0.00113
-0.00043
0.00089
0.00046
-0.00024
-0.00027
-0.00018
0.00095
0.00067
0.00085
0.00107
0.00037
-0.00113
-0.00266
-0.00293
-0.00290
-0.00311
-0.00168
-0.00055
-0.00034
-0.00009
0.00095
0.00177
0.00092
0.00046
0.00000
-0.00092
-0.00131
-0.00128
-0.00064
-0.00049
-0.00104
-0.00140
-0.00159
-0.00146
-0.00143
-0.00162
0.00000
0.00000
0.00000
0.00000
0.00000
0.00000
0.00000
0.00000
0.00000
0.00000
0.00000
0.00000
0.00000
0.00000
0.00000
0.00000
0.00000
0.00000
0.00000
0.00000
0.00000
0.00000
0.00000
0.00000
0.00000
0.00000
0.00000
0.00000
0.00000
0.00000
0.00000
0.00000
0.00000
0.00000
0.00000
0.00000
0.00000
0.00000
0.00000
0.00000
0.00000
0.00000
0.00000
0.00000
0.00000
0.00000
0.00000
0.00000
0.00000
0.00000
0.00000
0.00000
0.00000
0.00000
0.00000
0.00000
0.00000
0.00000
0.00000
0.00000
0.00000
0.00000
0.00000
0.00000
0.00000
0.00000
0.00000
0.00000
0.00000
0.00000
0.00000
0.00000
0.00000
0.00000
0.00000
0.00000
0.00000
0.00000
0.00000
0.00000
0.00000
0.00000
0.00000
0.00000
0.00000
0.00000
0.00000
0.00000
0.00000
0.00000
0.00000
0.00000
0.00000
0.00000
0.00000
0.00000
0.00000
0.00000
0.00000
0.00000
0.00000
0.00000
0.00000
0.00000
0.00000
0.00000
0.00000
0.00000
0.00000
0.00000
0.00000
0.00000
0.00000
0.00000
0.00000
0.00000
0.00000
0.00000
0.00000
0.00000
0.00000
0.00000
0.00000
0.00000
0.00000
0.00000
0.00000
0.00000
0.00000
0.00000
0.00000
0.00000
0.00000
0.00000
0.00000
0.00000
0.00000
0.00000
0.00000
0.00000
0.00000
0.00000
0.00000
0.00000
0.00000
0.00000
0.00000
0.00000
0.00000
0.00000
0.00000
0.00000
0.00000
0.00000
0.00000
0.00000
0.00000
0.00000
0.00000
0.00000
0.00000
0.00000
0.00000
0.00000
0.00000
0.00000
0.00000
0.00000
0.00000
0.00000
0.00000
0.00000
0.00000
0.00000
0.00000
0.00000
0.00000
0.00000
0.00000
0.00000
0.00000
0.00000
0.00000
0.00000
0.00000
0.00000
0.00000
0.00000
0.00000
0.00000
0.00000
