0.00006
0.00000
0.00000
0.00006
0.00003
-0.00003
-0.00003
0.00000
0.00000
0.00000
0.00000
0.00000
0.00000
0.00006
0.00000
-0.00003
0.00000
0.00000
0.00000
0.00003
0.00003
0.00000
0.00000
0.00000
0.00000
-0.00003
-0.00006
0.00000
0.00000
0.00000
0.00006
0.00009
0.00009
0.00006
-0.00006
0.00009
0.00006
0.00003
0.00000
-0.00003
0.00006
0.00000
0.00000
0.00000
0.00003
0.00003
0.00003
0.00006
0.00006
0.00006
0.00003
0.00006
0.00003
0.00009
-0.00006
0.00000
0.00009
0.00000
0.00006
0.00000
0.00003
0.00003
0.00006
0.00009
0.00006
0.00003
0.00006
0.00009
0.00003
0.00000
0.00000
0.00000
0.00003
0.00006
0.00000
0.00006
0.00009
0.00003
0.00000
0.00006
0.00009
0.00000
0.00006
0.00009
0.00006
0.00009
0.00009
0.00003
0.00009
0.00009
0.00006
0.00003
0.00000
0.00000
0.00000
0.00003
0.00003
0.00006
0.00009
0.00009
0.00006
0.00006
0.00009
0.00003
0.00003
0.00003
0.00006
0.00006
0.00009
0.00009
0.00006
0.00003
0.00000
0.00000
0.00009
0.00006
0.00006
0.00006
0.00006
0.00003
0.00000
0.00000
0.00000
0.00000
0.00003
0.00009
0.00012
0.00012
0.00009
0.00012
0.00012
0.00009
0.00006
0.00006
0.00000
0.00000
0.00009
0.00006
0.00006
0.00003
0.00003
0.00006
0.00003
0.00012
0.00009
0.00006
0.00006
0.00009
0.00006
0.00003
0.00012
0.00012
0.00006
0.00006
0.00009
0.00009
0.00006
0.00006
0.00003
0.00003
0.00003
0.00000
0.00003
0.00009
0.00012
0.00009
0.00009
0.00009
0.00012
0.00003
0.00009
-0.00006
0.00027
-0.00037
0.00082
-0.00107
0.00186
-0.00238
0.00354
-0.00473
0.00601
-0.05911
-0.08948
0.02875
-0.01318
-0.00833
-0.02414
0.00119
0.05231
0.05411
0.02551
0.00507
0.03125
-0.00571
-0.00095
0.02039
0.01746
-0.02252
-0.02493
-0.01471
0.00482
0.02606
-0.00021
-0.01733
0.00958
0.01172
0.00571
0.00772
0.00467
-0.00845
-0.00482
-0.00259
-0.00369
0.00345
-0.00031
-0.00201
-0.00174
0.00446
0.00214
0.00525
0.00339
0.00461
0.00320
0.00177
0.00073
-0.00156
-0.00366
-0.00220
-0.00021
-0.00180
-0.00107
0.00076
0.00070
0.00021
0.00369
0.00177
0.00067
0.00180
0.00183
0.00134
0.00034
-0.00073
0.00012
-0.00012
-0.00003
-0.00183
-0.00098
0.00003
-0.00143
-0.00049
-0.00018
0.00101
-0.00037
-0.00021
0.00198
0.00159
0.00003
-0.00134
-0.00220
-0.00140
-0.00131
-0.00061
-0.00098
-0.00165
-0.00128
-0.00159
-0.00009
-0.00034
-0.00134
-0.00052
0.00064
0.00082
0.00000
-0.00055
0.00000
0.00012
0.00018
-0.00159
-0.00204
-0.00146
-0.00104
-0.00125
-0.00171
-0.00159
-0.00122
-0.00092
-0.00015
0.00015
0.00046
0.00031
-0.00003
0.00061
0.00067
-0.00018
-0.00125
-0.00107
-0.00055
-0.00107
-0.00208
-0.00226
-0.00186
-0.00122
-0.00113
-0.00064
-0.00034
-0.00034
-0.00021
0.00000
0.00021
-0.00027
-0.00089
-0.00070
-0.00037
-0.00070
-0.00143
-0.00165
-0.00143
-0.00119
-0.00110
0.00000
0.00000
0.00000
0.00000
0.00000
0.00000
0.00000
0.00000
0.00000
0.00000
0.00000
0.00000
0.00000
0.00000
0.00000
0.00000
0.00000
0.00000
0.00000
0.00000
0.00000
0.00000
0.00000
0.00000
0.00000
0.00000
0.00000
0.00000
0.00000
0.00000
0.00000
0.00000
0.00000
0.00000
0.00000
0.00000
0.00000
0.00000
0.00000
0.00000
0.00000
0.00000
0.00000
0.00000
0.00000
0.00000
0.00000
0.00000
0.00000
0.00000
0.00000
0.00000
0.00000
0.00000
0.00000
0.00000
0.00000
0.00000
0.00000
0.00000
0.00000
0.00000
0.00000
0.00000
0.00000
0.00000
0.00000
0.00000
0.00000
0.00000
0.00000
0.00000
0.00000
0.00000
0.00000
0.00000
0.00000
0.00000
0.00000
0.00000
0.00000
0.00000
0.00000
0.00000
0.00000
0.00000
0.00000
0.00000
0.00000
0.00000
0.00000
0.00000
0.00000
0.00000
0.00000
0.00000
0.00000
0.00000
0.00000
0.00000
0.00000
0.00000
0.00000
0.00000
0.00000
0.00000
0.00000
0.00000
0.00000
0.00000
0.00000
0.00000
0.00000
0.00000
0.00000
0.00000
0.00000
0.00000
0.00000
0.00000
0.00000
0.00000
0.00000
0.00000
0.00000
0.00000
0.00000
0.00000
0.00000
0.00000
0.00000
0.00000
0.00000
0.00000
0.00000
0.00000
0.00000
0.00000
0.00000
0.00000
0.00000
0.00000
0.00000
0.00000
0.00000
0.00000
0.00000
0.00000
0.00000
0.00000
0.00000
0.00000
0.00000
0.00000
0.00000
0.00000
0.00000
0.00000
0.00000
0.00000
0.00000
0.00000
0.00000
0.00000
0.00000
0.00000
0.00000
0.00000
0.00000
0.00000
0.00000
0.00000
0.00000
0.00000
0.00000
0.00000
0.00000
0.00000
0.00000
0.00000
0.00000
0.00000
0.00000
0.00000
0.00000
0.00000
0.00000
0.00000
0.00000
0.00000
0.00000
0.00000
0.00000
