-0.00024
-0.00021
-0.00027
-0.00027
-0.00024
-0.00024
-0.00021
-0.00027
-0.00027
-0.00034
-0.00024
-0.00031
-0.00037
-0.00031
-0.00031
-0.00034
-0.00024
-0.00018
-0.00021
-0.00015
-0.00015
-0.00021
-0.00031
-0.00034
-0.00034
-0.00040
-0.00037
-0.00031
-0.00027
-0.00021
-0.00021
-0.00027
-0.00031
-0.00027
-0.00049
-0.00024
-0.00027
-0.00031
-0.00024
-0.00024
-0.00015
-0.00021
-0.00018
-0.00031
-0.00034
-0.00034
-0.00034
-0.00034
-0.00024
-0.00027
-0.00021
-0.00027
-0.00034
-0.00006
-0.00037
-0.00037
-0.00040
-0.00037
-0.00037
-0.00027
-0.00024
-0.00018
-0.00018
-0.00021
-0.00018
-0.00021
-0.00027
-0.00037
-0.00040
-0.00037
-0.00034
-0.00040
-0.00031
-0.00012
-0.00024
-0.00024
-0.00018
-0.00018
-0.00031
-0.00031
-0.00031
-0.00040
-0.00031
-0.00024
-0.00024
-0.00024
-0.00024
-0.00034
-0.00027
-0.00031
-0.00037
-0.00034
-0.00031
-0.00027
-0.00024
-0.00021
-0.00015
-0.00021
-0.00034
-0.00024
-0.00027
-0.00034
-0.00031
-0.00027
-0.00027
-0.00031
-0.00027
-0.00031
-0.00027
-0.00031
-0.00031
-0.00021
-0.00024
-0.00031
-0.00024
-0.00021
-0.00027
-0.00024
-0.00031
-0.00027
-0.00027
-0.00034
-0.00027
-0.00027
-0.00024
-0.00024
-0.00021
-0.00024
-0.00027
-0.00021
-0.00027
-0.00031
-0.00034
-0.00024
-0.00031
-0.00027
-0.00021
-0.00027
-0.00018
-0.00024
-0.00021
-0.00018
-0.00024
-0.00027
-0.00021
-0.00024
-0.00031
-0.00031
-0.00031
-0.00027
-0.00027
-0.00027
-0.00021
-0.00024
-0.00024
-0.00027
-0.00024
-0.00018
-0.00024
-0.00024
-0.00021
-0.00021
-0.00021
-0.00024
-0.00031
-0.00015
-0.00034
-0.00015
-0.00046
0.00018
-0.00098
0.00076
-0.00153
0.00146
-0.00211
0.00192
-0.00256
0.00272
-0.03439
-0.15189
0.02570
0.01501
-0.02426
0.00528
0.00870
0.04996
0.07245
0.02518
-0.02475
0.03455
-0.01413
-0.02228
0.01373
0.03275
-0.01154
-0.00540
-0.01041
-0.00803
0.02368
0.00494
-0.02664
0.01172
0.01920
-0.00198
0.00623
0.00717
-0.01257
-0.00629
-0.00034
-0.00693
0.00406
0.00330
0.00339
0.00467
0.00397
-0.00134
0.00195
-0.00320
-0.00070
0.00241
-0.00012
0.00153
0.00195
-0.00247
-0.00043
0.00394
-0.00250
-0.00308
0.00101
0.00055
-0.00290
0.00290
0.00195
0.00000
0.00232
0.00241
0.00012
0.00018
-0.00119
-0.00006
-0.00021
-0.00082
-0.00250
-0.00189
0.00015
-0.00116
-0.00082
-0.00058
0.00046
-0.00024
-0.00183
0.00101
0.00143
-0.00034
-0.00061
-0.00116
-0.00143
-0.00226
-0.00217
-0.00098
-0.00211
-0.00146
-0.00208
-0.00031
-0.00018
-0.00171
-0.00122
0.00064
0.00067
0.00003
-0.00064
0.00021
-0.00055
-0.00052
-0.00177
-0.00220
-0.00186
-0.00150
-0.00159
-0.00128
-0.00122
-0.00076
-0.00122
-0.00119
-0.00064
-0.00003
0.00058
0.00003
0.00046
0.00046
-0.00012
-0.00107
-0.00119
-0.00089
-0.00143
-0.00250
-0.00211
-0.00168
-0.00125
-0.00119
-0.00061
-0.00012
-0.00034
-0.00037
-0.00027
0.00003
-0.00024
-0.00095
-0.00085
-0.00043
-0.00070
-0.00137
-0.00180
-0.00162
-0.00125
-0.00092
-0.00006
0.00000
0.00000
0.00000
0.00000
0.00000
0.00000
0.00000
0.00000
0.00000
0.00000
0.00000
0.00000
0.00000
0.00000
0.00000
0.00000
0.00000
0.00000
0.00000
0.00000
0.00000
0.00000
0.00000
0.00000
0.00000
0.00000
0.00000
0.00000
0.00000
0.00000
0.00000
0.00000
0.00000
0.00000
0.00000
0.00000
0.00000
0.00000
0.00000
0.00000
0.00000
0.00000
0.00000
0.00000
0.00000
0.00000
0.00000
0.00000
0.00000
0.00000
0.00000
0.00000
0.00000
0.00000
0.00000
0.00000
0.00000
0.00000
0.00000
0.00000
0.00000
0.00000
0.00000
0.00000
0.00000
0.00000
0.00000
0.00000
0.00000
0.00000
0.00000
0.00000
0.00000
0.00000
0.00000
0.00000
0.00000
0.00000
0.00000
0.00000
0.00000
0.00000
0.00000
0.00000
0.00000
0.00000
0.00000
0.00000
0.00000
0.00000
0.00000
0.00000
0.00000
0.00000
0.00000
0.00000
0.00000
0.00000
0.00000
0.00000
0.00000
0.00000
0.00000
0.00000
0.00000
0.00000
0.00000
0.00000
0.00000
0.00000
0.00000
0.00000
0.00000
0.00000
0.00000
0.00000
0.00000
0.00000
0.00000
0.00000
0.00000
0.00000
0.00000
0.00000
0.00000
0.00000
0.00000
0.00000
0.00000
0.00000
0.00000
0.00000
0.00000
0.00000
0.00000
0.00000
0.00000
0.00000
0.00000
0.00000
0.00000
0.00000
0.00000
0.00000
0.00000
0.00000
0.00000
0.00000
0.00000
0.00000
0.00000
0.00000
0.00000
0.00000
0.00000
0.00000
0.00000
0.00000
0.00000
0.00000
0.00000
0.00000
0.00000
0.00000
0.00000
0.00000
0.00000
0.00000
0.00000
0.00000
0.00000
0.00000
0.00000
0.00000
0.00000
0.00000
0.00000
0.00000
0.00000
0.00000
0.00000
0.00000
0.00000
0.00000
0.00000
0.00000
0.00000
0.00000
0.00000
0.00000
0.00000
0.00000
0.00000
0.00000
0.00000
