-0.00012
-0.00012
-0.00009
-0.00009
-0.00006
-0.00006
-0.00009
-0.00006
0.00000
-0.00006
-0.00009
-0.00012
-0.00009
-0.00009
-0.00015
-0.00009
-0.00006
-0.00006
-0.00009
-0.00012
-0.00009
-0.00012
-0.00015
-0.00015
-0.00012
-0.00012
-0.00015
-0.00012
-0.00006
-0.00006
-0.00009
-0.00003
-0.00009
-0.00012
-0.00034
-0.00009
-0.00015
-0.00021
-0.00018
-0.00021
-0.00015
-0.00012
-0.00009
-0.00012
-0.00015
-0.00015
-0.00015
-0.00015
-0.00012
-0.00012
-0.00015
-0.00018
-0.00021
-0.00024
-0.00021
-0.00018
-0.00024
-0.00021
-0.00021
-0.00024
-0.00006
-0.00012
-0.00015
-0.00018
-0.00015
-0.00012
-0.00018
-0.00021
-0.00024
-0.00024
-0.00021
-0.00021
-0.00021
-0.00018
-0.00018
-0.00021
-0.00015
-0.00012
-0.00021
-0.00024
-0.00015
-0.00021
-0.00027
-0.00024
-0.00024
-0.00027
-0.00027
-0.00021
-0.00021
-0.00018
-0.00012
-0.00018
-0.00021
-0.00021
-0.00024
-0.00024
-0.00024
-0.00027
-0.00027
-0.00024
-0.00021
-0.00021
-0.00018
-0.00018
-0.00015
-0.00027
-0.00024
-0.00021
-0.00031
-0.00031
-0.00031
-0.00031
-0.00031
-0.00024
-0.00018
-0.00015
-0.00018
-0.00018
-0.00024
-0.00031
-0.00031
-0.00037
-0.00037
-0.00031
-0.00027
-0.00024
-0.00021
-0.00015
-0.00021
-0.00018
-0.00024
-0.00031
-0.00031
-0.00031
-0.00031
-0.00031
-0.00027
-0.00027
-0.00034
-0.00037
-0.00031
-0.00031
-0.00034
-0.00027
-0.00024
-0.00024
-0.00024
-0.00024
-0.00024
-0.00031
-0.00031
-0.00027
-0.00027
-0.00027
-0.00027
-0.00027
-0.00024
-0.00027
-0.00031
-0.00034
-0.00027
-0.00024
-0.00027
-0.00027
-0.00021
-0.00027
-0.00034
-0.00034
-0.00031
-0.00031
-0.00037
-0.00034
-0.00031
-0.00031
-0.00024
-0.00034
-0.00015
-0.00040
-0.00012
-0.00040
-0.00012
-0.00034
-0.00049
0.00006
-0.00113
-0.00912
-0.06900
-0.02792
0.00345
-0.04013
-0.01962
0.00281
0.03473
0.03961
0.03387
0.02698
0.03528
0.02667
-0.00616
-0.00702
-0.00089
-0.02167
-0.02704
-0.00784
0.00082
0.00983
0.00928
-0.00439
0.00174
0.01605
0.00732
-0.00330
-0.00128
-0.00266
-0.00485
0.00018
-0.00055
-0.00021
0.00131
0.00122
-0.00101
0.00021
0.00174
0.00192
0.00122
0.00177
0.00378
0.00104
0.00024
0.00049
-0.00082
-0.00220
-0.00095
-0.00171
-0.00336
-0.00098
0.00037
-0.00137
0.00156
0.00378
0.00174
0.00226
0.00327
0.00146
0.00006
-0.00043
0.00000
-0.00055
-0.00137
-0.00189
-0.00198
-0.00012
-0.00049
-0.00070
-0.00009
0.00009
-0.00003
-0.00098
0.00067
0.00143
0.00018
-0.00055
-0.00110
-0.00110
-0.00140
-0.00162
-0.00110
-0.00208
-0.00204
-0.00186
-0.00116
0.00000
-0.00067
-0.00089
0.00003
0.00034
0.00018
-0.00052
-0.00009
-0.00024
-0.00058
-0.00092
-0.00174
-0.00140
-0.00134
-0.00189
-0.00211
-0.00165
-0.00095
-0.00082
-0.00104
-0.00070
-0.00049
0.00003
0.00003
0.00003
0.00031
-0.00006
-0.00049
-0.00082
-0.00076
-0.00107
-0.00220
-0.00256
-0.00229
-0.00177
-0.00128
-0.00092
-0.00070
-0.00073
-0.00037
0.00006
0.00000
0.00000
0.00000
0.00000
0.00000
0.00000
0.00000
0.00000
0.00000
0.00000
0.00000
0.00000
0.00000
0.00000
0.00000
0.00000
0.00000
0.00000
0.00000
0.00000
0.00000
0.00000
0.00000
0.00000
0.00000
0.00000
0.00000
0.00000
0.00000
0.00000
0.00000
0.00000
0.00000
0.00000
0.00000
0.00000
0.00000
0.00000
0.00000
0.00000
0.00000
0.00000
0.00000
0.00000
0.00000
0.00000
0.00000
0.00000
0.00000
0.00000
0.00000
0.00000
0.00000
0.00000
0.00000
0.00000
0.00000
0.00000
0.00000
0.00000
0.00000
0.00000
0.00000
0.00000
0.00000
0.00000
0.00000
0.00000
0.00000
0.00000
0.00000
0.00000
0.00000
0.00000
0.00000
0.00000
0.00000
0.00000
0.00000
0.00000
0.00000
0.00000
0.00000
0.00000
0.00000
0.00000
0.00000
0.00000
0.00000
0.00000
0.00000
0.00000
0.00000
0.00000
0.00000
0.00000
0.00000
0.00000
0.00000
0.00000
0.00000
0.00000
0.00000
0.00000
0.00000
0.00000
0.00000
0.00000
0.00000
0.00000
0.00000
0.00000
0.00000
0.00000
0.00000
0.00000
0.00000
0.00000
0.00000
0.00000
0.00000
0.00000
0.00000
0.00000
0.00000
0.00000
0.00000
0.00000
0.00000
0.00000
0.00000
0.00000
0.00000
0.00000
0.00000
0.00000
0.00000
0.00000
0.00000
0.00000
0.00000
0.00000
0.00000
0.00000
0.00000
0.00000
0.00000
0.00000
0.00000
0.00000
0.00000
0.00000
0.00000
0.00000
0.00000
0.00000
0.00000
0.00000
0.00000
0.00000
0.00000
0.00000
0.00000
0.00000
0.00000
0.00000
0.00000
0.00000
0.00000
0.00000
0.00000
0.00000
0.00000
0.00000
0.00000
0.00000
0.00000
0.00000
0.00000
0.00000
0.00000
0.00000
0.00000
0.00000
0.00000
0.00000
0.00000
0.00000
0.00000
0.00000
0.00000
0.00000
0.00000
0.00000
0.00000
0.00000
0.00000
0.00000
0.00000
0.00000
