-0.00021
-0.00021
-0.00021
-0.00024
-0.00021
-0.00021
-0.00021
-0.00021
-0.00018
-0.00018
-0.00021
-0.00024
-0.00021
-0.00018
-0.00024
-0.00027
-0.00024
-0.00021
-0.00024
-0.00024
-0.00021
-0.00021
-0.00024
-0.00027
-0.00024
-0.00021
-0.00024
-0.00021
-0.00021
-0.00024
-0.00027
-0.00027
-0.00027
-0.00024
-0.00040
-0.00018
-0.00024
-0.00027
-0.00024
-0.00027
-0.00024
-0.00031
-0.00031
-0.00027
-0.00027
-0.00031
-0.00027
-0.00027
-0.00027
-0.00024
-0.00024
-0.00027
-0.00031
-0.00031
-0.00031
-0.00031
-0.00031
-0.00031
-0.00027
-0.00031
-0.00034
-0.00034
-0.00031
-0.00034
-0.00037
-0.00034
-0.00031
-0.00034
-0.00034
-0.00031
-0.00031
-0.00034
-0.00037
-0.00034
-0.00037
-0.00037
-0.00037
-0.00034
-0.00031
-0.00034
-0.00034
-0.00034
-0.00034
-0.00037
-0.00040
-0.00037
-0.00037
-0.00040
-0.00040
-0.00034
-0.00037
-0.00037
-0.00034
-0.00034
-0.00037
-0.00040
-0.00037
-0.00037
-0.00040
-0.00040
-0.00037
-0.00037
-0.00043
-0.00046
-0.00040
-0.00040
-0.00043
-0.00043
-0.00037
-0.00037
-0.00034
-0.00037
-0.00040
-0.00040
-0.00046
-0.00043
-0.00040
-0.00040
-0.00040
-0.00043
-0.00043
-0.00040
-0.00040
-0.00043
-0.00043
-0.00040
-0.00043
-0.00046
-0.00043
-0.00040
-0.00040
-0.00040
-0.00040
-0.00043
-0.00043
-0.00040
-0.00043
-0.00040
-0.00040
-0.00043
-0.00043
-0.00040
-0.00037
-0.00040
-0.00043
-0.00040
-0.00040
-0.00040
-0.00043
-0.00040
-0.00043
-0.00046
-0.00040
-0.00043
-0.00043
-0.00043
-0.00040
-0.00043
-0.00040
-0.00040
-0.00040
-0.00043
-0.00046
-0.00043
-0.00040
-0.00043
-0.00046
-0.00043
-0.00043
-0.00043
-0.00046
-0.00043
-0.00043
-0.00043
-0.00046
-0.00043
-0.00040
-0.00037
-0.00040
-0.00040
-0.00049
-0.00049
-0.00046
-0.00052
-0.00046
-0.00040
-0.00043
-0.00043
-0.00040
-0.00040
-0.00043
-0.00040
-0.00043
-0.00040
-0.00040
-0.00043
-0.00049
-0.00049
-0.00040
-0.00064
-0.00244
-0.01245
-0.01117
-0.00824
-0.01404
-0.01132
-0.00851
-0.00159
0.00287
0.00171
0.00464
0.01187
0.01422
0.00516
0.00369
0.00375
-0.00089
-0.00330
-0.00192
0.00092
0.00201
0.00223
-0.00217
0.00104
0.00305
-0.00104
-0.00162
-0.00049
-0.00052
0.00113
0.00256
0.00296
0.00369
0.00183
-0.00070
-0.00064
0.00070
0.00021
0.00003
-0.00012
0.00021
0.00098
0.00089
0.00055
0.00134
0.00204
0.00150
0.00073
-0.00043
-0.00110
-0.00098
-0.00046
0.00024
0.00128
0.00101
-0.00009
-0.00024
0.00021
0.00085
0.00076
-0.00015
0.00000
0.00092
0.00128
0.00031
-0.00043
-0.00012
-0.00018
-0.00073
-0.00092
-0.00064
0.00000
0.00009
0.00027
0.00024
-0.00055
-0.00076
-0.00070
0.00000
0.00006
-0.00055
-0.00079
-0.00070
-0.00064
-0.00104
-0.00134
-0.00128
-0.00101
-0.00037
-0.00009
-0.00049
-0.00082
-0.00052
-0.00006
-0.00021
-0.00070
-0.00101
-0.00079
-0.00034
-0.00061
-0.00119
-0.00122
-0.00101
-0.00104
-0.00125
-0.00131
-0.00101
-0.00073
-0.00067
-0.00061
-0.00015
0.00012
-0.00012
-0.00067
-0.00098
-0.00092
-0.00058
-0.00064
-0.00095
-0.00116
-0.00140
-0.00143
-0.00095
-0.00055
-0.00089
-0.00128
-0.00095
-0.00061
0.00000
0.00000
0.00000
0.00000
0.00000
0.00000
0.00000
0.00000
0.00000
0.00000
0.00000
0.00000
0.00000
0.00000
0.00000
0.00000
0.00000
0.00000
0.00000
0.00000
0.00000
0.00000
0.00000
0.00000
0.00000
0.00000
0.00000
0.00000
0.00000
0.00000
0.00000
0.00000
0.00000
0.00000
0.00000
0.00000
0.00000
0.00000
0.00000
0.00000
0.00000
0.00000
0.00000
0.00000
0.00000
0.00000
0.00000
0.00000
0.00000
0.00000
0.00000
0.00000
0.00000
0.00000
0.00000
0.00000
0.00000
0.00000
0.00000
0.00000
0.00000
0.00000
0.00000
0.00000
0.00000
0.00000
0.00000
0.00000
0.00000
0.00000
0.00000
0.00000
0.00000
0.00000
0.00000
0.00000
0.00000
0.00000
0.00000
0.00000
0.00000
0.00000
0.00000
0.00000
0.00000
0.00000
0.00000
0.00000
0.00000
0.00000
0.00000
0.00000
0.00000
0.00000
0.00000
0.00000
0.00000
0.00000
0.00000
0.00000
0.00000
0.00000
0.00000
0.00000
0.00000
0.00000
0.00000
0.00000
0.00000
0.00000
0.00000
0.00000
0.00000
0.00000
0.00000
0.00000
0.00000
0.00000
0.00000
0.00000
0.00000
0.00000
0.00000
0.00000
0.00000
0.00000
0.00000
0.00000
0.00000
0.00000
0.00000
0.00000
0.00000
0.00000
0.00000
0.00000
0.00000
0.00000
0.00000
0.00000
0.00000
0.00000
0.00000
0.00000
0.00000
0.00000
0.00000
0.00000
0.00000
0.00000
0.00000
0.00000
0.00000
0.00000
0.00000
0.00000
0.00000
0.00000
0.00000
0.00000
0.00000
0.00000
0.00000
0.00000
0.00000
0.00000
0.00000
0.00000
0.00000
0.00000
0.00000
0.00000
0.00000
0.00000
0.00000
0.00000
0.00000
0.00000
0.00000
0.00000
0.00000
0.00000
0.00000
0.00000
