-0.00037
-0.00031
-0.00034
-0.00031
-0.00031
-0.00037
-0.00034
-0.00034
-0.00034
-0.00037
-0.00037
-0.00037
-0.00034
-0.00034
-0.00031
-0.00034
-0.00034
-0.00034
-0.00034
-0.00034
-0.00037
-0.00034
-0.00037
-0.00034
-0.00037
-0.00037
-0.00037
-0.00034
-0.00034
-0.00034
-0.00034
-0.00034
-0.00034
-0.00027
-0.00046
-0.00027
-0.00027
-0.00031
-0.00031
-0.00034
-0.00031
-0.00034
-0.00034
-0.00040
-0.00037
-0.00037
-0.00037
-0.00037
-0.00034
-0.00031
-0.00031
-0.00031
-0.00027
-0.00027
-0.00034
-0.00034
-0.00037
-0.00037
-0.00040
-0.00034
-0.00034
-0.00034
-0.00034
-0.00027
-0.00040
-0.00024
-0.00031
-0.00037
-0.00027
-0.00046
-0.00027
-0.00037
-0.00037
-0.00031
-0.00034
-0.00027
-0.00034
-0.00031
-0.00034
-0.00034
-0.00034
-0.00037
-0.00027
-0.00024
-0.00037
-0.00031
-0.00031
-0.00037
-0.00034
-0.00037
-0.00027
-0.00031
-0.00027
-0.00027
-0.00031
-0.00031
-0.00034
-0.00031
-0.00031
-0.00040
-0.00027
-0.00027
-0.00031
-0.00031
-0.00031
-0.00024
-0.00034
-0.00031
-0.00034
-0.00027
-0.00031
-0.00034
-0.00027
-0.00034
-0.00031
-0.00037
-0.00031
-0.00027
-0.00034
-0.00031
-0.00027
-0.00027
-0.00031
-0.00031
-0.00031
-0.00031
-0.00034
-0.00031
-0.00027
-0.00034
-0.00034
-0.00034
-0.00027
-0.00031
-0.00034
-0.00027
-0.00031
-0.00027
-0.00031
-0.00027
-0.00027
-0.00031
-0.00027
-0.00031
-0.00031
-0.00031
-0.00027
-0.00031
-0.00027
-0.00034
-0.00031
-0.00031
-0.00034
-0.00027
-0.00031
-0.00027
-0.00031
-0.00027
-0.00024
-0.00031
-0.00027
-0.00034
-0.00027
-0.00027
-0.00031
-0.00024
-0.00027
-0.00024
-0.00031
-0.00021
-0.00027
-0.00031
-0.00024
-0.00034
-0.00027
-0.00027
-0.00027
-0.00021
-0.00024
-0.00021
-0.00018
-0.00034
-0.00006
-0.00064
0.00037
-0.00153
0.00134
-0.00287
0.00342
-0.00534
0.00436
-0.06247
-0.06592
0.00293
-0.05032
0.03781
0.00519
0.07364
0.08878
0.01157
0.01782
-0.02515
-0.01001
-0.03568
-0.03006
-0.00119
-0.01282
0.00677
0.01514
0.01352
0.02451
0.00504
-0.01886
-0.00592
0.00003
-0.00104
0.00253
0.00150
0.00412
0.00259
-0.00092
-0.00610
0.00153
0.00339
-0.00543
0.00128
0.00269
0.00195
0.00351
0.00357
0.00159
0.00266
0.00253
-0.00046
-0.00232
0.00095
-0.00177
-0.00217
0.00000
0.00015
0.00082
0.00198
0.00116
0.00073
0.00330
0.00232
0.00021
0.00101
0.00131
0.00180
-0.00043
-0.00067
-0.00067
-0.00131
-0.00079
-0.00195
0.00000
0.00046
0.00006
0.00134
-0.00006
0.00128
-0.00018
-0.00012
0.00119
-0.00012
0.00024
-0.00131
-0.00073
0.00000
-0.00189
-0.00055
-0.00110
-0.00067
-0.00040
-0.00131
-0.00046
-0.00098
0.00024
0.00095
0.00043
0.00110
-0.00006
-0.00018
-0.00018
-0.00150
-0.00101
-0.00177
-0.00128
-0.00156
-0.00168
-0.00049
-0.00058
-0.00015
-0.00003
-0.00046
0.00006
-0.00024
0.00055
0.00049
0.00003
0.00031
-0.00052
-0.00061
-0.00143
-0.00174
-0.00104
-0.00162
-0.00143
-0.00137
-0.00101
-0.00046
-0.00046
0.00061
0.00082
0.00040
0.00024
-0.00046
-0.00064
-0.00125
-0.00125
-0.00089
-0.00079
0.00000
0.00000
0.00000
0.00000
0.00000
0.00000
0.00000
0.00000
0.00000
0.00000
0.00000
0.00000
0.00000
0.00000
0.00000
0.00000
0.00000
0.00000
0.00000
0.00000
0.00000
0.00000
0.00000
0.00000
0.00000
0.00000
0.00000
0.00000
0.00000
0.00000
0.00000
0.00000
0.00000
0.00000
0.00000
0.00000
0.00000
0.00000
0.00000
0.00000
0.00000
0.00000
0.00000
0.00000
0.00000
0.00000
0.00000
0.00000
0.00000
0.00000
0.00000
0.00000
0.00000
0.00000
0.00000
0.00000
0.00000
0.00000
0.00000
0.00000
0.00000
0.00000
0.00000
0.00000
0.00000
0.00000
0.00000
0.00000
0.00000
0.00000
0.00000
0.00000
0.00000
0.00000
0.00000
0.00000
0.00000
0.00000
0.00000
0.00000
0.00000
0.00000
0.00000
0.00000
0.00000
0.00000
0.00000
0.00000
0.00000
0.00000
0.00000
0.00000
0.00000
0.00000
0.00000
0.00000
0.00000
0.00000
0.00000
0.00000
0.00000
0.00000
0.00000
0.00000
0.00000
0.00000
0.00000
0.00000
0.00000
0.00000
0.00000
0.00000
0.00000
0.00000
0.00000
0.00000
0.00000
0.00000
0.00000
0.00000
0.00000
0.00000
0.00000
0.00000
0.00000
0.00000
0.00000
0.00000
0.00000
0.00000
0.00000
0.00000
0.00000
0.00000
0.00000
0.00000
0.00000
0.00000
0.00000
0.00000
0.00000
0.00000
0.00000
0.00000
0.00000
0.00000
0.00000
0.00000
0.00000
0.00000
0.00000
0.00000
0.00000
0.00000
0.00000
0.00000
0.00000
0.00000
0.00000
0.00000
0.00000
0.00000
0.00000
0.00000
0.00000
0.00000
0.00000
0.00000
0.00000
0.00000
0.00000
0.00000
0.00000
0.00000
0.00000
0.00000
0.00000
0.00000
0.00000
0.00000
0.00000
0.00000
0.00000
0.00000
0.00000
0.00000
0.00000
0.00000
0.00000
