-0.00003
-0.00006
-0.00003
-0.00003
-0.00006
-0.00009
-0.00009
-0.00009
-0.00009
-0.00015
-0.00012
-0.00012
-0.00009
-0.00003
-0.00006
-0.00003
-0.00006
-0.00009
-0.00012
-0.00012
-0.00015
-0.00018
-0.00018
-0.00018
-0.00012
-0.00006
-0.00003
-0.00006
-0.00009
-0.00009
-0.00006
-0.00009
-0.00015
-0.00012
-0.00037
-0.00012
-0.00018
-0.00018
-0.00009
-0.00018
-0.00006
-0.00009
-0.00009
-0.00018
-0.00021
-0.00018
-0.00018
-0.00018
-0.00009
-0.00012
-0.00018
-0.00012
-0.00015
-0.00018
-0.00021
-0.00021
-0.00015
-0.00018
-0.00021
-0.00018
-0.00015
-0.00015
-0.00012
-0.00034
-0.00015
-0.00034
-0.00031
-0.00021
-0.00031
-0.00009
-0.00024
-0.00015
-0.00012
-0.00021
-0.00018
-0.00027
-0.00024
-0.00031
-0.00024
-0.00018
-0.00018
-0.00012
-0.00015
-0.00021
-0.00024
-0.00031
-0.00034
-0.00034
-0.00037
-0.00027
-0.00031
-0.00021
-0.00018
-0.00021
-0.00018
-0.00021
-0.00018
-0.00024
-0.00031
-0.00027
-0.00031
-0.00031
-0.00034
-0.00031
-0.00024
-0.00021
-0.00021
-0.00024
-0.00021
-0.00027
-0.00034
-0.00031
-0.00037
-0.00037
-0.00040
-0.00037
-0.00037
-0.00034
-0.00034
-0.00034
-0.00024
-0.00024
-0.00024
-0.00024
-0.00021
-0.00027
-0.00034
-0.00034
-0.00034
-0.00040
-0.00046
-0.00040
-0.00040
-0.00037
-0.00034
-0.00031
-0.00024
-0.00031
-0.00031
-0.00034
-0.00034
-0.00037
-0.00037
-0.00031
-0.00031
-0.00037
-0.00040
-0.00034
-0.00040
-0.00040
-0.00040
-0.00037
-0.00031
-0.00037
-0.00031
-0.00037
-0.00034
-0.00040
-0.00046
-0.00040
-0.00046
-0.00043
-0.00040
-0.00031
-0.00034
-0.00043
-0.00037
-0.00043
-0.00037
-0.00043
-0.00043
-0.00037
-0.00043
-0.00031
-0.00040
-0.00040
-0.00037
-0.00046
-0.00043
-0.00046
-0.00046
-0.00040
-0.00067
0.00000
-0.00150
0.00122
-0.00320
0.00388
-0.00653
0.00217
-0.08914
-0.05179
-0.00400
-0.04529
0.05200
0.00439
0.10818
0.07040
0.01132
0.01425
-0.03345
-0.01486
-0.04718
-0.02521
-0.00113
-0.01126
0.01282
0.01749
0.01794
0.02438
-0.00122
-0.01871
-0.00449
-0.00375
0.00040
0.00220
-0.00021
0.00424
0.00150
-0.00253
-0.00598
0.00241
0.00128
-0.00394
0.00378
0.00131
0.00140
0.00293
0.00220
0.00134
0.00342
0.00131
-0.00192
-0.00253
-0.00006
-0.00211
-0.00165
-0.00150
0.00018
0.00070
0.00201
0.00128
0.00089
0.00253
0.00247
0.00052
-0.00058
0.00061
0.00089
-0.00156
0.00043
-0.00070
-0.00272
-0.00211
-0.00208
0.00031
0.00046
0.00012
0.00000
-0.00067
0.00128
-0.00116
-0.00024
0.00079
-0.00052
-0.00012
-0.00214
-0.00150
-0.00092
-0.00189
-0.00034
-0.00192
-0.00085
-0.00110
-0.00153
-0.00046
-0.00140
-0.00027
0.00000
-0.00009
0.00110
-0.00067
-0.00034
-0.00070
-0.00165
-0.00168
-0.00272
-0.00156
-0.00220
-0.00226
-0.00113
-0.00122
-0.00012
-0.00037
-0.00079
-0.00031
-0.00070
0.00031
0.00018
0.00009
-0.00018
-0.00125
-0.00116
-0.00223
-0.00247
-0.00208
-0.00241
-0.00162
-0.00131
-0.00076
-0.00073
-0.00116
0.00003
0.00049
0.00040
-0.00031
-0.00134
-0.00134
-0.00150
-0.00143
-0.00140
-0.00174
-0.00134
0.00000
0.00000
0.00000
0.00000
0.00000
0.00000
0.00000
0.00000
0.00000
0.00000
0.00000
0.00000
0.00000
0.00000
0.00000
0.00000
0.00000
0.00000
0.00000
0.00000
0.00000
0.00000
0.00000
0.00000
0.00000
0.00000
0.00000
0.00000
0.00000
0.00000
0.00000
0.00000
0.00000
0.00000
0.00000
0.00000
0.00000
0.00000
0.00000
0.00000
0.00000
0.00000
0.00000
0.00000
0.00000
0.00000
0.00000
0.00000
0.00000
0.00000
0.00000
0.00000
0.00000
0.00000
0.00000
0.00000
0.00000
0.00000
0.00000
0.00000
0.00000
0.00000
0.00000
0.00000
0.00000
0.00000
0.00000
0.00000
0.00000
0.00000
0.00000
0.00000
0.00000
0.00000
0.00000
0.00000
0.00000
0.00000
0.00000
0.00000
0.00000
0.00000
0.00000
0.00000
0.00000
0.00000
0.00000
0.00000
0.00000
0.00000
0.00000
0.00000
0.00000
0.00000
0.00000
0.00000
0.00000
0.00000
0.00000
0.00000
0.00000
0.00000
0.00000
0.00000
0.00000
0.00000
0.00000
0.00000
0.00000
0.00000
0.00000
0.00000
0.00000
0.00000
0.00000
0.00000
0.00000
0.00000
0.00000
0.00000
0.00000
0.00000
0.00000
0.00000
0.00000
0.00000
0.00000
0.00000
0.00000
0.00000
0.00000
0.00000
0.00000
0.00000
0.00000
0.00000
0.00000
0.00000
0.00000
0.00000
0.00000
0.00000
0.00000
0.00000
0.00000
0.00000
0.00000
0.00000
0.00000
0.00000
0.00000
0.00000
0.00000
0.00000
0.00000
0.00000
0.00000
0.00000
0.00000
0.00000
0.00000
0.00000
0.00000
0.00000
0.00000
0.00000
0.00000
0.00000
0.00000
0.00000
0.00000
0.00000
0.00000
0.00000
0.00000
0.00000
0.00000
0.00000
0.00000
0.00000
0.00000
0.00000
0.00000
0.00000
0.00000
0.00000
0.00000
0.00000
0.00000
