0.00003
0.00003
0.00003
0.00000
0.00000
0.00003
0.00000
0.00000
0.00000
0.00000
0.00006
0.00003
0.00003
0.00003
0.00006
0.00000
0.00003
0.00000
0.00000
0.00003
0.00000
0.00000
0.00003
0.00003
0.00000
0.00003
0.00006
0.00003
0.00003
0.00006
0.00000
0.00000
0.00000
0.00000
-0.00012
0.00009
0.00006
0.00003
0.00000
0.00000
0.00006
0.00000
0.00000
0.00000
0.00003
0.00003
0.00006
0.00000
0.00003
0.00000
0.00006
-0.00015
0.00015
0.00015
-0.00009
0.00006
-0.00003
-0.00003
-0.00003
0.00000
-0.00009
0.00000
0.00003
0.00015
0.00006
0.00006
0.00012
0.00000
-0.00009
0.00000
0.00000
-0.00009
0.00000
0.00003
0.00000
0.00003
0.00003
0.00003
0.00000
0.00003
0.00000
-0.00006
0.00000
0.00000
-0.00003
0.00000
-0.00003
0.00000
0.00003
-0.00003
-0.00003
0.00000
0.00000
0.00000
0.00000
-0.00003
0.00006
-0.00009
-0.00009
-0.00003
-0.00015
-0.00009
-0.00009
-0.00006
0.00003
0.00009
0.00000
0.00000
0.00000
-0.00006
-0.00012
-0.00012
-0.00006
-0.00009
-0.00009
-0.00003
0.00000
-0.00003
-0.00012
-0.00012
-0.00015
-0.00006
0.00000
-0.00003
-0.00006
-0.00006
-0.00012
-0.00012
-0.00006
-0.00006
-0.00012
-0.00012
-0.00003
-0.00006
-0.00015
0.00000
-0.00009
-0.00012
-0.00012
-0.00021
-0.00009
-0.00006
-0.00012
-0.00012
-0.00003
-0.00009
-0.00012
-0.00009
-0.00012
-0.00012
-0.00018
-0.00021
-0.00015
-0.00015
-0.00012
-0.00012
-0.00003
-0.00006
-0.00015
-0.00009
-0.00015
-0.00021
-0.00021
-0.00021
-0.00015
-0.00009
-0.00018
0.00000
-0.00018
0.00021
-0.00079
0.00119
-0.00238
0.00323
-0.00546
0.00748
-0.01154
0.01385
-0.12216
-0.10474
0.07651
-0.03430
0.00513
0.00195
0.04538
0.07602
0.06747
-0.02548
0.00638
0.00711
-0.03534
-0.01398
0.03061
0.01678
-0.01886
0.00571
-0.00699
0.01447
0.01950
-0.02081
-0.01706
0.02695
0.00665
-0.00266
0.00681
0.00061
-0.01270
-0.00101
-0.00452
0.00027
0.00534
-0.00098
0.00391
0.00745
0.00394
0.00021
0.00015
-0.00485
0.00336
0.00015
-0.00095
-0.00085
0.00031
-0.00388
0.00320
0.00290
-0.00183
-0.00281
0.00284
-0.00031
-0.00082
0.00403
0.00058
-0.00177
0.00290
0.00253
-0.00018
-0.00082
-0.00110
-0.00073
-0.00116
-0.00061
-0.00259
-0.00031
0.00067
-0.00226
-0.00122
-0.00034
0.00098
-0.00143
-0.00110
0.00131
0.00024
-0.00076
-0.00076
-0.00177
-0.00082
-0.00259
-0.00143
-0.00217
-0.00232
-0.00128
-0.00122
-0.00006
-0.00119
-0.00214
0.00000
0.00079
0.00040
-0.00064
-0.00067
-0.00009
-0.00101
-0.00095
-0.00244
-0.00250
-0.00195
-0.00162
-0.00165
-0.00131
-0.00113
-0.00073
-0.00165
-0.00055
-0.00031
0.00009
-0.00021
-0.00012
0.00070
0.00027
-0.00110
-0.00186
-0.00128
-0.00076
-0.00235
-0.00314
-0.00195
-0.00131
-0.00116
-0.00125
-0.00052
-0.00034
-0.00037
-0.00037
-0.00037
-0.00043
-0.00092
-0.00128
-0.00064
-0.00070
-0.00156
-0.00198
-0.00186
-0.00156
-0.00153
-0.00092
0.00000
0.00000
0.00000
0.00000
0.00000
0.00000
0.00000
0.00000
0.00000
0.00000
0.00000
0.00000
0.00000
0.00000
0.00000
0.00000
0.00000
0.00000
0.00000
0.00000
0.00000
0.00000
0.00000
0.00000
0.00000
0.00000
0.00000
0.00000
0.00000
0.00000
0.00000
0.00000
0.00000
0.00000
0.00000
0.00000
0.00000
0.00000
0.00000
0.00000
0.00000
0.00000
0.00000
0.00000
0.00000
0.00000
0.00000
0.00000
0.00000
0.00000
0.00000
0.00000
0.00000
0.00000
0.00000
0.00000
0.00000
0.00000
0.00000
0.00000
0.00000
0.00000
0.00000
0.00000
0.00000
0.00000
0.00000
0.00000
0.00000
0.00000
0.00000
0.00000
0.00000
0.00000
0.00000
0.00000
0.00000
0.00000
0.00000
0.00000
0.00000
0.00000
0.00000
0.00000
0.00000
0.00000
0.00000
0.00000
0.00000
0.00000
0.00000
0.00000
0.00000
0.00000
0.00000
0.00000
0.00000
0.00000
0.00000
0.00000
0.00000
0.00000
0.00000
0.00000
0.00000
0.00000
0.00000
0.00000
0.00000
0.00000
0.00000
0.00000
0.00000
0.00000
0.00000
0.00000
0.00000
0.00000
0.00000
0.00000
0.00000
0.00000
0.00000
0.00000
0.00000
0.00000
0.00000
0.00000
0.00000
0.00000
0.00000
0.00000
0.00000
0.00000
0.00000
0.00000
0.00000
0.00000
0.00000
0.00000
0.00000
0.00000
0.00000
0.00000
0.00000
0.00000
0.00000
0.00000
0.00000
0.00000
0.00000
0.00000
0.00000
0.00000
0.00000
0.00000
0.00000
0.00000
0.00000
0.00000
0.00000
0.00000
0.00000
0.00000
0.00000
0.00000
0.00000
0.00000
0.00000
0.00000
0.00000
0.00000
0.00000
0.00000
0.00000
0.00000
0.00000
0.00000
0.00000
0.00000
0.00000
0.00000
0.00000
0.00000
0.00000
0.00000
0.00000
0.00000
0.00000
0.00000
0.00000
0.00000
0.00000
0.00000
0.00000
0.00000
