0.00006
0.00009
0.00012
0.00012
0.00015
0.00018
0.00021
0.00015
0.00009
0.00009
0.00006
0.00006
0.00006
0.00006
0.00009
0.00012
0.00012
0.00012
0.00015
0.00009
0.00009
0.00006
0.00000
0.00000
0.00009
0.00015
0.00018
0.00018
0.00015
0.00012
0.00009
0.00000
0.00000
0.00006
-0.00009
0.00015
0.00018
0.00018
0.00024
0.00018
0.00018
0.00015
0.00003
0.00000
0.00006
0.00009
0.00009
0.00012
0.00015
0.00015
0.00009
0.00021
0.00000
0.00000
0.00021
-0.00003
0.00000
0.00006
0.00012
0.00012
0.00009
0.00009
0.00012
0.00009
0.00006
0.00015
0.00006
0.00015
0.00015
0.00009
0.00015
0.00015
0.00000
0.00000
0.00015
0.00006
0.00006
0.00012
0.00012
0.00006
0.00009
0.00009
0.00000
0.00003
0.00009
0.00009
0.00012
0.00015
0.00015
0.00018
0.00009
0.00000
-0.00003
0.00000
0.00003
0.00000
0.00000
0.00015
0.00018
0.00003
0.00021
0.00021
0.00012
0.00009
0.00012
0.00009
0.00003
0.00000
0.00000
0.00006
0.00003
0.00009
0.00009
0.00009
0.00006
0.00003
0.00006
0.00012
0.00015
0.00006
0.00009
0.00009
-0.00003
0.00000
0.00000
0.00000
0.00000
0.00006
0.00012
0.00015
0.00015
0.00015
0.00009
0.00009
0.00009
-0.00003
0.00000
0.00003
0.00003
0.00009
0.00003
0.00012
0.00009
0.00000
0.00000
0.00000
0.00006
0.00006
0.00012
0.00009
0.00009
0.00009
0.00009
0.00009
0.00000
0.00003
-0.00003
0.00000
0.00006
-0.00003
0.00003
0.00009
0.00003
0.00003
0.00006
0.00006
0.00012
0.00000
0.00003
-0.00024
0.00037
-0.00073
0.00122
-0.00162
0.00232
-0.00305
0.00409
-0.00546
0.00714
-0.07623
-0.18536
0.01648
0.01785
-0.01089
0.03186
0.09485
0.14099
0.08276
-0.00186
-0.04797
-0.01678
-0.07538
-0.05655
-0.00433
0.03088
0.01193
0.01416
0.03891
0.03116
0.01868
-0.02084
-0.04022
-0.00842
0.01584
0.00238
-0.00052
0.00732
0.00519
-0.00220
-0.00568
-0.00412
-0.00076
-0.00406
0.00449
0.00439
0.00369
0.00818
0.00616
-0.00092
0.00693
0.00668
-0.00558
-0.00815
-0.00555
-0.00473
-0.00058
0.00153
-0.00366
-0.00006
0.00595
0.00455
0.00085
0.00424
0.00470
0.00000
-0.00104
0.00143
0.00140
-0.00269
-0.00369
-0.00159
-0.00146
-0.00134
-0.00146
-0.00125
0.00079
0.00070
0.00000
-0.00031
0.00171
-0.00003
-0.00201
0.00128
0.00156
-0.00137
-0.00262
-0.00305
-0.00214
-0.00168
-0.00061
-0.00089
-0.00186
-0.00040
-0.00043
-0.00015
-0.00119
-0.00146
0.00064
0.00186
0.00067
-0.00128
-0.00064
0.00009
-0.00131
-0.00165
-0.00281
-0.00293
-0.00180
-0.00098
-0.00110
-0.00153
-0.00125
-0.00027
0.00018
0.00021
0.00000
-0.00003
0.00034
0.00031
0.00076
0.00040
-0.00104
-0.00250
-0.00269
-0.00150
-0.00186
-0.00293
-0.00232
-0.00128
-0.00031
-0.00006
0.00040
0.00073
0.00037
0.00006
-0.00043
-0.00079
-0.00162
-0.00180
-0.00110
-0.00073
-0.00113
-0.00168
-0.00165
-0.00156
-0.00165
-0.00067
0.00046
0.00000
0.00000
0.00000
0.00000
0.00000
0.00000
0.00000
0.00000
0.00000
0.00000
0.00000
0.00000
0.00000
0.00000
0.00000
0.00000
0.00000
0.00000
0.00000
0.00000
0.00000
0.00000
0.00000
0.00000
0.00000
0.00000
0.00000
0.00000
0.00000
0.00000
0.00000
0.00000
0.00000
0.00000
0.00000
0.00000
0.00000
0.00000
0.00000
0.00000
0.00000
0.00000
0.00000
0.00000
0.00000
0.00000
0.00000
0.00000
0.00000
0.00000
0.00000
0.00000
0.00000
0.00000
0.00000
0.00000
0.00000
0.00000
0.00000
0.00000
0.00000
0.00000
0.00000
0.00000
0.00000
0.00000
0.00000
0.00000
0.00000
0.00000
0.00000
0.00000
0.00000
0.00000
0.00000
0.00000
0.00000
0.00000
0.00000
0.00000
0.00000
0.00000
0.00000
0.00000
0.00000
0.00000
0.00000
0.00000
0.00000
0.00000
0.00000
0.00000
0.00000
0.00000
0.00000
0.00000
0.00000
0.00000
0.00000
0.00000
0.00000
0.00000
0.00000
0.00000
0.00000
0.00000
0.00000
0.00000
0.00000
0.00000
0.00000
0.00000
0.00000
0.00000
0.00000
0.00000
0.00000
0.00000
0.00000
0.00000
0.00000
0.00000
0.00000
0.00000
0.00000
0.00000
0.00000
0.00000
0.00000
0.00000
0.00000
0.00000
0.00000
0.00000
0.00000
0.00000
0.00000
0.00000
0.00000
0.00000
0.00000
0.00000
0.00000
0.00000
0.00000
0.00000
0.00000
0.00000
0.00000
0.00000
0.00000
0.00000
0.00000
0.00000
0.00000
0.00000
0.00000
0.00000
0.00000
0.00000
0.00000
0.00000
0.00000
0.00000
0.00000
0.00000
0.00000
0.00000
0.00000
0.00000
0.00000
0.00000
0.00000
0.00000
0.00000
0.00000
0.00000
0.00000
0.00000
0.00000
0.00000
0.00000
0.00000
0.00000
0.00000
0.00000
0.00000
0.00000
0.00000
0.00000
0.00000
0.00000
0.00000
0.00000
