0.00003
0.00003
0.00003
0.00003
0.00003
0.00003
0.00003
0.00003
0.00003
0.00006
0.00006
0.00003
0.00003
0.00003
0.00003
0.00006
0.00012
0.00006
0.00006
0.00006
0.00003
0.00003
0.00000
0.00003
0.00003
0.00006
0.00006
0.00009
0.00012
0.00009
0.00003
0.00006
0.00003
0.00003
-0.00012
0.00012
0.00009
0.00003
0.00009
0.00006
0.00009
0.00003
0.00003
0.00006
0.00006
0.00003
0.00003
0.00003
0.00003
0.00003
0.00003
0.00003
0.00006
0.00003
0.00003
0.00006
0.00006
0.00006
0.00006
0.00003
0.00003
0.00003
0.00006
0.00006
0.00006
0.00006
0.00003
0.00003
0.00003
0.00003
0.00000
0.00000
0.00003
0.00000
0.00003
0.00006
0.00006
0.00006
0.00000
0.00003
0.00006
0.00003
0.00000
0.00003
0.00006
0.00006
0.00003
0.00003
0.00003
0.00000
0.00000
0.00000
0.00003
0.00000
0.00000
0.00003
0.00000
0.00000
0.00000
0.00003
0.00003
0.00003
0.00006
0.00006
0.00003
0.00000
0.00000
0.00000
0.00000
0.00000
0.00000
0.00003
0.00006
0.00006
0.00003
0.00000
0.00000
0.00000
0.00000
0.00000
0.00000
0.00000
0.00000
0.00000
0.00000
0.00000
0.00000
0.00000
-0.00003
-0.00003
0.00000
0.00000
0.00000
0.00000
0.00000
0.00000
0.00000
0.00000
0.00000
-0.00003
-0.00006
-0.00003
-0.00006
-0.00006
0.00000
0.00000
-0.00003
0.00000
-0.00003
-0.00006
-0.00003
-0.00006
-0.00006
-0.00006
-0.00006
-0.00006
-0.00006
-0.00006
-0.00006
-0.00006
-0.00006
-0.00006
-0.00009
-0.00009
-0.00006
-0.00006
-0.00006
-0.00006
-0.00006
-0.00006
-0.00006
-0.00006
-0.00006
-0.00009
-0.00009
-0.00012
-0.00009
-0.00012
-0.00012
-0.00012
-0.00006
-0.00009
-0.00018
-0.00012
-0.00015
-0.00015
-0.00006
-0.00003
-0.00003
-0.00015
-0.00006
-0.00021
-0.00012
-0.00009
-0.00043
0.00021
-0.00070
-0.00525
-0.03687
-0.02081
-0.01553
-0.01630
0.00549
-0.00259
0.03281
0.04111
0.02200
0.00916
-0.00189
-0.00464
-0.02051
-0.01544
-0.00870
-0.00903
0.00290
0.00284
0.00647
0.01755
0.00897
-0.00400
0.00021
0.00104
-0.00131
-0.00089
-0.00070
0.00021
0.00253
0.00018
-0.00299
0.00159
0.00278
-0.00012
0.00113
0.00269
0.00293
0.00232
0.00171
0.00131
0.00162
0.00162
-0.00034
-0.00092
0.00000
-0.00116
-0.00217
-0.00067
0.00211
0.00204
0.00034
-0.00021
0.00085
0.00159
0.00162
0.00125
0.00082
0.00101
0.00043
-0.00089
-0.00024
0.00021
-0.00052
-0.00128
-0.00085
0.00070
0.00070
0.00015
0.00015
0.00049
0.00073
-0.00089
-0.00101
0.00018
0.00034
0.00003
-0.00073
-0.00052
-0.00046
-0.00134
-0.00107
-0.00089
-0.00046
-0.00089
-0.00079
-0.00021
-0.00070
-0.00073
-0.00085
-0.00052
0.00006
0.00000
0.00000
-0.00046
-0.00085
-0.00089
-0.00092
-0.00113
-0.00204
-0.00201
-0.00104
-0.00070
-0.00064
-0.00073
-0.00052
-0.00012
-0.00043
-0.00076
-0.00089
-0.00034
0.00012
-0.00043
-0.00085
-0.00082
-0.00058
-0.00095
-0.00211
-0.00226
-0.00171
-0.00104
-0.00085
-0.00073
-0.00024
-0.00021
-0.00052
-0.00031
-0.00027
0.00000
0.00000
0.00000
0.00000
0.00000
0.00000
0.00000
0.00000
0.00000
0.00000
0.00000
0.00000
0.00000
0.00000
0.00000
0.00000
0.00000
0.00000
0.00000
0.00000
0.00000
0.00000
0.00000
0.00000
0.00000
0.00000
0.00000
0.00000
0.00000
0.00000
0.00000
0.00000
0.00000
0.00000
0.00000
0.00000
0.00000
0.00000
0.00000
0.00000
0.00000
0.00000
0.00000
0.00000
0.00000
0.00000
0.00000
0.00000
0.00000
0.00000
0.00000
0.00000
0.00000
0.00000
0.00000
0.00000
0.00000
0.00000
0.00000
0.00000
0.00000
0.00000
0.00000
0.00000
0.00000
0.00000
0.00000
0.00000
0.00000
0.00000
0.00000
0.00000
0.00000
0.00000
0.00000
0.00000
0.00000
0.00000
0.00000
0.00000
0.00000
0.00000
0.00000
0.00000
0.00000
0.00000
0.00000
0.00000
0.00000
0.00000
0.00000
0.00000
0.00000
0.00000
0.00000
0.00000
0.00000
0.00000
0.00000
0.00000
0.00000
0.00000
0.00000
0.00000
0.00000
0.00000
0.00000
0.00000
0.00000
0.00000
0.00000
0.00000
0.00000
0.00000
0.00000
0.00000
0.00000
0.00000
0.00000
0.00000
0.00000
0.00000
0.00000
0.00000
0.00000
0.00000
0.00000
0.00000
0.00000
0.00000
0.00000
0.00000
0.00000
0.00000
0.00000
0.00000
0.00000
0.00000
0.00000
0.00000
0.00000
0.00000
0.00000
0.00000
0.00000
0.00000
0.00000
0.00000
0.00000
0.00000
0.00000
0.00000
0.00000
0.00000
0.00000
0.00000
0.00000
0.00000
0.00000
0.00000
0.00000
0.00000
0.00000
0.00000
0.00000
0.00000
0.00000
0.00000
0.00000
0.00000
0.00000
0.00000
0.00000
0.00000
0.00000
0.00000
0.00000
0.00000
0.00000
0.00000
0.00000
0.00000
0.00000
0.00000
0.00000
0.00000
0.00000
