-0.00043
-0.00043
-0.00037
-0.00034
-0.00031
-0.00024
-0.00021
-0.00031
-0.00037
-0.00037
-0.00043
-0.00043
-0.00046
-0.00043
-0.00043
-0.00034
-0.00037
-0.00040
-0.00031
-0.00027
-0.00031
-0.00024
-0.00027
-0.00031
-0.00034
-0.00034
-0.00027
-0.00027
-0.00027
-0.00027
-0.00034
-0.00027
-0.00024
-0.00024
-0.00052
-0.00034
-0.00037
-0.00043
-0.00037
-0.00027
-0.00018
-0.00021
-0.00018
-0.00024
-0.00021
-0.00021
-0.00034
-0.00037
-0.00031
-0.00027
-0.00034
-0.00031
-0.00027
-0.00021
-0.00024
-0.00003
-0.00015
-0.00021
-0.00003
-0.00024
-0.00027
-0.00037
-0.00031
-0.00027
-0.00031
-0.00015
-0.00006
-0.00003
0.00000
-0.00003
-0.00018
-0.00031
-0.00031
-0.00034
-0.00027
-0.00021
-0.00027
-0.00021
-0.00009
-0.00012
-0.00018
-0.00015
-0.00015
-0.00024
-0.00021
-0.00009
-0.00012
-0.00018
-0.00012
-0.00015
-0.00015
-0.00012
-0.00012
-0.00006
-0.00015
-0.00018
-0.00027
-0.00018
-0.00015
-0.00018
-0.00015
-0.00009
-0.00015
-0.00024
-0.00012
-0.00009
-0.00015
-0.00018
-0.00015
-0.00009
-0.00009
-0.00003
-0.00003
-0.00009
-0.00015
-0.00021
-0.00018
-0.00012
-0.00006
-0.00006
-0.00003
0.00000
0.00000
-0.00003
-0.00006
-0.00012
-0.00027
-0.00024
-0.00018
-0.00018
-0.00012
-0.00012
-0.00015
-0.00009
-0.00006
-0.00006
-0.00009
-0.00003
0.00003
-0.00012
-0.00009
0.00000
-0.00006
-0.00009
-0.00012
-0.00003
-0.00009
-0.00009
-0.00009
-0.00012
-0.00006
-0.00009
-0.00006
-0.00003
0.00000
-0.00003
-0.00003
0.00006
0.00000
-0.00006
-0.00003
0.00000
-0.00006
-0.00015
-0.00009
-0.00006
-0.00006
-0.00003
0.00000
0.00000
0.00009
-0.00003
0.00015
-0.00021
0.00034
-0.00089
0.00104
-0.00159
0.00204
-0.00272
0.00339
-0.00427
0.00516
-0.05264
-0.17538
-0.02521
-0.00391
0.01837
0.05304
0.12161
0.13840
0.05435
-0.00836
-0.04410
-0.03519
-0.05307
-0.05261
-0.02075
0.01309
0.00928
0.03220
0.04434
0.02859
-0.00095
-0.02472
-0.02643
-0.00623
0.01205
0.00626
-0.00116
0.00497
0.00803
-0.00204
-0.00671
-0.00244
-0.00061
-0.00574
0.00604
0.00620
0.00168
0.00455
0.00769
0.00049
0.00369
0.00446
-0.00388
-0.00699
-0.00229
-0.00351
-0.00339
0.00189
0.00006
-0.00058
0.00452
0.00446
0.00067
0.00412
0.00565
-0.00009
-0.00101
0.00104
0.00012
-0.00189
-0.00137
0.00061
-0.00089
-0.00290
-0.00320
-0.00076
0.00278
0.00256
0.00140
-0.00098
0.00046
0.00024
-0.00110
0.00134
0.00162
-0.00156
-0.00247
-0.00168
-0.00064
-0.00171
-0.00146
-0.00122
-0.00137
0.00015
-0.00067
-0.00058
0.00012
0.00027
0.00085
0.00095
0.00073
-0.00006
-0.00067
0.00006
-0.00119
-0.00134
-0.00208
-0.00244
-0.00171
-0.00137
-0.00104
-0.00085
-0.00064
0.00018
0.00000
0.00043
0.00031
0.00037
0.00101
0.00076
0.00079
0.00003
-0.00073
-0.00168
-0.00241
-0.00183
-0.00214
-0.00272
-0.00165
-0.00089
-0.00058
-0.00055
0.00055
0.00180
0.00140
0.00073
-0.00024
-0.00107
-0.00168
-0.00153
-0.00058
-0.00024
-0.00055
-0.00140
-0.00211
-0.00195
-0.00153
-0.00153
0.00000
0.00000
0.00000
0.00000
0.00000
0.00000
0.00000
0.00000
0.00000
0.00000
0.00000
0.00000
0.00000
0.00000
0.00000
0.00000
0.00000
0.00000
0.00000
0.00000
0.00000
0.00000
0.00000
0.00000
0.00000
0.00000
0.00000
0.00000
0.00000
0.00000
0.00000
0.00000
0.00000
0.00000
0.00000
0.00000
0.00000
0.00000
0.00000
0.00000
0.00000
0.00000
0.00000
0.00000
0.00000
0.00000
0.00000
0.00000
0.00000
0.00000
0.00000
0.00000
0.00000
0.00000
0.00000
0.00000
0.00000
0.00000
0.00000
0.00000
0.00000
0.00000
0.00000
0.00000
0.00000
0.00000
0.00000
0.00000
0.00000
0.00000
0.00000
0.00000
0.00000
0.00000
0.00000
0.00000
0.00000
0.00000
0.00000
0.00000
0.00000
0.00000
0.00000
0.00000
0.00000
0.00000
0.00000
0.00000
0.00000
0.00000
0.00000
0.00000
0.00000
0.00000
0.00000
0.00000
0.00000
0.00000
0.00000
0.00000
0.00000
0.00000
0.00000
0.00000
0.00000
0.00000
0.00000
0.00000
0.00000
0.00000
0.00000
0.00000
0.00000
0.00000
0.00000
0.00000
0.00000
0.00000
0.00000
0.00000
0.00000
0.00000
0.00000
0.00000
0.00000
0.00000
0.00000
0.00000
0.00000
0.00000
0.00000
0.00000
0.00000
0.00000
0.00000
0.00000
0.00000
0.00000
0.00000
0.00000
0.00000
0.00000
0.00000
0.00000
0.00000
0.00000
0.00000
0.00000
0.00000
0.00000
0.00000
0.00000
0.00000
0.00000
0.00000
0.00000
0.00000
0.00000
0.00000
0.00000
0.00000
0.00000
0.00000
0.00000
0.00000
0.00000
0.00000
0.00000
0.00000
0.00000
0.00000
0.00000
0.00000
0.00000
0.00000
0.00000
0.00000
0.00000
0.00000
0.00000
0.00000
0.00000
0.00000
0.00000
0.00000
0.00000
0.00000
0.00000
0.00000
0.00000
0.00000
