-0.00003
0.00000
0.00003
0.00006
0.00006
0.00003
0.00003
0.00006
0.00000
0.00000
0.00003
0.00000
0.00000
0.00000
0.00003
0.00006
0.00006
0.00006
0.00006
0.00006
0.00009
0.00006
0.00000
-0.00003
0.00000
0.00000
-0.00003
0.00000
0.00003
0.00003
0.00009
0.00012
0.00003
0.00006
-0.00012
0.00003
0.00003
0.00000
0.00000
0.00000
0.00006
0.00003
0.00003
0.00003
0.00003
0.00000
0.00000
0.00003
0.00003
0.00003
0.00000
0.00003
0.00000
-0.00009
0.00012
0.00000
0.00000
0.00000
0.00000
0.00006
0.00000
-0.00003
0.00000
0.00000
-0.00003
0.00000
0.00003
0.00006
0.00006
0.00003
0.00003
0.00009
0.00003
0.00000
0.00000
0.00000
0.00000
0.00000
0.00000
0.00000
0.00000
0.00000
0.00000
0.00000
0.00000
0.00000
0.00003
0.00000
-0.00006
0.00000
0.00003
0.00000
0.00000
0.00000
0.00003
0.00003
0.00000
0.00003
0.00000
-0.00003
0.00003
0.00003
0.00000
0.00003
0.00003
0.00003
0.00000
0.00000
0.00000
0.00000
0.00000
-0.00003
0.00000
0.00000
0.00006
0.00003
0.00006
0.00000
0.00000
0.00000
-0.00003
0.00000
-0.00006
0.00000
-0.00003
0.00000
0.00000
0.00000
0.00000
0.00000
0.00003
0.00000
-0.00003
0.00000
0.00000
-0.00006
-0.00003
0.00000
-0.00003
0.00000
-0.00006
-0.00003
0.00000
-0.00006
-0.00006
0.00000
0.00003
0.00000
0.00000
0.00000
-0.00003
0.00000
-0.00003
-0.00003
-0.00006
-0.00009
-0.00009
0.00000
0.00003
0.00000
-0.00003
-0.00003
-0.00003
-0.00003
-0.00006
-0.00009
-0.00003
-0.00012
0.00003
-0.00015
0.00024
-0.00055
0.00064
-0.00092
0.00092
-0.00119
0.00107
-0.00107
0.00113
-0.02460
-0.12418
0.00482
0.01593
-0.02301
-0.00070
-0.01260
0.03940
0.06323
0.03299
-0.00543
0.03223
-0.00043
-0.01358
0.01141
0.02991
-0.00500
-0.02194
-0.01474
-0.01053
0.02246
0.01385
-0.02045
0.00174
0.01846
0.00174
0.00403
0.00650
-0.00311
-0.00623
-0.00137
-0.00702
0.00198
0.00500
0.00131
-0.00293
0.00116
0.00125
0.00134
0.00156
0.00446
0.00467
0.00192
0.00275
-0.00055
-0.00235
-0.00220
-0.00003
-0.00220
-0.00201
-0.00015
0.00021
-0.00085
0.00397
0.00339
-0.00043
0.00150
0.00256
0.00104
0.00058
-0.00095
-0.00043
0.00021
-0.00046
-0.00220
-0.00198
0.00128
-0.00104
-0.00143
-0.00024
0.00076
-0.00003
-0.00125
0.00095
0.00211
0.00070
-0.00070
-0.00192
-0.00162
-0.00162
-0.00183
-0.00092
-0.00171
-0.00125
-0.00186
-0.00067
0.00018
-0.00119
-0.00113
0.00046
0.00076
0.00064
-0.00052
-0.00058
-0.00040
0.00000
-0.00076
-0.00192
-0.00186
-0.00137
-0.00113
-0.00110
-0.00134
-0.00131
-0.00131
-0.00098
0.00000
0.00031
0.00043
0.00000
0.00046
0.00082
0.00000
-0.00101
-0.00116
-0.00070
-0.00095
-0.00198
-0.00214
-0.00195
-0.00153
-0.00101
-0.00064
-0.00046
-0.00055
-0.00024
0.00000
0.00006
-0.00024
-0.00067
-0.00058
-0.00031
-0.00085
-0.00150
-0.00165
-0.00125
-0.00113
-0.00110
-0.00079
0.00000
0.00000
0.00000
0.00000
0.00000
0.00000
0.00000
0.00000
0.00000
0.00000
0.00000
0.00000
0.00000
0.00000
0.00000
0.00000
0.00000
0.00000
0.00000
0.00000
0.00000
0.00000
0.00000
0.00000
0.00000
0.00000
0.00000
0.00000
0.00000
0.00000
0.00000
0.00000
0.00000
0.00000
0.00000
0.00000
0.00000
0.00000
0.00000
0.00000
0.00000
0.00000
0.00000
0.00000
0.00000
0.00000
0.00000
0.00000
0.00000
0.00000
0.00000
0.00000
0.00000
0.00000
0.00000
0.00000
0.00000
0.00000
0.00000
0.00000
0.00000
0.00000
0.00000
0.00000
0.00000
0.00000
0.00000
0.00000
0.00000
0.00000
0.00000
0.00000
0.00000
0.00000
0.00000
0.00000
0.00000
0.00000
0.00000
0.00000
0.00000
0.00000
0.00000
0.00000
0.00000
0.00000
0.00000
0.00000
0.00000
0.00000
0.00000
0.00000
0.00000
0.00000
0.00000
0.00000
0.00000
0.00000
0.00000
0.00000
0.00000
0.00000
0.00000
0.00000
0.00000
0.00000
0.00000
0.00000
0.00000
0.00000
0.00000
0.00000
0.00000
0.00000
0.00000
0.00000
0.00000
0.00000
0.00000
0.00000
0.00000
0.00000
0.00000
0.00000
0.00000
0.00000
0.00000
0.00000
0.00000
0.00000
0.00000
0.00000
0.00000
0.00000
0.00000
0.00000
0.00000
0.00000
0.00000
0.00000
0.00000
0.00000
0.00000
0.00000
0.00000
0.00000
0.00000
0.00000
0.00000
0.00000
0.00000
0.00000
0.00000
0.00000
0.00000
0.00000
0.00000
0.00000
0.00000
0.00000
0.00000
0.00000
0.00000
0.00000
0.00000
0.00000
0.00000
0.00000
0.00000
0.00000
0.00000
0.00000
0.00000
0.00000
0.00000
0.00000
0.00000
0.00000
0.00000
0.00000
0.00000
0.00000
0.00000
0.00000
0.00000
0.00000
0.00000
0.00000
0.00000
0.00000
0.00000
0.00000
0.00000
0.00000
