-0.00024
-0.00018
-0.00021
-0.00027
-0.00024
-0.00021
-0.00027
-0.00034
-0.00034
-0.00034
-0.00024
-0.00037
-0.00034
-0.00021
-0.00015
-0.00018
-0.00015
-0.00018
-0.00021
-0.00021
-0.00027
-0.00031
-0.00031
-0.00037
-0.00034
-0.00031
-0.00018
-0.00018
-0.00018
-0.00015
-0.00024
-0.00027
-0.00027
-0.00027
-0.00049
-0.00024
-0.00021
-0.00018
-0.00021
-0.00021
-0.00012
-0.00021
-0.00021
-0.00021
-0.00021
-0.00027
-0.00031
-0.00031
-0.00024
-0.00031
-0.00018
-0.00046
-0.00024
-0.00012
-0.00034
-0.00012
-0.00027
-0.00015
-0.00006
-0.00015
-0.00012
-0.00015
-0.00021
-0.00024
-0.00027
-0.00034
-0.00027
-0.00024
-0.00031
-0.00015
-0.00009
-0.00024
-0.00021
-0.00015
-0.00024
-0.00021
-0.00021
-0.00015
-0.00015
-0.00015
-0.00012
-0.00021
-0.00012
-0.00015
-0.00021
-0.00006
-0.00018
-0.00012
-0.00003
-0.00012
-0.00018
-0.00027
-0.00018
-0.00018
-0.00024
-0.00024
-0.00012
-0.00018
-0.00027
-0.00012
-0.00018
-0.00021
-0.00021
-0.00012
-0.00009
-0.00012
-0.00012
-0.00015
-0.00015
-0.00021
-0.00027
-0.00021
-0.00009
-0.00012
-0.00009
0.00003
0.00006
-0.00003
-0.00015
-0.00003
-0.00015
-0.00027
-0.00021
-0.00018
-0.00012
-0.00012
-0.00009
-0.00012
-0.00009
-0.00009
-0.00006
-0.00006
-0.00003
0.00000
-0.00009
-0.00003
-0.00009
-0.00009
-0.00006
-0.00018
-0.00009
-0.00012
-0.00006
-0.00006
0.00000
0.00003
0.00000
-0.00003
-0.00003
-0.00003
-0.00006
-0.00009
0.00000
-0.00009
-0.00006
-0.00006
0.00003
0.00003
-0.00006
0.00000
0.00000
0.00000
0.00000
-0.00009
-0.00012
0.00000
-0.00012
0.00006
-0.00021
0.00049
-0.00095
0.00162
-0.00262
0.00369
-0.00549
0.00763
-0.01083
0.01389
-0.11493
-0.15161
0.08044
-0.02426
0.00461
0.01328
0.06174
0.13235
0.05399
-0.01749
-0.01044
-0.00479
-0.05539
-0.04440
0.02637
0.01868
-0.00363
0.00357
0.01630
0.03381
0.02374
-0.02673
-0.02948
0.01245
0.00269
0.00180
0.00168
0.00397
0.00021
-0.00006
-0.00558
0.00528
0.00476
-0.00790
0.00156
0.00140
0.00177
0.00690
0.00485
-0.00278
0.00861
0.00540
-0.00302
-0.00372
-0.00378
-0.00659
0.00140
0.00156
-0.00238
-0.00092
0.00546
0.00201
0.00101
0.00592
0.00336
-0.00171
0.00040
0.00201
0.00125
-0.00217
-0.00183
0.00018
-0.00168
-0.00140
-0.00290
0.00082
0.00320
-0.00113
-0.00165
-0.00082
0.00281
-0.00052
-0.00250
0.00165
0.00101
-0.00031
-0.00137
-0.00226
-0.00024
-0.00241
-0.00073
-0.00134
-0.00174
-0.00049
-0.00134
0.00064
-0.00015
-0.00143
0.00064
0.00067
0.00085
-0.00031
-0.00006
0.00040
-0.00150
-0.00061
-0.00226
-0.00232
-0.00140
-0.00131
-0.00089
-0.00104
-0.00089
0.00000
-0.00073
0.00031
0.00043
0.00064
0.00034
-0.00003
0.00104
0.00058
-0.00058
-0.00143
-0.00156
-0.00082
-0.00211
-0.00269
-0.00143
-0.00104
-0.00064
-0.00061
0.00064
0.00116
0.00049
-0.00009
-0.00040
-0.00024
-0.00085
-0.00137
-0.00049
-0.00006
-0.00073
-0.00186
-0.00177
-0.00082
-0.00055
-0.00027
0.00021
0.00000
0.00000
0.00000
0.00000
0.00000
0.00000
0.00000
0.00000
0.00000
0.00000
0.00000
0.00000
0.00000
0.00000
0.00000
0.00000
0.00000
0.00000
0.00000
0.00000
0.00000
0.00000
0.00000
0.00000
0.00000
0.00000
0.00000
0.00000
0.00000
0.00000
0.00000
0.00000
0.00000
0.00000
0.00000
0.00000
0.00000
0.00000
0.00000
0.00000
0.00000
0.00000
0.00000
0.00000
0.00000
0.00000
0.00000
0.00000
0.00000
0.00000
0.00000
0.00000
0.00000
0.00000
0.00000
0.00000
0.00000
0.00000
0.00000
0.00000
0.00000
0.00000
0.00000
0.00000
0.00000
0.00000
0.00000
0.00000
0.00000
0.00000
0.00000
0.00000
0.00000
0.00000
0.00000
0.00000
0.00000
0.00000
0.00000
0.00000
0.00000
0.00000
0.00000
0.00000
0.00000
0.00000
0.00000
0.00000
0.00000
0.00000
0.00000
0.00000
0.00000
0.00000
0.00000
0.00000
0.00000
0.00000
0.00000
0.00000
0.00000
0.00000
0.00000
0.00000
0.00000
0.00000
0.00000
0.00000
0.00000
0.00000
0.00000
0.00000
0.00000
0.00000
0.00000
0.00000
0.00000
0.00000
0.00000
0.00000
0.00000
0.00000
0.00000
0.00000
0.00000
0.00000
0.00000
0.00000
0.00000
0.00000
0.00000
0.00000
0.00000
0.00000
0.00000
0.00000
0.00000
0.00000
0.00000
0.00000
0.00000
0.00000
0.00000
0.00000
0.00000
0.00000
0.00000
0.00000
0.00000
0.00000
0.00000
0.00000
0.00000
0.00000
0.00000
0.00000
0.00000
0.00000
0.00000
0.00000
0.00000
0.00000
0.00000
0.00000
0.00000
0.00000
0.00000
0.00000
0.00000
0.00000
0.00000
0.00000
0.00000
0.00000
0.00000
0.00000
0.00000
0.00000
0.00000
0.00000
0.00000
0.00000
0.00000
0.00000
0.00000
0.00000
0.00000
0.00000
0.00000
0.00000
0.00000
0.00000
0.00000
0.00000
0.00000
