-0.00031
-0.00031
-0.00024
-0.00021
-0.00027
-0.00031
-0.00027
-0.00031
-0.00027
-0.00024
-0.00027
-0.00031
-0.00024
-0.00034
-0.00031
-0.00021
-0.00027
-0.00034
-0.00027
-0.00024
-0.00031
-0.00027
-0.00024
-0.00027
-0.00037
-0.00034
-0.00031
-0.00034
-0.00027
-0.00027
-0.00031
-0.00027
-0.00031
-0.00027
-0.00043
-0.00021
-0.00027
-0.00034
-0.00031
-0.00031
-0.00031
-0.00031
-0.00027
-0.00034
-0.00034
-0.00031
-0.00027
-0.00031
-0.00027
-0.00027
-0.00034
-0.00031
-0.00024
-0.00049
-0.00034
-0.00024
-0.00040
-0.00037
-0.00031
-0.00031
-0.00031
-0.00034
-0.00034
-0.00021
-0.00034
-0.00027
-0.00027
-0.00037
-0.00031
-0.00031
-0.00040
-0.00031
-0.00024
-0.00043
-0.00037
-0.00027
-0.00037
-0.00040
-0.00034
-0.00031
-0.00037
-0.00027
-0.00021
-0.00031
-0.00037
-0.00031
-0.00037
-0.00037
-0.00037
-0.00031
-0.00024
-0.00024
-0.00031
-0.00034
-0.00024
-0.00031
-0.00040
-0.00037
-0.00024
-0.00037
-0.00043
-0.00024
-0.00021
-0.00034
-0.00031
-0.00021
-0.00024
-0.00034
-0.00037
-0.00031
-0.00031
-0.00037
-0.00037
-0.00031
-0.00027
-0.00034
-0.00027
-0.00024
-0.00024
-0.00031
-0.00034
-0.00031
-0.00034
-0.00037
-0.00034
-0.00031
-0.00031
-0.00031
-0.00027
-0.00027
-0.00024
-0.00024
-0.00027
-0.00031
-0.00024
-0.00027
-0.00040
-0.00034
-0.00037
-0.00034
-0.00027
-0.00031
-0.00024
-0.00021
-0.00027
-0.00034
-0.00027
-0.00027
-0.00031
-0.00034
-0.00027
-0.00024
-0.00027
-0.00021
-0.00024
-0.00034
-0.00034
-0.00037
-0.00034
-0.00034
-0.00034
-0.00024
-0.00015
-0.00021
-0.00024
-0.00024
-0.00027
-0.00024
-0.00027
-0.00027
-0.00027
-0.00024
-0.00058
0.00037
-0.00137
0.00150
-0.00311
0.00412
-0.00674
0.00342
-0.13159
-0.14365
0.02951
0.00204
0.00479
0.06662
0.13181
0.12042
0.06876
-0.04358
-0.04068
-0.04562
-0.07602
-0.03561
0.00189
0.03226
0.00864
0.03284
0.03784
0.02655
0.00424
-0.02917
-0.03806
0.00116
0.01492
0.00189
-0.00003
0.00510
0.00238
-0.00510
-0.00708
-0.00058
0.00031
0.00061
0.00681
0.00195
0.00339
0.00906
0.00397
-0.00366
0.00751
0.00293
-0.00653
-0.00644
-0.00449
-0.00476
0.00076
0.00034
-0.00378
0.00211
0.00690
0.00253
0.00018
0.00583
0.00397
-0.00131
-0.00064
0.00201
-0.00012
-0.00327
-0.00336
-0.00165
-0.00116
-0.00092
-0.00201
-0.00089
0.00162
0.00095
-0.00027
0.00052
0.00183
-0.00089
-0.00131
0.00153
0.00076
-0.00266
-0.00290
-0.00253
-0.00150
-0.00107
-0.00085
-0.00113
-0.00092
-0.00034
-0.00119
-0.00113
-0.00015
-0.00003
0.00104
0.00089
0.00000
-0.00012
-0.00040
-0.00061
-0.00165
-0.00198
-0.00269
-0.00278
-0.00146
-0.00089
-0.00146
-0.00131
-0.00021
0.00092
0.00012
-0.00024
0.00000
0.00055
0.00098
0.00089
0.00049
-0.00031
-0.00156
-0.00232
-0.00177
-0.00146
-0.00256
-0.00296
-0.00137
-0.00027
-0.00018
-0.00024
0.00049
0.00131
0.00101
-0.00006
-0.00055
-0.00098
-0.00168
-0.00171
-0.00079
0.00003
-0.00052
-0.00162
-0.00198
-0.00137
-0.00073
0.00000
0.00000
0.00000
0.00000
0.00000
0.00000
0.00000
0.00000
0.00000
0.00000
0.00000
0.00000
0.00000
0.00000
0.00000
0.00000
0.00000
0.00000
0.00000
0.00000
0.00000
0.00000
0.00000
0.00000
0.00000
0.00000
0.00000
0.00000
0.00000
0.00000
0.00000
0.00000
0.00000
0.00000
0.00000
0.00000
0.00000
0.00000
0.00000
0.00000
0.00000
0.00000
0.00000
0.00000
0.00000
0.00000
0.00000
0.00000
0.00000
0.00000
0.00000
0.00000
0.00000
0.00000
0.00000
0.00000
0.00000
0.00000
0.00000
0.00000
0.00000
0.00000
0.00000
0.00000
0.00000
0.00000
0.00000
0.00000
0.00000
0.00000
0.00000
0.00000
0.00000
0.00000
0.00000
0.00000
0.00000
0.00000
0.00000
0.00000
0.00000
0.00000
0.00000
0.00000
0.00000
0.00000
0.00000
0.00000
0.00000
0.00000
0.00000
0.00000
0.00000
0.00000
0.00000
0.00000
0.00000
0.00000
0.00000
0.00000
0.00000
0.00000
0.00000
0.00000
0.00000
0.00000
0.00000
0.00000
0.00000
0.00000
0.00000
0.00000
0.00000
0.00000
0.00000
0.00000
0.00000
0.00000
0.00000
0.00000
0.00000
0.00000
0.00000
0.00000
0.00000
0.00000
0.00000
0.00000
0.00000
0.00000
0.00000
0.00000
0.00000
0.00000
0.00000
0.00000
0.00000
0.00000
0.00000
0.00000
0.00000
0.00000
0.00000
0.00000
0.00000
0.00000
0.00000
0.00000
0.00000
0.00000
0.00000
0.00000
0.00000
0.00000
0.00000
0.00000
0.00000
0.00000
0.00000
0.00000
0.00000
0.00000
0.00000
0.00000
0.00000
0.00000
0.00000
0.00000
0.00000
0.00000
0.00000
0.00000
0.00000
0.00000
0.00000
0.00000
0.00000
0.00000
0.00000
0.00000
0.00000
0.00000
0.00000
0.00000
0.00000
0.00000
0.00000
0.00000
0.00000
0.00000
0.00000
0.00000
0.00000
0.00000
0.00000
