-0.00006
-0.00009
-0.00009
-0.00006
-0.00006
-0.00006
-0.00009
-0.00009
-0.00009
-0.00009
-0.00009
-0.00003
-0.00003
-0.00006
-0.00006
-0.00003
-0.00003
-0.00009
-0.00006
-0.00006
-0.00006
-0.00009
-0.00006
-0.00003
-0.00003
-0.00009
-0.00009
-0.00006
-0.00009
-0.00012
-0.00009
-0.00006
-0.00009
-0.00003
-0.00021
0.00000
-0.00003
-0.00009
-0.00006
-0.00009
-0.00003
-0.00009
-0.00009
-0.00009
-0.00009
-0.00009
-0.00006
-0.00009
-0.00003
-0.00006
-0.00006
0.00000
-0.00003
-0.00006
-0.00003
-0.00006
-0.00009
-0.00006
-0.00009
-0.00012
-0.00012
-0.00009
-0.00003
-0.00012
-0.00006
-0.00003
0.00000
0.00000
-0.00003
0.00000
-0.00009
-0.00009
-0.00006
-0.00009
-0.00006
-0.00006
-0.00015
-0.00012
-0.00006
-0.00006
-0.00009
-0.00006
-0.00003
-0.00009
-0.00003
-0.00003
-0.00003
-0.00006
-0.00006
-0.00006
-0.00006
0.00000
0.00000
-0.00003
-0.00006
-0.00006
-0.00006
-0.00009
-0.00009
-0.00009
-0.00009
-0.00009
-0.00006
-0.00009
-0.00012
-0.00006
-0.00012
-0.00009
0.00000
0.00000
-0.00003
-0.00003
-0.00006
-0.00009
-0.00012
-0.00009
-0.00009
-0.00006
-0.00006
-0.00006
-0.00003
-0.00006
-0.00006
-0.00003
-0.00003
-0.00006
-0.00006
-0.00012
-0.00018
-0.00018
-0.00018
-0.00012
-0.00012
-0.00009
-0.00006
0.00000
0.00000
-0.00006
-0.00009
-0.00009
-0.00009
-0.00009
-0.00009
-0.00009
-0.00012
-0.00012
-0.00012
-0.00009
-0.00009
-0.00006
-0.00006
-0.00012
-0.00009
-0.00009
-0.00012
-0.00015
-0.00015
-0.00009
-0.00009
-0.00009
-0.00009
-0.00009
-0.00009
-0.00015
-0.00018
-0.00018
-0.00015
-0.00015
-0.00012
-0.00009
-0.00009
-0.00006
-0.00006
-0.00006
-0.00009
-0.00012
-0.00018
-0.00018
-0.00015
-0.00012
-0.00012
-0.00006
-0.00027
0.00009
-0.00055
0.00046
-0.00116
0.00125
-0.00238
0.00165
-0.03229
-0.04941
-0.02557
-0.02252
0.00330
-0.00214
0.01730
0.02960
0.02939
0.04004
0.03723
0.02008
-0.00439
-0.02304
-0.01938
-0.01300
-0.01041
-0.00909
-0.00214
0.00482
0.00464
0.00903
0.01093
0.00763
0.00385
0.00037
-0.00201
0.00107
-0.00034
-0.00357
-0.00247
-0.00043
-0.00266
-0.00119
0.00174
0.00018
0.00095
0.00259
0.00323
0.00354
0.00305
0.00018
-0.00073
0.00037
0.00058
-0.00113
-0.00067
-0.00046
-0.00006
-0.00073
-0.00003
0.00037
0.00189
0.00278
0.00171
0.00058
0.00098
0.00171
0.00208
0.00095
0.00085
-0.00006
-0.00174
-0.00177
-0.00140
-0.00031
-0.00021
-0.00076
-0.00015
0.00024
0.00107
0.00058
0.00067
0.00101
-0.00009
-0.00092
-0.00082
-0.00052
-0.00064
-0.00153
-0.00104
-0.00119
-0.00150
-0.00168
-0.00107
0.00015
0.00012
-0.00070
-0.00052
-0.00015
0.00031
0.00003
0.00034
0.00043
-0.00043
-0.00076
-0.00125
-0.00125
-0.00171
-0.00229
-0.00198
-0.00134
-0.00079
-0.00095
-0.00113
-0.00031
0.00009
0.00034
0.00034
0.00024
0.00003
-0.00012
-0.00037
-0.00095
-0.00128
-0.00150
-0.00192
-0.00198
-0.00174
-0.00156
-0.00134
-0.00104
-0.00031
0.00012
0.00006
-0.00009
-0.00024
-0.00021
-0.00049
-0.00092
-0.00104
-0.00104
-0.00128
0.00000
0.00000
0.00000
0.00000
0.00000
0.00000
0.00000
0.00000
0.00000
0.00000
0.00000
0.00000
0.00000
0.00000
0.00000
0.00000
0.00000
0.00000
0.00000
0.00000
0.00000
0.00000
0.00000
0.00000
0.00000
0.00000
0.00000
0.00000
0.00000
0.00000
0.00000
0.00000
0.00000
0.00000
0.00000
0.00000
0.00000
0.00000
0.00000
0.00000
0.00000
0.00000
0.00000
0.00000
0.00000
0.00000
0.00000
0.00000
0.00000
0.00000
0.00000
0.00000
0.00000
0.00000
0.00000
0.00000
0.00000
0.00000
0.00000
0.00000
0.00000
0.00000
0.00000
0.00000
0.00000
0.00000
0.00000
0.00000
0.00000
0.00000
0.00000
0.00000
0.00000
0.00000
0.00000
0.00000
0.00000
0.00000
0.00000
0.00000
0.00000
0.00000
0.00000
0.00000
0.00000
0.00000
0.00000
0.00000
0.00000
0.00000
0.00000
0.00000
0.00000
0.00000
0.00000
0.00000
0.00000
0.00000
0.00000
0.00000
0.00000
0.00000
0.00000
0.00000
0.00000
0.00000
0.00000
0.00000
0.00000
0.00000
0.00000
0.00000
0.00000
0.00000
0.00000
0.00000
0.00000
0.00000
0.00000
0.00000
0.00000
0.00000
0.00000
0.00000
0.00000
0.00000
0.00000
0.00000
0.00000
0.00000
0.00000
0.00000
0.00000
0.00000
0.00000
0.00000
0.00000
0.00000
0.00000
0.00000
0.00000
0.00000
0.00000
0.00000
0.00000
0.00000
0.00000
0.00000
0.00000
0.00000
0.00000
0.00000
0.00000
0.00000
0.00000
0.00000
0.00000
0.00000
0.00000
0.00000
0.00000
0.00000
0.00000
0.00000
0.00000
0.00000
0.00000
0.00000
0.00000
0.00000
0.00000
0.00000
0.00000
0.00000
0.00000
0.00000
0.00000
0.00000
0.00000
0.00000
0.00000
0.00000
0.00000
0.00000
0.00000
0.00000
0.00000
0.00000
0.00000
