-0.00027
-0.00024
-0.00027
-0.00027
-0.00027
-0.00027
-0.00027
-0.00034
-0.00031
-0.00027
-0.00031
-0.00027
-0.00021
-0.00021
-0.00024
-0.00024
-0.00021
-0.00027
-0.00027
-0.00027
-0.00027
-0.00027
-0.00024
-0.00024
-0.00021
-0.00021
-0.00024
-0.00021
-0.00021
-0.00024
-0.00021
-0.00021
-0.00024
-0.00021
-0.00037
-0.00012
-0.00015
-0.00021
-0.00021
-0.00021
-0.00015
-0.00021
-0.00018
-0.00024
-0.00027
-0.00024
-0.00021
-0.00021
-0.00021
-0.00018
-0.00018
-0.00021
-0.00021
-0.00021
-0.00021
-0.00018
-0.00018
-0.00015
-0.00018
-0.00018
-0.00018
-0.00024
-0.00021
-0.00018
-0.00021
-0.00021
-0.00015
-0.00012
-0.00012
-0.00015
-0.00015
-0.00018
-0.00021
-0.00018
-0.00024
-0.00015
-0.00015
-0.00018
-0.00012
-0.00012
-0.00012
-0.00012
-0.00015
-0.00015
-0.00012
-0.00012
-0.00015
-0.00012
-0.00012
-0.00012
-0.00009
-0.00012
-0.00015
-0.00015
-0.00015
-0.00015
-0.00012
-0.00015
-0.00012
-0.00012
-0.00012
-0.00009
-0.00009
-0.00009
-0.00009
-0.00009
-0.00012
-0.00015
-0.00012
-0.00012
-0.00012
-0.00012
-0.00009
-0.00003
-0.00006
-0.00006
-0.00009
-0.00009
-0.00006
-0.00009
-0.00012
-0.00009
-0.00012
-0.00009
-0.00006
-0.00006
-0.00006
-0.00006
-0.00009
-0.00006
-0.00006
-0.00003
-0.00006
-0.00009
-0.00003
-0.00003
-0.00003
-0.00003
-0.00006
-0.00006
-0.00006
-0.00009
-0.00009
-0.00006
-0.00006
-0.00003
0.00000
0.00000
0.00003
0.00000
0.00000
-0.00003
-0.00009
-0.00009
-0.00006
-0.00006
-0.00006
-0.00003
0.00000
0.00000
0.00000
0.00000
0.00000
-0.00003
-0.00006
-0.00003
0.00000
0.00000
0.00000
0.00000
0.00003
0.00000
0.00000
0.00000
-0.00003
-0.00003
-0.00003
0.00000
-0.00003
-0.00003
0.00000
-0.00009
-0.00003
-0.00003
-0.00006
0.00003
0.00006
0.00009
0.00003
0.00012
-0.00012
0.00006
-0.00015
0.00009
-0.00021
0.00003
0.00009
-0.00012
-0.00665
-0.03543
-0.01633
-0.01608
-0.01294
0.00354
-0.00278
0.03104
0.03824
0.01877
0.00598
-0.00006
-0.00601
-0.01959
-0.01157
-0.00647
-0.00571
0.00510
0.00223
0.00720
0.01703
0.00699
-0.00424
-0.00015
-0.00034
-0.00247
0.00092
0.00192
0.00049
0.00327
0.00079
-0.00192
0.00302
0.00217
-0.00101
0.00137
0.00360
0.00226
0.00186
0.00208
0.00162
0.00186
0.00174
0.00034
-0.00024
-0.00079
-0.00137
0.00012
0.00189
0.00150
0.00000
0.00009
0.00110
0.00168
0.00159
0.00159
0.00177
0.00131
0.00070
0.00067
0.00006
0.00024
-0.00024
-0.00031
0.00009
0.00070
0.00085
-0.00006
0.00024
0.00122
0.00049
-0.00012
-0.00076
0.00018
0.00082
0.00055
0.00058
-0.00037
-0.00018
-0.00067
-0.00070
-0.00021
-0.00055
-0.00040
-0.00043
-0.00003
-0.00027
-0.00061
-0.00037
-0.00049
-0.00003
0.00058
0.00049
0.00003
-0.00034
-0.00024
-0.00034
-0.00085
-0.00131
-0.00150
-0.00092
-0.00046
-0.00073
-0.00037
-0.00009
0.00003
-0.00037
-0.00085
-0.00046
0.00015
0.00061
0.00012
-0.00034
-0.00006
-0.00006
-0.00052
-0.00156
-0.00195
-0.00134
-0.00092
-0.00052
-0.00052
-0.00046
-0.00015
-0.00003
0.00021
0.00003
-0.00046
0.00000
0.00000
0.00000
0.00000
0.00000
0.00000
0.00000
0.00000
0.00000
0.00000
0.00000
0.00000
0.00000
0.00000
0.00000
0.00000
0.00000
0.00000
0.00000
0.00000
0.00000
0.00000
0.00000
0.00000
0.00000
0.00000
0.00000
0.00000
0.00000
0.00000
0.00000
0.00000
0.00000
0.00000
0.00000
0.00000
0.00000
0.00000
0.00000
0.00000
0.00000
0.00000
0.00000
0.00000
0.00000
0.00000
0.00000
0.00000
0.00000
0.00000
0.00000
0.00000
0.00000
0.00000
0.00000
0.00000
0.00000
0.00000
0.00000
0.00000
0.00000
0.00000
0.00000
0.00000
0.00000
0.00000
0.00000
0.00000
0.00000
0.00000
0.00000
0.00000
0.00000
0.00000
0.00000
0.00000
0.00000
0.00000
0.00000
0.00000
0.00000
0.00000
0.00000
0.00000
0.00000
0.00000
0.00000
0.00000
0.00000
0.00000
0.00000
0.00000
0.00000
0.00000
0.00000
0.00000
0.00000
0.00000
0.00000
0.00000
0.00000
0.00000
0.00000
0.00000
0.00000
0.00000
0.00000
0.00000
0.00000
0.00000
0.00000
0.00000
0.00000
0.00000
0.00000
0.00000
0.00000
0.00000
0.00000
0.00000
0.00000
0.00000
0.00000
0.00000
0.00000
0.00000
0.00000
0.00000
0.00000
0.00000
0.00000
0.00000
0.00000
0.00000
0.00000
0.00000
0.00000
0.00000
0.00000
0.00000
0.00000
0.00000
0.00000
0.00000
0.00000
0.00000
0.00000
0.00000
0.00000
0.00000
0.00000
0.00000
0.00000
0.00000
0.00000
0.00000
0.00000
0.00000
0.00000
0.00000
0.00000
0.00000
0.00000
0.00000
0.00000
0.00000
0.00000
0.00000
0.00000
0.00000
0.00000
0.00000
0.00000
0.00000
0.00000
0.00000
0.00000
0.00000
0.00000
0.00000
0.00000
0.00000
0.00000
0.00000
0.00000
0.00000
