-0.00027
-0.00024
-0.00018
-0.00024
-0.00031
-0.00037
-0.00043
-0.00043
-0.00043
-0.00034
-0.00027
-0.00027
-0.00021
-0.00018
-0.00021
-0.00024
-0.00034
-0.00037
-0.00034
-0.00031
-0.00034
-0.00027
-0.00027
-0.00034
-0.00034
-0.00034
-0.00040
-0.00037
-0.00031
-0.00027
-0.00034
-0.00034
-0.00034
-0.00027
-0.00021
-0.00024
-0.00027
-0.00027
-0.00037
-0.00043
-0.00037
-0.00040
-0.00040
-0.00037
-0.00034
-0.00037
-0.00034
-0.00031
-0.00034
-0.00034
-0.00031
-0.00031
-0.00031
-0.00037
-0.00037
-0.00034
-0.00031
-0.00024
-0.00027
-0.00034
-0.00037
-0.00037
-0.00037
-0.00034
-0.00037
-0.00037
-0.00037
-0.00037
-0.00037
-0.00040
-0.00034
-0.00034
-0.00031
-0.00021
-0.00027
-0.00034
-0.00037
-0.00040
-0.00034
-0.00031
-0.00027
-0.00027
-0.00024
-0.00031
-0.00040
-0.00040
-0.00040
-0.00043
-0.00040
-0.00034
-0.00034
-0.00031
-0.00034
-0.00031
-0.00031
-0.00034
-0.00031
-0.00027
-0.00031
-0.00034
-0.00034
-0.00037
-0.00040
-0.00037
-0.00040
-0.00027
-0.00024
-0.00024
-0.00024
-0.00027
-0.00031
-0.00040
-0.00034
-0.00027
-0.00031
-0.00031
-0.00027
-0.00034
-0.00031
-0.00027
-0.00037
-0.00031
-0.00027
-0.00031
-0.00037
-0.00034
-0.00027
-0.00031
-0.00034
-0.00024
-0.00031
-0.00034
-0.00031
-0.00031
-0.00027
-0.00024
-0.00027
-0.00024
-0.00024
-0.00027
-0.00031
-0.00031
-0.00031
-0.00034
-0.00031
-0.00021
-0.00024
-0.00024
-0.00021
-0.00018
-0.00024
-0.00031
-0.00024
-0.00024
-0.00027
-0.00024
-0.00018
-0.00015
-0.00018
-0.00021
-0.00021
-0.00018
-0.00021
-0.00021
-0.00021
-0.00021
-0.00024
-0.00021
-0.00021
-0.00021
-0.00018
-0.00021
-0.00021
-0.00021
-0.00018
-0.00018
-0.00018
-0.00015
-0.00018
-0.00021
-0.00021
-0.00024
-0.00015
-0.00027
0.00000
-0.00052
0.00031
-0.00110
0.00089
-0.00189
0.00070
-0.03632
-0.05307
-0.02676
-0.03528
-0.02255
0.00293
0.03635
0.05957
0.05484
0.04266
0.02191
-0.00409
-0.01880
-0.02881
-0.00961
-0.00391
-0.01080
0.00113
0.01102
0.00677
0.00452
0.00436
0.00253
0.00159
0.00031
-0.00098
0.00052
0.00549
0.00070
-0.00250
-0.00018
-0.00226
-0.00473
-0.00220
-0.00079
-0.00192
0.00073
0.00458
0.00540
0.00436
0.00458
0.00146
0.00012
-0.00006
-0.00064
-0.00024
0.00046
-0.00003
-0.00049
-0.00043
0.00000
-0.00052
0.00000
0.00192
0.00244
0.00217
0.00250
0.00314
0.00250
0.00043
0.00027
-0.00003
-0.00058
-0.00034
-0.00073
-0.00079
-0.00052
-0.00119
-0.00192
-0.00082
0.00046
0.00012
0.00076
0.00134
0.00113
0.00067
0.00046
-0.00052
-0.00101
-0.00119
-0.00128
-0.00119
-0.00128
-0.00113
-0.00082
-0.00046
-0.00034
-0.00037
0.00024
0.00067
0.00043
0.00037
0.00012
-0.00021
-0.00049
-0.00089
-0.00073
-0.00098
-0.00153
-0.00201
-0.00204
-0.00171
-0.00159
-0.00095
-0.00052
-0.00009
0.00027
0.00049
0.00070
0.00024
0.00021
0.00018
0.00000
-0.00006
-0.00052
-0.00052
-0.00061
-0.00085
-0.00089
-0.00128
-0.00156
-0.00168
-0.00177
-0.00119
-0.00067
-0.00018
0.00012
0.00031
0.00024
-0.00027
-0.00046
-0.00055
-0.00073
-0.00073
-0.00076
-0.00101
-0.00143
-0.00150
-0.00107
-0.00061
-0.00012
0.00031
0.00073
0.00089
0.00082
0.00092
0.00076
0.00034
-0.00009
-0.00052
-0.00070
-0.00082
-0.00095
-0.00089
-0.00061
-0.00027
-0.00015
0.00000
0.00018
0.00009
-0.00006
0.00000
0.00031
0.00046
0.00043
0.00043
0.00018
-0.00006
-0.00024
-0.00034
-0.00027
-0.00031
-0.00027
-0.00015
-0.00021
-0.00021
0.00000
0.00000
0.00000
0.00000
0.00000
0.00000
0.00000
0.00000
0.00000
0.00000
0.00000
0.00000
0.00000
0.00000
0.00000
0.00000
0.00000
0.00000
0.00000
0.00000
0.00000
0.00000
0.00000
0.00000
0.00000
0.00000
0.00000
0.00000
0.00000
0.00000
0.00000
0.00000
0.00000
0.00000
0.00000
0.00000
0.00000
0.00000
0.00000
0.00000
0.00000
0.00000
0.00000
0.00000
0.00000
0.00000
0.00000
0.00000
0.00000
0.00000
0.00000
0.00000
0.00000
0.00000
0.00000
0.00000
0.00000
0.00000
0.00000
0.00000
0.00000
0.00000
0.00000
0.00000
0.00000
0.00000
0.00000
0.00000
0.00000
0.00000
0.00000
0.00000
0.00000
0.00000
0.00000
0.00000
0.00000
0.00000
0.00000
0.00000
0.00000
0.00000
0.00000
0.00000
0.00000
0.00000
0.00000
0.00000
0.00000
0.00000
0.00000
0.00000
0.00000
0.00000
0.00000
0.00000
0.00000
0.00000
0.00000
0.00000
0.00000
0.00000
0.00000
0.00000
0.00000
0.00000
0.00000
0.00000
0.00000
0.00000
0.00000
0.00000
0.00000
0.00000
0.00000
0.00000
0.00000
0.00000
0.00000
0.00000
0.00000
0.00000
0.00000
0.00000
0.00000
0.00000
0.00000
0.00000
0.00000
0.00000
0.00000
0.00000
0.00000
0.00000
0.00000
0.00000
0.00000
0.00000
0.00000
0.00000
0.00000
0.00000
0.00000
0.00000
0.00000
