-0.00012
-0.00015
-0.00012
-0.00012
-0.00009
-0.00012
-0.00015
-0.00012
-0.00009
-0.00012
-0.00012
-0.00009
-0.00015
-0.00012
-0.00009
-0.00012
-0.00015
-0.00012
-0.00015
-0.00015
-0.00015
-0.00012
-0.00006
-0.00006
-0.00009
-0.00006
-0.00009
-0.00009
-0.00015
-0.00012
-0.00009
-0.00012
-0.00012
-0.00012
-0.00012
-0.00012
-0.00015
-0.00012
-0.00009
-0.00012
-0.00009
-0.00012
-0.00009
-0.00003
-0.00009
-0.00006
-0.00006
-0.00009
-0.00012
-0.00012
-0.00009
-0.00009
-0.00006
-0.00009
-0.00009
-0.00012
-0.00012
-0.00009
-0.00009
-0.00009
-0.00006
-0.00009
-0.00012
-0.00012
-0.00012
-0.00009
-0.00006
-0.00006
-0.00009
-0.00009
-0.00009
-0.00009
-0.00006
-0.00006
-0.00009
-0.00006
-0.00006
-0.00009
-0.00009
-0.00006
-0.00009
-0.00009
0.00000
-0.00003
-0.00012
-0.00009
-0.00009
-0.00009
-0.00009
-0.00006
-0.00003
-0.00006
-0.00006
-0.00003
-0.00006
-0.00009
-0.00006
0.00000
-0.00003
-0.00006
-0.00006
-0.00012
-0.00009
-0.00009
-0.00006
-0.00006
0.00000
-0.00003
-0.00003
0.00000
-0.00003
-0.00006
-0.00006
-0.00006
-0.00006
-0.00009
-0.00009
0.00000
-0.00003
-0.00006
-0.00006
-0.00003
-0.00003
-0.00003
0.00000
0.00000
-0.00003
-0.00006
-0.00003
-0.00006
-0.00006
-0.00009
0.00000
0.00000
-0.00003
0.00000
0.00000
-0.00006
-0.00006
0.00000
-0.00003
-0.00006
0.00000
0.00000
-0.00003
0.00000
0.00000
-0.00003
0.00000
0.00000
-0.00003
-0.00003
0.00000
-0.00003
-0.00003
0.00000
0.00000
0.00000
0.00000
0.00000
-0.00003
0.00000
0.00000
0.00000
0.00000
0.00000
0.00000
0.00000
-0.00003
-0.00003
0.00000
0.00000
0.00000
0.00000
0.00000
0.00000
0.00000
-0.00003
-0.00003
-0.00006
-0.00009
0.00006
0.00000
-0.00003
0.00003
0.00003
0.00000
-0.00003
0.00000
0.00000
0.00003
0.00000
0.00006
0.00003
0.00003
-0.00003
-0.00012
-0.00009
-0.00015
0.00006
-0.00009
0.00018
-0.00040
-0.00064
-0.01328
-0.02124
-0.02206
-0.02341
-0.00082
0.01883
0.02487
0.01212
0.00128
-0.00220
-0.00809
-0.01138
-0.01175
-0.00333
0.00647
0.01089
0.01245
0.01257
0.00739
0.00153
-0.00003
-0.00040
-0.00153
-0.00082
0.00049
0.00146
0.00305
0.00360
0.00232
0.00143
0.00140
0.00009
-0.00018
0.00110
0.00119
0.00107
0.00232
0.00211
0.00104
0.00024
0.00098
0.00085
0.00027
0.00034
0.00067
0.00128
0.00131
0.00162
0.00150
0.00128
0.00098
0.00046
0.00024
0.00049
0.00009
-0.00009
0.00098
0.00156
0.00125
0.00122
0.00122
0.00082
0.00082
0.00058
-0.00040
-0.00046
-0.00009
-0.00018
0.00015
0.00049
0.00046
0.00073
0.00061
0.00009
-0.00031
-0.00046
-0.00015
-0.00049
-0.00031
-0.00040
-0.00009
0.00006
-0.00052
-0.00052
-0.00037
-0.00018
-0.00061
-0.00058
-0.00012
-0.00015
-0.00018
-0.00040
-0.00061
-0.00070
-0.00061
-0.00027
-0.00024
-0.00027
-0.00031
-0.00067
-0.00122
-0.00140
-0.00110
-0.00058
-0.00031
-0.00031
-0.00043
-0.00067
-0.00089
-0.00082
-0.00043
-0.00012
-0.00027
-0.00040
-0.00031
-0.00031
-0.00037
-0.00027
-0.00043
-0.00073
-0.00098
-0.00070
-0.00052
-0.00076
-0.00070
-0.00027
-0.00003
-0.00037
-0.00073
-0.00092
-0.00107
-0.00098
-0.00052
-0.00024
-0.00040
-0.00070
-0.00073
-0.00067
-0.00076
-0.00064
-0.00037
-0.00024
-0.00018
-0.00015
-0.00003
-0.00003
-0.00021
-0.00021
-0.00031
-0.00031
-0.00031
-0.00018
-0.00003
0.00000
0.00000
-0.00015
-0.00024
-0.00021
-0.00027
-0.00027
-0.00006
0.00000
-0.00003
-0.00012
-0.00006
0.00006
0.00012
0.00006
-0.00018
-0.00034
-0.00018
0.00000
0.00021
0.00024
0.00012
0.00000
-0.00009
-0.00003
0.00006
0.00012
0.00009
0.00000
-0.00006
-0.00012
-0.00006
0.00006
0.00024
0.00000
0.00000
0.00000
0.00000
0.00000
0.00000
0.00000
0.00000
0.00000
0.00000
0.00000
0.00000
0.00000
0.00000
0.00000
0.00000
0.00000
0.00000
0.00000
0.00000
0.00000
0.00000
0.00000
0.00000
0.00000
0.00000
0.00000
0.00000
0.00000
0.00000
0.00000
0.00000
0.00000
0.00000
0.00000
0.00000
0.00000
0.00000
0.00000
0.00000
0.00000
0.00000
0.00000
0.00000
0.00000
0.00000
0.00000
0.00000
0.00000
0.00000
0.00000
0.00000
0.00000
0.00000
0.00000
0.00000
0.00000
0.00000
0.00000
0.00000
0.00000
0.00000
0.00000
0.00000
0.00000
0.00000
0.00000
0.00000
0.00000
0.00000
0.00000
0.00000
0.00000
0.00000
0.00000
0.00000
0.00000
0.00000
0.00000
0.00000
0.00000
0.00000
0.00000
0.00000
0.00000
0.00000
0.00000
0.00000
0.00000
0.00000
0.00000
0.00000
0.00000
0.00000
0.00000
0.00000
0.00000
0.00000
0.00000
0.00000
0.00000
0.00000
0.00000
0.00000
0.00000
0.00000
0.00000
0.00000
0.00000
0.00000
0.00000
0.00000
0.00000
0.00000
0.00000
0.00000
0.00000
0.00000
0.00000
0.00000
0.00000
