0.00006
0.00009
0.00009
0.00009
0.00006
0.00006
0.00006
0.00006
0.00006
0.00009
0.00006
0.00003
0.00009
0.00006
0.00006
0.00006
0.00009
0.00009
0.00006
0.00009
0.00009
0.00009
0.00006
0.00003
0.00003
0.00003
0.00003
0.00003
0.00009
0.00012
0.00009
0.00006
0.00006
0.00003
0.00000
0.00000
0.00000
0.00006
0.00006
0.00006
0.00012
0.00009
0.00006
0.00006
0.00003
0.00003
0.00006
0.00006
0.00003
0.00006
0.00003
0.00003
0.00006
0.00003
0.00003
0.00003
0.00006
0.00006
0.00003
0.00003
0.00003
0.00003
0.00003
0.00003
0.00003
0.00006
0.00006
0.00006
0.00003
0.00000
0.00003
0.00006
0.00003
0.00003
0.00000
0.00009
0.00006
0.00003
0.00003
0.00000
0.00000
0.00003
0.00006
0.00003
0.00000
0.00003
0.00006
0.00006
0.00003
0.00006
0.00003
0.00000
0.00000
0.00006
0.00000
0.00003
0.00003
0.00003
0.00000
0.00000
0.00003
0.00000
0.00000
0.00000
0.00000
0.00000
0.00000
0.00000
0.00000
0.00000
0.00000
0.00000
0.00000
0.00000
-0.00003
0.00000
0.00000
0.00000
-0.00003
0.00000
0.00000
-0.00003
-0.00003
-0.00003
-0.00006
0.00000
0.00000
-0.00003
0.00000
0.00000
-0.00006
-0.00003
-0.00003
-0.00006
-0.00006
0.00000
0.00000
-0.00006
-0.00006
-0.00006
-0.00009
-0.00009
-0.00006
0.00000
-0.00006
-0.00006
-0.00006
-0.00009
-0.00009
-0.00009
-0.00009
-0.00006
-0.00009
-0.00006
-0.00009
-0.00012
-0.00012
-0.00012
-0.00006
-0.00009
-0.00009
-0.00009
-0.00009
-0.00009
-0.00012
-0.00006
-0.00012
-0.00015
-0.00015
-0.00015
-0.00015
-0.00012
-0.00009
-0.00012
-0.00012
-0.00009
-0.00012
-0.00012
-0.00015
-0.00015
-0.00015
-0.00012
-0.00024
-0.00015
-0.00009
-0.00018
-0.00021
-0.00015
-0.00012
-0.00006
-0.00021
-0.00006
-0.00046
0.00000
-0.00046
0.00018
-0.00040
0.00012
-0.01175
-0.03952
-0.02817
-0.03827
-0.01151
0.03619
0.04953
0.03735
0.00674
0.00592
-0.00363
-0.01083
-0.01724
-0.01233
0.00110
0.00586
0.00223
0.00381
0.00269
-0.00629
-0.00555
-0.00085
-0.00211
-0.00061
0.00323
0.00693
0.00900
0.00745
0.00290
-0.00125
0.00046
-0.00052
-0.00140
-0.00079
0.00003
-0.00058
0.00116
0.00406
0.00378
0.00186
0.00159
0.00223
0.00037
0.00064
0.00046
0.00003
-0.00110
-0.00089
-0.00070
-0.00049
0.00031
0.00003
0.00000
0.00217
0.00250
0.00143
0.00189
0.00217
0.00134
0.00031
0.00055
-0.00055
-0.00204
-0.00113
-0.00150
-0.00015
0.00076
-0.00006
0.00095
0.00116
-0.00024
-0.00089
0.00009
0.00000
-0.00052
-0.00021
-0.00024
0.00040
0.00034
-0.00073
-0.00131
-0.00085
-0.00116
-0.00156
-0.00110
-0.00104
-0.00125
-0.00021
0.00027
0.00006
-0.00012
-0.00037
-0.00052
-0.00064
-0.00104
-0.00116
-0.00107
-0.00119
-0.00140
-0.00143
-0.00143
-0.00165
-0.00153
-0.00070
-0.00037
-0.00037
-0.00037
-0.00052
-0.00067
-0.00125
-0.00137
-0.00089
-0.00052
-0.00012
-0.00006
-0.00037
-0.00104
-0.00150
-0.00134
-0.00128
-0.00150
-0.00168
-0.00162
-0.00119
-0.00085
-0.00046
-0.00031
-0.00046
-0.00058
-0.00058
-0.00046
-0.00076
-0.00137
-0.00153
-0.00119
-0.00095
-0.00101
-0.00107
-0.00119
-0.00143
-0.00116
-0.00037
0.00012
0.00009
-0.00006
-0.00021
-0.00043
-0.00061
-0.00067
-0.00073
-0.00079
-0.00089
-0.00082
-0.00070
-0.00073
-0.00079
-0.00085
-0.00070
-0.00058
-0.00049
-0.00024
-0.00006
0.00003
0.00000
-0.00015
-0.00021
-0.00027
-0.00043
-0.00049
-0.00049
-0.00058
-0.00085
-0.00079
-0.00049
-0.00012
0.00009
0.00009
-0.00006
-0.00034
-0.00018
0.00012
0.00027
0.00021
-0.00003
-0.00040
-0.00061
-0.00064
-0.00043
-0.00027
-0.00031
-0.00037
-0.00043
-0.00049
-0.00049
-0.00031
0.00009
0.00000
0.00000
0.00000
0.00000
0.00000
0.00000
0.00000
0.00000
0.00000
0.00000
0.00000
0.00000
0.00000
0.00000
0.00000
0.00000
0.00000
0.00000
0.00000
0.00000
0.00000
0.00000
0.00000
0.00000
0.00000
0.00000
0.00000
0.00000
0.00000
0.00000
0.00000
0.00000
0.00000
0.00000
0.00000
0.00000
0.00000
0.00000
0.00000
0.00000
0.00000
0.00000
0.00000
0.00000
0.00000
0.00000
0.00000
0.00000
0.00000
0.00000
0.00000
0.00000
0.00000
0.00000
0.00000
0.00000
0.00000
0.00000
0.00000
0.00000
0.00000
0.00000
0.00000
0.00000
0.00000
0.00000
0.00000
0.00000
0.00000
0.00000
0.00000
0.00000
0.00000
0.00000
0.00000
0.00000
0.00000
0.00000
0.00000
0.00000
0.00000
0.00000
0.00000
0.00000
0.00000
0.00000
0.00000
0.00000
0.00000
0.00000
0.00000
0.00000
0.00000
0.00000
0.00000
0.00000
0.00000
0.00000
0.00000
0.00000
0.00000
0.00000
0.00000
0.00000
0.00000
0.00000
0.00000
0.00000
0.00000
0.00000
0.00000
0.00000
0.00000
0.00000
0.00000
0.00000
0.00000
0.00000
