-0.00031
-0.00031
-0.00031
-0.00031
-0.00034
-0.00031
-0.00037
-0.00037
-0.00031
-0.00027
-0.00027
-0.00031
-0.00024
-0.00024
-0.00031
-0.00024
-0.00021
-0.00027
-0.00031
-0.00024
-0.00018
-0.00018
-0.00018
-0.00015
-0.00021
-0.00024
-0.00031
-0.00031
-0.00031
-0.00024
-0.00027
-0.00031
-0.00027
-0.00027
-0.00031
-0.00021
-0.00021
-0.00024
-0.00027
-0.00024
-0.00027
-0.00031
-0.00024
-0.00018
-0.00018
-0.00021
-0.00021
-0.00021
-0.00021
-0.00024
-0.00021
-0.00018
-0.00024
-0.00024
-0.00024
-0.00031
-0.00031
-0.00034
-0.00024
-0.00031
-0.00031
-0.00015
-0.00021
-0.00018
-0.00018
-0.00021
-0.00018
-0.00021
-0.00012
-0.00012
-0.00021
-0.00018
-0.00021
-0.00024
-0.00024
-0.00024
-0.00018
-0.00018
-0.00015
-0.00018
-0.00021
-0.00015
-0.00021
-0.00027
-0.00024
-0.00021
-0.00018
-0.00021
-0.00015
-0.00015
-0.00021
-0.00021
-0.00021
-0.00021
-0.00021
-0.00024
-0.00018
-0.00018
-0.00015
-0.00015
-0.00018
-0.00015
-0.00015
-0.00021
-0.00018
-0.00015
-0.00021
-0.00018
-0.00012
-0.00018
-0.00024
-0.00018
-0.00018
-0.00024
-0.00018
-0.00015
-0.00015
-0.00009
-0.00003
-0.00009
-0.00015
-0.00012
-0.00018
-0.00018
-0.00009
-0.00009
-0.00012
-0.00012
-0.00015
-0.00018
-0.00018
-0.00021
-0.00024
-0.00021
-0.00015
-0.00015
-0.00018
-0.00012
-0.00009
-0.00012
-0.00009
-0.00006
-0.00015
-0.00018
-0.00012
-0.00015
-0.00015
-0.00009
-0.00003
-0.00006
-0.00009
-0.00006
-0.00012
-0.00012
-0.00015
-0.00018
-0.00018
-0.00018
-0.00015
-0.00015
-0.00003
0.00000
-0.00009
-0.00009
-0.00009
-0.00009
-0.00015
-0.00015
-0.00012
-0.00015
-0.00012
-0.00006
-0.00003
0.00000
-0.00003
0.00000
-0.00012
0.00009
-0.00034
0.00027
-0.00055
0.00052
-0.00076
0.00067
-0.00107
0.00098
-0.02029
-0.08752
-0.02872
-0.00787
-0.02853
0.00580
0.01541
0.03015
0.02286
0.04501
0.06424
0.02658
0.00183
-0.02603
-0.01001
0.00604
-0.02362
-0.01782
0.01074
0.00952
0.00308
0.00681
0.00330
-0.00198
-0.00061
0.00317
0.00211
0.00565
0.00128
-0.00513
0.00314
0.00388
-0.00406
-0.00302
0.00308
0.00076
-0.00290
0.00192
0.00604
0.00235
0.00192
0.00385
0.00125
-0.00110
-0.00089
0.00031
0.00082
0.00003
-0.00134
-0.00348
-0.00195
-0.00070
-0.00262
0.00037
0.00385
0.00226
0.00189
0.00461
0.00534
0.00220
0.00031
0.00095
-0.00070
-0.00232
-0.00217
-0.00168
-0.00058
-0.00183
-0.00153
0.00034
0.00110
0.00125
0.00015
0.00037
0.00037
-0.00089
-0.00131
-0.00055
-0.00021
-0.00046
0.00000
0.00040
-0.00134
-0.00266
-0.00159
-0.00073
-0.00040
-0.00110
-0.00085
0.00037
0.00012
0.00067
0.00052
0.00040
-0.00031
-0.00128
-0.00104
-0.00134
-0.00150
-0.00131
-0.00183
-0.00186
-0.00201
-0.00168
-0.00073
-0.00037
-0.00009
-0.00003
0.00046
0.00052
0.00012
0.00076
0.00046
0.00000
-0.00037
-0.00046
-0.00021
-0.00070
-0.00079
-0.00107
-0.00153
-0.00153
-0.00177
-0.00140
-0.00098
-0.00076
-0.00031
-0.00018
-0.00012
-0.00027
-0.00037
-0.00009
-0.00043
-0.00095
-0.00116
-0.00101
-0.00107
-0.00122
-0.00085
-0.00070
-0.00070
-0.00034
0.00024
0.00073
0.00085
0.00107
0.00116
0.00067
0.00015
-0.00027
-0.00024
-0.00046
-0.00079
-0.00079
-0.00076
-0.00076
-0.00076
-0.00043
0.00000
0.00003
0.00000
0.00021
0.00049
0.00058
0.00021
0.00043
0.00073
0.00043
0.00000
-0.00027
-0.00040
-0.00070
-0.00058
-0.00018
-0.00003
-0.00003
0.00000
0.00012
0.00003
-0.00003
0.00003
0.00018
0.00043
0.00031
0.00101
0.00031
0.00000
0.00000
0.00000
0.00000
0.00000
0.00000
0.00000
0.00000
0.00000
0.00000
0.00000
0.00000
0.00000
0.00000
0.00000
0.00000
0.00000
0.00000
0.00000
0.00000
0.00000
0.00000
0.00000
0.00000
0.00000
0.00000
0.00000
0.00000
0.00000
0.00000
0.00000
0.00000
0.00000
0.00000
0.00000
0.00000
0.00000
0.00000
0.00000
0.00000
0.00000
0.00000
0.00000
0.00000
0.00000
0.00000
0.00000
0.00000
0.00000
0.00000
0.00000
0.00000
0.00000
0.00000
0.00000
0.00000
0.00000
0.00000
0.00000
0.00000
0.00000
0.00000
0.00000
0.00000
0.00000
0.00000
0.00000
0.00000
0.00000
0.00000
0.00000
0.00000
0.00000
0.00000
0.00000
0.00000
0.00000
0.00000
0.00000
0.00000
0.00000
0.00000
0.00000
0.00000
0.00000
0.00000
0.00000
0.00000
0.00000
0.00000
0.00000
0.00000
0.00000
0.00000
0.00000
0.00000
0.00000
0.00000
0.00000
0.00000
0.00000
0.00000
0.00000
0.00000
0.00000
0.00000
0.00000
0.00000
0.00000
0.00000
0.00000
0.00000
0.00000
0.00000
0.00000
0.00000
0.00000
0.00000
0.00000
0.00000
0.00000
0.00000
0.00000
0.00000
0.00000
0.00000
0.00000
0.00000
0.00000
0.00000
0.00000
0.00000
0.00000
0.00000
0.00000
0.00000
0.00000
0.00000
0.00000
0.00000
