0.00000
0.00000
-0.00006
-0.00003
-0.00003
-0.00003
0.00000
-0.00006
0.00000
0.00000
0.00000
-0.00003
-0.00003
-0.00003
-0.00003
0.00000
0.00000
0.00006
0.00012
0.00009
0.00012
0.00018
0.00003
-0.00003
-0.00006
0.00000
0.00000
0.00000
0.00009
0.00009
0.00009
0.00003
0.00000
0.00003
0.00000
0.00003
0.00012
0.00012
0.00012
0.00006
0.00003
0.00000
-0.00003
-0.00012
-0.00003
-0.00003
0.00000
0.00006
0.00009
0.00006
0.00006
0.00009
0.00012
0.00006
0.00012
0.00000
0.00000
0.00018
0.00003
0.00015
0.00006
0.00000
0.00003
0.00000
0.00006
0.00003
0.00006
0.00009
0.00009
0.00018
0.00018
0.00012
0.00006
0.00012
0.00009
0.00000
0.00000
0.00018
0.00012
0.00009
0.00009
0.00009
-0.00003
-0.00003
0.00009
0.00009
0.00015
0.00015
0.00015
0.00018
0.00012
0.00006
0.00015
0.00018
0.00018
0.00018
0.00018
0.00012
0.00003
0.00003
0.00012
0.00009
0.00000
0.00012
0.00015
0.00009
0.00006
0.00006
0.00009
0.00006
0.00015
0.00021
0.00015
0.00003
0.00003
0.00012
0.00018
0.00012
0.00006
0.00018
0.00015
0.00009
0.00015
0.00021
0.00018
0.00012
0.00018
0.00024
0.00024
0.00021
0.00024
0.00024
0.00021
0.00012
0.00006
0.00006
0.00006
0.00012
0.00009
0.00012
0.00018
0.00012
0.00018
0.00015
0.00012
0.00012
0.00012
0.00009
0.00009
0.00012
0.00006
0.00015
0.00027
0.00027
0.00027
0.00024
0.00027
0.00015
0.00015
0.00018
0.00012
0.00015
0.00006
0.00009
0.00012
0.00009
0.00009
0.00006
0.00009
0.00015
0.00009
0.00024
0.00000
0.00043
-0.00040
0.00089
-0.00107
0.00168
-0.00183
0.00269
-0.00320
0.00449
-0.04425
-0.12280
-0.00400
-0.01303
0.00409
0.04373
0.01678
0.01862
0.00037
0.04559
0.04510
0.02859
0.00119
-0.01724
0.01791
0.00586
-0.04239
-0.01901
0.01300
0.00494
0.01215
0.01974
0.00256
-0.00650
-0.00360
-0.00400
0.00351
0.00851
-0.00342
-0.00537
0.00934
0.00076
-0.00592
0.00061
0.00342
-0.00134
-0.00037
0.00555
0.00677
0.00436
0.00488
0.00415
0.00046
-0.00104
-0.00327
-0.00092
-0.00003
-0.00153
-0.00369
-0.00366
0.00006
0.00073
0.00006
0.00421
0.00436
-0.00009
0.00024
0.00287
0.00323
0.00040
0.00049
0.00201
0.00009
-0.00125
-0.00113
-0.00113
-0.00095
-0.00256
-0.00223
-0.00012
0.00095
0.00018
0.00015
0.00259
0.00177
-0.00104
-0.00073
-0.00089
-0.00198
-0.00168
-0.00156
-0.00055
-0.00192
-0.00137
-0.00024
0.00064
0.00079
-0.00128
-0.00070
-0.00021
-0.00116
-0.00021
0.00037
0.00076
-0.00027
-0.00107
-0.00079
-0.00165
-0.00171
-0.00201
-0.00208
-0.00143
-0.00201
-0.00116
-0.00046
-0.00015
-0.00021
-0.00027
0.00046
0.00009
-0.00003
0.00070
0.00027
0.00000
-0.00040
-0.00034
-0.00021
-0.00098
-0.00092
-0.00119
-0.00156
-0.00153
-0.00168
-0.00116
-0.00098
-0.00089
-0.00049
-0.00018
-0.00015
-0.00049
-0.00027
0.00000
-0.00064
-0.00107
-0.00128
-0.00146
-0.00162
-0.00143
-0.00049
-0.00006
-0.00003
-0.00006
0.00015
0.00058
0.00052
0.00089
0.00092
0.00046
0.00000
-0.00027
-0.00009
-0.00037
-0.00092
-0.00101
-0.00095
-0.00092
-0.00116
-0.00067
-0.00021
-0.00027
0.00000
0.00043
0.00076
0.00058
0.00027
0.00037
0.00024
-0.00012
-0.00027
-0.00024
-0.00027
-0.00055
-0.00040
0.00003
0.00021
0.00015
-0.00003
0.00024
0.00046
0.00031
0.00046
0.00046
0.00012
-0.00052
-0.00095
-0.00073
-0.00076
-0.00034
-0.00015
0.00049
0.00003
0.00000
0.00000
0.00000
0.00000
0.00000
0.00000
0.00000
0.00000
0.00000
0.00000
0.00000
0.00000
0.00000
0.00000
0.00000
0.00000
0.00000
0.00000
0.00000
0.00000
0.00000
0.00000
0.00000
0.00000
0.00000
0.00000
0.00000
0.00000
0.00000
0.00000
0.00000
0.00000
0.00000
0.00000
0.00000
0.00000
0.00000
0.00000
0.00000
0.00000
0.00000
0.00000
0.00000
0.00000
0.00000
0.00000
0.00000
0.00000
0.00000
0.00000
0.00000
0.00000
0.00000
0.00000
0.00000
0.00000
0.00000
0.00000
0.00000
0.00000
0.00000
0.00000
0.00000
0.00000
0.00000
0.00000
0.00000
0.00000
0.00000
0.00000
0.00000
0.00000
0.00000
0.00000
0.00000
0.00000
0.00000
0.00000
0.00000
0.00000
0.00000
0.00000
0.00000
0.00000
0.00000
0.00000
0.00000
0.00000
0.00000
0.00000
0.00000
0.00000
0.00000
0.00000
0.00000
0.00000
0.00000
0.00000
0.00000
0.00000
0.00000
0.00000
0.00000
0.00000
0.00000
0.00000
0.00000
0.00000
0.00000
0.00000
0.00000
0.00000
0.00000
0.00000
0.00000
0.00000
0.00000
0.00000
0.00000
0.00000
0.00000
0.00000
0.00000
0.00000
0.00000
0.00000
0.00000
0.00000
0.00000
0.00000
0.00000
0.00000
0.00000
0.00000
0.00000
0.00000
0.00000
0.00000
0.00000
