-0.00024
-0.00027
-0.00018
-0.00006
-0.00012
-0.00034
-0.00027
-0.00031
-0.00027
-0.00018
-0.00015
-0.00012
-0.00015
-0.00006
-0.00012
-0.00012
-0.00021
-0.00024
-0.00021
-0.00021
-0.00018
-0.00021
-0.00024
-0.00034
-0.00034
-0.00031
-0.00027
-0.00031
-0.00024
-0.00031
-0.00034
-0.00021
-0.00015
-0.00012
-0.00018
-0.00021
-0.00018
-0.00021
-0.00018
-0.00024
-0.00027
-0.00027
-0.00027
-0.00034
-0.00031
-0.00034
-0.00034
-0.00034
-0.00027
-0.00021
-0.00021
-0.00018
-0.00027
-0.00034
-0.00037
-0.00043
-0.00037
-0.00034
-0.00031
-0.00031
-0.00018
-0.00046
-0.00021
-0.00043
-0.00043
-0.00024
-0.00031
-0.00031
-0.00049
-0.00018
-0.00024
-0.00034
-0.00034
-0.00024
-0.00024
-0.00034
-0.00027
-0.00024
-0.00027
-0.00031
-0.00031
-0.00037
-0.00034
-0.00043
-0.00046
-0.00043
-0.00040
-0.00031
-0.00027
-0.00009
-0.00018
-0.00037
-0.00040
-0.00040
-0.00049
-0.00043
-0.00037
-0.00031
-0.00027
-0.00027
-0.00031
-0.00027
-0.00027
-0.00049
-0.00043
-0.00037
-0.00027
-0.00040
-0.00027
-0.00021
-0.00031
-0.00034
-0.00037
-0.00027
-0.00043
-0.00049
-0.00040
-0.00027
-0.00027
-0.00027
-0.00021
-0.00027
-0.00034
-0.00034
-0.00027
-0.00027
-0.00031
-0.00031
-0.00040
-0.00031
-0.00031
-0.00037
-0.00037
-0.00040
-0.00046
-0.00049
-0.00037
-0.00031
-0.00021
-0.00012
-0.00015
-0.00018
-0.00012
-0.00027
-0.00049
-0.00034
-0.00049
-0.00040
-0.00027
-0.00024
-0.00021
-0.00024
-0.00024
-0.00031
-0.00015
-0.00018
-0.00021
-0.00012
-0.00027
-0.00037
-0.00031
-0.00021
-0.00031
-0.00034
-0.00024
-0.00040
-0.00040
-0.00037
-0.00031
-0.00031
-0.00037
-0.00021
-0.00024
-0.00018
-0.00021
-0.00031
-0.00024
-0.00027
-0.00024
-0.00015
-0.00070
0.00052
-0.00211
0.00241
-0.00500
0.00668
-0.01089
0.00937
-0.13623
-0.10785
-0.05508
-0.06015
0.18100
0.18491
0.13315
-0.04855
-0.02261
-0.02756
-0.06036
-0.03839
-0.02719
0.02762
0.03799
0.00543
-0.00708
0.02679
-0.01343
-0.02344
0.01999
0.01889
-0.01517
0.00003
0.00284
0.00027
0.00327
0.00592
-0.01080
0.00073
0.00705
-0.00974
-0.00137
0.00500
-0.00153
-0.00803
0.01047
0.00659
0.00177
0.00272
0.00833
-0.00348
-0.00534
-0.00336
-0.00217
-0.00174
0.00076
0.00159
-0.00034
-0.00101
-0.00037
-0.00168
0.00461
0.00998
0.00256
0.00162
0.00238
0.00027
-0.00397
-0.00201
0.00351
-0.00180
-0.00452
-0.00107
0.00003
-0.00146
-0.00101
0.00006
0.00235
-0.00101
0.00024
-0.00003
0.00128
0.00107
-0.00021
-0.00052
-0.00024
-0.00165
-0.00290
-0.00159
0.00162
-0.00092
-0.00293
-0.00131
-0.00208
-0.00101
0.00000
0.00189
0.00189
0.00043
0.00052
-0.00024
-0.00073
-0.00125
-0.00208
-0.00125
-0.00223
-0.00272
-0.00223
-0.00189
-0.00113
-0.00079
0.00027
0.00079
-0.00018
0.00009
0.00018
0.00061
-0.00037
-0.00107
0.00027
0.00031
-0.00070
-0.00043
-0.00037
-0.00015
-0.00113
-0.00089
-0.00131
-0.00269
-0.00253
-0.00165
-0.00055
0.00012
0.00061
0.00110
0.00040
-0.00024
-0.00107
-0.00113
-0.00076
-0.00113
-0.00125
-0.00125
-0.00146
-0.00153
-0.00107
0.00034
0.00037
0.00000
0.00049
0.00104
0.00101
0.00027
0.00061
0.00092
-0.00006
-0.00055
-0.00070
-0.00073
-0.00101
-0.00110
-0.00021
-0.00009
-0.00052
-0.00055
0.00000
0.00064
0.00027
0.00024
0.00049
0.00049
0.00073
0.00089
0.00092
0.00031
-0.00073
-0.00116
-0.00101
-0.00058
-0.00043
0.00018
0.00101
0.00079
0.00064
0.00046
0.00058
0.00037
0.00024
0.00073
0.00067
0.00043
0.00015
0.00031
0.00031
0.00006
-0.00021
-0.00040
-0.00070
-0.00076
-0.00037
0.00049
0.00101
0.00107
0.00098
0.00070
0.00052
0.00040
0.00055
0.00070
0.00034
0.00003
0.00006
0.00027
-0.00040
-0.00079
-0.00073
-0.00052
0.00052
0.00174
0.00351
0.00278
0.00186
0.00171
0.00058
-0.00046
-0.00134
-0.00073
-0.00085
-0.00110
-0.00104
-0.00082
0.00000
0.00000
0.00000
0.00000
0.00000
0.00000
0.00000
0.00000
0.00000
0.00000
0.00000
0.00000
0.00000
0.00000
0.00000
0.00000
0.00000
0.00000
0.00000
0.00000
0.00000
0.00000
0.00000
0.00000
0.00000
0.00000
0.00000
0.00000
0.00000
0.00000
0.00000
0.00000
0.00000
0.00000
0.00000
0.00000
0.00000
0.00000
0.00000
0.00000
0.00000
0.00000
0.00000
0.00000
0.00000
0.00000
0.00000
0.00000
0.00000
0.00000
0.00000
0.00000
0.00000
0.00000
0.00000
0.00000
0.00000
0.00000
0.00000
0.00000
0.00000
0.00000
0.00000
0.00000
0.00000
0.00000
0.00000
0.00000
0.00000
0.00000
0.00000
0.00000
0.00000
0.00000
0.00000
0.00000
0.00000
0.00000
0.00000
0.00000
0.00000
0.00000
0.00000
0.00000
0.00000
0.00000
0.00000
0.00000
0.00000
0.00000
0.00000
0.00000
0.00000
0.00000
0.00000
0.00000
0.00000
0.00000
0.00000
0.00000
0.00000
0.00000
