-0.00015
-0.00012
-0.00024
-0.00015
-0.00006
-0.00009
-0.00009
-0.00003
-0.00018
-0.00024
-0.00018
-0.00018
-0.00012
-0.00015
-0.00006
-0.00012
-0.00018
-0.00027
-0.00009
0.00000
0.00009
0.00000
-0.00006
-0.00003
-0.00012
-0.00024
-0.00031
-0.00034
-0.00027
-0.00009
0.00003
0.00000
0.00000
-0.00006
-0.00012
-0.00018
-0.00003
-0.00006
-0.00015
-0.00003
0.00000
-0.00009
-0.00009
-0.00003
-0.00006
-0.00003
0.00000
-0.00015
-0.00015
-0.00018
-0.00012
-0.00009
-0.00006
-0.00006
0.00006
-0.00012
-0.00009
0.00009
-0.00021
-0.00006
0.00003
0.00000
0.00003
0.00018
0.00006
0.00006
-0.00006
-0.00012
-0.00003
-0.00009
-0.00003
0.00000
0.00003
0.00000
0.00006
0.00000
-0.00006
0.00000
-0.00009
-0.00012
-0.00006
0.00000
0.00000
0.00009
0.00003
-0.00009
-0.00006
0.00006
0.00012
0.00009
0.00006
-0.00012
-0.00015
-0.00012
-0.00009
-0.00006
0.00003
0.00003
0.00006
0.00000
0.00003
-0.00003
-0.00012
0.00009
0.00006
0.00000
0.00009
0.00012
0.00000
0.00003
0.00000
-0.00006
0.00000
0.00003
0.00003
0.00003
0.00009
0.00000
0.00006
0.00018
0.00006
0.00000
0.00000
-0.00003
-0.00003
0.00000
0.00009
0.00003
0.00003
-0.00003
0.00003
0.00009
0.00006
0.00009
0.00006
0.00009
0.00006
0.00015
0.00003
0.00009
0.00012
0.00000
0.00009
0.00009
0.00006
0.00006
0.00009
0.00009
0.00015
0.00018
0.00006
0.00009
0.00015
0.00009
0.00000
0.00006
0.00006
0.00000
0.00015
0.00012
0.00012
0.00018
0.00009
0.00009
0.00000
0.00000
0.00006
0.00012
0.00012
0.00024
0.00000
0.00018
-0.00021
0.00046
-0.00104
0.00162
-0.00223
0.00339
-0.00427
0.00632
-0.00830
0.01120
-0.09860
-0.21481
0.00244
0.01193
0.06952
0.14236
0.10617
-0.00177
0.02890
-0.00381
-0.05579
-0.01440
-0.03595
0.01370
0.03671
0.03110
-0.03897
-0.00601
0.02481
-0.02844
0.01163
0.03992
-0.01941
-0.00308
0.01831
-0.00330
0.00528
0.01657
-0.00662
-0.01434
0.00421
-0.01102
-0.01205
0.00653
0.00842
-0.00613
0.00763
0.00970
0.00275
0.00320
0.01050
0.00342
-0.00543
-0.00177
-0.00110
-0.00162
0.00119
0.00098
-0.00488
-0.00381
-0.00107
0.00040
0.00015
0.00821
0.00668
-0.00067
0.00247
0.00443
0.00067
-0.00201
-0.00079
-0.00119
-0.00391
-0.00372
-0.00076
-0.00208
-0.00027
0.00037
0.00110
0.00162
0.00079
-0.00046
0.00021
0.00168
0.00098
-0.00159
-0.00226
-0.00015
-0.00153
-0.00140
-0.00015
-0.00092
-0.00308
-0.00223
-0.00110
-0.00159
-0.00049
0.00104
0.00137
0.00195
0.00046
0.00031
0.00031
-0.00031
-0.00211
-0.00192
-0.00162
-0.00266
-0.00296
-0.00217
-0.00165
-0.00134
-0.00098
0.00000
0.00046
0.00034
0.00003
0.00043
0.00079
0.00012
-0.00012
0.00089
-0.00021
-0.00064
0.00006
0.00003
-0.00085
-0.00153
-0.00186
-0.00229
-0.00256
-0.00140
-0.00034
0.00018
0.00064
0.00031
0.00000
-0.00021
-0.00092
-0.00116
-0.00079
-0.00046
-0.00107
-0.00159
-0.00140
-0.00174
-0.00189
-0.00076
0.00058
0.00095
0.00067
0.00082
0.00107
0.00085
0.00085
0.00113
0.00089
0.00009
-0.00064
-0.00082
-0.00076
-0.00089
-0.00104
-0.00070
-0.00061
-0.00064
-0.00024
0.00043
0.00058
0.00018
0.00024
0.00049
0.00067
0.00070
0.00046
0.00021
-0.00015
-0.00058
-0.00067
-0.00046
-0.00046
-0.00055
0.00009
0.00052
0.00073
0.00079
0.00064
0.00079
0.00076
0.00076
0.00085
0.00055
0.00003
-0.00015
-0.00003
-0.00006
-0.00055
-0.00070
-0.00058
-0.00067
-0.00082
-0.00046
-0.00003
0.00003
0.00043
0.00058
0.00140
0.00079
0.00140
0.00000
0.00000
0.00000
0.00000
0.00000
0.00000
0.00000
0.00000
0.00000
0.00000
0.00000
0.00000
0.00000
0.00000
0.00000
0.00000
0.00000
0.00000
0.00000
0.00000
0.00000
0.00000
0.00000
0.00000
0.00000
0.00000
0.00000
0.00000
0.00000
0.00000
0.00000
0.00000
0.00000
0.00000
0.00000
0.00000
0.00000
0.00000
0.00000
0.00000
0.00000
0.00000
0.00000
0.00000
0.00000
0.00000
0.00000
0.00000
0.00000
0.00000
0.00000
0.00000
0.00000
0.00000
0.00000
0.00000
0.00000
0.00000
0.00000
0.00000
0.00000
0.00000
0.00000
0.00000
0.00000
0.00000
0.00000
0.00000
0.00000
0.00000
0.00000
0.00000
0.00000
0.00000
0.00000
0.00000
0.00000
0.00000
0.00000
0.00000
0.00000
0.00000
0.00000
0.00000
0.00000
0.00000
0.00000
0.00000
0.00000
0.00000
0.00000
0.00000
0.00000
0.00000
0.00000
0.00000
0.00000
0.00000
0.00000
0.00000
0.00000
0.00000
0.00000
0.00000
0.00000
0.00000
0.00000
0.00000
0.00000
0.00000
0.00000
0.00000
0.00000
0.00000
0.00000
0.00000
0.00000
0.00000
0.00000
0.00000
0.00000
0.00000
0.00000
0.00000
0.00000
0.00000
0.00000
0.00000
0.00000
0.00000
0.00000
