-0.00009
-0.00015
-0.00018
-0.00015
-0.00009
-0.00006
-0.00006
-0.00006
-0.00012
-0.00015
-0.00021
-0.00009
0.00000
-0.00006
-0.00003
-0.00003
-0.00003
-0.00009
-0.00006
-0.00012
-0.00009
-0.00006
-0.00006
0.00000
0.00000
0.00000
-0.00006
-0.00018
-0.00024
-0.00018
-0.00018
0.00000
0.00003
0.00000
0.00003
-0.00003
-0.00003
-0.00009
-0.00009
-0.00012
-0.00015
-0.00012
-0.00015
-0.00003
0.00000
0.00000
0.00000
-0.00003
-0.00009
-0.00012
-0.00012
-0.00006
0.00000
0.00000
0.00000
-0.00003
-0.00012
-0.00006
-0.00009
-0.00003
-0.00009
-0.00012
-0.00006
-0.00009
-0.00024
0.00000
-0.00009
-0.00015
0.00000
-0.00006
-0.00006
-0.00015
0.00006
0.00003
-0.00003
-0.00006
-0.00006
-0.00015
-0.00012
0.00000
-0.00003
-0.00003
0.00000
-0.00003
-0.00018
0.00000
0.00003
-0.00003
0.00000
-0.00009
-0.00006
-0.00012
0.00000
-0.00009
-0.00006
0.00009
0.00000
0.00000
-0.00003
-0.00012
-0.00024
-0.00024
-0.00006
0.00000
0.00003
0.00003
0.00003
0.00003
-0.00006
-0.00012
-0.00015
-0.00003
-0.00018
-0.00024
-0.00009
0.00000
0.00009
0.00003
0.00003
-0.00003
-0.00018
-0.00015
-0.00003
0.00000
0.00000
0.00003
0.00003
0.00003
-0.00003
-0.00006
0.00000
0.00000
0.00000
-0.00012
-0.00009
-0.00006
-0.00012
-0.00003
0.00000
0.00000
-0.00006
0.00000
0.00000
-0.00012
-0.00006
0.00006
0.00003
-0.00009
0.00000
-0.00003
-0.00006
0.00000
0.00003
0.00000
-0.00006
0.00000
-0.00009
-0.00012
-0.00003
0.00009
0.00015
0.00003
0.00000
-0.00012
-0.00018
-0.00012
-0.00003
0.00006
0.00006
0.00009
0.00000
-0.00012
-0.00015
-0.00018
-0.00006
0.00000
0.00003
0.00006
0.00003
0.00009
0.00003
0.00000
0.00000
-0.00012
0.00043
-0.00085
0.00143
-0.00269
0.00372
-0.00601
0.00253
-0.08844
-0.06744
-0.04837
-0.06393
0.10657
0.11682
0.10110
-0.00708
-0.00021
0.00568
-0.03314
-0.03702
-0.03680
0.00589
0.01636
0.00198
0.00266
0.02615
-0.00082
-0.01129
0.00922
0.00797
-0.00745
-0.00272
-0.00055
0.00388
0.00528
0.00549
-0.00418
0.00098
0.00290
-0.00897
-0.00510
-0.00095
-0.00201
-0.00525
0.00708
0.00702
0.00476
0.00592
0.01016
0.00146
-0.00223
-0.00189
-0.00198
-0.00180
-0.00076
0.00000
-0.00125
-0.00012
0.00076
0.00040
0.00430
0.00613
0.00092
0.00143
0.00330
0.00217
-0.00122
-0.00110
0.00220
-0.00165
-0.00372
-0.00095
-0.00009
-0.00058
-0.00040
-0.00015
0.00198
-0.00055
0.00021
0.00082
0.00165
0.00217
0.00027
0.00031
-0.00012
-0.00208
-0.00253
-0.00208
0.00015
-0.00156
-0.00253
-0.00031
-0.00009
0.00082
0.00049
0.00146
0.00085
-0.00037
0.00052
-0.00006
-0.00067
-0.00122
-0.00192
-0.00116
-0.00183
-0.00192
-0.00153
-0.00128
-0.00125
-0.00150
-0.00018
0.00046
-0.00021
0.00015
0.00027
0.00076
0.00006
-0.00064
-0.00003
-0.00040
-0.00101
-0.00064
-0.00055
-0.00037
-0.00116
-0.00092
-0.00070
-0.00150
-0.00162
-0.00146
-0.00095
-0.00043
-0.00034
0.00015
0.00018
0.00009
-0.00031
-0.00070
-0.00079
-0.00116
-0.00098
-0.00076
-0.00122
-0.00177
-0.00171
-0.00055
-0.00003
0.00000
0.00031
0.00064
0.00070
0.00037
0.00067
0.00089
0.00006
-0.00046
-0.00067
-0.00046
-0.00085
-0.00156
-0.00122
-0.00076
-0.00052
-0.00009
0.00021
0.00034
-0.00034
-0.00055
0.00000
0.00021
0.00037
0.00037
0.00046
0.00027
-0.00037
-0.00055
-0.00061
-0.00070
-0.00092
-0.00067
0.00012
0.00049
0.00064
0.00055
0.00061
0.00040
0.00006
0.00027
0.00027
0.00012
0.00009
0.00012
0.00000
-0.00031
-0.00061
-0.00046
-0.00043
-0.00037
-0.00031
-0.00003
0.00031
0.00049
0.00089
0.00095
0.00064
0.00027
0.00009
0.00021
0.00000
-0.00009
-0.00009
-0.00015
-0.00009
-0.00006
0.00009
-0.00003
-0.00043
-0.00046
-0.00043
0.00006
0.00055
0.00113
0.00153
0.00110
0.00082
0.00061
0.00000
0.00000
0.00000
0.00000
0.00000
0.00000
0.00000
0.00000
0.00000
0.00000
0.00000
0.00000
0.00000
0.00000
0.00000
0.00000
0.00000
0.00000
0.00000
0.00000
0.00000
0.00000
0.00000
0.00000
0.00000
0.00000
0.00000
0.00000
0.00000
0.00000
0.00000
0.00000
0.00000
0.00000
0.00000
0.00000
0.00000
0.00000
0.00000
0.00000
0.00000
0.00000
0.00000
0.00000
0.00000
0.00000
0.00000
0.00000
0.00000
0.00000
0.00000
0.00000
0.00000
0.00000
0.00000
0.00000
0.00000
0.00000
0.00000
0.00000
0.00000
0.00000
0.00000
0.00000
0.00000
0.00000
0.00000
0.00000
0.00000
0.00000
0.00000
0.00000
0.00000
0.00000
0.00000
0.00000
0.00000
0.00000
0.00000
0.00000
0.00000
0.00000
0.00000
0.00000
0.00000
0.00000
0.00000
0.00000
0.00000
0.00000
0.00000
0.00000
0.00000
0.00000
0.00000
0.00000
0.00000
0.00000
0.00000
0.00000
0.00000
0.00000
0.00000
