0.00000
0.00000
0.00000
0.00000
-0.00003
-0.00006
-0.00006
-0.00006
0.00000
0.00000
0.00000
-0.00003
-0.00009
-0.00006
-0.00012
-0.00009
-0.00006
-0.00006
-0.00003
0.00000
0.00000
-0.00003
-0.00006
-0.00009
-0.00012
-0.00012
-0.00015
-0.00009
-0.00012
-0.00006
-0.00003
-0.00003
-0.00006
-0.00006
-0.00009
-0.00009
-0.00009
-0.00012
-0.00009
-0.00012
-0.00012
-0.00009
-0.00006
-0.00003
-0.00009
-0.00009
-0.00009
-0.00012
-0.00015
-0.00015
-0.00009
-0.00009
-0.00009
-0.00009
-0.00009
-0.00009
-0.00015
-0.00018
-0.00018
-0.00009
-0.00006
-0.00012
-0.00012
-0.00009
-0.00012
-0.00015
-0.00012
-0.00015
-0.00015
-0.00012
-0.00012
-0.00012
-0.00018
-0.00018
-0.00012
-0.00015
-0.00024
-0.00015
-0.00018
-0.00018
-0.00015
-0.00018
-0.00021
-0.00024
-0.00018
-0.00012
-0.00012
-0.00009
-0.00012
-0.00018
-0.00021
-0.00018
-0.00018
-0.00015
-0.00015
-0.00018
-0.00018
-0.00021
-0.00021
-0.00018
-0.00018
-0.00024
-0.00021
-0.00018
-0.00021
-0.00024
-0.00021
-0.00018
-0.00021
-0.00018
-0.00024
-0.00031
-0.00031
-0.00027
-0.00024
-0.00021
-0.00018
-0.00015
-0.00015
-0.00021
-0.00024
-0.00024
-0.00027
-0.00027
-0.00021
-0.00024
-0.00024
-0.00018
-0.00024
-0.00024
-0.00021
-0.00021
-0.00024
-0.00021
-0.00021
-0.00024
-0.00027
-0.00031
-0.00031
-0.00024
-0.00021
-0.00024
-0.00027
-0.00027
-0.00027
-0.00027
-0.00021
-0.00021
-0.00021
-0.00024
-0.00027
-0.00027
-0.00031
-0.00034
-0.00031
-0.00027
-0.00027
-0.00024
-0.00024
-0.00027
-0.00024
-0.00024
-0.00031
-0.00031
-0.00024
-0.00027
-0.00024
-0.00024
-0.00024
-0.00024
-0.00031
-0.00034
-0.00031
-0.00027
-0.00031
-0.00034
-0.00027
-0.00027
-0.00031
-0.00027
-0.00043
-0.00027
-0.00021
-0.00034
-0.00031
-0.00034
-0.00037
-0.00037
-0.00031
-0.00024
-0.00015
-0.00018
-0.00027
-0.00024
-0.00037
-0.00049
-0.00055
-0.00043
-0.00027
-0.00027
0.00000
-0.00061
-0.00330
-0.02060
-0.02271
-0.02505
-0.02148
0.00818
0.02563
0.02768
0.01221
0.00626
-0.00177
-0.00967
-0.01385
-0.01459
-0.00659
-0.00159
0.00009
0.00693
0.01407
0.01044
0.00613
0.00583
0.00293
-0.00095
-0.00140
-0.00156
-0.00037
0.00125
0.00131
0.00104
0.00284
0.00201
-0.00015
-0.00003
-0.00040
-0.00009
0.00076
0.00253
0.00311
0.00226
0.00119
0.00046
-0.00037
-0.00052
-0.00040
-0.00015
-0.00024
0.00043
0.00082
0.00104
0.00122
0.00104
0.00082
0.00122
0.00137
0.00024
-0.00006
-0.00024
0.00024
0.00006
0.00034
0.00150
0.00040
-0.00018
0.00055
0.00064
-0.00082
-0.00104
-0.00027
-0.00027
-0.00003
0.00037
0.00052
0.00076
0.00037
-0.00037
-0.00082
-0.00070
-0.00089
-0.00113
-0.00079
-0.00058
-0.00055
-0.00049
-0.00058
-0.00073
-0.00070
-0.00037
-0.00027
-0.00049
-0.00046
-0.00043
-0.00052
-0.00082
-0.00116
-0.00116
-0.00095
-0.00089
-0.00082
-0.00067
-0.00064
-0.00092
-0.00131
-0.00146
-0.00125
-0.00095
-0.00055
-0.00018
-0.00031
-0.00070
-0.00116
-0.00116
-0.00082
-0.00058
-0.00052
-0.00055
-0.00055
-0.00073
-0.00079
-0.00082
-0.00092
-0.00110
-0.00116
-0.00082
-0.00052
-0.00055
-0.00076
-0.00070
-0.00049
-0.00055
-0.00076
-0.00098
-0.00119
-0.00131
-0.00110
-0.00076
-0.00073
-0.00082
-0.00073
-0.00067
-0.00079
-0.00070
-0.00037
-0.00015
-0.00027
-0.00021
-0.00009
-0.00027
-0.00055
-0.00070
-0.00067
-0.00076
-0.00076
-0.00046
-0.00015
-0.00015
-0.00018
-0.00015
-0.00018
-0.00031
-0.00037
-0.00024
-0.00012
-0.00003
-0.00006
-0.00021
-0.00043
-0.00046
-0.00015
-0.00006
-0.00031
-0.00046
-0.00034
-0.00009
0.00009
0.00027
0.00018
0.00003
-0.00009
-0.00018
-0.00006
0.00000
-0.00003
-0.00009
-0.00012
-0.00024
-0.00031
-0.00024
-0.00006
0.00000
0.00000
0.00000
0.00000
0.00000
0.00000
0.00000
0.00000
0.00000
0.00000
0.00000
0.00000
0.00000
0.00000
0.00000
0.00000
0.00000
0.00000
0.00000
0.00000
0.00000
0.00000
0.00000
0.00000
0.00000
0.00000
0.00000
0.00000
0.00000
0.00000
0.00000
0.00000
0.00000
0.00000
0.00000
0.00000
0.00000
0.00000
0.00000
0.00000
0.00000
0.00000
0.00000
0.00000
0.00000
0.00000
0.00000
0.00000
0.00000
0.00000
0.00000
0.00000
0.00000
0.00000
0.00000
0.00000
0.00000
0.00000
0.00000
0.00000
0.00000
0.00000
0.00000
0.00000
0.00000
0.00000
0.00000
0.00000
0.00000
0.00000
0.00000
0.00000
0.00000
0.00000
0.00000
0.00000
0.00000
0.00000
0.00000
0.00000
0.00000
0.00000
0.00000
0.00000
0.00000
0.00000
0.00000
0.00000
0.00000
0.00000
0.00000
0.00000
0.00000
0.00000
0.00000
0.00000
0.00000
0.00000
0.00000
0.00000
0.00000
0.00000
0.00000
0.00000
0.00000
0.00000
0.00000
0.00000
0.00000
0.00000
0.00000
0.00000
0.00000
0.00000
0.00000
0.00000
0.00000
0.00000
0.00000
0.00000
0.00000
