0.00009
-0.00003
-0.00021
-0.00009
-0.00006
-0.00015
-0.00012
-0.00003
-0.00009
-0.00003
0.00000
-0.00003
-0.00009
0.00000
-0.00003
0.00000
0.00000
-0.00003
-0.00006
0.00000
0.00003
-0.00003
0.00000
0.00000
-0.00003
0.00000
-0.00006
-0.00009
-0.00009
-0.00006
-0.00009
0.00000
0.00006
0.00006
0.00006
-0.00003
-0.00015
-0.00009
-0.00006
-0.00015
-0.00003
-0.00003
-0.00009
0.00000
0.00000
0.00000
-0.00003
-0.00003
-0.00009
-0.00003
-0.00006
-0.00006
-0.00009
0.00012
0.00000
-0.00018
0.00012
-0.00012
-0.00009
0.00000
0.00000
-0.00006
0.00006
0.00006
0.00000
0.00000
-0.00012
-0.00006
-0.00012
-0.00015
-0.00006
0.00000
0.00003
0.00000
0.00000
-0.00009
0.00000
-0.00003
-0.00006
-0.00003
-0.00006
-0.00015
-0.00003
0.00012
0.00000
-0.00006
0.00003
0.00000
-0.00009
0.00000
-0.00009
-0.00009
0.00000
0.00000
-0.00012
0.00000
0.00000
-0.00003
-0.00003
0.00003
0.00000
-0.00021
-0.00003
-0.00003
-0.00015
-0.00009
0.00003
0.00000
-0.00003
0.00003
0.00000
-0.00003
-0.00006
-0.00003
-0.00003
-0.00006
0.00000
0.00000
0.00003
0.00003
0.00003
-0.00006
-0.00003
-0.00003
-0.00018
-0.00006
0.00000
-0.00003
-0.00006
-0.00003
-0.00006
-0.00009
-0.00003
-0.00003
0.00000
0.00000
0.00012
0.00000
0.00000
0.00003
-0.00009
-0.00006
0.00000
0.00003
-0.00012
-0.00003
0.00003
-0.00009
-0.00012
-0.00015
-0.00006
-0.00009
-0.00003
-0.00003
0.00000
0.00006
-0.00006
-0.00006
-0.00003
-0.00012
-0.00006
-0.00006
0.00000
-0.00009
-0.00012
-0.00006
0.00000
-0.00006
-0.00009
-0.00018
0.00009
-0.00031
0.00055
-0.00079
0.00116
-0.00156
0.00159
-0.00214
0.00180
-0.00208
0.00195
-0.03992
-0.22141
-0.03265
0.02100
0.03036
0.11945
0.11221
0.00906
-0.00095
0.03912
-0.04361
-0.00977
-0.03296
0.00214
0.03760
0.03848
-0.03339
-0.02887
0.03140
-0.01892
-0.01245
0.05017
-0.00076
-0.01666
0.01584
-0.00043
-0.00253
0.01184
-0.00229
-0.01746
0.01172
0.00204
-0.01602
-0.00006
0.01190
-0.00653
-0.00183
0.00983
0.00281
0.00296
0.00858
0.00797
-0.00412
-0.00186
-0.00119
-0.00204
0.00021
0.00162
-0.00409
-0.00491
-0.00189
0.00058
-0.00186
0.00583
0.00778
-0.00037
0.00101
0.00534
0.00156
-0.00284
-0.00116
0.00000
-0.00308
-0.00427
-0.00125
-0.00137
-0.00107
-0.00104
-0.00037
0.00122
0.00021
-0.00058
-0.00031
0.00223
0.00101
-0.00186
-0.00266
0.00070
-0.00125
-0.00174
-0.00043
-0.00058
-0.00351
-0.00296
-0.00235
-0.00171
-0.00037
0.00031
0.00104
0.00171
0.00012
0.00009
0.00034
-0.00040
-0.00262
-0.00201
-0.00146
-0.00214
-0.00278
-0.00262
-0.00238
-0.00174
-0.00165
-0.00067
0.00037
0.00040
-0.00027
0.00012
0.00040
-0.00031
-0.00073
0.00043
0.00000
-0.00089
-0.00037
0.00003
-0.00055
-0.00162
-0.00201
-0.00211
-0.00247
-0.00211
-0.00089
-0.00021
0.00003
-0.00012
-0.00040
-0.00037
-0.00089
-0.00116
-0.00085
-0.00049
-0.00089
-0.00165
-0.00162
-0.00168
-0.00223
-0.00159
-0.00009
0.00040
0.00040
0.00046
0.00070
0.00058
0.00046
0.00098
0.00079
-0.00006
-0.00076
-0.00089
-0.00070
-0.00079
-0.00110
-0.00092
-0.00076
-0.00082
-0.00067
-0.00015
0.00018
-0.00003
-0.00012
0.00021
0.00055
0.00058
0.00046
0.00040
0.00003
-0.00070
-0.00098
-0.00067
-0.00055
-0.00082
-0.00043
0.00018
0.00055
0.00064
0.00043
0.00058
0.00049
0.00043
0.00058
0.00058
0.00018
-0.00021
-0.00024
-0.00012
-0.00018
-0.00055
-0.00061
-0.00076
-0.00113
-0.00104
-0.00064
-0.00018
0.00000
0.00000
0.00000
0.00000
0.00000
0.00000
0.00000
0.00000
0.00000
0.00000
0.00000
0.00000
0.00000
0.00000
0.00000
0.00000
0.00000
0.00000
0.00000
0.00000
0.00000
0.00000
0.00000
0.00000
0.00000
0.00000
0.00000
0.00000
0.00000
0.00000
0.00000
0.00000
0.00000
0.00000
0.00000
0.00000
0.00000
0.00000
0.00000
0.00000
0.00000
0.00000
0.00000
0.00000
0.00000
0.00000
0.00000
0.00000
0.00000
0.00000
0.00000
0.00000
0.00000
0.00000
0.00000
0.00000
0.00000
0.00000
0.00000
0.00000
0.00000
0.00000
0.00000
0.00000
0.00000
0.00000
0.00000
0.00000
0.00000
0.00000
0.00000
0.00000
0.00000
0.00000
0.00000
0.00000
0.00000
0.00000
0.00000
0.00000
0.00000
0.00000
0.00000
0.00000
0.00000
0.00000
0.00000
0.00000
0.00000
0.00000
0.00000
0.00000
0.00000
0.00000
0.00000
0.00000
0.00000
0.00000
0.00000
0.00000
0.00000
0.00000
0.00000
0.00000
0.00000
0.00000
0.00000
0.00000
0.00000
0.00000
0.00000
0.00000
0.00000
0.00000
0.00000
0.00000
0.00000
0.00000
0.00000
0.00000
0.00000
0.00000
0.00000
0.00000
0.00000
0.00000
0.00000
0.00000
0.00000
0.00000
0.00000
0.00000
0.00000
0.00000
0.00000
0.00000
0.00000
