0.00000
-0.00003
-0.00006
-0.00003
-0.00006
-0.00012
-0.00009
-0.00003
-0.00006
-0.00003
0.00003
0.00000
-0.00006
0.00000
-0.00003
-0.00009
-0.00006
-0.00003
-0.00006
-0.00003
0.00000
-0.00006
0.00000
0.00000
0.00000
0.00000
-0.00003
-0.00003
-0.00009
-0.00009
-0.00009
-0.00009
-0.00006
-0.00009
-0.00012
-0.00012
-0.00009
-0.00003
0.00000
0.00000
0.00000
0.00000
0.00000
0.00000
-0.00009
-0.00006
-0.00006
-0.00009
-0.00003
0.00000
-0.00003
0.00000
-0.00003
0.00012
-0.00009
-0.00012
0.00003
-0.00021
-0.00006
-0.00003
-0.00003
-0.00006
0.00000
0.00003
-0.00003
-0.00003
-0.00006
-0.00006
-0.00009
-0.00009
-0.00006
-0.00009
0.00000
0.00003
-0.00009
-0.00003
0.00006
-0.00009
-0.00009
-0.00006
-0.00006
-0.00012
0.00000
0.00003
-0.00012
-0.00006
0.00000
-0.00009
-0.00009
-0.00009
-0.00015
-0.00006
-0.00003
0.00000
0.00000
0.00003
0.00000
-0.00009
-0.00003
0.00000
-0.00009
-0.00018
-0.00003
-0.00009
-0.00015
-0.00009
0.00000
-0.00006
-0.00009
0.00000
-0.00006
-0.00009
-0.00006
-0.00003
-0.00003
-0.00006
0.00000
-0.00006
-0.00003
-0.00003
-0.00009
-0.00012
-0.00003
-0.00006
-0.00012
0.00000
-0.00009
-0.00012
-0.00012
-0.00012
-0.00012
-0.00012
-0.00003
0.00000
0.00003
0.00000
0.00003
-0.00012
-0.00015
-0.00012
-0.00015
-0.00006
-0.00009
0.00000
-0.00003
-0.00006
-0.00009
-0.00006
-0.00003
-0.00009
0.00000
-0.00003
-0.00003
-0.00009
-0.00012
-0.00006
-0.00009
-0.00006
-0.00009
0.00000
0.00000
-0.00015
-0.00009
-0.00006
-0.00009
-0.00012
-0.00006
-0.00006
-0.00009
-0.00024
0.00009
-0.00031
0.00043
-0.00107
0.00131
-0.00217
0.00278
-0.00397
0.00494
-0.00662
0.00900
-0.06738
-0.17621
0.01581
-0.00836
0.03629
0.08609
0.05347
-0.00940
0.00391
0.05185
-0.00668
0.00519
-0.01642
0.00275
0.04184
0.01959
-0.05283
-0.01602
0.01752
-0.01523
0.00803
0.03741
-0.00366
-0.00751
0.01047
-0.00171
-0.00107
0.00931
-0.01129
-0.01410
0.01022
-0.00461
-0.00937
0.00937
0.01691
-0.00296
-0.00052
0.00632
0.00037
-0.00162
0.00620
0.00308
-0.00278
0.00101
-0.00027
-0.00009
0.00174
0.00150
-0.00467
-0.00433
-0.00095
-0.00113
-0.00177
0.00568
0.00461
-0.00119
0.00159
0.00385
0.00143
-0.00162
0.00052
0.00125
-0.00256
-0.00262
-0.00095
-0.00174
-0.00101
-0.00208
-0.00073
0.00034
0.00024
-0.00067
-0.00092
0.00208
0.00119
-0.00092
0.00000
0.00012
-0.00195
-0.00208
-0.00095
-0.00076
-0.00430
-0.00320
-0.00128
0.00021
0.00064
0.00000
0.00058
0.00037
-0.00046
0.00000
-0.00024
-0.00024
-0.00177
-0.00150
-0.00113
-0.00204
-0.00220
-0.00229
-0.00198
-0.00174
-0.00214
-0.00085
-0.00031
0.00009
-0.00003
-0.00003
0.00027
-0.00046
-0.00031
0.00079
0.00000
-0.00040
-0.00043
0.00003
-0.00018
-0.00134
-0.00146
-0.00198
-0.00201
-0.00150
-0.00116
-0.00055
-0.00049
-0.00043
-0.00055
-0.00052
-0.00055
-0.00095
-0.00052
-0.00015
-0.00082
-0.00119
-0.00143
-0.00159
-0.00183
-0.00119
0.00003
0.00009
0.00015
0.00018
0.00046
0.00070
0.00070
0.00122
0.00085
0.00018
-0.00046
-0.00079
-0.00055
-0.00076
-0.00076
-0.00052
-0.00046
-0.00049
-0.00070
-0.00024
-0.00009
-0.00046
-0.00021
0.00031
0.00067
0.00067
0.00061
0.00061
0.00024
-0.00024
-0.00034
-0.00024
-0.00027
-0.00073
-0.00040
0.00003
0.00031
0.00040
0.00024
0.00067
0.00055
0.00055
0.00058
0.00049
0.00024
-0.00003
0.00006
0.00018
-0.00015
-0.00073
-0.00131
-0.00140
-0.00119
-0.00031
0.00058
0.00000
0.00000
0.00000
0.00000
0.00000
0.00000
0.00000
0.00000
0.00000
0.00000
0.00000
0.00000
0.00000
0.00000
0.00000
0.00000
0.00000
0.00000
0.00000
0.00000
0.00000
0.00000
0.00000
0.00000
0.00000
0.00000
0.00000
0.00000
0.00000
0.00000
0.00000
0.00000
0.00000
0.00000
0.00000
0.00000
0.00000
0.00000
0.00000
0.00000
0.00000
0.00000
0.00000
0.00000
0.00000
0.00000
0.00000
0.00000
0.00000
0.00000
0.00000
0.00000
0.00000
0.00000
0.00000
0.00000
0.00000
0.00000
0.00000
0.00000
0.00000
0.00000
0.00000
0.00000
0.00000
0.00000
0.00000
0.00000
0.00000
0.00000
0.00000
0.00000
0.00000
0.00000
0.00000
0.00000
0.00000
0.00000
0.00000
0.00000
0.00000
0.00000
0.00000
0.00000
0.00000
0.00000
0.00000
0.00000
0.00000
0.00000
0.00000
0.00000
0.00000
0.00000
0.00000
0.00000
0.00000
0.00000
0.00000
0.00000
0.00000
0.00000
0.00000
0.00000
0.00000
0.00000
0.00000
0.00000
0.00000
0.00000
0.00000
0.00000
0.00000
0.00000
0.00000
0.00000
0.00000
0.00000
0.00000
0.00000
0.00000
0.00000
0.00000
0.00000
0.00000
0.00000
0.00000
0.00000
0.00000
0.00000
0.00000
0.00000
0.00000
0.00000
0.00000
0.00000
0.00000
0.00000
