0.00003
0.00000
-0.00003
0.00000
-0.00009
-0.00009
-0.00009
-0.00006
-0.00006
-0.00009
-0.00006
-0.00006
-0.00006
-0.00006
-0.00006
-0.00006
-0.00003
-0.00003
-0.00003
-0.00009
-0.00006
-0.00012
-0.00012
-0.00009
-0.00009
-0.00006
-0.00006
-0.00003
-0.00006
-0.00009
-0.00009
-0.00009
-0.00009
-0.00006
-0.00009
-0.00012
-0.00015
-0.00012
-0.00009
-0.00012
-0.00009
-0.00012
-0.00009
-0.00009
-0.00012
-0.00009
-0.00009
-0.00015
-0.00012
-0.00006
-0.00003
-0.00009
-0.00015
-0.00009
-0.00006
-0.00018
-0.00009
-0.00015
-0.00015
-0.00009
-0.00018
-0.00012
-0.00012
-0.00009
-0.00006
-0.00009
0.00000
-0.00006
-0.00015
-0.00012
-0.00012
-0.00015
-0.00015
-0.00006
-0.00003
-0.00003
0.00000
-0.00006
-0.00012
-0.00009
-0.00015
-0.00009
-0.00009
-0.00006
-0.00009
-0.00012
-0.00003
-0.00012
-0.00012
-0.00012
-0.00009
-0.00006
-0.00009
-0.00006
-0.00006
-0.00009
-0.00006
-0.00012
-0.00009
-0.00006
-0.00006
-0.00006
-0.00003
-0.00006
-0.00015
-0.00006
0.00000
-0.00006
-0.00012
-0.00006
-0.00003
-0.00012
-0.00006
-0.00003
-0.00009
-0.00012
-0.00009
-0.00006
-0.00006
-0.00012
-0.00012
-0.00009
-0.00003
-0.00003
-0.00006
0.00000
-0.00006
-0.00009
-0.00006
-0.00006
-0.00009
-0.00009
-0.00006
-0.00003
-0.00006
-0.00006
-0.00006
-0.00006
-0.00006
-0.00006
-0.00006
-0.00006
-0.00009
-0.00009
-0.00006
-0.00009
-0.00003
-0.00003
-0.00006
-0.00003
0.00000
0.00000
-0.00009
-0.00006
-0.00003
-0.00006
-0.00012
-0.00009
0.00000
-0.00009
-0.00006
0.00000
0.00000
0.00000
-0.00009
-0.00003
-0.00009
-0.00015
-0.00009
-0.00009
-0.00009
-0.00006
-0.00006
0.00003
-0.00012
0.00021
-0.00046
0.00055
-0.00107
0.00122
-0.00204
0.00238
-0.00366
0.00418
-0.04681
-0.10120
-0.00488
-0.01682
-0.00363
0.02225
0.01749
0.02295
0.00839
0.04938
0.05515
0.02576
-0.00128
-0.02277
0.00775
0.00040
-0.03616
-0.01157
0.01208
0.00888
0.00827
0.01056
0.00217
-0.00659
-0.00256
-0.00021
0.00421
0.00760
-0.00092
-0.00461
0.00586
0.00137
-0.00604
-0.00125
0.00217
-0.00073
-0.00058
0.00552
0.00681
0.00323
0.00449
0.00348
0.00009
-0.00232
-0.00327
-0.00174
-0.00073
-0.00128
-0.00183
-0.00183
0.00076
0.00061
-0.00116
0.00183
0.00241
-0.00040
0.00021
0.00363
0.00464
0.00137
0.00107
0.00223
0.00000
-0.00180
-0.00244
-0.00211
-0.00140
-0.00259
-0.00089
0.00043
0.00073
0.00024
0.00031
0.00208
0.00116
-0.00146
-0.00208
-0.00104
-0.00101
-0.00168
-0.00110
0.00052
-0.00095
-0.00128
-0.00067
-0.00082
-0.00064
-0.00122
-0.00073
-0.00058
-0.00040
0.00064
0.00046
0.00052
-0.00067
-0.00122
-0.00079
-0.00177
-0.00201
-0.00195
-0.00177
-0.00162
-0.00204
-0.00122
-0.00070
-0.00037
-0.00024
-0.00015
0.00046
0.00000
-0.00012
0.00061
0.00037
0.00015
-0.00043
-0.00034
-0.00031
-0.00101
-0.00098
-0.00140
-0.00162
-0.00165
-0.00180
-0.00125
-0.00110
-0.00089
-0.00046
-0.00021
-0.00012
-0.00037
-0.00027
-0.00027
-0.00079
-0.00107
-0.00122
-0.00131
-0.00156
-0.00119
-0.00027
-0.00024
-0.00049
-0.00040
0.00003
0.00046
0.00055
0.00104
0.00104
0.00055
0.00003
-0.00034
-0.00034
-0.00076
-0.00107
-0.00095
-0.00085
-0.00082
-0.00098
-0.00058
-0.00018
-0.00018
0.00006
0.00043
0.00055
0.00034
0.00009
0.00024
0.00031
0.00000
-0.00012
-0.00015
-0.00024
-0.00064
-0.00052
-0.00012
-0.00009
-0.00009
0.00006
0.00031
0.00031
0.00021
0.00012
-0.00012
-0.00040
-0.00064
-0.00034
0.00009
0.00043
0.00037
0.00000
0.00000
0.00000
0.00000
0.00000
0.00000
0.00000
0.00000
0.00000
0.00000
0.00000
0.00000
0.00000
0.00000
0.00000
0.00000
0.00000
0.00000
0.00000
0.00000
0.00000
0.00000
0.00000
0.00000
0.00000
0.00000
0.00000
0.00000
0.00000
0.00000
0.00000
0.00000
0.00000
0.00000
0.00000
0.00000
0.00000
0.00000
0.00000
0.00000
0.00000
0.00000
0.00000
0.00000
0.00000
0.00000
0.00000
0.00000
0.00000
0.00000
0.00000
0.00000
0.00000
0.00000
0.00000
0.00000
0.00000
0.00000
0.00000
0.00000
0.00000
0.00000
0.00000
0.00000
0.00000
0.00000
0.00000
0.00000
0.00000
0.00000
0.00000
0.00000
0.00000
0.00000
0.00000
0.00000
0.00000
0.00000
0.00000
0.00000
0.00000
0.00000
0.00000
0.00000
0.00000
0.00000
0.00000
0.00000
0.00000
0.00000
0.00000
0.00000
0.00000
0.00000
0.00000
0.00000
0.00000
0.00000
0.00000
0.00000
0.00000
0.00000
0.00000
0.00000
0.00000
0.00000
0.00000
0.00000
0.00000
0.00000
0.00000
0.00000
0.00000
0.00000
0.00000
0.00000
0.00000
0.00000
0.00000
0.00000
0.00000
0.00000
0.00000
0.00000
0.00000
0.00000
0.00000
0.00000
0.00000
0.00000
0.00000
0.00000
0.00000
0.00000
0.00000
0.00000
0.00000
0.00000
0.00000
0.00000
