0.00000
-0.00009
-0.00012
-0.00012
-0.00003
0.00000
0.00000
0.00003
0.00003
0.00000
-0.00006
-0.00012
-0.00021
-0.00021
-0.00015
0.00003
0.00015
0.00006
-0.00003
-0.00015
-0.00015
-0.00015
-0.00009
0.00000
0.00003
0.00009
0.00009
0.00006
0.00000
-0.00006
-0.00018
-0.00015
-0.00006
-0.00006
0.00006
0.00006
0.00000
0.00003
0.00003
-0.00009
-0.00012
-0.00018
-0.00024
-0.00018
-0.00006
0.00000
0.00000
0.00000
-0.00006
-0.00012
-0.00006
-0.00012
-0.00015
0.00000
0.00006
0.00000
0.00006
0.00009
0.00000
-0.00027
-0.00009
-0.00015
-0.00012
0.00012
0.00000
-0.00003
0.00003
0.00015
0.00000
0.00000
-0.00003
-0.00009
-0.00003
0.00000
0.00012
0.00006
0.00000
0.00000
0.00003
-0.00006
-0.00012
-0.00012
-0.00015
-0.00006
-0.00006
-0.00003
-0.00006
0.00009
0.00003
0.00000
0.00012
0.00000
-0.00018
-0.00003
0.00003
0.00003
0.00006
0.00009
0.00000
0.00003
0.00000
-0.00015
-0.00003
0.00000
-0.00006
-0.00021
-0.00015
-0.00003
0.00000
0.00006
0.00012
0.00009
-0.00009
-0.00027
-0.00024
-0.00009
0.00000
0.00006
0.00018
0.00012
0.00000
0.00000
0.00003
0.00009
-0.00003
-0.00012
-0.00006
-0.00003
-0.00015
-0.00006
0.00003
0.00000
0.00003
0.00009
0.00000
-0.00009
-0.00003
-0.00009
-0.00012
-0.00012
-0.00003
0.00006
0.00006
0.00009
0.00000
-0.00003
-0.00009
-0.00012
-0.00012
-0.00012
0.00000
0.00012
0.00015
0.00009
0.00000
-0.00006
-0.00018
-0.00012
-0.00006
-0.00006
-0.00012
-0.00009
0.00003
-0.00006
-0.00006
-0.00003
-0.00018
-0.00015
-0.00018
-0.00015
0.00000
0.00015
0.00018
0.00015
0.00009
0.00006
-0.00012
0.00000
-0.00058
0.00079
-0.00168
0.00253
-0.00388
0.00580
-0.00876
0.00635
-0.13733
-0.16254
-0.04120
-0.03662
0.16583
0.23007
0.13098
-0.01877
-0.02151
-0.03751
-0.08206
-0.05957
-0.03766
0.01028
0.05890
0.03049
0.00244
0.03217
-0.00537
-0.03323
0.01486
0.01947
-0.02814
-0.00128
0.00958
0.00009
0.00668
0.01010
-0.01099
-0.00485
0.00729
-0.01117
-0.00333
0.00946
0.00003
-0.00641
0.00986
0.00836
0.00125
0.00363
0.00906
-0.00253
-0.00629
-0.00266
-0.00198
-0.00223
0.00034
0.00031
-0.00250
-0.00302
-0.00089
-0.00128
0.00330
0.01059
0.00479
0.00140
0.00394
0.00168
-0.00351
-0.00259
0.00137
-0.00211
-0.00516
-0.00082
0.00018
-0.00168
-0.00006
0.00055
0.00211
0.00006
-0.00037
-0.00070
0.00095
0.00095
-0.00104
-0.00162
-0.00034
-0.00174
-0.00275
-0.00052
0.00079
-0.00101
-0.00314
-0.00104
-0.00186
-0.00131
0.00070
0.00107
0.00204
0.00031
-0.00046
0.00000
-0.00061
-0.00128
-0.00253
-0.00162
-0.00226
-0.00296
-0.00198
-0.00186
-0.00162
-0.00146
-0.00061
0.00082
0.00052
0.00043
0.00064
0.00076
-0.00052
-0.00174
-0.00058
0.00003
-0.00082
-0.00037
0.00000
-0.00024
-0.00110
-0.00156
-0.00195
-0.00284
-0.00296
-0.00180
-0.00055
0.00037
0.00079
0.00092
0.00024
-0.00085
-0.00162
-0.00168
-0.00125
-0.00107
-0.00116
-0.00128
-0.00174
-0.00214
-0.00174
-0.00015
0.00061
0.00031
0.00073
0.00110
0.00095
0.00031
0.00031
0.00049
-0.00043
-0.00113
-0.00137
-0.00137
-0.00146
-0.00146
-0.00061
-0.00012
-0.00037
-0.00037
-0.00015
0.00021
0.00000
-0.00009
0.00034
0.00064
0.00067
0.00052
0.00024
-0.00027
-0.00119
-0.00146
-0.00128
-0.00107
-0.00092
-0.00040
0.00064
0.00067
0.00064
0.00046
0.00021
0.00003
-0.00021
0.00015
0.00043
0.00031
0.00006
0.00000
-0.00027
-0.00064
-0.00089
-0.00067
-0.00073
-0.00085
-0.00052
0.00009
0.00052
0.00040
0.00027
0.00012
0.00000
0.00006
0.00024
0.00070
0.00024
-0.00006
-0.00049
-0.00168
-0.00168
-0.00198
-0.00027
0.00122
0.00308
0.00433
0.00189
0.00201
0.00079
-0.00085
-0.00174
-0.00192
-0.00137
-0.00232
-0.00137
-0.00073
-0.00089
-0.00058
-0.00021
-0.00024
0.00000
0.00000
0.00000
0.00000
0.00000
0.00000
0.00000
0.00000
0.00000
0.00000
0.00000
0.00000
0.00000
0.00000
0.00000
0.00000
0.00000
0.00000
0.00000
0.00000
0.00000
0.00000
0.00000
0.00000
0.00000
0.00000
0.00000
0.00000
0.00000
0.00000
0.00000
0.00000
0.00000
0.00000
0.00000
0.00000
0.00000
0.00000
0.00000
0.00000
0.00000
0.00000
0.00000
0.00000
0.00000
0.00000
0.00000
0.00000
0.00000
0.00000
0.00000
0.00000
0.00000
0.00000
0.00000
0.00000
0.00000
0.00000
0.00000
0.00000
0.00000
0.00000
0.00000
0.00000
0.00000
0.00000
0.00000
0.00000
0.00000
0.00000
0.00000
0.00000
0.00000
0.00000
0.00000
0.00000
0.00000
0.00000
0.00000
0.00000
0.00000
0.00000
0.00000
0.00000
0.00000
0.00000
0.00000
0.00000
0.00000
0.00000
0.00000
0.00000
0.00000
0.00000
0.00000
0.00000
0.00000
0.00000
0.00000
0.00000
0.00000
0.00000
