-0.00009
-0.00006
-0.00006
-0.00006
-0.00003
0.00000
-0.00006
-0.00006
-0.00009
-0.00006
-0.00006
-0.00003
-0.00003
-0.00003
-0.00003
-0.00006
-0.00006
-0.00006
-0.00006
-0.00006
-0.00006
-0.00003
-0.00003
-0.00006
-0.00003
0.00000
-0.00003
-0.00006
-0.00003
0.00000
-0.00003
-0.00003
-0.00006
-0.00003
-0.00006
-0.00009
-0.00006
-0.00003
-0.00006
-0.00009
-0.00003
0.00000
0.00000
-0.00003
-0.00003
-0.00003
-0.00003
-0.00003
-0.00003
0.00000
0.00000
0.00000
0.00000
0.00000
-0.00003
-0.00003
0.00000
0.00000
0.00000
0.00000
0.00000
-0.00009
-0.00006
-0.00006
-0.00006
0.00000
0.00000
0.00000
0.00000
-0.00003
-0.00006
-0.00009
-0.00003
0.00000
0.00000
0.00000
0.00000
-0.00003
-0.00006
-0.00006
0.00000
0.00000
-0.00003
0.00000
0.00000
0.00000
-0.00003
-0.00006
-0.00006
-0.00009
-0.00009
-0.00003
-0.00003
0.00000
0.00000
0.00000
-0.00003
0.00000
0.00000
0.00000
-0.00003
-0.00003
-0.00006
-0.00006
-0.00003
-0.00003
0.00000
0.00000
-0.00003
-0.00003
-0.00003
-0.00003
0.00000
0.00000
0.00000
0.00003
0.00000
-0.00003
0.00000
0.00000
-0.00003
0.00000
0.00000
-0.00003
-0.00003
0.00000
0.00003
0.00006
0.00006
0.00003
0.00000
-0.00006
-0.00003
-0.00003
0.00000
0.00000
0.00000
0.00000
0.00000
0.00000
0.00000
0.00003
0.00003
0.00003
0.00003
0.00000
0.00000
0.00000
-0.00003
-0.00003
0.00003
0.00003
0.00000
0.00000
0.00000
0.00000
0.00000
0.00000
0.00000
0.00003
0.00006
0.00006
0.00003
0.00000
-0.00003
-0.00003
-0.00003
0.00000
0.00000
0.00000
0.00003
0.00006
0.00000
0.00000
0.00000
0.00000
-0.00006
-0.00006
-0.00006
-0.00012
0.00006
0.00000
-0.00006
0.00000
-0.00003
-0.00003
-0.00006
0.00000
0.00000
0.00003
0.00000
-0.00009
-0.00012
-0.00006
-0.00003
-0.00003
-0.00009
-0.00009
0.00000
-0.00009
-0.00031
-0.00015
0.00006
-0.00079
-0.00970
-0.01465
-0.01309
-0.01315
-0.01016
-0.00027
0.01141
0.01663
0.01285
-0.00311
-0.01779
-0.02310
-0.01819
-0.00134
0.01550
0.02100
0.01740
0.01590
0.01163
0.00134
-0.00583
-0.00717
-0.00427
-0.00006
0.00177
0.00198
0.00287
0.00311
0.00284
0.00299
0.00250
0.00003
-0.00098
0.00015
0.00037
0.00067
0.00131
0.00119
0.00168
0.00192
0.00195
0.00143
0.00073
0.00024
-0.00034
0.00006
0.00058
0.00089
0.00146
0.00189
0.00110
-0.00006
-0.00079
-0.00012
0.00113
0.00110
0.00150
0.00146
0.00052
-0.00009
-0.00027
0.00021
0.00018
0.00052
0.00058
0.00064
0.00089
0.00015
0.00037
0.00055
-0.00003
-0.00046
-0.00037
-0.00040
-0.00055
-0.00055
-0.00055
-0.00037
0.00006
0.00015
-0.00006
-0.00037
-0.00064
-0.00070
-0.00067
-0.00061
-0.00085
-0.00073
-0.00052
-0.00037
-0.00049
-0.00079
-0.00085
-0.00073
-0.00037
-0.00021
-0.00027
-0.00049
-0.00076
-0.00095
-0.00116
-0.00116
-0.00101
-0.00076
-0.00061
-0.00073
-0.00110
-0.00122
-0.00110
-0.00073
-0.00046
-0.00052
-0.00043
-0.00058
-0.00064
-0.00055
-0.00049
-0.00049
-0.00067
-0.00073
-0.00067
-0.00076
-0.00095
-0.00085
-0.00043
-0.00009
-0.00024
-0.00067
-0.00122
-0.00159
-0.00153
-0.00110
-0.00064
-0.00046
-0.00061
-0.00073
-0.00085
-0.00089
-0.00073
-0.00055
-0.00049
-0.00055
-0.00049
-0.00049
-0.00064
-0.00076
-0.00061
-0.00049
-0.00046
-0.00034
-0.00024
-0.00021
-0.00021
-0.00018
-0.00021
-0.00031
-0.00037
-0.00043
-0.00052
-0.00052
-0.00046
-0.00040
-0.00043
-0.00037
-0.00021
-0.00009
-0.00018
-0.00027
-0.00034
-0.00040
-0.00018
-0.00015
-0.00018
-0.00024
-0.00046
-0.00064
-0.00067
-0.00037
0.00003
0.00012
0.00003
0.00000
0.00000
0.00000
0.00000
0.00000
0.00000
0.00000
0.00000
0.00000
0.00000
0.00000
0.00000
0.00000
0.00000
0.00000
0.00000
0.00000
0.00000
0.00000
0.00000
0.00000
0.00000
0.00000
0.00000
0.00000
0.00000
0.00000
0.00000
0.00000
0.00000
0.00000
0.00000
0.00000
0.00000
0.00000
0.00000
0.00000
0.00000
0.00000
0.00000
0.00000
0.00000
0.00000
0.00000
0.00000
0.00000
0.00000
0.00000
0.00000
0.00000
0.00000
0.00000
0.00000
0.00000
0.00000
0.00000
0.00000
0.00000
0.00000
0.00000
0.00000
0.00000
0.00000
0.00000
0.00000
0.00000
0.00000
0.00000
0.00000
0.00000
0.00000
0.00000
0.00000
0.00000
0.00000
0.00000
0.00000
0.00000
0.00000
0.00000
0.00000
0.00000
0.00000
0.00000
0.00000
0.00000
0.00000
0.00000
0.00000
0.00000
0.00000
0.00000
0.00000
0.00000
0.00000
0.00000
0.00000
0.00000
0.00000
0.00000
0.00000
0.00000
0.00000
0.00000
0.00000
0.00000
0.00000
0.00000
0.00000
0.00000
0.00000
0.00000
0.00000
0.00000
0.00000
0.00000
0.00000
0.00000
0.00000
0.00000
0.00000
0.00000
0.00000
0.00000
0.00000
0.00000
0.00000
