-0.00024
-0.00024
-0.00021
-0.00021
-0.00027
-0.00024
-0.00021
-0.00021
-0.00021
-0.00012
-0.00012
-0.00012
-0.00021
-0.00024
-0.00015
-0.00018
-0.00021
-0.00024
-0.00021
-0.00018
-0.00018
-0.00012
-0.00021
-0.00015
-0.00027
-0.00024
-0.00027
-0.00024
-0.00018
-0.00015
-0.00009
-0.00015
-0.00018
-0.00021
-0.00021
-0.00018
-0.00021
-0.00021
-0.00021
-0.00006
0.00000
-0.00009
-0.00015
-0.00018
-0.00018
-0.00024
-0.00024
-0.00012
-0.00006
-0.00015
-0.00024
-0.00021
-0.00006
-0.00012
-0.00027
-0.00018
-0.00012
-0.00012
-0.00009
-0.00006
-0.00015
-0.00015
-0.00015
-0.00006
-0.00012
-0.00009
-0.00006
-0.00024
-0.00006
-0.00009
-0.00009
-0.00024
-0.00018
-0.00006
-0.00012
-0.00012
-0.00012
-0.00003
-0.00009
-0.00006
0.00000
-0.00003
-0.00006
-0.00015
-0.00021
-0.00009
0.00000
-0.00009
-0.00009
-0.00009
-0.00012
-0.00018
-0.00006
0.00000
-0.00015
-0.00015
-0.00015
-0.00018
-0.00009
-0.00003
0.00000
0.00000
0.00000
0.00003
-0.00009
-0.00006
-0.00009
-0.00009
-0.00003
0.00000
-0.00009
-0.00012
0.00000
-0.00009
-0.00006
0.00000
0.00000
-0.00006
-0.00003
0.00000
-0.00006
0.00000
0.00000
0.00000
0.00000
-0.00003
-0.00003
0.00000
0.00003
0.00000
0.00000
0.00000
0.00000
-0.00006
-0.00006
0.00000
-0.00003
-0.00003
0.00006
0.00012
0.00006
0.00003
0.00003
-0.00003
-0.00003
-0.00003
0.00000
-0.00003
0.00003
0.00006
0.00006
0.00012
0.00003
0.00009
0.00000
0.00000
0.00000
0.00003
0.00003
0.00003
0.00012
0.00009
0.00000
0.00000
0.00006
0.00003
0.00000
0.00009
0.00006
0.00006
0.00006
0.00000
0.00003
0.00003
0.00006
0.00003
0.00006
0.00012
0.00003
0.00000
0.00018
0.00000
0.00034
-0.00034
0.00076
-0.00098
0.00134
-0.00189
0.00214
-0.00278
0.00333
-0.03708
-0.09671
-0.02960
-0.08487
0.03134
0.11896
0.10590
0.04861
-0.01859
0.01917
-0.02359
-0.03134
-0.04141
-0.01288
0.01422
0.00952
-0.00186
0.02002
0.01358
-0.01224
0.00073
0.01178
-0.00241
-0.00513
-0.00085
0.00137
0.00531
0.00656
0.00104
-0.00391
0.00433
-0.00610
-0.00717
-0.00217
-0.00015
-0.00497
0.00204
0.00970
0.00638
0.00589
0.00867
0.00552
-0.00241
-0.00098
-0.00198
-0.00140
-0.00204
-0.00031
-0.00095
0.00021
0.00125
0.00095
0.00119
0.00552
0.00308
0.00125
0.00360
0.00311
0.00034
-0.00220
0.00125
0.00110
-0.00305
-0.00165
0.00003
-0.00046
-0.00049
-0.00092
0.00150
0.00104
-0.00034
0.00156
0.00110
0.00287
0.00076
-0.00006
0.00027
-0.00104
-0.00198
-0.00226
-0.00064
-0.00034
-0.00241
-0.00049
0.00006
0.00073
0.00046
0.00085
0.00134
0.00031
0.00052
0.00052
-0.00064
-0.00104
-0.00171
-0.00119
-0.00089
-0.00143
-0.00134
-0.00116
-0.00107
-0.00104
-0.00073
0.00052
0.00003
-0.00006
0.00037
0.00085
0.00082
-0.00027
-0.00027
0.00006
-0.00085
-0.00076
-0.00058
-0.00018
-0.00027
-0.00073
-0.00034
-0.00116
-0.00174
-0.00156
-0.00119
-0.00055
-0.00034
0.00021
0.00067
0.00043
-0.00006
-0.00076
-0.00067
-0.00064
-0.00076
-0.00061
-0.00107
-0.00165
-0.00168
-0.00076
0.00006
0.00000
0.00012
0.00064
0.00104
0.00070
0.00055
0.00076
0.00031
-0.00012
-0.00024
-0.00027
-0.00064
-0.00153
-0.00134
-0.00052
-0.00012
0.00000
0.00000
0.00024
-0.00003
-0.00034
0.00021
0.00046
0.00055
0.00049
0.00046
0.00046
-0.00015
-0.00055
-0.00058
-0.00058
-0.00064
-0.00064
0.00009
0.00058
0.00067
0.00064
0.00061
0.00061
0.00018
0.00034
0.00049
0.00037
0.00024
0.00012
0.00012
-0.00015
-0.00043
-0.00024
-0.00012
-0.00027
-0.00043
-0.00024
0.00034
0.00064
0.00095
0.00098
0.00052
0.00024
0.00018
0.00027
0.00024
0.00009
0.00000
-0.00015
-0.00009
-0.00012
0.00000
0.00009
-0.00018
-0.00024
-0.00006
0.00000
0.00000
0.00000
0.00000
0.00000
0.00000
0.00000
0.00000
0.00000
0.00000
0.00000
0.00000
0.00000
0.00000
0.00000
0.00000
0.00000
0.00000
0.00000
0.00000
0.00000
0.00000
0.00000
0.00000
0.00000
0.00000
0.00000
0.00000
0.00000
0.00000
0.00000
0.00000
0.00000
0.00000
0.00000
0.00000
0.00000
0.00000
0.00000
0.00000
0.00000
0.00000
0.00000
0.00000
0.00000
0.00000
0.00000
0.00000
0.00000
0.00000
0.00000
0.00000
0.00000
0.00000
0.00000
0.00000
0.00000
0.00000
0.00000
0.00000
0.00000
0.00000
0.00000
0.00000
0.00000
0.00000
0.00000
0.00000
0.00000
0.00000
0.00000
0.00000
0.00000
0.00000
0.00000
0.00000
0.00000
0.00000
0.00000
0.00000
0.00000
0.00000
0.00000
0.00000
0.00000
0.00000
0.00000
0.00000
0.00000
0.00000
0.00000
0.00000
0.00000
0.00000
0.00000
0.00000
0.00000
0.00000
0.00000
0.00000
0.00000
0.00000
0.00000
0.00000
0.00000
0.00000
0.00000
0.00000
0.00000
0.00000
