-0.00012
-0.00018
-0.00018
-0.00015
-0.00015
-0.00018
-0.00015
-0.00015
-0.00015
-0.00012
-0.00006
-0.00012
-0.00015
-0.00015
-0.00018
-0.00018
-0.00018
-0.00015
-0.00012
-0.00012
-0.00009
-0.00012
-0.00009
-0.00012
-0.00012
-0.00012
-0.00006
-0.00006
-0.00012
-0.00012
-0.00012
-0.00012
-0.00012
-0.00009
-0.00009
-0.00012
-0.00009
-0.00006
-0.00009
-0.00012
-0.00006
-0.00006
-0.00009
-0.00009
-0.00012
-0.00009
-0.00006
-0.00009
-0.00015
-0.00015
-0.00003
-0.00003
0.00000
0.00000
0.00000
-0.00006
-0.00009
-0.00009
-0.00006
-0.00003
0.00000
0.00003
0.00000
-0.00003
-0.00009
-0.00009
-0.00003
-0.00006
0.00000
0.00003
0.00000
0.00000
0.00000
-0.00003
-0.00003
0.00000
0.00000
0.00000
0.00000
0.00000
0.00000
0.00000
0.00000
-0.00003
0.00000
0.00000
0.00000
0.00000
0.00003
0.00003
0.00000
0.00006
0.00003
0.00000
0.00000
0.00000
0.00000
0.00000
0.00003
0.00006
0.00009
0.00009
0.00006
0.00003
0.00003
0.00000
0.00000
0.00003
0.00000
0.00000
0.00003
0.00006
0.00006
0.00006
0.00012
0.00015
0.00009
0.00006
0.00006
0.00000
0.00000
0.00000
0.00006
0.00006
0.00006
0.00009
0.00015
0.00015
0.00009
0.00006
0.00009
0.00006
0.00000
0.00006
0.00009
0.00006
0.00006
0.00012
0.00009
0.00006
0.00006
0.00006
0.00009
0.00009
0.00009
0.00012
0.00012
0.00006
0.00009
0.00009
0.00009
0.00012
0.00009
0.00006
0.00003
0.00006
0.00009
0.00009
0.00006
0.00006
0.00006
0.00009
0.00009
0.00006
0.00009
0.00003
0.00006
0.00009
0.00009
0.00006
0.00006
0.00009
0.00006
0.00009
0.00006
0.00012
0.00012
0.00009
0.00015
0.00012
0.00009
0.00003
0.00003
0.00006
0.00006
0.00009
0.00003
0.00009
0.00000
0.00003
0.00000
-0.00012
0.00018
-0.00012
0.00076
-0.00079
-0.00186
-0.03577
-0.03784
-0.01898
-0.02597
-0.01184
0.01779
0.04776
0.04761
0.02768
0.01300
0.00140
-0.01007
-0.01566
-0.01669
-0.00122
0.00153
-0.00302
0.00546
0.00803
0.00320
0.00226
-0.00076
-0.00330
-0.00262
-0.00116
-0.00092
-0.00003
0.00223
-0.00082
-0.00174
0.00073
0.00104
0.00290
0.00534
0.00455
0.00208
0.00125
0.00287
0.00314
0.00232
0.00345
0.00302
0.00134
-0.00024
-0.00046
-0.00046
-0.00058
-0.00076
-0.00089
-0.00055
0.00113
0.00104
0.00055
0.00229
0.00244
0.00150
0.00211
0.00272
0.00253
0.00079
0.00055
0.00070
-0.00031
-0.00153
-0.00177
-0.00070
-0.00024
0.00024
0.00052
0.00046
0.00085
0.00082
0.00058
0.00058
0.00067
-0.00015
-0.00031
-0.00031
-0.00049
-0.00061
-0.00021
-0.00006
-0.00046
-0.00027
-0.00034
-0.00046
-0.00021
-0.00012
0.00027
0.00021
0.00018
0.00000
-0.00031
-0.00055
-0.00092
-0.00082
-0.00082
-0.00104
-0.00098
-0.00101
-0.00098
-0.00085
-0.00064
-0.00031
-0.00021
-0.00034
-0.00031
-0.00012
-0.00009
-0.00043
-0.00037
-0.00012
-0.00015
-0.00024
-0.00034
-0.00037
-0.00052
-0.00052
-0.00064
-0.00116
-0.00146
-0.00140
-0.00107
-0.00082
-0.00064
-0.00043
-0.00043
-0.00031
-0.00031
-0.00043
-0.00046
-0.00055
-0.00067
-0.00067
-0.00073
-0.00095
-0.00116
-0.00104
-0.00073
-0.00046
-0.00021
0.00000
0.00024
0.00034
0.00034
0.00027
0.00000
-0.00040
-0.00052
-0.00046
-0.00052
-0.00079
-0.00079
-0.00067
-0.00058
-0.00055
-0.00055
-0.00034
-0.00021
-0.00009
0.00000
0.00003
0.00018
0.00021
0.00021
0.00021
0.00003
-0.00018
-0.00043
-0.00043
-0.00024
-0.00034
-0.00049
-0.00049
-0.00037
-0.00027
-0.00018
0.00000
0.00043
0.00024
0.00000
0.00000
0.00000
0.00000
0.00000
0.00000
0.00000
0.00000
0.00000
0.00000
0.00000
0.00000
0.00000
0.00000
0.00000
0.00000
0.00000
0.00000
0.00000
0.00000
0.00000
0.00000
0.00000
0.00000
0.00000
0.00000
0.00000
0.00000
0.00000
0.00000
0.00000
0.00000
0.00000
0.00000
0.00000
0.00000
0.00000
0.00000
0.00000
0.00000
0.00000
0.00000
0.00000
0.00000
0.00000
0.00000
0.00000
0.00000
0.00000
0.00000
0.00000
0.00000
0.00000
0.00000
0.00000
0.00000
0.00000
0.00000
0.00000
0.00000
0.00000
0.00000
0.00000
0.00000
0.00000
0.00000
0.00000
0.00000
0.00000
0.00000
0.00000
0.00000
0.00000
0.00000
0.00000
0.00000
0.00000
0.00000
0.00000
0.00000
0.00000
0.00000
0.00000
0.00000
0.00000
0.00000
0.00000
0.00000
0.00000
0.00000
0.00000
0.00000
0.00000
0.00000
0.00000
0.00000
0.00000
0.00000
0.00000
0.00000
0.00000
0.00000
0.00000
0.00000
0.00000
0.00000
0.00000
0.00000
0.00000
0.00000
0.00000
0.00000
0.00000
0.00000
0.00000
0.00000
0.00000
0.00000
0.00000
0.00000
0.00000
0.00000
0.00000
0.00000
0.00000
0.00000
0.00000
0.00000
0.00000
0.00000
0.00000
0.00000
0.00000
0.00000
0.00000
