0.00000
0.00000
0.00000
0.00003
0.00003
0.00009
0.00012
0.00015
0.00018
0.00015
0.00015
0.00009
0.00000
-0.00006
-0.00009
-0.00006
0.00003
0.00006
0.00015
0.00018
0.00018
0.00012
0.00003
0.00003
0.00006
0.00006
0.00000
0.00003
0.00006
0.00009
0.00012
0.00018
0.00021
0.00018
0.00006
0.00000
0.00000
0.00003
0.00000
0.00000
0.00003
0.00000
0.00009
0.00009
0.00006
0.00009
0.00009
0.00009
0.00006
0.00006
0.00012
0.00012
0.00015
0.00024
0.00024
0.00012
0.00003
0.00006
0.00006
0.00006
0.00012
0.00021
0.00018
0.00012
0.00012
0.00012
0.00006
0.00006
0.00009
0.00006
0.00006
0.00000
0.00009
0.00012
0.00018
0.00012
0.00012
0.00018
0.00012
0.00006
0.00012
0.00009
0.00006
0.00012
0.00015
0.00018
0.00009
0.00015
0.00015
0.00012
0.00009
0.00003
0.00006
0.00000
0.00003
0.00003
0.00006
0.00006
0.00015
0.00018
0.00012
0.00009
0.00009
0.00009
0.00009
0.00009
0.00006
0.00012
0.00015
0.00015
0.00012
0.00015
0.00015
0.00006
0.00003
0.00003
0.00003
0.00003
0.00015
0.00021
0.00024
0.00021
0.00009
0.00003
0.00006
0.00009
0.00009
0.00009
0.00015
0.00006
0.00006
0.00015
0.00018
0.00018
0.00015
0.00012
0.00015
0.00018
0.00009
0.00009
0.00015
0.00009
0.00003
0.00000
0.00012
0.00009
0.00009
0.00015
0.00012
0.00015
0.00015
0.00015
0.00012
0.00003
0.00000
0.00000
-0.00003
0.00003
0.00006
0.00009
0.00009
0.00012
0.00012
0.00006
0.00009
0.00003
-0.00003
0.00003
0.00012
0.00012
0.00006
0.00006
0.00012
0.00006
0.00015
0.00015
0.00015
0.00000
-0.00006
0.00000
0.00000
0.00003
0.00009
0.00015
0.00012
-0.00006
0.00012
-0.00018
0.00021
-0.00052
0.00024
-0.00049
0.00079
-0.00024
0.00079
-0.01529
-0.05518
-0.03421
-0.05136
-0.00797
0.05634
0.07181
0.05188
0.00275
0.00681
-0.00870
-0.01721
-0.02390
-0.01395
0.00415
0.00723
0.00092
0.00748
0.00970
-0.00247
-0.00229
0.00507
0.00116
-0.00336
-0.00330
-0.00159
0.00031
0.00113
0.00003
-0.00220
0.00391
0.00354
0.00171
0.00183
0.00259
0.00015
0.00165
0.00562
0.00348
0.00162
0.00223
0.00259
-0.00015
-0.00043
-0.00085
-0.00095
-0.00073
0.00092
0.00131
0.00119
0.00015
-0.00073
-0.00098
0.00217
0.00302
0.00214
0.00290
0.00262
0.00095
-0.00116
-0.00012
0.00101
-0.00085
-0.00089
-0.00021
-0.00058
-0.00009
-0.00092
-0.00021
0.00122
0.00040
0.00116
0.00131
0.00089
-0.00061
-0.00061
-0.00021
-0.00095
-0.00125
-0.00186
-0.00067
0.00110
0.00000
-0.00040
-0.00061
-0.00070
-0.00064
-0.00031
0.00000
-0.00052
-0.00043
-0.00015
-0.00052
-0.00012
-0.00043
-0.00064
-0.00073
-0.00143
-0.00159
-0.00143
-0.00125
-0.00125
-0.00098
-0.00003
-0.00015
-0.00037
-0.00052
-0.00055
-0.00034
-0.00046
-0.00037
-0.00006
-0.00049
-0.00085
-0.00101
-0.00089
-0.00067
-0.00064
-0.00021
-0.00049
-0.00131
-0.00186
-0.00198
-0.00137
-0.00055
0.00000
0.00000
-0.00046
-0.00076
-0.00085
-0.00061
-0.00064
-0.00092
-0.00098
-0.00107
-0.00125
-0.00134
-0.00116
-0.00089
-0.00064
-0.00018
0.00027
0.00040
-0.00012
-0.00049
-0.00018
0.00009
0.00003
-0.00040
-0.00085
-0.00107
-0.00122
-0.00098
-0.00055
-0.00049
-0.00058
-0.00049
-0.00012
-0.00006
-0.00037
-0.00034
-0.00027
-0.00024
-0.00006
0.00009
0.00012
-0.00012
-0.00040
-0.00046
-0.00052
-0.00055
-0.00055
-0.00027
-0.00006
0.00003
0.00003
-0.00003
0.00000
-0.00006
0.00009
0.00043
0.00037
0.00000
-0.00040
-0.00040
-0.00006
-0.00003
-0.00006
-0.00031
-0.00070
-0.00079
-0.00052
-0.00003
0.00021
0.00040
0.00037
0.00009
-0.00012
-0.00031
-0.00018
0.00000
0.00000
0.00000
0.00000
0.00000
0.00000
0.00000
0.00000
0.00000
0.00000
0.00000
0.00000
0.00000
0.00000
0.00000
0.00000
0.00000
0.00000
0.00000
0.00000
0.00000
0.00000
0.00000
0.00000
0.00000
0.00000
0.00000
0.00000
0.00000
0.00000
0.00000
0.00000
0.00000
0.00000
0.00000
0.00000
0.00000
0.00000
0.00000
0.00000
0.00000
0.00000
0.00000
0.00000
0.00000
0.00000
0.00000
0.00000
0.00000
0.00000
0.00000
0.00000
0.00000
0.00000
0.00000
0.00000
0.00000
0.00000
0.00000
0.00000
0.00000
0.00000
0.00000
0.00000
0.00000
0.00000
0.00000
0.00000
0.00000
0.00000
0.00000
0.00000
0.00000
0.00000
0.00000
0.00000
0.00000
0.00000
0.00000
0.00000
0.00000
0.00000
0.00000
0.00000
0.00000
0.00000
0.00000
0.00000
0.00000
0.00000
0.00000
0.00000
0.00000
0.00000
0.00000
0.00000
0.00000
0.00000
0.00000
0.00000
0.00000
0.00000
0.00000
0.00000
0.00000
0.00000
0.00000
0.00000
0.00000
0.00000
0.00000
0.00000
0.00000
0.00000
0.00000
0.00000
0.00000
