-0.00006
-0.00012
-0.00009
-0.00009
-0.00009
-0.00006
-0.00009
-0.00003
-0.00009
-0.00009
-0.00009
-0.00009
-0.00009
-0.00006
-0.00003
-0.00003
-0.00006
-0.00009
-0.00009
-0.00009
-0.00009
-0.00009
-0.00009
-0.00009
-0.00009
-0.00009
-0.00006
-0.00006
-0.00009
-0.00015
-0.00006
-0.00003
-0.00006
-0.00006
-0.00006
-0.00009
-0.00015
-0.00012
-0.00012
-0.00012
-0.00009
-0.00003
-0.00003
-0.00003
-0.00006
-0.00012
-0.00012
-0.00015
-0.00009
-0.00006
-0.00006
-0.00006
-0.00006
-0.00009
-0.00012
-0.00009
-0.00009
-0.00006
0.00000
-0.00003
-0.00006
-0.00003
-0.00006
-0.00012
-0.00015
-0.00012
-0.00012
-0.00015
-0.00012
-0.00009
-0.00006
-0.00003
-0.00006
-0.00009
-0.00009
-0.00012
-0.00012
-0.00009
-0.00009
-0.00006
-0.00006
-0.00003
-0.00006
-0.00009
-0.00012
-0.00012
-0.00015
-0.00012
-0.00009
-0.00009
-0.00006
-0.00003
-0.00006
-0.00009
-0.00009
-0.00012
-0.00012
-0.00006
-0.00006
-0.00006
-0.00009
-0.00006
-0.00006
-0.00012
-0.00012
-0.00009
-0.00009
-0.00006
0.00000
0.00000
-0.00003
-0.00009
-0.00009
-0.00012
-0.00012
-0.00009
-0.00009
-0.00006
-0.00003
-0.00006
-0.00009
-0.00006
-0.00006
-0.00009
-0.00009
-0.00006
-0.00006
-0.00003
-0.00003
-0.00003
-0.00006
-0.00009
-0.00015
-0.00012
-0.00009
-0.00006
-0.00006
-0.00003
-0.00006
-0.00006
-0.00009
-0.00009
-0.00006
0.00000
0.00000
-0.00003
-0.00003
-0.00009
-0.00009
-0.00009
-0.00006
-0.00012
-0.00009
0.00000
-0.00003
-0.00003
-0.00006
-0.00006
-0.00006
-0.00009
-0.00009
-0.00006
-0.00003
-0.00006
-0.00003
-0.00003
-0.00006
-0.00009
-0.00006
-0.00009
-0.00009
-0.00006
-0.00003
0.00000
0.00000
0.00000
0.00000
-0.00009
-0.00012
-0.00009
-0.00003
-0.00009
-0.00012
0.00000
-0.00003
-0.00006
-0.00006
-0.00006
-0.00009
-0.00006
0.00000
0.00000
0.00000
-0.00015
-0.00012
0.00000
-0.00012
0.00031
-0.00055
-0.00424
-0.03119
-0.02884
-0.03122
-0.02414
0.02237
0.04129
0.04050
0.01218
0.00519
0.00070
-0.00873
-0.01300
-0.01285
-0.00153
0.00394
-0.00064
-0.00082
0.00211
-0.00467
-0.00662
0.00119
0.00491
0.00558
0.00739
0.00729
0.00616
0.00403
0.00134
-0.00244
-0.00043
0.00018
-0.00183
-0.00024
0.00162
0.00131
0.00095
0.00317
0.00214
0.00143
0.00266
0.00360
0.00189
0.00082
-0.00034
-0.00143
-0.00122
-0.00049
0.00027
0.00055
0.00006
0.00006
0.00027
0.00174
0.00284
0.00217
0.00214
0.00244
0.00174
0.00015
-0.00125
-0.00049
-0.00021
-0.00177
0.00000
0.00113
0.00009
0.00031
0.00098
0.00046
-0.00092
0.00015
-0.00024
0.00006
0.00070
0.00027
0.00079
0.00107
-0.00052
-0.00165
-0.00098
-0.00043
-0.00107
-0.00104
-0.00076
-0.00113
-0.00027
0.00006
0.00018
0.00021
-0.00018
0.00003
-0.00018
-0.00052
-0.00082
-0.00085
-0.00064
-0.00113
-0.00122
-0.00125
-0.00150
-0.00116
-0.00079
-0.00021
-0.00015
-0.00037
-0.00049
-0.00064
-0.00067
-0.00089
-0.00067
-0.00003
0.00015
-0.00012
-0.00052
-0.00092
-0.00089
-0.00073
-0.00064
-0.00085
-0.00140
-0.00150
-0.00122
-0.00079
-0.00046
-0.00027
-0.00012
-0.00018
-0.00009
-0.00018
-0.00067
-0.00098
-0.00092
-0.00067
-0.00055
-0.00073
-0.00116
-0.00150
-0.00128
-0.00076
-0.00027
0.00000
0.00006
0.00000
-0.00006
-0.00012
-0.00009
-0.00009
-0.00024
-0.00052
-0.00052
-0.00058
-0.00079
-0.00067
-0.00055
-0.00055
-0.00058
-0.00040
-0.00009
-0.00003
0.00003
0.00018
0.00018
0.00003
0.00000
0.00003
0.00000
-0.00012
-0.00021
-0.00046
-0.00070
-0.00064
-0.00034
0.00006
0.00024
0.00015
-0.00003
0.00000
0.00018
0.00034
0.00046
0.00046
0.00015
-0.00015
-0.00024
-0.00018
-0.00012
-0.00009
-0.00009
-0.00018
-0.00037
-0.00049
-0.00027
0.00003
0.00000
0.00000
0.00000
0.00000
0.00000
0.00000
0.00000
0.00000
0.00000
0.00000
0.00000
0.00000
0.00000
0.00000
0.00000
0.00000
0.00000
0.00000
0.00000
0.00000
0.00000
0.00000
0.00000
0.00000
0.00000
0.00000
0.00000
0.00000
0.00000
0.00000
0.00000
0.00000
0.00000
0.00000
0.00000
0.00000
0.00000
0.00000
0.00000
0.00000
0.00000
0.00000
0.00000
0.00000
0.00000
0.00000
0.00000
0.00000
0.00000
0.00000
0.00000
0.00000
0.00000
0.00000
0.00000
0.00000
0.00000
0.00000
0.00000
0.00000
0.00000
0.00000
0.00000
0.00000
0.00000
0.00000
0.00000
0.00000
0.00000
0.00000
0.00000
0.00000
0.00000
0.00000
0.00000
0.00000
0.00000
0.00000
0.00000
0.00000
0.00000
0.00000
0.00000
0.00000
0.00000
0.00000
0.00000
0.00000
0.00000
0.00000
0.00000
0.00000
0.00000
0.00000
0.00000
0.00000
0.00000
0.00000
0.00000
0.00000
0.00000
0.00000
0.00000
0.00000
0.00000
0.00000
0.00000
0.00000
0.00000
0.00000
0.00000
0.00000
0.00000
0.00000
0.00000
0.00000
0.00000
0.00000
0.00000
