-0.00003
-0.00009
-0.00006
-0.00012
-0.00009
-0.00003
-0.00003
-0.00003
-0.00003
-0.00009
-0.00015
-0.00012
-0.00009
-0.00012
-0.00012
-0.00012
-0.00012
-0.00012
-0.00012
-0.00009
-0.00006
-0.00003
-0.00003
-0.00006
-0.00012
-0.00018
-0.00018
-0.00012
-0.00006
0.00000
-0.00003
-0.00006
-0.00006
-0.00006
-0.00012
-0.00015
-0.00012
-0.00012
-0.00009
-0.00003
0.00000
-0.00009
-0.00009
-0.00006
-0.00006
-0.00012
-0.00009
-0.00009
-0.00012
-0.00012
-0.00009
-0.00012
-0.00009
-0.00009
-0.00012
-0.00012
-0.00009
-0.00015
-0.00012
-0.00009
-0.00009
-0.00006
0.00000
-0.00003
-0.00006
-0.00003
-0.00009
-0.00015
-0.00012
-0.00012
-0.00015
-0.00009
-0.00009
-0.00012
-0.00009
-0.00006
-0.00009
-0.00009
-0.00009
-0.00015
-0.00015
-0.00012
-0.00012
-0.00006
0.00000
-0.00003
-0.00006
-0.00006
-0.00012
-0.00012
-0.00009
-0.00009
-0.00009
-0.00006
-0.00006
-0.00012
-0.00009
-0.00009
-0.00015
-0.00012
-0.00009
-0.00012
-0.00009
-0.00006
-0.00006
0.00000
0.00000
-0.00003
-0.00003
-0.00006
-0.00015
-0.00018
-0.00015
-0.00018
-0.00018
-0.00018
-0.00009
-0.00009
-0.00003
-0.00003
-0.00009
-0.00009
-0.00015
-0.00018
-0.00018
-0.00018
-0.00015
-0.00006
-0.00003
-0.00006
-0.00006
-0.00009
-0.00012
-0.00015
-0.00015
-0.00018
-0.00012
-0.00006
-0.00006
-0.00006
-0.00012
-0.00012
-0.00015
-0.00018
-0.00021
-0.00015
-0.00009
-0.00006
-0.00009
-0.00009
-0.00012
-0.00018
-0.00018
-0.00012
-0.00012
-0.00018
-0.00018
-0.00015
-0.00012
-0.00018
-0.00015
-0.00006
-0.00009
-0.00009
-0.00009
-0.00009
-0.00012
-0.00018
-0.00018
-0.00015
-0.00012
-0.00015
-0.00012
-0.00006
-0.00012
-0.00015
-0.00018
-0.00021
-0.00018
-0.00024
-0.00018
-0.00006
-0.00012
-0.00006
-0.00009
-0.00012
-0.00015
-0.00021
-0.00021
-0.00021
-0.00021
-0.00012
-0.00006
-0.00018
-0.00015
-0.00024
0.00000
-0.00024
0.00000
-0.00052
-0.00003
-0.00668
-0.01901
-0.01700
-0.01489
-0.01532
-0.00720
0.01013
0.02148
0.02249
0.01434
0.00708
0.00085
-0.00540
-0.01083
-0.01614
-0.01456
-0.01279
-0.01016
0.00320
0.01227
0.01654
0.01703
0.01230
0.00681
0.00046
-0.00281
-0.00461
-0.00226
0.00052
-0.00021
0.00125
0.00363
0.00223
0.00058
0.00049
-0.00052
-0.00076
0.00085
0.00244
0.00336
0.00360
0.00284
0.00159
0.00076
0.00024
-0.00113
-0.00119
-0.00073
-0.00085
-0.00058
0.00018
0.00095
0.00113
0.00165
0.00208
0.00217
0.00162
0.00146
0.00156
0.00076
-0.00009
-0.00037
-0.00067
-0.00168
-0.00064
-0.00024
-0.00027
0.00052
0.00021
0.00052
0.00140
0.00143
0.00055
0.00006
-0.00006
-0.00037
-0.00049
-0.00024
-0.00064
-0.00095
-0.00092
-0.00104
-0.00058
-0.00027
-0.00052
-0.00067
-0.00049
-0.00043
-0.00031
-0.00021
-0.00031
-0.00027
-0.00040
-0.00061
-0.00073
-0.00085
-0.00101
-0.00085
-0.00089
-0.00092
-0.00104
-0.00110
-0.00107
-0.00104
-0.00076
-0.00049
-0.00040
-0.00031
-0.00027
-0.00055
-0.00070
-0.00092
-0.00095
-0.00082
-0.00095
-0.00082
-0.00073
-0.00085
-0.00085
-0.00079
-0.00085
-0.00095
-0.00110
-0.00107
-0.00076
-0.00043
-0.00040
-0.00037
-0.00024
-0.00018
-0.00043
-0.00079
-0.00122
-0.00153
-0.00146
-0.00119
-0.00098
-0.00101
-0.00089
-0.00061
-0.00043
-0.00037
-0.00015
-0.00018
-0.00018
-0.00018
-0.00024
-0.00024
-0.00055
-0.00079
-0.00089
-0.00082
-0.00073
-0.00067
-0.00049
-0.00031
-0.00024
-0.00012
0.00000
0.00003
0.00000
-0.00012
-0.00018
-0.00015
-0.00018
-0.00027
-0.00031
-0.00040
-0.00034
-0.00024
-0.00034
-0.00046
-0.00058
-0.00049
-0.00037
-0.00037
-0.00021
-0.00015
0.00012
0.00000
0.00000
0.00000
0.00000
0.00000
0.00000
0.00000
0.00000
0.00000
0.00000
0.00000
0.00000
0.00000
0.00000
0.00000
0.00000
0.00000
0.00000
0.00000
0.00000
0.00000
0.00000
0.00000
0.00000
0.00000
0.00000
0.00000
0.00000
0.00000
0.00000
0.00000
0.00000
0.00000
0.00000
0.00000
0.00000
0.00000
0.00000
0.00000
0.00000
0.00000
0.00000
0.00000
0.00000
0.00000
0.00000
0.00000
0.00000
0.00000
0.00000
0.00000
0.00000
0.00000
0.00000
0.00000
0.00000
0.00000
0.00000
0.00000
0.00000
0.00000
0.00000
0.00000
0.00000
0.00000
0.00000
0.00000
0.00000
0.00000
0.00000
0.00000
0.00000
0.00000
0.00000
0.00000
0.00000
0.00000
0.00000
0.00000
0.00000
0.00000
0.00000
0.00000
0.00000
0.00000
0.00000
0.00000
0.00000
0.00000
0.00000
0.00000
0.00000
0.00000
0.00000
0.00000
0.00000
0.00000
0.00000
0.00000
0.00000
0.00000
0.00000
0.00000
0.00000
0.00000
0.00000
0.00000
0.00000
0.00000
0.00000
0.00000
0.00000
0.00000
0.00000
0.00000
0.00000
0.00000
0.00000
0.00000
0.00000
0.00000
0.00000
0.00000
0.00000
0.00000
0.00000
0.00000
0.00000
0.00000
0.00000
0.00000
0.00000
