-0.00012
-0.00012
-0.00009
-0.00006
-0.00009
-0.00012
-0.00012
-0.00009
-0.00006
-0.00009
-0.00009
-0.00009
-0.00009
-0.00009
-0.00012
-0.00015
-0.00009
-0.00003
-0.00003
-0.00009
-0.00009
-0.00006
-0.00012
-0.00024
-0.00024
-0.00021
-0.00018
-0.00015
-0.00012
-0.00009
-0.00003
-0.00006
-0.00012
-0.00006
-0.00037
0.00006
-0.00006
-0.00012
0.00000
-0.00003
0.00000
-0.00003
-0.00012
-0.00012
-0.00015
-0.00018
-0.00012
-0.00009
-0.00003
-0.00009
-0.00012
-0.00009
-0.00009
-0.00012
-0.00018
-0.00018
-0.00015
-0.00015
-0.00015
-0.00012
-0.00012
-0.00012
-0.00012
-0.00015
-0.00015
-0.00015
-0.00018
-0.00015
-0.00018
-0.00018
-0.00015
-0.00009
-0.00006
-0.00009
-0.00009
-0.00012
-0.00012
-0.00009
-0.00015
-0.00015
-0.00015
-0.00012
-0.00009
-0.00009
-0.00012
-0.00015
-0.00015
-0.00012
-0.00009
-0.00009
-0.00006
0.00000
0.00000
-0.00003
-0.00003
-0.00006
-0.00012
-0.00009
-0.00009
-0.00012
-0.00009
-0.00012
-0.00018
-0.00015
-0.00006
-0.00009
-0.00012
-0.00003
-0.00006
-0.00006
-0.00003
0.00000
0.00000
-0.00006
-0.00006
-0.00006
-0.00003
-0.00009
-0.00012
-0.00009
-0.00009
-0.00012
-0.00018
-0.00012
-0.00003
-0.00003
-0.00006
-0.00009
-0.00006
-0.00012
-0.00015
-0.00018
-0.00012
-0.00009
-0.00012
-0.00015
-0.00012
-0.00006
-0.00006
-0.00009
-0.00006
-0.00003
0.00000
0.00000
0.00000
-0.00003
-0.00006
-0.00012
-0.00021
-0.00018
-0.00012
-0.00012
-0.00018
-0.00012
-0.00003
-0.00003
-0.00003
-0.00006
-0.00006
-0.00009
-0.00012
-0.00012
-0.00009
-0.00009
-0.00006
-0.00009
-0.00009
-0.00012
-0.00015
-0.00015
-0.00015
-0.00012
-0.00009
-0.00003
-0.00003
-0.00003
0.00000
-0.00006
-0.00006
-0.00006
-0.00006
-0.00009
-0.00015
-0.00006
-0.00009
-0.00003
0.00000
-0.00006
-0.00009
-0.00006
-0.00006
-0.00009
-0.00009
-0.00006
-0.00003
-0.00009
-0.00006
-0.00009
-0.00003
-0.00015
-0.00012
-0.00024
0.00000
-0.00040
-0.00024
-0.00571
-0.01373
-0.01056
-0.00845
-0.00720
-0.00485
-0.00079
0.00467
0.00854
0.01227
0.00562
-0.00867
-0.01434
-0.01706
-0.00833
0.00635
0.01077
0.01047
0.01086
0.01285
0.01242
0.00888
0.00009
-0.00739
-0.00894
-0.00671
-0.00275
0.00458
0.00705
0.00290
0.00162
0.00208
0.00162
0.00110
0.00067
-0.00049
0.00021
0.00177
0.00150
0.00082
0.00119
0.00122
0.00076
0.00095
0.00049
-0.00034
-0.00055
0.00012
0.00076
0.00058
0.00055
0.00146
0.00174
0.00174
0.00140
0.00006
-0.00009
0.00046
0.00049
0.00031
-0.00012
-0.00024
-0.00027
0.00055
0.00079
0.00046
0.00082
0.00082
0.00095
0.00110
0.00040
-0.00040
-0.00092
-0.00089
-0.00058
-0.00046
-0.00034
-0.00021
-0.00027
-0.00012
-0.00009
0.00003
-0.00037
-0.00064
-0.00040
0.00000
0.00009
-0.00015
-0.00058
-0.00064
-0.00067
-0.00076
-0.00101
-0.00110
-0.00082
-0.00049
-0.00003
0.00000
-0.00043
-0.00067
-0.00055
-0.00061
-0.00101
-0.00113
-0.00064
-0.00012
-0.00015
-0.00082
-0.00134
-0.00125
-0.00070
-0.00009
-0.00021
-0.00082
-0.00113
-0.00061
0.00024
0.00040
-0.00012
-0.00076
-0.00101
-0.00076
-0.00058
-0.00070
-0.00095
-0.00092
-0.00055
-0.00015
0.00000
-0.00061
-0.00143
-0.00156
-0.00092
-0.00024
-0.00037
-0.00085
-0.00095
-0.00067
-0.00049
-0.00046
-0.00049
-0.00043
-0.00055
-0.00064
-0.00043
-0.00024
-0.00021
-0.00052
-0.00058
-0.00043
-0.00021
-0.00015
-0.00021
-0.00009
0.00000
0.00003
-0.00015
-0.00034
-0.00043
-0.00058
-0.00064
-0.00046
-0.00024
-0.00031
-0.00061
-0.00049
-0.00003
0.00024
0.00000
-0.00049
-0.00046
-0.00012
0.00021
0.00009
-0.00009
-0.00015
-0.00015
-0.00027
-0.00040
-0.00043
-0.00040
-0.00037
-0.00024
0.00012
0.00000
0.00000
0.00000
0.00000
0.00000
0.00000
0.00000
0.00000
0.00000
0.00000
0.00000
0.00000
0.00000
0.00000
0.00000
0.00000
0.00000
0.00000
0.00000
0.00000
0.00000
0.00000
0.00000
0.00000
0.00000
0.00000
0.00000
0.00000
0.00000
0.00000
0.00000
0.00000
0.00000
0.00000
0.00000
0.00000
0.00000
0.00000
0.00000
0.00000
0.00000
0.00000
0.00000
0.00000
0.00000
0.00000
0.00000
0.00000
0.00000
0.00000
0.00000
0.00000
0.00000
0.00000
0.00000
0.00000
0.00000
0.00000
0.00000
0.00000
0.00000
0.00000
0.00000
0.00000
0.00000
0.00000
0.00000
0.00000
0.00000
0.00000
0.00000
0.00000
0.00000
0.00000
0.00000
0.00000
0.00000
0.00000
0.00000
0.00000
0.00000
0.00000
0.00000
0.00000
0.00000
0.00000
0.00000
0.00000
0.00000
0.00000
0.00000
0.00000
0.00000
0.00000
0.00000
0.00000
0.00000
0.00000
0.00000
0.00000
0.00000
0.00000
0.00000
0.00000
0.00000
0.00000
0.00000
0.00000
0.00000
0.00000
0.00000
0.00000
0.00000
0.00000
0.00000
0.00000
0.00000
0.00000
0.00000
0.00000
0.00000
0.00000
0.00000
