0.00006
0.00009
0.00009
0.00009
0.00009
0.00009
0.00012
0.00009
0.00012
0.00009
0.00006
0.00000
0.00003
0.00003
0.00006
0.00003
0.00006
0.00009
0.00006
0.00009
0.00012
0.00009
0.00006
0.00009
0.00006
0.00003
0.00003
0.00000
0.00003
0.00000
0.00000
0.00006
0.00006
0.00006
-0.00027
0.00021
0.00009
0.00000
0.00006
0.00000
0.00006
0.00000
0.00003
0.00003
0.00000
0.00000
0.00000
0.00000
0.00000
0.00003
0.00003
0.00000
0.00003
0.00003
0.00000
0.00000
0.00000
0.00000
0.00003
0.00003
0.00000
0.00000
0.00000
0.00000
0.00000
0.00000
0.00003
0.00000
0.00000
0.00000
0.00000
0.00000
-0.00003
0.00000
0.00000
0.00000
0.00000
-0.00006
-0.00006
-0.00006
-0.00003
0.00000
0.00000
0.00000
0.00000
0.00000
0.00000
0.00000
0.00000
-0.00003
-0.00003
-0.00003
-0.00003
-0.00003
-0.00003
-0.00003
-0.00003
-0.00003
-0.00003
-0.00003
-0.00003
-0.00003
-0.00003
0.00000
0.00000
-0.00003
-0.00009
-0.00012
-0.00012
-0.00012
-0.00012
-0.00012
-0.00009
-0.00003
0.00000
0.00000
0.00000
-0.00003
-0.00006
-0.00009
-0.00009
-0.00009
-0.00006
-0.00006
-0.00009
-0.00006
-0.00006
-0.00009
-0.00012
-0.00009
-0.00006
-0.00009
-0.00012
-0.00009
-0.00009
-0.00009
-0.00012
-0.00003
-0.00003
-0.00006
-0.00003
-0.00003
-0.00006
-0.00012
-0.00018
-0.00018
-0.00018
-0.00018
-0.00018
-0.00018
-0.00012
-0.00009
-0.00009
-0.00009
-0.00009
-0.00009
-0.00012
-0.00015
-0.00018
-0.00015
-0.00015
-0.00021
-0.00021
-0.00015
-0.00015
-0.00018
-0.00015
-0.00015
-0.00015
-0.00018
-0.00015
-0.00012
-0.00012
-0.00015
-0.00015
-0.00015
-0.00018
-0.00024
-0.00021
-0.00021
-0.00024
-0.00024
-0.00034
-0.00018
-0.00021
-0.00018
-0.00009
-0.00006
-0.00009
-0.00012
-0.00012
-0.00021
-0.00024
-0.00027
-0.00024
-0.00024
-0.00021
-0.00015
-0.00015
-0.00018
-0.00024
-0.00024
-0.00027
-0.00052
-0.00046
-0.00015
0.00034
-0.00009
-0.00104
-0.00519
-0.01688
-0.02109
-0.02118
-0.01706
-0.00598
0.00357
0.00864
0.00894
0.01001
0.01114
0.01260
0.01135
0.00668
-0.00006
-0.00360
-0.00513
-0.00201
0.00299
0.00214
0.00018
-0.00034
0.00052
0.00214
0.00381
0.00385
0.00143
0.00031
-0.00003
-0.00021
0.00104
0.00098
-0.00003
-0.00015
-0.00040
-0.00079
-0.00082
0.00021
0.00143
0.00244
0.00284
0.00229
0.00128
0.00067
0.00009
-0.00058
-0.00009
0.00031
0.00006
-0.00110
-0.00113
0.00049
0.00000
-0.00037
0.00046
0.00113
0.00198
0.00128
0.00009
0.00046
0.00052
-0.00031
-0.00067
-0.00009
0.00003
-0.00034
-0.00012
-0.00015
-0.00037
-0.00055
-0.00140
-0.00101
-0.00021
0.00006
0.00024
0.00003
-0.00003
-0.00024
-0.00058
-0.00113
-0.00131
-0.00089
-0.00076
-0.00122
-0.00125
-0.00079
-0.00037
-0.00079
-0.00134
-0.00128
-0.00073
-0.00049
-0.00049
-0.00049
-0.00015
-0.00034
-0.00095
-0.00159
-0.00171
-0.00128
-0.00092
-0.00104
-0.00150
-0.00168
-0.00162
-0.00134
-0.00098
-0.00055
-0.00043
-0.00073
-0.00101
-0.00067
-0.00018
-0.00009
-0.00061
-0.00092
-0.00073
-0.00055
-0.00058
-0.00104
-0.00159
-0.00168
-0.00125
-0.00092
-0.00085
-0.00104
-0.00134
-0.00143
-0.00116
-0.00061
-0.00043
-0.00070
-0.00095
-0.00101
-0.00092
-0.00119
-0.00143
-0.00134
-0.00113
-0.00101
-0.00089
-0.00070
-0.00049
-0.00034
-0.00027
-0.00037
-0.00046
-0.00043
-0.00037
-0.00040
-0.00043
-0.00061
-0.00079
-0.00079
-0.00070
-0.00073
-0.00079
-0.00067
-0.00064
-0.00076
-0.00098
-0.00076
-0.00021
0.00012
-0.00018
-0.00070
-0.00070
-0.00040
-0.00024
-0.00055
-0.00095
-0.00095
-0.00079
-0.00049
-0.00058
-0.00040
0.00000
0.00000
0.00000
0.00000
0.00000
0.00000
0.00000
0.00000
0.00000
0.00000
0.00000
0.00000
0.00000
0.00000
0.00000
0.00000
0.00000
0.00000
0.00000
0.00000
0.00000
0.00000
0.00000
0.00000
0.00000
0.00000
0.00000
0.00000
0.00000
0.00000
0.00000
0.00000
0.00000
0.00000
0.00000
0.00000
0.00000
0.00000
0.00000
0.00000
0.00000
0.00000
0.00000
0.00000
0.00000
0.00000
0.00000
0.00000
0.00000
0.00000
0.00000
0.00000
0.00000
0.00000
0.00000
0.00000
0.00000
0.00000
0.00000
0.00000
0.00000
0.00000
0.00000
0.00000
0.00000
0.00000
0.00000
0.00000
0.00000
0.00000
0.00000
0.00000
0.00000
0.00000
0.00000
0.00000
0.00000
0.00000
0.00000
0.00000
0.00000
0.00000
0.00000
0.00000
0.00000
0.00000
0.00000
0.00000
0.00000
0.00000
0.00000
0.00000
0.00000
0.00000
0.00000
0.00000
0.00000
0.00000
0.00000
0.00000
0.00000
0.00000
0.00000
0.00000
0.00000
0.00000
0.00000
0.00000
0.00000
0.00000
0.00000
0.00000
0.00000
0.00000
0.00000
0.00000
0.00000
0.00000
0.00000
0.00000
0.00000
0.00000
0.00000
0.00000
0.00000
0.00000
0.00000
