0.00000
0.00006
0.00006
0.00000
0.00000
0.00000
0.00000
0.00000
0.00000
0.00003
0.00000
0.00000
0.00000
0.00000
0.00000
0.00000
-0.00003
0.00000
0.00003
0.00003
0.00003
0.00003
0.00009
0.00006
0.00003
0.00003
0.00003
0.00003
0.00003
0.00003
0.00000
0.00000
0.00000
0.00000
-0.00031
0.00018
0.00003
0.00000
0.00000
-0.00003
0.00000
0.00000
0.00003
0.00003
0.00006
0.00006
0.00009
0.00006
0.00003
0.00000
-0.00003
-0.00006
-0.00006
-0.00003
0.00000
0.00000
0.00000
0.00000
0.00000
-0.00003
-0.00003
-0.00006
-0.00006
-0.00006
-0.00003
0.00000
0.00000
-0.00003
0.00000
0.00000
-0.00003
0.00000
0.00000
0.00000
0.00000
0.00000
0.00000
-0.00003
0.00000
0.00000
-0.00006
-0.00006
-0.00006
-0.00012
-0.00009
-0.00006
-0.00006
-0.00006
-0.00003
-0.00003
-0.00003
0.00000
0.00000
-0.00003
-0.00003
-0.00003
-0.00003
-0.00006
-0.00012
-0.00012
-0.00012
-0.00009
-0.00009
-0.00009
-0.00003
0.00000
-0.00003
-0.00003
-0.00003
-0.00009
-0.00015
-0.00015
-0.00015
-0.00012
-0.00012
-0.00015
-0.00012
-0.00006
-0.00006
-0.00009
-0.00009
-0.00009
-0.00015
-0.00015
-0.00018
-0.00018
-0.00012
-0.00012
-0.00012
-0.00012
-0.00015
-0.00012
-0.00009
-0.00009
-0.00009
-0.00009
-0.00012
-0.00015
-0.00018
-0.00021
-0.00018
-0.00015
-0.00012
-0.00012
-0.00009
-0.00009
-0.00009
-0.00006
-0.00012
-0.00021
-0.00021
-0.00021
-0.00018
-0.00018
-0.00015
-0.00015
-0.00018
-0.00024
-0.00027
-0.00024
-0.00024
-0.00024
-0.00021
-0.00018
-0.00018
-0.00015
-0.00015
-0.00018
-0.00021
-0.00024
-0.00021
-0.00027
-0.00031
-0.00021
-0.00018
-0.00021
-0.00021
-0.00018
-0.00018
-0.00024
-0.00021
-0.00021
-0.00021
-0.00034
-0.00034
-0.00031
-0.00031
-0.00027
-0.00021
-0.00018
-0.00015
-0.00021
-0.00027
-0.00024
-0.00034
-0.00034
-0.00043
-0.00021
-0.00046
-0.00012
-0.00052
0.00012
-0.00082
-0.00052
-0.01508
-0.02692
-0.01700
-0.01926
0.00015
0.01465
0.02008
0.01447
0.00916
0.01068
0.00208
-0.00616
-0.01367
-0.01263
-0.00885
-0.00674
-0.00284
0.00861
0.01089
0.00659
0.00641
0.00668
0.00516
0.00104
-0.00153
-0.00049
0.00128
0.00037
-0.00259
-0.00183
0.00171
0.00204
0.00192
0.00101
0.00089
0.00055
-0.00006
0.00150
0.00220
0.00134
0.00110
0.00000
-0.00101
-0.00064
0.00037
0.00046
0.00012
0.00040
0.00055
0.00067
0.00046
-0.00046
-0.00049
0.00189
0.00192
-0.00024
-0.00073
0.00024
0.00119
0.00122
0.00000
-0.00024
0.00037
-0.00067
-0.00079
-0.00092
-0.00092
-0.00104
-0.00107
0.00018
0.00101
0.00101
0.00012
0.00003
0.00031
-0.00006
-0.00104
-0.00146
-0.00140
-0.00128
-0.00058
-0.00067
-0.00079
-0.00079
-0.00098
-0.00095
-0.00085
-0.00043
-0.00037
-0.00046
-0.00061
-0.00052
-0.00058
-0.00107
-0.00159
-0.00140
-0.00116
-0.00095
-0.00082
-0.00098
-0.00107
-0.00098
-0.00110
-0.00146
-0.00156
-0.00125
-0.00061
-0.00006
-0.00018
-0.00089
-0.00143
-0.00150
-0.00110
-0.00067
-0.00061
-0.00089
-0.00095
-0.00064
-0.00043
-0.00079
-0.00137
-0.00165
-0.00153
-0.00101
-0.00058
-0.00052
-0.00110
-0.00140
-0.00073
-0.00012
-0.00024
-0.00119
-0.00186
-0.00165
-0.00137
-0.00128
-0.00119
-0.00089
-0.00061
-0.00064
-0.00064
-0.00046
-0.00043
-0.00061
-0.00070
-0.00055
-0.00024
-0.00015
-0.00040
-0.00082
-0.00110
-0.00107
-0.00089
-0.00073
-0.00064
-0.00040
-0.00027
-0.00034
-0.00058
-0.00067
-0.00046
-0.00043
-0.00046
-0.00027
-0.00003
0.00000
0.00000
0.00000
0.00000
0.00000
0.00000
0.00000
0.00000
0.00000
0.00000
0.00000
0.00000
0.00000
0.00000
0.00000
0.00000
0.00000
0.00000
0.00000
0.00000
0.00000
0.00000
0.00000
0.00000
0.00000
0.00000
0.00000
0.00000
0.00000
0.00000
0.00000
0.00000
0.00000
0.00000
0.00000
0.00000
0.00000
0.00000
0.00000
0.00000
0.00000
0.00000
0.00000
0.00000
0.00000
0.00000
0.00000
0.00000
0.00000
0.00000
0.00000
0.00000
0.00000
0.00000
0.00000
0.00000
0.00000
0.00000
0.00000
0.00000
0.00000
0.00000
0.00000
0.00000
0.00000
0.00000
0.00000
0.00000
0.00000
0.00000
0.00000
0.00000
0.00000
0.00000
0.00000
0.00000
0.00000
0.00000
0.00000
0.00000
0.00000
0.00000
0.00000
0.00000
0.00000
0.00000
0.00000
0.00000
0.00000
0.00000
0.00000
0.00000
0.00000
0.00000
0.00000
0.00000
0.00000
0.00000
0.00000
0.00000
0.00000
0.00000
0.00000
0.00000
0.00000
0.00000
0.00000
0.00000
0.00000
0.00000
0.00000
0.00000
0.00000
0.00000
0.00000
0.00000
0.00000
0.00000
0.00000
0.00000
0.00000
0.00000
0.00000
0.00000
0.00000
0.00000
0.00000
0.00000
0.00000
0.00000
0.00000
0.00000
0.00000
0.00000
0.00000
0.00000
0.00000
0.00000
0.00000
0.00000
0.00000
0.00000
0.00000
