0.00003
0.00000
0.00000
0.00012
0.00000
0.00003
0.00003
0.00000
0.00000
-0.00009
0.00000
0.00003
0.00012
0.00012
0.00012
0.00012
0.00006
0.00000
0.00000
0.00000
-0.00006
-0.00006
0.00000
0.00009
0.00006
0.00009
0.00015
0.00009
0.00003
-0.00009
-0.00003
0.00000
-0.00003
0.00003
-0.00027
0.00034
0.00012
0.00006
0.00021
0.00006
0.00003
0.00000
0.00006
0.00003
0.00000
0.00000
0.00006
0.00003
0.00003
0.00006
0.00009
0.00003
0.00009
0.00015
0.00024
0.00018
0.00015
0.00018
0.00000
0.00018
0.00006
0.00009
0.00003
0.00000
0.00006
-0.00003
0.00012
0.00012
0.00006
0.00009
0.00015
0.00012
0.00012
0.00015
0.00012
0.00009
0.00009
0.00006
-0.00003
0.00003
0.00000
-0.00003
0.00006
0.00012
0.00015
0.00012
0.00024
0.00018
0.00006
0.00006
0.00000
0.00003
0.00009
0.00003
0.00012
0.00015
0.00021
0.00009
0.00006
0.00009
-0.00003
-0.00006
0.00006
0.00015
0.00006
0.00012
0.00018
0.00006
0.00003
0.00000
0.00000
0.00000
0.00003
0.00015
0.00021
0.00021
0.00015
0.00009
0.00006
0.00003
0.00000
0.00009
0.00015
0.00021
0.00015
0.00015
0.00018
0.00003
0.00000
0.00000
0.00000
0.00000
0.00003
0.00015
0.00015
0.00024
0.00018
0.00009
0.00012
0.00018
0.00012
0.00006
0.00015
0.00009
0.00003
0.00000
0.00003
0.00000
-0.00003
0.00006
0.00003
0.00015
0.00018
0.00024
0.00021
0.00015
0.00009
0.00006
0.00009
0.00003
0.00000
0.00003
0.00003
0.00009
0.00000
0.00000
0.00000
-0.00003
0.00000
0.00006
0.00021
0.00018
0.00006
0.00018
0.00000
0.00031
-0.00021
0.00040
-0.00024
0.00009
0.00034
-0.00092
0.00220
-0.00354
-0.01700
-0.16516
-0.08371
-0.01840
0.02374
0.12747
0.10535
0.11774
-0.01013
0.00763
0.00150
-0.02673
-0.05545
-0.07007
-0.04401
0.00684
0.04068
0.04788
0.05588
0.00519
-0.02176
-0.01801
0.00125
-0.00336
-0.00848
0.00525
0.00525
0.00204
0.00732
-0.00568
-0.00555
0.00351
0.00040
-0.00571
0.00272
0.00632
-0.00528
0.00342
0.01208
0.00494
-0.00174
0.00473
-0.00208
-0.00229
-0.00058
-0.00275
-0.00616
-0.00250
-0.00006
-0.00226
0.00098
0.00348
-0.00018
0.00253
0.00845
0.00510
0.00049
0.00140
0.00406
0.00180
-0.00208
-0.00226
-0.00479
-0.00659
-0.00266
0.00049
0.00220
0.00153
0.00015
0.00055
0.00037
0.00272
0.00070
0.00012
-0.00037
-0.00208
-0.00232
-0.00079
-0.00024
-0.00259
-0.00211
0.00089
-0.00098
-0.00159
-0.00055
-0.00031
0.00119
0.00095
-0.00116
-0.00089
-0.00043
0.00003
0.00049
-0.00003
-0.00165
-0.00201
-0.00049
-0.00174
-0.00253
-0.00226
-0.00232
-0.00098
-0.00092
-0.00092
-0.00006
0.00067
0.00110
0.00067
0.00122
0.00009
-0.00146
-0.00092
-0.00092
-0.00076
-0.00064
-0.00055
0.00027
-0.00024
-0.00055
-0.00204
-0.00363
-0.00327
-0.00198
0.00003
0.00076
0.00055
0.00021
-0.00049
-0.00024
-0.00027
-0.00052
-0.00089
-0.00165
-0.00204
-0.00223
-0.00192
-0.00162
-0.00095
0.00067
0.00110
0.00061
0.00015
0.00018
0.00073
0.00067
0.00092
0.00055
-0.00052
-0.00125
-0.00134
-0.00085
-0.00110
-0.00180
-0.00180
-0.00089
0.00043
0.00067
0.00015
-0.00049
-0.00098
-0.00031
0.00079
0.00134
0.00092
0.00000
-0.00043
-0.00076
-0.00104
-0.00089
-0.00061
-0.00031
-0.00052
-0.00052
-0.00031
0.00012
0.00098
0.00113
0.00095
-0.00003
-0.00073
-0.00064
-0.00040
0.00006
-0.00021
0.00006
-0.00006
-0.00067
-0.00092
0.00000
0.00000
0.00000
0.00000
0.00000
0.00000
0.00000
0.00000
0.00000
0.00000
0.00000
0.00000
0.00000
0.00000
0.00000
0.00000
0.00000
0.00000
0.00000
0.00000
0.00000
0.00000
0.00000
0.00000
0.00000
0.00000
0.00000
0.00000
0.00000
0.00000
0.00000
0.00000
0.00000
0.00000
0.00000
0.00000
0.00000
0.00000
0.00000
0.00000
0.00000
0.00000
0.00000
0.00000
0.00000
0.00000
0.00000
0.00000
0.00000
0.00000
0.00000
0.00000
0.00000
0.00000
0.00000
0.00000
0.00000
0.00000
0.00000
0.00000
0.00000
0.00000
0.00000
0.00000
0.00000
0.00000
0.00000
0.00000
0.00000
0.00000
0.00000
0.00000
0.00000
0.00000
0.00000
0.00000
0.00000
0.00000
0.00000
0.00000
0.00000
0.00000
0.00000
0.00000
0.00000
0.00000
0.00000
0.00000
0.00000
0.00000
0.00000
0.00000
0.00000
0.00000
0.00000
0.00000
0.00000
0.00000
0.00000
0.00000
0.00000
0.00000
0.00000
0.00000
0.00000
0.00000
0.00000
0.00000
0.00000
0.00000
0.00000
0.00000
0.00000
0.00000
0.00000
0.00000
0.00000
0.00000
0.00000
0.00000
0.00000
0.00000
0.00000
0.00000
0.00000
0.00000
0.00000
0.00000
0.00000
0.00000
0.00000
0.00000
0.00000
0.00000
0.00000
0.00000
0.00000
0.00000
0.00000
0.00000
