0.00000
-0.00003
-0.00006
-0.00012
-0.00018
-0.00012
-0.00012
-0.00012
-0.00015
-0.00006
-0.00006
-0.00012
-0.00012
-0.00015
-0.00012
-0.00015
-0.00018
-0.00012
-0.00006
-0.00009
-0.00009
-0.00009
-0.00009
-0.00015
-0.00015
-0.00009
-0.00006
-0.00009
-0.00009
-0.00009
-0.00012
-0.00012
-0.00018
-0.00009
-0.00043
0.00006
-0.00009
-0.00015
-0.00003
-0.00018
-0.00015
-0.00015
-0.00012
-0.00012
-0.00009
-0.00009
-0.00009
-0.00006
-0.00009
-0.00009
-0.00012
-0.00009
-0.00012
-0.00034
-0.00009
-0.00018
-0.00024
-0.00018
-0.00015
-0.00006
-0.00012
-0.00009
-0.00003
-0.00006
-0.00012
-0.00012
-0.00009
-0.00006
-0.00006
-0.00009
-0.00012
-0.00006
-0.00015
-0.00021
-0.00012
-0.00012
-0.00021
-0.00015
-0.00012
-0.00009
-0.00012
0.00000
-0.00003
-0.00018
-0.00012
-0.00012
-0.00012
-0.00012
-0.00021
-0.00021
-0.00015
-0.00015
-0.00015
-0.00012
-0.00003
-0.00006
-0.00015
-0.00009
0.00000
-0.00012
-0.00018
-0.00009
-0.00012
-0.00015
-0.00015
-0.00015
-0.00009
-0.00012
-0.00018
-0.00015
-0.00012
-0.00012
-0.00015
-0.00015
-0.00009
-0.00009
-0.00012
-0.00015
-0.00015
-0.00012
-0.00018
-0.00018
-0.00018
-0.00012
-0.00015
-0.00018
-0.00015
-0.00012
-0.00015
-0.00012
-0.00015
-0.00012
-0.00009
-0.00018
-0.00015
-0.00018
-0.00021
-0.00015
-0.00021
-0.00018
-0.00015
-0.00018
-0.00015
-0.00021
-0.00021
-0.00018
-0.00018
-0.00018
-0.00015
-0.00006
-0.00009
-0.00012
-0.00015
-0.00015
-0.00015
-0.00021
-0.00018
-0.00018
-0.00015
-0.00024
-0.00024
-0.00018
-0.00018
-0.00021
-0.00021
-0.00018
-0.00006
-0.00015
-0.00021
-0.00027
-0.00006
-0.00034
-0.00012
-0.00006
-0.00058
0.00067
-0.00186
0.00266
-0.00476
-0.00217
-0.11389
-0.04428
0.03796
-0.02295
0.00052
0.00064
0.02310
0.04062
0.01883
0.00345
0.03784
0.03510
-0.00681
-0.02655
0.02512
0.00974
-0.00323
-0.00333
-0.01453
-0.00729
0.00650
-0.00702
-0.00204
0.02057
0.00302
-0.00867
0.00290
0.01096
-0.00198
-0.00024
-0.00052
-0.00162
0.00140
0.00119
-0.00348
-0.00259
0.00449
0.00540
0.00253
0.00125
0.00327
-0.00180
0.00113
0.00162
0.00012
-0.00204
-0.00027
-0.00092
-0.00058
-0.00009
-0.00003
-0.00620
-0.00180
0.00491
0.00198
-0.00061
0.00119
0.00439
0.00348
-0.00052
0.00000
0.00067
-0.00076
-0.00159
-0.00253
-0.00021
0.00006
-0.00363
-0.00287
-0.00107
0.00128
-0.00165
-0.00104
0.00262
0.00092
-0.00119
-0.00082
-0.00055
0.00119
-0.00153
-0.00223
-0.00180
-0.00110
-0.00171
-0.00183
-0.00110
-0.00049
-0.00082
-0.00049
-0.00061
-0.00034
-0.00015
-0.00055
-0.00012
-0.00058
-0.00092
-0.00128
-0.00211
-0.00165
-0.00177
-0.00156
-0.00211
-0.00186
-0.00116
-0.00098
-0.00046
-0.00031
0.00015
-0.00003
-0.00092
-0.00003
0.00024
-0.00031
-0.00040
-0.00052
0.00018
-0.00015
-0.00104
-0.00137
-0.00195
-0.00201
-0.00165
-0.00131
-0.00076
-0.00101
-0.00140
-0.00122
-0.00055
-0.00040
-0.00034
-0.00015
-0.00052
-0.00107
-0.00107
-0.00104
-0.00119
-0.00146
-0.00113
-0.00067
-0.00070
-0.00079
-0.00058
0.00027
0.00076
0.00064
0.00067
0.00037
0.00031
0.00000
-0.00015
-0.00003
-0.00082
-0.00128
-0.00092
-0.00031
-0.00040
-0.00110
-0.00116
-0.00107
-0.00067
0.00000
0.00043
0.00067
0.00037
0.00003
0.00012
0.00009
0.00000
-0.00027
-0.00034
-0.00031
-0.00055
-0.00061
-0.00058
-0.00006
0.00015
0.00018
0.00027
0.00031
0.00052
0.00043
0.00024
0.00040
0.00040
0.00021
-0.00015
-0.00027
-0.00018
-0.00027
-0.00031
-0.00037
-0.00043
-0.00043
-0.00052
-0.00031
0.00000
0.00031
0.00055
0.00049
0.00043
0.00003
-0.00009
0.00009
0.00021
0.00027
-0.00058
-0.00122
-0.00055
-0.00006
0.00000
0.00000
0.00000
0.00000
0.00000
0.00000
0.00000
0.00000
0.00000
0.00000
0.00000
0.00000
0.00000
0.00000
0.00000
0.00000
0.00000
0.00000
0.00000
0.00000
0.00000
0.00000
0.00000
0.00000
0.00000
0.00000
0.00000
0.00000
0.00000
0.00000
0.00000
0.00000
0.00000
0.00000
0.00000
0.00000
0.00000
0.00000
0.00000
0.00000
0.00000
0.00000
0.00000
0.00000
0.00000
0.00000
0.00000
0.00000
0.00000
0.00000
0.00000
0.00000
0.00000
0.00000
0.00000
0.00000
0.00000
0.00000
0.00000
0.00000
0.00000
0.00000
0.00000
0.00000
0.00000
0.00000
0.00000
0.00000
0.00000
0.00000
0.00000
0.00000
0.00000
0.00000
0.00000
0.00000
0.00000
0.00000
0.00000
0.00000
0.00000
0.00000
0.00000
0.00000
0.00000
0.00000
0.00000
0.00000
0.00000
0.00000
0.00000
0.00000
0.00000
0.00000
0.00000
0.00000
0.00000
0.00000
0.00000
0.00000
0.00000
0.00000
0.00000
0.00000
0.00000
0.00000
0.00000
0.00000
0.00000
0.00000
0.00000
0.00000
0.00000
0.00000
0.00000
0.00000
0.00000
0.00000
0.00000
0.00000
0.00000
0.00000
0.00000
