0.00009
0.00009
0.00006
0.00006
0.00009
0.00009
0.00012
0.00012
0.00012
0.00015
0.00009
0.00009
0.00009
0.00009
0.00012
0.00009
0.00009
0.00012
0.00012
0.00015
0.00012
0.00006
0.00006
0.00006
0.00009
0.00006
0.00006
0.00006
0.00006
0.00006
0.00006
0.00012
0.00015
0.00012
-0.00018
0.00031
0.00015
0.00003
0.00009
0.00006
0.00006
0.00003
0.00012
0.00012
0.00006
0.00006
0.00012
0.00009
0.00006
0.00009
0.00012
0.00009
0.00006
0.00006
0.00006
0.00003
0.00000
0.00000
0.00006
0.00006
0.00006
0.00006
0.00012
0.00012
0.00003
0.00009
0.00012
0.00000
0.00000
0.00003
0.00003
0.00000
0.00000
0.00003
0.00006
0.00003
0.00006
0.00006
0.00009
0.00009
0.00006
0.00012
0.00006
0.00000
0.00003
0.00003
0.00003
0.00000
0.00000
0.00003
0.00003
0.00003
0.00006
0.00006
0.00006
0.00000
0.00003
0.00003
0.00000
0.00000
0.00000
0.00000
0.00000
0.00000
0.00000
0.00000
0.00000
0.00000
0.00000
0.00003
0.00003
0.00000
0.00000
0.00000
-0.00003
-0.00003
-0.00006
-0.00006
-0.00006
-0.00006
-0.00003
-0.00003
0.00000
0.00000
-0.00003
0.00000
-0.00003
-0.00003
-0.00003
-0.00006
0.00000
-0.00003
0.00000
-0.00003
-0.00006
-0.00003
-0.00009
-0.00006
-0.00003
-0.00006
-0.00006
-0.00006
-0.00003
-0.00006
-0.00009
-0.00003
-0.00003
-0.00009
-0.00009
-0.00009
-0.00009
-0.00006
-0.00006
-0.00009
-0.00006
-0.00009
-0.00009
-0.00006
-0.00003
-0.00006
-0.00012
-0.00009
-0.00012
-0.00009
-0.00006
-0.00009
-0.00006
-0.00009
-0.00009
-0.00009
-0.00012
-0.00015
-0.00015
-0.00015
-0.00015
-0.00012
-0.00012
-0.00012
-0.00012
-0.00009
-0.00006
-0.00015
-0.00003
-0.00027
0.00012
-0.00061
0.00046
-0.00113
0.00101
-0.00217
0.00183
-0.02585
-0.04883
-0.01645
-0.02127
-0.01981
-0.01755
0.00815
0.03329
0.04602
0.04153
0.03281
0.02866
0.00439
-0.01968
-0.02283
-0.00745
-0.01520
-0.01096
-0.00427
0.00095
0.01340
0.01300
0.00342
0.00464
0.00577
-0.00186
-0.00351
0.00082
0.00070
-0.00266
-0.00183
-0.00342
-0.00284
-0.00027
0.00024
-0.00174
0.00174
0.00302
0.00272
0.00238
0.00192
0.00043
0.00116
0.00244
0.00153
0.00076
0.00003
-0.00003
-0.00079
-0.00061
-0.00034
-0.00104
-0.00189
0.00018
0.00165
0.00177
0.00214
0.00266
0.00320
0.00122
0.00064
0.00015
-0.00128
-0.00098
-0.00137
-0.00186
-0.00052
-0.00082
-0.00125
-0.00113
0.00043
0.00040
-0.00024
0.00034
0.00024
0.00040
0.00079
-0.00015
-0.00070
-0.00070
-0.00143
-0.00183
-0.00201
-0.00168
-0.00131
-0.00061
-0.00040
-0.00055
0.00018
0.00037
-0.00021
-0.00055
-0.00052
-0.00018
-0.00027
-0.00073
-0.00107
-0.00125
-0.00125
-0.00150
-0.00174
-0.00180
-0.00198
-0.00180
-0.00134
-0.00073
-0.00027
-0.00012
-0.00021
-0.00034
0.00015
0.00052
-0.00009
-0.00082
-0.00101
-0.00055
-0.00027
-0.00073
-0.00119
-0.00150
-0.00165
-0.00180
-0.00180
-0.00146
-0.00131
-0.00119
-0.00082
-0.00040
-0.00015
-0.00040
-0.00055
-0.00064
-0.00076
-0.00101
-0.00137
-0.00153
-0.00165
-0.00150
-0.00122
-0.00092
-0.00064
-0.00034
0.00000
0.00018
0.00018
0.00031
0.00043
0.00021
-0.00018
-0.00040
-0.00058
-0.00098
-0.00116
-0.00101
-0.00101
-0.00119
-0.00122
-0.00082
-0.00046
-0.00058
-0.00055
-0.00027
0.00015
0.00037
0.00024
0.00000
-0.00027
-0.00040
-0.00040
-0.00049
-0.00067
-0.00082
-0.00082
-0.00076
-0.00049
-0.00018
-0.00003
0.00000
0.00000
0.00024
0.00049
0.00031
-0.00006
-0.00015
0.00000
0.00006
-0.00031
-0.00061
-0.00064
-0.00055
-0.00055
-0.00064
-0.00049
-0.00037
-0.00027
-0.00015
0.00012
0.00037
0.00031
0.00021
0.00015
-0.00003
0.00000
0.00000
0.00000
0.00000
0.00000
0.00000
0.00000
0.00000
0.00000
0.00000
0.00000
0.00000
0.00000
0.00000
0.00000
0.00000
0.00000
0.00000
0.00000
0.00000
0.00000
0.00000
0.00000
0.00000
0.00000
0.00000
0.00000
0.00000
0.00000
0.00000
0.00000
0.00000
0.00000
0.00000
0.00000
0.00000
0.00000
0.00000
0.00000
0.00000
0.00000
0.00000
0.00000
0.00000
0.00000
0.00000
0.00000
0.00000
0.00000
0.00000
0.00000
0.00000
0.00000
0.00000
0.00000
0.00000
0.00000
0.00000
0.00000
0.00000
0.00000
0.00000
0.00000
0.00000
0.00000
0.00000
0.00000
0.00000
0.00000
0.00000
0.00000
0.00000
0.00000
0.00000
0.00000
0.00000
0.00000
0.00000
0.00000
0.00000
0.00000
0.00000
0.00000
0.00000
0.00000
0.00000
0.00000
0.00000
0.00000
0.00000
0.00000
0.00000
0.00000
0.00000
0.00000
0.00000
0.00000
0.00000
0.00000
0.00000
0.00000
0.00000
0.00000
0.00000
0.00000
0.00000
0.00000
0.00000
0.00000
0.00000
0.00000
0.00000
0.00000
0.00000
0.00000
0.00000
0.00000
0.00000
0.00000
