-0.00006
-0.00009
-0.00015
-0.00015
-0.00009
-0.00009
-0.00009
-0.00006
0.00000
0.00000
0.00000
-0.00003
-0.00009
-0.00006
-0.00009
-0.00015
-0.00018
-0.00018
-0.00021
-0.00021
-0.00009
-0.00006
-0.00003
-0.00012
-0.00006
-0.00003
-0.00012
-0.00012
-0.00012
-0.00015
-0.00015
-0.00015
-0.00012
-0.00003
-0.00043
0.00009
0.00000
-0.00012
-0.00006
-0.00024
-0.00009
-0.00015
-0.00018
-0.00015
-0.00012
-0.00015
-0.00018
-0.00018
-0.00015
-0.00021
-0.00031
-0.00018
-0.00040
-0.00018
-0.00009
-0.00024
-0.00006
-0.00015
-0.00009
-0.00012
-0.00012
-0.00009
-0.00018
-0.00018
-0.00021
-0.00021
-0.00018
-0.00018
-0.00024
-0.00024
-0.00018
-0.00018
-0.00018
-0.00012
-0.00018
-0.00031
-0.00027
-0.00027
-0.00027
-0.00031
-0.00018
-0.00015
-0.00021
-0.00012
-0.00012
-0.00018
-0.00018
-0.00031
-0.00027
-0.00024
-0.00027
-0.00031
-0.00024
-0.00012
-0.00018
-0.00027
-0.00024
-0.00018
-0.00031
-0.00034
-0.00024
-0.00027
-0.00031
-0.00024
-0.00018
-0.00018
-0.00024
-0.00027
-0.00027
-0.00024
-0.00024
-0.00024
-0.00024
-0.00027
-0.00024
-0.00024
-0.00027
-0.00034
-0.00034
-0.00034
-0.00024
-0.00031
-0.00034
-0.00024
-0.00024
-0.00024
-0.00027
-0.00027
-0.00027
-0.00031
-0.00034
-0.00034
-0.00031
-0.00034
-0.00034
-0.00037
-0.00027
-0.00034
-0.00034
-0.00031
-0.00034
-0.00027
-0.00037
-0.00034
-0.00034
-0.00034
-0.00034
-0.00040
-0.00031
-0.00031
-0.00031
-0.00037
-0.00034
-0.00027
-0.00040
-0.00037
-0.00034
-0.00024
-0.00034
-0.00040
-0.00024
-0.00031
-0.00031
-0.00037
-0.00040
-0.00037
-0.00034
-0.00040
-0.00037
-0.00043
-0.00015
-0.00085
0.00067
-0.00201
0.00232
-0.00446
0.00571
-0.00940
0.00894
-0.11673
-0.09586
0.06470
-0.02676
0.00116
0.01117
0.05783
0.04697
0.00504
0.00385
0.02448
0.04019
-0.01715
-0.04199
0.01999
0.02826
-0.01816
0.00153
0.00388
-0.00909
0.00076
-0.00958
-0.00131
0.02368
0.00763
-0.01050
-0.00159
0.01572
-0.00595
-0.01492
0.00397
0.00510
0.00174
0.00241
0.00284
-0.00259
0.00009
0.00259
0.00079
-0.00024
0.00510
-0.00146
-0.00162
0.00320
0.00146
-0.00302
-0.00031
0.00024
-0.00287
-0.00323
0.00137
-0.00229
-0.00235
0.00607
0.00214
-0.00272
0.00049
0.00357
0.00345
-0.00186
-0.00043
0.00140
-0.00168
-0.00330
-0.00351
0.00012
0.00119
-0.00400
-0.00317
-0.00092
0.00125
-0.00113
-0.00232
0.00183
0.00119
-0.00235
-0.00079
-0.00040
0.00037
-0.00180
-0.00272
-0.00037
-0.00204
-0.00253
-0.00214
-0.00092
-0.00031
-0.00165
-0.00027
-0.00018
-0.00040
-0.00031
-0.00110
0.00000
-0.00104
-0.00156
-0.00168
-0.00238
-0.00232
-0.00226
-0.00183
-0.00143
-0.00177
-0.00153
-0.00131
-0.00067
-0.00003
0.00024
-0.00018
-0.00137
-0.00055
0.00043
-0.00027
-0.00061
-0.00079
-0.00015
-0.00037
-0.00137
-0.00128
-0.00217
-0.00269
-0.00204
-0.00113
-0.00049
-0.00113
-0.00156
-0.00128
-0.00055
-0.00024
-0.00052
-0.00012
-0.00027
-0.00146
-0.00201
-0.00168
-0.00098
-0.00125
-0.00113
-0.00055
-0.00055
-0.00073
-0.00070
0.00031
0.00079
0.00067
0.00070
0.00031
0.00015
-0.00012
-0.00031
-0.00037
-0.00128
-0.00162
-0.00098
-0.00027
-0.00034
-0.00101
-0.00079
-0.00049
-0.00058
-0.00031
0.00021
0.00061
0.00037
0.00012
0.00027
0.00006
-0.00034
-0.00052
-0.00024
-0.00015
-0.00082
-0.00095
-0.00052
0.00037
0.00061
0.00043
0.00037
0.00015
0.00046
0.00043
0.00018
0.00027
0.00046
0.00024
-0.00021
-0.00046
-0.00034
-0.00046
-0.00058
-0.00052
-0.00027
-0.00009
-0.00040
-0.00043
-0.00021
0.00015
0.00000
0.00000
0.00000
0.00000
0.00000
0.00000
0.00000
0.00000
0.00000
0.00000
0.00000
0.00000
0.00000
0.00000
0.00000
0.00000
0.00000
0.00000
0.00000
0.00000
0.00000
0.00000
0.00000
0.00000
0.00000
0.00000
0.00000
0.00000
0.00000
0.00000
0.00000
0.00000
0.00000
0.00000
0.00000
0.00000
0.00000
0.00000
0.00000
0.00000
0.00000
0.00000
0.00000
0.00000
0.00000
0.00000
0.00000
0.00000
0.00000
0.00000
0.00000
0.00000
0.00000
0.00000
0.00000
0.00000
0.00000
0.00000
0.00000
0.00000
0.00000
0.00000
0.00000
0.00000
0.00000
0.00000
0.00000
0.00000
0.00000
0.00000
0.00000
0.00000
0.00000
0.00000
0.00000
0.00000
0.00000
0.00000
0.00000
0.00000
0.00000
0.00000
0.00000
0.00000
0.00000
0.00000
0.00000
0.00000
0.00000
0.00000
0.00000
0.00000
0.00000
0.00000
0.00000
0.00000
0.00000
0.00000
0.00000
0.00000
0.00000
0.00000
0.00000
0.00000
0.00000
0.00000
0.00000
0.00000
0.00000
0.00000
0.00000
0.00000
0.00000
0.00000
0.00000
0.00000
0.00000
0.00000
0.00000
0.00000
0.00000
0.00000
0.00000
0.00000
0.00000
0.00000
0.00000
0.00000
0.00000
0.00000
0.00000
0.00000
0.00000
0.00000
0.00000
0.00000
