-0.00021
-0.00021
-0.00018
-0.00012
-0.00015
-0.00018
-0.00015
-0.00021
-0.00024
-0.00021
-0.00021
-0.00015
-0.00009
-0.00018
-0.00018
-0.00012
-0.00018
-0.00021
-0.00018
-0.00018
-0.00021
-0.00018
-0.00015
-0.00018
-0.00021
-0.00018
-0.00012
-0.00021
-0.00018
-0.00012
-0.00012
-0.00015
-0.00021
-0.00012
-0.00046
0.00006
-0.00012
-0.00024
-0.00012
-0.00018
-0.00015
-0.00021
-0.00009
-0.00015
-0.00018
-0.00018
-0.00012
-0.00015
-0.00021
-0.00018
-0.00015
-0.00009
-0.00009
-0.00034
-0.00012
-0.00006
-0.00024
-0.00018
-0.00015
-0.00009
-0.00018
-0.00015
-0.00009
-0.00003
-0.00012
-0.00018
-0.00015
-0.00018
-0.00009
-0.00015
-0.00018
-0.00009
-0.00012
-0.00021
-0.00015
-0.00003
-0.00015
-0.00018
-0.00015
-0.00009
-0.00018
-0.00015
-0.00012
-0.00018
-0.00012
-0.00012
-0.00015
-0.00006
-0.00009
-0.00012
-0.00009
-0.00009
-0.00015
-0.00015
-0.00006
-0.00015
-0.00024
-0.00012
-0.00003
-0.00015
-0.00018
-0.00003
-0.00006
-0.00015
-0.00012
-0.00009
-0.00015
-0.00015
-0.00012
-0.00009
-0.00006
-0.00009
-0.00015
-0.00012
-0.00003
-0.00012
-0.00015
-0.00006
-0.00009
-0.00018
-0.00015
-0.00009
-0.00018
-0.00015
-0.00006
-0.00003
-0.00003
-0.00009
-0.00012
-0.00009
-0.00009
-0.00012
-0.00015
-0.00012
-0.00009
-0.00009
-0.00015
-0.00006
-0.00006
-0.00012
-0.00015
-0.00015
-0.00006
-0.00009
-0.00009
-0.00012
-0.00003
-0.00003
-0.00009
-0.00009
-0.00006
-0.00009
-0.00012
-0.00006
-0.00003
-0.00012
-0.00009
-0.00012
-0.00003
-0.00006
-0.00015
-0.00009
-0.00009
-0.00006
-0.00006
-0.00009
-0.00003
-0.00009
-0.00003
-0.00018
0.00009
-0.00015
0.00000
0.00006
-0.00058
0.00089
-0.00195
0.00299
-0.00482
-0.00446
-0.15317
-0.10788
0.04602
-0.00311
0.01791
0.06802
0.11823
0.06412
0.00162
-0.01740
0.02609
0.02197
-0.07895
-0.07333
0.00534
0.03436
0.00162
0.01495
0.02802
0.00226
-0.00391
-0.01389
0.00156
0.02728
0.00845
-0.01691
0.00186
0.01453
-0.00482
-0.01392
-0.00412
0.00143
-0.00043
-0.00073
0.00256
0.00195
0.00357
0.00668
0.00327
0.00308
0.00659
0.00195
-0.00421
-0.00272
-0.00040
-0.00128
-0.00104
-0.00174
-0.00452
-0.00208
0.00299
-0.00018
-0.00027
0.00806
0.00702
-0.00113
0.00009
0.00433
0.00342
-0.00247
-0.00296
-0.00150
-0.00421
-0.00577
-0.00281
0.00238
0.00281
-0.00186
-0.00256
0.00134
0.00421
0.00146
-0.00009
0.00220
0.00073
-0.00363
-0.00323
-0.00116
-0.00195
-0.00290
-0.00134
-0.00037
-0.00110
-0.00177
0.00021
0.00241
0.00040
-0.00174
-0.00076
0.00040
0.00009
-0.00040
0.00040
0.00012
-0.00137
-0.00275
-0.00290
-0.00198
-0.00125
-0.00195
-0.00177
-0.00137
-0.00101
-0.00015
-0.00012
0.00037
0.00085
0.00150
0.00040
-0.00122
-0.00027
0.00009
-0.00064
-0.00082
-0.00027
0.00024
-0.00076
-0.00159
-0.00131
-0.00177
-0.00262
-0.00220
-0.00043
0.00058
0.00015
-0.00040
-0.00040
0.00021
0.00006
-0.00027
0.00003
-0.00049
-0.00204
-0.00293
-0.00204
-0.00113
-0.00119
-0.00040
0.00070
0.00070
0.00000
0.00015
0.00140
0.00171
0.00110
0.00067
0.00034
-0.00003
-0.00061
-0.00067
-0.00082
-0.00171
-0.00189
-0.00073
0.00043
0.00021
-0.00046
-0.00021
0.00009
0.00006
0.00040
0.00119
0.00140
0.00043
-0.00037
-0.00015
-0.00006
-0.00046
-0.00067
-0.00024
-0.00015
-0.00067
-0.00073
0.00000
0.00122
0.00150
0.00119
0.00070
0.00027
0.00027
0.00031
0.00034
0.00052
0.00040
-0.00003
-0.00064
-0.00107
-0.00079
-0.00061
-0.00055
-0.00034
-0.00006
0.00034
-0.00012
0.00000
0.00000
0.00000
0.00000
0.00000
0.00000
0.00000
0.00000
0.00000
0.00000
0.00000
0.00000
0.00000
0.00000
0.00000
0.00000
0.00000
0.00000
0.00000
0.00000
0.00000
0.00000
0.00000
0.00000
0.00000
0.00000
0.00000
0.00000
0.00000
0.00000
0.00000
0.00000
0.00000
0.00000
0.00000
0.00000
0.00000
0.00000
0.00000
0.00000
0.00000
0.00000
0.00000
0.00000
0.00000
0.00000
0.00000
0.00000
0.00000
0.00000
0.00000
0.00000
0.00000
0.00000
0.00000
0.00000
0.00000
0.00000
0.00000
0.00000
0.00000
0.00000
0.00000
0.00000
0.00000
0.00000
0.00000
0.00000
0.00000
0.00000
0.00000
0.00000
0.00000
0.00000
0.00000
0.00000
0.00000
0.00000
0.00000
0.00000
0.00000
0.00000
0.00000
0.00000
0.00000
0.00000
0.00000
0.00000
0.00000
0.00000
0.00000
0.00000
0.00000
0.00000
0.00000
0.00000
0.00000
0.00000
0.00000
0.00000
0.00000
0.00000
0.00000
0.00000
0.00000
0.00000
0.00000
0.00000
0.00000
0.00000
0.00000
0.00000
0.00000
0.00000
0.00000
0.00000
0.00000
0.00000
0.00000
0.00000
0.00000
0.00000
0.00000
0.00000
0.00000
0.00000
0.00000
0.00000
0.00000
0.00000
0.00000
0.00000
0.00000
0.00000
0.00000
0.00000
0.00000
0.00000
