-0.00015
-0.00018
-0.00021
-0.00021
-0.00024
-0.00027
-0.00031
-0.00031
-0.00024
-0.00021
-0.00018
-0.00024
-0.00021
-0.00018
-0.00015
-0.00015
-0.00015
-0.00015
-0.00018
-0.00021
-0.00031
-0.00031
-0.00024
-0.00031
-0.00034
-0.00024
-0.00015
-0.00012
-0.00012
-0.00015
-0.00009
-0.00021
-0.00031
-0.00021
-0.00064
-0.00012
-0.00021
-0.00024
-0.00021
-0.00034
-0.00024
-0.00027
-0.00024
-0.00024
-0.00021
-0.00015
-0.00018
-0.00027
-0.00024
-0.00031
-0.00034
-0.00034
-0.00031
-0.00027
-0.00034
-0.00034
-0.00024
-0.00027
-0.00027
-0.00027
-0.00031
-0.00018
-0.00024
-0.00024
-0.00021
-0.00027
-0.00027
-0.00024
-0.00027
-0.00027
-0.00027
-0.00031
-0.00027
-0.00031
-0.00027
-0.00024
-0.00031
-0.00031
-0.00027
-0.00027
-0.00031
-0.00027
-0.00031
-0.00037
-0.00043
-0.00037
-0.00037
-0.00034
-0.00031
-0.00034
-0.00037
-0.00034
-0.00027
-0.00027
-0.00031
-0.00037
-0.00034
-0.00027
-0.00027
-0.00034
-0.00034
-0.00037
-0.00040
-0.00043
-0.00037
-0.00027
-0.00031
-0.00031
-0.00024
-0.00024
-0.00031
-0.00040
-0.00046
-0.00040
-0.00043
-0.00049
-0.00046
-0.00037
-0.00034
-0.00037
-0.00031
-0.00027
-0.00024
-0.00027
-0.00027
-0.00027
-0.00031
-0.00034
-0.00037
-0.00040
-0.00037
-0.00037
-0.00034
-0.00034
-0.00034
-0.00034
-0.00037
-0.00037
-0.00046
-0.00049
-0.00046
-0.00043
-0.00040
-0.00040
-0.00034
-0.00031
-0.00031
-0.00037
-0.00034
-0.00037
-0.00037
-0.00040
-0.00037
-0.00037
-0.00040
-0.00040
-0.00037
-0.00037
-0.00040
-0.00040
-0.00031
-0.00027
-0.00031
-0.00034
-0.00031
-0.00031
-0.00034
-0.00034
-0.00031
-0.00034
-0.00037
-0.00037
-0.00034
-0.00034
-0.00040
-0.00034
-0.00043
-0.00018
-0.00052
-0.00009
-0.00070
0.00000
-0.00076
0.00000
-0.00073
-0.00006
-0.01358
-0.06787
-0.01932
0.00195
-0.02673
-0.02542
-0.01938
0.02515
0.04987
0.03299
0.02557
0.04401
0.02820
-0.00238
-0.01440
-0.00287
-0.00772
-0.02072
-0.01706
-0.00690
0.00891
0.00903
-0.00296
0.00610
0.01471
0.00430
-0.00204
0.00012
0.00336
0.00003
-0.00281
-0.00314
-0.00006
-0.00040
-0.00195
-0.00229
-0.00113
0.00092
0.00085
0.00153
0.00323
0.00470
0.00204
0.00140
0.00229
0.00146
-0.00131
-0.00287
-0.00436
-0.00421
-0.00195
-0.00024
-0.00079
0.00150
0.00400
0.00241
0.00229
0.00345
0.00403
0.00171
-0.00089
-0.00043
0.00000
-0.00122
-0.00293
-0.00189
-0.00064
-0.00177
-0.00204
-0.00131
0.00113
0.00134
-0.00073
-0.00046
0.00168
0.00153
-0.00119
-0.00049
-0.00040
-0.00064
-0.00168
-0.00211
-0.00153
-0.00092
-0.00104
-0.00189
-0.00082
-0.00058
-0.00073
-0.00006
0.00000
0.00003
-0.00018
-0.00003
-0.00031
-0.00076
-0.00110
-0.00150
-0.00146
-0.00131
-0.00162
-0.00174
-0.00186
-0.00134
-0.00098
-0.00095
-0.00085
-0.00034
0.00018
0.00000
-0.00009
0.00040
0.00021
-0.00049
-0.00073
-0.00034
-0.00021
-0.00076
-0.00122
-0.00101
-0.00107
-0.00146
-0.00153
-0.00134
-0.00128
-0.00150
-0.00128
-0.00055
0.00012
0.00006
-0.00024
-0.00021
-0.00040
-0.00076
-0.00119
-0.00134
-0.00150
-0.00140
-0.00104
-0.00067
-0.00061
-0.00052
-0.00003
0.00040
0.00046
0.00049
0.00058
0.00061
0.00034
-0.00015
-0.00015
-0.00009
-0.00058
-0.00107
-0.00095
-0.00070
-0.00089
-0.00107
-0.00064
-0.00024
-0.00021
-0.00015
0.00012
0.00055
0.00037
0.00009
0.00018
0.00027
0.00015
-0.00012
-0.00027
-0.00046
-0.00067
-0.00067
-0.00034
0.00000
0.00012
0.00018
0.00031
0.00052
0.00076
0.00064
0.00027
0.00009
0.00018
0.00024
0.00006
-0.00015
-0.00021
-0.00027
-0.00031
-0.00031
-0.00021
-0.00015
-0.00003
0.00012
0.00034
0.00049
0.00043
0.00034
0.00027
0.00031
0.00031
0.00015
0.00009
0.00003
0.00000
0.00000
0.00000
0.00000
0.00000
0.00000
0.00000
0.00000
0.00000
0.00000
0.00000
0.00000
0.00000
0.00000
0.00000
0.00000
0.00000
0.00000
0.00000
0.00000
0.00000
0.00000
0.00000
0.00000
0.00000
0.00000
0.00000
0.00000
0.00000
0.00000
0.00000
0.00000
0.00000
0.00000
0.00000
0.00000
0.00000
0.00000
0.00000
0.00000
0.00000
0.00000
0.00000
0.00000
0.00000
0.00000
0.00000
0.00000
0.00000
0.00000
0.00000
0.00000
0.00000
0.00000
0.00000
0.00000
0.00000
0.00000
0.00000
0.00000
0.00000
0.00000
0.00000
0.00000
0.00000
0.00000
0.00000
0.00000
0.00000
0.00000
0.00000
0.00000
0.00000
0.00000
0.00000
0.00000
0.00000
0.00000
0.00000
0.00000
0.00000
0.00000
0.00000
0.00000
0.00000
0.00000
0.00000
0.00000
0.00000
0.00000
0.00000
0.00000
0.00000
0.00000
0.00000
0.00000
0.00000
0.00000
0.00000
0.00000
0.00000
0.00000
0.00000
0.00000
0.00000
0.00000
0.00000
0.00000
0.00000
0.00000
0.00000
0.00000
0.00000
0.00000
0.00000
0.00000
0.00000
0.00000
0.00000
0.00000
