0.00000
0.00003
0.00009
0.00000
0.00000
-0.00003
-0.00009
-0.00015
-0.00012
-0.00012
-0.00015
-0.00006
-0.00006
-0.00006
-0.00003
0.00000
0.00003
0.00000
0.00000
0.00000
0.00000
-0.00003
-0.00006
-0.00009
-0.00006
-0.00012
-0.00012
-0.00003
0.00000
-0.00003
-0.00006
-0.00006
-0.00012
-0.00015
-0.00046
0.00006
-0.00003
-0.00009
0.00000
-0.00006
0.00000
-0.00003
0.00000
-0.00012
-0.00012
-0.00006
-0.00012
-0.00012
-0.00009
-0.00003
-0.00006
-0.00009
-0.00009
-0.00012
-0.00015
-0.00018
-0.00018
-0.00018
-0.00006
-0.00031
-0.00003
-0.00003
-0.00015
0.00000
-0.00018
0.00000
-0.00021
-0.00009
-0.00009
-0.00015
-0.00015
-0.00018
-0.00009
-0.00015
-0.00006
-0.00009
-0.00009
-0.00009
-0.00018
-0.00018
-0.00009
-0.00015
-0.00024
-0.00018
-0.00018
-0.00015
-0.00021
-0.00006
-0.00015
-0.00031
-0.00027
-0.00024
-0.00024
-0.00018
-0.00015
-0.00012
-0.00015
-0.00009
-0.00012
-0.00015
-0.00012
-0.00021
-0.00024
-0.00024
-0.00015
-0.00027
-0.00018
-0.00012
-0.00027
-0.00034
-0.00027
-0.00018
-0.00034
-0.00024
-0.00012
-0.00021
-0.00027
-0.00034
-0.00024
-0.00027
-0.00027
-0.00024
-0.00015
-0.00012
-0.00015
-0.00018
-0.00024
-0.00031
-0.00043
-0.00040
-0.00037
-0.00037
-0.00031
-0.00024
-0.00018
-0.00024
-0.00027
-0.00027
-0.00031
-0.00034
-0.00037
-0.00031
-0.00037
-0.00031
-0.00037
-0.00027
-0.00024
-0.00027
-0.00021
-0.00031
-0.00027
-0.00037
-0.00037
-0.00034
-0.00034
-0.00027
-0.00031
-0.00024
-0.00031
-0.00031
-0.00034
-0.00040
-0.00037
-0.00040
-0.00034
-0.00040
-0.00043
-0.00024
-0.00037
-0.00027
-0.00024
-0.00027
-0.00031
-0.00037
-0.00034
-0.00034
-0.00043
-0.00018
-0.00082
0.00052
-0.00201
0.00223
-0.00449
0.00589
-0.00937
0.00592
-0.12735
-0.11572
-0.00998
-0.03455
0.13458
0.09717
0.11676
0.00476
-0.00934
0.01981
-0.02536
-0.03613
-0.06345
-0.03323
-0.01230
0.02042
0.03247
0.06168
0.01324
-0.02621
-0.02054
0.00357
0.00568
-0.00516
0.00189
0.00595
0.00079
0.00259
-0.00632
-0.00714
0.00464
-0.00095
-0.00504
0.00110
0.00876
-0.00424
0.00006
0.00815
0.00583
-0.00107
0.00421
-0.00146
-0.00299
-0.00128
-0.00363
-0.00482
-0.00388
0.00110
-0.00079
0.00031
0.00262
0.00079
0.00110
0.00696
0.00510
0.00101
0.00110
0.00214
0.00107
-0.00214
-0.00098
-0.00354
-0.00729
-0.00345
0.00000
0.00101
0.00156
0.00024
0.00137
-0.00031
0.00034
0.00009
0.00070
0.00107
-0.00278
-0.00186
0.00052
-0.00217
-0.00223
-0.00220
-0.00015
0.00046
-0.00250
-0.00177
-0.00076
0.00110
-0.00116
-0.00143
0.00024
-0.00073
0.00027
0.00073
-0.00085
-0.00098
-0.00177
-0.00146
-0.00201
-0.00272
-0.00287
-0.00259
-0.00082
-0.00064
-0.00125
-0.00027
-0.00070
0.00046
0.00082
0.00076
0.00000
-0.00168
-0.00125
-0.00085
-0.00070
-0.00058
-0.00107
-0.00006
-0.00046
-0.00079
-0.00137
-0.00339
-0.00360
-0.00247
-0.00061
0.00049
0.00037
0.00027
-0.00055
-0.00079
-0.00061
-0.00061
-0.00052
-0.00146
-0.00229
-0.00259
-0.00238
-0.00168
-0.00104
0.00046
0.00085
0.00024
0.00000
-0.00009
0.00046
0.00049
0.00073
0.00070
-0.00049
-0.00122
-0.00134
-0.00082
-0.00082
-0.00174
-0.00183
-0.00110
0.00000
0.00049
0.00012
-0.00024
-0.00089
-0.00058
0.00043
0.00101
0.00067
-0.00031
-0.00049
-0.00034
-0.00067
-0.00076
-0.00067
-0.00034
-0.00049
-0.00089
-0.00049
-0.00003
0.00064
0.00082
0.00070
0.00027
-0.00067
-0.00101
-0.00055
-0.00009
0.00055
0.00000
0.00000
0.00000
0.00000
0.00000
0.00000
0.00000
0.00000
0.00000
0.00000
0.00000
0.00000
0.00000
0.00000
0.00000
0.00000
0.00000
0.00000
0.00000
0.00000
0.00000
0.00000
0.00000
0.00000
0.00000
0.00000
0.00000
0.00000
0.00000
0.00000
0.00000
0.00000
0.00000
0.00000
0.00000
0.00000
0.00000
0.00000
0.00000
0.00000
0.00000
0.00000
0.00000
0.00000
0.00000
0.00000
0.00000
0.00000
0.00000
0.00000
0.00000
0.00000
0.00000
0.00000
0.00000
0.00000
0.00000
0.00000
0.00000
0.00000
0.00000
0.00000
0.00000
0.00000
0.00000
0.00000
0.00000
0.00000
0.00000
0.00000
0.00000
0.00000
0.00000
0.00000
0.00000
0.00000
0.00000
0.00000
0.00000
0.00000
0.00000
0.00000
0.00000
0.00000
0.00000
0.00000
0.00000
0.00000
0.00000
0.00000
0.00000
0.00000
0.00000
0.00000
0.00000
0.00000
0.00000
0.00000
0.00000
0.00000
0.00000
0.00000
0.00000
0.00000
0.00000
0.00000
0.00000
0.00000
0.00000
0.00000
0.00000
0.00000
0.00000
0.00000
0.00000
0.00000
0.00000
0.00000
0.00000
0.00000
0.00000
0.00000
0.00000
0.00000
0.00000
0.00000
0.00000
0.00000
0.00000
0.00000
0.00000
0.00000
0.00000
0.00000
0.00000
0.00000
0.00000
0.00000
0.00000
0.00000
0.00000
0.00000
0.00000
