-0.00012
-0.00009
-0.00009
-0.00006
-0.00009
-0.00009
-0.00009
-0.00012
-0.00012
-0.00009
-0.00006
-0.00009
-0.00012
-0.00009
-0.00006
-0.00003
-0.00006
-0.00009
-0.00009
-0.00009
-0.00009
-0.00006
-0.00006
-0.00012
-0.00009
-0.00012
-0.00009
-0.00006
-0.00003
-0.00003
-0.00003
-0.00006
-0.00006
-0.00003
-0.00043
0.00000
-0.00009
-0.00015
-0.00009
-0.00015
-0.00006
-0.00009
-0.00006
-0.00003
-0.00006
-0.00006
-0.00006
-0.00006
-0.00006
-0.00009
-0.00006
-0.00006
-0.00009
-0.00009
-0.00009
-0.00006
-0.00009
-0.00006
-0.00009
-0.00006
-0.00006
-0.00006
-0.00009
-0.00009
-0.00006
-0.00009
-0.00006
-0.00006
-0.00009
-0.00012
-0.00012
-0.00015
-0.00012
-0.00009
-0.00006
-0.00006
-0.00006
0.00000
-0.00003
-0.00006
-0.00009
-0.00012
-0.00012
-0.00015
-0.00012
-0.00006
-0.00003
-0.00006
-0.00009
-0.00009
-0.00006
-0.00006
-0.00012
-0.00012
-0.00009
-0.00012
-0.00012
-0.00009
-0.00006
-0.00006
-0.00009
-0.00012
-0.00012
-0.00009
-0.00006
-0.00006
-0.00006
-0.00003
-0.00003
-0.00006
-0.00009
-0.00012
-0.00012
-0.00015
-0.00015
-0.00015
-0.00012
-0.00009
-0.00009
-0.00009
-0.00006
-0.00009
-0.00009
-0.00012
-0.00009
-0.00012
-0.00012
-0.00006
-0.00009
-0.00015
-0.00012
-0.00006
-0.00015
-0.00012
-0.00009
-0.00009
-0.00009
-0.00009
-0.00009
-0.00006
-0.00009
-0.00012
-0.00012
-0.00009
-0.00009
-0.00012
-0.00012
-0.00009
-0.00009
-0.00015
-0.00015
-0.00012
-0.00012
-0.00009
-0.00009
-0.00009
-0.00006
-0.00012
-0.00015
-0.00015
-0.00015
-0.00018
-0.00018
-0.00015
-0.00012
-0.00009
-0.00006
-0.00003
-0.00009
-0.00009
-0.00009
-0.00012
-0.00015
-0.00015
-0.00012
-0.00018
-0.00015
-0.00012
-0.00012
-0.00015
-0.00015
-0.00018
-0.00018
-0.00018
-0.00021
-0.00012
-0.00012
-0.00012
-0.00012
-0.00006
-0.00009
-0.00012
-0.00015
-0.00015
-0.00012
-0.00012
-0.00015
-0.00015
-0.00012
-0.00018
-0.00021
-0.00018
-0.00034
-0.00024
-0.00027
-0.00082
-0.00870
-0.01257
-0.00903
-0.00787
-0.00528
-0.00342
0.00027
0.00366
0.00275
-0.00381
-0.01007
-0.01004
-0.00525
0.00534
0.01279
0.01294
0.00970
0.01047
0.01083
0.00537
0.00052
-0.00458
-0.00854
-0.00732
-0.00266
0.00308
0.00699
0.00494
0.00153
0.00134
0.00204
0.00098
-0.00021
-0.00006
0.00037
0.00052
0.00092
0.00076
0.00107
0.00089
0.00067
0.00076
0.00107
0.00070
0.00000
0.00018
0.00073
0.00101
0.00058
0.00031
0.00067
0.00116
0.00082
0.00043
0.00000
-0.00024
0.00027
0.00043
0.00058
0.00021
0.00024
0.00012
0.00040
0.00058
0.00034
0.00064
0.00098
0.00089
0.00076
-0.00003
-0.00107
-0.00146
-0.00101
-0.00058
-0.00040
-0.00015
-0.00006
0.00000
0.00009
0.00006
0.00003
-0.00034
-0.00095
-0.00089
-0.00031
-0.00021
-0.00055
-0.00079
-0.00061
-0.00067
-0.00098
-0.00119
-0.00104
-0.00052
-0.00027
-0.00024
-0.00024
-0.00046
-0.00055
-0.00061
-0.00067
-0.00116
-0.00134
-0.00079
-0.00034
-0.00055
-0.00125
-0.00165
-0.00128
-0.00055
-0.00021
-0.00052
-0.00095
-0.00085
-0.00027
0.00034
0.00024
-0.00031
-0.00082
-0.00101
-0.00073
-0.00055
-0.00076
-0.00113
-0.00092
-0.00046
-0.00018
-0.00034
-0.00122
-0.00174
-0.00137
-0.00052
-0.00018
-0.00055
-0.00085
-0.00073
-0.00052
-0.00052
-0.00061
-0.00070
-0.00082
-0.00095
-0.00079
-0.00046
-0.00031
-0.00040
-0.00052
-0.00043
-0.00024
-0.00027
-0.00027
-0.00012
0.00009
0.00009
-0.00012
-0.00037
-0.00049
-0.00052
-0.00064
-0.00070
-0.00052
-0.00034
-0.00049
-0.00067
-0.00040
0.00006
0.00015
-0.00021
-0.00058
-0.00027
0.00015
0.00027
-0.00006
-0.00037
-0.00034
-0.00027
-0.00040
-0.00052
-0.00055
-0.00040
-0.00031
-0.00015
0.00015
0.00000
0.00000
0.00000
0.00000
0.00000
0.00000
0.00000
0.00000
0.00000
0.00000
0.00000
0.00000
0.00000
0.00000
0.00000
0.00000
0.00000
0.00000
0.00000
0.00000
0.00000
0.00000
0.00000
0.00000
0.00000
0.00000
0.00000
0.00000
0.00000
0.00000
0.00000
0.00000
0.00000
0.00000
0.00000
0.00000
0.00000
0.00000
0.00000
0.00000
0.00000
0.00000
0.00000
0.00000
0.00000
0.00000
0.00000
0.00000
0.00000
0.00000
0.00000
0.00000
0.00000
0.00000
0.00000
0.00000
0.00000
0.00000
0.00000
0.00000
0.00000
0.00000
0.00000
0.00000
0.00000
0.00000
0.00000
0.00000
0.00000
0.00000
0.00000
0.00000
0.00000
0.00000
0.00000
0.00000
0.00000
0.00000
0.00000
0.00000
0.00000
0.00000
0.00000
0.00000
0.00000
0.00000
0.00000
0.00000
0.00000
0.00000
0.00000
0.00000
0.00000
0.00000
0.00000
0.00000
0.00000
0.00000
0.00000
0.00000
0.00000
0.00000
0.00000
0.00000
0.00000
0.00000
0.00000
0.00000
0.00000
0.00000
0.00000
0.00000
0.00000
0.00000
0.00000
0.00000
0.00000
0.00000
0.00000
0.00000
0.00000
0.00000
0.00000
