-0.00018
-0.00012
-0.00015
-0.00021
-0.00018
-0.00018
-0.00018
-0.00012
-0.00012
-0.00015
-0.00015
-0.00015
-0.00012
-0.00015
-0.00021
-0.00021
-0.00021
-0.00018
-0.00021
-0.00021
-0.00012
-0.00009
-0.00012
-0.00009
-0.00006
-0.00015
-0.00018
-0.00018
-0.00015
-0.00018
-0.00018
-0.00018
-0.00015
-0.00006
-0.00049
0.00000
-0.00009
-0.00018
-0.00012
-0.00021
-0.00015
-0.00021
-0.00018
-0.00018
-0.00012
-0.00012
-0.00012
-0.00015
-0.00012
-0.00018
-0.00018
-0.00015
-0.00012
-0.00018
-0.00015
-0.00012
-0.00015
-0.00012
-0.00021
-0.00021
-0.00021
-0.00015
-0.00015
-0.00009
-0.00009
-0.00012
-0.00015
-0.00018
-0.00009
-0.00012
-0.00015
-0.00015
-0.00015
-0.00009
-0.00009
-0.00012
-0.00015
-0.00015
-0.00015
-0.00018
-0.00015
-0.00015
-0.00012
-0.00009
-0.00009
-0.00003
-0.00006
-0.00009
-0.00006
-0.00015
-0.00018
-0.00018
-0.00015
-0.00012
-0.00012
-0.00006
-0.00003
-0.00003
-0.00003
-0.00009
-0.00012
-0.00015
-0.00018
-0.00015
-0.00012
-0.00012
-0.00009
-0.00009
-0.00009
-0.00009
-0.00009
-0.00012
-0.00012
-0.00009
-0.00012
-0.00006
-0.00003
-0.00006
-0.00006
-0.00012
-0.00015
-0.00012
-0.00015
-0.00015
-0.00012
-0.00012
-0.00012
-0.00012
-0.00009
-0.00009
-0.00006
-0.00003
-0.00006
-0.00006
-0.00006
-0.00006
-0.00015
-0.00018
-0.00015
-0.00009
-0.00009
-0.00006
-0.00006
-0.00006
-0.00006
-0.00012
-0.00012
-0.00012
-0.00015
-0.00012
-0.00009
-0.00003
-0.00006
-0.00009
-0.00003
0.00000
-0.00006
-0.00009
-0.00012
-0.00012
-0.00009
-0.00015
-0.00012
-0.00009
-0.00006
-0.00006
-0.00012
-0.00006
-0.00006
-0.00009
-0.00009
-0.00012
-0.00012
-0.00009
-0.00009
-0.00012
-0.00012
-0.00012
-0.00012
-0.00009
-0.00009
-0.00006
-0.00003
-0.00006
0.00000
-0.00006
0.00000
-0.00009
-0.00018
-0.00009
-0.00058
0.00024
-0.00101
-0.00369
-0.04175
-0.03763
-0.01144
-0.02045
-0.01300
-0.00467
0.02136
0.04053
0.04779
0.02890
0.02429
0.01553
-0.01602
-0.02411
-0.01230
-0.00937
-0.00995
-0.00378
-0.00235
0.00967
0.01703
0.00595
-0.00003
0.00534
0.00006
-0.00452
-0.00177
-0.00061
-0.00266
-0.00012
-0.00214
-0.00281
0.00140
0.00107
-0.00125
-0.00073
0.00113
0.00162
0.00266
0.00232
0.00470
0.00580
0.00485
0.00137
-0.00024
-0.00040
-0.00128
-0.00241
-0.00275
-0.00125
0.00000
-0.00061
0.00012
0.00278
0.00272
0.00168
0.00171
0.00241
0.00314
0.00156
-0.00076
0.00000
-0.00064
-0.00137
-0.00101
-0.00070
-0.00070
-0.00171
-0.00085
-0.00012
0.00104
0.00082
0.00006
0.00134
0.00131
0.00000
-0.00049
-0.00040
-0.00082
-0.00156
-0.00162
-0.00153
-0.00085
-0.00064
-0.00076
-0.00006
0.00012
-0.00040
-0.00064
0.00015
0.00061
0.00043
-0.00024
-0.00067
-0.00055
-0.00040
-0.00089
-0.00146
-0.00165
-0.00146
-0.00156
-0.00183
-0.00162
-0.00085
-0.00052
-0.00055
-0.00037
0.00049
0.00076
0.00012
-0.00006
-0.00006
-0.00031
-0.00076
-0.00092
-0.00049
-0.00037
-0.00082
-0.00113
-0.00116
-0.00125
-0.00146
-0.00153
-0.00134
-0.00110
-0.00058
-0.00018
-0.00009
-0.00018
-0.00027
-0.00009
-0.00043
-0.00107
-0.00156
-0.00150
-0.00110
-0.00110
-0.00098
-0.00067
-0.00040
-0.00024
-0.00003
0.00031
0.00049
0.00046
0.00021
0.00000
0.00006
-0.00012
-0.00031
-0.00052
-0.00085
-0.00119
-0.00113
-0.00082
-0.00064
-0.00076
-0.00079
-0.00043
-0.00015
0.00000
0.00012
0.00021
0.00015
0.00003
0.00000
-0.00003
-0.00018
-0.00052
-0.00076
-0.00089
-0.00079
-0.00052
-0.00018
0.00006
0.00006
0.00015
0.00031
0.00043
0.00049
0.00024
0.00003
0.00000
0.00015
0.00006
-0.00021
-0.00046
-0.00043
-0.00037
-0.00046
-0.00058
-0.00034
-0.00006
0.00003
0.00015
0.00021
0.00027
0.00031
0.00024
0.00003
-0.00009
-0.00006
-0.00003
-0.00003
0.00000
0.00000
0.00000
0.00000
0.00000
0.00000
0.00000
0.00000
0.00000
0.00000
0.00000
0.00000
0.00000
0.00000
0.00000
0.00000
0.00000
0.00000
0.00000
0.00000
0.00000
0.00000
0.00000
0.00000
0.00000
0.00000
0.00000
0.00000
0.00000
0.00000
0.00000
0.00000
0.00000
0.00000
0.00000
0.00000
0.00000
0.00000
0.00000
0.00000
0.00000
0.00000
0.00000
0.00000
0.00000
0.00000
0.00000
0.00000
0.00000
0.00000
0.00000
0.00000
0.00000
0.00000
0.00000
0.00000
0.00000
0.00000
0.00000
0.00000
0.00000
0.00000
0.00000
0.00000
0.00000
0.00000
0.00000
0.00000
0.00000
0.00000
0.00000
0.00000
0.00000
0.00000
0.00000
0.00000
0.00000
0.00000
0.00000
0.00000
0.00000
0.00000
0.00000
0.00000
0.00000
0.00000
0.00000
0.00000
0.00000
0.00000
0.00000
0.00000
0.00000
0.00000
0.00000
0.00000
0.00000
0.00000
0.00000
0.00000
0.00000
0.00000
0.00000
0.00000
0.00000
0.00000
0.00000
0.00000
0.00000
0.00000
0.00000
0.00000
0.00000
0.00000
