-0.00034
-0.00034
-0.00027
-0.00018
-0.00012
-0.00009
-0.00006
-0.00006
-0.00009
-0.00009
-0.00018
-0.00021
-0.00018
-0.00018
-0.00015
-0.00009
-0.00006
-0.00009
-0.00012
-0.00018
-0.00024
-0.00024
-0.00024
-0.00024
-0.00024
-0.00021
-0.00021
-0.00018
-0.00018
-0.00018
-0.00015
-0.00015
-0.00018
-0.00018
-0.00055
-0.00003
-0.00021
-0.00031
-0.00018
-0.00027
-0.00012
-0.00012
-0.00006
0.00000
-0.00003
-0.00009
-0.00012
-0.00018
-0.00024
-0.00027
-0.00027
-0.00027
-0.00027
-0.00024
-0.00024
-0.00021
-0.00015
-0.00009
-0.00012
-0.00015
-0.00018
-0.00027
-0.00031
-0.00027
-0.00031
-0.00027
-0.00024
-0.00027
-0.00021
-0.00018
-0.00018
-0.00015
-0.00018
-0.00024
-0.00021
-0.00024
-0.00024
-0.00027
-0.00021
-0.00021
-0.00027
-0.00021
-0.00021
-0.00024
-0.00021
-0.00015
-0.00015
-0.00018
-0.00018
-0.00018
-0.00018
-0.00018
-0.00021
-0.00021
-0.00018
-0.00024
-0.00024
-0.00021
-0.00027
-0.00031
-0.00027
-0.00027
-0.00027
-0.00027
-0.00021
-0.00015
-0.00015
-0.00012
-0.00012
-0.00012
-0.00018
-0.00024
-0.00034
-0.00034
-0.00034
-0.00034
-0.00037
-0.00034
-0.00027
-0.00018
-0.00012
-0.00012
-0.00015
-0.00015
-0.00018
-0.00018
-0.00018
-0.00015
-0.00018
-0.00024
-0.00027
-0.00024
-0.00021
-0.00018
-0.00021
-0.00018
-0.00018
-0.00024
-0.00027
-0.00031
-0.00024
-0.00021
-0.00027
-0.00027
-0.00021
-0.00021
-0.00021
-0.00018
-0.00018
-0.00018
-0.00018
-0.00021
-0.00027
-0.00034
-0.00034
-0.00034
-0.00031
-0.00027
-0.00024
-0.00021
-0.00015
-0.00015
-0.00015
-0.00018
-0.00021
-0.00024
-0.00021
-0.00024
-0.00021
-0.00024
-0.00027
-0.00027
-0.00027
-0.00031
-0.00031
-0.00027
-0.00021
-0.00015
-0.00015
-0.00012
-0.00015
-0.00021
-0.00018
-0.00018
-0.00024
-0.00031
-0.00040
-0.00040
-0.00037
-0.00043
-0.00027
-0.00040
-0.00015
-0.00037
0.00000
-0.00027
0.00000
-0.00009
-0.00015
-0.00586
-0.03409
-0.02090
-0.01138
-0.01178
-0.00723
0.00018
0.01773
0.02457
0.02908
0.02023
0.01666
0.00009
-0.01389
-0.01544
-0.00644
-0.00436
-0.00565
-0.00061
0.00089
0.00555
0.00613
0.00079
-0.00189
-0.00317
-0.00610
-0.00641
-0.00052
0.00479
0.00549
0.00607
0.00497
0.00473
0.00320
0.00150
-0.00095
-0.00244
-0.00180
-0.00040
0.00119
0.00201
0.00330
0.00253
0.00204
0.00189
0.00122
-0.00064
-0.00125
-0.00119
-0.00119
-0.00058
0.00003
-0.00049
0.00000
0.00110
0.00122
0.00146
0.00262
0.00275
0.00180
0.00101
0.00031
-0.00012
-0.00098
-0.00143
-0.00165
-0.00070
-0.00015
0.00018
0.00052
0.00000
0.00009
0.00000
0.00018
0.00024
0.00000
-0.00055
-0.00021
0.00037
0.00015
-0.00018
-0.00058
-0.00095
-0.00089
-0.00052
-0.00055
-0.00073
-0.00095
-0.00095
-0.00040
-0.00015
-0.00015
-0.00031
-0.00040
-0.00055
-0.00055
-0.00058
-0.00073
-0.00098
-0.00107
-0.00095
-0.00089
-0.00116
-0.00125
-0.00107
-0.00073
-0.00040
-0.00024
-0.00018
-0.00027
-0.00043
-0.00031
-0.00046
-0.00076
-0.00070
-0.00046
-0.00024
-0.00058
-0.00076
-0.00070
-0.00098
-0.00140
-0.00156
-0.00128
-0.00107
-0.00107
-0.00082
-0.00034
0.00006
-0.00012
-0.00043
-0.00037
-0.00021
-0.00046
-0.00101
-0.00119
-0.00092
-0.00070
-0.00085
-0.00107
-0.00098
-0.00055
-0.00006
0.00009
0.00003
-0.00003
-0.00009
0.00003
0.00003
-0.00012
-0.00037
-0.00058
-0.00064
-0.00049
-0.00043
-0.00064
-0.00098
-0.00095
-0.00055
-0.00024
-0.00012
-0.00003
0.00000
0.00006
0.00018
0.00018
0.00006
-0.00015
-0.00024
-0.00021
-0.00018
-0.00031
-0.00037
-0.00034
-0.00015
0.00003
0.00009
0.00012
0.00000
0.00000
0.00012
0.00021
0.00018
0.00018
0.00021
0.00018
0.00003
-0.00015
-0.00024
-0.00021
-0.00021
-0.00031
-0.00037
-0.00034
-0.00021
-0.00003
0.00009
0.00000
0.00000
0.00000
0.00000
0.00000
0.00000
0.00000
0.00000
0.00000
0.00000
0.00000
0.00000
0.00000
0.00000
0.00000
0.00000
0.00000
0.00000
0.00000
0.00000
0.00000
0.00000
0.00000
0.00000
0.00000
0.00000
0.00000
0.00000
0.00000
0.00000
0.00000
0.00000
0.00000
0.00000
0.00000
0.00000
0.00000
0.00000
0.00000
0.00000
0.00000
0.00000
0.00000
0.00000
0.00000
0.00000
0.00000
0.00000
0.00000
0.00000
0.00000
0.00000
0.00000
0.00000
0.00000
0.00000
0.00000
0.00000
0.00000
0.00000
0.00000
0.00000
0.00000
0.00000
0.00000
0.00000
0.00000
0.00000
0.00000
0.00000
0.00000
0.00000
0.00000
0.00000
0.00000
0.00000
0.00000
0.00000
0.00000
0.00000
0.00000
0.00000
0.00000
0.00000
0.00000
0.00000
0.00000
0.00000
0.00000
0.00000
0.00000
0.00000
0.00000
0.00000
0.00000
0.00000
0.00000
0.00000
0.00000
0.00000
0.00000
0.00000
0.00000
0.00000
0.00000
0.00000
0.00000
0.00000
0.00000
0.00000
0.00000
0.00000
0.00000
0.00000
0.00000
0.00000
