-0.00034
-0.00031
-0.00031
-0.00034
-0.00031
-0.00031
-0.00034
-0.00034
-0.00034
-0.00031
-0.00027
-0.00031
-0.00034
-0.00027
-0.00024
-0.00027
-0.00034
-0.00031
-0.00031
-0.00040
-0.00037
-0.00034
-0.00037
-0.00034
-0.00027
-0.00027
-0.00027
-0.00031
-0.00034
-0.00034
-0.00031
-0.00034
-0.00037
-0.00034
-0.00067
-0.00009
-0.00027
-0.00037
-0.00031
-0.00037
-0.00034
-0.00034
-0.00034
-0.00040
-0.00034
-0.00037
-0.00034
-0.00037
-0.00037
-0.00034
-0.00034
-0.00034
-0.00034
-0.00027
-0.00021
-0.00024
-0.00040
-0.00024
-0.00027
-0.00037
-0.00037
-0.00049
-0.00037
-0.00034
-0.00040
-0.00034
-0.00027
-0.00027
-0.00031
-0.00037
-0.00031
-0.00034
-0.00037
-0.00037
-0.00037
-0.00037
-0.00034
-0.00024
-0.00027
-0.00034
-0.00031
-0.00031
-0.00031
-0.00037
-0.00037
-0.00037
-0.00043
-0.00043
-0.00034
-0.00027
-0.00031
-0.00034
-0.00031
-0.00031
-0.00027
-0.00031
-0.00031
-0.00031
-0.00031
-0.00034
-0.00034
-0.00034
-0.00040
-0.00037
-0.00040
-0.00043
-0.00037
-0.00034
-0.00031
-0.00031
-0.00027
-0.00031
-0.00031
-0.00027
-0.00034
-0.00037
-0.00034
-0.00037
-0.00040
-0.00040
-0.00040
-0.00034
-0.00034
-0.00037
-0.00034
-0.00031
-0.00031
-0.00027
-0.00034
-0.00027
-0.00027
-0.00037
-0.00034
-0.00031
-0.00034
-0.00040
-0.00043
-0.00037
-0.00027
-0.00031
-0.00031
-0.00034
-0.00021
-0.00031
-0.00043
-0.00037
-0.00034
-0.00034
-0.00037
-0.00031
-0.00027
-0.00024
-0.00031
-0.00034
-0.00024
-0.00027
-0.00034
-0.00024
-0.00021
-0.00024
-0.00034
-0.00027
-0.00027
-0.00037
-0.00034
-0.00031
-0.00031
-0.00027
-0.00031
-0.00024
-0.00024
-0.00024
-0.00027
-0.00018
-0.00031
-0.00021
-0.00006
-0.00070
0.00055
-0.00171
0.00208
-0.00397
-0.00082
-0.08411
-0.04669
0.02240
-0.01608
-0.00604
-0.02374
0.00714
0.04251
0.03583
0.00757
0.03864
0.03729
0.00455
-0.01712
0.00955
0.01337
-0.00977
-0.01004
-0.02371
-0.00012
0.01117
-0.00653
-0.00391
0.01590
0.00626
-0.00342
0.00198
0.00717
0.00464
0.00064
-0.00391
-0.00360
0.00159
0.00055
-0.00500
-0.00296
0.00305
0.00348
0.00311
0.00082
0.00452
0.00275
0.00214
0.00052
-0.00024
-0.00122
-0.00089
-0.00339
-0.00311
-0.00003
0.00046
-0.00293
-0.00137
0.00403
0.00211
-0.00021
0.00049
0.00351
0.00458
0.00125
-0.00012
0.00089
0.00055
-0.00079
-0.00253
-0.00153
-0.00049
-0.00354
-0.00360
-0.00015
0.00168
-0.00049
-0.00101
0.00073
0.00244
0.00095
-0.00082
-0.00159
0.00085
-0.00018
-0.00208
-0.00180
-0.00177
-0.00116
-0.00146
-0.00101
-0.00098
-0.00070
-0.00031
-0.00067
0.00034
0.00055
0.00000
-0.00006
-0.00061
-0.00079
-0.00089
-0.00153
-0.00168
-0.00159
-0.00159
-0.00177
-0.00168
-0.00085
-0.00082
-0.00067
-0.00027
0.00012
0.00021
-0.00034
0.00024
0.00064
0.00015
-0.00009
-0.00021
0.00015
-0.00015
-0.00104
-0.00137
-0.00153
-0.00134
-0.00125
-0.00113
-0.00082
-0.00110
-0.00128
-0.00092
-0.00009
0.00012
0.00000
0.00006
-0.00012
-0.00064
-0.00085
-0.00095
-0.00098
-0.00134
-0.00131
-0.00073
-0.00037
-0.00031
-0.00027
0.00043
0.00092
0.00079
0.00061
0.00067
0.00079
0.00055
0.00021
0.00012
-0.00046
-0.00092
-0.00085
-0.00064
-0.00043
-0.00070
-0.00089
-0.00058
-0.00003
0.00037
0.00049
0.00079
0.00070
0.00027
0.00018
0.00031
0.00055
0.00040
-0.00006
-0.00034
-0.00040
-0.00034
-0.00024
0.00021
0.00040
0.00040
0.00055
0.00064
0.00076
0.00073
0.00052
0.00043
0.00055
0.00055
0.00040
0.00015
0.00003
-0.00024
-0.00046
-0.00037
-0.00006
0.00003
-0.00006
0.00003
0.00049
0.00076
0.00070
0.00058
0.00049
0.00040
0.00034
0.00049
0.00046
0.00046
0.00024
0.00000
0.00000
0.00000
0.00000
0.00000
0.00000
0.00000
0.00000
0.00000
0.00000
0.00000
0.00000
0.00000
0.00000
0.00000
0.00000
0.00000
0.00000
0.00000
0.00000
0.00000
0.00000
0.00000
0.00000
0.00000
0.00000
0.00000
0.00000
0.00000
0.00000
0.00000
0.00000
0.00000
0.00000
0.00000
0.00000
0.00000
0.00000
0.00000
0.00000
0.00000
0.00000
0.00000
0.00000
0.00000
0.00000
0.00000
0.00000
0.00000
0.00000
0.00000
0.00000
0.00000
0.00000
0.00000
0.00000
0.00000
0.00000
0.00000
0.00000
0.00000
0.00000
0.00000
0.00000
0.00000
0.00000
0.00000
0.00000
0.00000
0.00000
0.00000
0.00000
0.00000
0.00000
0.00000
0.00000
0.00000
0.00000
0.00000
0.00000
0.00000
0.00000
0.00000
0.00000
0.00000
0.00000
0.00000
0.00000
0.00000
0.00000
0.00000
0.00000
0.00000
0.00000
0.00000
0.00000
0.00000
0.00000
0.00000
0.00000
0.00000
0.00000
0.00000
0.00000
0.00000
0.00000
0.00000
0.00000
0.00000
0.00000
0.00000
0.00000
0.00000
0.00000
0.00000
0.00000
0.00000
0.00000
0.00000
0.00000
0.00000
0.00000
0.00000
