0.00003
0.00000
0.00000
0.00006
0.00006
0.00000
0.00000
0.00000
0.00003
0.00006
0.00006
0.00003
0.00006
0.00006
0.00000
0.00000
0.00003
0.00000
0.00006
0.00009
0.00006
0.00009
0.00009
0.00000
0.00006
0.00003
0.00006
0.00006
0.00006
0.00009
0.00009
0.00009
0.00000
0.00006
-0.00021
0.00034
0.00015
0.00003
0.00012
0.00003
0.00003
-0.00006
0.00006
0.00012
0.00006
0.00000
0.00006
0.00012
0.00003
0.00000
0.00009
0.00003
0.00000
-0.00003
-0.00009
0.00012
0.00000
0.00000
0.00003
0.00006
0.00012
0.00000
0.00003
0.00009
0.00000
0.00000
0.00003
0.00000
0.00000
0.00000
0.00000
0.00003
0.00006
0.00000
0.00000
0.00003
0.00000
-0.00006
-0.00003
0.00003
0.00009
0.00006
0.00006
0.00003
0.00000
0.00000
0.00000
-0.00003
-0.00006
-0.00009
-0.00006
-0.00003
0.00000
-0.00003
0.00000
0.00000
0.00003
0.00006
0.00009
0.00006
-0.00003
-0.00003
-0.00003
-0.00006
-0.00003
-0.00003
-0.00006
0.00000
0.00003
0.00003
0.00000
0.00000
0.00000
0.00000
0.00000
-0.00003
0.00000
0.00000
0.00000
0.00000
0.00000
0.00000
0.00000
-0.00009
-0.00006
0.00000
-0.00003
0.00000
0.00000
0.00000
0.00006
0.00003
0.00000
-0.00003
-0.00006
-0.00003
-0.00006
-0.00003
0.00000
0.00000
0.00000
-0.00003
-0.00003
-0.00003
-0.00009
-0.00006
0.00000
0.00000
0.00000
0.00003
0.00003
-0.00003
-0.00006
-0.00009
-0.00009
-0.00015
-0.00012
-0.00006
-0.00006
0.00000
0.00000
0.00000
-0.00003
-0.00009
-0.00009
-0.00003
-0.00012
-0.00006
-0.00012
0.00000
-0.00021
0.00018
-0.00052
0.00052
-0.00089
0.00082
-0.00125
0.00110
-0.00143
0.00150
-0.02457
-0.11343
-0.00293
0.01691
-0.01898
0.00003
-0.00629
0.02530
0.04285
0.01358
0.01212
0.04410
0.02774
-0.01434
-0.01401
0.02301
0.00552
-0.00290
-0.01163
-0.01630
-0.00061
0.00891
-0.01154
0.00482
0.01907
-0.00272
-0.00586
0.00552
0.00870
0.00040
0.00067
-0.00229
-0.00208
0.00220
-0.00024
-0.00565
0.00000
0.00500
0.00412
0.00122
0.00250
0.00253
0.00027
0.00217
0.00104
-0.00113
-0.00128
0.00009
-0.00186
-0.00104
-0.00101
-0.00217
-0.00406
0.00092
0.00397
0.00079
0.00073
0.00253
0.00378
0.00214
-0.00037
0.00089
0.00052
-0.00122
-0.00162
-0.00204
0.00012
-0.00104
-0.00363
-0.00241
-0.00049
0.00006
-0.00061
0.00003
0.00131
0.00076
-0.00134
-0.00018
0.00085
-0.00024
-0.00272
-0.00113
-0.00131
-0.00171
-0.00198
-0.00195
-0.00021
-0.00055
-0.00137
-0.00076
-0.00024
0.00015
-0.00076
-0.00009
-0.00015
-0.00070
-0.00113
-0.00189
-0.00183
-0.00131
-0.00198
-0.00214
-0.00214
-0.00159
-0.00076
-0.00079
-0.00076
-0.00021
0.00021
-0.00037
-0.00085
0.00027
0.00009
-0.00043
-0.00058
-0.00027
0.00015
-0.00046
-0.00131
-0.00159
-0.00192
-0.00204
-0.00189
-0.00107
-0.00067
-0.00140
-0.00162
-0.00119
-0.00040
-0.00027
-0.00037
-0.00012
-0.00052
-0.00101
-0.00134
-0.00128
-0.00128
-0.00150
-0.00119
-0.00085
-0.00079
-0.00076
-0.00031
0.00043
0.00058
0.00058
0.00043
0.00018
0.00003
0.00003
0.00009
-0.00037
-0.00122
-0.00122
-0.00067
-0.00046
-0.00095
-0.00150
-0.00122
-0.00073
-0.00037
0.00000
0.00034
0.00046
0.00012
0.00000
0.00015
0.00000
-0.00034
-0.00049
-0.00018
-0.00034
-0.00082
-0.00107
-0.00064
0.00006
0.00012
0.00012
0.00015
0.00031
0.00043
0.00031
0.00018
0.00027
0.00018
-0.00003
-0.00043
-0.00049
-0.00021
-0.00037
-0.00076
-0.00082
-0.00052
-0.00034
-0.00046
-0.00034
0.00009
0.00037
0.00043
0.00024
0.00006
-0.00021
-0.00037
-0.00027
-0.00003
-0.00006
-0.00012
0.00000
0.00000
0.00000
0.00000
0.00000
0.00000
0.00000
0.00000
0.00000
0.00000
0.00000
0.00000
0.00000
0.00000
0.00000
0.00000
0.00000
0.00000
0.00000
0.00000
0.00000
0.00000
0.00000
0.00000
0.00000
0.00000
0.00000
0.00000
0.00000
0.00000
0.00000
0.00000
0.00000
0.00000
0.00000
0.00000
0.00000
0.00000
0.00000
0.00000
0.00000
0.00000
0.00000
0.00000
0.00000
0.00000
0.00000
0.00000
0.00000
0.00000
0.00000
0.00000
0.00000
0.00000
0.00000
0.00000
0.00000
0.00000
0.00000
0.00000
0.00000
0.00000
0.00000
0.00000
0.00000
0.00000
0.00000
0.00000
0.00000
0.00000
0.00000
0.00000
0.00000
0.00000
0.00000
0.00000
0.00000
0.00000
0.00000
0.00000
0.00000
0.00000
0.00000
0.00000
0.00000
0.00000
0.00000
0.00000
0.00000
0.00000
0.00000
0.00000
0.00000
0.00000
0.00000
0.00000
0.00000
0.00000
0.00000
0.00000
0.00000
0.00000
0.00000
0.00000
0.00000
0.00000
0.00000
0.00000
0.00000
0.00000
0.00000
0.00000
0.00000
0.00000
0.00000
0.00000
0.00000
0.00000
0.00000
0.00000
0.00000
0.00000
0.00000
0.00000
0.00000
