-0.00009
-0.00009
-0.00006
-0.00009
-0.00009
-0.00006
-0.00003
-0.00003
-0.00012
-0.00012
-0.00009
-0.00012
-0.00012
-0.00009
-0.00003
-0.00006
-0.00003
0.00000
-0.00003
-0.00006
-0.00006
-0.00006
-0.00003
-0.00009
-0.00006
-0.00003
-0.00003
-0.00006
-0.00009
-0.00012
-0.00015
-0.00015
-0.00015
-0.00009
-0.00040
0.00009
0.00003
0.00000
0.00000
-0.00012
-0.00003
-0.00012
-0.00012
-0.00009
-0.00006
-0.00006
-0.00009
-0.00006
-0.00006
-0.00009
-0.00009
-0.00009
-0.00009
-0.00009
-0.00006
-0.00006
-0.00009
-0.00006
-0.00009
-0.00009
-0.00006
-0.00012
-0.00012
-0.00006
-0.00006
-0.00003
0.00000
0.00000
-0.00006
-0.00009
-0.00006
-0.00003
-0.00012
-0.00018
-0.00015
-0.00012
-0.00012
-0.00012
-0.00012
-0.00009
-0.00009
-0.00009
-0.00009
-0.00012
-0.00003
-0.00006
-0.00009
-0.00003
0.00000
-0.00003
-0.00009
-0.00003
-0.00003
-0.00009
-0.00012
-0.00012
-0.00006
-0.00006
-0.00009
-0.00009
-0.00003
-0.00009
-0.00012
-0.00012
-0.00012
-0.00009
-0.00009
-0.00006
-0.00003
0.00000
-0.00003
-0.00009
-0.00006
-0.00009
-0.00012
-0.00009
-0.00015
-0.00015
-0.00009
-0.00009
-0.00009
-0.00006
-0.00006
-0.00009
-0.00009
-0.00012
-0.00009
-0.00006
-0.00006
-0.00006
-0.00006
-0.00012
-0.00012
-0.00012
-0.00009
-0.00009
-0.00015
-0.00009
-0.00006
-0.00006
-0.00006
-0.00003
0.00000
-0.00012
-0.00015
-0.00015
-0.00015
-0.00012
-0.00012
-0.00009
-0.00015
-0.00012
-0.00003
-0.00003
-0.00003
-0.00006
-0.00006
-0.00006
-0.00012
-0.00012
-0.00006
-0.00003
-0.00009
-0.00012
-0.00015
-0.00015
-0.00012
-0.00012
-0.00009
-0.00009
-0.00009
-0.00006
-0.00006
-0.00006
-0.00012
-0.00012
-0.00015
-0.00018
-0.00012
-0.00015
-0.00012
-0.00018
-0.00024
-0.00009
-0.00012
-0.00006
-0.00003
-0.00006
-0.00012
-0.00009
-0.00012
-0.00012
-0.00018
-0.00018
-0.00012
-0.00015
-0.00015
-0.00015
-0.00009
-0.00015
-0.00021
-0.00015
-0.00021
-0.00037
-0.00031
0.00021
0.00034
-0.00018
-0.00092
-0.00302
-0.01376
-0.02179
-0.01962
-0.02051
-0.01392
-0.00143
0.00824
0.01172
0.01328
0.01675
0.01645
0.01477
0.00784
-0.00150
-0.00558
-0.00711
-0.00589
0.00082
0.00400
0.00092
0.00067
0.00235
0.00293
0.00446
0.00391
0.00052
-0.00058
0.00003
0.00061
0.00113
0.00137
0.00009
-0.00067
-0.00006
-0.00055
-0.00082
0.00055
0.00192
0.00272
0.00250
0.00204
0.00156
0.00113
0.00034
-0.00012
0.00040
0.00058
-0.00009
-0.00134
-0.00031
0.00061
-0.00034
-0.00012
0.00040
0.00174
0.00201
0.00061
0.00058
0.00113
0.00061
-0.00012
0.00000
0.00043
0.00018
-0.00003
-0.00031
-0.00037
-0.00031
-0.00110
-0.00150
-0.00046
0.00012
0.00021
0.00052
0.00031
0.00024
0.00009
-0.00046
-0.00098
-0.00092
-0.00061
-0.00079
-0.00098
-0.00098
-0.00070
-0.00058
-0.00089
-0.00101
-0.00079
-0.00040
-0.00034
-0.00031
-0.00018
-0.00003
-0.00018
-0.00082
-0.00140
-0.00140
-0.00095
-0.00067
-0.00095
-0.00146
-0.00171
-0.00153
-0.00116
-0.00067
-0.00040
-0.00043
-0.00079
-0.00073
-0.00027
0.00012
0.00000
-0.00052
-0.00073
-0.00058
-0.00034
-0.00027
-0.00082
-0.00150
-0.00143
-0.00101
-0.00070
-0.00076
-0.00107
-0.00122
-0.00107
-0.00064
-0.00027
-0.00031
-0.00055
-0.00067
-0.00067
-0.00064
-0.00092
-0.00116
-0.00122
-0.00116
-0.00098
-0.00070
-0.00049
-0.00034
-0.00018
-0.00015
-0.00003
0.00000
0.00000
-0.00003
-0.00009
-0.00015
-0.00043
-0.00058
-0.00055
-0.00052
-0.00067
-0.00067
-0.00040
-0.00034
-0.00058
-0.00089
-0.00052
0.00015
0.00027
-0.00003
-0.00040
-0.00027
0.00012
0.00003
-0.00031
-0.00067
-0.00079
-0.00070
-0.00076
-0.00043
-0.00018
0.00000
0.00000
0.00000
0.00000
0.00000
0.00000
0.00000
0.00000
0.00000
0.00000
0.00000
0.00000
0.00000
0.00000
0.00000
0.00000
0.00000
0.00000
0.00000
0.00000
0.00000
0.00000
0.00000
0.00000
0.00000
0.00000
0.00000
0.00000
0.00000
0.00000
0.00000
0.00000
0.00000
0.00000
0.00000
0.00000
0.00000
0.00000
0.00000
0.00000
0.00000
0.00000
0.00000
0.00000
0.00000
0.00000
0.00000
0.00000
0.00000
0.00000
0.00000
0.00000
0.00000
0.00000
0.00000
0.00000
0.00000
0.00000
0.00000
0.00000
0.00000
0.00000
0.00000
0.00000
0.00000
0.00000
0.00000
0.00000
0.00000
0.00000
0.00000
0.00000
0.00000
0.00000
0.00000
0.00000
0.00000
0.00000
0.00000
0.00000
0.00000
0.00000
0.00000
0.00000
0.00000
0.00000
0.00000
0.00000
0.00000
0.00000
0.00000
0.00000
0.00000
0.00000
0.00000
0.00000
0.00000
0.00000
0.00000
0.00000
0.00000
0.00000
0.00000
0.00000
0.00000
0.00000
0.00000
0.00000
0.00000
0.00000
0.00000
0.00000
0.00000
0.00000
0.00000
0.00000
0.00000
0.00000
0.00000
0.00000
0.00000
0.00000
0.00000
0.00000
0.00000
0.00000
0.00000
