-0.00018
-0.00021
-0.00027
-0.00021
-0.00018
-0.00018
-0.00018
-0.00015
-0.00018
-0.00018
-0.00021
-0.00015
-0.00021
-0.00024
-0.00024
-0.00018
-0.00015
-0.00018
-0.00021
-0.00015
-0.00012
-0.00015
-0.00015
-0.00018
-0.00018
-0.00015
-0.00012
-0.00015
-0.00015
-0.00021
-0.00021
-0.00018
-0.00015
-0.00018
-0.00034
-0.00003
-0.00015
-0.00015
-0.00018
-0.00021
-0.00012
-0.00015
-0.00015
-0.00009
-0.00015
-0.00018
-0.00018
-0.00018
-0.00012
-0.00018
-0.00015
-0.00009
-0.00006
-0.00009
-0.00015
-0.00015
-0.00009
-0.00027
-0.00018
-0.00009
-0.00018
-0.00018
-0.00018
-0.00015
-0.00009
-0.00012
-0.00015
-0.00015
-0.00015
-0.00012
-0.00009
-0.00009
-0.00012
-0.00015
-0.00012
-0.00006
-0.00012
-0.00021
-0.00024
-0.00018
-0.00021
-0.00021
-0.00012
-0.00012
-0.00015
-0.00009
-0.00015
-0.00027
-0.00021
-0.00018
-0.00015
-0.00009
-0.00015
-0.00021
-0.00015
-0.00015
-0.00015
-0.00015
-0.00012
-0.00006
-0.00012
-0.00015
-0.00015
-0.00021
-0.00024
-0.00015
-0.00012
-0.00018
-0.00012
-0.00009
-0.00018
-0.00015
-0.00012
-0.00018
-0.00018
-0.00018
-0.00015
-0.00018
-0.00015
-0.00015
-0.00012
-0.00009
-0.00012
-0.00012
-0.00018
-0.00018
-0.00018
-0.00018
-0.00018
-0.00018
-0.00012
-0.00009
-0.00012
-0.00015
-0.00015
-0.00018
-0.00021
-0.00015
-0.00012
-0.00009
-0.00015
-0.00009
-0.00012
-0.00015
-0.00015
-0.00018
-0.00012
-0.00018
-0.00012
-0.00009
-0.00012
-0.00015
-0.00015
-0.00015
-0.00012
-0.00012
-0.00015
-0.00012
-0.00009
-0.00015
-0.00015
-0.00015
-0.00015
-0.00015
-0.00015
-0.00015
-0.00018
-0.00012
-0.00009
-0.00012
-0.00012
-0.00015
-0.00015
-0.00009
-0.00009
-0.00009
-0.00031
0.00018
-0.00070
0.00064
-0.00146
0.00189
-0.00314
-0.00336
-0.09833
-0.13437
-0.01556
0.03146
0.06345
0.07904
0.05957
0.05148
0.03867
-0.00699
-0.04239
-0.03854
-0.01965
-0.00842
0.02432
0.01294
-0.01184
0.00015
0.00519
-0.00327
0.01224
0.00629
-0.00757
0.00043
0.00351
0.00055
0.01001
0.01465
0.00009
-0.00183
-0.00320
-0.00974
-0.00989
-0.00076
0.00146
-0.00015
0.00504
0.00748
0.00562
0.00452
0.00378
0.00040
-0.00211
-0.00281
-0.00327
-0.00204
0.00217
0.00192
-0.00137
-0.00140
0.00137
0.00046
0.00211
0.00433
0.00229
0.00000
0.00143
0.00009
-0.00034
-0.00104
-0.00150
-0.00192
-0.00159
-0.00140
-0.00229
-0.00089
0.00003
0.00000
0.00098
0.00140
0.00162
0.00110
0.00043
-0.00012
-0.00067
-0.00113
-0.00113
-0.00186
-0.00085
0.00055
0.00073
-0.00046
-0.00092
-0.00180
-0.00168
-0.00021
0.00061
0.00012
-0.00027
-0.00089
-0.00116
-0.00143
-0.00101
-0.00153
-0.00171
-0.00085
-0.00131
-0.00211
-0.00217
-0.00287
-0.00116
0.00049
0.00092
0.00217
0.00159
0.00061
0.00015
-0.00046
-0.00189
-0.00214
-0.00146
-0.00204
-0.00211
-0.00272
-0.00375
-0.00217
-0.00140
-0.00119
-0.00137
-0.00116
-0.00085
0.00037
0.00232
0.00171
0.00195
0.00290
0.00278
0.00299
0.00195
0.00021
-0.00031
-0.00171
-0.00269
-0.00345
-0.00400
-0.00351
-0.00278
-0.00137
0.00000
0.00064
0.00125
0.00113
0.00082
0.00107
0.00113
0.00125
0.00119
0.00021
-0.00070
-0.00092
-0.00128
-0.00201
-0.00217
-0.00211
-0.00192
-0.00128
-0.00049
-0.00009
0.00031
0.00067
0.00064
0.00067
0.00070
0.00021
-0.00024
-0.00012
-0.00027
-0.00061
-0.00061
-0.00043
-0.00043
-0.00034
0.00000
0.00000
0.00000
0.00000
0.00000
0.00000
0.00000
0.00000
0.00000
0.00000
0.00000
0.00000
0.00000
0.00000
0.00000
0.00000
0.00000
0.00000
0.00000
0.00000
0.00000
0.00000
0.00000
0.00000
0.00000
0.00000
0.00000
0.00000
0.00000
0.00000
0.00000
0.00000
0.00000
0.00000
0.00000
0.00000
0.00000
0.00000
0.00000
0.00000
0.00000
0.00000
0.00000
0.00000
0.00000
0.00000
0.00000
0.00000
0.00000
0.00000
0.00000
0.00000
0.00000
0.00000
0.00000
0.00000
0.00000
0.00000
0.00000
0.00000
0.00000
0.00000
0.00000
0.00000
0.00000
0.00000
0.00000
0.00000
0.00000
0.00000
0.00000
0.00000
0.00000
0.00000
0.00000
0.00000
0.00000
0.00000
0.00000
0.00000
0.00000
0.00000
0.00000
0.00000
0.00000
0.00000
0.00000
0.00000
0.00000
0.00000
0.00000
0.00000
0.00000
0.00000
0.00000
0.00000
0.00000
0.00000
0.00000
0.00000
0.00000
0.00000
0.00000
0.00000
0.00000
0.00000
0.00000
0.00000
0.00000
0.00000
0.00000
0.00000
0.00000
0.00000
0.00000
0.00000
0.00000
0.00000
0.00000
0.00000
0.00000
0.00000
0.00000
0.00000
0.00000
0.00000
0.00000
0.00000
0.00000
0.00000
0.00000
0.00000
0.00000
0.00000
0.00000
0.00000
0.00000
0.00000
0.00000
0.00000
0.00000
0.00000
0.00000
0.00000
0.00000
0.00000
0.00000
0.00000
0.00000
0.00000
0.00000
0.00000
0.00000
0.00000
0.00000
0.00000
