-0.00015
-0.00012
-0.00012
-0.00015
-0.00009
-0.00009
-0.00012
-0.00012
-0.00012
-0.00012
-0.00012
-0.00009
-0.00009
-0.00009
-0.00009
-0.00012
-0.00012
-0.00012
-0.00015
-0.00015
-0.00015
-0.00015
-0.00015
-0.00018
-0.00018
-0.00015
-0.00012
-0.00012
-0.00012
-0.00012
-0.00012
-0.00015
-0.00018
-0.00015
-0.00015
-0.00015
-0.00018
-0.00015
-0.00015
-0.00021
-0.00015
-0.00015
-0.00018
-0.00015
-0.00015
-0.00015
-0.00012
-0.00015
-0.00015
-0.00012
-0.00015
-0.00021
-0.00018
-0.00015
-0.00018
-0.00018
-0.00015
-0.00015
-0.00018
-0.00018
-0.00018
-0.00018
-0.00015
-0.00015
-0.00009
-0.00012
-0.00018
-0.00018
-0.00021
-0.00018
-0.00021
-0.00018
-0.00015
-0.00015
-0.00018
-0.00018
-0.00018
-0.00018
-0.00015
-0.00012
-0.00012
-0.00012
-0.00015
-0.00015
-0.00018
-0.00024
-0.00021
-0.00018
-0.00018
-0.00018
-0.00015
-0.00012
-0.00018
-0.00018
-0.00012
-0.00018
-0.00021
-0.00018
-0.00015
-0.00015
-0.00018
-0.00018
-0.00015
-0.00021
-0.00018
-0.00015
-0.00015
-0.00015
-0.00015
-0.00018
-0.00018
-0.00021
-0.00021
-0.00018
-0.00015
-0.00015
-0.00018
-0.00018
-0.00018
-0.00018
-0.00018
-0.00015
-0.00015
-0.00018
-0.00018
-0.00015
-0.00021
-0.00021
-0.00015
-0.00012
-0.00018
-0.00015
-0.00012
-0.00018
-0.00021
-0.00018
-0.00018
-0.00021
-0.00018
-0.00012
-0.00012
-0.00015
-0.00018
-0.00021
-0.00018
-0.00018
-0.00021
-0.00015
-0.00009
-0.00012
-0.00015
-0.00012
-0.00012
-0.00015
-0.00015
-0.00015
-0.00015
-0.00015
-0.00018
-0.00015
-0.00015
-0.00015
-0.00018
-0.00015
-0.00015
-0.00015
-0.00015
-0.00015
-0.00015
-0.00018
-0.00015
-0.00012
-0.00015
-0.00012
-0.00015
-0.00018
-0.00018
-0.00018
-0.00021
-0.00021
-0.00015
-0.00012
-0.00021
-0.00003
-0.00027
-0.00009
-0.00061
0.00003
-0.00064
0.00031
-0.00043
0.00043
-0.01239
-0.05603
-0.05191
-0.03799
0.01129
0.04755
0.04376
0.03293
0.02322
0.02039
-0.00992
-0.02200
-0.01892
-0.00821
0.00220
0.00595
0.00055
0.00406
0.00003
-0.00388
0.00369
0.00894
0.00198
-0.00287
0.00055
0.00156
0.00201
0.00262
0.00085
0.00150
0.00229
-0.00180
-0.00235
-0.00082
-0.00021
-0.00064
0.00247
0.00351
0.00272
0.00278
0.00391
0.00275
0.00064
-0.00125
-0.00217
-0.00156
0.00018
0.00171
0.00110
0.00024
-0.00015
0.00079
0.00220
0.00342
0.00232
0.00125
0.00092
0.00015
-0.00061
-0.00015
0.00034
-0.00037
-0.00070
-0.00018
-0.00034
-0.00037
0.00015
0.00012
0.00064
0.00052
0.00015
-0.00009
-0.00034
-0.00003
0.00015
0.00079
0.00037
-0.00119
-0.00171
-0.00192
-0.00110
-0.00031
-0.00031
0.00006
-0.00034
0.00009
0.00064
0.00049
0.00006
-0.00037
-0.00098
-0.00134
-0.00113
-0.00174
-0.00076
-0.00110
-0.00073
-0.00037
-0.00073
-0.00040
-0.00159
-0.00134
-0.00238
-0.00156
-0.00131
-0.00031
0.00064
-0.00018
0.00058
-0.00003
-0.00116
-0.00211
-0.00284
-0.00262
-0.00232
-0.00125
-0.00085
-0.00082
-0.00018
0.00012
0.00055
0.00034
0.00024
0.00079
0.00165
0.00168
0.00073
0.00012
-0.00058
-0.00110
-0.00171
-0.00256
-0.00256
-0.00211
-0.00165
-0.00107
-0.00055
-0.00034
-0.00052
-0.00031
0.00006
0.00003
-0.00015
-0.00012
0.00012
0.00037
0.00000
-0.00061
-0.00110
-0.00128
-0.00104
-0.00070
-0.00040
-0.00049
-0.00082
-0.00082
-0.00064
-0.00055
-0.00061
-0.00052
-0.00046
-0.00043
-0.00021
0.00000
0.00000
0.00000
-0.00003
-0.00003
-0.00018
-0.00037
-0.00043
-0.00043
-0.00031
-0.00021
-0.00012
-0.00006
0.00000
0.00000
0.00000
0.00000
0.00000
0.00000
0.00000
0.00000
0.00000
0.00000
0.00000
0.00000
0.00000
0.00000
0.00000
0.00000
0.00000
0.00000
0.00000
0.00000
0.00000
0.00000
0.00000
0.00000
0.00000
0.00000
0.00000
0.00000
0.00000
0.00000
0.00000
0.00000
0.00000
0.00000
0.00000
0.00000
0.00000
0.00000
0.00000
0.00000
0.00000
0.00000
0.00000
0.00000
0.00000
0.00000
0.00000
0.00000
0.00000
0.00000
0.00000
0.00000
0.00000
0.00000
0.00000
0.00000
0.00000
0.00000
0.00000
0.00000
0.00000
0.00000
0.00000
0.00000
0.00000
0.00000
0.00000
0.00000
0.00000
0.00000
0.00000
0.00000
0.00000
0.00000
0.00000
0.00000
0.00000
0.00000
0.00000
0.00000
0.00000
0.00000
0.00000
0.00000
0.00000
0.00000
0.00000
0.00000
0.00000
0.00000
0.00000
0.00000
0.00000
0.00000
0.00000
0.00000
0.00000
0.00000
0.00000
0.00000
0.00000
0.00000
0.00000
0.00000
0.00000
0.00000
0.00000
0.00000
0.00000
0.00000
0.00000
0.00000
0.00000
0.00000
0.00000
0.00000
0.00000
0.00000
0.00000
0.00000
0.00000
0.00000
0.00000
0.00000
0.00000
0.00000
0.00000
0.00000
0.00000
0.00000
0.00000
0.00000
0.00000
0.00000
0.00000
0.00000
0.00000
0.00000
0.00000
0.00000
0.00000
0.00000
0.00000
0.00000
