-0.00021
-0.00018
-0.00021
-0.00024
-0.00024
-0.00021
-0.00024
-0.00027
-0.00021
-0.00021
-0.00021
-0.00021
-0.00018
-0.00018
-0.00021
-0.00021
-0.00024
-0.00021
-0.00024
-0.00024
-0.00024
-0.00024
-0.00024
-0.00018
-0.00018
-0.00018
-0.00015
-0.00018
-0.00015
-0.00018
-0.00018
-0.00021
-0.00018
-0.00015
-0.00034
-0.00003
-0.00015
-0.00018
-0.00018
-0.00021
-0.00015
-0.00021
-0.00015
-0.00012
-0.00012
-0.00015
-0.00018
-0.00018
-0.00018
-0.00018
-0.00021
-0.00018
-0.00018
-0.00015
-0.00015
-0.00012
-0.00012
-0.00003
-0.00009
-0.00018
-0.00012
-0.00021
-0.00018
-0.00021
-0.00021
-0.00015
-0.00009
-0.00006
-0.00009
-0.00012
-0.00009
-0.00009
-0.00012
-0.00012
-0.00012
-0.00015
-0.00012
-0.00006
-0.00009
-0.00012
-0.00009
-0.00009
-0.00015
-0.00015
-0.00012
-0.00015
-0.00009
-0.00006
-0.00009
-0.00012
-0.00009
-0.00006
-0.00003
-0.00003
-0.00006
-0.00006
-0.00006
-0.00009
-0.00015
-0.00009
-0.00006
-0.00006
-0.00003
-0.00003
-0.00006
-0.00009
-0.00003
-0.00006
-0.00006
-0.00006
-0.00006
-0.00009
-0.00006
-0.00003
-0.00009
-0.00006
-0.00003
-0.00003
-0.00006
-0.00006
-0.00009
-0.00009
-0.00003
-0.00003
0.00000
-0.00006
-0.00006
-0.00009
-0.00006
-0.00003
-0.00006
-0.00003
0.00000
-0.00003
-0.00003
-0.00003
-0.00003
-0.00006
-0.00006
-0.00003
-0.00003
-0.00006
-0.00006
0.00000
0.00000
0.00000
0.00000
0.00000
0.00000
0.00000
-0.00006
-0.00003
-0.00003
-0.00003
0.00000
0.00000
0.00000
0.00000
0.00000
0.00000
-0.00003
0.00000
-0.00003
-0.00003
0.00000
0.00000
-0.00003
0.00000
-0.00003
0.00000
0.00000
0.00000
0.00000
0.00000
0.00009
-0.00006
0.00015
-0.00027
0.00034
-0.00064
0.00082
-0.00131
0.00153
-0.00214
0.00220
-0.04022
-0.11176
-0.05475
-0.00546
0.03534
0.05673
0.05487
0.04361
0.05017
0.02414
-0.01807
-0.02676
-0.02542
-0.01950
0.00333
0.01794
-0.00241
0.00089
0.00363
-0.00281
0.00842
0.01041
-0.00211
-0.00076
0.00522
0.00247
0.00061
0.00549
-0.00146
-0.00311
0.00049
-0.00452
-0.00531
-0.00003
0.00394
0.00272
0.00470
0.00415
0.00296
0.00323
0.00455
0.00153
-0.00073
-0.00223
-0.00299
-0.00305
0.00058
0.00125
0.00000
-0.00015
0.00140
0.00146
0.00174
0.00272
0.00177
0.00061
0.00070
0.00046
0.00043
0.00031
-0.00024
-0.00095
-0.00092
-0.00070
-0.00131
-0.00107
-0.00024
0.00015
0.00055
0.00082
0.00137
0.00095
0.00070
0.00055
-0.00040
-0.00140
-0.00162
-0.00162
-0.00131
-0.00031
0.00085
0.00070
0.00034
0.00043
-0.00055
-0.00073
0.00000
-0.00034
-0.00058
-0.00055
-0.00092
-0.00116
-0.00110
-0.00058
-0.00125
-0.00107
-0.00131
-0.00156
-0.00128
-0.00058
-0.00079
-0.00043
-0.00006
-0.00018
0.00031
0.00027
-0.00021
0.00021
0.00067
-0.00061
-0.00113
-0.00119
-0.00195
-0.00229
-0.00317
-0.00299
-0.00201
-0.00162
-0.00159
-0.00098
-0.00003
0.00061
0.00143
0.00229
0.00302
0.00302
0.00308
0.00287
0.00125
0.00049
-0.00092
-0.00220
-0.00198
-0.00293
-0.00339
-0.00262
-0.00220
-0.00140
-0.00043
0.00040
0.00092
0.00079
0.00113
0.00131
0.00104
0.00104
0.00092
0.00046
-0.00021
-0.00073
-0.00122
-0.00150
-0.00159
-0.00162
-0.00146
-0.00076
-0.00031
-0.00015
0.00018
0.00027
0.00027
0.00043
0.00034
0.00024
0.00012
0.00006
-0.00009
-0.00043
-0.00031
-0.00018
-0.00006
-0.00003
0.00000
0.00000
0.00000
0.00000
0.00000
0.00000
0.00000
0.00000
0.00000
0.00000
0.00000
0.00000
0.00000
0.00000
0.00000
0.00000
0.00000
0.00000
0.00000
0.00000
0.00000
0.00000
0.00000
0.00000
0.00000
0.00000
0.00000
0.00000
0.00000
0.00000
0.00000
0.00000
0.00000
0.00000
0.00000
0.00000
0.00000
0.00000
0.00000
0.00000
0.00000
0.00000
0.00000
0.00000
0.00000
0.00000
0.00000
0.00000
0.00000
0.00000
0.00000
0.00000
0.00000
0.00000
0.00000
0.00000
0.00000
0.00000
0.00000
0.00000
0.00000
0.00000
0.00000
0.00000
0.00000
0.00000
0.00000
0.00000
0.00000
0.00000
0.00000
0.00000
0.00000
0.00000
0.00000
0.00000
0.00000
0.00000
0.00000
0.00000
0.00000
0.00000
0.00000
0.00000
0.00000
0.00000
0.00000
0.00000
0.00000
0.00000
0.00000
0.00000
0.00000
0.00000
0.00000
0.00000
0.00000
0.00000
0.00000
0.00000
0.00000
0.00000
0.00000
0.00000
0.00000
0.00000
0.00000
0.00000
0.00000
0.00000
0.00000
0.00000
0.00000
0.00000
0.00000
0.00000
0.00000
0.00000
0.00000
0.00000
0.00000
0.00000
0.00000
0.00000
0.00000
0.00000
0.00000
0.00000
0.00000
0.00000
0.00000
0.00000
0.00000
0.00000
0.00000
0.00000
0.00000
0.00000
0.00000
0.00000
0.00000
0.00000
0.00000
0.00000
0.00000
0.00000
0.00000
0.00000
0.00000
0.00000
0.00000
0.00000
0.00000
0.00000
0.00000
