-0.00031
-0.00031
-0.00037
-0.00040
-0.00034
-0.00027
-0.00021
-0.00021
-0.00024
-0.00027
-0.00031
-0.00034
-0.00037
-0.00031
-0.00031
-0.00027
-0.00034
-0.00027
-0.00024
-0.00031
-0.00034
-0.00031
-0.00031
-0.00024
-0.00027
-0.00034
-0.00031
-0.00024
-0.00024
-0.00034
-0.00031
-0.00031
-0.00034
-0.00031
-0.00043
-0.00018
-0.00034
-0.00027
-0.00024
-0.00034
-0.00027
-0.00024
-0.00021
-0.00024
-0.00024
-0.00027
-0.00034
-0.00037
-0.00031
-0.00031
-0.00034
-0.00031
-0.00024
-0.00024
-0.00027
-0.00034
-0.00037
-0.00024
-0.00031
-0.00043
-0.00024
-0.00024
-0.00031
-0.00037
-0.00037
-0.00031
-0.00027
-0.00024
-0.00034
-0.00027
-0.00021
-0.00021
-0.00027
-0.00024
-0.00024
-0.00031
-0.00031
-0.00027
-0.00034
-0.00040
-0.00037
-0.00034
-0.00031
-0.00031
-0.00027
-0.00027
-0.00024
-0.00018
-0.00027
-0.00037
-0.00034
-0.00031
-0.00027
-0.00031
-0.00031
-0.00031
-0.00027
-0.00027
-0.00031
-0.00031
-0.00027
-0.00024
-0.00021
-0.00027
-0.00031
-0.00031
-0.00021
-0.00021
-0.00024
-0.00018
-0.00021
-0.00031
-0.00031
-0.00027
-0.00034
-0.00037
-0.00024
-0.00021
-0.00024
-0.00027
-0.00027
-0.00024
-0.00021
-0.00015
-0.00021
-0.00027
-0.00027
-0.00034
-0.00034
-0.00027
-0.00027
-0.00031
-0.00024
-0.00021
-0.00021
-0.00021
-0.00024
-0.00024
-0.00024
-0.00027
-0.00024
-0.00021
-0.00027
-0.00024
-0.00021
-0.00015
-0.00024
-0.00021
-0.00021
-0.00024
-0.00024
-0.00021
-0.00021
-0.00024
-0.00021
-0.00015
-0.00018
-0.00021
-0.00021
-0.00021
-0.00024
-0.00021
-0.00018
-0.00021
-0.00018
-0.00021
-0.00021
-0.00027
-0.00031
-0.00024
-0.00018
-0.00021
-0.00018
-0.00018
-0.00006
-0.00024
-0.00003
-0.00049
0.00003
-0.00061
0.00003
-0.00055
-0.00015
-0.00009
-0.00076
-0.02731
-0.14761
-0.09500
0.00659
0.06845
0.10678
0.06839
0.05496
0.02957
0.02289
-0.04138
-0.05557
-0.03250
-0.01361
0.01474
0.02512
-0.00272
-0.01019
0.00113
0.00009
0.01016
0.02295
0.00037
-0.00977
0.00232
0.00092
0.00085
0.00726
0.00406
-0.00140
0.00140
-0.00562
-0.00851
-0.00323
0.00156
-0.00101
0.00299
0.00620
0.00497
0.00424
0.00418
0.00256
-0.00119
-0.00403
-0.00406
-0.00278
0.00037
0.00287
0.00027
-0.00137
0.00024
0.00348
0.00250
0.00357
0.00275
-0.00021
-0.00049
0.00061
0.00003
-0.00018
-0.00089
-0.00110
-0.00183
-0.00073
-0.00143
-0.00223
-0.00015
0.00000
0.00098
0.00128
0.00156
0.00143
0.00034
0.00113
-0.00089
-0.00220
-0.00256
-0.00217
-0.00018
0.00043
0.00186
0.00186
-0.00034
-0.00073
-0.00214
-0.00180
-0.00052
0.00034
0.00021
-0.00076
-0.00113
-0.00146
-0.00143
-0.00031
-0.00079
-0.00089
-0.00107
-0.00116
-0.00208
-0.00250
-0.00238
-0.00128
0.00070
0.00153
0.00256
0.00189
0.00046
-0.00018
-0.00052
-0.00198
-0.00290
-0.00211
-0.00180
-0.00253
-0.00327
-0.00293
-0.00122
-0.00043
-0.00073
-0.00073
-0.00043
0.00021
0.00153
0.00217
0.00171
0.00189
0.00262
0.00253
0.00116
0.00024
0.00006
-0.00073
-0.00128
-0.00244
-0.00372
-0.00366
-0.00305
-0.00232
-0.00073
0.00095
0.00156
0.00140
0.00134
0.00116
0.00085
0.00089
0.00098
0.00034
-0.00055
-0.00101
-0.00119
-0.00131
-0.00143
-0.00171
-0.00186
-0.00134
-0.00058
-0.00024
0.00021
0.00055
0.00058
0.00079
0.00092
0.00061
0.00012
-0.00009
-0.00034
-0.00061
-0.00049
-0.00037
-0.00040
-0.00027
0.00000
0.00000
0.00000
0.00000
0.00000
0.00000
0.00000
0.00000
0.00000
0.00000
0.00000
0.00000
0.00000
0.00000
0.00000
0.00000
0.00000
0.00000
0.00000
0.00000
0.00000
0.00000
0.00000
0.00000
0.00000
0.00000
0.00000
0.00000
0.00000
0.00000
0.00000
0.00000
0.00000
0.00000
0.00000
0.00000
0.00000
0.00000
0.00000
0.00000
0.00000
0.00000
0.00000
0.00000
0.00000
0.00000
0.00000
0.00000
0.00000
0.00000
0.00000
0.00000
0.00000
0.00000
0.00000
0.00000
0.00000
0.00000
0.00000
0.00000
0.00000
0.00000
0.00000
0.00000
0.00000
0.00000
0.00000
0.00000
0.00000
0.00000
0.00000
0.00000
0.00000
0.00000
0.00000
0.00000
0.00000
0.00000
0.00000
0.00000
0.00000
0.00000
0.00000
0.00000
0.00000
0.00000
0.00000
0.00000
0.00000
0.00000
0.00000
0.00000
0.00000
0.00000
0.00000
0.00000
0.00000
0.00000
0.00000
0.00000
0.00000
0.00000
0.00000
0.00000
0.00000
0.00000
0.00000
0.00000
0.00000
0.00000
0.00000
0.00000
0.00000
0.00000
0.00000
0.00000
0.00000
0.00000
0.00000
0.00000
0.00000
0.00000
0.00000
0.00000
0.00000
0.00000
0.00000
0.00000
0.00000
0.00000
0.00000
0.00000
0.00000
0.00000
0.00000
0.00000
0.00000
0.00000
0.00000
0.00000
0.00000
0.00000
0.00000
0.00000
0.00000
0.00000
0.00000
0.00000
0.00000
0.00000
0.00000
0.00000
0.00000
0.00000
0.00000
