-0.00012
-0.00012
-0.00021
-0.00018
-0.00015
-0.00018
-0.00015
-0.00015
-0.00015
-0.00012
-0.00018
-0.00021
-0.00018
-0.00018
-0.00024
-0.00024
-0.00012
-0.00015
-0.00021
-0.00018
-0.00015
-0.00015
-0.00015
-0.00018
-0.00018
-0.00012
-0.00006
-0.00012
-0.00018
-0.00024
-0.00024
-0.00024
-0.00024
-0.00024
-0.00037
-0.00009
-0.00018
-0.00012
-0.00018
-0.00027
-0.00015
-0.00015
-0.00018
-0.00018
-0.00015
-0.00021
-0.00021
-0.00024
-0.00024
-0.00024
-0.00027
-0.00021
-0.00012
-0.00012
-0.00018
-0.00018
-0.00012
-0.00024
-0.00040
-0.00021
-0.00021
-0.00021
-0.00021
-0.00024
-0.00015
-0.00015
-0.00015
-0.00015
-0.00015
-0.00018
-0.00021
-0.00024
-0.00024
-0.00015
-0.00018
-0.00018
-0.00012
-0.00018
-0.00021
-0.00018
-0.00015
-0.00027
-0.00031
-0.00027
-0.00018
-0.00018
-0.00009
-0.00015
-0.00027
-0.00024
-0.00021
-0.00018
-0.00021
-0.00018
-0.00012
-0.00015
-0.00021
-0.00024
-0.00027
-0.00018
-0.00012
-0.00015
-0.00015
-0.00018
-0.00021
-0.00018
-0.00015
-0.00018
-0.00015
-0.00012
-0.00009
-0.00009
-0.00018
-0.00021
-0.00018
-0.00021
-0.00018
-0.00012
-0.00018
-0.00021
-0.00015
-0.00012
-0.00015
-0.00015
-0.00015
-0.00015
-0.00012
-0.00015
-0.00015
-0.00018
-0.00021
-0.00018
-0.00012
-0.00009
-0.00015
-0.00012
-0.00009
-0.00009
-0.00015
-0.00012
-0.00018
-0.00021
-0.00015
-0.00012
-0.00012
-0.00015
-0.00015
-0.00012
-0.00012
-0.00012
-0.00012
-0.00012
-0.00012
-0.00012
-0.00006
-0.00009
-0.00012
-0.00012
-0.00009
-0.00015
-0.00018
-0.00018
-0.00018
-0.00015
-0.00012
-0.00006
-0.00012
-0.00015
-0.00009
-0.00009
-0.00015
-0.00015
-0.00012
0.00000
-0.00012
0.00003
-0.00040
0.00012
-0.00061
0.00024
-0.00067
0.00052
-0.00095
0.00003
-0.04080
-0.15485
-0.08203
0.02927
0.05722
0.09250
0.06863
0.05661
0.03976
0.01352
-0.03622
-0.05344
-0.02652
-0.01425
0.01566
0.02728
-0.00366
-0.01282
0.00455
-0.00177
0.00247
0.01608
-0.00204
-0.00369
0.00912
0.00439
0.00079
0.00992
0.00372
-0.00314
0.00067
-0.00644
-0.01077
-0.00418
0.00208
-0.00021
0.00153
0.00705
0.00626
0.00497
0.00482
0.00232
-0.00104
-0.00436
-0.00415
-0.00284
0.00052
0.00275
0.00006
-0.00192
0.00101
0.00238
0.00079
0.00299
0.00381
0.00031
0.00000
0.00079
-0.00012
-0.00095
-0.00125
-0.00101
-0.00189
-0.00168
-0.00211
-0.00235
0.00018
0.00040
0.00061
0.00101
0.00153
0.00125
0.00064
0.00082
-0.00067
-0.00211
-0.00183
-0.00146
-0.00128
0.00012
0.00156
0.00061
-0.00116
-0.00143
-0.00244
-0.00153
0.00021
0.00058
0.00024
-0.00055
-0.00134
-0.00177
-0.00150
-0.00085
-0.00174
-0.00134
-0.00089
-0.00165
-0.00217
-0.00223
-0.00262
-0.00085
0.00107
0.00128
0.00217
0.00153
0.00012
-0.00006
-0.00058
-0.00238
-0.00308
-0.00211
-0.00232
-0.00238
-0.00320
-0.00327
-0.00156
-0.00079
-0.00110
-0.00131
-0.00092
-0.00031
0.00153
0.00235
0.00168
0.00204
0.00293
0.00281
0.00195
0.00052
-0.00027
-0.00131
-0.00220
-0.00278
-0.00385
-0.00375
-0.00314
-0.00235
-0.00067
0.00061
0.00104
0.00113
0.00101
0.00101
0.00095
0.00092
0.00101
0.00037
-0.00055
-0.00089
-0.00107
-0.00168
-0.00217
-0.00223
-0.00217
-0.00174
-0.00073
-0.00031
0.00000
0.00000
0.00000
0.00000
0.00000
0.00000
0.00000
0.00000
0.00000
0.00000
0.00000
0.00000
0.00000
0.00000
0.00000
0.00000
0.00000
0.00000
0.00000
0.00000
0.00000
0.00000
0.00000
0.00000
0.00000
0.00000
0.00000
0.00000
0.00000
0.00000
0.00000
0.00000
0.00000
0.00000
0.00000
0.00000
0.00000
0.00000
0.00000
0.00000
0.00000
0.00000
0.00000
0.00000
0.00000
0.00000
0.00000
0.00000
0.00000
0.00000
0.00000
0.00000
0.00000
0.00000
0.00000
0.00000
0.00000
0.00000
0.00000
0.00000
0.00000
0.00000
0.00000
0.00000
0.00000
0.00000
0.00000
0.00000
0.00000
0.00000
0.00000
0.00000
0.00000
0.00000
0.00000
0.00000
0.00000
0.00000
0.00000
0.00000
0.00000
0.00000
0.00000
0.00000
0.00000
0.00000
0.00000
0.00000
0.00000
0.00000
0.00000
0.00000
0.00000
0.00000
0.00000
0.00000
0.00000
0.00000
0.00000
0.00000
0.00000
0.00000
0.00000
0.00000
0.00000
0.00000
0.00000
0.00000
0.00000
0.00000
0.00000
0.00000
0.00000
0.00000
0.00000
0.00000
0.00000
0.00000
0.00000
0.00000
0.00000
0.00000
0.00000
0.00000
0.00000
0.00000
0.00000
0.00000
0.00000
0.00000
0.00000
0.00000
0.00000
0.00000
0.00000
0.00000
0.00000
0.00000
0.00000
0.00000
0.00000
0.00000
0.00000
0.00000
0.00000
0.00000
0.00000
0.00000
0.00000
0.00000
0.00000
0.00000
0.00000
0.00000
0.00000
0.00000
0.00000
0.00000
0.00000
0.00000
0.00000
0.00000
0.00000
0.00000
0.00000
0.00000
0.00000
0.00000
0.00000
0.00000
