-0.00003
-0.00003
-0.00003
0.00000
0.00000
-0.00003
0.00000
0.00000
-0.00003
-0.00006
-0.00006
-0.00003
-0.00003
0.00000
0.00000
-0.00003
-0.00006
-0.00009
-0.00015
-0.00012
-0.00009
-0.00009
-0.00009
-0.00003
-0.00003
-0.00006
-0.00006
-0.00006
-0.00009
-0.00006
-0.00006
-0.00009
-0.00012
-0.00009
-0.00006
-0.00009
-0.00012
-0.00006
-0.00009
-0.00012
-0.00012
-0.00009
-0.00009
-0.00009
-0.00009
-0.00009
-0.00009
-0.00012
-0.00009
-0.00009
-0.00009
-0.00012
-0.00009
-0.00009
-0.00012
-0.00015
-0.00015
-0.00012
-0.00012
-0.00009
-0.00006
-0.00006
-0.00009
-0.00015
-0.00021
-0.00021
-0.00024
-0.00018
-0.00018
-0.00018
-0.00015
-0.00015
-0.00009
-0.00012
-0.00018
-0.00015
-0.00015
-0.00015
-0.00012
-0.00012
-0.00012
-0.00012
-0.00012
-0.00015
-0.00021
-0.00021
-0.00021
-0.00018
-0.00018
-0.00018
-0.00018
-0.00018
-0.00018
-0.00018
-0.00018
-0.00015
-0.00018
-0.00018
-0.00018
-0.00021
-0.00024
-0.00024
-0.00021
-0.00024
-0.00024
-0.00021
-0.00018
-0.00018
-0.00012
-0.00015
-0.00021
-0.00021
-0.00021
-0.00024
-0.00024
-0.00024
-0.00021
-0.00018
-0.00018
-0.00021
-0.00018
-0.00018
-0.00024
-0.00021
-0.00018
-0.00021
-0.00021
-0.00024
-0.00027
-0.00027
-0.00031
-0.00024
-0.00018
-0.00018
-0.00021
-0.00021
-0.00021
-0.00024
-0.00031
-0.00031
-0.00027
-0.00027
-0.00021
-0.00018
-0.00018
-0.00021
-0.00024
-0.00027
-0.00031
-0.00034
-0.00031
-0.00027
-0.00024
-0.00024
-0.00021
-0.00021
-0.00024
-0.00024
-0.00027
-0.00031
-0.00031
-0.00031
-0.00027
-0.00024
-0.00024
-0.00024
-0.00021
-0.00018
-0.00024
-0.00027
-0.00031
-0.00024
-0.00024
-0.00024
-0.00021
-0.00021
-0.00021
-0.00024
-0.00027
-0.00027
-0.00031
-0.00031
-0.00027
-0.00031
-0.00031
-0.00027
-0.00015
-0.00027
-0.00021
-0.00043
-0.00024
-0.00037
-0.00024
0.00000
-0.00024
-0.00458
-0.03345
-0.04214
-0.03531
-0.00748
0.02274
0.02951
0.02747
0.01837
0.01843
0.00287
-0.00989
-0.01248
-0.00946
-0.00360
0.00189
0.00247
0.00284
0.00122
-0.00159
0.00217
0.00711
0.00421
-0.00113
-0.00089
0.00098
0.00110
0.00153
0.00217
0.00241
0.00293
0.00073
-0.00113
-0.00232
-0.00211
-0.00159
0.00098
0.00351
0.00366
0.00293
0.00290
0.00262
0.00095
-0.00043
-0.00156
-0.00195
-0.00104
0.00092
0.00171
0.00174
0.00153
0.00128
0.00082
0.00140
0.00104
0.00070
0.00089
0.00009
0.00000
0.00006
0.00018
0.00027
0.00018
0.00031
0.00018
-0.00006
-0.00052
-0.00089
-0.00052
-0.00031
0.00006
0.00052
0.00034
0.00046
0.00055
0.00058
0.00021
-0.00061
-0.00134
-0.00174
-0.00146
-0.00128
-0.00116
-0.00049
-0.00034
-0.00012
0.00027
0.00037
0.00021
-0.00052
-0.00061
-0.00037
-0.00113
0.00027
-0.00064
-0.00037
-0.00058
-0.00156
-0.00177
-0.00214
-0.00189
-0.00208
-0.00067
-0.00076
-0.00052
0.00006
-0.00076
-0.00085
-0.00085
-0.00119
-0.00168
-0.00180
-0.00143
-0.00150
-0.00104
-0.00095
-0.00098
-0.00018
0.00043
0.00043
0.00021
0.00006
0.00034
0.00101
0.00110
0.00076
0.00000
-0.00085
-0.00159
-0.00214
-0.00232
-0.00208
-0.00165
-0.00122
-0.00082
-0.00046
-0.00043
-0.00058
-0.00064
-0.00034
-0.00003
-0.00003
-0.00031
-0.00055
-0.00055
-0.00046
-0.00040
-0.00043
-0.00061
-0.00076
-0.00076
-0.00061
-0.00040
-0.00027
-0.00024
-0.00034
-0.00052
-0.00064
-0.00076
-0.00082
-0.00073
-0.00055
-0.00040
-0.00012
0.00009
0.00021
0.00021
0.00012
0.00000
-0.00012
-0.00031
-0.00034
-0.00034
-0.00018
-0.00006
-0.00006
-0.00015
-0.00018
0.00000
0.00000
0.00000
0.00000
0.00000
0.00000
0.00000
0.00000
0.00000
0.00000
0.00000
0.00000
0.00000
0.00000
0.00000
0.00000
0.00000
0.00000
0.00000
0.00000
0.00000
0.00000
0.00000
0.00000
0.00000
0.00000
0.00000
0.00000
0.00000
0.00000
0.00000
0.00000
0.00000
0.00000
0.00000
0.00000
0.00000
0.00000
0.00000
0.00000
0.00000
0.00000
0.00000
0.00000
0.00000
0.00000
0.00000
0.00000
0.00000
0.00000
0.00000
0.00000
0.00000
0.00000
0.00000
0.00000
0.00000
0.00000
0.00000
0.00000
0.00000
0.00000
0.00000
0.00000
0.00000
0.00000
0.00000
0.00000
0.00000
0.00000
0.00000
0.00000
0.00000
0.00000
0.00000
0.00000
0.00000
0.00000
0.00000
0.00000
0.00000
0.00000
0.00000
0.00000
0.00000
0.00000
0.00000
0.00000
0.00000
0.00000
0.00000
0.00000
0.00000
0.00000
0.00000
0.00000
0.00000
0.00000
0.00000
0.00000
0.00000
0.00000
0.00000
0.00000
0.00000
0.00000
0.00000
0.00000
0.00000
0.00000
0.00000
0.00000
0.00000
0.00000
0.00000
0.00000
0.00000
0.00000
0.00000
0.00000
0.00000
0.00000
0.00000
0.00000
0.00000
0.00000
0.00000
0.00000
0.00000
0.00000
0.00000
0.00000
0.00000
0.00000
0.00000
0.00000
0.00000
0.00000
0.00000
