-0.00003
-0.00006
-0.00006
-0.00006
-0.00006
-0.00003
-0.00006
-0.00006
-0.00006
-0.00009
-0.00015
-0.00018
-0.00021
-0.00021
-0.00018
-0.00012
-0.00009
-0.00003
-0.00003
-0.00006
-0.00009
-0.00009
-0.00012
-0.00015
-0.00018
-0.00015
-0.00009
-0.00015
-0.00021
-0.00018
-0.00012
-0.00015
-0.00012
-0.00003
-0.00006
-0.00009
-0.00009
-0.00012
-0.00012
-0.00018
-0.00021
-0.00021
-0.00018
-0.00015
-0.00015
-0.00018
-0.00021
-0.00024
-0.00021
-0.00018
-0.00012
-0.00012
-0.00009
-0.00009
-0.00015
-0.00021
-0.00027
-0.00024
-0.00021
-0.00015
-0.00012
-0.00018
-0.00018
-0.00015
-0.00018
-0.00021
-0.00024
-0.00027
-0.00027
-0.00024
-0.00024
-0.00024
-0.00024
-0.00021
-0.00024
-0.00027
-0.00024
-0.00021
-0.00027
-0.00024
-0.00021
-0.00024
-0.00021
-0.00018
-0.00018
-0.00021
-0.00024
-0.00024
-0.00024
-0.00024
-0.00021
-0.00031
-0.00037
-0.00037
-0.00034
-0.00027
-0.00021
-0.00015
-0.00018
-0.00018
-0.00024
-0.00031
-0.00031
-0.00031
-0.00031
-0.00031
-0.00027
-0.00027
-0.00031
-0.00027
-0.00027
-0.00027
-0.00024
-0.00024
-0.00024
-0.00024
-0.00024
-0.00027
-0.00031
-0.00031
-0.00034
-0.00037
-0.00040
-0.00043
-0.00040
-0.00043
-0.00040
-0.00034
-0.00031
-0.00031
-0.00031
-0.00031
-0.00031
-0.00031
-0.00024
-0.00021
-0.00018
-0.00018
-0.00021
-0.00021
-0.00027
-0.00034
-0.00037
-0.00037
-0.00037
-0.00034
-0.00034
-0.00031
-0.00027
-0.00034
-0.00034
-0.00034
-0.00034
-0.00034
-0.00034
-0.00031
-0.00034
-0.00037
-0.00040
-0.00043
-0.00046
-0.00046
-0.00037
-0.00027
-0.00031
-0.00034
-0.00031
-0.00034
-0.00037
-0.00037
-0.00037
-0.00037
-0.00037
-0.00037
-0.00034
-0.00027
-0.00024
-0.00027
-0.00031
-0.00027
-0.00043
-0.00021
-0.00082
0.00018
-0.00131
0.00107
-0.00223
-0.00208
-0.06586
-0.09970
-0.03214
0.00809
0.03751
0.04980
0.04074
0.04193
0.04654
0.00876
-0.01773
-0.02338
-0.01965
-0.01340
0.00769
0.00864
-0.00500
0.00449
-0.00012
-0.00070
0.01141
0.00739
-0.00061
0.00287
0.00574
-0.00299
-0.00336
-0.00250
-0.00400
-0.00040
0.00076
-0.00085
0.00046
0.00299
0.00238
0.00180
0.00372
0.00412
0.00198
0.00095
0.00165
-0.00119
-0.00305
-0.00266
-0.00119
-0.00070
0.00095
0.00092
-0.00049
-0.00024
0.00131
0.00137
0.00195
0.00317
0.00220
0.00092
0.00119
-0.00003
-0.00089
-0.00104
-0.00131
-0.00113
-0.00055
0.00000
-0.00052
-0.00024
0.00043
-0.00037
-0.00027
-0.00031
-0.00021
-0.00031
-0.00009
0.00067
-0.00009
-0.00107
-0.00177
-0.00247
-0.00131
-0.00079
0.00012
0.00040
0.00003
0.00003
-0.00031
-0.00061
-0.00043
-0.00076
-0.00076
-0.00119
-0.00089
-0.00125
-0.00180
-0.00089
-0.00201
-0.00098
-0.00055
-0.00122
-0.00089
-0.00162
-0.00174
-0.00211
-0.00140
-0.00134
-0.00046
0.00058
-0.00024
0.00034
-0.00003
-0.00116
-0.00168
-0.00214
-0.00284
-0.00317
-0.00256
-0.00272
-0.00287
-0.00195
-0.00122
-0.00009
0.00076
0.00107
0.00241
0.00311
0.00272
0.00302
0.00238
0.00104
-0.00034
-0.00229
-0.00272
-0.00339
-0.00388
-0.00320
-0.00244
-0.00137
-0.00122
-0.00107
-0.00012
0.00012
0.00034
0.00067
0.00076
0.00076
0.00073
0.00027
-0.00021
-0.00061
-0.00122
-0.00156
-0.00134
-0.00113
-0.00116
-0.00104
-0.00079
-0.00067
-0.00052
-0.00046
-0.00034
-0.00021
-0.00021
-0.00021
-0.00018
-0.00003
0.00009
0.00006
0.00000
0.00000
0.00000
0.00000
0.00000
0.00000
0.00000
0.00000
0.00000
0.00000
0.00000
0.00000
0.00000
0.00000
0.00000
0.00000
0.00000
0.00000
0.00000
0.00000
0.00000
0.00000
0.00000
0.00000
0.00000
0.00000
0.00000
0.00000
0.00000
0.00000
0.00000
0.00000
0.00000
0.00000
0.00000
0.00000
0.00000
0.00000
0.00000
0.00000
0.00000
0.00000
0.00000
0.00000
0.00000
0.00000
0.00000
0.00000
0.00000
0.00000
0.00000
0.00000
0.00000
0.00000
0.00000
0.00000
0.00000
0.00000
0.00000
0.00000
0.00000
0.00000
0.00000
0.00000
0.00000
0.00000
0.00000
0.00000
0.00000
0.00000
0.00000
0.00000
0.00000
0.00000
0.00000
0.00000
0.00000
0.00000
0.00000
0.00000
0.00000
0.00000
0.00000
0.00000
0.00000
0.00000
0.00000
0.00000
0.00000
0.00000
0.00000
0.00000
0.00000
0.00000
0.00000
0.00000
0.00000
0.00000
0.00000
0.00000
0.00000
0.00000
0.00000
0.00000
0.00000
0.00000
0.00000
0.00000
0.00000
0.00000
0.00000
0.00000
0.00000
0.00000
0.00000
0.00000
0.00000
0.00000
0.00000
0.00000
0.00000
0.00000
0.00000
0.00000
0.00000
0.00000
0.00000
0.00000
0.00000
0.00000
0.00000
0.00000
0.00000
0.00000
0.00000
0.00000
0.00000
0.00000
0.00000
0.00000
0.00000
0.00000
0.00000
0.00000
0.00000
0.00000
0.00000
0.00000
0.00000
0.00000
0.00000
0.00000
0.00000
0.00000
0.00000
0.00000
0.00000
0.00000
