-0.00034
-0.00037
-0.00034
-0.00037
-0.00040
-0.00037
-0.00034
-0.00034
-0.00034
-0.00034
-0.00034
-0.00037
-0.00034
-0.00034
-0.00034
-0.00034
-0.00034
-0.00031
-0.00031
-0.00037
-0.00037
-0.00034
-0.00034
-0.00034
-0.00031
-0.00031
-0.00031
-0.00031
-0.00031
-0.00034
-0.00037
-0.00037
-0.00037
-0.00034
-0.00031
-0.00031
-0.00031
-0.00031
-0.00031
-0.00034
-0.00031
-0.00034
-0.00034
-0.00031
-0.00031
-0.00034
-0.00031
-0.00031
-0.00027
-0.00027
-0.00027
-0.00027
-0.00031
-0.00031
-0.00027
-0.00031
-0.00034
-0.00034
-0.00031
-0.00031
-0.00031
-0.00031
-0.00027
-0.00031
-0.00034
-0.00031
-0.00024
-0.00027
-0.00034
-0.00027
-0.00024
-0.00031
-0.00034
-0.00031
-0.00031
-0.00031
-0.00027
-0.00024
-0.00024
-0.00027
-0.00027
-0.00024
-0.00027
-0.00027
-0.00027
-0.00027
-0.00027
-0.00031
-0.00027
-0.00024
-0.00024
-0.00027
-0.00027
-0.00024
-0.00031
-0.00027
-0.00027
-0.00027
-0.00031
-0.00031
-0.00031
-0.00024
-0.00024
-0.00027
-0.00027
-0.00024
-0.00031
-0.00031
-0.00027
-0.00027
-0.00031
-0.00027
-0.00024
-0.00027
-0.00031
-0.00027
-0.00027
-0.00031
-0.00031
-0.00027
-0.00027
-0.00027
-0.00027
-0.00024
-0.00024
-0.00024
-0.00027
-0.00027
-0.00021
-0.00024
-0.00024
-0.00021
-0.00024
-0.00027
-0.00027
-0.00027
-0.00027
-0.00027
-0.00024
-0.00018
-0.00018
-0.00018
-0.00015
-0.00018
-0.00021
-0.00021
-0.00018
-0.00024
-0.00021
-0.00018
-0.00024
-0.00024
-0.00018
-0.00021
-0.00021
-0.00018
-0.00015
-0.00018
-0.00018
-0.00018
-0.00018
-0.00018
-0.00018
-0.00018
-0.00015
-0.00015
-0.00015
-0.00015
-0.00015
-0.00018
-0.00018
-0.00015
-0.00009
-0.00012
-0.00015
-0.00012
-0.00015
-0.00018
-0.00015
-0.00015
-0.00018
-0.00015
-0.00015
-0.00009
-0.00012
-0.00012
-0.00027
-0.00003
-0.00040
0.00015
-0.00043
0.00064
-0.00076
0.00021
-0.02216
-0.05640
-0.03821
-0.01352
0.00638
0.02350
0.03006
0.02771
0.02890
0.01730
-0.00104
-0.00952
-0.01221
-0.01160
-0.00189
0.00629
0.00165
0.00232
0.00259
-0.00113
0.00162
0.00537
0.00217
0.00098
0.00296
0.00021
0.00015
0.00241
0.00159
-0.00027
0.00040
-0.00076
-0.00275
-0.00134
-0.00018
-0.00003
0.00082
0.00299
0.00400
0.00406
0.00552
0.00412
0.00125
-0.00015
-0.00064
-0.00162
-0.00058
0.00034
0.00006
0.00003
0.00122
0.00168
0.00156
0.00247
0.00186
0.00092
0.00128
0.00128
0.00095
0.00052
0.00021
-0.00031
-0.00043
-0.00037
-0.00049
-0.00037
0.00000
0.00031
0.00043
0.00040
0.00064
0.00058
0.00055
0.00085
0.00073
0.00012
-0.00034
-0.00098
-0.00134
-0.00119
-0.00095
-0.00098
-0.00095
-0.00040
0.00015
0.00058
0.00085
0.00031
0.00064
0.00064
0.00012
0.00024
-0.00024
-0.00049
-0.00089
-0.00104
-0.00159
-0.00198
-0.00168
-0.00153
-0.00119
-0.00128
-0.00101
-0.00027
-0.00012
-0.00021
-0.00031
-0.00031
-0.00061
-0.00116
-0.00134
-0.00143
-0.00131
-0.00113
-0.00095
-0.00067
-0.00052
-0.00012
0.00040
0.00125
0.00177
0.00153
0.00198
0.00229
0.00137
0.00040
-0.00092
-0.00180
-0.00232
-0.00305
-0.00272
-0.00198
-0.00125
-0.00037
0.00027
0.00049
0.00009
-0.00015
-0.00006
0.00000
-0.00009
-0.00012
-0.00009
-0.00006
-0.00012
-0.00021
-0.00031
-0.00037
-0.00049
-0.00049
-0.00027
-0.00012
-0.00021
-0.00018
-0.00015
-0.00037
-0.00058
-0.00064
-0.00064
-0.00055
-0.00027
0.00000
0.00000
0.00000
0.00000
0.00000
0.00000
0.00000
0.00000
0.00000
0.00000
0.00000
0.00000
0.00000
0.00000
0.00000
0.00000
0.00000
0.00000
0.00000
0.00000
0.00000
0.00000
0.00000
0.00000
0.00000
0.00000
0.00000
0.00000
0.00000
0.00000
0.00000
0.00000
0.00000
0.00000
0.00000
0.00000
0.00000
0.00000
0.00000
0.00000
0.00000
0.00000
0.00000
0.00000
0.00000
0.00000
0.00000
0.00000
0.00000
0.00000
0.00000
0.00000
0.00000
0.00000
0.00000
0.00000
0.00000
0.00000
0.00000
0.00000
0.00000
0.00000
0.00000
0.00000
0.00000
0.00000
0.00000
0.00000
0.00000
0.00000
0.00000
0.00000
0.00000
0.00000
0.00000
0.00000
0.00000
0.00000
0.00000
0.00000
0.00000
0.00000
0.00000
0.00000
0.00000
0.00000
0.00000
0.00000
0.00000
0.00000
0.00000
0.00000
0.00000
0.00000
0.00000
0.00000
0.00000
0.00000
0.00000
0.00000
0.00000
0.00000
0.00000
0.00000
0.00000
0.00000
0.00000
0.00000
0.00000
0.00000
0.00000
0.00000
0.00000
0.00000
0.00000
0.00000
0.00000
0.00000
0.00000
0.00000
0.00000
0.00000
0.00000
0.00000
0.00000
0.00000
0.00000
0.00000
0.00000
0.00000
0.00000
0.00000
0.00000
0.00000
0.00000
0.00000
0.00000
0.00000
0.00000
0.00000
0.00000
0.00000
0.00000
0.00000
0.00000
0.00000
0.00000
0.00000
0.00000
0.00000
0.00000
0.00000
0.00000
0.00000
0.00000
0.00000
0.00000
