-0.00040
-0.00040
-0.00037
-0.00037
-0.00037
-0.00037
-0.00037
-0.00034
-0.00034
-0.00034
-0.00037
-0.00034
-0.00031
-0.00034
-0.00037
-0.00031
-0.00034
-0.00037
-0.00034
-0.00034
-0.00040
-0.00040
-0.00037
-0.00037
-0.00040
-0.00037
-0.00034
-0.00034
-0.00031
-0.00034
-0.00034
-0.00037
-0.00037
-0.00037
-0.00034
-0.00034
-0.00040
-0.00034
-0.00031
-0.00034
-0.00034
-0.00037
-0.00037
-0.00034
-0.00037
-0.00034
-0.00034
-0.00034
-0.00037
-0.00037
-0.00037
-0.00037
-0.00034
-0.00034
-0.00034
-0.00034
-0.00031
-0.00031
-0.00034
-0.00034
-0.00031
-0.00027
-0.00027
-0.00031
-0.00037
-0.00037
-0.00040
-0.00040
-0.00037
-0.00037
-0.00037
-0.00031
-0.00027
-0.00024
-0.00027
-0.00027
-0.00034
-0.00037
-0.00034
-0.00031
-0.00031
-0.00031
-0.00031
-0.00034
-0.00034
-0.00034
-0.00034
-0.00034
-0.00031
-0.00031
-0.00027
-0.00024
-0.00024
-0.00027
-0.00027
-0.00031
-0.00034
-0.00034
-0.00031
-0.00031
-0.00031
-0.00027
-0.00024
-0.00027
-0.00031
-0.00027
-0.00024
-0.00027
-0.00027
-0.00027
-0.00027
-0.00031
-0.00027
-0.00027
-0.00024
-0.00024
-0.00021
-0.00021
-0.00024
-0.00031
-0.00024
-0.00024
-0.00031
-0.00027
-0.00024
-0.00024
-0.00021
-0.00021
-0.00021
-0.00024
-0.00024
-0.00024
-0.00021
-0.00024
-0.00024
-0.00024
-0.00018
-0.00018
-0.00018
-0.00018
-0.00018
-0.00021
-0.00021
-0.00021
-0.00018
-0.00018
-0.00018
-0.00021
-0.00015
-0.00018
-0.00021
-0.00018
-0.00021
-0.00021
-0.00018
-0.00012
-0.00012
-0.00018
-0.00015
-0.00018
-0.00021
-0.00021
-0.00021
-0.00018
-0.00012
-0.00012
-0.00012
-0.00009
-0.00009
-0.00012
-0.00015
-0.00018
-0.00015
-0.00015
-0.00012
-0.00009
-0.00009
-0.00012
-0.00012
-0.00012
-0.00012
-0.00012
-0.00015
-0.00018
-0.00018
-0.00006
-0.00009
-0.00012
-0.00021
-0.00018
-0.00031
0.00000
-0.00031
0.00064
-0.00055
-0.00043
-0.02255
-0.04117
-0.03741
-0.01892
0.01498
0.02640
0.02759
0.01968
0.01852
0.00928
-0.00580
-0.01044
-0.01028
-0.00534
0.00067
0.00293
0.00323
0.00259
-0.00058
0.00110
0.00613
0.00552
0.00000
-0.00116
0.00040
0.00101
0.00159
0.00262
0.00320
0.00363
0.00153
-0.00107
-0.00235
-0.00201
-0.00107
0.00076
0.00317
0.00354
0.00311
0.00302
0.00327
0.00189
0.00009
-0.00153
-0.00168
-0.00061
0.00116
0.00208
0.00211
0.00137
0.00089
0.00076
0.00131
0.00140
0.00146
0.00104
0.00055
0.00049
0.00021
0.00034
0.00064
0.00052
0.00031
0.00058
-0.00003
-0.00055
-0.00058
-0.00037
0.00006
0.00046
0.00076
0.00049
0.00064
0.00076
0.00064
0.00046
-0.00024
-0.00101
-0.00131
-0.00116
-0.00089
-0.00089
-0.00058
-0.00052
-0.00027
0.00027
0.00027
0.00031
0.00000
0.00027
-0.00043
-0.00003
0.00070
-0.00052
0.00003
-0.00073
-0.00128
-0.00189
-0.00180
-0.00198
-0.00134
-0.00037
-0.00082
-0.00003
-0.00012
-0.00064
-0.00070
-0.00064
-0.00082
-0.00146
-0.00140
-0.00128
-0.00116
-0.00073
-0.00070
-0.00061
0.00009
0.00064
0.00073
0.00027
0.00012
0.00058
0.00134
0.00134
0.00085
0.00012
-0.00061
-0.00122
-0.00171
-0.00195
-0.00183
-0.00146
-0.00110
-0.00064
-0.00021
-0.00027
-0.00040
-0.00024
0.00009
0.00018
0.00003
-0.00018
-0.00037
-0.00024
-0.00006
-0.00003
-0.00024
-0.00049
-0.00055
-0.00055
-0.00037
-0.00012
0.00000
0.00000
-0.00015
-0.00034
-0.00046
-0.00058
-0.00061
-0.00055
-0.00040
-0.00024
0.00000
0.00021
0.00034
0.00034
0.00024
0.00018
0.00009
-0.00006
-0.00012
-0.00009
0.00000
0.00006
0.00000
-0.00009
-0.00003
0.00000
0.00000
0.00000
0.00000
0.00000
0.00000
0.00000
0.00000
0.00000
0.00000
0.00000
0.00000
0.00000
0.00000
0.00000
0.00000
0.00000
0.00000
0.00000
0.00000
0.00000
0.00000
0.00000
0.00000
0.00000
0.00000
0.00000
0.00000
0.00000
0.00000
0.00000
0.00000
0.00000
0.00000
0.00000
0.00000
0.00000
0.00000
0.00000
0.00000
0.00000
0.00000
0.00000
0.00000
0.00000
0.00000
0.00000
0.00000
0.00000
0.00000
0.00000
0.00000
0.00000
0.00000
0.00000
0.00000
0.00000
0.00000
0.00000
0.00000
0.00000
0.00000
0.00000
0.00000
0.00000
0.00000
0.00000
0.00000
0.00000
0.00000
0.00000
0.00000
0.00000
0.00000
0.00000
0.00000
0.00000
0.00000
0.00000
0.00000
0.00000
0.00000
0.00000
0.00000
0.00000
0.00000
0.00000
0.00000
0.00000
0.00000
0.00000
0.00000
0.00000
0.00000
0.00000
0.00000
0.00000
0.00000
0.00000
0.00000
0.00000
0.00000
0.00000
0.00000
0.00000
0.00000
0.00000
0.00000
0.00000
0.00000
0.00000
0.00000
0.00000
0.00000
0.00000
0.00000
0.00000
0.00000
0.00000
0.00000
0.00000
0.00000
0.00000
0.00000
0.00000
0.00000
0.00000
0.00000
0.00000
0.00000
0.00000
0.00000
0.00000
0.00000
0.00000
0.00000
0.00000
0.00000
0.00000
