-0.00009
-0.00009
-0.00012
-0.00012
-0.00015
-0.00012
-0.00015
-0.00021
-0.00015
-0.00012
-0.00015
-0.00009
0.00000
0.00000
-0.00006
-0.00003
-0.00003
-0.00009
-0.00009
-0.00006
-0.00012
-0.00006
-0.00009
-0.00012
-0.00006
-0.00003
0.00000
-0.00006
-0.00009
-0.00015
-0.00018
-0.00012
-0.00006
-0.00009
-0.00024
0.00006
-0.00009
-0.00012
-0.00012
-0.00018
-0.00015
-0.00015
-0.00006
-0.00006
-0.00009
-0.00015
-0.00015
-0.00015
-0.00015
-0.00015
-0.00012
-0.00006
-0.00006
-0.00009
-0.00006
-0.00006
-0.00006
-0.00015
-0.00018
-0.00003
-0.00012
-0.00012
-0.00012
-0.00012
-0.00006
-0.00006
-0.00006
-0.00006
-0.00012
-0.00006
-0.00006
-0.00015
-0.00018
-0.00009
-0.00012
-0.00018
-0.00012
-0.00015
-0.00015
-0.00006
-0.00003
-0.00009
-0.00009
-0.00015
-0.00018
-0.00009
-0.00003
-0.00015
-0.00018
-0.00009
-0.00012
-0.00009
-0.00009
-0.00015
-0.00012
-0.00015
-0.00018
-0.00018
-0.00012
-0.00006
-0.00006
-0.00012
-0.00006
-0.00006
-0.00009
-0.00009
-0.00009
-0.00012
-0.00009
-0.00006
-0.00009
-0.00006
-0.00009
-0.00015
-0.00009
-0.00009
-0.00012
-0.00012
-0.00015
-0.00015
-0.00015
-0.00009
-0.00006
-0.00009
-0.00009
-0.00015
-0.00018
-0.00018
-0.00015
-0.00015
-0.00012
0.00000
0.00006
0.00000
-0.00009
-0.00018
-0.00021
-0.00027
-0.00027
-0.00018
-0.00015
-0.00009
-0.00003
-0.00003
-0.00006
-0.00006
-0.00006
-0.00012
-0.00012
-0.00006
-0.00009
-0.00009
-0.00003
-0.00003
-0.00009
-0.00009
-0.00009
-0.00012
-0.00015
-0.00018
-0.00018
-0.00021
-0.00018
-0.00012
-0.00006
-0.00003
-0.00003
-0.00003
-0.00006
-0.00006
-0.00015
-0.00018
-0.00015
-0.00003
-0.00024
-0.00003
-0.00046
0.00021
-0.00073
0.00061
-0.00116
0.00134
-0.00198
0.00098
-0.05515
-0.15347
-0.06030
0.02991
0.05481
0.08597
0.06668
0.05457
0.04211
0.00876
-0.03662
-0.04895
-0.02322
-0.01422
0.01776
0.02457
-0.00800
-0.00842
0.00589
-0.00204
0.00476
0.01279
-0.00552
-0.00195
0.00592
0.00400
0.00467
0.01367
0.00333
-0.00461
0.00000
-0.00711
-0.01132
-0.00430
0.00250
-0.00009
0.00217
0.00726
0.00641
0.00500
0.00452
0.00192
-0.00113
-0.00369
-0.00351
-0.00327
0.00137
0.00287
-0.00027
-0.00208
0.00101
0.00153
0.00089
0.00336
0.00363
0.00012
0.00049
0.00110
-0.00009
-0.00085
-0.00125
-0.00137
-0.00211
-0.00153
-0.00220
-0.00201
0.00031
0.00015
0.00064
0.00119
0.00156
0.00110
0.00070
0.00064
-0.00070
-0.00162
-0.00128
-0.00156
-0.00128
0.00009
0.00125
0.00012
-0.00098
-0.00150
-0.00214
-0.00082
0.00055
0.00046
0.00006
-0.00064
-0.00134
-0.00174
-0.00134
-0.00092
-0.00177
-0.00125
-0.00095
-0.00186
-0.00204
-0.00244
-0.00247
0.00006
0.00095
0.00156
0.00235
0.00122
0.00015
-0.00012
-0.00092
-0.00259
-0.00244
-0.00189
-0.00235
-0.00214
-0.00339
-0.00290
-0.00122
-0.00092
-0.00125
-0.00134
-0.00079
-0.00009
0.00189
0.00238
0.00174
0.00250
0.00296
0.00281
0.00217
0.00058
-0.00015
-0.00131
-0.00235
-0.00311
-0.00403
-0.00354
-0.00290
-0.00195
-0.00024
0.00079
0.00119
0.00128
0.00101
0.00107
0.00107
0.00110
0.00131
0.00052
-0.00046
-0.00076
-0.00098
-0.00168
-0.00211
-0.00214
-0.00208
-0.00146
-0.00055
-0.00012
0.00027
0.00073
0.00076
0.00076
0.00076
0.00040
-0.00015
-0.00015
-0.00015
-0.00055
-0.00064
-0.00043
-0.00037
-0.00034
0.00000
0.00000
0.00000
0.00000
0.00000
0.00000
0.00000
0.00000
0.00000
0.00000
0.00000
0.00000
0.00000
0.00000
0.00000
0.00000
0.00000
0.00000
0.00000
0.00000
0.00000
0.00000
0.00000
0.00000
0.00000
0.00000
0.00000
0.00000
0.00000
0.00000
0.00000
0.00000
0.00000
0.00000
0.00000
0.00000
0.00000
0.00000
0.00000
0.00000
0.00000
0.00000
0.00000
0.00000
0.00000
0.00000
0.00000
0.00000
0.00000
0.00000
0.00000
0.00000
0.00000
0.00000
0.00000
0.00000
0.00000
0.00000
0.00000
0.00000
0.00000
0.00000
0.00000
0.00000
0.00000
0.00000
0.00000
0.00000
0.00000
0.00000
0.00000
0.00000
0.00000
0.00000
0.00000
0.00000
0.00000
0.00000
0.00000
0.00000
0.00000
0.00000
0.00000
0.00000
0.00000
0.00000
0.00000
0.00000
0.00000
0.00000
0.00000
0.00000
0.00000
0.00000
0.00000
0.00000
0.00000
0.00000
0.00000
0.00000
0.00000
0.00000
0.00000
0.00000
0.00000
0.00000
0.00000
0.00000
0.00000
0.00000
0.00000
0.00000
0.00000
0.00000
0.00000
0.00000
0.00000
0.00000
0.00000
0.00000
0.00000
0.00000
0.00000
0.00000
0.00000
0.00000
0.00000
0.00000
0.00000
0.00000
0.00000
0.00000
0.00000
0.00000
0.00000
0.00000
0.00000
0.00000
0.00000
0.00000
0.00000
0.00000
0.00000
0.00000
0.00000
0.00000
0.00000
0.00000
0.00000
0.00000
0.00000
0.00000
0.00000
0.00000
0.00000
0.00000
