-0.00027
-0.00027
-0.00021
-0.00024
-0.00027
-0.00024
-0.00024
-0.00027
-0.00027
-0.00031
-0.00027
-0.00024
-0.00027
-0.00027
-0.00024
-0.00027
-0.00034
-0.00031
-0.00031
-0.00031
-0.00024
-0.00018
-0.00024
-0.00027
-0.00024
-0.00024
-0.00031
-0.00027
-0.00021
-0.00021
-0.00024
-0.00027
-0.00031
-0.00031
-0.00027
-0.00024
-0.00027
-0.00024
-0.00021
-0.00024
-0.00027
-0.00027
-0.00027
-0.00031
-0.00031
-0.00027
-0.00027
-0.00024
-0.00024
-0.00027
-0.00024
-0.00027
-0.00027
-0.00021
-0.00015
-0.00018
-0.00027
-0.00031
-0.00031
-0.00034
-0.00031
-0.00024
-0.00021
-0.00021
-0.00021
-0.00021
-0.00024
-0.00024
-0.00021
-0.00024
-0.00031
-0.00031
-0.00031
-0.00027
-0.00024
-0.00027
-0.00027
-0.00021
-0.00021
-0.00024
-0.00024
-0.00021
-0.00027
-0.00024
-0.00021
-0.00024
-0.00027
-0.00024
-0.00024
-0.00027
-0.00027
-0.00027
-0.00027
-0.00027
-0.00027
-0.00024
-0.00021
-0.00024
-0.00027
-0.00027
-0.00024
-0.00027
-0.00031
-0.00024
-0.00021
-0.00021
-0.00021
-0.00021
-0.00024
-0.00024
-0.00024
-0.00021
-0.00021
-0.00021
-0.00021
-0.00027
-0.00031
-0.00031
-0.00027
-0.00024
-0.00024
-0.00024
-0.00018
-0.00018
-0.00021
-0.00021
-0.00024
-0.00024
-0.00027
-0.00027
-0.00021
-0.00018
-0.00018
-0.00018
-0.00018
-0.00021
-0.00024
-0.00024
-0.00027
-0.00027
-0.00021
-0.00018
-0.00015
-0.00018
-0.00018
-0.00021
-0.00021
-0.00021
-0.00024
-0.00024
-0.00024
-0.00021
-0.00018
-0.00015
-0.00015
-0.00012
-0.00018
-0.00018
-0.00015
-0.00018
-0.00024
-0.00021
-0.00018
-0.00018
-0.00018
-0.00012
-0.00012
-0.00015
-0.00015
-0.00021
-0.00024
-0.00021
-0.00018
-0.00015
-0.00009
-0.00009
-0.00015
-0.00015
-0.00015
-0.00018
-0.00018
-0.00018
-0.00021
-0.00021
-0.00018
-0.00021
-0.00012
-0.00024
-0.00027
-0.00031
-0.00015
-0.00009
0.00000
0.00015
-0.00027
-0.00681
-0.04248
-0.04929
-0.02277
-0.00296
0.01572
0.02838
0.02728
0.02481
0.02194
0.00613
-0.00568
-0.01059
-0.01208
-0.00687
0.00488
0.00525
0.00000
0.00159
-0.00085
-0.00055
0.00668
0.00485
-0.00006
0.00156
0.00134
-0.00055
0.00189
0.00220
-0.00104
-0.00089
-0.00043
-0.00214
-0.00232
-0.00052
0.00067
0.00223
0.00449
0.00479
0.00391
0.00348
0.00244
0.00046
-0.00037
-0.00034
-0.00104
-0.00101
0.00027
0.00070
0.00021
0.00064
0.00128
0.00122
0.00128
0.00177
0.00159
0.00113
0.00125
0.00101
0.00043
-0.00012
-0.00034
-0.00055
-0.00037
-0.00009
-0.00037
-0.00015
0.00018
-0.00006
-0.00012
0.00027
0.00049
0.00043
0.00052
0.00061
0.00009
-0.00027
-0.00055
-0.00110
-0.00119
-0.00125
-0.00128
-0.00107
-0.00067
-0.00034
-0.00003
-0.00021
0.00040
0.00140
0.00073
0.00085
0.00009
-0.00055
-0.00070
-0.00104
-0.00143
-0.00208
-0.00180
-0.00183
-0.00134
-0.00140
-0.00140
-0.00070
-0.00055
-0.00046
-0.00070
-0.00070
-0.00076
-0.00095
-0.00098
-0.00119
-0.00125
-0.00101
-0.00089
-0.00089
-0.00101
-0.00079
-0.00003
0.00046
0.00116
0.00143
0.00116
0.00165
0.00153
0.00076
0.00003
-0.00119
-0.00180
-0.00238
-0.00290
-0.00256
-0.00195
-0.00101
-0.00021
0.00015
0.00021
-0.00009
-0.00040
-0.00027
-0.00027
-0.00027
-0.00021
-0.00031
-0.00037
-0.00046
-0.00058
-0.00049
-0.00024
-0.00018
-0.00037
-0.00043
-0.00034
-0.00034
-0.00027
-0.00024
-0.00043
-0.00067
-0.00076
-0.00070
-0.00058
-0.00043
-0.00024
-0.00009
-0.00006
0.00003
0.00000
0.00000
0.00000
0.00000
0.00000
0.00000
0.00000
0.00000
0.00000
0.00000
0.00000
0.00000
0.00000
0.00000
0.00000
0.00000
0.00000
0.00000
0.00000
0.00000
0.00000
0.00000
0.00000
0.00000
0.00000
0.00000
0.00000
0.00000
0.00000
0.00000
0.00000
0.00000
0.00000
0.00000
0.00000
0.00000
0.00000
0.00000
0.00000
0.00000
0.00000
0.00000
0.00000
0.00000
0.00000
0.00000
0.00000
0.00000
0.00000
0.00000
0.00000
0.00000
0.00000
0.00000
0.00000
0.00000
0.00000
0.00000
0.00000
0.00000
0.00000
0.00000
0.00000
0.00000
0.00000
0.00000
0.00000
0.00000
0.00000
0.00000
0.00000
0.00000
0.00000
0.00000
0.00000
0.00000
0.00000
0.00000
0.00000
0.00000
0.00000
0.00000
0.00000
0.00000
0.00000
0.00000
0.00000
0.00000
0.00000
0.00000
0.00000
0.00000
0.00000
0.00000
0.00000
0.00000
0.00000
0.00000
0.00000
0.00000
0.00000
0.00000
0.00000
0.00000
0.00000
0.00000
0.00000
0.00000
0.00000
0.00000
0.00000
0.00000
0.00000
0.00000
0.00000
0.00000
0.00000
0.00000
0.00000
0.00000
0.00000
0.00000
0.00000
0.00000
0.00000
0.00000
0.00000
0.00000
0.00000
0.00000
0.00000
0.00000
0.00000
0.00000
0.00000
0.00000
0.00000
0.00000
0.00000
0.00000
0.00000
0.00000
0.00000
0.00000
0.00000
0.00000
0.00000
0.00000
0.00000
0.00000
0.00000
0.00000
