-0.00018
-0.00018
-0.00012
-0.00009
-0.00009
-0.00009
-0.00009
-0.00012
-0.00012
-0.00009
-0.00006
-0.00009
-0.00009
-0.00012
-0.00015
-0.00021
-0.00018
-0.00015
-0.00012
-0.00009
-0.00006
-0.00009
-0.00006
-0.00009
-0.00015
-0.00018
-0.00018
-0.00018
-0.00012
-0.00009
-0.00006
-0.00006
-0.00009
-0.00009
-0.00012
-0.00012
-0.00012
-0.00012
-0.00009
-0.00015
-0.00015
-0.00012
-0.00015
-0.00018
-0.00018
-0.00015
-0.00012
-0.00009
-0.00006
-0.00003
-0.00006
-0.00012
-0.00012
-0.00015
-0.00018
-0.00018
-0.00009
-0.00006
-0.00009
-0.00012
-0.00012
-0.00012
-0.00012
-0.00015
-0.00015
-0.00009
-0.00012
-0.00009
-0.00009
-0.00015
-0.00015
-0.00012
-0.00009
-0.00015
-0.00015
-0.00009
-0.00012
-0.00018
-0.00015
-0.00009
-0.00012
-0.00012
-0.00009
-0.00012
-0.00018
-0.00018
-0.00018
-0.00018
-0.00015
-0.00015
-0.00009
-0.00006
-0.00009
-0.00015
-0.00015
-0.00015
-0.00018
-0.00015
-0.00015
-0.00015
-0.00012
-0.00009
-0.00009
-0.00012
-0.00015
-0.00012
-0.00012
-0.00018
-0.00015
-0.00012
-0.00012
-0.00015
-0.00012
-0.00012
-0.00018
-0.00018
-0.00018
-0.00015
-0.00012
-0.00015
-0.00012
-0.00012
-0.00015
-0.00018
-0.00018
-0.00015
-0.00018
-0.00015
-0.00006
-0.00006
-0.00009
-0.00009
-0.00015
-0.00018
-0.00021
-0.00024
-0.00021
-0.00018
-0.00018
-0.00015
-0.00009
-0.00009
-0.00015
-0.00018
-0.00015
-0.00018
-0.00021
-0.00012
-0.00012
-0.00015
-0.00012
-0.00018
-0.00021
-0.00021
-0.00018
-0.00015
-0.00015
-0.00015
-0.00015
-0.00015
-0.00015
-0.00015
-0.00015
-0.00018
-0.00015
-0.00018
-0.00015
-0.00015
-0.00018
-0.00021
-0.00024
-0.00027
-0.00024
-0.00021
-0.00015
-0.00012
-0.00015
-0.00012
-0.00018
-0.00015
-0.00027
-0.00006
-0.00043
0.00003
-0.00067
0.00034
-0.00104
0.00104
-0.00162
0.00098
-0.03317
-0.09058
-0.04071
-0.00235
0.01724
0.03741
0.03894
0.03534
0.04071
0.02039
-0.00949
-0.01529
-0.01688
-0.01566
-0.00024
0.01016
-0.00308
0.00153
0.00470
-0.00266
0.00800
0.01047
-0.00031
-0.00043
0.00406
-0.00266
-0.00439
0.00125
-0.00058
-0.00015
0.00284
0.00027
-0.00073
0.00113
0.00189
0.00122
0.00256
0.00293
0.00131
-0.00024
0.00095
0.00003
-0.00082
-0.00061
-0.00046
-0.00082
0.00125
0.00266
0.00125
0.00015
0.00137
0.00134
0.00067
0.00180
0.00168
0.00052
0.00076
0.00064
0.00027
-0.00012
0.00009
0.00012
0.00006
0.00024
-0.00070
-0.00131
-0.00058
-0.00049
-0.00043
0.00000
0.00015
-0.00009
0.00015
0.00089
0.00110
0.00031
-0.00064
-0.00165
-0.00195
-0.00150
-0.00128
-0.00092
0.00000
0.00031
0.00012
0.00034
0.00037
-0.00003
-0.00012
-0.00012
-0.00143
-0.00125
-0.00146
-0.00140
-0.00040
-0.00040
-0.00024
-0.00110
-0.00113
-0.00195
-0.00214
-0.00214
-0.00208
-0.00070
-0.00064
0.00027
0.00052
0.00000
-0.00024
-0.00067
-0.00104
-0.00214
-0.00229
-0.00241
-0.00287
-0.00253
-0.00226
-0.00159
-0.00037
0.00034
0.00085
0.00226
0.00281
0.00238
0.00281
0.00241
0.00098
-0.00015
-0.00177
-0.00253
-0.00296
-0.00336
-0.00296
-0.00241
-0.00165
-0.00107
-0.00073
-0.00021
-0.00006
-0.00009
0.00015
0.00024
0.00037
0.00046
0.00024
0.00000
-0.00034
-0.00076
-0.00113
-0.00116
-0.00107
-0.00110
-0.00082
-0.00052
-0.00043
-0.00058
-0.00076
-0.00089
-0.00089
-0.00070
-0.00046
-0.00024
-0.00006
-0.00003
0.00000
0.00000
0.00000
0.00000
0.00000
0.00000
0.00000
0.00000
0.00000
0.00000
0.00000
0.00000
0.00000
0.00000
0.00000
0.00000
0.00000
0.00000
0.00000
0.00000
0.00000
0.00000
0.00000
0.00000
0.00000
0.00000
0.00000
0.00000
0.00000
0.00000
0.00000
0.00000
0.00000
0.00000
0.00000
0.00000
0.00000
0.00000
0.00000
0.00000
0.00000
0.00000
0.00000
0.00000
0.00000
0.00000
0.00000
0.00000
0.00000
0.00000
0.00000
0.00000
0.00000
0.00000
0.00000
0.00000
0.00000
0.00000
0.00000
0.00000
0.00000
0.00000
0.00000
0.00000
0.00000
0.00000
0.00000
0.00000
0.00000
0.00000
0.00000
0.00000
0.00000
0.00000
0.00000
0.00000
0.00000
0.00000
0.00000
0.00000
0.00000
0.00000
0.00000
0.00000
0.00000
0.00000
0.00000
0.00000
0.00000
0.00000
0.00000
0.00000
0.00000
0.00000
0.00000
0.00000
0.00000
0.00000
0.00000
0.00000
0.00000
0.00000
0.00000
0.00000
0.00000
0.00000
0.00000
0.00000
0.00000
0.00000
0.00000
0.00000
0.00000
0.00000
0.00000
0.00000
0.00000
0.00000
0.00000
0.00000
0.00000
0.00000
0.00000
0.00000
0.00000
0.00000
0.00000
0.00000
0.00000
0.00000
0.00000
0.00000
0.00000
0.00000
0.00000
0.00000
0.00000
0.00000
0.00000
0.00000
0.00000
0.00000
0.00000
0.00000
0.00000
0.00000
0.00000
0.00000
0.00000
0.00000
0.00000
0.00000
0.00000
0.00000
0.00000
0.00000
0.00000
0.00000
