-0.00031
-0.00034
-0.00027
-0.00034
-0.00037
-0.00031
-0.00027
-0.00031
-0.00031
-0.00027
-0.00031
-0.00034
-0.00034
-0.00031
-0.00034
-0.00034
-0.00034
-0.00034
-0.00034
-0.00034
-0.00037
-0.00034
-0.00031
-0.00031
-0.00034
-0.00034
-0.00037
-0.00043
-0.00037
-0.00031
-0.00034
-0.00037
-0.00031
-0.00034
-0.00049
-0.00018
-0.00034
-0.00040
-0.00034
-0.00040
-0.00037
-0.00037
-0.00037
-0.00037
-0.00031
-0.00031
-0.00037
-0.00040
-0.00043
-0.00046
-0.00043
-0.00031
-0.00027
-0.00031
-0.00027
-0.00034
-0.00049
-0.00052
-0.00049
-0.00040
-0.00034
-0.00034
-0.00027
-0.00037
-0.00034
-0.00043
-0.00049
-0.00046
-0.00040
-0.00037
-0.00037
-0.00034
-0.00037
-0.00037
-0.00034
-0.00034
-0.00037
-0.00037
-0.00037
-0.00034
-0.00046
-0.00049
-0.00046
-0.00046
-0.00040
-0.00034
-0.00031
-0.00037
-0.00037
-0.00037
-0.00043
-0.00040
-0.00034
-0.00034
-0.00034
-0.00034
-0.00043
-0.00046
-0.00043
-0.00040
-0.00031
-0.00024
-0.00027
-0.00034
-0.00031
-0.00037
-0.00043
-0.00046
-0.00040
-0.00040
-0.00043
-0.00037
-0.00034
-0.00034
-0.00034
-0.00031
-0.00034
-0.00037
-0.00034
-0.00040
-0.00043
-0.00043
-0.00040
-0.00037
-0.00027
-0.00024
-0.00034
-0.00034
-0.00037
-0.00043
-0.00040
-0.00034
-0.00034
-0.00037
-0.00034
-0.00031
-0.00034
-0.00034
-0.00034
-0.00034
-0.00034
-0.00037
-0.00034
-0.00034
-0.00034
-0.00034
-0.00037
-0.00031
-0.00034
-0.00034
-0.00031
-0.00027
-0.00031
-0.00037
-0.00031
-0.00031
-0.00027
-0.00027
-0.00024
-0.00027
-0.00031
-0.00031
-0.00034
-0.00031
-0.00027
-0.00031
-0.00027
-0.00031
-0.00034
-0.00034
-0.00024
-0.00021
-0.00024
-0.00024
-0.00021
-0.00034
-0.00024
-0.00037
-0.00009
-0.00058
0.00006
-0.00079
0.00027
-0.00095
0.00027
-0.00079
0.00018
-0.02029
-0.11404
-0.08163
-0.02884
0.05701
0.09927
0.06723
0.04544
0.02103
0.02750
-0.03229
-0.04840
-0.03561
-0.01767
0.01065
0.02368
0.00259
0.00430
-0.00003
-0.00385
0.00790
0.01532
-0.00217
-0.01019
0.00305
0.00269
0.00296
0.00623
0.00143
0.00000
0.00143
-0.00635
-0.00638
-0.00171
-0.00024
-0.00168
0.00433
0.00531
0.00369
0.00403
0.00455
0.00192
-0.00116
-0.00391
-0.00357
-0.00192
0.00073
0.00269
0.00107
-0.00015
-0.00003
0.00217
0.00281
0.00397
0.00174
-0.00049
0.00000
0.00040
0.00003
0.00043
-0.00015
-0.00116
-0.00180
-0.00037
-0.00110
-0.00085
0.00009
0.00000
0.00104
0.00052
0.00067
0.00089
0.00070
0.00098
0.00009
-0.00116
-0.00217
-0.00351
-0.00177
0.00021
0.00159
0.00223
0.00061
0.00012
-0.00089
-0.00128
-0.00140
-0.00052
-0.00009
-0.00076
-0.00073
-0.00024
-0.00085
-0.00061
-0.00119
-0.00122
-0.00092
-0.00119
-0.00223
-0.00204
-0.00116
-0.00116
-0.00015
0.00146
0.00134
0.00137
0.00061
-0.00061
-0.00082
-0.00168
-0.00168
-0.00168
-0.00201
-0.00305
-0.00278
-0.00168
-0.00125
-0.00110
-0.00049
-0.00046
0.00015
0.00095
0.00131
0.00122
0.00156
0.00208
0.00259
0.00211
0.00073
0.00000
-0.00067
-0.00146
-0.00211
-0.00272
-0.00269
-0.00241
-0.00217
-0.00150
-0.00043
0.00061
0.00101
0.00110
0.00110
0.00104
0.00079
0.00079
0.00040
-0.00006
-0.00061
-0.00101
-0.00110
-0.00085
-0.00089
-0.00128
-0.00134
-0.00098
-0.00046
-0.00012
0.00027
0.00021
0.00018
0.00043
0.00067
0.00061
0.00031
0.00006
-0.00021
-0.00052
-0.00034
-0.00027
-0.00034
-0.00018
0.00006
0.00000
0.00000
0.00000
0.00000
0.00000
0.00000
0.00000
0.00000
0.00000
0.00000
0.00000
0.00000
0.00000
0.00000
0.00000
0.00000
0.00000
0.00000
0.00000
0.00000
0.00000
0.00000
0.00000
0.00000
0.00000
0.00000
0.00000
0.00000
0.00000
0.00000
0.00000
0.00000
0.00000
0.00000
0.00000
0.00000
0.00000
0.00000
0.00000
0.00000
0.00000
0.00000
0.00000
0.00000
0.00000
0.00000
0.00000
0.00000
0.00000
0.00000
0.00000
0.00000
0.00000
0.00000
0.00000
0.00000
0.00000
0.00000
0.00000
0.00000
0.00000
0.00000
0.00000
0.00000
0.00000
0.00000
0.00000
0.00000
0.00000
0.00000
0.00000
0.00000
0.00000
0.00000
0.00000
0.00000
0.00000
0.00000
0.00000
0.00000
0.00000
0.00000
0.00000
0.00000
0.00000
0.00000
0.00000
0.00000
0.00000
0.00000
0.00000
0.00000
0.00000
0.00000
0.00000
0.00000
0.00000
0.00000
0.00000
0.00000
0.00000
0.00000
0.00000
0.00000
0.00000
0.00000
0.00000
0.00000
0.00000
0.00000
0.00000
0.00000
0.00000
0.00000
0.00000
0.00000
0.00000
0.00000
0.00000
0.00000
0.00000
0.00000
0.00000
0.00000
0.00000
0.00000
0.00000
0.00000
0.00000
0.00000
0.00000
0.00000
0.00000
0.00000
0.00000
0.00000
0.00000
0.00000
0.00000
0.00000
0.00000
0.00000
0.00000
0.00000
0.00000
0.00000
0.00000
0.00000
0.00000
0.00000
0.00000
0.00000
