-0.00034
-0.00040
-0.00034
-0.00024
-0.00021
-0.00015
-0.00015
-0.00021
-0.00031
-0.00034
-0.00040
-0.00040
-0.00037
-0.00031
-0.00027
-0.00018
-0.00018
-0.00024
-0.00024
-0.00027
-0.00031
-0.00027
-0.00031
-0.00031
-0.00034
-0.00027
-0.00024
-0.00024
-0.00024
-0.00015
-0.00012
-0.00018
-0.00021
-0.00021
-0.00027
-0.00031
-0.00027
-0.00027
-0.00031
-0.00027
-0.00024
-0.00021
-0.00024
-0.00024
-0.00031
-0.00034
-0.00034
-0.00034
-0.00024
-0.00018
-0.00018
-0.00015
-0.00012
-0.00018
-0.00031
-0.00034
-0.00031
-0.00034
-0.00034
-0.00027
-0.00027
-0.00031
-0.00021
-0.00012
-0.00024
-0.00024
-0.00018
-0.00018
-0.00015
-0.00021
-0.00027
-0.00037
-0.00031
-0.00027
-0.00031
-0.00021
-0.00012
-0.00015
-0.00018
-0.00021
-0.00027
-0.00027
-0.00027
-0.00027
-0.00031
-0.00024
-0.00018
-0.00021
-0.00018
-0.00015
-0.00018
-0.00021
-0.00021
-0.00027
-0.00037
-0.00034
-0.00024
-0.00015
-0.00012
-0.00015
-0.00018
-0.00021
-0.00024
-0.00027
-0.00024
-0.00021
-0.00018
-0.00015
-0.00015
-0.00015
-0.00018
-0.00021
-0.00021
-0.00024
-0.00027
-0.00024
-0.00015
-0.00012
-0.00018
-0.00018
-0.00021
-0.00024
-0.00024
-0.00024
-0.00021
-0.00018
-0.00012
-0.00009
-0.00015
-0.00021
-0.00024
-0.00024
-0.00021
-0.00018
-0.00012
-0.00006
-0.00012
-0.00012
-0.00012
-0.00021
-0.00031
-0.00031
-0.00027
-0.00024
-0.00018
-0.00012
-0.00009
-0.00015
-0.00021
-0.00024
-0.00021
-0.00015
-0.00012
-0.00009
-0.00012
-0.00009
-0.00012
-0.00015
-0.00015
-0.00012
-0.00012
-0.00015
-0.00018
-0.00018
-0.00015
-0.00018
-0.00018
-0.00012
-0.00012
-0.00012
-0.00015
-0.00018
-0.00021
-0.00018
-0.00015
-0.00015
-0.00012
-0.00012
-0.00009
-0.00012
-0.00009
-0.00015
0.00000
-0.00027
0.00009
-0.00076
0.00043
-0.00131
0.00137
-0.00189
0.00211
-0.03339
-0.07590
-0.05457
-0.02783
0.04428
0.06470
0.05161
0.02771
0.02618
0.01462
-0.02600
-0.03156
-0.02167
-0.00348
0.01282
0.00833
-0.00076
0.00513
-0.00397
-0.00421
0.00775
0.01047
-0.00104
-0.00162
0.00217
0.00150
0.00259
0.00272
-0.00104
0.00143
0.00049
-0.00439
-0.00195
0.00052
-0.00024
-0.00018
0.00388
0.00391
0.00412
0.00430
0.00375
0.00061
-0.00125
-0.00208
-0.00082
0.00000
0.00116
0.00101
0.00034
0.00027
0.00107
0.00165
0.00241
0.00259
0.00101
0.00092
0.00180
0.00122
0.00027
0.00015
-0.00018
-0.00107
-0.00079
-0.00006
-0.00058
-0.00021
-0.00003
0.00027
0.00125
0.00067
0.00040
0.00034
0.00076
0.00070
0.00015
-0.00018
-0.00137
-0.00211
-0.00192
-0.00104
0.00021
0.00037
0.00073
0.00067
0.00037
0.00058
-0.00006
-0.00052
-0.00046
-0.00049
-0.00058
-0.00079
-0.00098
-0.00070
-0.00186
-0.00119
-0.00031
-0.00113
-0.00055
-0.00116
-0.00070
-0.00089
-0.00037
-0.00073
-0.00107
0.00012
-0.00058
0.00027
0.00003
-0.00046
-0.00052
-0.00150
-0.00211
-0.00311
-0.00247
-0.00186
-0.00122
-0.00024
0.00012
0.00055
0.00131
0.00098
0.00040
0.00055
0.00128
0.00201
0.00159
0.00101
-0.00006
-0.00122
-0.00189
-0.00238
-0.00220
-0.00171
-0.00171
-0.00156
-0.00104
-0.00027
0.00000
0.00012
0.00052
0.00064
0.00058
0.00058
0.00052
0.00009
-0.00043
-0.00058
-0.00052
-0.00046
-0.00049
-0.00079
-0.00104
-0.00098
-0.00070
-0.00043
-0.00027
-0.00021
-0.00027
-0.00024
0.00000
0.00003
0.00015
0.00024
0.00024
0.00018
0.00012
0.00012
0.00000
0.00000
0.00000
0.00000
0.00000
0.00000
0.00000
0.00000
0.00000
0.00000
0.00000
0.00000
0.00000
0.00000
0.00000
0.00000
0.00000
0.00000
0.00000
0.00000
0.00000
0.00000
0.00000
0.00000
0.00000
0.00000
0.00000
0.00000
0.00000
0.00000
0.00000
0.00000
0.00000
0.00000
0.00000
0.00000
0.00000
0.00000
0.00000
0.00000
0.00000
0.00000
0.00000
0.00000
0.00000
0.00000
0.00000
0.00000
0.00000
0.00000
0.00000
0.00000
0.00000
0.00000
0.00000
0.00000
0.00000
0.00000
0.00000
0.00000
0.00000
0.00000
0.00000
0.00000
0.00000
0.00000
0.00000
0.00000
0.00000
0.00000
0.00000
0.00000
0.00000
0.00000
0.00000
0.00000
0.00000
0.00000
0.00000
0.00000
0.00000
0.00000
0.00000
0.00000
0.00000
0.00000
0.00000
0.00000
0.00000
0.00000
0.00000
0.00000
0.00000
0.00000
0.00000
0.00000
0.00000
0.00000
0.00000
0.00000
0.00000
0.00000
0.00000
0.00000
0.00000
0.00000
0.00000
0.00000
0.00000
0.00000
0.00000
0.00000
0.00000
0.00000
0.00000
0.00000
0.00000
0.00000
0.00000
0.00000
0.00000
0.00000
0.00000
0.00000
0.00000
0.00000
0.00000
0.00000
0.00000
0.00000
0.00000
0.00000
0.00000
0.00000
0.00000
0.00000
0.00000
0.00000
0.00000
0.00000
0.00000
0.00000
0.00000
0.00000
0.00000
0.00000
0.00000
0.00000
0.00000
0.00000
0.00000
0.00000
0.00000
