-0.00006
-0.00015
-0.00018
-0.00012
-0.00009
-0.00006
-0.00006
-0.00006
-0.00009
-0.00012
-0.00009
-0.00006
-0.00006
-0.00009
-0.00012
-0.00009
-0.00006
-0.00012
-0.00012
-0.00006
-0.00006
-0.00006
-0.00006
-0.00012
-0.00009
-0.00003
0.00000
-0.00003
-0.00003
-0.00012
-0.00012
-0.00009
-0.00006
-0.00006
-0.00024
0.00006
-0.00006
-0.00003
-0.00006
-0.00012
-0.00003
-0.00006
-0.00009
-0.00003
-0.00006
-0.00012
-0.00006
-0.00006
-0.00009
-0.00012
-0.00009
-0.00009
-0.00006
-0.00006
-0.00009
-0.00006
0.00000
-0.00015
-0.00018
0.00000
-0.00009
-0.00015
-0.00012
-0.00012
-0.00009
-0.00006
0.00000
-0.00009
-0.00009
-0.00003
-0.00009
-0.00015
-0.00009
-0.00006
-0.00012
-0.00003
-0.00003
-0.00009
-0.00012
-0.00009
-0.00012
-0.00012
-0.00009
-0.00009
-0.00015
-0.00015
-0.00003
-0.00015
-0.00015
-0.00006
-0.00006
-0.00009
-0.00012
-0.00012
-0.00012
-0.00009
-0.00012
-0.00018
-0.00015
-0.00003
-0.00009
-0.00012
-0.00006
-0.00015
-0.00021
-0.00012
-0.00009
-0.00015
-0.00006
-0.00006
-0.00012
-0.00006
-0.00012
-0.00018
-0.00015
-0.00012
-0.00015
-0.00015
-0.00015
-0.00012
-0.00015
-0.00012
-0.00009
-0.00012
-0.00015
-0.00015
-0.00015
-0.00018
-0.00015
-0.00012
-0.00012
-0.00006
-0.00006
-0.00015
-0.00018
-0.00015
-0.00012
-0.00015
-0.00009
-0.00009
-0.00015
-0.00012
-0.00015
-0.00015
-0.00012
-0.00012
-0.00009
-0.00012
-0.00012
-0.00009
-0.00012
-0.00009
-0.00009
-0.00006
-0.00009
-0.00015
-0.00018
-0.00018
-0.00012
-0.00012
-0.00009
-0.00009
-0.00012
-0.00012
-0.00012
-0.00009
-0.00018
-0.00015
-0.00009
-0.00012
-0.00018
-0.00015
-0.00009
-0.00009
-0.00018
-0.00003
-0.00046
0.00015
-0.00079
0.00070
-0.00137
0.00165
-0.00269
-0.00085
-0.08084
-0.15442
-0.03278
0.03757
0.06732
0.08768
0.06155
0.05380
0.03427
0.00012
-0.04703
-0.04495
-0.02078
-0.00894
0.02475
0.01889
-0.01141
-0.00641
0.00571
-0.00372
0.00858
0.01093
-0.00650
0.00024
0.00824
0.00305
0.00479
0.01196
-0.00064
-0.00284
-0.00006
-0.00916
-0.01019
-0.00186
0.00244
-0.00061
0.00330
0.00769
0.00562
0.00497
0.00409
0.00140
-0.00195
-0.00433
-0.00381
-0.00229
0.00211
0.00226
-0.00104
-0.00159
0.00180
0.00150
0.00104
0.00381
0.00299
-0.00024
0.00061
0.00073
-0.00034
-0.00113
-0.00122
-0.00140
-0.00201
-0.00153
-0.00250
-0.00162
0.00049
0.00015
0.00082
0.00128
0.00156
0.00089
0.00055
0.00031
-0.00104
-0.00168
-0.00101
-0.00156
-0.00082
0.00076
0.00119
-0.00043
-0.00128
-0.00195
-0.00232
-0.00058
0.00070
0.00037
0.00003
-0.00082
-0.00143
-0.00174
-0.00110
-0.00113
-0.00180
-0.00101
-0.00119
-0.00211
-0.00208
-0.00256
-0.00220
0.00024
0.00113
0.00153
0.00223
0.00098
-0.00003
-0.00012
-0.00113
-0.00284
-0.00256
-0.00192
-0.00241
-0.00232
-0.00351
-0.00272
-0.00116
-0.00089
-0.00110
-0.00128
-0.00082
-0.00003
0.00198
0.00229
0.00162
0.00244
0.00296
0.00266
0.00195
0.00043
-0.00031
-0.00146
-0.00235
-0.00308
-0.00397
-0.00354
-0.00296
-0.00183
-0.00006
0.00082
0.00116
0.00119
0.00101
0.00107
0.00110
0.00119
0.00113
0.00021
-0.00067
-0.00092
-0.00116
-0.00186
-0.00217
-0.00211
-0.00198
-0.00137
-0.00049
-0.00012
0.00021
0.00067
0.00073
0.00073
0.00079
0.00037
-0.00015
-0.00006
-0.00024
-0.00073
-0.00073
-0.00046
-0.00043
-0.00031
0.00000
0.00000
0.00000
0.00000
0.00000
0.00000
0.00000
0.00000
0.00000
0.00000
0.00000
0.00000
0.00000
0.00000
0.00000
0.00000
0.00000
0.00000
0.00000
0.00000
0.00000
0.00000
0.00000
0.00000
0.00000
0.00000
0.00000
0.00000
0.00000
0.00000
0.00000
0.00000
0.00000
0.00000
0.00000
0.00000
0.00000
0.00000
0.00000
0.00000
0.00000
0.00000
0.00000
0.00000
0.00000
0.00000
0.00000
0.00000
0.00000
0.00000
0.00000
0.00000
0.00000
0.00000
0.00000
0.00000
0.00000
0.00000
0.00000
0.00000
0.00000
0.00000
0.00000
0.00000
0.00000
0.00000
0.00000
0.00000
0.00000
0.00000
0.00000
0.00000
0.00000
0.00000
0.00000
0.00000
0.00000
0.00000
0.00000
0.00000
0.00000
0.00000
0.00000
0.00000
0.00000
0.00000
0.00000
0.00000
0.00000
0.00000
0.00000
0.00000
0.00000
0.00000
0.00000
0.00000
0.00000
0.00000
0.00000
0.00000
0.00000
0.00000
0.00000
0.00000
0.00000
0.00000
0.00000
0.00000
0.00000
0.00000
0.00000
0.00000
0.00000
0.00000
0.00000
0.00000
0.00000
0.00000
0.00000
0.00000
0.00000
0.00000
0.00000
0.00000
0.00000
0.00000
0.00000
0.00000
0.00000
0.00000
0.00000
0.00000
0.00000
0.00000
0.00000
0.00000
0.00000
0.00000
0.00000
0.00000
0.00000
0.00000
0.00000
0.00000
0.00000
0.00000
0.00000
0.00000
0.00000
0.00000
0.00000
0.00000
0.00000
0.00000
0.00000
0.00000
