-0.00009
-0.00009
-0.00006
-0.00009
-0.00012
-0.00012
-0.00012
-0.00012
-0.00015
-0.00012
-0.00012
-0.00012
-0.00012
-0.00012
-0.00012
-0.00012
-0.00009
-0.00012
-0.00015
-0.00012
-0.00015
-0.00018
-0.00015
-0.00018
-0.00015
-0.00012
-0.00015
-0.00021
-0.00015
-0.00015
-0.00018
-0.00018
-0.00015
-0.00012
-0.00027
0.00000
-0.00018
-0.00018
-0.00018
-0.00024
-0.00018
-0.00021
-0.00021
-0.00018
-0.00018
-0.00018
-0.00018
-0.00021
-0.00018
-0.00015
-0.00018
-0.00018
-0.00021
-0.00021
-0.00021
-0.00021
-0.00018
-0.00021
-0.00018
-0.00018
-0.00027
-0.00024
-0.00024
-0.00027
-0.00024
-0.00021
-0.00027
-0.00024
-0.00021
-0.00024
-0.00024
-0.00021
-0.00018
-0.00018
-0.00015
-0.00015
-0.00021
-0.00027
-0.00024
-0.00027
-0.00031
-0.00027
-0.00027
-0.00031
-0.00031
-0.00024
-0.00024
-0.00024
-0.00024
-0.00024
-0.00031
-0.00027
-0.00027
-0.00027
-0.00027
-0.00031
-0.00031
-0.00024
-0.00021
-0.00024
-0.00027
-0.00024
-0.00024
-0.00027
-0.00027
-0.00024
-0.00031
-0.00031
-0.00021
-0.00024
-0.00031
-0.00027
-0.00027
-0.00031
-0.00024
-0.00024
-0.00027
-0.00027
-0.00031
-0.00027
-0.00027
-0.00027
-0.00027
-0.00027
-0.00027
-0.00024
-0.00024
-0.00024
-0.00024
-0.00031
-0.00024
-0.00024
-0.00027
-0.00027
-0.00024
-0.00031
-0.00034
-0.00034
-0.00031
-0.00034
-0.00027
-0.00024
-0.00024
-0.00027
-0.00024
-0.00031
-0.00031
-0.00031
-0.00034
-0.00031
-0.00027
-0.00024
-0.00027
-0.00027
-0.00024
-0.00027
-0.00024
-0.00021
-0.00024
-0.00027
-0.00027
-0.00034
-0.00034
-0.00034
-0.00034
-0.00031
-0.00024
-0.00027
-0.00027
-0.00024
-0.00031
-0.00031
-0.00031
-0.00031
-0.00034
-0.00031
-0.00027
-0.00027
-0.00031
-0.00034
-0.00012
-0.00064
0.00009
-0.00122
0.00107
-0.00223
-0.00278
-0.06964
-0.09283
-0.03082
0.00769
0.04248
0.05173
0.04135
0.04135
0.04596
0.00479
-0.01974
-0.02502
-0.02008
-0.01181
0.01019
0.00815
-0.00485
0.00494
-0.00104
0.00009
0.01102
0.00467
-0.00168
0.00388
0.00558
-0.00061
-0.00024
-0.00150
-0.00528
-0.00223
-0.00049
-0.00278
0.00034
0.00351
0.00217
0.00244
0.00336
0.00375
0.00266
0.00229
0.00214
-0.00064
-0.00226
-0.00333
-0.00278
-0.00143
0.00171
0.00140
-0.00043
-0.00043
0.00101
0.00070
0.00119
0.00217
0.00122
0.00079
0.00165
0.00113
0.00000
-0.00113
-0.00143
-0.00180
-0.00101
-0.00043
-0.00119
-0.00067
0.00021
0.00006
0.00015
0.00034
0.00049
-0.00015
-0.00012
0.00000
-0.00092
-0.00101
-0.00156
-0.00208
-0.00134
-0.00064
0.00031
0.00040
0.00024
0.00012
-0.00058
-0.00076
-0.00034
-0.00058
-0.00085
-0.00125
-0.00134
-0.00122
-0.00098
-0.00156
-0.00153
-0.00137
-0.00119
-0.00082
-0.00113
-0.00092
-0.00134
-0.00153
-0.00095
-0.00055
-0.00058
-0.00006
0.00052
-0.00018
-0.00021
-0.00043
-0.00159
-0.00183
-0.00272
-0.00323
-0.00290
-0.00214
-0.00229
-0.00217
-0.00113
-0.00043
0.00049
0.00098
0.00189
0.00284
0.00269
0.00262
0.00235
0.00113
0.00000
-0.00162
-0.00238
-0.00250
-0.00336
-0.00327
-0.00272
-0.00204
-0.00128
-0.00095
-0.00024
0.00027
0.00037
0.00055
0.00058
0.00061
0.00073
0.00061
0.00015
-0.00043
-0.00098
-0.00153
-0.00162
-0.00146
-0.00162
-0.00146
-0.00085
-0.00058
-0.00061
-0.00055
-0.00034
-0.00024
-0.00006
0.00000
0.00000
-0.00021
-0.00037
-0.00031
-0.00027
-0.00006
0.00000
0.00000
0.00000
0.00000
0.00000
0.00000
0.00000
0.00000
0.00000
0.00000
0.00000
0.00000
0.00000
0.00000
0.00000
0.00000
0.00000
0.00000
0.00000
0.00000
0.00000
0.00000
0.00000
0.00000
0.00000
0.00000
0.00000
0.00000
0.00000
0.00000
0.00000
0.00000
0.00000
0.00000
0.00000
0.00000
0.00000
0.00000
0.00000
0.00000
0.00000
0.00000
0.00000
0.00000
0.00000
0.00000
0.00000
0.00000
0.00000
0.00000
0.00000
0.00000
0.00000
0.00000
0.00000
0.00000
0.00000
0.00000
0.00000
0.00000
0.00000
0.00000
0.00000
0.00000
0.00000
0.00000
0.00000
0.00000
0.00000
0.00000
0.00000
0.00000
0.00000
0.00000
0.00000
0.00000
0.00000
0.00000
0.00000
0.00000
0.00000
0.00000
0.00000
0.00000
0.00000
0.00000
0.00000
0.00000
0.00000
0.00000
0.00000
0.00000
0.00000
0.00000
0.00000
0.00000
0.00000
0.00000
0.00000
0.00000
0.00000
0.00000
0.00000
0.00000
0.00000
0.00000
0.00000
0.00000
0.00000
0.00000
0.00000
0.00000
0.00000
0.00000
0.00000
0.00000
0.00000
0.00000
0.00000
0.00000
0.00000
0.00000
0.00000
0.00000
0.00000
0.00000
0.00000
0.00000
0.00000
0.00000
0.00000
0.00000
0.00000
0.00000
0.00000
0.00000
0.00000
0.00000
0.00000
0.00000
0.00000
0.00000
0.00000
0.00000
0.00000
0.00000
0.00000
0.00000
0.00000
0.00000
0.00000
0.00000
0.00000
0.00000
0.00000
0.00000
0.00000
