0.00003
0.00000
0.00000
0.00000
0.00003
0.00003
0.00003
0.00003
0.00006
0.00000
0.00003
0.00003
0.00000
0.00000
0.00006
0.00006
0.00003
0.00000
0.00003
0.00000
0.00000
0.00000
0.00000
0.00000
0.00000
0.00003
0.00003
0.00000
0.00000
0.00000
0.00000
0.00000
0.00000
0.00000
0.00000
0.00000
0.00000
0.00000
0.00000
-0.00003
0.00000
0.00000
0.00000
0.00000
0.00000
0.00000
-0.00003
-0.00006
-0.00006
-0.00006
-0.00003
-0.00006
-0.00003
-0.00003
-0.00003
-0.00003
-0.00003
-0.00003
-0.00006
-0.00006
-0.00003
-0.00006
-0.00003
-0.00006
-0.00009
-0.00012
-0.00009
-0.00006
-0.00006
-0.00006
-0.00003
-0.00003
-0.00006
-0.00003
-0.00003
-0.00006
-0.00006
-0.00006
-0.00006
-0.00003
-0.00006
-0.00009
-0.00012
-0.00012
-0.00009
-0.00009
-0.00006
-0.00009
-0.00012
-0.00003
-0.00003
-0.00006
-0.00006
-0.00006
-0.00009
-0.00015
-0.00015
-0.00009
-0.00012
-0.00012
-0.00006
-0.00003
-0.00012
-0.00012
-0.00009
-0.00009
-0.00012
-0.00012
-0.00009
-0.00006
-0.00009
-0.00009
-0.00009
-0.00012
-0.00015
-0.00018
-0.00018
-0.00015
-0.00018
-0.00015
-0.00009
-0.00009
-0.00015
-0.00012
-0.00009
-0.00012
-0.00015
-0.00015
-0.00018
-0.00018
-0.00021
-0.00015
-0.00012
-0.00018
-0.00015
-0.00012
-0.00012
-0.00015
-0.00018
-0.00018
-0.00018
-0.00018
-0.00015
-0.00015
-0.00018
-0.00018
-0.00021
-0.00021
-0.00018
-0.00021
-0.00018
-0.00015
-0.00018
-0.00021
-0.00018
-0.00015
-0.00018
-0.00024
-0.00021
-0.00018
-0.00021
-0.00021
-0.00018
-0.00021
-0.00027
-0.00024
-0.00021
-0.00024
-0.00024
-0.00021
-0.00018
-0.00021
-0.00021
-0.00021
-0.00021
-0.00021
-0.00024
-0.00021
-0.00024
-0.00027
-0.00027
-0.00021
-0.00021
-0.00031
-0.00024
-0.00021
-0.00024
-0.00021
-0.00031
-0.00034
-0.00049
-0.00031
-0.00034
0.00000
-0.00021
0.00027
-0.00058
-0.00113
-0.02234
-0.05515
-0.04083
-0.00348
0.02020
0.02402
0.02063
0.01822
0.01981
0.01303
-0.00525
-0.01251
-0.00742
-0.00366
0.00220
0.00644
0.00046
-0.00317
0.00128
0.00198
0.00363
0.00598
-0.00027
-0.00165
0.00159
0.00110
-0.00146
0.00116
0.00177
0.00000
0.00125
0.00098
-0.00027
0.00061
0.00131
0.00000
0.00034
0.00137
0.00198
0.00314
0.00345
0.00186
0.00006
-0.00040
-0.00034
-0.00037
0.00021
0.00046
-0.00024
-0.00107
0.00031
0.00146
0.00180
0.00226
0.00174
0.00070
0.00000
0.00015
0.00012
0.00024
0.00009
-0.00031
-0.00037
-0.00046
-0.00067
-0.00085
-0.00037
0.00000
0.00003
0.00009
0.00031
0.00040
0.00027
0.00015
-0.00021
-0.00070
-0.00116
-0.00113
-0.00079
-0.00043
-0.00040
-0.00104
-0.00168
-0.00201
-0.00235
-0.00162
-0.00009
0.00049
0.00171
0.00177
0.00110
0.00034
-0.00064
-0.00137
-0.00250
-0.00250
-0.00259
-0.00195
-0.00159
-0.00156
-0.00092
-0.00073
-0.00092
-0.00140
-0.00143
-0.00122
-0.00137
-0.00153
-0.00186
-0.00186
-0.00122
-0.00067
-0.00031
-0.00024
-0.00015
0.00012
0.00000
-0.00024
-0.00034
-0.00018
0.00061
0.00089
0.00037
-0.00018
-0.00122
-0.00168
-0.00177
-0.00208
-0.00217
-0.00204
-0.00156
-0.00082
-0.00040
-0.00046
-0.00070
-0.00070
-0.00052
-0.00058
-0.00067
-0.00061
-0.00082
-0.00089
-0.00073
-0.00073
-0.00070
-0.00052
-0.00037
-0.00049
-0.00061
-0.00049
-0.00052
-0.00046
-0.00046
-0.00064
-0.00076
-0.00082
-0.00098
-0.00101
-0.00089
-0.00073
-0.00061
-0.00046
-0.00021
-0.00009
-0.00009
-0.00006
-0.00006
0.00000
0.00000
0.00000
0.00000
0.00000
0.00000
0.00000
0.00000
0.00000
0.00000
0.00000
0.00000
0.00000
0.00000
0.00000
0.00000
0.00000
0.00000
0.00000
0.00000
0.00000
0.00000
0.00000
0.00000
0.00000
0.00000
0.00000
0.00000
0.00000
0.00000
0.00000
0.00000
0.00000
0.00000
0.00000
0.00000
0.00000
0.00000
0.00000
0.00000
0.00000
0.00000
0.00000
0.00000
0.00000
0.00000
0.00000
0.00000
0.00000
0.00000
0.00000
0.00000
0.00000
0.00000
0.00000
0.00000
0.00000
0.00000
0.00000
0.00000
0.00000
0.00000
0.00000
0.00000
0.00000
0.00000
0.00000
0.00000
0.00000
0.00000
0.00000
0.00000
0.00000
0.00000
0.00000
0.00000
0.00000
0.00000
0.00000
0.00000
0.00000
0.00000
0.00000
0.00000
0.00000
0.00000
0.00000
0.00000
0.00000
0.00000
0.00000
0.00000
0.00000
0.00000
0.00000
0.00000
0.00000
0.00000
0.00000
0.00000
0.00000
0.00000
0.00000
0.00000
0.00000
0.00000
0.00000
0.00000
0.00000
0.00000
0.00000
0.00000
0.00000
0.00000
0.00000
0.00000
0.00000
0.00000
0.00000
0.00000
0.00000
0.00000
0.00000
0.00000
0.00000
0.00000
0.00000
0.00000
0.00000
0.00000
0.00000
0.00000
0.00000
0.00000
0.00000
0.00000
0.00000
0.00000
0.00000
0.00000
0.00000
0.00000
0.00000
0.00000
0.00000
0.00000
0.00000
