-0.00018
-0.00015
-0.00012
-0.00009
-0.00006
-0.00006
-0.00006
-0.00009
-0.00009
-0.00012
-0.00015
-0.00015
-0.00015
-0.00015
-0.00015
-0.00012
-0.00009
-0.00009
-0.00009
-0.00009
-0.00009
-0.00009
-0.00012
-0.00012
-0.00012
-0.00012
-0.00015
-0.00012
-0.00009
-0.00012
-0.00009
-0.00009
-0.00009
-0.00012
-0.00012
-0.00009
-0.00015
-0.00012
-0.00009
-0.00009
-0.00006
-0.00009
-0.00009
-0.00009
-0.00015
-0.00012
-0.00009
-0.00015
-0.00012
-0.00012
-0.00012
-0.00009
-0.00009
-0.00009
-0.00006
-0.00009
-0.00009
-0.00009
-0.00009
-0.00012
-0.00012
-0.00009
-0.00006
-0.00009
0.00000
-0.00003
-0.00009
-0.00006
-0.00009
-0.00009
-0.00012
-0.00012
-0.00009
-0.00012
-0.00012
-0.00012
-0.00009
-0.00006
-0.00006
-0.00003
0.00000
-0.00003
-0.00009
-0.00009
-0.00006
-0.00012
-0.00015
-0.00012
-0.00012
-0.00009
-0.00009
-0.00003
-0.00003
-0.00006
-0.00006
-0.00009
-0.00012
-0.00015
-0.00012
-0.00009
-0.00012
-0.00015
-0.00012
-0.00009
-0.00012
-0.00012
-0.00009
-0.00006
-0.00009
-0.00012
-0.00003
-0.00003
-0.00015
-0.00009
-0.00006
-0.00015
-0.00018
-0.00012
-0.00009
-0.00015
-0.00012
-0.00009
-0.00006
-0.00006
-0.00012
-0.00009
-0.00006
-0.00012
-0.00012
-0.00009
-0.00009
-0.00012
-0.00009
-0.00003
-0.00009
-0.00012
-0.00009
-0.00009
-0.00009
-0.00009
-0.00009
-0.00006
-0.00006
-0.00006
-0.00006
-0.00003
-0.00006
-0.00009
-0.00009
-0.00006
-0.00009
-0.00012
-0.00006
-0.00003
-0.00009
-0.00006
-0.00003
-0.00009
-0.00012
-0.00006
-0.00003
-0.00006
-0.00006
-0.00006
-0.00003
-0.00006
-0.00006
-0.00003
-0.00003
-0.00006
-0.00006
-0.00003
-0.00003
-0.00006
-0.00003
-0.00003
-0.00003
-0.00006
-0.00006
-0.00003
-0.00009
-0.00006
-0.00009
0.00003
-0.00027
0.00015
-0.00046
0.00043
-0.00067
0.00095
-0.00122
0.00113
-0.02621
-0.07254
-0.03769
-0.01044
0.00833
0.03058
0.03613
0.02963
0.03461
0.02072
-0.00302
-0.01086
-0.01581
-0.01453
-0.00171
0.00903
-0.00113
0.00198
0.00418
-0.00159
0.00638
0.00797
-0.00055
-0.00073
0.00226
-0.00226
-0.00146
0.00351
0.00150
0.00116
0.00278
-0.00040
-0.00217
-0.00027
0.00125
0.00021
0.00119
0.00153
0.00082
0.00003
0.00220
0.00262
0.00159
0.00174
0.00198
0.00095
0.00125
0.00089
-0.00095
-0.00131
0.00061
0.00119
0.00098
0.00226
0.00195
0.00101
0.00146
0.00143
0.00122
0.00052
0.00006
-0.00015
-0.00040
-0.00027
-0.00043
-0.00064
-0.00037
-0.00031
-0.00037
-0.00015
0.00055
0.00064
0.00082
0.00146
0.00125
0.00031
-0.00058
-0.00177
-0.00208
-0.00180
-0.00104
-0.00079
-0.00046
0.00021
0.00012
0.00058
0.00110
0.00058
-0.00021
-0.00070
-0.00031
-0.00089
-0.00040
0.00000
-0.00073
-0.00040
-0.00064
-0.00150
-0.00220
-0.00189
-0.00232
-0.00183
-0.00104
-0.00076
-0.00015
0.00021
0.00012
-0.00021
-0.00018
-0.00061
-0.00131
-0.00171
-0.00208
-0.00250
-0.00256
-0.00183
-0.00104
-0.00037
0.00046
0.00107
0.00198
0.00217
0.00174
0.00192
0.00186
0.00131
0.00055
-0.00089
-0.00192
-0.00296
-0.00366
-0.00320
-0.00241
-0.00131
-0.00046
-0.00012
0.00003
-0.00018
-0.00031
-0.00006
0.00000
0.00012
0.00018
0.00006
-0.00003
-0.00021
-0.00061
-0.00079
-0.00073
-0.00070
-0.00070
-0.00061
-0.00058
-0.00058
-0.00046
-0.00046
-0.00058
-0.00076
-0.00085
-0.00082
-0.00061
-0.00037
-0.00012
0.00000
0.00000
0.00000
0.00000
0.00000
0.00000
0.00000
0.00000
0.00000
0.00000
0.00000
0.00000
0.00000
0.00000
0.00000
0.00000
0.00000
0.00000
0.00000
0.00000
0.00000
0.00000
0.00000
0.00000
0.00000
0.00000
0.00000
0.00000
0.00000
0.00000
0.00000
0.00000
0.00000
0.00000
0.00000
0.00000
0.00000
0.00000
0.00000
0.00000
0.00000
0.00000
0.00000
0.00000
0.00000
0.00000
0.00000
0.00000
0.00000
0.00000
0.00000
0.00000
0.00000
0.00000
0.00000
0.00000
0.00000
0.00000
0.00000
0.00000
0.00000
0.00000
0.00000
0.00000
0.00000
0.00000
0.00000
0.00000
0.00000
0.00000
0.00000
0.00000
0.00000
0.00000
0.00000
0.00000
0.00000
0.00000
0.00000
0.00000
0.00000
0.00000
0.00000
0.00000
0.00000
0.00000
0.00000
0.00000
0.00000
0.00000
0.00000
0.00000
0.00000
0.00000
0.00000
0.00000
0.00000
0.00000
0.00000
0.00000
0.00000
0.00000
0.00000
0.00000
0.00000
0.00000
0.00000
0.00000
0.00000
0.00000
0.00000
0.00000
0.00000
0.00000
0.00000
0.00000
0.00000
0.00000
0.00000
0.00000
0.00000
0.00000
0.00000
0.00000
0.00000
0.00000
0.00000
0.00000
0.00000
0.00000
0.00000
0.00000
0.00000
0.00000
0.00000
0.00000
0.00000
0.00000
0.00000
0.00000
0.00000
0.00000
0.00000
0.00000
0.00000
0.00000
0.00000
0.00000
0.00000
0.00000
0.00000
0.00000
0.00000
0.00000
0.00000
0.00000
0.00000
