-0.00034
-0.00034
-0.00031
-0.00031
-0.00031
-0.00031
-0.00027
-0.00031
-0.00037
-0.00037
-0.00034
-0.00031
-0.00034
-0.00034
-0.00031
-0.00027
-0.00034
-0.00031
-0.00027
-0.00031
-0.00037
-0.00031
-0.00031
-0.00037
-0.00037
-0.00031
-0.00034
-0.00034
-0.00034
-0.00031
-0.00027
-0.00027
-0.00027
-0.00027
-0.00034
-0.00034
-0.00037
-0.00034
-0.00034
-0.00034
-0.00031
-0.00027
-0.00027
-0.00031
-0.00031
-0.00027
-0.00027
-0.00031
-0.00027
-0.00031
-0.00034
-0.00031
-0.00031
-0.00034
-0.00031
-0.00031
-0.00034
-0.00031
-0.00031
-0.00031
-0.00027
-0.00024
-0.00027
-0.00027
-0.00031
-0.00034
-0.00034
-0.00034
-0.00031
-0.00034
-0.00027
-0.00024
-0.00024
-0.00027
-0.00027
-0.00027
-0.00031
-0.00031
-0.00024
-0.00021
-0.00024
-0.00024
-0.00021
-0.00027
-0.00034
-0.00034
-0.00031
-0.00031
-0.00027
-0.00024
-0.00024
-0.00027
-0.00031
-0.00031
-0.00027
-0.00024
-0.00027
-0.00027
-0.00027
-0.00031
-0.00027
-0.00024
-0.00027
-0.00027
-0.00027
-0.00024
-0.00027
-0.00027
-0.00024
-0.00024
-0.00027
-0.00027
-0.00027
-0.00027
-0.00024
-0.00024
-0.00024
-0.00021
-0.00024
-0.00024
-0.00024
-0.00024
-0.00027
-0.00024
-0.00024
-0.00027
-0.00027
-0.00024
-0.00018
-0.00018
-0.00018
-0.00021
-0.00024
-0.00027
-0.00027
-0.00031
-0.00027
-0.00024
-0.00021
-0.00018
-0.00018
-0.00024
-0.00024
-0.00024
-0.00024
-0.00027
-0.00024
-0.00024
-0.00024
-0.00024
-0.00021
-0.00021
-0.00024
-0.00021
-0.00021
-0.00021
-0.00021
-0.00021
-0.00024
-0.00024
-0.00024
-0.00021
-0.00024
-0.00021
-0.00021
-0.00018
-0.00021
-0.00024
-0.00024
-0.00024
-0.00024
-0.00018
-0.00018
-0.00018
-0.00018
-0.00018
-0.00021
-0.00021
-0.00018
-0.00018
-0.00018
-0.00018
-0.00012
-0.00015
-0.00009
-0.00034
-0.00015
-0.00040
-0.00024
-0.00031
-0.00003
0.00006
-0.00031
-0.00613
-0.04391
-0.04874
-0.03854
-0.00204
0.03598
0.03790
0.03345
0.02197
0.02017
-0.00195
-0.01627
-0.01633
-0.01022
-0.00201
0.00449
0.00211
0.00357
0.00116
-0.00351
0.00180
0.00745
0.00354
-0.00153
0.00040
0.00153
0.00159
0.00253
0.00208
0.00183
0.00204
-0.00125
-0.00168
-0.00018
0.00000
-0.00122
0.00070
0.00250
0.00302
0.00394
0.00427
0.00275
0.00034
-0.00134
-0.00183
-0.00064
0.00037
0.00089
0.00021
0.00009
0.00079
0.00201
0.00256
0.00296
0.00192
0.00067
0.00046
0.00012
0.00012
0.00012
-0.00012
-0.00006
-0.00052
0.00000
0.00024
0.00009
0.00015
0.00009
0.00046
0.00003
-0.00037
-0.00018
-0.00006
0.00061
0.00082
0.00085
0.00064
-0.00061
-0.00143
-0.00168
-0.00150
-0.00098
-0.00113
-0.00024
0.00009
0.00046
0.00101
0.00085
0.00024
-0.00052
-0.00104
-0.00079
-0.00177
-0.00037
-0.00125
-0.00058
0.00000
-0.00058
-0.00012
-0.00143
-0.00150
-0.00247
-0.00177
-0.00162
-0.00067
0.00037
0.00000
0.00079
0.00027
-0.00089
-0.00146
-0.00201
-0.00217
-0.00211
-0.00150
-0.00110
-0.00089
-0.00061
-0.00034
0.00034
0.00070
0.00034
0.00064
0.00113
0.00125
0.00101
0.00082
0.00034
-0.00031
-0.00113
-0.00211
-0.00259
-0.00220
-0.00162
-0.00116
-0.00064
-0.00043
-0.00040
-0.00031
-0.00009
-0.00024
-0.00031
0.00003
0.00034
0.00049
0.00024
-0.00034
-0.00082
-0.00098
-0.00070
-0.00049
-0.00046
-0.00046
-0.00055
-0.00058
-0.00046
-0.00034
-0.00031
-0.00046
-0.00052
-0.00040
-0.00027
-0.00009
0.00000
0.00006
0.00012
0.00018
0.00015
0.00009
-0.00006
-0.00021
-0.00021
-0.00018
-0.00015
-0.00003
0.00000
0.00000
0.00000
0.00000
0.00000
0.00000
0.00000
0.00000
0.00000
0.00000
0.00000
0.00000
0.00000
0.00000
0.00000
0.00000
0.00000
0.00000
0.00000
0.00000
0.00000
0.00000
0.00000
0.00000
0.00000
0.00000
0.00000
0.00000
0.00000
0.00000
0.00000
0.00000
0.00000
0.00000
0.00000
0.00000
0.00000
0.00000
0.00000
0.00000
0.00000
0.00000
0.00000
0.00000
0.00000
0.00000
0.00000
0.00000
0.00000
0.00000
0.00000
0.00000
0.00000
0.00000
0.00000
0.00000
0.00000
0.00000
0.00000
0.00000
0.00000
0.00000
0.00000
0.00000
0.00000
0.00000
0.00000
0.00000
0.00000
0.00000
0.00000
0.00000
0.00000
0.00000
0.00000
0.00000
0.00000
0.00000
0.00000
0.00000
0.00000
0.00000
0.00000
0.00000
0.00000
0.00000
0.00000
0.00000
0.00000
0.00000
0.00000
0.00000
0.00000
0.00000
0.00000
0.00000
0.00000
0.00000
0.00000
0.00000
0.00000
0.00000
0.00000
0.00000
0.00000
0.00000
0.00000
0.00000
0.00000
0.00000
0.00000
0.00000
0.00000
0.00000
0.00000
0.00000
0.00000
0.00000
0.00000
0.00000
0.00000
0.00000
0.00000
0.00000
0.00000
0.00000
0.00000
0.00000
0.00000
0.00000
0.00000
0.00000
0.00000
0.00000
0.00000
0.00000
0.00000
0.00000
0.00000
0.00000
0.00000
0.00000
0.00000
0.00000
