-0.00018
-0.00021
-0.00027
-0.00021
-0.00018
-0.00018
-0.00018
-0.00015
-0.00015
-0.00018
-0.00018
-0.00015
-0.00012
-0.00012
-0.00018
-0.00021
-0.00018
-0.00021
-0.00027
-0.00021
-0.00018
-0.00018
-0.00012
-0.00015
-0.00018
-0.00018
-0.00015
-0.00018
-0.00021
-0.00024
-0.00021
-0.00021
-0.00018
-0.00021
-0.00034
0.00000
-0.00018
-0.00018
-0.00015
-0.00021
-0.00018
-0.00018
-0.00015
-0.00012
-0.00015
-0.00018
-0.00015
-0.00018
-0.00015
-0.00021
-0.00018
-0.00015
-0.00012
-0.00015
-0.00012
-0.00015
-0.00009
-0.00015
-0.00018
-0.00006
-0.00012
-0.00012
-0.00015
-0.00018
-0.00012
-0.00006
-0.00012
-0.00009
-0.00009
-0.00009
-0.00006
-0.00009
-0.00009
-0.00012
-0.00012
-0.00009
-0.00006
-0.00012
-0.00015
-0.00009
-0.00012
-0.00015
-0.00012
-0.00009
-0.00009
-0.00009
-0.00003
-0.00009
-0.00015
-0.00012
-0.00009
-0.00009
-0.00009
-0.00009
-0.00009
-0.00009
-0.00009
-0.00012
-0.00012
-0.00006
-0.00006
-0.00009
-0.00006
-0.00009
-0.00015
-0.00009
-0.00009
-0.00012
-0.00012
-0.00006
-0.00012
-0.00009
-0.00003
-0.00009
-0.00009
-0.00009
-0.00009
-0.00012
-0.00009
-0.00009
-0.00009
-0.00006
-0.00003
-0.00006
-0.00009
-0.00012
-0.00015
-0.00018
-0.00015
-0.00012
-0.00015
-0.00009
-0.00006
-0.00009
-0.00012
-0.00006
-0.00009
-0.00012
-0.00012
-0.00012
-0.00015
-0.00015
-0.00015
-0.00015
-0.00009
-0.00012
-0.00012
-0.00012
-0.00015
-0.00015
-0.00009
-0.00012
-0.00012
-0.00006
-0.00006
-0.00009
-0.00015
-0.00015
-0.00015
-0.00015
-0.00012
-0.00012
-0.00009
-0.00009
-0.00015
-0.00015
-0.00015
-0.00015
-0.00012
-0.00006
-0.00009
-0.00012
-0.00015
-0.00003
-0.00018
0.00003
-0.00040
0.00031
-0.00082
0.00067
-0.00134
0.00137
-0.00211
0.00168
-0.04318
-0.13251
-0.05823
0.00510
0.04001
0.06735
0.06296
0.05057
0.05249
0.01984
-0.02820
-0.03217
-0.02774
-0.01682
0.00479
0.01984
-0.00293
-0.00305
0.00696
-0.00305
0.00638
0.01230
-0.00259
-0.00269
0.00095
0.00003
0.00305
0.01114
0.00580
0.00049
0.00021
-0.00708
-0.01083
-0.00439
0.00201
0.00082
0.00327
0.00723
0.00598
0.00278
0.00421
0.00208
-0.00085
-0.00198
-0.00244
-0.00351
0.00092
0.00220
-0.00101
-0.00217
0.00098
0.00107
0.00101
0.00372
0.00323
0.00095
0.00110
0.00037
-0.00055
-0.00092
-0.00159
-0.00159
-0.00101
-0.00064
-0.00150
-0.00159
-0.00034
-0.00021
0.00018
0.00089
0.00180
0.00134
0.00058
0.00015
-0.00024
-0.00104
-0.00113
-0.00165
-0.00204
-0.00049
0.00082
0.00021
-0.00012
-0.00043
-0.00143
-0.00067
0.00049
-0.00009
-0.00079
-0.00067
-0.00101
-0.00128
-0.00092
-0.00107
-0.00204
-0.00101
-0.00089
-0.00180
-0.00256
-0.00180
-0.00134
-0.00049
0.00073
0.00137
0.00073
0.00085
0.00055
-0.00098
-0.00137
-0.00049
-0.00104
-0.00174
-0.00180
-0.00275
-0.00339
-0.00256
-0.00204
-0.00186
-0.00125
-0.00128
-0.00095
0.00058
0.00180
0.00146
0.00232
0.00296
0.00278
0.00333
0.00241
0.00043
-0.00006
-0.00143
-0.00266
-0.00299
-0.00363
-0.00351
-0.00275
-0.00174
-0.00061
0.00018
0.00113
0.00122
0.00092
0.00116
0.00131
0.00119
0.00119
0.00061
-0.00027
-0.00076
-0.00116
-0.00177
-0.00198
-0.00177
-0.00183
-0.00134
-0.00058
-0.00024
0.00003
0.00037
0.00055
0.00058
0.00058
0.00037
0.00000
0.00000
-0.00003
-0.00043
-0.00055
-0.00040
-0.00043
-0.00037
0.00006
0.00000
0.00000
0.00000
0.00000
0.00000
0.00000
0.00000
0.00000
0.00000
0.00000
0.00000
0.00000
0.00000
0.00000
0.00000
0.00000
0.00000
0.00000
0.00000
0.00000
0.00000
0.00000
0.00000
0.00000
0.00000
0.00000
0.00000
0.00000
0.00000
0.00000
0.00000
0.00000
0.00000
0.00000
0.00000
0.00000
0.00000
0.00000
0.00000
0.00000
0.00000
0.00000
0.00000
0.00000
0.00000
0.00000
0.00000
0.00000
0.00000
0.00000
0.00000
0.00000
0.00000
0.00000
0.00000
0.00000
0.00000
0.00000
0.00000
0.00000
0.00000
0.00000
0.00000
0.00000
0.00000
0.00000
0.00000
0.00000
0.00000
0.00000
0.00000
0.00000
0.00000
0.00000
0.00000
0.00000
0.00000
0.00000
0.00000
0.00000
0.00000
0.00000
0.00000
0.00000
0.00000
0.00000
0.00000
0.00000
0.00000
0.00000
0.00000
0.00000
0.00000
0.00000
0.00000
0.00000
0.00000
0.00000
0.00000
0.00000
0.00000
0.00000
0.00000
0.00000
0.00000
0.00000
0.00000
0.00000
0.00000
0.00000
0.00000
0.00000
0.00000
0.00000
0.00000
0.00000
0.00000
0.00000
0.00000
0.00000
0.00000
0.00000
0.00000
0.00000
0.00000
0.00000
0.00000
0.00000
0.00000
0.00000
0.00000
0.00000
0.00000
0.00000
0.00000
0.00000
0.00000
0.00000
0.00000
0.00000
0.00000
0.00000
0.00000
0.00000
0.00000
0.00000
0.00000
0.00000
0.00000
0.00000
0.00000
0.00000
0.00000
0.00000
0.00000
