-0.00037
-0.00031
-0.00031
-0.00034
-0.00031
-0.00034
-0.00037
-0.00037
-0.00037
-0.00037
-0.00037
-0.00034
-0.00034
-0.00034
-0.00034
-0.00034
-0.00037
-0.00037
-0.00037
-0.00040
-0.00040
-0.00031
-0.00034
-0.00037
-0.00034
-0.00031
-0.00037
-0.00037
-0.00034
-0.00034
-0.00034
-0.00031
-0.00034
-0.00031
-0.00043
-0.00034
-0.00037
-0.00040
-0.00034
-0.00031
-0.00027
-0.00027
-0.00031
-0.00037
-0.00037
-0.00037
-0.00037
-0.00034
-0.00031
-0.00031
-0.00031
-0.00031
-0.00031
-0.00034
-0.00037
-0.00034
-0.00034
-0.00024
-0.00034
-0.00037
-0.00024
-0.00037
-0.00037
-0.00034
-0.00034
-0.00037
-0.00037
-0.00034
-0.00031
-0.00027
-0.00031
-0.00024
-0.00027
-0.00027
-0.00024
-0.00031
-0.00031
-0.00031
-0.00034
-0.00034
-0.00024
-0.00027
-0.00031
-0.00027
-0.00027
-0.00031
-0.00031
-0.00027
-0.00031
-0.00031
-0.00031
-0.00031
-0.00021
-0.00024
-0.00031
-0.00027
-0.00027
-0.00031
-0.00031
-0.00024
-0.00024
-0.00031
-0.00027
-0.00024
-0.00027
-0.00034
-0.00027
-0.00024
-0.00024
-0.00024
-0.00024
-0.00027
-0.00031
-0.00031
-0.00034
-0.00034
-0.00034
-0.00034
-0.00027
-0.00024
-0.00021
-0.00018
-0.00018
-0.00018
-0.00021
-0.00024
-0.00031
-0.00031
-0.00034
-0.00031
-0.00031
-0.00024
-0.00021
-0.00021
-0.00024
-0.00024
-0.00024
-0.00027
-0.00027
-0.00027
-0.00024
-0.00027
-0.00024
-0.00021
-0.00021
-0.00021
-0.00024
-0.00024
-0.00027
-0.00027
-0.00027
-0.00021
-0.00018
-0.00024
-0.00021
-0.00018
-0.00021
-0.00027
-0.00027
-0.00021
-0.00027
-0.00027
-0.00024
-0.00018
-0.00018
-0.00027
-0.00024
-0.00021
-0.00024
-0.00024
-0.00021
-0.00018
-0.00018
-0.00021
-0.00012
-0.00021
0.00000
-0.00052
0.00021
-0.00092
0.00061
-0.00143
0.00140
-0.00256
0.00171
-0.04617
-0.11865
-0.04605
-0.01578
0.02551
0.07947
0.08914
0.05930
0.01041
0.00009
0.00220
0.01611
-0.02548
-0.06448
-0.03818
-0.00421
0.01080
0.03314
0.02695
0.00119
-0.00244
0.00104
0.00052
0.00714
0.00595
-0.00531
-0.00214
0.00238
-0.00330
-0.00226
0.00021
-0.00027
-0.00092
-0.00027
0.00137
-0.00079
0.00031
0.00400
0.00650
0.00443
0.00290
-0.00012
-0.00229
-0.00168
-0.00070
-0.00180
-0.00031
0.00000
-0.00201
-0.00055
0.00238
0.00223
0.00082
0.00336
0.00409
0.00186
-0.00006
-0.00055
0.00064
0.00070
-0.00095
-0.00238
-0.00345
-0.00238
-0.00122
0.00009
0.00238
0.00101
-0.00067
-0.00095
0.00037
0.00165
0.00186
0.00146
-0.00122
-0.00259
-0.00272
-0.00150
-0.00006
-0.00003
0.00092
0.00061
-0.00012
-0.00027
-0.00040
0.00006
-0.00092
-0.00143
-0.00119
-0.00095
-0.00064
-0.00119
-0.00116
-0.00061
-0.00119
-0.00085
-0.00089
-0.00143
-0.00186
-0.00269
-0.00244
0.00058
0.00000
-0.00061
0.00015
0.00079
0.00171
0.00211
0.00055
-0.00186
-0.00217
-0.00299
-0.00433
-0.00259
-0.00235
-0.00290
-0.00162
-0.00146
-0.00125
0.00009
-0.00061
-0.00098
0.00104
0.00327
0.00342
0.00266
0.00250
0.00174
0.00134
0.00107
-0.00046
-0.00156
-0.00235
-0.00449
-0.00449
-0.00336
-0.00262
-0.00128
0.00034
0.00110
0.00104
0.00070
0.00089
0.00134
0.00125
0.00079
0.00006
-0.00061
-0.00098
-0.00082
-0.00079
-0.00110
-0.00171
-0.00201
-0.00131
-0.00012
-0.00009
-0.00052
-0.00043
-0.00012
0.00034
0.00089
0.00095
0.00052
-0.00009
-0.00052
-0.00070
-0.00067
-0.00040
-0.00031
-0.00027
-0.00009
0.00000
0.00000
0.00000
0.00000
0.00000
0.00000
0.00000
0.00000
0.00000
0.00000
0.00000
0.00000
0.00000
0.00000
0.00000
0.00000
0.00000
0.00000
0.00000
0.00000
0.00000
0.00000
0.00000
0.00000
0.00000
0.00000
0.00000
0.00000
0.00000
0.00000
0.00000
0.00000
0.00000
0.00000
0.00000
0.00000
0.00000
0.00000
0.00000
0.00000
0.00000
0.00000
0.00000
0.00000
0.00000
0.00000
0.00000
0.00000
0.00000
0.00000
0.00000
0.00000
0.00000
0.00000
0.00000
0.00000
0.00000
0.00000
0.00000
0.00000
0.00000
0.00000
0.00000
0.00000
0.00000
0.00000
0.00000
0.00000
0.00000
0.00000
0.00000
0.00000
0.00000
0.00000
0.00000
0.00000
0.00000
0.00000
0.00000
0.00000
0.00000
0.00000
0.00000
0.00000
0.00000
0.00000
0.00000
0.00000
0.00000
0.00000
0.00000
0.00000
0.00000
0.00000
0.00000
0.00000
0.00000
0.00000
0.00000
0.00000
0.00000
0.00000
0.00000
0.00000
0.00000
0.00000
0.00000
0.00000
0.00000
0.00000
0.00000
0.00000
0.00000
0.00000
0.00000
0.00000
0.00000
0.00000
0.00000
0.00000
0.00000
0.00000
0.00000
0.00000
0.00000
0.00000
0.00000
0.00000
0.00000
0.00000
0.00000
0.00000
0.00000
0.00000
0.00000
0.00000
0.00000
0.00000
0.00000
0.00000
0.00000
0.00000
0.00000
0.00000
0.00000
0.00000
0.00000
0.00000
0.00000
0.00000
0.00000
0.00000
0.00000
0.00000
0.00000
