-0.00009
-0.00009
-0.00009
-0.00003
-0.00006
-0.00009
-0.00009
-0.00006
-0.00009
-0.00012
-0.00012
-0.00006
-0.00012
-0.00006
-0.00009
-0.00015
-0.00012
-0.00012
-0.00012
-0.00012
-0.00012
-0.00003
0.00000
-0.00006
-0.00012
-0.00009
-0.00009
-0.00009
-0.00006
-0.00006
-0.00009
-0.00015
-0.00015
-0.00009
-0.00027
0.00009
-0.00006
-0.00006
0.00000
-0.00012
-0.00012
-0.00012
-0.00012
-0.00012
-0.00012
-0.00006
-0.00006
-0.00009
-0.00009
-0.00012
-0.00012
-0.00012
-0.00006
-0.00003
-0.00006
-0.00006
-0.00006
-0.00009
-0.00012
-0.00015
-0.00012
-0.00009
-0.00009
-0.00012
-0.00012
-0.00009
-0.00009
-0.00003
-0.00003
-0.00009
-0.00012
-0.00012
-0.00003
-0.00006
-0.00012
0.00000
0.00000
-0.00006
-0.00012
-0.00012
-0.00009
-0.00009
-0.00006
-0.00009
-0.00012
-0.00015
-0.00006
-0.00009
-0.00006
-0.00006
-0.00006
-0.00006
-0.00006
-0.00009
-0.00009
-0.00009
-0.00012
-0.00009
-0.00006
-0.00006
-0.00006
-0.00009
-0.00006
-0.00009
-0.00009
-0.00003
-0.00006
-0.00009
-0.00012
-0.00012
-0.00012
-0.00015
-0.00012
-0.00009
-0.00006
-0.00003
-0.00003
0.00000
-0.00003
-0.00012
-0.00012
-0.00012
-0.00009
-0.00009
-0.00009
-0.00006
-0.00003
-0.00009
-0.00006
-0.00006
-0.00006
-0.00003
-0.00003
-0.00012
-0.00009
-0.00006
-0.00009
-0.00009
-0.00009
-0.00009
-0.00009
-0.00009
-0.00009
-0.00006
-0.00006
-0.00009
-0.00012
-0.00012
-0.00006
-0.00009
-0.00003
-0.00003
-0.00009
-0.00009
-0.00012
-0.00009
-0.00012
-0.00012
-0.00009
-0.00006
-0.00012
-0.00012
-0.00006
-0.00006
-0.00006
-0.00006
-0.00009
-0.00012
-0.00009
-0.00006
-0.00006
-0.00009
-0.00009
-0.00012
-0.00009
-0.00006
-0.00009
-0.00009
-0.00006
-0.00006
-0.00012
-0.00009
-0.00012
-0.00012
-0.00009
0.00012
0.00031
0.00021
0.00018
-0.00003
-0.00009
-0.00034
-0.00024
-0.00024
-0.00012
0.00000
-0.00024
-0.00677
-0.03577
-0.03229
-0.01306
-0.00909
0.00714
0.01865
0.02679
0.02005
0.00916
0.00461
0.00671
0.00656
-0.01019
-0.01666
-0.00583
0.00021
0.00293
0.00659
0.00409
0.00143
0.00146
-0.00092
0.00000
0.00446
0.00150
-0.00238
0.00067
0.00110
-0.00113
-0.00037
0.00003
-0.00070
0.00134
0.00360
0.00223
0.00159
0.00192
0.00089
0.00085
0.00140
0.00122
0.00046
0.00021
-0.00003
-0.00024
0.00037
0.00058
-0.00006
-0.00040
-0.00009
0.00092
0.00089
0.00137
0.00232
0.00143
0.00055
0.00027
0.00012
0.00034
0.00021
0.00000
-0.00034
-0.00037
-0.00067
-0.00095
0.00015
0.00052
0.00012
0.00012
-0.00006
0.00000
0.00034
0.00058
0.00031
-0.00009
0.00000
0.00000
0.00000
0.00000
0.00000
0.00000
0.00000
0.00000
0.00000
0.00000
0.00000
0.00000
0.00000
0.00000
0.00000
0.00000
0.00000
0.00000
0.00000
0.00000
0.00000
0.00000
0.00000
0.00000
0.00000
0.00000
0.00000
0.00000
0.00000
0.00000
0.00000
0.00000
0.00000
0.00000
0.00000
0.00000
0.00000
0.00000
0.00000
0.00000
0.00000
0.00000
0.00000
0.00000
0.00000
0.00000
0.00000
0.00000
0.00000
0.00000
0.00000
0.00000
0.00000
0.00000
0.00000
0.00000
0.00000
0.00000
0.00000
0.00000
0.00000
0.00000
0.00000
0.00000
0.00000
0.00000
0.00000
0.00000
0.00000
0.00000
0.00000
0.00000
0.00000
0.00000
0.00000
0.00000
0.00000
0.00000
0.00000
0.00000
0.00000
0.00000
0.00000
0.00000
0.00000
0.00000
0.00000
0.00000
0.00000
0.00000
0.00000
0.00000
0.00000
0.00000
0.00000
0.00000
0.00000
0.00000
0.00000
0.00000
0.00000
0.00000
0.00000
0.00000
0.00000
0.00000
0.00000
0.00000
0.00000
0.00000
0.00000
0.00000
0.00000
0.00000
0.00000
0.00000
0.00000
0.00000
0.00000
0.00000
0.00000
0.00000
0.00000
0.00000
0.00000
0.00000
0.00000
0.00000
0.00000
0.00000
0.00000
0.00000
0.00000
0.00000
0.00000
0.00000
0.00000
0.00000
0.00000
0.00000
0.00000
0.00000
0.00000
0.00000
0.00000
0.00000
0.00000
0.00000
0.00000
0.00000
0.00000
0.00000
0.00000
0.00000
0.00000
0.00000
0.00000
0.00000
0.00000
0.00000
0.00000
0.00000
0.00000
0.00000
0.00000
0.00000
0.00000
0.00000
0.00000
0.00000
0.00000
0.00000
0.00000
0.00000
0.00000
0.00000
0.00000
0.00000
0.00000
0.00000
0.00000
0.00000
0.00000
0.00000
0.00000
0.00000
0.00000
0.00000
0.00000
0.00000
0.00000
0.00000
0.00000
0.00000
0.00000
0.00000
0.00000
0.00000
0.00000
0.00000
0.00000
0.00000
0.00000
0.00000
0.00000
0.00000
0.00000
0.00000
0.00000
0.00000
0.00000
0.00000
0.00000
0.00000
0.00000
0.00000
0.00000
0.00000
0.00000
0.00000
0.00000
0.00000
0.00000
0.00000
0.00000
0.00000
0.00000
0.00000
0.00000
0.00000
0.00000
0.00000
0.00000
0.00000
0.00000
0.00000
0.00000
0.00000
0.00000
