-0.00031
-0.00031
-0.00031
-0.00031
-0.00031
-0.00037
-0.00037
-0.00037
-0.00040
-0.00037
-0.00034
-0.00031
-0.00034
-0.00037
-0.00040
-0.00040
-0.00037
-0.00037
-0.00034
-0.00031
-0.00027
-0.00034
-0.00031
-0.00031
-0.00034
-0.00040
-0.00037
-0.00040
-0.00040
-0.00037
-0.00037
-0.00034
-0.00040
-0.00037
-0.00049
-0.00037
-0.00037
-0.00037
-0.00034
-0.00037
-0.00037
-0.00040
-0.00034
-0.00037
-0.00037
-0.00037
-0.00037
-0.00040
-0.00040
-0.00034
-0.00034
-0.00034
-0.00034
-0.00034
-0.00040
-0.00040
-0.00040
-0.00043
-0.00043
-0.00040
-0.00034
-0.00043
-0.00034
-0.00034
-0.00040
-0.00034
-0.00043
-0.00043
-0.00043
-0.00040
-0.00037
-0.00034
-0.00034
-0.00040
-0.00043
-0.00040
-0.00037
-0.00037
-0.00037
-0.00037
-0.00037
-0.00040
-0.00037
-0.00037
-0.00043
-0.00043
-0.00046
-0.00040
-0.00040
-0.00034
-0.00034
-0.00034
-0.00037
-0.00040
-0.00040
-0.00037
-0.00040
-0.00040
-0.00040
-0.00037
-0.00040
-0.00040
-0.00037
-0.00037
-0.00040
-0.00040
-0.00034
-0.00037
-0.00040
-0.00034
-0.00034
-0.00034
-0.00037
-0.00034
-0.00034
-0.00034
-0.00037
-0.00037
-0.00037
-0.00040
-0.00040
-0.00037
-0.00037
-0.00037
-0.00031
-0.00027
-0.00031
-0.00031
-0.00031
-0.00034
-0.00037
-0.00037
-0.00037
-0.00037
-0.00031
-0.00031
-0.00031
-0.00027
-0.00027
-0.00027
-0.00027
-0.00027
-0.00031
-0.00034
-0.00037
-0.00034
-0.00037
-0.00034
-0.00027
-0.00027
-0.00021
-0.00024
-0.00021
-0.00024
-0.00024
-0.00027
-0.00031
-0.00031
-0.00031
-0.00027
-0.00027
-0.00027
-0.00024
-0.00027
-0.00027
-0.00031
-0.00021
-0.00024
-0.00024
-0.00021
-0.00024
-0.00024
-0.00024
-0.00024
-0.00024
-0.00024
-0.00027
-0.00021
-0.00021
-0.00009
-0.00046
0.00018
-0.00095
0.00098
-0.00214
0.00235
-0.00424
0.00180
-0.06683
-0.08426
-0.03241
-0.02875
0.05780
0.06787
0.07303
0.03561
0.00784
0.00162
0.00735
0.00031
-0.04016
-0.04486
-0.02286
-0.00262
0.02182
0.03729
0.01288
-0.00235
-0.00409
-0.00345
0.00146
0.00674
-0.00146
-0.00143
0.00513
0.00058
-0.00208
0.00150
-0.00229
-0.00314
-0.00156
-0.00131
0.00076
0.00049
0.00159
0.00348
0.00778
0.00488
0.00128
-0.00095
-0.00153
-0.00156
0.00012
-0.00101
-0.00031
-0.00015
-0.00034
0.00021
0.00281
0.00244
0.00125
0.00262
0.00244
0.00110
0.00015
0.00000
0.00119
0.00070
-0.00040
-0.00247
-0.00269
-0.00110
-0.00076
0.00116
0.00122
0.00015
-0.00003
-0.00064
0.00089
0.00159
0.00208
0.00085
-0.00049
-0.00186
-0.00247
-0.00192
-0.00122
-0.00079
0.00006
0.00089
0.00055
0.00037
0.00137
0.00098
-0.00037
-0.00049
-0.00116
-0.00140
-0.00122
-0.00128
-0.00076
-0.00085
-0.00089
-0.00064
-0.00089
-0.00162
-0.00214
-0.00049
-0.00156
-0.00089
-0.00049
-0.00046
0.00159
0.00122
0.00027
0.00073
0.00003
-0.00153
-0.00229
-0.00235
-0.00299
-0.00296
-0.00256
-0.00241
-0.00107
0.00034
-0.00024
-0.00024
0.00043
0.00125
0.00333
0.00351
0.00336
0.00290
0.00159
0.00018
-0.00104
-0.00180
-0.00244
-0.00342
-0.00323
-0.00287
-0.00220
-0.00146
-0.00070
0.00058
0.00125
0.00113
0.00070
0.00052
0.00055
0.00061
0.00064
0.00040
-0.00021
-0.00079
-0.00110
-0.00076
-0.00049
-0.00098
-0.00131
-0.00089
-0.00009
0.00000
0.00000
0.00000
0.00000
0.00000
0.00000
0.00000
0.00000
0.00000
0.00000
0.00000
0.00000
0.00000
0.00000
0.00000
0.00000
0.00000
0.00000
0.00000
0.00000
0.00000
0.00000
0.00000
0.00000
0.00000
0.00000
0.00000
0.00000
0.00000
0.00000
0.00000
0.00000
0.00000
0.00000
0.00000
0.00000
0.00000
0.00000
0.00000
0.00000
0.00000
0.00000
0.00000
0.00000
0.00000
0.00000
0.00000
0.00000
0.00000
0.00000
0.00000
0.00000
0.00000
0.00000
0.00000
0.00000
0.00000
0.00000
0.00000
0.00000
0.00000
0.00000
0.00000
0.00000
0.00000
0.00000
0.00000
0.00000
0.00000
0.00000
0.00000
0.00000
0.00000
0.00000
0.00000
0.00000
0.00000
0.00000
0.00000
0.00000
0.00000
0.00000
0.00000
0.00000
0.00000
0.00000
0.00000
0.00000
0.00000
0.00000
0.00000
0.00000
0.00000
0.00000
0.00000
0.00000
0.00000
0.00000
0.00000
0.00000
0.00000
0.00000
0.00000
0.00000
0.00000
0.00000
0.00000
0.00000
0.00000
0.00000
0.00000
0.00000
0.00000
0.00000
0.00000
0.00000
0.00000
0.00000
0.00000
0.00000
0.00000
0.00000
0.00000
0.00000
0.00000
0.00000
0.00000
0.00000
0.00000
0.00000
0.00000
0.00000
0.00000
0.00000
0.00000
0.00000
0.00000
0.00000
0.00000
0.00000
0.00000
0.00000
0.00000
0.00000
0.00000
0.00000
0.00000
0.00000
0.00000
0.00000
0.00000
0.00000
0.00000
0.00000
0.00000
0.00000
0.00000
0.00000
0.00000
0.00000
0.00000
0.00000
0.00000
0.00000
0.00000
0.00000
0.00000
0.00000
0.00000
