-0.00027
-0.00027
-0.00027
-0.00027
-0.00027
-0.00034
-0.00037
-0.00037
-0.00040
-0.00040
-0.00040
-0.00037
-0.00034
-0.00031
-0.00031
-0.00027
-0.00024
-0.00031
-0.00034
-0.00040
-0.00043
-0.00034
-0.00034
-0.00043
-0.00037
-0.00034
-0.00027
-0.00024
-0.00021
-0.00027
-0.00034
-0.00034
-0.00037
-0.00034
-0.00049
-0.00009
-0.00027
-0.00031
-0.00031
-0.00040
-0.00040
-0.00043
-0.00040
-0.00043
-0.00037
-0.00031
-0.00027
-0.00034
-0.00037
-0.00037
-0.00031
-0.00031
-0.00027
-0.00034
-0.00037
-0.00034
-0.00043
-0.00043
-0.00037
-0.00037
-0.00037
-0.00027
-0.00027
-0.00031
-0.00034
-0.00034
-0.00034
-0.00027
-0.00027
-0.00037
-0.00040
-0.00034
-0.00031
-0.00027
-0.00031
-0.00034
-0.00027
-0.00031
-0.00034
-0.00034
-0.00034
-0.00031
-0.00027
-0.00027
-0.00031
-0.00031
-0.00034
-0.00037
-0.00031
-0.00034
-0.00037
-0.00034
-0.00031
-0.00031
-0.00027
-0.00027
-0.00027
-0.00024
-0.00027
-0.00024
-0.00027
-0.00031
-0.00034
-0.00034
-0.00031
-0.00027
-0.00027
-0.00027
-0.00031
-0.00034
-0.00034
-0.00034
-0.00037
-0.00040
-0.00034
-0.00027
-0.00024
-0.00021
-0.00018
-0.00027
-0.00037
-0.00034
-0.00034
-0.00031
-0.00031
-0.00024
-0.00027
-0.00027
-0.00024
-0.00027
-0.00021
-0.00021
-0.00027
-0.00034
-0.00037
-0.00031
-0.00034
-0.00021
-0.00018
-0.00027
-0.00024
-0.00021
-0.00024
-0.00024
-0.00024
-0.00027
-0.00027
-0.00024
-0.00021
-0.00018
-0.00018
-0.00024
-0.00021
-0.00024
-0.00031
-0.00031
-0.00031
-0.00027
-0.00024
-0.00027
-0.00027
-0.00024
-0.00024
-0.00024
-0.00018
-0.00015
-0.00021
-0.00031
-0.00027
-0.00018
-0.00015
-0.00015
-0.00018
-0.00018
-0.00018
-0.00018
-0.00021
-0.00024
-0.00021
-0.00024
-0.00024
-0.00021
-0.00021
-0.00021
-0.00021
-0.00018
-0.00009
0.00012
0.00012
0.00012
-0.00021
-0.00015
-0.00018
-0.00012
-0.00021
-0.00055
-0.00726
-0.03555
-0.03232
-0.01331
-0.01224
0.00342
0.02005
0.03003
0.02390
0.01111
0.00375
0.00500
0.00665
-0.00827
-0.01599
-0.00552
-0.00250
-0.00107
0.00635
0.00537
0.00253
0.00259
-0.00189
-0.00052
0.00482
0.00165
-0.00180
0.00125
0.00259
-0.00238
-0.00146
0.00018
-0.00110
0.00064
0.00104
-0.00031
0.00131
0.00375
0.00314
0.00269
0.00266
0.00137
0.00006
-0.00003
-0.00064
-0.00128
-0.00064
0.00000
0.00015
0.00070
0.00104
0.00079
0.00089
0.00116
0.00159
0.00119
0.00064
0.00064
0.00055
0.00021
0.00000
0.00009
-0.00034
-0.00061
-0.00061
-0.00046
0.00052
0.00049
-0.00027
-0.00012
0.00031
0.00021
0.00009
0.00046
0.00052
0.00018
-0.00006
0.00000
0.00000
0.00000
0.00000
0.00000
0.00000
0.00000
0.00000
0.00000
0.00000
0.00000
0.00000
0.00000
0.00000
0.00000
0.00000
0.00000
0.00000
0.00000
0.00000
0.00000
0.00000
0.00000
0.00000
0.00000
0.00000
0.00000
0.00000
0.00000
0.00000
0.00000
0.00000
0.00000
0.00000
0.00000
0.00000
0.00000
0.00000
0.00000
0.00000
0.00000
0.00000
0.00000
0.00000
0.00000
0.00000
0.00000
0.00000
0.00000
0.00000
0.00000
0.00000
0.00000
0.00000
0.00000
0.00000
0.00000
0.00000
0.00000
0.00000
0.00000
0.00000
0.00000
0.00000
0.00000
0.00000
0.00000
0.00000
0.00000
0.00000
0.00000
0.00000
0.00000
0.00000
0.00000
0.00000
0.00000
0.00000
0.00000
0.00000
0.00000
0.00000
0.00000
0.00000
0.00000
0.00000
0.00000
0.00000
0.00000
0.00000
0.00000
0.00000
0.00000
0.00000
0.00000
0.00000
0.00000
0.00000
0.00000
0.00000
0.00000
0.00000
0.00000
0.00000
0.00000
0.00000
0.00000
0.00000
0.00000
0.00000
0.00000
0.00000
0.00000
0.00000
0.00000
0.00000
0.00000
0.00000
0.00000
0.00000
0.00000
0.00000
0.00000
0.00000
0.00000
0.00000
0.00000
0.00000
0.00000
0.00000
0.00000
0.00000
0.00000
0.00000
0.00000
0.00000
0.00000
0.00000
0.00000
0.00000
0.00000
0.00000
0.00000
0.00000
0.00000
0.00000
0.00000
0.00000
0.00000
0.00000
0.00000
0.00000
0.00000
0.00000
0.00000
0.00000
0.00000
0.00000
0.00000
0.00000
0.00000
0.00000
0.00000
0.00000
0.00000
0.00000
0.00000
0.00000
0.00000
0.00000
0.00000
0.00000
0.00000
0.00000
0.00000
0.00000
0.00000
0.00000
0.00000
0.00000
0.00000
0.00000
0.00000
0.00000
0.00000
0.00000
0.00000
0.00000
0.00000
0.00000
0.00000
0.00000
0.00000
0.00000
0.00000
0.00000
0.00000
0.00000
0.00000
0.00000
0.00000
0.00000
0.00000
0.00000
0.00000
0.00000
0.00000
0.00000
0.00000
0.00000
0.00000
0.00000
0.00000
0.00000
0.00000
0.00000
0.00000
0.00000
0.00000
0.00000
0.00000
0.00000
0.00000
0.00000
0.00000
0.00000
0.00000
0.00000
0.00000
0.00000
0.00000
0.00000
0.00000
0.00000
0.00000
0.00000
0.00000
0.00000
0.00000
