-0.00009
-0.00009
-0.00009
-0.00009
-0.00009
-0.00006
-0.00006
-0.00009
-0.00009
-0.00009
-0.00009
-0.00009
-0.00009
-0.00009
-0.00009
-0.00009
-0.00009
-0.00015
-0.00015
-0.00015
-0.00015
-0.00012
-0.00009
-0.00006
-0.00006
-0.00006
-0.00009
-0.00012
-0.00015
-0.00018
-0.00021
-0.00021
-0.00018
-0.00012
-0.00018
-0.00006
-0.00006
-0.00009
-0.00009
-0.00015
-0.00012
-0.00018
-0.00021
-0.00018
-0.00021
-0.00015
-0.00009
-0.00015
-0.00015
-0.00015
-0.00018
-0.00021
-0.00024
-0.00018
-0.00018
-0.00015
-0.00006
-0.00012
-0.00018
-0.00012
-0.00024
-0.00024
-0.00024
-0.00021
-0.00021
-0.00021
-0.00018
-0.00012
-0.00012
-0.00015
-0.00015
-0.00018
-0.00021
-0.00021
-0.00031
-0.00024
-0.00021
-0.00024
-0.00018
-0.00012
-0.00015
-0.00021
-0.00024
-0.00027
-0.00031
-0.00031
-0.00027
-0.00024
-0.00018
-0.00015
-0.00015
-0.00015
-0.00018
-0.00031
-0.00031
-0.00027
-0.00031
-0.00031
-0.00024
-0.00021
-0.00027
-0.00027
-0.00015
-0.00021
-0.00031
-0.00027
-0.00024
-0.00027
-0.00031
-0.00027
-0.00024
-0.00031
-0.00031
-0.00031
-0.00024
-0.00027
-0.00031
-0.00031
-0.00024
-0.00024
-0.00027
-0.00021
-0.00027
-0.00034
-0.00034
-0.00034
-0.00037
-0.00037
-0.00034
-0.00031
-0.00024
-0.00021
-0.00021
-0.00021
-0.00021
-0.00027
-0.00031
-0.00034
-0.00034
-0.00034
-0.00040
-0.00040
-0.00037
-0.00037
-0.00034
-0.00034
-0.00027
-0.00027
-0.00031
-0.00031
-0.00027
-0.00027
-0.00034
-0.00031
-0.00031
-0.00034
-0.00034
-0.00034
-0.00037
-0.00040
-0.00040
-0.00040
-0.00031
-0.00027
-0.00031
-0.00031
-0.00034
-0.00034
-0.00031
-0.00031
-0.00031
-0.00031
-0.00037
-0.00034
-0.00034
-0.00027
-0.00052
-0.00012
-0.00076
0.00021
-0.00119
0.00098
-0.00226
-0.00107
-0.06479
-0.11819
-0.03549
-0.00516
0.01801
0.08374
0.09485
0.05692
0.01111
-0.00485
0.00397
0.01926
-0.02890
-0.07013
-0.03036
0.00403
0.01077
0.02536
0.02267
-0.00217
-0.00342
-0.00055
-0.00034
0.01373
0.01154
-0.00641
-0.00220
0.00427
-0.00507
-0.00534
-0.00287
-0.00037
-0.00174
-0.00052
0.00223
0.00064
0.00229
0.00510
0.00488
0.00348
0.00378
-0.00018
-0.00406
-0.00150
-0.00046
-0.00278
-0.00070
0.00027
-0.00275
-0.00052
0.00256
0.00095
0.00146
0.00433
0.00314
0.00049
0.00003
-0.00046
0.00037
0.00070
-0.00104
-0.00278
-0.00394
-0.00308
-0.00122
0.00079
0.00223
0.00015
-0.00189
-0.00052
0.00107
0.00134
0.00122
0.00031
-0.00134
-0.00238
-0.00180
-0.00079
-0.00015
0.00064
0.00015
-0.00073
-0.00049
-0.00089
-0.00134
-0.00067
-0.00067
-0.00092
-0.00079
-0.00064
-0.00113
-0.00174
-0.00143
-0.00134
-0.00162
-0.00092
-0.00131
-0.00208
-0.00177
-0.00150
-0.00247
-0.00183
0.00137
0.00000
-0.00128
0.00150
0.00082
0.00183
0.00183
-0.00290
-0.00296
-0.00226
-0.00449
-0.00415
-0.00201
-0.00250
-0.00275
-0.00122
-0.00162
-0.00089
-0.00027
-0.00143
0.00000
0.00278
0.00323
0.00232
0.00238
0.00189
0.00125
0.00156
0.00055
-0.00168
-0.00235
-0.00403
-0.00488
-0.00345
-0.00293
-0.00195
-0.00049
0.00031
0.00064
0.00076
0.00095
0.00122
0.00119
0.00082
0.00031
-0.00052
-0.00107
-0.00101
-0.00101
-0.00171
-0.00214
-0.00204
-0.00165
-0.00082
-0.00031
-0.00037
-0.00024
-0.00018
-0.00006
0.00055
0.00101
0.00052
-0.00031
-0.00082
-0.00095
-0.00098
-0.00064
-0.00021
-0.00024
-0.00037
-0.00043
-0.00046
-0.00122
-0.00067
0.00021
0.00027
0.00012
0.00000
0.00000
0.00000
0.00000
0.00000
0.00000
0.00000
0.00000
0.00000
0.00000
0.00000
0.00000
0.00000
0.00000
0.00000
0.00000
0.00000
0.00000
0.00000
0.00000
0.00000
0.00000
0.00000
0.00000
0.00000
0.00000
0.00000
0.00000
0.00000
0.00000
0.00000
0.00000
0.00000
0.00000
0.00000
0.00000
0.00000
0.00000
0.00000
0.00000
0.00000
0.00000
0.00000
0.00000
0.00000
0.00000
0.00000
0.00000
0.00000
0.00000
0.00000
0.00000
0.00000
0.00000
0.00000
0.00000
0.00000
0.00000
0.00000
0.00000
0.00000
0.00000
0.00000
0.00000
0.00000
0.00000
0.00000
0.00000
0.00000
0.00000
0.00000
0.00000
0.00000
0.00000
0.00000
0.00000
0.00000
0.00000
0.00000
0.00000
0.00000
0.00000
0.00000
0.00000
0.00000
0.00000
0.00000
0.00000
0.00000
0.00000
0.00000
0.00000
0.00000
0.00000
0.00000
0.00000
0.00000
0.00000
0.00000
0.00000
0.00000
0.00000
0.00000
0.00000
0.00000
0.00000
0.00000
0.00000
0.00000
0.00000
0.00000
0.00000
0.00000
0.00000
0.00000
0.00000
0.00000
0.00000
0.00000
0.00000
0.00000
0.00000
0.00000
0.00000
0.00000
0.00000
0.00000
0.00000
0.00000
0.00000
0.00000
0.00000
0.00000
0.00000
0.00000
0.00000
0.00000
0.00000
0.00000
0.00000
0.00000
0.00000
0.00000
0.00000
0.00000
0.00000
0.00000
0.00000
0.00000
