-0.00024
-0.00024
-0.00024
-0.00024
-0.00024
-0.00021
-0.00021
-0.00024
-0.00024
-0.00021
-0.00021
-0.00021
-0.00021
-0.00021
-0.00021
-0.00021
-0.00021
-0.00021
-0.00021
-0.00024
-0.00021
-0.00021
-0.00027
-0.00027
-0.00021
-0.00024
-0.00021
-0.00021
-0.00018
-0.00018
-0.00021
-0.00021
-0.00021
-0.00021
-0.00031
-0.00018
-0.00018
-0.00021
-0.00018
-0.00018
-0.00018
-0.00024
-0.00024
-0.00021
-0.00021
-0.00021
-0.00021
-0.00018
-0.00018
-0.00021
-0.00018
-0.00015
-0.00018
-0.00018
-0.00018
-0.00018
-0.00021
-0.00021
-0.00018
-0.00018
-0.00018
-0.00021
-0.00015
-0.00015
-0.00018
-0.00018
-0.00012
-0.00018
-0.00021
-0.00018
-0.00018
-0.00018
-0.00015
-0.00015
-0.00018
-0.00018
-0.00015
-0.00015
-0.00015
-0.00015
-0.00015
-0.00015
-0.00015
-0.00018
-0.00015
-0.00012
-0.00018
-0.00021
-0.00018
-0.00012
-0.00018
-0.00015
-0.00012
-0.00009
-0.00012
-0.00012
-0.00009
-0.00012
-0.00018
-0.00018
-0.00012
-0.00015
-0.00015
-0.00009
-0.00012
-0.00009
-0.00009
-0.00012
-0.00012
-0.00012
-0.00018
-0.00015
-0.00012
-0.00015
-0.00012
-0.00009
-0.00006
-0.00006
-0.00006
-0.00009
-0.00012
-0.00012
-0.00012
-0.00012
-0.00012
-0.00009
-0.00006
-0.00006
-0.00009
-0.00012
-0.00009
-0.00009
-0.00012
-0.00012
-0.00009
-0.00009
-0.00009
-0.00009
-0.00006
-0.00006
-0.00012
-0.00009
-0.00003
-0.00009
-0.00009
-0.00003
0.00000
-0.00006
-0.00006
-0.00003
-0.00006
-0.00009
-0.00012
-0.00009
-0.00006
-0.00006
-0.00006
-0.00003
0.00000
-0.00006
-0.00006
-0.00006
-0.00006
-0.00009
-0.00009
-0.00006
-0.00003
-0.00009
-0.00009
-0.00003
-0.00003
-0.00009
-0.00003
0.00000
-0.00003
-0.00006
0.00000
-0.00009
-0.00003
-0.00021
0.00006
-0.00031
0.00018
-0.00052
0.00037
-0.00073
0.00040
-0.01825
-0.06467
-0.05042
-0.02695
-0.01697
0.01349
0.04834
0.05881
0.05038
0.02628
0.00299
0.00446
0.00055
-0.01849
-0.02820
-0.01422
-0.00885
0.00070
0.01584
0.01178
0.00677
0.00577
-0.00180
0.00183
0.00708
-0.00027
-0.00494
-0.00070
-0.00052
-0.00421
-0.00217
0.00146
0.00296
0.00516
0.00446
0.00046
0.00116
0.00208
0.00095
0.00012
0.00192
0.00177
0.00070
0.00064
0.00085
-0.00131
-0.00159
-0.00076
-0.00180
-0.00137
0.00031
0.00067
0.00116
0.00397
0.00497
0.00299
0.00229
0.00134
-0.00064
-0.00027
-0.00058
-0.00140
-0.00107
-0.00131
-0.00174
-0.00061
0.00107
0.00131
0.00040
-0.00009
0.00000
-0.00012
0.00000
0.00055
0.00070
0.00000
-0.00058
-0.00095
-0.00128
-0.00146
-0.00040
0.00024
0.00040
0.00052
0.00000
-0.00027
0.00000
-0.00024
-0.00073
-0.00055
-0.00046
-0.00104
-0.00143
-0.00214
-0.00034
-0.00009
-0.00156
-0.00064
-0.00208
-0.00085
-0.00009
-0.00137
-0.00089
-0.00076
-0.00058
-0.00021
0.00061
0.00104
0.00043
0.00021
-0.00085
-0.00153
-0.00168
-0.00281
-0.00348
-0.00256
-0.00211
-0.00171
-0.00107
-0.00067
-0.00040
-0.00003
0.00055
0.00107
0.00156
0.00217
0.00201
0.00165
0.00128
0.00095
0.00095
-0.00034
-0.00125
-0.00183
-0.00281
-0.00266
-0.00281
-0.00244
-0.00101
-0.00031
-0.00006
0.00040
0.00089
0.00085
0.00040
0.00055
0.00082
0.00037
0.00000
-0.00034
-0.00079
-0.00098
-0.00122
-0.00143
-0.00131
-0.00092
-0.00070
-0.00049
0.00000
-0.00003
-0.00034
-0.00015
0.00009
0.00003
0.00012
0.00015
-0.00015
-0.00040
-0.00021
0.00000
0.00000
0.00000
0.00000
0.00000
0.00000
0.00000
0.00000
0.00000
0.00000
0.00000
0.00000
0.00000
0.00000
0.00000
0.00000
0.00000
0.00000
0.00000
0.00000
0.00000
0.00000
0.00000
0.00000
0.00000
0.00000
0.00000
0.00000
0.00000
0.00000
0.00000
0.00000
0.00000
0.00000
0.00000
0.00000
0.00000
0.00000
0.00000
0.00000
0.00000
0.00000
0.00000
0.00000
0.00000
0.00000
0.00000
0.00000
0.00000
0.00000
0.00000
0.00000
0.00000
0.00000
0.00000
0.00000
0.00000
0.00000
0.00000
0.00000
0.00000
0.00000
0.00000
0.00000
0.00000
0.00000
0.00000
0.00000
0.00000
0.00000
0.00000
0.00000
0.00000
0.00000
0.00000
0.00000
0.00000
0.00000
0.00000
0.00000
0.00000
0.00000
0.00000
0.00000
0.00000
0.00000
0.00000
0.00000
0.00000
0.00000
0.00000
0.00000
0.00000
0.00000
0.00000
0.00000
0.00000
0.00000
0.00000
0.00000
0.00000
0.00000
0.00000
0.00000
0.00000
0.00000
0.00000
0.00000
0.00000
0.00000
0.00000
0.00000
0.00000
0.00000
0.00000
0.00000
0.00000
0.00000
0.00000
0.00000
0.00000
0.00000
0.00000
0.00000
0.00000
0.00000
0.00000
0.00000
0.00000
0.00000
0.00000
0.00000
0.00000
0.00000
0.00000
0.00000
0.00000
0.00000
0.00000
0.00000
0.00000
0.00000
0.00000
0.00000
0.00000
0.00000
0.00000
0.00000
0.00000
0.00000
0.00000
0.00000
0.00000
0.00000
0.00000
0.00000
