-0.00021
-0.00018
-0.00015
-0.00021
-0.00021
-0.00018
-0.00018
-0.00021
-0.00018
-0.00021
-0.00021
-0.00024
-0.00021
-0.00018
-0.00018
-0.00015
-0.00021
-0.00021
-0.00021
-0.00024
-0.00027
-0.00024
-0.00024
-0.00027
-0.00021
-0.00018
-0.00021
-0.00021
-0.00018
-0.00021
-0.00024
-0.00018
-0.00021
-0.00018
-0.00031
-0.00018
-0.00021
-0.00024
-0.00021
-0.00024
-0.00021
-0.00021
-0.00021
-0.00024
-0.00021
-0.00024
-0.00024
-0.00021
-0.00021
-0.00021
-0.00018
-0.00021
-0.00024
-0.00021
-0.00021
-0.00021
-0.00037
-0.00027
-0.00024
-0.00031
-0.00024
-0.00024
-0.00015
-0.00015
-0.00018
-0.00015
-0.00015
-0.00018
-0.00027
-0.00031
-0.00027
-0.00027
-0.00031
-0.00027
-0.00024
-0.00024
-0.00024
-0.00015
-0.00015
-0.00021
-0.00018
-0.00021
-0.00021
-0.00021
-0.00015
-0.00015
-0.00021
-0.00021
-0.00018
-0.00018
-0.00018
-0.00021
-0.00024
-0.00024
-0.00027
-0.00024
-0.00021
-0.00018
-0.00024
-0.00021
-0.00015
-0.00012
-0.00021
-0.00024
-0.00027
-0.00031
-0.00034
-0.00031
-0.00024
-0.00024
-0.00015
-0.00009
-0.00006
-0.00009
-0.00015
-0.00015
-0.00018
-0.00024
-0.00021
-0.00024
-0.00024
-0.00024
-0.00015
-0.00018
-0.00018
-0.00021
-0.00018
-0.00018
-0.00021
-0.00021
-0.00021
-0.00021
-0.00024
-0.00021
-0.00018
-0.00021
-0.00018
-0.00015
-0.00015
-0.00021
-0.00018
-0.00018
-0.00018
-0.00015
-0.00015
-0.00006
-0.00006
-0.00009
-0.00012
-0.00009
-0.00018
-0.00027
-0.00021
-0.00024
-0.00027
-0.00027
-0.00021
-0.00018
-0.00018
-0.00012
-0.00006
-0.00003
-0.00009
-0.00015
-0.00015
-0.00021
-0.00027
-0.00027
-0.00021
-0.00015
-0.00018
-0.00012
-0.00009
-0.00003
-0.00012
-0.00021
-0.00003
-0.00052
0.00031
-0.00101
0.00113
-0.00217
-0.00763
-0.08456
-0.08417
-0.01425
-0.03366
0.02454
0.07040
0.08676
0.06064
0.01425
-0.00012
0.00595
0.01514
-0.03195
-0.05347
-0.01596
-0.00259
0.00253
0.02481
0.02127
0.00296
-0.00342
-0.00888
-0.00406
0.01367
0.00815
-0.00491
0.00391
0.01071
-0.00592
-0.00549
0.00110
-0.00229
-0.00381
-0.00107
-0.00217
0.00143
0.00949
0.00485
0.00253
0.00620
0.00308
-0.00189
-0.00018
-0.00052
-0.00336
-0.00287
-0.00113
-0.00098
0.00064
0.00140
0.00110
0.00043
0.00262
0.00391
0.00168
-0.00006
0.00031
0.00003
-0.00031
-0.00037
0.00073
-0.00009
-0.00204
-0.00320
-0.00259
0.00192
0.00156
-0.00085
-0.00107
-0.00015
0.00153
0.00003
0.00003
0.00153
-0.00031
-0.00067
-0.00137
-0.00040
0.00165
-0.00055
-0.00076
0.00000
-0.00024
-0.00101
-0.00189
-0.00055
-0.00052
-0.00101
-0.00037
-0.00070
-0.00021
-0.00070
-0.00140
-0.00113
-0.00076
-0.00101
-0.00208
-0.00165
-0.00153
-0.00262
-0.00171
0.00119
0.00031
-0.00095
0.00089
0.00058
0.00189
0.00256
-0.00079
-0.00143
-0.00131
-0.00302
-0.00323
-0.00195
-0.00281
-0.00348
-0.00229
-0.00201
-0.00082
-0.00037
-0.00125
-0.00143
0.00104
0.00180
0.00171
0.00272
0.00195
0.00195
0.00305
0.00253
0.00195
0.00064
-0.00220
-0.00314
-0.00354
-0.00406
-0.00336
-0.00201
-0.00070
0.00006
0.00049
0.00058
0.00067
0.00125
0.00143
0.00104
0.00085
0.00018
-0.00052
-0.00037
-0.00040
-0.00137
-0.00204
-0.00195
-0.00171
-0.00119
-0.00043
-0.00015
-0.00031
0.00006
0.00061
0.00104
0.00110
0.00043
-0.00037
-0.00052
-0.00058
-0.00073
-0.00052
-0.00034
-0.00027
-0.00027
-0.00003
0.00006
0.00024
0.00067
0.00119
0.00128
0.00110
0.00058
-0.00052
-0.00076
-0.00079
-0.00092
-0.00098
-0.00055
0.00018
0.00009
0.00095
0.00180
0.00162
0.00125
0.00052
-0.00009
-0.00064
-0.00122
-0.00125
-0.00067
0.00000
0.00000
0.00000
0.00000
0.00000
0.00000
0.00000
0.00000
0.00000
0.00000
0.00000
0.00000
0.00000
0.00000
0.00000
0.00000
0.00000
0.00000
0.00000
0.00000
0.00000
0.00000
0.00000
0.00000
0.00000
0.00000
0.00000
0.00000
0.00000
0.00000
0.00000
0.00000
0.00000
0.00000
0.00000
0.00000
0.00000
0.00000
0.00000
0.00000
0.00000
0.00000
0.00000
0.00000
0.00000
0.00000
0.00000
0.00000
0.00000
0.00000
0.00000
0.00000
0.00000
0.00000
0.00000
0.00000
0.00000
0.00000
0.00000
0.00000
0.00000
0.00000
0.00000
0.00000
0.00000
0.00000
0.00000
0.00000
0.00000
0.00000
0.00000
0.00000
0.00000
0.00000
0.00000
0.00000
0.00000
0.00000
0.00000
0.00000
0.00000
0.00000
0.00000
0.00000
0.00000
0.00000
0.00000
0.00000
0.00000
0.00000
0.00000
0.00000
0.00000
0.00000
0.00000
0.00000
0.00000
0.00000
0.00000
0.00000
0.00000
0.00000
0.00000
0.00000
0.00000
0.00000
0.00000
0.00000
0.00000
0.00000
0.00000
0.00000
0.00000
0.00000
0.00000
0.00000
0.00000
0.00000
0.00000
0.00000
0.00000
0.00000
0.00000
0.00000
0.00000
0.00000
0.00000
0.00000
0.00000
0.00000
0.00000
