-0.00018
-0.00015
-0.00018
-0.00024
-0.00018
-0.00015
-0.00018
-0.00018
-0.00012
-0.00015
-0.00018
-0.00018
-0.00018
-0.00015
-0.00015
-0.00018
-0.00015
-0.00015
-0.00018
-0.00021
-0.00018
-0.00018
-0.00021
-0.00018
-0.00015
-0.00018
-0.00018
-0.00012
-0.00015
-0.00015
-0.00012
-0.00012
-0.00012
-0.00009
-0.00024
-0.00015
-0.00018
-0.00024
-0.00021
-0.00021
-0.00018
-0.00021
-0.00018
-0.00015
-0.00015
-0.00015
-0.00015
-0.00012
-0.00012
-0.00015
-0.00015
-0.00018
-0.00018
-0.00021
-0.00018
-0.00015
-0.00018
-0.00018
-0.00018
-0.00015
-0.00015
-0.00018
-0.00018
-0.00018
-0.00018
-0.00021
-0.00012
-0.00018
-0.00021
-0.00018
-0.00018
-0.00018
-0.00018
-0.00018
-0.00021
-0.00021
-0.00018
-0.00018
-0.00018
-0.00012
-0.00012
-0.00015
-0.00015
-0.00015
-0.00024
-0.00027
-0.00024
-0.00024
-0.00024
-0.00021
-0.00012
-0.00015
-0.00018
-0.00015
-0.00018
-0.00021
-0.00018
-0.00021
-0.00021
-0.00018
-0.00018
-0.00018
-0.00021
-0.00021
-0.00024
-0.00018
-0.00012
-0.00015
-0.00015
-0.00018
-0.00018
-0.00021
-0.00024
-0.00024
-0.00024
-0.00024
-0.00018
-0.00015
-0.00015
-0.00012
-0.00012
-0.00015
-0.00015
-0.00018
-0.00018
-0.00018
-0.00018
-0.00018
-0.00021
-0.00024
-0.00024
-0.00021
-0.00021
-0.00018
-0.00018
-0.00015
-0.00015
-0.00018
-0.00018
-0.00018
-0.00021
-0.00024
-0.00024
-0.00021
-0.00021
-0.00027
-0.00024
-0.00021
-0.00024
-0.00024
-0.00018
-0.00018
-0.00018
-0.00018
-0.00018
-0.00021
-0.00027
-0.00027
-0.00024
-0.00024
-0.00024
-0.00021
-0.00018
-0.00018
-0.00018
-0.00021
-0.00021
-0.00024
-0.00024
-0.00024
-0.00018
-0.00018
-0.00021
-0.00018
-0.00018
-0.00018
-0.00021
-0.00021
-0.00021
-0.00027
-0.00024
-0.00021
-0.00012
-0.00027
-0.00006
-0.00046
-0.00003
-0.00073
0.00012
-0.00058
-0.00021
-0.02121
-0.06436
-0.03641
-0.01187
-0.01273
0.01474
0.03894
0.05188
0.03677
0.01324
0.00040
0.00455
0.00250
-0.02133
-0.02435
-0.00607
-0.00378
0.00266
0.01453
0.00980
0.00516
0.00125
-0.00537
0.00104
0.00650
-0.00180
-0.00589
0.00107
0.00220
-0.00122
0.00113
0.00232
0.00113
0.00171
0.00049
-0.00143
0.00125
0.00192
-0.00037
0.00000
0.00244
0.00229
-0.00003
-0.00067
0.00000
-0.00055
-0.00021
0.00092
0.00067
0.00034
0.00140
0.00131
0.00046
0.00269
0.00259
-0.00018
-0.00009
0.00058
0.00000
-0.00018
0.00018
0.00031
-0.00040
-0.00064
-0.00134
-0.00085
0.00113
0.00000
-0.00113
-0.00058
0.00000
0.00003
0.00009
0.00085
0.00110
0.00009
-0.00076
-0.00143
-0.00125
-0.00137
-0.00180
-0.00085
0.00018
0.00046
0.00012
0.00037
0.00076
-0.00003
-0.00089
-0.00192
-0.00113
-0.00018
-0.00113
-0.00055
-0.00110
-0.00037
-0.00003
-0.00159
-0.00159
-0.00171
-0.00220
-0.00226
-0.00140
-0.00049
-0.00027
0.00009
0.00009
0.00031
0.00052
-0.00015
-0.00113
-0.00171
-0.00262
-0.00333
-0.00272
-0.00204
-0.00162
-0.00113
-0.00067
0.00003
0.00064
0.00061
0.00043
0.00122
0.00143
0.00092
0.00079
0.00082
0.00089
-0.00034
-0.00140
-0.00159
-0.00226
-0.00232
-0.00256
-0.00247
-0.00143
-0.00082
-0.00040
-0.00006
0.00015
0.00009
-0.00018
0.00009
0.00058
0.00034
-0.00009
-0.00043
-0.00073
-0.00067
-0.00061
-0.00079
-0.00134
-0.00131
-0.00089
-0.00067
-0.00037
-0.00043
-0.00076
-0.00092
-0.00067
-0.00031
0.00000
0.00021
0.00015
-0.00003
-0.00009
-0.00012
-0.00018
-0.00018
-0.00012
-0.00031
-0.00052
-0.00052
-0.00046
-0.00012
0.00024
0.00049
0.00055
0.00055
0.00031
-0.00003
-0.00006
0.00006
-0.00003
-0.00046
-0.00076
-0.00082
-0.00082
-0.00064
-0.00055
-0.00037
-0.00006
-0.00012
-0.00021
-0.00027
-0.00012
0.00000
0.00018
0.00046
0.00058
0.00055
0.00049
0.00052
0.00037
-0.00006
-0.00049
-0.00052
-0.00018
0.00000
0.00000
0.00000
0.00000
0.00000
0.00000
0.00000
0.00000
0.00000
0.00000
0.00000
0.00000
0.00000
0.00000
0.00000
0.00000
0.00000
0.00000
0.00000
0.00000
0.00000
0.00000
0.00000
0.00000
0.00000
0.00000
0.00000
0.00000
0.00000
0.00000
0.00000
0.00000
0.00000
0.00000
0.00000
0.00000
0.00000
0.00000
0.00000
0.00000
0.00000
0.00000
0.00000
0.00000
0.00000
0.00000
0.00000
0.00000
0.00000
0.00000
0.00000
0.00000
0.00000
0.00000
0.00000
0.00000
0.00000
0.00000
0.00000
0.00000
0.00000
0.00000
0.00000
0.00000
0.00000
0.00000
0.00000
0.00000
0.00000
0.00000
0.00000
0.00000
0.00000
0.00000
0.00000
0.00000
0.00000
0.00000
0.00000
0.00000
0.00000
0.00000
0.00000
0.00000
0.00000
0.00000
0.00000
0.00000
0.00000
0.00000
0.00000
0.00000
0.00000
0.00000
0.00000
0.00000
0.00000
0.00000
0.00000
0.00000
0.00000
0.00000
0.00000
0.00000
0.00000
0.00000
0.00000
0.00000
0.00000
0.00000
0.00000
0.00000
