-0.00012
-0.00003
-0.00003
-0.00006
0.00000
0.00000
-0.00003
-0.00012
-0.00009
-0.00009
-0.00015
-0.00015
-0.00006
-0.00006
-0.00009
-0.00003
0.00000
-0.00006
-0.00012
-0.00012
-0.00012
-0.00009
-0.00012
-0.00009
-0.00003
-0.00006
-0.00009
-0.00006
-0.00006
-0.00009
-0.00012
-0.00012
-0.00012
-0.00012
-0.00021
-0.00009
-0.00006
-0.00009
-0.00009
-0.00009
-0.00006
-0.00012
-0.00012
-0.00009
-0.00006
-0.00012
-0.00012
-0.00012
-0.00012
-0.00012
-0.00012
-0.00012
-0.00015
-0.00012
-0.00012
-0.00009
-0.00006
-0.00006
-0.00006
-0.00009
-0.00006
-0.00009
-0.00009
-0.00012
-0.00015
-0.00015
-0.00018
-0.00018
-0.00009
-0.00015
-0.00024
-0.00024
-0.00018
-0.00018
-0.00018
-0.00012
-0.00006
-0.00003
0.00000
0.00000
0.00000
-0.00006
-0.00009
-0.00009
-0.00009
-0.00009
-0.00012
-0.00009
-0.00009
-0.00012
-0.00015
-0.00012
-0.00009
-0.00012
-0.00006
-0.00003
-0.00006
-0.00006
-0.00009
-0.00009
-0.00012
-0.00015
-0.00015
-0.00009
-0.00003
-0.00006
-0.00003
0.00003
0.00000
0.00000
-0.00003
-0.00003
-0.00006
-0.00012
-0.00015
-0.00012
-0.00015
-0.00012
-0.00003
0.00000
0.00000
0.00000
0.00000
-0.00003
-0.00006
-0.00009
-0.00009
-0.00012
-0.00015
-0.00015
-0.00012
-0.00012
-0.00009
-0.00012
-0.00015
-0.00012
-0.00009
-0.00012
-0.00009
-0.00009
-0.00009
-0.00006
-0.00003
-0.00003
-0.00003
-0.00006
-0.00009
-0.00009
-0.00003
-0.00006
-0.00006
0.00000
0.00000
0.00000
-0.00003
-0.00003
-0.00009
-0.00018
-0.00021
-0.00018
-0.00015
-0.00012
-0.00006
0.00000
-0.00003
0.00000
0.00000
-0.00006
-0.00006
-0.00009
-0.00015
-0.00015
-0.00006
-0.00009
-0.00012
-0.00012
-0.00015
-0.00015
-0.00012
-0.00006
-0.00003
-0.00006
-0.00003
-0.00012
-0.00003
-0.00024
-0.00003
-0.00046
0.00000
-0.00067
0.00058
-0.00076
0.00000
-0.02441
-0.05746
-0.02670
-0.01315
-0.00983
0.01382
0.03571
0.04602
0.02890
0.01025
0.00085
0.00641
0.00174
-0.02103
-0.01898
-0.00308
-0.00269
0.00406
0.01117
0.00699
0.00394
0.00006
-0.00415
0.00082
0.00476
-0.00131
-0.00259
0.00470
0.00238
-0.00220
0.00085
0.00089
0.00018
0.00098
0.00003
-0.00128
0.00031
0.00183
0.00067
0.00137
0.00320
0.00217
0.00165
0.00201
0.00101
-0.00082
-0.00082
-0.00015
-0.00046
0.00009
0.00134
0.00079
0.00076
0.00241
0.00217
0.00104
0.00046
0.00037
0.00000
-0.00006
0.00076
0.00058
-0.00015
-0.00055
-0.00128
-0.00085
0.00049
0.00012
-0.00046
-0.00024
0.00043
0.00024
0.00024
0.00128
0.00076
-0.00006
-0.00082
-0.00168
-0.00143
-0.00122
-0.00104
-0.00073
-0.00003
0.00052
0.00000
0.00018
0.00027
-0.00052
-0.00067
0.00052
0.00009
-0.00067
-0.00079
-0.00119
-0.00070
-0.00046
-0.00122
-0.00211
-0.00223
-0.00208
-0.00159
-0.00098
-0.00067
-0.00049
-0.00046
-0.00027
-0.00012
0.00037
0.00037
-0.00064
-0.00153
-0.00223
-0.00238
-0.00235
-0.00208
-0.00125
-0.00070
-0.00073
-0.00003
0.00049
0.00027
-0.00009
0.00031
0.00104
0.00140
0.00134
0.00098
0.00058
-0.00064
-0.00137
-0.00156
-0.00195
-0.00208
-0.00235
-0.00214
-0.00122
-0.00070
-0.00052
-0.00012
0.00021
0.00003
-0.00034
-0.00015
0.00015
-0.00012
-0.00027
-0.00015
-0.00006
-0.00034
-0.00092
-0.00113
-0.00107
-0.00079
-0.00064
-0.00064
-0.00037
-0.00031
-0.00064
-0.00079
-0.00070
-0.00067
-0.00055
-0.00012
0.00015
0.00012
0.00009
0.00012
0.00000
-0.00015
-0.00021
-0.00040
-0.00052
-0.00052
-0.00049
-0.00040
-0.00006
0.00027
0.00049
0.00049
0.00037
0.00031
0.00024
0.00006
-0.00012
-0.00040
-0.00052
-0.00073
-0.00089
-0.00067
-0.00049
-0.00012
0.00018
0.00021
-0.00003
0.00000
0.00000
0.00000
0.00000
0.00000
0.00000
0.00000
0.00000
0.00000
0.00000
0.00000
0.00000
0.00000
0.00000
0.00000
0.00000
0.00000
0.00000
0.00000
0.00000
0.00000
0.00000
0.00000
0.00000
0.00000
0.00000
0.00000
0.00000
0.00000
0.00000
0.00000
0.00000
0.00000
0.00000
0.00000
0.00000
0.00000
0.00000
0.00000
0.00000
0.00000
0.00000
0.00000
0.00000
0.00000
0.00000
0.00000
0.00000
0.00000
0.00000
0.00000
0.00000
0.00000
0.00000
0.00000
0.00000
0.00000
0.00000
0.00000
0.00000
0.00000
0.00000
0.00000
0.00000
0.00000
0.00000
0.00000
0.00000
0.00000
0.00000
0.00000
0.00000
0.00000
0.00000
0.00000
0.00000
0.00000
0.00000
0.00000
0.00000
0.00000
0.00000
0.00000
0.00000
0.00000
0.00000
0.00000
0.00000
0.00000
0.00000
0.00000
0.00000
0.00000
0.00000
0.00000
0.00000
0.00000
0.00000
0.00000
0.00000
0.00000
0.00000
0.00000
0.00000
0.00000
0.00000
0.00000
0.00000
0.00000
0.00000
0.00000
0.00000
0.00000
0.00000
0.00000
0.00000
0.00000
0.00000
0.00000
0.00000
0.00000
0.00000
0.00000
0.00000
0.00000
