-0.00003
0.00000
0.00000
-0.00003
0.00000
0.00000
0.00000
0.00000
0.00000
0.00000
0.00000
0.00000
-0.00003
0.00000
-0.00003
-0.00003
0.00000
-0.00003
-0.00006
-0.00003
-0.00003
0.00000
0.00000
-0.00003
0.00000
0.00000
-0.00003
-0.00003
-0.00003
-0.00006
-0.00009
-0.00003
0.00000
0.00000
-0.00012
0.00000
-0.00003
-0.00006
-0.00006
-0.00009
-0.00003
-0.00006
-0.00006
-0.00003
0.00000
-0.00003
-0.00006
-0.00003
-0.00003
-0.00009
-0.00006
-0.00006
-0.00009
-0.00006
-0.00003
0.00000
-0.00006
-0.00009
0.00000
-0.00009
-0.00009
-0.00006
-0.00009
-0.00009
-0.00009
-0.00006
-0.00006
-0.00003
-0.00003
-0.00006
-0.00006
-0.00006
-0.00006
-0.00006
-0.00006
-0.00003
-0.00009
-0.00009
-0.00003
-0.00009
-0.00012
-0.00009
-0.00009
-0.00012
-0.00006
-0.00006
-0.00009
-0.00009
-0.00006
-0.00012
-0.00012
-0.00006
-0.00009
-0.00009
-0.00009
-0.00009
-0.00009
-0.00009
-0.00009
-0.00015
-0.00015
-0.00012
-0.00009
-0.00012
-0.00006
-0.00006
-0.00009
-0.00009
-0.00006
-0.00012
-0.00015
-0.00012
-0.00012
-0.00012
-0.00015
-0.00012
-0.00012
-0.00012
-0.00015
-0.00015
-0.00012
-0.00009
-0.00015
-0.00012
-0.00012
-0.00012
-0.00018
-0.00015
-0.00012
-0.00015
-0.00012
-0.00012
-0.00015
-0.00012
-0.00012
-0.00015
-0.00018
-0.00018
-0.00015
-0.00018
-0.00018
-0.00012
-0.00015
-0.00015
-0.00015
-0.00015
-0.00015
-0.00015
-0.00018
-0.00021
-0.00015
-0.00018
-0.00015
-0.00012
-0.00015
-0.00015
-0.00015
-0.00015
-0.00021
-0.00018
-0.00015
-0.00018
-0.00015
-0.00021
-0.00021
-0.00018
-0.00021
-0.00024
-0.00021
-0.00018
-0.00018
-0.00021
-0.00015
-0.00024
-0.00009
-0.00043
0.00000
-0.00055
0.00003
-0.00058
0.00015
-0.00073
-0.00024
-0.02502
-0.08804
-0.03934
-0.02670
-0.03699
0.03284
0.06497
0.07138
0.04910
0.02350
0.00381
0.01065
-0.00269
-0.03482
-0.02872
-0.00885
-0.01767
0.00455
0.02725
0.01050
0.00412
0.00079
-0.00851
0.00668
0.01331
-0.00504
-0.00415
0.00656
-0.00180
-0.00668
0.00134
-0.00009
-0.00168
0.00049
0.00000
0.00095
0.00623
0.00461
0.00040
0.00189
0.00308
0.00113
0.00046
0.00000
-0.00217
-0.00305
-0.00134
0.00061
0.00073
0.00015
0.00000
-0.00037
-0.00104
0.00186
0.00211
0.00021
0.00098
0.00153
0.00037
0.00070
0.00140
0.00104
-0.00177
-0.00269
-0.00305
-0.00247
0.00043
-0.00021
-0.00049
0.00046
0.00037
0.00040
-0.00006
0.00018
0.00009
-0.00070
-0.00043
-0.00168
-0.00079
0.00031
-0.00031
0.00012
-0.00015
-0.00070
-0.00156
-0.00156
-0.00064
-0.00089
-0.00070
-0.00073
-0.00119
-0.00119
-0.00125
-0.00125
-0.00116
-0.00067
-0.00122
-0.00302
-0.00275
-0.00055
-0.00125
-0.00174
-0.00128
-0.00052
0.00052
0.00092
0.00101
0.00055
0.00043
-0.00027
-0.00140
-0.00134
-0.00192
-0.00378
-0.00421
-0.00339
-0.00296
-0.00183
-0.00067
-0.00150
-0.00159
-0.00107
-0.00055
0.00067
0.00150
0.00143
0.00168
0.00192
0.00186
0.00171
0.00198
0.00153
-0.00067
-0.00201
-0.00284
-0.00394
-0.00360
-0.00281
-0.00223
-0.00128
-0.00052
0.00000
0.00049
0.00092
0.00082
0.00070
0.00073
0.00076
0.00009
-0.00040
-0.00055
-0.00131
-0.00204
-0.00201
-0.00180
-0.00186
-0.00143
-0.00067
-0.00031
-0.00018
0.00012
0.00006
0.00031
0.00049
0.00009
-0.00018
-0.00049
-0.00110
-0.00128
-0.00064
-0.00012
-0.00015
-0.00040
-0.00034
-0.00021
0.00012
0.00058
0.00092
0.00089
0.00070
0.00043
0.00018
0.00015
0.00006
0.00000
0.00000
0.00000
0.00000
0.00000
0.00000
0.00000
0.00000
0.00000
0.00000
0.00000
0.00000
0.00000
0.00000
0.00000
0.00000
0.00000
0.00000
0.00000
0.00000
0.00000
0.00000
0.00000
0.00000
0.00000
0.00000
0.00000
0.00000
0.00000
0.00000
0.00000
0.00000
0.00000
0.00000
0.00000
0.00000
0.00000
0.00000
0.00000
0.00000
0.00000
0.00000
0.00000
0.00000
0.00000
0.00000
0.00000
0.00000
0.00000
0.00000
0.00000
0.00000
0.00000
0.00000
0.00000
0.00000
0.00000
0.00000
0.00000
0.00000
0.00000
0.00000
0.00000
0.00000
0.00000
0.00000
0.00000
0.00000
0.00000
0.00000
0.00000
0.00000
0.00000
0.00000
0.00000
0.00000
0.00000
0.00000
0.00000
0.00000
0.00000
0.00000
0.00000
0.00000
0.00000
0.00000
0.00000
0.00000
0.00000
0.00000
0.00000
0.00000
0.00000
0.00000
0.00000
0.00000
0.00000
0.00000
0.00000
0.00000
0.00000
0.00000
0.00000
0.00000
0.00000
0.00000
0.00000
0.00000
0.00000
0.00000
0.00000
0.00000
0.00000
0.00000
0.00000
0.00000
0.00000
0.00000
0.00000
0.00000
0.00000
0.00000
0.00000
0.00000
0.00000
0.00000
0.00000
0.00000
0.00000
0.00000
0.00000
0.00000
0.00000
0.00000
0.00000
0.00000
0.00000
0.00000
0.00000
0.00000
0.00000
0.00000
0.00000
0.00000
0.00000
