-0.00040
-0.00040
-0.00040
-0.00037
-0.00037
-0.00037
-0.00037
-0.00040
-0.00043
-0.00040
-0.00037
-0.00040
-0.00040
-0.00037
-0.00037
-0.00040
-0.00040
-0.00040
-0.00040
-0.00040
-0.00040
-0.00040
-0.00040
-0.00040
-0.00040
-0.00040
-0.00037
-0.00037
-0.00034
-0.00040
-0.00040
-0.00037
-0.00037
-0.00037
-0.00055
-0.00021
-0.00037
-0.00040
-0.00034
-0.00040
-0.00037
-0.00037
-0.00037
-0.00037
-0.00034
-0.00037
-0.00034
-0.00034
-0.00037
-0.00037
-0.00037
-0.00037
-0.00034
-0.00034
-0.00034
-0.00034
-0.00034
-0.00034
-0.00034
-0.00034
-0.00031
-0.00034
-0.00034
-0.00034
-0.00034
-0.00031
-0.00031
-0.00031
-0.00034
-0.00031
-0.00034
-0.00037
-0.00034
-0.00034
-0.00037
-0.00037
-0.00034
-0.00034
-0.00037
-0.00031
-0.00027
-0.00034
-0.00031
-0.00027
-0.00031
-0.00034
-0.00034
-0.00034
-0.00037
-0.00034
-0.00034
-0.00034
-0.00031
-0.00034
-0.00031
-0.00031
-0.00031
-0.00034
-0.00034
-0.00034
-0.00034
-0.00034
-0.00031
-0.00031
-0.00034
-0.00031
-0.00027
-0.00027
-0.00031
-0.00027
-0.00027
-0.00031
-0.00031
-0.00031
-0.00031
-0.00031
-0.00027
-0.00031
-0.00027
-0.00024
-0.00027
-0.00027
-0.00027
-0.00027
-0.00027
-0.00027
-0.00024
-0.00027
-0.00027
-0.00027
-0.00024
-0.00024
-0.00027
-0.00024
-0.00024
-0.00027
-0.00027
-0.00024
-0.00024
-0.00024
-0.00021
-0.00018
-0.00021
-0.00021
-0.00021
-0.00024
-0.00027
-0.00024
-0.00021
-0.00021
-0.00018
-0.00018
-0.00018
-0.00018
-0.00018
-0.00021
-0.00021
-0.00021
-0.00024
-0.00018
-0.00018
-0.00018
-0.00018
-0.00018
-0.00018
-0.00018
-0.00018
-0.00018
-0.00018
-0.00018
-0.00018
-0.00018
-0.00015
-0.00015
-0.00015
-0.00015
-0.00015
-0.00018
-0.00018
-0.00018
-0.00015
-0.00015
-0.00015
-0.00015
-0.00015
-0.00009
-0.00015
0.00000
0.00006
-0.00015
0.00000
-0.00064
0.00037
-0.00070
-0.00229
-0.03207
-0.03314
-0.02618
-0.01898
0.01968
0.02652
0.02924
0.01758
0.01028
0.00665
0.00912
0.00119
-0.01312
-0.01685
-0.01376
-0.00699
0.00726
0.01398
0.00290
0.00037
0.00140
0.00027
0.00357
0.00327
-0.00055
0.00101
0.00137
-0.00061
-0.00034
0.00162
0.00000
0.00034
0.00128
-0.00009
-0.00037
-0.00018
0.00061
0.00305
0.00412
0.00250
0.00122
0.00031
0.00015
0.00043
0.00024
-0.00067
-0.00076
-0.00104
0.00027
0.00159
0.00208
0.00128
0.00150
0.00198
0.00146
0.00064
0.00009
0.00082
0.00052
-0.00009
-0.00037
-0.00085
-0.00046
-0.00012
0.00000
0.00092
0.00070
0.00018
-0.00052
-0.00076
-0.00009
0.00049
0.00119
0.00064
0.00003
0.00003
-0.00027
-0.00024
-0.00049
-0.00116
-0.00125
-0.00110
-0.00049
-0.00012
0.00031
0.00043
0.00043
0.00043
-0.00015
0.00031
-0.00134
-0.00046
0.00000
-0.00192
-0.00018
-0.00079
-0.00058
0.00006
-0.00128
-0.00159
-0.00067
-0.00064
-0.00143
-0.00076
-0.00064
-0.00046
0.00027
0.00018
0.00000
0.00000
0.00000
0.00000
0.00000
0.00000
0.00000
0.00000
0.00000
0.00000
0.00000
0.00000
0.00000
0.00000
0.00000
0.00000
0.00000
0.00000
0.00000
0.00000
0.00000
0.00000
0.00000
0.00000
0.00000
0.00000
0.00000
0.00000
0.00000
0.00000
0.00000
0.00000
0.00000
0.00000
0.00000
0.00000
0.00000
0.00000
0.00000
0.00000
0.00000
0.00000
0.00000
0.00000
0.00000
0.00000
0.00000
0.00000
0.00000
0.00000
0.00000
0.00000
0.00000
0.00000
0.00000
0.00000
0.00000
0.00000
0.00000
0.00000
0.00000
0.00000
0.00000
0.00000
0.00000
0.00000
0.00000
0.00000
0.00000
0.00000
0.00000
0.00000
0.00000
0.00000
0.00000
0.00000
0.00000
0.00000
0.00000
0.00000
0.00000
0.00000
0.00000
0.00000
0.00000
0.00000
0.00000
0.00000
0.00000
0.00000
0.00000
0.00000
0.00000
0.00000
0.00000
0.00000
0.00000
0.00000
0.00000
0.00000
0.00000
0.00000
0.00000
0.00000
0.00000
0.00000
0.00000
0.00000
0.00000
0.00000
0.00000
0.00000
0.00000
0.00000
0.00000
0.00000
0.00000
0.00000
0.00000
0.00000
0.00000
0.00000
0.00000
0.00000
0.00000
0.00000
0.00000
0.00000
0.00000
0.00000
0.00000
0.00000
0.00000
0.00000
0.00000
0.00000
0.00000
0.00000
0.00000
0.00000
0.00000
0.00000
0.00000
0.00000
0.00000
0.00000
0.00000
0.00000
0.00000
0.00000
0.00000
0.00000
0.00000
0.00000
0.00000
0.00000
0.00000
0.00000
0.00000
0.00000
0.00000
0.00000
0.00000
0.00000
0.00000
0.00000
0.00000
0.00000
0.00000
0.00000
0.00000
0.00000
0.00000
0.00000
0.00000
0.00000
0.00000
0.00000
0.00000
0.00000
0.00000
0.00000
0.00000
0.00000
0.00000
0.00000
0.00000
0.00000
0.00000
0.00000
0.00000
0.00000
0.00000
0.00000
0.00000
0.00000
0.00000
0.00000
0.00000
0.00000
0.00000
0.00000
0.00000
0.00000
0.00000
0.00000
0.00000
0.00000
0.00000
