-0.00012
-0.00012
-0.00015
-0.00018
-0.00021
-0.00018
-0.00021
-0.00018
-0.00015
-0.00018
-0.00018
-0.00018
-0.00015
-0.00015
-0.00021
-0.00021
-0.00021
-0.00018
-0.00009
-0.00009
-0.00009
-0.00009
-0.00024
-0.00018
-0.00015
-0.00018
-0.00018
-0.00012
-0.00015
-0.00018
-0.00018
-0.00018
-0.00018
-0.00015
-0.00031
0.00000
-0.00012
-0.00012
-0.00018
-0.00024
-0.00018
-0.00024
-0.00027
-0.00021
-0.00018
-0.00015
-0.00015
-0.00021
-0.00021
-0.00018
-0.00015
-0.00018
-0.00021
-0.00021
-0.00024
-0.00024
-0.00027
-0.00021
-0.00015
-0.00018
-0.00021
-0.00021
-0.00027
-0.00027
-0.00027
-0.00021
-0.00018
-0.00021
-0.00018
-0.00021
-0.00024
-0.00024
-0.00024
-0.00024
-0.00027
-0.00034
-0.00031
-0.00021
-0.00021
-0.00024
-0.00021
-0.00024
-0.00018
-0.00015
-0.00021
-0.00021
-0.00034
-0.00034
-0.00031
-0.00027
-0.00021
-0.00024
-0.00027
-0.00031
-0.00031
-0.00034
-0.00031
-0.00024
-0.00027
-0.00031
-0.00018
-0.00018
-0.00034
-0.00024
-0.00021
-0.00027
-0.00031
-0.00031
-0.00034
-0.00034
-0.00037
-0.00034
-0.00034
-0.00034
-0.00034
-0.00034
-0.00027
-0.00024
-0.00027
-0.00031
-0.00031
-0.00034
-0.00034
-0.00031
-0.00031
-0.00031
-0.00037
-0.00021
-0.00024
-0.00031
-0.00018
-0.00024
-0.00031
-0.00031
-0.00034
-0.00037
-0.00031
-0.00031
-0.00034
-0.00031
-0.00027
-0.00024
-0.00024
-0.00024
-0.00027
-0.00034
-0.00034
-0.00031
-0.00031
-0.00031
-0.00040
-0.00040
-0.00031
-0.00034
-0.00034
-0.00037
-0.00034
-0.00031
-0.00027
-0.00037
-0.00040
-0.00040
-0.00037
-0.00037
-0.00034
-0.00031
-0.00031
-0.00034
-0.00037
-0.00034
-0.00031
-0.00031
-0.00034
-0.00031
-0.00027
-0.00027
-0.00027
-0.00024
-0.00027
-0.00031
-0.00031
-0.00031
-0.00034
-0.00040
-0.00040
-0.00037
-0.00034
-0.00027
-0.00003
0.00000
-0.00021
-0.00003
-0.00021
0.00018
-0.00076
-0.00391
-0.03204
-0.03860
-0.01514
-0.01297
-0.00247
0.01654
0.03235
0.02945
0.01471
0.00461
0.00333
0.00690
-0.00528
-0.01767
-0.00842
-0.00116
-0.00214
0.00458
0.00696
0.00223
0.00137
-0.00128
-0.00192
0.00406
0.00357
-0.00189
-0.00018
0.00330
-0.00055
-0.00177
0.00027
-0.00189
-0.00085
0.00122
-0.00061
-0.00104
0.00159
0.00226
0.00272
0.00412
0.00302
0.00095
0.00018
-0.00073
-0.00153
-0.00131
-0.00085
-0.00070
-0.00018
0.00070
0.00156
0.00085
0.00110
0.00171
0.00079
0.00006
0.00009
0.00046
0.00052
0.00003
-0.00006
-0.00043
-0.00082
-0.00110
-0.00131
0.00000
0.00064
0.00000
-0.00040
-0.00034
0.00000
0.00000
0.00031
0.00046
-0.00012
-0.00040
-0.00073
-0.00089
-0.00082
-0.00134
-0.00128
-0.00113
-0.00067
-0.00046
-0.00061
-0.00064
-0.00034
0.00137
0.00104
-0.00009
0.00000
0.00000
0.00000
0.00000
0.00000
0.00000
0.00000
0.00000
0.00000
0.00000
0.00000
0.00000
0.00000
0.00000
0.00000
0.00000
0.00000
0.00000
0.00000
0.00000
0.00000
0.00000
0.00000
0.00000
0.00000
0.00000
0.00000
0.00000
0.00000
0.00000
0.00000
0.00000
0.00000
0.00000
0.00000
0.00000
0.00000
0.00000
0.00000
0.00000
0.00000
0.00000
0.00000
0.00000
0.00000
0.00000
0.00000
0.00000
0.00000
0.00000
0.00000
0.00000
0.00000
0.00000
0.00000
0.00000
0.00000
0.00000
0.00000
0.00000
0.00000
0.00000
0.00000
0.00000
0.00000
0.00000
0.00000
0.00000
0.00000
0.00000
0.00000
0.00000
0.00000
0.00000
0.00000
0.00000
0.00000
0.00000
0.00000
0.00000
0.00000
0.00000
0.00000
0.00000
0.00000
0.00000
0.00000
0.00000
0.00000
0.00000
0.00000
0.00000
0.00000
0.00000
0.00000
0.00000
0.00000
0.00000
0.00000
0.00000
0.00000
0.00000
0.00000
0.00000
0.00000
0.00000
0.00000
0.00000
0.00000
0.00000
0.00000
0.00000
0.00000
0.00000
0.00000
0.00000
0.00000
0.00000
0.00000
0.00000
0.00000
0.00000
0.00000
0.00000
0.00000
0.00000
0.00000
0.00000
0.00000
0.00000
0.00000
0.00000
0.00000
0.00000
0.00000
0.00000
0.00000
0.00000
0.00000
0.00000
0.00000
0.00000
0.00000
0.00000
0.00000
0.00000
0.00000
0.00000
0.00000
0.00000
0.00000
0.00000
0.00000
0.00000
0.00000
0.00000
0.00000
0.00000
0.00000
0.00000
0.00000
0.00000
0.00000
0.00000
0.00000
0.00000
0.00000
0.00000
0.00000
0.00000
0.00000
0.00000
0.00000
0.00000
0.00000
0.00000
0.00000
0.00000
0.00000
0.00000
0.00000
0.00000
0.00000
0.00000
0.00000
0.00000
0.00000
0.00000
0.00000
0.00000
0.00000
0.00000
0.00000
0.00000
0.00000
0.00000
0.00000
0.00000
0.00000
0.00000
0.00000
0.00000
0.00000
0.00000
0.00000
0.00000
0.00000
0.00000
0.00000
0.00000
0.00000
0.00000
0.00000
0.00000
0.00000
0.00000
0.00000
0.00000
0.00000
0.00000
0.00000
0.00000
0.00000
0.00000
0.00000
0.00000
