-0.00024
-0.00031
-0.00034
-0.00031
-0.00027
-0.00021
-0.00018
-0.00021
-0.00021
-0.00024
-0.00027
-0.00027
-0.00027
-0.00024
-0.00024
-0.00024
-0.00024
-0.00024
-0.00024
-0.00024
-0.00024
-0.00027
-0.00031
-0.00027
-0.00027
-0.00027
-0.00027
-0.00027
-0.00024
-0.00027
-0.00024
-0.00024
-0.00024
-0.00031
-0.00052
-0.00015
-0.00031
-0.00031
-0.00027
-0.00031
-0.00024
-0.00027
-0.00031
-0.00031
-0.00031
-0.00031
-0.00027
-0.00024
-0.00024
-0.00027
-0.00027
-0.00034
-0.00037
-0.00040
-0.00040
-0.00034
-0.00031
-0.00027
-0.00027
-0.00027
-0.00027
-0.00034
-0.00034
-0.00031
-0.00040
-0.00037
-0.00034
-0.00037
-0.00034
-0.00034
-0.00027
-0.00031
-0.00034
-0.00034
-0.00031
-0.00034
-0.00040
-0.00037
-0.00034
-0.00034
-0.00031
-0.00031
-0.00031
-0.00037
-0.00037
-0.00034
-0.00037
-0.00037
-0.00037
-0.00034
-0.00034
-0.00034
-0.00031
-0.00031
-0.00034
-0.00034
-0.00034
-0.00031
-0.00031
-0.00034
-0.00034
-0.00034
-0.00040
-0.00037
-0.00034
-0.00031
-0.00031
-0.00031
-0.00027
-0.00027
-0.00034
-0.00031
-0.00031
-0.00034
-0.00031
-0.00031
-0.00031
-0.00031
-0.00034
-0.00034
-0.00034
-0.00034
-0.00034
-0.00031
-0.00027
-0.00031
-0.00031
-0.00027
-0.00027
-0.00027
-0.00027
-0.00024
-0.00024
-0.00027
-0.00031
-0.00034
-0.00037
-0.00034
-0.00031
-0.00031
-0.00027
-0.00027
-0.00024
-0.00024
-0.00024
-0.00027
-0.00031
-0.00034
-0.00034
-0.00031
-0.00024
-0.00027
-0.00031
-0.00024
-0.00024
-0.00027
-0.00031
-0.00031
-0.00031
-0.00034
-0.00027
-0.00021
-0.00015
-0.00018
-0.00021
-0.00024
-0.00027
-0.00034
-0.00034
-0.00034
-0.00031
-0.00027
-0.00024
-0.00024
-0.00021
-0.00024
-0.00031
-0.00031
-0.00027
-0.00031
-0.00027
-0.00027
-0.00018
-0.00037
0.00000
-0.00070
0.00018
-0.00137
0.00070
-0.00220
0.00040
-0.03757
-0.05325
-0.02875
-0.02887
0.02820
0.04431
0.04346
0.02713
0.00931
0.00482
0.00681
0.00262
-0.01981
-0.02328
-0.01736
-0.00900
0.00833
0.02277
0.00824
-0.00241
-0.00122
-0.00119
0.00317
0.00583
-0.00079
0.00064
0.00259
-0.00275
-0.00333
0.00049
-0.00040
-0.00211
0.00000
0.00015
0.00159
0.00159
0.00134
0.00339
0.00522
0.00186
-0.00064
-0.00092
-0.00015
0.00037
0.00040
-0.00107
-0.00082
-0.00049
0.00006
0.00092
0.00171
0.00070
0.00049
0.00211
0.00220
0.00153
0.00027
-0.00040
0.00064
0.00058
-0.00076
-0.00174
-0.00150
-0.00089
-0.00070
0.00040
0.00055
0.00061
0.00043
-0.00070
-0.00021
0.00043
0.00089
0.00034
-0.00058
-0.00082
-0.00125
-0.00110
-0.00165
-0.00156
-0.00031
-0.00018
0.00055
0.00040
0.00043
0.00070
-0.00015
-0.00061
-0.00073
-0.00101
-0.00122
-0.00113
-0.00131
-0.00125
-0.00186
-0.00018
-0.00052
-0.00150
-0.00046
-0.00150
-0.00027
-0.00027
-0.00143
-0.00128
-0.00067
-0.00070
-0.00058
0.00040
-0.00058
-0.00101
-0.00064
-0.00183
-0.00146
-0.00204
-0.00299
-0.00290
-0.00098
-0.00031
0.00012
0.00027
0.00061
0.00104
0.00186
0.00198
0.00211
0.00208
0.00055
-0.00119
-0.00201
-0.00284
-0.00305
-0.00244
-0.00220
-0.00189
-0.00159
-0.00076
0.00012
0.00089
0.00076
0.00015
-0.00021
-0.00031
-0.00024
-0.00012
-0.00021
-0.00061
-0.00082
-0.00070
-0.00052
-0.00049
-0.00067
-0.00082
-0.00076
-0.00055
-0.00015
0.00000
-0.00040
-0.00085
-0.00095
-0.00079
-0.00037
-0.00003
0.00000
0.00000
0.00000
0.00000
0.00000
0.00000
0.00000
0.00000
0.00000
0.00000
0.00000
0.00000
0.00000
0.00000
0.00000
0.00000
0.00000
0.00000
0.00000
0.00000
0.00000
0.00000
0.00000
0.00000
0.00000
0.00000
0.00000
0.00000
0.00000
0.00000
0.00000
0.00000
0.00000
0.00000
0.00000
0.00000
0.00000
0.00000
0.00000
0.00000
0.00000
0.00000
0.00000
0.00000
0.00000
0.00000
0.00000
0.00000
0.00000
0.00000
0.00000
0.00000
0.00000
0.00000
0.00000
0.00000
0.00000
0.00000
0.00000
0.00000
0.00000
0.00000
0.00000
0.00000
0.00000
0.00000
0.00000
0.00000
0.00000
0.00000
0.00000
0.00000
0.00000
0.00000
0.00000
0.00000
0.00000
0.00000
0.00000
0.00000
0.00000
0.00000
0.00000
0.00000
0.00000
0.00000
0.00000
0.00000
0.00000
0.00000
0.00000
0.00000
0.00000
0.00000
0.00000
0.00000
0.00000
0.00000
0.00000
0.00000
0.00000
0.00000
0.00000
0.00000
0.00000
0.00000
0.00000
0.00000
0.00000
0.00000
0.00000
0.00000
0.00000
0.00000
0.00000
0.00000
0.00000
0.00000
0.00000
0.00000
0.00000
0.00000
0.00000
0.00000
0.00000
0.00000
0.00000
0.00000
0.00000
0.00000
0.00000
0.00000
0.00000
0.00000
0.00000
0.00000
0.00000
0.00000
0.00000
0.00000
0.00000
0.00000
0.00000
0.00000
0.00000
0.00000
0.00000
0.00000
0.00000
0.00000
0.00000
0.00000
0.00000
0.00000
0.00000
0.00000
0.00000
0.00000
0.00000
