-0.00009
-0.00009
-0.00015
-0.00015
-0.00018
-0.00018
-0.00018
-0.00018
-0.00015
-0.00021
-0.00015
-0.00006
-0.00012
-0.00015
-0.00012
-0.00009
-0.00012
-0.00015
-0.00006
-0.00003
-0.00003
-0.00009
-0.00018
-0.00015
-0.00009
-0.00015
-0.00009
0.00000
-0.00006
-0.00015
-0.00015
-0.00021
-0.00021
-0.00012
-0.00034
0.00000
-0.00009
-0.00015
-0.00009
-0.00015
-0.00012
-0.00015
-0.00018
-0.00018
-0.00015
-0.00015
-0.00021
-0.00018
-0.00021
-0.00024
-0.00015
-0.00015
-0.00018
-0.00021
-0.00024
-0.00024
-0.00027
-0.00021
-0.00012
-0.00015
-0.00015
-0.00018
-0.00024
-0.00031
-0.00027
-0.00021
-0.00024
-0.00021
-0.00024
-0.00021
-0.00018
-0.00021
-0.00021
-0.00024
-0.00027
-0.00024
-0.00027
-0.00018
-0.00018
-0.00021
-0.00021
-0.00024
-0.00018
-0.00012
-0.00018
-0.00021
-0.00024
-0.00024
-0.00027
-0.00024
-0.00012
-0.00015
-0.00018
-0.00024
-0.00031
-0.00031
-0.00024
-0.00018
-0.00021
-0.00024
-0.00018
-0.00018
-0.00034
-0.00027
-0.00024
-0.00027
-0.00027
-0.00031
-0.00034
-0.00027
-0.00031
-0.00034
-0.00031
-0.00031
-0.00031
-0.00027
-0.00021
-0.00018
-0.00018
-0.00021
-0.00021
-0.00027
-0.00024
-0.00024
-0.00024
-0.00031
-0.00034
-0.00024
-0.00024
-0.00021
-0.00021
-0.00027
-0.00027
-0.00027
-0.00027
-0.00024
-0.00024
-0.00031
-0.00031
-0.00021
-0.00024
-0.00027
-0.00024
-0.00021
-0.00021
-0.00031
-0.00027
-0.00027
-0.00027
-0.00027
-0.00034
-0.00027
-0.00027
-0.00037
-0.00031
-0.00031
-0.00034
-0.00031
-0.00031
-0.00031
-0.00034
-0.00037
-0.00034
-0.00034
-0.00034
-0.00034
-0.00024
-0.00024
-0.00031
-0.00027
-0.00024
-0.00024
-0.00031
-0.00027
-0.00027
-0.00024
-0.00027
-0.00027
-0.00021
-0.00024
-0.00031
-0.00027
-0.00031
-0.00034
-0.00027
-0.00034
-0.00027
-0.00037
0.00000
-0.00021
0.00003
-0.00034
0.00024
-0.00049
-0.00034
-0.01413
-0.04260
-0.02737
-0.01221
-0.01053
0.00610
0.02490
0.03506
0.02353
0.00952
0.00235
0.00562
0.00369
-0.01346
-0.01590
-0.00348
-0.00171
0.00037
0.00745
0.00522
0.00156
0.00031
-0.00293
0.00034
0.00543
0.00076
-0.00223
0.00214
0.00198
-0.00165
-0.00049
0.00006
-0.00211
0.00000
0.00082
-0.00131
0.00003
0.00177
0.00162
0.00317
0.00430
0.00247
0.00079
0.00009
-0.00101
-0.00159
-0.00098
-0.00073
-0.00067
-0.00003
0.00101
0.00134
0.00079
0.00171
0.00162
0.00031
0.00006
0.00012
0.00049
0.00049
0.00012
-0.00003
-0.00061
-0.00089
-0.00131
-0.00098
0.00049
0.00034
-0.00018
-0.00034
-0.00021
0.00000
0.00015
0.00064
0.00040
-0.00034
-0.00058
-0.00104
-0.00079
-0.00095
-0.00131
-0.00110
-0.00104
-0.00031
-0.00037
-0.00040
-0.00046
0.00000
0.00000
0.00000
0.00000
0.00000
0.00000
0.00000
0.00000
0.00000
0.00000
0.00000
0.00000
0.00000
0.00000
0.00000
0.00000
0.00000
0.00000
0.00000
0.00000
0.00000
0.00000
0.00000
0.00000
0.00000
0.00000
0.00000
0.00000
0.00000
0.00000
0.00000
0.00000
0.00000
0.00000
0.00000
0.00000
0.00000
0.00000
0.00000
0.00000
0.00000
0.00000
0.00000
0.00000
0.00000
0.00000
0.00000
0.00000
0.00000
0.00000
0.00000
0.00000
0.00000
0.00000
0.00000
0.00000
0.00000
0.00000
0.00000
0.00000
0.00000
0.00000
0.00000
0.00000
0.00000
0.00000
0.00000
0.00000
0.00000
0.00000
0.00000
0.00000
0.00000
0.00000
0.00000
0.00000
0.00000
0.00000
0.00000
0.00000
0.00000
0.00000
0.00000
0.00000
0.00000
0.00000
0.00000
0.00000
0.00000
0.00000
0.00000
0.00000
0.00000
0.00000
0.00000
0.00000
0.00000
0.00000
0.00000
0.00000
0.00000
0.00000
0.00000
0.00000
0.00000
0.00000
0.00000
0.00000
0.00000
0.00000
0.00000
0.00000
0.00000
0.00000
0.00000
0.00000
0.00000
0.00000
0.00000
0.00000
0.00000
0.00000
0.00000
0.00000
0.00000
0.00000
0.00000
0.00000
0.00000
0.00000
0.00000
0.00000
0.00000
0.00000
0.00000
0.00000
0.00000
0.00000
0.00000
0.00000
0.00000
0.00000
0.00000
0.00000
0.00000
0.00000
0.00000
0.00000
0.00000
0.00000
0.00000
0.00000
0.00000
0.00000
0.00000
0.00000
0.00000
0.00000
0.00000
0.00000
0.00000
0.00000
0.00000
0.00000
0.00000
0.00000
0.00000
0.00000
0.00000
0.00000
0.00000
0.00000
0.00000
0.00000
0.00000
0.00000
0.00000
0.00000
0.00000
0.00000
0.00000
0.00000
0.00000
0.00000
0.00000
0.00000
0.00000
0.00000
0.00000
0.00000
0.00000
0.00000
0.00000
0.00000
0.00000
0.00000
0.00000
0.00000
0.00000
0.00000
0.00000
0.00000
0.00000
0.00000
0.00000
0.00000
0.00000
0.00000
0.00000
0.00000
0.00000
0.00000
0.00000
0.00000
0.00000
0.00000
0.00000
0.00000
0.00000
0.00000
0.00000
0.00000
0.00000
0.00000
0.00000
0.00000
0.00000
0.00000
0.00000
0.00000
