-0.00021
-0.00018
-0.00018
-0.00018
-0.00024
-0.00024
-0.00021
-0.00021
-0.00024
-0.00024
-0.00024
-0.00021
-0.00024
-0.00015
-0.00018
-0.00024
-0.00021
-0.00024
-0.00024
-0.00024
-0.00021
-0.00015
-0.00012
-0.00021
-0.00018
-0.00018
-0.00015
-0.00018
-0.00015
-0.00015
-0.00018
-0.00024
-0.00024
-0.00021
-0.00040
-0.00003
-0.00018
-0.00018
-0.00015
-0.00021
-0.00021
-0.00021
-0.00021
-0.00027
-0.00024
-0.00018
-0.00018
-0.00021
-0.00018
-0.00018
-0.00018
-0.00018
-0.00018
-0.00021
-0.00024
-0.00021
-0.00021
-0.00018
-0.00021
-0.00021
-0.00018
-0.00018
-0.00021
-0.00024
-0.00027
-0.00021
-0.00018
-0.00012
-0.00012
-0.00015
-0.00024
-0.00024
-0.00015
-0.00018
-0.00024
-0.00018
-0.00009
-0.00012
-0.00018
-0.00018
-0.00021
-0.00021
-0.00021
-0.00018
-0.00021
-0.00021
-0.00018
-0.00021
-0.00015
-0.00012
-0.00015
-0.00018
-0.00015
-0.00018
-0.00018
-0.00015
-0.00015
-0.00015
-0.00012
-0.00009
-0.00012
-0.00018
-0.00018
-0.00021
-0.00021
-0.00015
-0.00015
-0.00018
-0.00021
-0.00018
-0.00018
-0.00018
-0.00018
-0.00018
-0.00018
-0.00015
-0.00015
-0.00012
-0.00009
-0.00018
-0.00018
-0.00015
-0.00015
-0.00015
-0.00012
-0.00009
-0.00009
-0.00012
-0.00015
-0.00015
-0.00012
-0.00015
-0.00012
-0.00015
-0.00018
-0.00012
-0.00012
-0.00009
-0.00009
-0.00012
-0.00015
-0.00012
-0.00015
-0.00012
-0.00012
-0.00015
-0.00015
-0.00012
-0.00009
-0.00009
-0.00012
-0.00012
-0.00012
-0.00012
-0.00015
-0.00012
-0.00015
-0.00012
-0.00009
-0.00009
-0.00012
-0.00012
-0.00009
-0.00009
-0.00006
-0.00003
-0.00012
-0.00015
-0.00015
-0.00012
-0.00009
-0.00009
-0.00009
-0.00009
-0.00009
-0.00009
-0.00009
-0.00009
-0.00009
-0.00006
-0.00003
-0.00006
-0.00012
-0.00009
-0.00012
0.00003
0.00024
0.00015
0.00018
0.00000
-0.00006
-0.00037
0.00000
-0.00043
0.00024
-0.00067
-0.00064
-0.02066
-0.04013
-0.02005
-0.01254
-0.00290
0.01340
0.02417
0.02682
0.01474
0.00638
0.00406
0.00839
0.00052
-0.01602
-0.01196
-0.00253
-0.00049
0.00494
0.00708
0.00241
0.00223
0.00049
-0.00217
0.00308
0.00360
-0.00034
-0.00098
0.00165
-0.00052
-0.00143
0.00046
-0.00070
-0.00021
0.00174
0.00214
0.00204
0.00290
0.00232
0.00150
0.00137
0.00116
0.00079
0.00021
-0.00027
-0.00037
-0.00037
0.00040
0.00067
0.00018
-0.00009
0.00055
0.00101
0.00067
0.00183
0.00208
0.00092
0.00064
0.00037
0.00015
0.00037
0.00024
-0.00024
-0.00046
-0.00021
-0.00076
-0.00043
0.00049
0.00012
0.00006
0.00027
0.00006
0.00003
0.00049
0.00067
0.00015
-0.00006
0.00000
0.00000
0.00000
0.00000
0.00000
0.00000
0.00000
0.00000
0.00000
0.00000
0.00000
0.00000
0.00000
0.00000
0.00000
0.00000
0.00000
0.00000
0.00000
0.00000
0.00000
0.00000
0.00000
0.00000
0.00000
0.00000
0.00000
0.00000
0.00000
0.00000
0.00000
0.00000
0.00000
0.00000
0.00000
0.00000
0.00000
0.00000
0.00000
0.00000
0.00000
0.00000
0.00000
0.00000
0.00000
0.00000
0.00000
0.00000
0.00000
0.00000
0.00000
0.00000
0.00000
0.00000
0.00000
0.00000
0.00000
0.00000
0.00000
0.00000
0.00000
0.00000
0.00000
0.00000
0.00000
0.00000
0.00000
0.00000
0.00000
0.00000
0.00000
0.00000
0.00000
0.00000
0.00000
0.00000
0.00000
0.00000
0.00000
0.00000
0.00000
0.00000
0.00000
0.00000
0.00000
0.00000
0.00000
0.00000
0.00000
0.00000
0.00000
0.00000
0.00000
0.00000
0.00000
0.00000
0.00000
0.00000
0.00000
0.00000
0.00000
0.00000
0.00000
0.00000
0.00000
0.00000
0.00000
0.00000
0.00000
0.00000
0.00000
0.00000
0.00000
0.00000
0.00000
0.00000
0.00000
0.00000
0.00000
0.00000
0.00000
0.00000
0.00000
0.00000
0.00000
0.00000
0.00000
0.00000
0.00000
0.00000
0.00000
0.00000
0.00000
0.00000
0.00000
0.00000
0.00000
0.00000
0.00000
0.00000
0.00000
0.00000
0.00000
0.00000
0.00000
0.00000
0.00000
0.00000
0.00000
0.00000
0.00000
0.00000
0.00000
0.00000
0.00000
0.00000
0.00000
0.00000
0.00000
0.00000
0.00000
0.00000
0.00000
0.00000
0.00000
0.00000
0.00000
0.00000
0.00000
0.00000
0.00000
0.00000
0.00000
0.00000
0.00000
0.00000
0.00000
0.00000
0.00000
0.00000
0.00000
0.00000
0.00000
0.00000
0.00000
0.00000
0.00000
0.00000
0.00000
0.00000
0.00000
0.00000
0.00000
0.00000
0.00000
0.00000
0.00000
0.00000
0.00000
0.00000
0.00000
0.00000
0.00000
0.00000
0.00000
0.00000
0.00000
0.00000
0.00000
0.00000
0.00000
0.00000
0.00000
0.00000
0.00000
0.00000
0.00000
0.00000
0.00000
0.00000
0.00000
0.00000
0.00000
0.00000
0.00000
0.00000
0.00000
0.00000
0.00000
0.00000
0.00000
0.00000
0.00000
0.00000
0.00000
0.00000
0.00000
0.00000
0.00000
