-0.00021
-0.00024
-0.00031
-0.00034
-0.00037
-0.00040
-0.00037
-0.00031
-0.00031
-0.00034
-0.00031
-0.00027
-0.00037
-0.00037
-0.00034
-0.00031
-0.00031
-0.00031
-0.00027
-0.00031
-0.00034
-0.00037
-0.00040
-0.00037
-0.00037
-0.00034
-0.00027
-0.00027
-0.00024
-0.00024
-0.00024
-0.00027
-0.00037
-0.00034
-0.00046
-0.00034
-0.00034
-0.00031
-0.00024
-0.00034
-0.00034
-0.00034
-0.00034
-0.00037
-0.00034
-0.00031
-0.00024
-0.00027
-0.00034
-0.00031
-0.00034
-0.00037
-0.00037
-0.00034
-0.00031
-0.00034
-0.00027
-0.00024
-0.00024
-0.00027
-0.00024
-0.00037
-0.00031
-0.00037
-0.00037
-0.00031
-0.00034
-0.00031
-0.00027
-0.00024
-0.00021
-0.00021
-0.00024
-0.00031
-0.00034
-0.00034
-0.00031
-0.00027
-0.00031
-0.00024
-0.00021
-0.00027
-0.00024
-0.00027
-0.00034
-0.00034
-0.00034
-0.00027
-0.00031
-0.00027
-0.00024
-0.00027
-0.00027
-0.00027
-0.00031
-0.00021
-0.00021
-0.00024
-0.00024
-0.00021
-0.00024
-0.00024
-0.00021
-0.00024
-0.00034
-0.00034
-0.00027
-0.00031
-0.00031
-0.00027
-0.00024
-0.00021
-0.00021
-0.00018
-0.00018
-0.00021
-0.00024
-0.00024
-0.00024
-0.00024
-0.00024
-0.00024
-0.00024
-0.00024
-0.00024
-0.00021
-0.00018
-0.00021
-0.00021
-0.00015
-0.00018
-0.00021
-0.00021
-0.00024
-0.00031
-0.00027
-0.00024
-0.00021
-0.00018
-0.00015
-0.00009
-0.00012
-0.00015
-0.00024
-0.00027
-0.00024
-0.00027
-0.00024
-0.00024
-0.00024
-0.00021
-0.00024
-0.00021
-0.00018
-0.00015
-0.00018
-0.00021
-0.00015
-0.00018
-0.00018
-0.00021
-0.00024
-0.00021
-0.00024
-0.00018
-0.00021
-0.00018
-0.00018
-0.00021
-0.00018
-0.00024
-0.00024
-0.00021
-0.00021
-0.00018
-0.00018
-0.00015
-0.00015
-0.00015
-0.00009
-0.00040
0.00009
-0.00085
0.00085
-0.00201
0.00220
-0.00406
0.00079
-0.07037
-0.08032
-0.03275
-0.02509
0.05975
0.06656
0.07227
0.03271
0.00793
0.00140
0.00821
-0.00125
-0.04083
-0.04437
-0.02164
-0.00174
0.02319
0.03607
0.01147
-0.00226
-0.00403
-0.00314
0.00195
0.00623
-0.00168
-0.00119
0.00497
0.00058
-0.00186
0.00128
-0.00250
-0.00317
-0.00156
-0.00104
0.00073
0.00061
0.00174
0.00381
0.00775
0.00482
0.00119
-0.00113
-0.00153
-0.00168
-0.00003
-0.00107
-0.00037
-0.00037
-0.00018
0.00046
0.00287
0.00238
0.00131
0.00269
0.00250
0.00113
0.00000
-0.00003
0.00119
0.00052
-0.00061
-0.00250
-0.00256
-0.00125
-0.00058
0.00134
0.00101
0.00015
-0.00009
-0.00061
0.00098
0.00162
0.00183
0.00070
-0.00076
-0.00223
-0.00235
-0.00180
-0.00082
-0.00079
0.00040
0.00110
0.00040
0.00055
0.00116
0.00055
-0.00043
-0.00076
-0.00134
-0.00137
-0.00119
-0.00116
-0.00076
-0.00073
-0.00082
-0.00064
-0.00073
-0.00198
-0.00186
-0.00040
-0.00177
-0.00052
-0.00070
-0.00018
0.00165
0.00095
0.00031
0.00073
-0.00012
-0.00183
-0.00226
-0.00211
-0.00293
-0.00278
-0.00250
-0.00235
-0.00092
0.00012
-0.00067
-0.00040
0.00009
0.00101
0.00317
0.00342
0.00320
0.00299
0.00171
0.00031
-0.00073
-0.00171
-0.00226
-0.00317
-0.00320
-0.00311
-0.00241
-0.00162
-0.00079
0.00040
0.00116
0.00098
0.00055
0.00046
0.00058
0.00064
0.00058
0.00031
-0.00027
-0.00076
-0.00107
-0.00079
-0.00070
-0.00116
-0.00153
-0.00098
-0.00012
0.00015
0.00000
0.00000
0.00000
0.00000
0.00000
0.00000
0.00000
0.00000
0.00000
0.00000
0.00000
0.00000
0.00000
0.00000
0.00000
0.00000
0.00000
0.00000
0.00000
0.00000
0.00000
0.00000
0.00000
0.00000
0.00000
0.00000
0.00000
0.00000
0.00000
0.00000
0.00000
0.00000
0.00000
0.00000
0.00000
0.00000
0.00000
0.00000
0.00000
0.00000
0.00000
0.00000
0.00000
0.00000
0.00000
0.00000
0.00000
0.00000
0.00000
0.00000
0.00000
0.00000
0.00000
0.00000
0.00000
0.00000
0.00000
0.00000
0.00000
0.00000
0.00000
0.00000
0.00000
0.00000
0.00000
0.00000
0.00000
0.00000
0.00000
0.00000
0.00000
0.00000
0.00000
0.00000
0.00000
0.00000
0.00000
0.00000
0.00000
0.00000
0.00000
0.00000
0.00000
0.00000
0.00000
0.00000
0.00000
0.00000
0.00000
0.00000
0.00000
0.00000
0.00000
0.00000
0.00000
0.00000
0.00000
0.00000
0.00000
0.00000
0.00000
0.00000
0.00000
0.00000
0.00000
0.00000
0.00000
0.00000
0.00000
0.00000
0.00000
0.00000
0.00000
0.00000
0.00000
0.00000
0.00000
0.00000
0.00000
0.00000
0.00000
0.00000
0.00000
0.00000
0.00000
0.00000
0.00000
0.00000
0.00000
0.00000
0.00000
0.00000
0.00000
0.00000
0.00000
0.00000
0.00000
0.00000
0.00000
0.00000
0.00000
0.00000
0.00000
0.00000
0.00000
0.00000
0.00000
0.00000
0.00000
0.00000
0.00000
0.00000
0.00000
0.00000
0.00000
0.00000
0.00000
0.00000
0.00000
0.00000
0.00000
0.00000
0.00000
0.00000
0.00000
0.00000
0.00000
0.00000
