-0.00012
-0.00012
-0.00006
-0.00009
-0.00012
-0.00012
-0.00009
-0.00015
-0.00018
-0.00015
-0.00015
-0.00015
-0.00009
-0.00006
-0.00009
-0.00006
-0.00009
-0.00012
-0.00012
-0.00015
-0.00015
-0.00012
-0.00012
-0.00012
-0.00009
-0.00006
-0.00006
-0.00009
-0.00009
-0.00012
-0.00018
-0.00015
-0.00015
-0.00009
-0.00021
-0.00009
-0.00003
-0.00006
-0.00006
-0.00009
-0.00003
-0.00009
-0.00012
-0.00012
-0.00012
-0.00015
-0.00015
-0.00012
-0.00009
-0.00009
-0.00009
-0.00009
-0.00009
-0.00009
-0.00012
-0.00009
-0.00018
-0.00012
-0.00003
-0.00015
-0.00012
-0.00012
-0.00009
-0.00012
-0.00015
-0.00012
-0.00006
-0.00006
-0.00009
-0.00009
-0.00006
-0.00009
-0.00012
-0.00012
-0.00009
-0.00009
-0.00015
-0.00009
-0.00006
-0.00018
-0.00018
-0.00015
-0.00015
-0.00018
-0.00012
-0.00006
-0.00012
-0.00012
-0.00012
-0.00012
-0.00012
-0.00012
-0.00015
-0.00009
-0.00009
-0.00015
-0.00012
-0.00009
-0.00015
-0.00018
-0.00015
-0.00009
-0.00012
-0.00015
-0.00009
-0.00015
-0.00015
-0.00012
-0.00012
-0.00009
-0.00009
-0.00012
-0.00015
-0.00015
-0.00018
-0.00018
-0.00015
-0.00015
-0.00018
-0.00012
-0.00009
-0.00012
-0.00015
-0.00012
-0.00015
-0.00018
-0.00015
-0.00015
-0.00018
-0.00015
-0.00012
-0.00015
-0.00015
-0.00015
-0.00012
-0.00015
-0.00015
-0.00015
-0.00018
-0.00024
-0.00018
-0.00015
-0.00018
-0.00012
-0.00009
-0.00009
-0.00009
-0.00012
-0.00018
-0.00018
-0.00015
-0.00021
-0.00021
-0.00015
-0.00015
-0.00015
-0.00012
-0.00009
-0.00018
-0.00021
-0.00018
-0.00015
-0.00012
-0.00018
-0.00012
-0.00015
-0.00018
-0.00015
-0.00018
-0.00021
-0.00015
-0.00018
-0.00018
-0.00015
-0.00003
-0.00031
0.00009
-0.00067
0.00049
-0.00128
0.00122
-0.00232
-0.00223
-0.06744
-0.10120
-0.02100
-0.02814
0.00964
0.06821
0.08673
0.06979
0.01883
-0.00031
0.00250
0.01819
-0.02109
-0.05795
-0.02512
-0.00095
0.00143
0.02142
0.02429
0.00504
-0.00388
-0.00748
-0.00714
0.01224
0.01154
-0.00290
0.00110
0.01144
-0.00287
-0.00836
-0.00006
-0.00104
-0.00412
-0.00201
-0.00134
-0.00027
0.00833
0.00662
0.00281
0.00549
0.00424
-0.00150
-0.00140
-0.00012
-0.00241
-0.00372
-0.00119
-0.00098
-0.00037
0.00107
0.00168
0.00070
0.00195
0.00397
0.00235
0.00015
0.00012
-0.00006
-0.00037
-0.00040
0.00006
-0.00009
-0.00214
-0.00293
-0.00320
0.00098
0.00241
-0.00055
-0.00104
-0.00070
0.00104
0.00076
-0.00027
0.00113
-0.00006
-0.00110
-0.00119
-0.00134
0.00122
0.00018
-0.00098
-0.00015
-0.00021
-0.00092
-0.00183
-0.00101
-0.00040
-0.00116
-0.00064
-0.00085
-0.00076
-0.00067
-0.00137
-0.00143
-0.00110
-0.00092
-0.00201
-0.00192
-0.00137
-0.00226
-0.00259
0.00009
0.00140
-0.00119
0.00012
0.00095
0.00070
0.00296
0.00018
-0.00214
-0.00131
-0.00275
-0.00394
-0.00262
-0.00223
-0.00348
-0.00259
-0.00186
-0.00146
-0.00061
-0.00082
-0.00195
0.00015
0.00195
0.00143
0.00259
0.00223
0.00162
0.00269
0.00259
0.00177
0.00052
-0.00211
-0.00339
-0.00381
-0.00400
-0.00351
-0.00238
-0.00085
-0.00006
0.00031
0.00046
0.00052
0.00101
0.00143
0.00113
0.00079
0.00021
-0.00070
-0.00058
-0.00052
-0.00143
-0.00217
-0.00220
-0.00195
-0.00146
-0.00061
-0.00021
-0.00031
0.00000
0.00040
0.00076
0.00101
0.00046
-0.00040
-0.00067
-0.00070
-0.00089
-0.00067
-0.00040
-0.00027
-0.00034
-0.00021
-0.00003
0.00006
0.00046
0.00098
0.00116
0.00089
-0.00009
-0.00067
-0.00067
-0.00070
-0.00092
-0.00064
0.00037
0.00037
0.00043
0.00131
0.00131
0.00058
0.00012
-0.00024
-0.00058
-0.00092
-0.00122
-0.00076
0.00003
0.00055
0.00095
0.00116
0.00076
0.00043
0.00000
0.00000
0.00000
0.00000
0.00000
0.00000
0.00000
0.00000
0.00000
0.00000
0.00000
0.00000
0.00000
0.00000
0.00000
0.00000
0.00000
0.00000
0.00000
0.00000
0.00000
0.00000
0.00000
0.00000
0.00000
0.00000
0.00000
0.00000
0.00000
0.00000
0.00000
0.00000
0.00000
0.00000
0.00000
0.00000
0.00000
0.00000
0.00000
0.00000
0.00000
0.00000
0.00000
0.00000
0.00000
0.00000
0.00000
0.00000
0.00000
0.00000
0.00000
0.00000
0.00000
0.00000
0.00000
0.00000
0.00000
0.00000
0.00000
0.00000
0.00000
0.00000
0.00000
0.00000
0.00000
0.00000
0.00000
0.00000
0.00000
0.00000
0.00000
0.00000
0.00000
0.00000
0.00000
0.00000
0.00000
0.00000
0.00000
0.00000
0.00000
0.00000
0.00000
0.00000
0.00000
0.00000
0.00000
0.00000
0.00000
0.00000
0.00000
0.00000
0.00000
0.00000
0.00000
0.00000
0.00000
0.00000
0.00000
0.00000
0.00000
0.00000
0.00000
0.00000
0.00000
0.00000
0.00000
0.00000
0.00000
0.00000
0.00000
0.00000
0.00000
0.00000
0.00000
0.00000
0.00000
0.00000
0.00000
0.00000
0.00000
0.00000
0.00000
0.00000
0.00000
0.00000
