-0.00018
-0.00024
-0.00018
-0.00012
-0.00015
-0.00018
-0.00018
-0.00021
-0.00027
-0.00024
-0.00024
-0.00024
-0.00018
-0.00015
-0.00015
-0.00015
-0.00012
-0.00015
-0.00018
-0.00015
-0.00024
-0.00024
-0.00024
-0.00024
-0.00024
-0.00018
-0.00018
-0.00018
-0.00015
-0.00012
-0.00012
-0.00012
-0.00015
-0.00018
-0.00034
-0.00021
-0.00021
-0.00024
-0.00021
-0.00024
-0.00018
-0.00015
-0.00015
-0.00015
-0.00015
-0.00018
-0.00024
-0.00027
-0.00021
-0.00024
-0.00027
-0.00021
-0.00018
-0.00018
-0.00018
-0.00018
-0.00024
-0.00024
-0.00021
-0.00015
-0.00027
-0.00015
-0.00018
-0.00021
-0.00015
-0.00021
-0.00021
-0.00031
-0.00024
-0.00021
-0.00018
-0.00021
-0.00021
-0.00024
-0.00021
-0.00018
-0.00018
-0.00018
-0.00021
-0.00018
-0.00018
-0.00012
-0.00009
-0.00015
-0.00018
-0.00024
-0.00024
-0.00031
-0.00021
-0.00018
-0.00021
-0.00021
-0.00018
-0.00021
-0.00021
-0.00024
-0.00021
-0.00018
-0.00015
-0.00009
-0.00009
-0.00012
-0.00021
-0.00021
-0.00024
-0.00024
-0.00024
-0.00018
-0.00015
-0.00015
-0.00015
-0.00015
-0.00018
-0.00024
-0.00021
-0.00021
-0.00021
-0.00021
-0.00027
-0.00024
-0.00024
-0.00021
-0.00015
-0.00009
-0.00009
-0.00012
-0.00015
-0.00015
-0.00018
-0.00027
-0.00031
-0.00024
-0.00021
-0.00015
-0.00012
-0.00006
-0.00006
-0.00009
-0.00015
-0.00021
-0.00027
-0.00031
-0.00031
-0.00027
-0.00018
-0.00015
-0.00009
-0.00012
-0.00015
-0.00018
-0.00021
-0.00027
-0.00034
-0.00024
-0.00021
-0.00024
-0.00018
-0.00015
-0.00018
-0.00024
-0.00021
-0.00018
-0.00021
-0.00018
-0.00021
-0.00018
-0.00018
-0.00021
-0.00018
-0.00024
-0.00024
-0.00021
-0.00021
-0.00015
-0.00015
-0.00012
-0.00009
-0.00015
-0.00009
-0.00037
0.00012
-0.00095
0.00085
-0.00211
0.00223
-0.00424
0.00092
-0.07291
-0.08618
-0.03171
-0.02362
0.06003
0.06961
0.07578
0.03381
0.00745
0.00089
0.00858
0.00098
-0.04230
-0.04953
-0.02350
-0.00055
0.02292
0.03745
0.01221
-0.00131
-0.00366
-0.00357
0.00238
0.00607
-0.00125
-0.00259
0.00317
0.00153
-0.00195
0.00128
-0.00168
-0.00299
-0.00183
-0.00140
0.00085
0.00034
0.00165
0.00375
0.00674
0.00436
0.00168
-0.00116
-0.00171
-0.00214
-0.00055
-0.00104
0.00018
-0.00067
-0.00092
-0.00024
0.00232
0.00220
0.00180
0.00320
0.00238
0.00052
-0.00055
-0.00012
0.00125
0.00040
-0.00113
-0.00314
-0.00299
-0.00116
-0.00052
0.00146
0.00092
-0.00018
-0.00064
-0.00104
0.00098
0.00159
0.00165
0.00079
-0.00171
-0.00256
-0.00269
-0.00208
-0.00052
-0.00095
0.00110
0.00076
-0.00031
0.00012
0.00021
-0.00003
-0.00089
-0.00137
-0.00143
-0.00153
-0.00101
-0.00116
-0.00101
-0.00076
-0.00131
-0.00104
-0.00110
-0.00189
-0.00330
-0.00058
-0.00095
-0.00165
-0.00027
-0.00085
0.00113
0.00168
-0.00006
0.00046
-0.00031
-0.00195
-0.00299
-0.00259
-0.00281
-0.00354
-0.00275
-0.00256
-0.00171
-0.00021
-0.00061
-0.00128
-0.00018
0.00012
0.00235
0.00339
0.00290
0.00266
0.00195
0.00073
-0.00021
-0.00134
-0.00211
-0.00323
-0.00391
-0.00375
-0.00314
-0.00223
-0.00143
-0.00024
0.00070
0.00098
0.00055
0.00031
0.00046
0.00046
0.00043
0.00018
-0.00043
-0.00098
-0.00125
-0.00110
-0.00092
-0.00140
-0.00211
-0.00186
-0.00085
-0.00009
-0.00018
-0.00049
-0.00070
-0.00055
0.00000
0.00052
0.00067
0.00000
0.00000
0.00000
0.00000
0.00000
0.00000
0.00000
0.00000
0.00000
0.00000
0.00000
0.00000
0.00000
0.00000
0.00000
0.00000
0.00000
0.00000
0.00000
0.00000
0.00000
0.00000
0.00000
0.00000
0.00000
0.00000
0.00000
0.00000
0.00000
0.00000
0.00000
0.00000
0.00000
0.00000
0.00000
0.00000
0.00000
0.00000
0.00000
0.00000
0.00000
0.00000
0.00000
0.00000
0.00000
0.00000
0.00000
0.00000
0.00000
0.00000
0.00000
0.00000
0.00000
0.00000
0.00000
0.00000
0.00000
0.00000
0.00000
0.00000
0.00000
0.00000
0.00000
0.00000
0.00000
0.00000
0.00000
0.00000
0.00000
0.00000
0.00000
0.00000
0.00000
0.00000
0.00000
0.00000
0.00000
0.00000
0.00000
0.00000
0.00000
0.00000
0.00000
0.00000
0.00000
0.00000
0.00000
0.00000
0.00000
0.00000
0.00000
0.00000
0.00000
0.00000
0.00000
0.00000
0.00000
0.00000
0.00000
0.00000
0.00000
0.00000
0.00000
0.00000
0.00000
0.00000
0.00000
0.00000
0.00000
0.00000
0.00000
0.00000
0.00000
0.00000
0.00000
0.00000
0.00000
0.00000
0.00000
0.00000
0.00000
0.00000
0.00000
0.00000
0.00000
0.00000
0.00000
0.00000
0.00000
0.00000
0.00000
0.00000
0.00000
0.00000
0.00000
0.00000
0.00000
0.00000
0.00000
0.00000
0.00000
0.00000
0.00000
0.00000
0.00000
0.00000
0.00000
0.00000
0.00000
0.00000
0.00000
0.00000
0.00000
0.00000
0.00000
0.00000
0.00000
0.00000
0.00000
0.00000
0.00000
0.00000
