-0.00040
-0.00043
-0.00043
-0.00040
-0.00037
-0.00037
-0.00037
-0.00034
-0.00034
-0.00040
-0.00043
-0.00040
-0.00040
-0.00043
-0.00040
-0.00037
-0.00040
-0.00037
-0.00037
-0.00037
-0.00040
-0.00040
-0.00040
-0.00040
-0.00037
-0.00040
-0.00040
-0.00040
-0.00040
-0.00043
-0.00043
-0.00043
-0.00043
-0.00037
-0.00049
-0.00037
-0.00034
-0.00037
-0.00037
-0.00040
-0.00037
-0.00040
-0.00043
-0.00040
-0.00043
-0.00046
-0.00043
-0.00040
-0.00040
-0.00040
-0.00040
-0.00040
-0.00040
-0.00040
-0.00040
-0.00040
-0.00043
-0.00040
-0.00055
-0.00049
-0.00037
-0.00046
-0.00043
-0.00040
-0.00043
-0.00049
-0.00043
-0.00040
-0.00043
-0.00043
-0.00043
-0.00040
-0.00037
-0.00034
-0.00037
-0.00043
-0.00043
-0.00046
-0.00049
-0.00046
-0.00043
-0.00043
-0.00043
-0.00040
-0.00040
-0.00043
-0.00040
-0.00040
-0.00043
-0.00043
-0.00043
-0.00043
-0.00037
-0.00040
-0.00040
-0.00037
-0.00040
-0.00043
-0.00040
-0.00037
-0.00043
-0.00043
-0.00034
-0.00034
-0.00040
-0.00040
-0.00037
-0.00040
-0.00043
-0.00037
-0.00037
-0.00037
-0.00034
-0.00034
-0.00034
-0.00037
-0.00040
-0.00040
-0.00037
-0.00034
-0.00034
-0.00031
-0.00031
-0.00031
-0.00031
-0.00031
-0.00031
-0.00037
-0.00034
-0.00034
-0.00034
-0.00027
-0.00027
-0.00031
-0.00031
-0.00031
-0.00034
-0.00037
-0.00027
-0.00024
-0.00031
-0.00031
-0.00024
-0.00024
-0.00031
-0.00027
-0.00027
-0.00034
-0.00037
-0.00034
-0.00034
-0.00024
-0.00024
-0.00024
-0.00021
-0.00021
-0.00024
-0.00031
-0.00027
-0.00024
-0.00027
-0.00027
-0.00024
-0.00018
-0.00024
-0.00027
-0.00021
-0.00024
-0.00031
-0.00021
-0.00018
-0.00018
-0.00021
-0.00018
-0.00024
-0.00018
-0.00027
-0.00031
-0.00009
-0.00055
0.00027
-0.00110
0.00125
-0.00241
-0.00577
-0.09082
-0.10196
-0.01990
-0.00613
0.04941
0.09015
0.08530
0.03690
0.00323
-0.00269
0.01089
0.00809
-0.04916
-0.06207
-0.01889
0.00403
0.01697
0.03305
0.01724
-0.00476
0.00012
0.00079
0.00363
0.01093
0.00137
-0.00674
0.00116
0.00122
-0.00543
-0.00214
-0.00003
0.00015
-0.00137
0.00113
0.00143
-0.00095
0.00195
0.00549
0.00562
0.00397
0.00229
-0.00174
-0.00262
-0.00064
-0.00116
-0.00198
0.00085
-0.00073
-0.00235
0.00055
0.00302
0.00137
0.00192
0.00421
0.00293
0.00079
-0.00012
-0.00003
0.00119
0.00015
-0.00183
-0.00323
-0.00320
-0.00162
-0.00070
0.00110
0.00211
-0.00009
-0.00092
-0.00015
0.00113
0.00165
0.00198
0.00027
-0.00192
-0.00262
-0.00195
-0.00055
0.00000
0.00049
0.00079
0.00000
-0.00034
-0.00073
-0.00031
-0.00012
-0.00089
-0.00119
-0.00101
-0.00058
-0.00076
-0.00150
-0.00089
-0.00085
-0.00116
-0.00082
-0.00104
-0.00159
-0.00180
-0.00250
-0.00214
0.00092
0.00031
-0.00067
0.00055
0.00122
0.00165
0.00229
-0.00024
-0.00253
-0.00204
-0.00336
-0.00427
-0.00223
-0.00223
-0.00256
-0.00122
-0.00140
-0.00107
0.00024
-0.00067
-0.00061
0.00195
0.00378
0.00311
0.00266
0.00250
0.00156
0.00140
0.00110
-0.00079
-0.00159
-0.00278
-0.00473
-0.00400
-0.00302
-0.00229
-0.00079
0.00070
0.00128
0.00116
0.00092
0.00119
0.00146
0.00128
0.00073
0.00000
-0.00079
-0.00101
-0.00070
-0.00076
-0.00131
-0.00189
-0.00177
-0.00079
0.00009
-0.00009
-0.00034
-0.00021
0.00000
0.00000
0.00000
0.00000
0.00000
0.00000
0.00000
0.00000
0.00000
0.00000
0.00000
0.00000
0.00000
0.00000
0.00000
0.00000
0.00000
0.00000
0.00000
0.00000
0.00000
0.00000
0.00000
0.00000
0.00000
0.00000
0.00000
0.00000
0.00000
0.00000
0.00000
0.00000
0.00000
0.00000
0.00000
0.00000
0.00000
0.00000
0.00000
0.00000
0.00000
0.00000
0.00000
0.00000
0.00000
0.00000
0.00000
0.00000
0.00000
0.00000
0.00000
0.00000
0.00000
0.00000
0.00000
0.00000
0.00000
0.00000
0.00000
0.00000
0.00000
0.00000
0.00000
0.00000
0.00000
0.00000
0.00000
0.00000
0.00000
0.00000
0.00000
0.00000
0.00000
0.00000
0.00000
0.00000
0.00000
0.00000
0.00000
0.00000
0.00000
0.00000
0.00000
0.00000
0.00000
0.00000
0.00000
0.00000
0.00000
0.00000
0.00000
0.00000
0.00000
0.00000
0.00000
0.00000
0.00000
0.00000
0.00000
0.00000
0.00000
0.00000
0.00000
0.00000
0.00000
0.00000
0.00000
0.00000
0.00000
0.00000
0.00000
0.00000
0.00000
0.00000
0.00000
0.00000
0.00000
0.00000
0.00000
0.00000
0.00000
0.00000
0.00000
0.00000
0.00000
0.00000
0.00000
0.00000
0.00000
0.00000
0.00000
0.00000
0.00000
0.00000
0.00000
0.00000
0.00000
0.00000
0.00000
0.00000
0.00000
0.00000
0.00000
0.00000
0.00000
0.00000
0.00000
0.00000
0.00000
0.00000
0.00000
0.00000
0.00000
0.00000
0.00000
0.00000
0.00000
0.00000
0.00000
0.00000
0.00000
0.00000
0.00000
0.00000
0.00000
0.00000
0.00000
0.00000
