-0.00006
-0.00009
-0.00012
-0.00009
-0.00009
-0.00009
-0.00006
-0.00003
-0.00006
-0.00003
-0.00003
-0.00006
-0.00012
-0.00009
-0.00009
-0.00009
-0.00009
-0.00009
-0.00006
-0.00009
-0.00009
-0.00006
-0.00006
-0.00009
-0.00009
-0.00006
-0.00009
-0.00009
-0.00009
-0.00012
-0.00009
-0.00009
-0.00009
-0.00009
-0.00031
0.00000
-0.00015
-0.00015
-0.00012
-0.00018
-0.00015
-0.00012
-0.00012
-0.00012
-0.00009
-0.00012
-0.00015
-0.00015
-0.00015
-0.00015
-0.00018
-0.00015
-0.00012
-0.00012
-0.00012
-0.00012
-0.00009
-0.00009
-0.00015
-0.00018
-0.00018
-0.00018
-0.00024
-0.00018
-0.00012
-0.00012
-0.00018
-0.00012
-0.00015
-0.00021
-0.00018
-0.00018
-0.00018
-0.00021
-0.00021
-0.00021
-0.00021
-0.00018
-0.00018
-0.00018
-0.00018
-0.00021
-0.00018
-0.00015
-0.00018
-0.00021
-0.00021
-0.00021
-0.00024
-0.00024
-0.00021
-0.00021
-0.00021
-0.00021
-0.00021
-0.00021
-0.00024
-0.00024
-0.00027
-0.00027
-0.00027
-0.00021
-0.00021
-0.00021
-0.00021
-0.00021
-0.00021
-0.00024
-0.00024
-0.00024
-0.00024
-0.00031
-0.00027
-0.00024
-0.00024
-0.00024
-0.00024
-0.00021
-0.00024
-0.00027
-0.00024
-0.00024
-0.00024
-0.00027
-0.00024
-0.00027
-0.00031
-0.00027
-0.00027
-0.00031
-0.00027
-0.00027
-0.00031
-0.00027
-0.00027
-0.00027
-0.00024
-0.00027
-0.00031
-0.00031
-0.00031
-0.00031
-0.00031
-0.00027
-0.00027
-0.00027
-0.00027
-0.00024
-0.00027
-0.00027
-0.00027
-0.00031
-0.00027
-0.00024
-0.00024
-0.00024
-0.00027
-0.00031
-0.00031
-0.00031
-0.00031
-0.00031
-0.00027
-0.00027
-0.00024
-0.00021
-0.00021
-0.00027
-0.00031
-0.00031
-0.00037
-0.00037
-0.00034
-0.00031
-0.00027
-0.00027
-0.00027
-0.00027
-0.00031
-0.00027
-0.00027
-0.00031
-0.00031
-0.00034
-0.00027
-0.00034
-0.00003
0.00009
0.00012
-0.00018
-0.00024
-0.00058
-0.00040
-0.00031
-0.00021
-0.00702
-0.03360
-0.02756
-0.02701
-0.00967
0.01938
0.02332
0.02567
0.01370
0.00931
0.00674
0.00836
-0.00226
-0.01279
-0.01520
-0.01172
-0.00458
0.00809
0.01001
0.00232
0.00204
0.00122
0.00070
0.00342
0.00150
0.00034
0.00192
0.00021
-0.00204
-0.00070
0.00198
0.00119
0.00073
-0.00098
-0.00140
-0.00006
0.00055
0.00153
0.00345
0.00278
0.00110
0.00070
0.00079
0.00095
0.00015
-0.00134
-0.00204
-0.00082
0.00043
0.00101
0.00116
0.00131
0.00095
0.00116
0.00137
0.00064
0.00089
0.00034
-0.00067
0.00006
0.00018
-0.00031
-0.00089
-0.00070
-0.00024
0.00034
0.00024
-0.00049
-0.00070
-0.00055
-0.00058
0.00012
0.00076
0.00064
-0.00012
-0.00031
-0.00015
0.00000
-0.00043
-0.00153
-0.00156
-0.00116
-0.00107
-0.00085
-0.00070
-0.00024
-0.00006
-0.00012
0.00055
0.00049
-0.00140
-0.00003
-0.00058
-0.00146
-0.00052
-0.00162
-0.00079
-0.00052
-0.00140
-0.00168
-0.00089
-0.00095
-0.00171
-0.00098
-0.00092
-0.00089
-0.00040
-0.00064
-0.00070
-0.00049
-0.00122
-0.00217
-0.00146
-0.00143
-0.00116
-0.00085
-0.00107
-0.00076
0.00046
0.00000
0.00000
0.00000
0.00000
0.00000
0.00000
0.00000
0.00000
0.00000
0.00000
0.00000
0.00000
0.00000
0.00000
0.00000
0.00000
0.00000
0.00000
0.00000
0.00000
0.00000
0.00000
0.00000
0.00000
0.00000
0.00000
0.00000
0.00000
0.00000
0.00000
0.00000
0.00000
0.00000
0.00000
0.00000
0.00000
0.00000
0.00000
0.00000
0.00000
0.00000
0.00000
0.00000
0.00000
0.00000
0.00000
0.00000
0.00000
0.00000
0.00000
0.00000
0.00000
0.00000
0.00000
0.00000
0.00000
0.00000
0.00000
0.00000
0.00000
0.00000
0.00000
0.00000
0.00000
0.00000
0.00000
0.00000
0.00000
0.00000
0.00000
0.00000
0.00000
0.00000
0.00000
0.00000
0.00000
0.00000
0.00000
0.00000
0.00000
0.00000
0.00000
0.00000
0.00000
0.00000
0.00000
0.00000
0.00000
0.00000
0.00000
0.00000
0.00000
0.00000
0.00000
0.00000
0.00000
0.00000
0.00000
0.00000
0.00000
0.00000
0.00000
0.00000
0.00000
0.00000
0.00000
0.00000
0.00000
0.00000
0.00000
0.00000
0.00000
0.00000
0.00000
0.00000
0.00000
0.00000
0.00000
0.00000
0.00000
0.00000
0.00000
0.00000
0.00000
0.00000
0.00000
0.00000
0.00000
0.00000
0.00000
0.00000
0.00000
0.00000
0.00000
0.00000
0.00000
0.00000
0.00000
0.00000
0.00000
0.00000
0.00000
0.00000
0.00000
0.00000
0.00000
0.00000
0.00000
0.00000
0.00000
0.00000
0.00000
0.00000
0.00000
0.00000
0.00000
0.00000
0.00000
0.00000
0.00000
0.00000
0.00000
0.00000
0.00000
0.00000
0.00000
0.00000
0.00000
0.00000
0.00000
0.00000
0.00000
0.00000
0.00000
0.00000
0.00000
0.00000
0.00000
0.00000
0.00000
0.00000
0.00000
0.00000
0.00000
0.00000
0.00000
0.00000
0.00000
0.00000
0.00000
0.00000
0.00000
0.00000
0.00000
0.00000
0.00000
0.00000
0.00000
