-0.00006
-0.00006
-0.00006
-0.00006
-0.00006
-0.00006
-0.00009
-0.00009
-0.00006
-0.00006
-0.00006
-0.00009
-0.00009
-0.00009
-0.00003
-0.00003
-0.00006
-0.00006
-0.00006
-0.00009
-0.00009
-0.00009
-0.00012
-0.00009
-0.00009
-0.00009
-0.00009
-0.00006
-0.00009
-0.00009
-0.00009
-0.00009
-0.00006
-0.00009
-0.00009
-0.00006
-0.00009
-0.00009
-0.00006
-0.00009
-0.00006
-0.00009
-0.00009
-0.00009
-0.00009
-0.00012
-0.00009
-0.00009
-0.00006
-0.00009
-0.00006
-0.00006
-0.00006
-0.00009
-0.00009
-0.00012
-0.00009
-0.00006
-0.00009
-0.00012
-0.00009
-0.00009
-0.00012
-0.00012
-0.00006
-0.00009
-0.00009
-0.00009
-0.00006
-0.00009
-0.00009
-0.00006
-0.00003
-0.00006
-0.00006
-0.00012
-0.00012
-0.00009
-0.00009
-0.00012
-0.00009
-0.00006
-0.00009
-0.00009
-0.00006
-0.00009
-0.00012
-0.00009
-0.00009
-0.00009
-0.00009
-0.00006
-0.00006
-0.00009
-0.00009
-0.00009
-0.00009
-0.00015
-0.00012
-0.00009
-0.00012
-0.00012
-0.00009
-0.00006
-0.00009
-0.00012
-0.00012
-0.00009
-0.00009
-0.00009
-0.00006
-0.00003
-0.00009
-0.00012
-0.00009
-0.00009
-0.00012
-0.00009
-0.00006
-0.00006
-0.00006
-0.00006
-0.00006
-0.00006
-0.00012
-0.00006
-0.00006
-0.00012
-0.00009
-0.00009
-0.00006
-0.00006
-0.00009
-0.00012
-0.00012
-0.00012
-0.00012
-0.00009
-0.00006
-0.00006
-0.00003
-0.00003
-0.00009
-0.00012
-0.00012
-0.00012
-0.00015
-0.00009
-0.00009
-0.00009
-0.00009
-0.00012
-0.00012
-0.00012
-0.00009
-0.00012
-0.00012
-0.00006
-0.00009
-0.00012
-0.00009
-0.00012
-0.00012
-0.00009
-0.00012
-0.00012
-0.00012
-0.00015
-0.00015
-0.00015
-0.00012
-0.00012
-0.00009
-0.00009
-0.00009
-0.00012
-0.00012
-0.00015
-0.00015
-0.00012
-0.00012
-0.00012
-0.00015
-0.00018
-0.00009
-0.00015
-0.00015
-0.00012
-0.00012
-0.00009
-0.00015
-0.00012
-0.00024
-0.00006
-0.00037
0.00003
-0.00043
0.00046
-0.00079
0.00015
-0.01639
-0.03104
-0.02875
-0.02603
0.00415
0.02457
0.03030
0.01926
0.01178
0.00940
-0.00397
-0.01117
-0.01260
-0.00970
-0.00128
-0.00098
-0.00299
0.00159
0.00317
0.00467
0.00833
0.00870
0.00385
0.00174
0.00156
0.00076
0.00031
0.00076
-0.00058
0.00027
0.00201
0.00040
0.00021
0.00082
0.00018
-0.00040
0.00107
0.00183
0.00153
0.00198
0.00348
0.00320
0.00183
0.00076
-0.00049
-0.00122
-0.00070
-0.00064
0.00027
0.00024
0.00037
0.00092
0.00192
0.00232
0.00140
0.00137
0.00101
0.00107
0.00043
-0.00037
-0.00015
-0.00043
-0.00052
-0.00012
0.00040
0.00043
0.00034
0.00027
0.00049
0.00031
0.00015
-0.00015
0.00000
0.00031
0.00006
-0.00082
0.00000
0.00040
-0.00146
-0.00040
0.00027
-0.00031
-0.00024
0.00015
-0.00150
-0.00180
-0.00049
-0.00092
-0.00027
-0.00034
-0.00058
0.00018
0.00000
0.00000
0.00000
0.00000
0.00000
0.00000
0.00000
0.00000
0.00000
0.00000
0.00000
0.00000
0.00000
0.00000
0.00000
0.00000
0.00000
0.00000
0.00000
0.00000
0.00000
0.00000
0.00000
0.00000
0.00000
0.00000
0.00000
0.00000
0.00000
0.00000
0.00000
0.00000
0.00000
0.00000
0.00000
0.00000
0.00000
0.00000
0.00000
0.00000
0.00000
0.00000
0.00000
0.00000
0.00000
0.00000
0.00000
0.00000
0.00000
0.00000
0.00000
0.00000
0.00000
0.00000
0.00000
0.00000
0.00000
0.00000
0.00000
0.00000
0.00000
0.00000
0.00000
0.00000
0.00000
0.00000
0.00000
0.00000
0.00000
0.00000
0.00000
0.00000
0.00000
0.00000
0.00000
0.00000
0.00000
0.00000
0.00000
0.00000
0.00000
0.00000
0.00000
0.00000
0.00000
0.00000
0.00000
0.00000
0.00000
0.00000
0.00000
0.00000
0.00000
0.00000
0.00000
0.00000
0.00000
0.00000
0.00000
0.00000
0.00000
0.00000
0.00000
0.00000
0.00000
0.00000
0.00000
0.00000
0.00000
0.00000
0.00000
0.00000
0.00000
0.00000
0.00000
0.00000
0.00000
0.00000
0.00000
0.00000
0.00000
0.00000
0.00000
0.00000
0.00000
0.00000
0.00000
0.00000
0.00000
0.00000
0.00000
0.00000
0.00000
0.00000
0.00000
0.00000
0.00000
0.00000
0.00000
0.00000
0.00000
0.00000
0.00000
0.00000
0.00000
0.00000
0.00000
0.00000
0.00000
0.00000
0.00000
0.00000
0.00000
0.00000
0.00000
0.00000
0.00000
0.00000
0.00000
0.00000
0.00000
0.00000
0.00000
0.00000
0.00000
0.00000
0.00000
0.00000
0.00000
0.00000
0.00000
0.00000
0.00000
0.00000
0.00000
0.00000
0.00000
0.00000
0.00000
0.00000
0.00000
0.00000
0.00000
0.00000
0.00000
0.00000
0.00000
0.00000
0.00000
0.00000
0.00000
0.00000
0.00000
0.00000
0.00000
0.00000
0.00000
0.00000
0.00000
0.00000
0.00000
0.00000
0.00000
0.00000
0.00000
0.00000
0.00000
0.00000
0.00000
0.00000
0.00000
0.00000
0.00000
0.00000
0.00000
0.00000
0.00000
0.00000
0.00000
0.00000
