-0.00009
-0.00009
-0.00009
-0.00018
-0.00015
-0.00018
-0.00021
-0.00018
-0.00018
-0.00018
-0.00018
-0.00018
-0.00018
-0.00018
-0.00018
-0.00015
-0.00012
-0.00009
-0.00006
-0.00012
-0.00015
-0.00015
-0.00018
-0.00021
-0.00018
-0.00018
-0.00015
-0.00015
-0.00015
-0.00015
-0.00015
-0.00015
-0.00015
-0.00015
-0.00015
-0.00018
-0.00024
-0.00018
-0.00018
-0.00015
-0.00009
-0.00009
-0.00009
-0.00015
-0.00018
-0.00018
-0.00015
-0.00015
-0.00015
-0.00018
-0.00015
-0.00015
-0.00018
-0.00015
-0.00015
-0.00015
-0.00012
-0.00009
-0.00006
-0.00021
-0.00018
-0.00012
-0.00027
-0.00018
-0.00012
-0.00015
-0.00018
-0.00015
-0.00018
-0.00018
-0.00018
-0.00018
-0.00015
-0.00009
-0.00006
-0.00009
-0.00012
-0.00012
-0.00021
-0.00024
-0.00021
-0.00015
-0.00018
-0.00015
-0.00012
-0.00012
-0.00015
-0.00015
-0.00012
-0.00015
-0.00015
-0.00012
-0.00015
-0.00018
-0.00018
-0.00015
-0.00009
-0.00009
-0.00009
-0.00009
-0.00009
-0.00012
-0.00015
-0.00012
-0.00009
-0.00015
-0.00015
-0.00009
-0.00012
-0.00018
-0.00018
-0.00015
-0.00015
-0.00009
-0.00009
-0.00009
-0.00006
-0.00003
-0.00009
-0.00012
-0.00012
-0.00021
-0.00021
-0.00018
-0.00018
-0.00012
-0.00009
-0.00009
-0.00012
-0.00015
-0.00018
-0.00021
-0.00018
-0.00015
-0.00015
-0.00009
-0.00006
-0.00009
-0.00009
-0.00012
-0.00015
-0.00018
-0.00018
-0.00012
-0.00012
-0.00015
-0.00015
-0.00018
-0.00015
-0.00015
-0.00012
-0.00009
-0.00009
-0.00015
-0.00015
-0.00006
-0.00009
-0.00015
-0.00006
-0.00003
-0.00009
-0.00012
-0.00012
-0.00018
-0.00018
-0.00018
-0.00021
-0.00018
-0.00018
-0.00015
-0.00009
-0.00006
-0.00012
-0.00009
-0.00009
-0.00003
-0.00015
0.00009
-0.00037
0.00040
-0.00104
0.00095
-0.00201
0.00220
-0.00369
0.00360
-0.05057
-0.08875
-0.01660
-0.03534
-0.00714
0.03351
0.04175
0.04654
0.06818
0.04071
0.00641
-0.00583
-0.02808
-0.02655
-0.00644
-0.00043
-0.01575
0.01273
0.01553
-0.00269
0.01065
0.01257
-0.00421
0.00439
0.00565
-0.00488
-0.00046
0.00046
-0.00861
-0.00293
0.00473
-0.00293
-0.00186
0.00534
0.00366
-0.00031
0.00369
0.00351
0.00177
0.00104
0.00400
0.00262
0.00153
0.00143
-0.00085
-0.00235
-0.00177
-0.00302
-0.00458
-0.00247
0.00034
0.00055
0.00140
0.00500
0.00430
0.00226
0.00302
0.00253
0.00009
-0.00043
-0.00024
-0.00107
-0.00183
-0.00119
-0.00146
-0.00146
-0.00018
-0.00046
0.00006
0.00034
0.00043
-0.00015
0.00031
0.00140
0.00064
-0.00027
0.00000
-0.00076
-0.00143
-0.00150
-0.00150
-0.00156
-0.00162
-0.00180
-0.00064
-0.00073
-0.00052
0.00052
0.00055
0.00125
0.00046
0.00012
-0.00146
-0.00195
-0.00250
-0.00229
-0.00143
-0.00208
-0.00070
-0.00003
-0.00027
-0.00034
-0.00061
-0.00006
0.00003
0.00009
-0.00009
0.00003
0.00000
-0.00055
-0.00046
-0.00024
-0.00079
-0.00113
-0.00110
-0.00134
-0.00146
-0.00153
-0.00140
-0.00137
-0.00116
-0.00089
-0.00073
-0.00055
-0.00046
-0.00058
-0.00049
-0.00049
-0.00064
-0.00046
-0.00024
-0.00024
-0.00067
-0.00085
-0.00095
-0.00116
-0.00143
-0.00137
-0.00101
-0.00070
-0.00034
0.00006
0.00055
0.00073
0.00085
0.00092
0.00076
0.00040
-0.00012
-0.00043
-0.00055
-0.00095
-0.00122
-0.00104
-0.00082
-0.00076
-0.00070
-0.00052
-0.00067
-0.00073
-0.00049
-0.00037
-0.00049
-0.00089
-0.00076
-0.00061
-0.00073
-0.00067
-0.00061
-0.00040
0.00000
0.00000
0.00000
0.00000
0.00000
0.00000
0.00000
0.00000
0.00000
0.00000
0.00000
0.00000
0.00000
0.00000
0.00000
0.00000
0.00000
0.00000
0.00000
0.00000
0.00000
0.00000
0.00000
0.00000
0.00000
0.00000
0.00000
0.00000
0.00000
0.00000
0.00000
0.00000
0.00000
0.00000
0.00000
0.00000
0.00000
0.00000
0.00000
0.00000
0.00000
0.00000
0.00000
0.00000
0.00000
0.00000
0.00000
0.00000
0.00000
0.00000
0.00000
0.00000
0.00000
0.00000
0.00000
0.00000
0.00000
0.00000
0.00000
0.00000
0.00000
0.00000
0.00000
0.00000
0.00000
0.00000
0.00000
0.00000
0.00000
0.00000
0.00000
0.00000
0.00000
0.00000
0.00000
0.00000
0.00000
0.00000
0.00000
0.00000
0.00000
0.00000
0.00000
0.00000
0.00000
0.00000
0.00000
0.00000
0.00000
0.00000
0.00000
0.00000
0.00000
0.00000
0.00000
0.00000
0.00000
0.00000
0.00000
0.00000
0.00000
0.00000
0.00000
0.00000
0.00000
0.00000
0.00000
0.00000
0.00000
0.00000
0.00000
0.00000
0.00000
0.00000
0.00000
0.00000
0.00000
0.00000
0.00000
0.00000
0.00000
0.00000
0.00000
0.00000
0.00000
0.00000
0.00000
0.00000
0.00000
0.00000
0.00000
0.00000
0.00000
0.00000
0.00000
0.00000
0.00000
0.00000
0.00000
0.00000
0.00000
0.00000
0.00000
0.00000
0.00000
0.00000
0.00000
0.00000
0.00000
0.00000
0.00000
0.00000
0.00000
0.00000
0.00000
0.00000
