-0.00015
-0.00012
-0.00015
-0.00018
-0.00018
-0.00018
-0.00018
-0.00012
-0.00015
-0.00018
-0.00018
-0.00018
-0.00018
-0.00018
-0.00015
-0.00015
-0.00021
-0.00021
-0.00018
-0.00015
-0.00015
-0.00018
-0.00015
-0.00018
-0.00018
-0.00012
-0.00018
-0.00018
-0.00018
-0.00015
-0.00015
-0.00012
-0.00009
-0.00012
-0.00015
-0.00012
-0.00015
-0.00018
-0.00021
-0.00021
-0.00015
-0.00009
-0.00009
-0.00012
-0.00015
-0.00015
-0.00018
-0.00021
-0.00015
-0.00003
-0.00003
-0.00003
-0.00012
-0.00018
-0.00018
-0.00021
-0.00015
-0.00003
-0.00003
-0.00009
-0.00006
-0.00009
-0.00015
-0.00015
-0.00015
-0.00006
-0.00015
-0.00012
-0.00006
-0.00012
-0.00006
-0.00009
-0.00009
-0.00018
-0.00015
-0.00012
-0.00015
-0.00012
-0.00003
-0.00003
-0.00012
-0.00009
-0.00006
-0.00009
-0.00012
-0.00012
-0.00012
-0.00006
-0.00006
-0.00012
-0.00015
-0.00012
-0.00009
-0.00006
-0.00003
-0.00003
-0.00006
-0.00009
-0.00009
-0.00006
-0.00009
-0.00012
-0.00015
-0.00015
-0.00015
-0.00015
-0.00009
-0.00003
0.00000
0.00000
0.00000
0.00000
-0.00012
-0.00006
-0.00006
-0.00018
-0.00018
-0.00009
-0.00006
-0.00009
-0.00009
-0.00006
-0.00003
-0.00003
-0.00006
-0.00006
-0.00006
-0.00012
-0.00015
-0.00009
-0.00006
-0.00006
-0.00003
-0.00003
-0.00009
-0.00015
-0.00015
-0.00012
-0.00015
-0.00009
-0.00003
0.00000
0.00000
0.00000
-0.00003
-0.00009
-0.00009
-0.00009
-0.00006
-0.00009
-0.00003
0.00000
-0.00003
-0.00009
-0.00018
-0.00015
-0.00018
-0.00012
-0.00006
-0.00003
-0.00003
-0.00003
-0.00003
-0.00003
-0.00003
-0.00003
-0.00003
-0.00006
-0.00012
-0.00012
-0.00012
-0.00006
-0.00006
-0.00009
-0.00006
-0.00009
-0.00006
-0.00009
-0.00009
-0.00006
0.00000
-0.00003
0.00000
0.00000
0.00006
-0.00027
0.00021
-0.00092
0.00067
-0.00159
0.00165
-0.00259
0.00269
-0.03546
-0.06473
-0.04224
-0.04269
0.03253
0.06891
0.06528
0.02438
0.01755
0.00974
-0.01956
-0.02496
-0.02341
-0.00528
0.00693
0.00507
0.00150
0.01239
0.00024
-0.00830
0.00430
0.01010
-0.00253
-0.00229
0.00208
0.00150
0.00183
0.00143
-0.00385
-0.00168
0.00064
-0.00342
0.00006
0.00391
0.00311
0.00055
0.00473
0.00391
0.00143
0.00128
0.00452
0.00223
-0.00092
-0.00204
-0.00168
-0.00089
0.00095
0.00189
0.00061
-0.00037
-0.00058
0.00052
0.00275
0.00452
0.00256
0.00137
0.00125
0.00043
-0.00113
-0.00058
0.00085
0.00015
-0.00128
-0.00058
-0.00015
-0.00067
0.00000
0.00012
0.00085
0.00058
0.00076
0.00009
0.00021
0.00046
-0.00024
0.00012
0.00040
-0.00104
-0.00143
-0.00073
0.00021
-0.00034
-0.00140
-0.00064
-0.00195
-0.00027
-0.00012
0.00052
0.00076
0.00000
0.00000
0.00000
0.00000
0.00000
0.00000
0.00000
0.00000
0.00000
0.00000
0.00000
0.00000
0.00000
0.00000
0.00000
0.00000
0.00000
0.00000
0.00000
0.00000
0.00000
0.00000
0.00000
0.00000
0.00000
0.00000
0.00000
0.00000
0.00000
0.00000
0.00000
0.00000
0.00000
0.00000
0.00000
0.00000
0.00000
0.00000
0.00000
0.00000
0.00000
0.00000
0.00000
0.00000
0.00000
0.00000
0.00000
0.00000
0.00000
0.00000
0.00000
0.00000
0.00000
0.00000
0.00000
0.00000
0.00000
0.00000
0.00000
0.00000
0.00000
0.00000
0.00000
0.00000
0.00000
0.00000
0.00000
0.00000
0.00000
0.00000
0.00000
0.00000
0.00000
0.00000
0.00000
0.00000
0.00000
0.00000
0.00000
0.00000
0.00000
0.00000
0.00000
0.00000
0.00000
0.00000
0.00000
0.00000
0.00000
0.00000
0.00000
0.00000
0.00000
0.00000
0.00000
0.00000
0.00000
0.00000
0.00000
0.00000
0.00000
0.00000
0.00000
0.00000
0.00000
0.00000
0.00000
0.00000
0.00000
0.00000
0.00000
0.00000
0.00000
0.00000
0.00000
0.00000
0.00000
0.00000
0.00000
0.00000
0.00000
0.00000
0.00000
0.00000
0.00000
0.00000
0.00000
0.00000
0.00000
0.00000
0.00000
0.00000
0.00000
0.00000
0.00000
0.00000
0.00000
0.00000
0.00000
0.00000
0.00000
0.00000
0.00000
0.00000
0.00000
0.00000
0.00000
0.00000
0.00000
0.00000
0.00000
0.00000
0.00000
0.00000
0.00000
0.00000
0.00000
0.00000
0.00000
0.00000
0.00000
0.00000
0.00000
0.00000
0.00000
0.00000
0.00000
0.00000
0.00000
0.00000
0.00000
0.00000
0.00000
0.00000
0.00000
0.00000
0.00000
0.00000
0.00000
0.00000
0.00000
0.00000
0.00000
0.00000
0.00000
0.00000
0.00000
0.00000
0.00000
0.00000
0.00000
0.00000
0.00000
0.00000
0.00000
0.00000
0.00000
0.00000
0.00000
0.00000
0.00000
0.00000
0.00000
0.00000
0.00000
0.00000
0.00000
0.00000
0.00000
0.00000
0.00000
0.00000
0.00000
0.00000
0.00000
0.00000
0.00000
0.00000
0.00000
0.00000
0.00000
0.00000
0.00000
0.00000
0.00000
0.00000
0.00000
0.00000
0.00000
0.00000
