-0.00009
-0.00012
-0.00012
-0.00009
-0.00009
-0.00012
-0.00009
-0.00012
-0.00012
-0.00003
-0.00009
-0.00009
-0.00009
-0.00006
-0.00012
-0.00018
-0.00015
-0.00018
-0.00018
-0.00015
-0.00012
-0.00012
-0.00009
-0.00009
-0.00012
-0.00012
-0.00015
-0.00018
-0.00018
-0.00006
-0.00003
-0.00009
-0.00015
-0.00015
-0.00018
-0.00024
-0.00015
-0.00012
-0.00015
-0.00018
-0.00012
-0.00021
-0.00027
-0.00021
-0.00012
-0.00009
-0.00006
-0.00012
-0.00018
-0.00018
-0.00015
-0.00018
-0.00021
-0.00021
-0.00021
-0.00024
-0.00018
-0.00018
-0.00015
-0.00015
0.00000
-0.00012
-0.00012
-0.00015
-0.00031
-0.00018
-0.00031
-0.00027
-0.00031
-0.00012
-0.00003
-0.00006
-0.00009
-0.00015
-0.00021
-0.00021
-0.00018
-0.00018
-0.00018
-0.00015
-0.00012
-0.00015
-0.00015
-0.00018
-0.00024
-0.00021
-0.00021
-0.00021
-0.00018
-0.00006
-0.00009
-0.00021
-0.00015
-0.00012
-0.00018
-0.00021
-0.00021
-0.00018
-0.00018
-0.00015
-0.00012
-0.00015
-0.00015
-0.00012
-0.00006
-0.00012
-0.00021
-0.00031
-0.00027
-0.00018
-0.00024
-0.00018
-0.00006
0.00000
-0.00012
-0.00015
-0.00018
-0.00027
-0.00027
-0.00021
-0.00012
-0.00012
-0.00012
-0.00012
-0.00006
-0.00015
-0.00021
-0.00021
-0.00027
-0.00027
-0.00027
-0.00018
-0.00009
-0.00012
-0.00015
-0.00012
-0.00012
-0.00015
-0.00021
-0.00015
-0.00018
-0.00021
-0.00018
-0.00018
-0.00027
-0.00021
-0.00018
-0.00018
-0.00018
-0.00021
-0.00018
-0.00024
-0.00021
-0.00015
-0.00012
-0.00015
-0.00015
-0.00012
-0.00021
-0.00024
-0.00021
-0.00021
-0.00018
-0.00015
-0.00009
-0.00015
-0.00012
-0.00021
-0.00034
-0.00018
-0.00018
-0.00018
-0.00006
-0.00003
-0.00018
-0.00015
-0.00018
-0.00006
-0.00037
0.00012
-0.00079
0.00082
-0.00183
0.00217
-0.00363
0.00458
-0.00690
0.00845
-0.07541
-0.14502
-0.05438
-0.03668
0.11554
0.14136
0.10135
0.02524
0.01218
-0.00241
-0.06915
-0.05951
-0.03708
0.00290
0.03751
0.02426
-0.00055
0.01471
-0.00531
-0.01529
0.00992
0.01822
-0.01349
-0.00339
0.00772
0.00519
0.00528
0.00644
-0.00580
-0.00455
-0.00018
-0.01169
-0.00403
0.00381
0.00211
-0.00140
0.00848
0.00696
0.00323
0.00290
0.00613
-0.00226
-0.00610
-0.00583
-0.00284
-0.00122
0.00159
0.00281
0.00079
0.00046
0.00134
0.00201
0.00360
0.00674
0.00238
0.00034
0.00055
-0.00089
-0.00281
-0.00146
0.00095
-0.00168
-0.00278
-0.00064
-0.00101
-0.00067
0.00125
0.00095
0.00116
-0.00012
0.00018
-0.00021
0.00082
0.00137
0.00015
0.00015
-0.00055
-0.00296
-0.00244
-0.00165
-0.00018
-0.00082
-0.00174
-0.00104
-0.00180
-0.00082
-0.00031
0.00125
0.00067
-0.00052
0.00052
0.00070
-0.00031
0.00018
-0.00223
-0.00220
-0.00272
-0.00290
-0.00247
-0.00162
0.00015
0.00034
0.00150
0.00128
-0.00015
-0.00015
-0.00101
-0.00058
-0.00006
-0.00018
-0.00003
-0.00049
-0.00150
-0.00238
-0.00201
-0.00150
-0.00153
-0.00073
-0.00021
-0.00079
-0.00101
-0.00082
-0.00079
-0.00101
-0.00079
-0.00012
-0.00021
-0.00024
-0.00024
-0.00037
-0.00043
-0.00073
-0.00085
-0.00101
-0.00150
-0.00165
-0.00168
-0.00119
-0.00055
-0.00021
0.00043
0.00070
0.00073
0.00058
0.00067
0.00076
0.00024
-0.00015
-0.00064
-0.00098
-0.00098
-0.00098
-0.00092
-0.00092
-0.00085
-0.00070
-0.00043
-0.00012
-0.00037
-0.00067
-0.00061
-0.00079
-0.00098
-0.00079
-0.00027
0.00006
-0.00052
-0.00070
-0.00110
-0.00052
0.00000
0.00000
0.00000
0.00000
0.00000
0.00000
0.00000
0.00000
0.00000
0.00000
0.00000
0.00000
0.00000
0.00000
0.00000
0.00000
0.00000
0.00000
0.00000
0.00000
0.00000
0.00000
0.00000
0.00000
0.00000
0.00000
0.00000
0.00000
0.00000
0.00000
0.00000
0.00000
0.00000
0.00000
0.00000
0.00000
0.00000
0.00000
0.00000
0.00000
0.00000
0.00000
0.00000
0.00000
0.00000
0.00000
0.00000
0.00000
0.00000
0.00000
0.00000
0.00000
0.00000
0.00000
0.00000
0.00000
0.00000
0.00000
0.00000
0.00000
0.00000
0.00000
0.00000
0.00000
0.00000
0.00000
0.00000
0.00000
0.00000
0.00000
0.00000
0.00000
0.00000
0.00000
0.00000
0.00000
0.00000
0.00000
0.00000
0.00000
0.00000
0.00000
0.00000
0.00000
0.00000
0.00000
0.00000
0.00000
0.00000
0.00000
0.00000
0.00000
0.00000
0.00000
0.00000
0.00000
0.00000
0.00000
0.00000
0.00000
0.00000
0.00000
0.00000
0.00000
0.00000
0.00000
0.00000
0.00000
0.00000
0.00000
0.00000
0.00000
0.00000
0.00000
0.00000
0.00000
0.00000
0.00000
0.00000
0.00000
0.00000
0.00000
0.00000
0.00000
0.00000
0.00000
0.00000
0.00000
0.00000
0.00000
0.00000
0.00000
0.00000
0.00000
0.00000
0.00000
0.00000
0.00000
0.00000
0.00000
0.00000
0.00000
0.00000
0.00000
0.00000
0.00000
0.00000
0.00000
0.00000
0.00000
0.00000
0.00000
0.00000
0.00000
