-0.00034
-0.00031
-0.00027
-0.00027
-0.00027
-0.00024
-0.00021
-0.00024
-0.00031
-0.00027
-0.00031
-0.00034
-0.00031
-0.00031
-0.00031
-0.00027
-0.00027
-0.00024
-0.00024
-0.00024
-0.00027
-0.00037
-0.00037
-0.00034
-0.00027
-0.00024
-0.00024
-0.00024
-0.00027
-0.00031
-0.00027
-0.00024
-0.00027
-0.00027
-0.00024
-0.00027
-0.00034
-0.00024
-0.00027
-0.00031
-0.00027
-0.00027
-0.00031
-0.00027
-0.00027
-0.00024
-0.00018
-0.00024
-0.00027
-0.00024
-0.00018
-0.00027
-0.00034
-0.00027
-0.00027
-0.00031
-0.00024
-0.00018
-0.00021
-0.00021
-0.00024
-0.00027
-0.00027
-0.00027
-0.00027
-0.00018
-0.00015
-0.00018
-0.00021
-0.00021
-0.00024
-0.00027
-0.00021
-0.00015
-0.00018
-0.00024
-0.00024
-0.00024
-0.00031
-0.00031
-0.00027
-0.00027
-0.00024
-0.00024
-0.00018
-0.00015
-0.00018
-0.00021
-0.00021
-0.00018
-0.00024
-0.00021
-0.00018
-0.00024
-0.00027
-0.00021
-0.00015
-0.00018
-0.00018
-0.00015
-0.00018
-0.00018
-0.00018
-0.00021
-0.00021
-0.00024
-0.00021
-0.00012
-0.00009
-0.00012
-0.00015
-0.00018
-0.00018
-0.00021
-0.00021
-0.00015
-0.00015
-0.00015
-0.00018
-0.00018
-0.00018
-0.00018
-0.00015
-0.00012
-0.00012
-0.00012
-0.00009
-0.00012
-0.00015
-0.00021
-0.00021
-0.00018
-0.00018
-0.00015
-0.00012
-0.00015
-0.00018
-0.00018
-0.00018
-0.00015
-0.00015
-0.00012
-0.00009
-0.00009
-0.00009
-0.00009
-0.00012
-0.00018
-0.00018
-0.00015
-0.00012
-0.00009
-0.00006
-0.00009
-0.00006
-0.00003
-0.00009
-0.00009
-0.00009
-0.00015
-0.00009
-0.00009
-0.00012
-0.00006
-0.00006
-0.00009
-0.00006
-0.00006
-0.00012
-0.00003
-0.00006
-0.00012
-0.00009
-0.00006
-0.00009
-0.00006
-0.00003
-0.00006
-0.00006
-0.00003
-0.00015
-0.00015
-0.00009
-0.00018
-0.00009
-0.00003
-0.00003
0.00000
-0.00003
-0.00003
0.00000
-0.00003
-0.00009
-0.00009
-0.00006
-0.00009
-0.00009
-0.00009
-0.00012
-0.00006
0.00009
-0.00034
-0.00180
-0.01401
-0.02008
-0.02164
-0.02875
-0.01843
0.00095
0.01852
0.02383
0.02200
0.01746
0.01010
0.00446
-0.00391
-0.00623
-0.00500
-0.00330
-0.00098
0.00189
0.00125
-0.00186
-0.00015
0.00253
0.00391
0.00455
0.00400
0.00238
0.00174
0.00201
0.00134
0.00137
0.00198
0.00089
0.00006
0.00024
0.00015
0.00009
0.00067
0.00153
0.00217
0.00208
0.00284
0.00262
0.00192
0.00134
0.00055
-0.00015
-0.00076
-0.00058
-0.00076
-0.00009
0.00021
0.00040
0.00128
0.00247
0.00259
0.00208
0.00223
0.00153
0.00064
0.00040
0.00031
0.00000
-0.00015
-0.00021
-0.00018
-0.00027
-0.00037
-0.00037
-0.00037
0.00000
0.00000
0.00000
0.00000
0.00000
0.00000
0.00000
0.00000
0.00000
0.00000
0.00000
0.00000
0.00000
0.00000
0.00000
0.00000
0.00000
0.00000
0.00000
0.00000
0.00000
0.00000
0.00000
0.00000
0.00000
0.00000
0.00000
0.00000
0.00000
0.00000
0.00000
0.00000
0.00000
0.00000
0.00000
0.00000
0.00000
0.00000
0.00000
0.00000
0.00000
0.00000
0.00000
0.00000
0.00000
0.00000
0.00000
0.00000
0.00000
0.00000
0.00000
0.00000
0.00000
0.00000
0.00000
0.00000
0.00000
0.00000
0.00000
0.00000
0.00000
0.00000
0.00000
0.00000
0.00000
0.00000
0.00000
0.00000
0.00000
0.00000
0.00000
0.00000
0.00000
0.00000
0.00000
0.00000
0.00000
0.00000
0.00000
0.00000
0.00000
0.00000
0.00000
0.00000
0.00000
0.00000
0.00000
0.00000
0.00000
0.00000
0.00000
0.00000
0.00000
0.00000
0.00000
0.00000
0.00000
0.00000
0.00000
0.00000
0.00000
0.00000
0.00000
0.00000
0.00000
0.00000
0.00000
0.00000
0.00000
0.00000
0.00000
0.00000
0.00000
0.00000
0.00000
0.00000
0.00000
0.00000
0.00000
0.00000
0.00000
0.00000
0.00000
0.00000
0.00000
0.00000
0.00000
0.00000
0.00000
0.00000
0.00000
0.00000
0.00000
0.00000
0.00000
0.00000
0.00000
0.00000
0.00000
0.00000
0.00000
0.00000
0.00000
0.00000
0.00000
0.00000
0.00000
0.00000
0.00000
0.00000
0.00000
0.00000
0.00000
0.00000
0.00000
0.00000
0.00000
0.00000
0.00000
0.00000
0.00000
0.00000
0.00000
0.00000
0.00000
0.00000
0.00000
0.00000
0.00000
0.00000
0.00000
0.00000
0.00000
0.00000
0.00000
0.00000
0.00000
0.00000
0.00000
0.00000
0.00000
0.00000
0.00000
0.00000
0.00000
0.00000
0.00000
0.00000
0.00000
0.00000
0.00000
0.00000
0.00000
0.00000
0.00000
0.00000
0.00000
0.00000
0.00000
0.00000
0.00000
0.00000
0.00000
0.00000
0.00000
0.00000
0.00000
0.00000
0.00000
0.00000
0.00000
0.00000
0.00000
0.00000
0.00000
0.00000
0.00000
0.00000
0.00000
0.00000
0.00000
0.00000
0.00000
0.00000
0.00000
0.00000
0.00000
0.00000
0.00000
0.00000
0.00000
0.00000
0.00000
0.00000
0.00000
0.00000
0.00000
0.00000
0.00000
0.00000
