-0.00003
-0.00003
-0.00003
0.00000
0.00000
0.00000
-0.00003
-0.00006
-0.00006
-0.00003
-0.00006
0.00000
0.00000
0.00000
-0.00003
-0.00003
-0.00003
-0.00006
0.00000
0.00000
0.00000
0.00000
0.00000
-0.00003
-0.00003
-0.00003
0.00000
0.00000
0.00000
0.00000
0.00006
0.00003
0.00000
-0.00003
-0.00003
-0.00003
-0.00006
-0.00009
-0.00009
-0.00012
-0.00009
-0.00009
-0.00003
0.00000
0.00000
0.00000
0.00003
0.00000
0.00000
0.00000
0.00000
0.00003
0.00000
0.00000
0.00003
0.00000
-0.00003
-0.00003
-0.00003
-0.00009
-0.00009
0.00000
-0.00003
-0.00006
0.00000
0.00000
0.00000
0.00000
0.00000
0.00000
0.00000
0.00000
0.00000
0.00000
0.00000
-0.00003
0.00000
0.00003
0.00000
-0.00003
-0.00003
-0.00006
-0.00009
-0.00009
-0.00009
-0.00003
-0.00003
-0.00003
0.00000
0.00000
0.00000
0.00000
0.00000
0.00000
0.00000
-0.00003
-0.00009
-0.00009
-0.00009
-0.00009
-0.00009
-0.00009
-0.00009
-0.00003
0.00000
0.00003
0.00006
0.00006
0.00000
0.00000
-0.00003
-0.00009
-0.00006
-0.00009
-0.00006
0.00000
0.00000
0.00000
0.00000
0.00000
-0.00006
-0.00006
-0.00006
-0.00006
-0.00006
0.00000
0.00000
-0.00009
-0.00009
-0.00009
-0.00009
-0.00009
0.00000
0.00000
0.00000
0.00000
-0.00003
-0.00009
-0.00006
-0.00006
-0.00006
0.00000
0.00000
-0.00006
-0.00006
-0.00009
-0.00015
-0.00012
-0.00009
-0.00006
-0.00003
0.00000
0.00000
-0.00009
-0.00009
-0.00009
-0.00006
-0.00003
-0.00003
0.00000
0.00000
-0.00006
-0.00006
-0.00006
-0.00009
-0.00006
0.00000
-0.00006
-0.00006
-0.00003
-0.00006
-0.00006
-0.00003
-0.00003
-0.00003
-0.00003
-0.00009
-0.00012
-0.00009
-0.00006
-0.00015
-0.00012
-0.00003
-0.00018
-0.00009
-0.00003
-0.00006
-0.00003
-0.00003
-0.00006
0.00000
0.00000
-0.00006
-0.00009
-0.00003
-0.00006
-0.00024
-0.00012
-0.00018
0.00000
-0.00012
0.00027
-0.00067
-0.00034
-0.00894
-0.01935
-0.02966
-0.03763
-0.02087
0.00061
0.02200
0.02774
0.02542
0.02359
0.01480
0.00436
-0.00928
-0.01331
-0.00693
-0.00259
-0.00034
0.00156
0.00095
0.00000
0.00150
0.00330
0.00546
0.00507
0.00229
0.00046
0.00085
0.00159
0.00116
0.00180
0.00208
0.00070
-0.00024
-0.00070
-0.00061
0.00031
0.00055
0.00140
0.00229
0.00217
0.00262
0.00275
0.00235
0.00101
0.00009
-0.00098
-0.00140
-0.00104
-0.00085
-0.00006
0.00018
0.00055
0.00107
0.00186
0.00220
0.00201
0.00211
0.00134
0.00085
0.00040
-0.00018
-0.00031
-0.00043
-0.00049
-0.00058
-0.00061
-0.00079
-0.00085
-0.00098
-0.00058
0.00089
0.00061
0.00092
0.00137
0.00089
0.00079
0.00034
0.00000
0.00000
0.00000
0.00000
0.00000
0.00000
0.00000
0.00000
0.00000
0.00000
0.00000
0.00000
0.00000
0.00000
0.00000
0.00000
0.00000
0.00000
0.00000
0.00000
0.00000
0.00000
0.00000
0.00000
0.00000
0.00000
0.00000
0.00000
0.00000
0.00000
0.00000
0.00000
0.00000
0.00000
0.00000
0.00000
0.00000
0.00000
0.00000
0.00000
0.00000
0.00000
0.00000
0.00000
0.00000
0.00000
0.00000
0.00000
0.00000
0.00000
0.00000
0.00000
0.00000
0.00000
0.00000
0.00000
0.00000
0.00000
0.00000
0.00000
0.00000
0.00000
0.00000
0.00000
0.00000
0.00000
0.00000
0.00000
0.00000
0.00000
0.00000
0.00000
0.00000
0.00000
0.00000
0.00000
0.00000
0.00000
0.00000
0.00000
0.00000
0.00000
0.00000
0.00000
0.00000
0.00000
0.00000
0.00000
0.00000
0.00000
0.00000
0.00000
0.00000
0.00000
0.00000
0.00000
0.00000
0.00000
0.00000
0.00000
0.00000
0.00000
0.00000
0.00000
0.00000
0.00000
0.00000
0.00000
0.00000
0.00000
0.00000
0.00000
0.00000
0.00000
0.00000
0.00000
0.00000
0.00000
0.00000
0.00000
0.00000
0.00000
0.00000
0.00000
0.00000
0.00000
0.00000
0.00000
0.00000
0.00000
0.00000
0.00000
0.00000
0.00000
0.00000
0.00000
0.00000
0.00000
0.00000
0.00000
0.00000
0.00000
0.00000
0.00000
0.00000
0.00000
0.00000
0.00000
0.00000
0.00000
0.00000
0.00000
0.00000
0.00000
0.00000
0.00000
0.00000
0.00000
0.00000
0.00000
0.00000
0.00000
0.00000
0.00000
0.00000
0.00000
0.00000
0.00000
0.00000
0.00000
0.00000
0.00000
0.00000
0.00000
0.00000
0.00000
0.00000
0.00000
0.00000
0.00000
0.00000
0.00000
0.00000
0.00000
0.00000
0.00000
0.00000
0.00000
0.00000
0.00000
0.00000
0.00000
0.00000
0.00000
0.00000
0.00000
0.00000
0.00000
0.00000
0.00000
0.00000
0.00000
0.00000
0.00000
0.00000
0.00000
0.00000
0.00000
0.00000
0.00000
0.00000
0.00000
0.00000
0.00000
0.00000
0.00000
0.00000
0.00000
0.00000
0.00000
0.00000
0.00000
0.00000
0.00000
0.00000
0.00000
0.00000
0.00000
0.00000
0.00000
0.00000
