-0.00024
-0.00021
-0.00024
-0.00024
-0.00024
-0.00027
-0.00024
-0.00021
-0.00018
-0.00018
-0.00021
-0.00027
-0.00031
-0.00031
-0.00027
-0.00031
-0.00031
-0.00027
-0.00031
-0.00031
-0.00027
-0.00031
-0.00027
-0.00018
-0.00024
-0.00031
-0.00021
-0.00021
-0.00024
-0.00021
-0.00018
-0.00024
-0.00031
-0.00027
-0.00034
-0.00037
-0.00034
-0.00027
-0.00031
-0.00031
-0.00027
-0.00031
-0.00024
-0.00018
-0.00021
-0.00027
-0.00024
-0.00027
-0.00037
-0.00034
-0.00034
-0.00031
-0.00037
-0.00031
-0.00031
-0.00037
-0.00034
-0.00015
-0.00037
-0.00031
-0.00021
-0.00037
-0.00031
-0.00037
-0.00043
-0.00040
-0.00024
-0.00027
-0.00027
-0.00024
-0.00024
-0.00024
-0.00034
-0.00027
-0.00031
-0.00037
-0.00031
-0.00034
-0.00043
-0.00043
-0.00037
-0.00040
-0.00037
-0.00031
-0.00024
-0.00024
-0.00018
-0.00024
-0.00037
-0.00034
-0.00031
-0.00031
-0.00027
-0.00024
-0.00027
-0.00031
-0.00024
-0.00031
-0.00043
-0.00043
-0.00040
-0.00037
-0.00034
-0.00024
-0.00031
-0.00034
-0.00024
-0.00027
-0.00031
-0.00031
-0.00031
-0.00037
-0.00027
-0.00021
-0.00027
-0.00024
-0.00027
-0.00034
-0.00040
-0.00034
-0.00031
-0.00027
-0.00024
-0.00021
-0.00021
-0.00027
-0.00034
-0.00037
-0.00040
-0.00037
-0.00037
-0.00027
-0.00024
-0.00031
-0.00031
-0.00027
-0.00027
-0.00024
-0.00024
-0.00027
-0.00015
-0.00027
-0.00027
-0.00024
-0.00024
-0.00031
-0.00034
-0.00021
-0.00027
-0.00031
-0.00031
-0.00027
-0.00034
-0.00034
-0.00021
-0.00024
-0.00024
-0.00024
-0.00024
-0.00021
-0.00024
-0.00021
-0.00024
-0.00024
-0.00027
-0.00034
-0.00037
-0.00040
-0.00031
-0.00024
-0.00021
-0.00018
-0.00018
-0.00024
-0.00024
-0.00031
-0.00012
-0.00067
0.00049
-0.00153
0.00156
-0.00320
0.00397
-0.00650
0.00415
-0.11838
-0.18045
-0.03094
0.02890
0.11978
0.12994
0.09857
0.03879
0.02545
-0.02347
-0.07336
-0.04993
-0.03677
0.00171
0.03604
0.01846
-0.01486
0.00128
0.00641
-0.00381
0.02567
0.01859
-0.01840
-0.00534
0.00864
0.00305
0.00583
0.00925
-0.00537
-0.00574
-0.00290
-0.01123
-0.00751
0.00159
0.00281
0.00076
0.00797
0.00797
0.00659
0.00583
0.00635
-0.00122
-0.00775
-0.00806
-0.00443
-0.00211
0.00137
0.00092
-0.00089
-0.00046
0.00320
0.00400
0.00372
0.00595
0.00351
-0.00070
-0.00046
-0.00034
-0.00159
-0.00235
-0.00159
-0.00180
-0.00244
-0.00174
-0.00153
-0.00131
0.00058
0.00131
0.00220
0.00089
0.00076
-0.00052
-0.00031
0.00146
0.00095
-0.00070
-0.00153
-0.00262
-0.00256
-0.00223
-0.00082
-0.00171
-0.00201
-0.00125
-0.00137
-0.00040
0.00018
0.00006
0.00079
0.00076
0.00052
-0.00064
-0.00125
-0.00156
-0.00247
-0.00189
-0.00235
-0.00198
-0.00201
-0.00076
-0.00003
-0.00012
0.00034
0.00095
0.00037
-0.00046
-0.00064
-0.00027
0.00000
-0.00037
-0.00079
-0.00104
-0.00192
-0.00238
-0.00217
-0.00125
-0.00107
-0.00104
-0.00043
-0.00067
-0.00116
-0.00101
-0.00089
-0.00067
-0.00040
-0.00003
-0.00037
-0.00055
-0.00052
-0.00067
-0.00046
-0.00052
-0.00092
-0.00140
-0.00180
-0.00201
-0.00217
-0.00125
-0.00006
0.00043
0.00058
0.00085
0.00119
0.00125
0.00143
0.00101
0.00018
-0.00049
-0.00125
-0.00140
-0.00110
-0.00110
-0.00131
-0.00116
-0.00076
-0.00058
-0.00031
0.00009
0.00000
-0.00006
0.00000
-0.00009
-0.00040
-0.00113
-0.00143
-0.00140
-0.00058
-0.00049
-0.00092
-0.00098
-0.00043
0.00000
0.00000
0.00000
0.00000
0.00000
0.00000
0.00000
0.00000
0.00000
0.00000
0.00000
0.00000
0.00000
0.00000
0.00000
0.00000
0.00000
0.00000
0.00000
0.00000
0.00000
0.00000
0.00000
0.00000
0.00000
0.00000
0.00000
0.00000
0.00000
0.00000
0.00000
0.00000
0.00000
0.00000
0.00000
0.00000
0.00000
0.00000
0.00000
0.00000
0.00000
0.00000
0.00000
0.00000
0.00000
0.00000
0.00000
0.00000
0.00000
0.00000
0.00000
0.00000
0.00000
0.00000
0.00000
0.00000
0.00000
0.00000
0.00000
0.00000
0.00000
0.00000
0.00000
0.00000
0.00000
0.00000
0.00000
0.00000
0.00000
0.00000
0.00000
0.00000
0.00000
0.00000
0.00000
0.00000
0.00000
0.00000
0.00000
0.00000
0.00000
0.00000
0.00000
0.00000
0.00000
0.00000
0.00000
0.00000
0.00000
0.00000
0.00000
0.00000
0.00000
0.00000
0.00000
0.00000
0.00000
0.00000
0.00000
0.00000
0.00000
0.00000
0.00000
0.00000
0.00000
0.00000
0.00000
0.00000
0.00000
0.00000
0.00000
0.00000
0.00000
0.00000
0.00000
0.00000
0.00000
0.00000
0.00000
0.00000
0.00000
0.00000
0.00000
0.00000
0.00000
0.00000
0.00000
0.00000
0.00000
0.00000
0.00000
0.00000
0.00000
0.00000
0.00000
0.00000
0.00000
0.00000
0.00000
0.00000
0.00000
0.00000
0.00000
0.00000
0.00000
0.00000
0.00000
0.00000
0.00000
0.00000
0.00000
0.00000
0.00000
0.00000
0.00000
0.00000
