-0.00034
-0.00031
-0.00021
-0.00018
-0.00015
-0.00015
-0.00021
-0.00027
-0.00031
-0.00027
-0.00027
-0.00024
-0.00021
-0.00021
-0.00024
-0.00021
-0.00018
-0.00021
-0.00024
-0.00027
-0.00031
-0.00027
-0.00027
-0.00024
-0.00027
-0.00024
-0.00031
-0.00034
-0.00034
-0.00031
-0.00031
-0.00027
-0.00021
-0.00021
-0.00027
-0.00024
-0.00027
-0.00031
-0.00024
-0.00024
-0.00024
-0.00027
-0.00031
-0.00034
-0.00031
-0.00027
-0.00024
-0.00024
-0.00024
-0.00031
-0.00031
-0.00027
-0.00031
-0.00034
-0.00031
-0.00027
-0.00027
-0.00027
-0.00024
-0.00024
-0.00027
-0.00034
-0.00027
-0.00024
-0.00024
-0.00024
-0.00034
-0.00037
-0.00034
-0.00034
-0.00027
-0.00031
-0.00024
-0.00024
-0.00021
-0.00021
-0.00027
-0.00027
-0.00037
-0.00037
-0.00027
-0.00027
-0.00034
-0.00031
-0.00027
-0.00027
-0.00027
-0.00027
-0.00031
-0.00027
-0.00027
-0.00034
-0.00034
-0.00034
-0.00034
-0.00031
-0.00024
-0.00024
-0.00024
-0.00015
-0.00012
-0.00021
-0.00027
-0.00034
-0.00040
-0.00037
-0.00037
-0.00031
-0.00024
-0.00021
-0.00021
-0.00024
-0.00027
-0.00031
-0.00027
-0.00027
-0.00024
-0.00027
-0.00024
-0.00021
-0.00027
-0.00024
-0.00024
-0.00021
-0.00027
-0.00027
-0.00024
-0.00027
-0.00024
-0.00018
-0.00018
-0.00021
-0.00021
-0.00024
-0.00027
-0.00024
-0.00027
-0.00031
-0.00031
-0.00024
-0.00027
-0.00024
-0.00018
-0.00018
-0.00021
-0.00021
-0.00024
-0.00027
-0.00027
-0.00024
-0.00027
-0.00031
-0.00027
-0.00027
-0.00024
-0.00015
-0.00015
-0.00018
-0.00015
-0.00015
-0.00021
-0.00021
-0.00018
-0.00021
-0.00024
-0.00024
-0.00024
-0.00027
-0.00034
-0.00034
-0.00031
-0.00024
-0.00027
-0.00021
-0.00015
-0.00018
-0.00018
-0.00015
-0.00018
-0.00021
-0.00021
-0.00031
-0.00024
-0.00027
-0.00024
-0.00018
-0.00015
-0.00018
-0.00024
-0.00027
-0.00034
-0.00027
-0.00040
0.00000
-0.00052
0.00046
-0.00101
-0.00101
-0.02689
-0.03574
-0.03317
-0.02454
0.01721
0.03482
0.03635
0.01849
0.01199
0.00641
-0.00693
-0.01318
-0.01306
-0.00562
0.00317
0.00110
-0.00192
-0.00012
-0.00406
-0.00388
0.00351
0.00671
0.00446
0.00446
0.00427
0.00366
0.00296
0.00229
-0.00070
-0.00043
-0.00018
-0.00168
0.00049
0.00198
0.00024
-0.00085
0.00119
0.00189
0.00214
0.00311
0.00372
0.00125
0.00009
0.00021
0.00070
0.00079
0.00021
-0.00095
-0.00073
-0.00107
-0.00024
0.00128
0.00232
0.00290
0.00220
0.00183
0.00085
0.00064
-0.00012
-0.00021
0.00061
-0.00027
-0.00082
-0.00052
-0.00061
-0.00052
0.00015
0.00064
0.00067
0.00037
0.00031
0.00021
0.00073
0.00079
0.00009
-0.00009
-0.00037
-0.00159
-0.00107
0.00021
-0.00076
-0.00076
-0.00018
-0.00076
0.00003
0.00015
-0.00089
-0.00128
-0.00052
-0.00082
-0.00046
0.00034
-0.00052
-0.00003
0.00000
-0.00113
-0.00143
-0.00143
-0.00128
-0.00140
-0.00092
-0.00082
-0.00082
0.00003
0.00006
0.00009
0.00027
-0.00003
-0.00003
0.00000
0.00000
0.00000
0.00000
0.00000
0.00000
0.00000
0.00000
0.00000
0.00000
0.00000
0.00000
0.00000
0.00000
0.00000
0.00000
0.00000
0.00000
0.00000
0.00000
0.00000
0.00000
0.00000
0.00000
0.00000
0.00000
0.00000
0.00000
0.00000
0.00000
0.00000
0.00000
0.00000
0.00000
0.00000
0.00000
0.00000
0.00000
0.00000
0.00000
0.00000
0.00000
0.00000
0.00000
0.00000
0.00000
0.00000
0.00000
0.00000
0.00000
0.00000
0.00000
0.00000
0.00000
0.00000
0.00000
0.00000
0.00000
0.00000
0.00000
0.00000
0.00000
0.00000
0.00000
0.00000
0.00000
0.00000
0.00000
0.00000
0.00000
0.00000
0.00000
0.00000
0.00000
0.00000
0.00000
0.00000
0.00000
0.00000
0.00000
0.00000
0.00000
0.00000
0.00000
0.00000
0.00000
0.00000
0.00000
0.00000
0.00000
0.00000
0.00000
0.00000
0.00000
0.00000
0.00000
0.00000
0.00000
0.00000
0.00000
0.00000
0.00000
0.00000
0.00000
0.00000
0.00000
0.00000
0.00000
0.00000
0.00000
0.00000
0.00000
0.00000
0.00000
0.00000
0.00000
0.00000
0.00000
0.00000
0.00000
0.00000
0.00000
0.00000
0.00000
0.00000
0.00000
0.00000
0.00000
0.00000
0.00000
0.00000
0.00000
0.00000
0.00000
0.00000
0.00000
0.00000
0.00000
0.00000
0.00000
0.00000
0.00000
0.00000
0.00000
0.00000
0.00000
0.00000
0.00000
0.00000
0.00000
0.00000
0.00000
0.00000
0.00000
0.00000
0.00000
0.00000
0.00000
0.00000
0.00000
0.00000
0.00000
0.00000
0.00000
0.00000
0.00000
0.00000
0.00000
0.00000
0.00000
0.00000
0.00000
0.00000
0.00000
0.00000
0.00000
0.00000
0.00000
0.00000
0.00000
0.00000
0.00000
0.00000
0.00000
0.00000
0.00000
0.00000
0.00000
0.00000
0.00000
0.00000
0.00000
0.00000
0.00000
0.00000
0.00000
0.00000
0.00000
0.00000
0.00000
0.00000
0.00000
0.00000
0.00000
0.00000
