0.00000
0.00003
0.00006
0.00000
-0.00006
0.00000
0.00000
0.00003
0.00006
0.00003
0.00003
0.00000
0.00000
-0.00006
-0.00006
-0.00003
-0.00006
-0.00006
0.00000
0.00000
0.00000
0.00003
0.00003
-0.00006
-0.00006
-0.00003
-0.00006
-0.00009
-0.00006
0.00000
-0.00003
-0.00003
0.00000
-0.00006
-0.00006
-0.00006
-0.00012
-0.00015
-0.00015
-0.00009
-0.00003
-0.00006
-0.00006
-0.00009
-0.00009
-0.00006
-0.00006
-0.00003
-0.00003
-0.00009
-0.00015
-0.00009
-0.00009
-0.00009
-0.00015
0.00000
-0.00015
-0.00012
0.00000
-0.00015
-0.00012
-0.00021
-0.00027
-0.00018
-0.00012
-0.00015
-0.00012
-0.00015
-0.00015
-0.00012
-0.00015
-0.00015
-0.00012
-0.00012
-0.00012
-0.00009
-0.00021
-0.00021
-0.00009
-0.00015
-0.00015
-0.00015
-0.00015
-0.00021
-0.00021
-0.00015
-0.00021
-0.00021
-0.00018
-0.00015
-0.00012
-0.00018
-0.00024
-0.00015
-0.00015
-0.00024
-0.00027
-0.00021
-0.00021
-0.00021
-0.00021
-0.00018
-0.00021
-0.00027
-0.00015
-0.00018
-0.00024
-0.00021
-0.00015
-0.00021
-0.00027
-0.00024
-0.00024
-0.00027
-0.00021
-0.00018
-0.00021
-0.00018
-0.00021
-0.00024
-0.00027
-0.00027
-0.00027
-0.00027
-0.00024
-0.00031
-0.00031
-0.00024
-0.00031
-0.00037
-0.00031
-0.00027
-0.00031
-0.00024
-0.00021
-0.00021
-0.00024
-0.00031
-0.00027
-0.00037
-0.00034
-0.00034
-0.00027
-0.00024
-0.00034
-0.00031
-0.00034
-0.00037
-0.00034
-0.00031
-0.00024
-0.00024
-0.00021
-0.00021
-0.00027
-0.00034
-0.00034
-0.00031
-0.00031
-0.00031
-0.00034
-0.00027
-0.00024
-0.00040
-0.00034
-0.00031
-0.00031
-0.00031
-0.00031
-0.00034
-0.00031
-0.00040
-0.00024
-0.00055
0.00003
-0.00104
0.00073
-0.00195
0.00186
-0.00351
0.00394
-0.00623
0.00735
-0.06998
-0.15881
-0.00427
0.01111
0.01724
0.04529
0.04858
0.05658
0.08179
0.02383
-0.02603
-0.02417
-0.01672
-0.01920
0.00720
0.01678
-0.02600
0.00037
0.01587
-0.00827
0.00851
0.01334
-0.01346
0.00299
0.01624
0.00043
0.00131
0.01175
-0.00400
-0.00769
0.00467
-0.00687
-0.01190
0.00027
0.00366
-0.00079
0.00446
0.00473
0.00443
0.00436
0.00754
0.00104
-0.00238
-0.00198
-0.00232
-0.00348
0.00003
-0.00018
-0.00314
-0.00339
0.00204
0.00278
0.00040
0.00473
0.00525
0.00104
0.00119
0.00107
-0.00143
-0.00266
-0.00180
-0.00226
-0.00311
-0.00168
-0.00189
-0.00247
0.00046
-0.00058
-0.00055
0.00034
0.00128
0.00076
0.00027
0.00156
0.00101
-0.00143
-0.00098
-0.00156
-0.00159
-0.00192
-0.00186
-0.00171
-0.00238
-0.00159
-0.00134
-0.00134
-0.00040
-0.00076
-0.00037
-0.00058
-0.00034
0.00021
0.00012
0.00009
-0.00171
-0.00201
-0.00262
-0.00272
-0.00278
-0.00211
-0.00122
-0.00040
0.00012
0.00018
0.00040
0.00037
0.00006
0.00006
-0.00031
-0.00073
-0.00119
-0.00085
-0.00140
-0.00174
-0.00174
-0.00156
-0.00146
-0.00162
-0.00101
-0.00104
-0.00131
-0.00116
-0.00116
-0.00067
-0.00058
-0.00049
-0.00037
-0.00021
-0.00046
-0.00110
-0.00073
-0.00043
-0.00064
-0.00089
-0.00122
-0.00153
-0.00214
-0.00201
-0.00110
-0.00034
0.00009
0.00018
0.00040
0.00085
0.00113
0.00128
0.00113
0.00064
-0.00012
-0.00076
-0.00089
-0.00125
-0.00168
-0.00150
-0.00110
-0.00098
-0.00082
-0.00049
-0.00024
-0.00009
0.00000
-0.00003
-0.00034
-0.00055
-0.00122
-0.00156
-0.00113
-0.00061
-0.00067
-0.00073
-0.00043
-0.00012
0.00000
0.00000
0.00000
0.00000
0.00000
0.00000
0.00000
0.00000
0.00000
0.00000
0.00000
0.00000
0.00000
0.00000
0.00000
0.00000
0.00000
0.00000
0.00000
0.00000
0.00000
0.00000
0.00000
0.00000
0.00000
0.00000
0.00000
0.00000
0.00000
0.00000
0.00000
0.00000
0.00000
0.00000
0.00000
0.00000
0.00000
0.00000
0.00000
0.00000
0.00000
0.00000
0.00000
0.00000
0.00000
0.00000
0.00000
0.00000
0.00000
0.00000
0.00000
0.00000
0.00000
0.00000
0.00000
0.00000
0.00000
0.00000
0.00000
0.00000
0.00000
0.00000
0.00000
0.00000
0.00000
0.00000
0.00000
0.00000
0.00000
0.00000
0.00000
0.00000
0.00000
0.00000
0.00000
0.00000
0.00000
0.00000
0.00000
0.00000
0.00000
0.00000
0.00000
0.00000
0.00000
0.00000
0.00000
0.00000
0.00000
0.00000
0.00000
0.00000
0.00000
0.00000
0.00000
0.00000
0.00000
0.00000
0.00000
0.00000
0.00000
0.00000
0.00000
0.00000
0.00000
0.00000
0.00000
0.00000
0.00000
0.00000
0.00000
0.00000
0.00000
0.00000
0.00000
0.00000
0.00000
0.00000
0.00000
0.00000
0.00000
0.00000
0.00000
0.00000
0.00000
0.00000
0.00000
0.00000
0.00000
0.00000
0.00000
0.00000
0.00000
0.00000
0.00000
0.00000
0.00000
0.00000
0.00000
0.00000
0.00000
0.00000
0.00000
0.00000
0.00000
0.00000
0.00000
0.00000
0.00000
0.00000
0.00000
0.00000
0.00000
0.00000
0.00000
0.00000
0.00000
