-0.00015
-0.00018
-0.00024
-0.00034
-0.00027
-0.00015
-0.00012
-0.00009
-0.00006
-0.00015
-0.00024
-0.00018
-0.00024
-0.00024
-0.00015
-0.00006
-0.00015
-0.00018
-0.00012
-0.00024
-0.00031
-0.00021
-0.00012
-0.00009
-0.00003
-0.00003
-0.00009
-0.00012
-0.00018
-0.00024
-0.00027
-0.00027
-0.00034
-0.00021
-0.00009
-0.00012
-0.00012
-0.00006
-0.00018
-0.00024
-0.00015
-0.00015
-0.00018
-0.00015
-0.00018
-0.00024
-0.00024
-0.00018
-0.00015
-0.00015
-0.00015
-0.00018
-0.00024
-0.00024
-0.00021
-0.00021
-0.00024
-0.00021
-0.00021
-0.00043
-0.00021
-0.00018
-0.00012
0.00000
-0.00006
-0.00015
-0.00024
-0.00024
-0.00031
-0.00027
-0.00021
-0.00015
-0.00012
-0.00015
-0.00009
-0.00009
-0.00015
-0.00021
-0.00027
-0.00037
-0.00037
-0.00027
-0.00021
-0.00018
-0.00012
-0.00006
-0.00009
-0.00012
-0.00024
-0.00040
-0.00040
-0.00031
-0.00027
-0.00024
-0.00021
-0.00015
-0.00012
-0.00009
-0.00015
-0.00027
-0.00031
-0.00027
-0.00027
-0.00027
-0.00027
-0.00034
-0.00021
-0.00015
-0.00021
-0.00015
-0.00012
-0.00018
-0.00024
-0.00024
-0.00031
-0.00031
-0.00027
-0.00027
-0.00021
-0.00018
-0.00021
-0.00031
-0.00024
-0.00015
-0.00015
-0.00012
-0.00006
-0.00009
-0.00027
-0.00031
-0.00037
-0.00043
-0.00040
-0.00034
-0.00024
-0.00018
-0.00006
-0.00006
-0.00006
-0.00006
-0.00012
-0.00027
-0.00031
-0.00021
-0.00024
-0.00021
-0.00031
-0.00040
-0.00040
-0.00037
-0.00027
-0.00021
-0.00015
-0.00018
-0.00018
-0.00012
-0.00012
-0.00012
-0.00015
-0.00015
-0.00015
-0.00018
-0.00018
-0.00024
-0.00018
-0.00018
-0.00015
-0.00015
-0.00018
-0.00009
-0.00015
-0.00021
-0.00024
-0.00031
-0.00027
-0.00037
-0.00012
-0.00040
-0.00018
-0.00015
-0.00067
0.00064
-0.00195
0.00256
-0.00476
-0.00723
-0.15805
-0.14139
-0.01901
0.04453
0.14899
0.12424
0.08429
0.01929
0.02283
-0.04242
-0.07422
-0.04831
-0.03091
0.01178
0.03394
0.01105
-0.00705
0.01245
0.00562
-0.00134
0.02432
0.00122
-0.01965
0.00174
0.00775
0.00287
0.00809
0.00784
-0.00888
-0.00348
-0.00391
-0.01157
-0.00488
0.00430
0.00174
0.00128
0.00900
0.00696
0.00568
0.00641
0.00562
-0.00467
-0.00830
-0.00687
-0.00385
-0.00174
0.00165
0.00031
-0.00073
0.00073
0.00436
0.00372
0.00494
0.00613
0.00195
-0.00116
-0.00061
-0.00146
-0.00232
-0.00180
-0.00098
-0.00220
-0.00259
-0.00104
-0.00131
-0.00043
0.00125
0.00186
0.00134
0.00003
0.00073
-0.00092
0.00070
0.00168
0.00031
-0.00104
-0.00186
-0.00284
-0.00250
-0.00165
-0.00058
-0.00208
-0.00159
-0.00168
-0.00140
0.00000
0.00015
0.00049
0.00107
0.00061
0.00006
-0.00134
-0.00073
-0.00223
-0.00220
-0.00204
-0.00253
-0.00180
-0.00159
-0.00027
-0.00012
0.00018
0.00027
0.00073
-0.00003
-0.00073
-0.00052
-0.00003
0.00006
-0.00061
-0.00058
-0.00104
-0.00214
-0.00256
-0.00192
-0.00125
-0.00125
-0.00089
-0.00052
-0.00089
-0.00116
-0.00076
-0.00061
-0.00061
-0.00034
-0.00027
-0.00064
-0.00067
-0.00070
-0.00058
-0.00040
-0.00055
-0.00092
-0.00140
-0.00171
-0.00204
-0.00198
-0.00098
-0.00018
0.00024
0.00061
0.00095
0.00119
0.00110
0.00113
0.00058
0.00000
-0.00064
-0.00128
-0.00140
-0.00116
-0.00113
-0.00125
-0.00095
-0.00061
-0.00064
-0.00027
0.00000
-0.00018
-0.00024
-0.00024
-0.00034
-0.00085
-0.00110
-0.00113
-0.00079
-0.00040
-0.00085
-0.00101
-0.00089
0.00000
0.00000
0.00000
0.00000
0.00000
0.00000
0.00000
0.00000
0.00000
0.00000
0.00000
0.00000
0.00000
0.00000
0.00000
0.00000
0.00000
0.00000
0.00000
0.00000
0.00000
0.00000
0.00000
0.00000
0.00000
0.00000
0.00000
0.00000
0.00000
0.00000
0.00000
0.00000
0.00000
0.00000
0.00000
0.00000
0.00000
0.00000
0.00000
0.00000
0.00000
0.00000
0.00000
0.00000
0.00000
0.00000
0.00000
0.00000
0.00000
0.00000
0.00000
0.00000
0.00000
0.00000
0.00000
0.00000
0.00000
0.00000
0.00000
0.00000
0.00000
0.00000
0.00000
0.00000
0.00000
0.00000
0.00000
0.00000
0.00000
0.00000
0.00000
0.00000
0.00000
0.00000
0.00000
0.00000
0.00000
0.00000
0.00000
0.00000
0.00000
0.00000
0.00000
0.00000
0.00000
0.00000
0.00000
0.00000
0.00000
0.00000
0.00000
0.00000
0.00000
0.00000
0.00000
0.00000
0.00000
0.00000
0.00000
0.00000
0.00000
0.00000
0.00000
0.00000
0.00000
0.00000
0.00000
0.00000
0.00000
0.00000
0.00000
0.00000
0.00000
0.00000
0.00000
0.00000
0.00000
0.00000
0.00000
0.00000
0.00000
0.00000
0.00000
0.00000
0.00000
0.00000
0.00000
0.00000
0.00000
0.00000
0.00000
0.00000
0.00000
0.00000
0.00000
0.00000
0.00000
0.00000
0.00000
0.00000
0.00000
0.00000
0.00000
0.00000
0.00000
0.00000
0.00000
0.00000
0.00000
0.00000
0.00000
0.00000
0.00000
0.00000
0.00000
0.00000
