0.00000
0.00000
-0.00003
-0.00006
-0.00009
-0.00012
-0.00015
-0.00012
-0.00003
-0.00009
-0.00006
0.00000
-0.00003
-0.00003
0.00000
0.00000
-0.00003
0.00000
0.00000
-0.00003
-0.00009
-0.00003
-0.00006
-0.00006
-0.00003
-0.00003
-0.00003
0.00000
-0.00003
-0.00009
-0.00006
-0.00003
-0.00006
-0.00003
0.00000
-0.00003
-0.00009
-0.00006
-0.00006
-0.00009
-0.00003
-0.00003
-0.00006
-0.00006
-0.00009
-0.00009
-0.00009
-0.00006
-0.00006
-0.00009
-0.00006
-0.00006
-0.00006
-0.00009
-0.00006
-0.00006
-0.00006
-0.00003
-0.00006
-0.00003
-0.00003
-0.00003
-0.00012
-0.00015
-0.00015
-0.00018
-0.00009
-0.00006
0.00000
0.00000
0.00000
-0.00006
-0.00012
-0.00015
-0.00015
-0.00012
-0.00003
0.00000
0.00000
0.00000
-0.00006
-0.00006
-0.00006
-0.00006
-0.00003
-0.00009
-0.00009
-0.00009
-0.00012
-0.00015
-0.00012
-0.00009
-0.00009
-0.00009
-0.00003
-0.00006
-0.00012
-0.00009
-0.00009
-0.00009
-0.00009
-0.00003
-0.00003
-0.00006
-0.00009
-0.00009
-0.00009
-0.00006
-0.00009
-0.00009
-0.00003
-0.00003
-0.00006
0.00000
-0.00003
-0.00009
-0.00009
-0.00003
-0.00006
-0.00006
-0.00009
-0.00009
-0.00009
-0.00009
-0.00006
-0.00006
-0.00003
-0.00003
0.00000
-0.00003
-0.00012
-0.00018
-0.00018
-0.00015
-0.00012
-0.00006
-0.00003
0.00000
-0.00006
-0.00012
-0.00009
-0.00012
-0.00015
-0.00006
0.00000
0.00000
-0.00003
-0.00003
-0.00009
-0.00015
-0.00018
-0.00009
-0.00006
-0.00006
-0.00003
0.00000
0.00000
-0.00003
-0.00003
-0.00003
-0.00006
-0.00006
-0.00006
-0.00006
-0.00009
-0.00009
-0.00006
-0.00009
-0.00006
-0.00009
0.00000
0.00003
0.00000
0.00000
0.00000
-0.00006
-0.00009
-0.00012
-0.00006
-0.00021
-0.00003
-0.00031
0.00021
-0.00061
0.00055
-0.00119
0.00122
-0.00198
0.00208
-0.02783
-0.06937
-0.04059
-0.04086
-0.00266
0.02948
0.04123
0.04910
0.04608
0.03943
0.01248
-0.00919
-0.02631
-0.02682
-0.00754
0.00336
-0.00104
0.00900
0.00952
0.00214
0.00470
0.00525
-0.00009
0.00037
-0.00089
-0.00253
-0.00027
0.00241
0.00104
0.00235
0.00406
-0.00146
-0.00348
-0.00345
-0.00198
-0.00012
0.00290
0.00540
0.00659
0.00439
0.00305
0.00113
-0.00128
-0.00272
-0.00314
-0.00275
-0.00168
-0.00040
-0.00052
0.00034
0.00204
0.00226
0.00177
0.00311
0.00351
0.00235
0.00217
0.00232
0.00092
-0.00070
-0.00101
-0.00122
-0.00143
-0.00085
-0.00064
-0.00067
-0.00009
-0.00040
-0.00031
-0.00021
0.00018
0.00052
0.00070
0.00116
0.00064
-0.00031
-0.00046
-0.00119
-0.00116
-0.00165
-0.00104
0.00009
-0.00137
-0.00009
-0.00052
-0.00034
0.00018
-0.00027
-0.00073
-0.00122
-0.00018
-0.00137
-0.00021
0.00000
-0.00098
0.00003
-0.00085
-0.00174
-0.00183
-0.00140
-0.00122
-0.00082
-0.00009
-0.00027
0.00000
0.00034
-0.00003
0.00012
0.00003
-0.00052
-0.00046
-0.00027
-0.00073
-0.00076
-0.00110
-0.00162
-0.00174
-0.00153
-0.00110
-0.00101
-0.00067
-0.00064
-0.00082
-0.00070
-0.00070
-0.00061
-0.00046
-0.00015
-0.00024
-0.00061
-0.00070
-0.00070
-0.00064
-0.00055
-0.00061
-0.00085
-0.00128
-0.00128
-0.00110
-0.00082
-0.00040
0.00000
0.00021
0.00027
0.00046
0.00070
0.00061
0.00043
0.00009
-0.00034
-0.00055
-0.00073
-0.00089
-0.00107
-0.00085
-0.00067
-0.00082
-0.00089
-0.00098
-0.00098
-0.00073
-0.00085
-0.00095
-0.00049
-0.00049
-0.00024
-0.00009
-0.00021
-0.00018
0.00000
0.00000
0.00000
0.00000
0.00000
0.00000
0.00000
0.00000
0.00000
0.00000
0.00000
0.00000
0.00000
0.00000
0.00000
0.00000
0.00000
0.00000
0.00000
0.00000
0.00000
0.00000
0.00000
0.00000
0.00000
0.00000
0.00000
0.00000
0.00000
0.00000
0.00000
0.00000
0.00000
0.00000
0.00000
0.00000
0.00000
0.00000
0.00000
0.00000
0.00000
0.00000
0.00000
0.00000
0.00000
0.00000
0.00000
0.00000
0.00000
0.00000
0.00000
0.00000
0.00000
0.00000
0.00000
0.00000
0.00000
0.00000
0.00000
0.00000
0.00000
0.00000
0.00000
0.00000
0.00000
0.00000
0.00000
0.00000
0.00000
0.00000
0.00000
0.00000
0.00000
0.00000
0.00000
0.00000
0.00000
0.00000
0.00000
0.00000
0.00000
0.00000
0.00000
0.00000
0.00000
0.00000
0.00000
0.00000
0.00000
0.00000
0.00000
0.00000
0.00000
0.00000
0.00000
0.00000
0.00000
0.00000
0.00000
0.00000
0.00000
0.00000
0.00000
0.00000
0.00000
0.00000
0.00000
0.00000
0.00000
0.00000
0.00000
0.00000
0.00000
0.00000
0.00000
0.00000
0.00000
0.00000
0.00000
0.00000
0.00000
0.00000
0.00000
0.00000
0.00000
0.00000
0.00000
0.00000
0.00000
0.00000
0.00000
0.00000
0.00000
0.00000
0.00000
0.00000
0.00000
0.00000
0.00000
0.00000
0.00000
0.00000
0.00000
0.00000
0.00000
0.00000
0.00000
0.00000
0.00000
0.00000
0.00000
0.00000
0.00000
0.00000
