0.00012
0.00012
0.00009
0.00012
0.00012
0.00009
0.00012
0.00015
0.00015
0.00012
0.00012
0.00018
0.00012
0.00009
0.00012
0.00021
0.00021
0.00018
0.00021
0.00018
0.00015
0.00012
0.00012
0.00012
0.00006
0.00003
0.00009
0.00015
0.00012
0.00012
0.00021
0.00021
0.00018
0.00024
0.00024
0.00018
0.00009
0.00015
0.00015
0.00015
0.00024
0.00024
0.00027
0.00024
0.00015
0.00015
0.00009
0.00000
0.00000
0.00006
0.00012
0.00015
0.00024
0.00031
0.00027
0.00018
0.00015
0.00012
0.00012
0.00015
0.00021
0.00021
0.00021
0.00018
0.00015
0.00012
0.00015
0.00018
0.00021
0.00018
0.00018
0.00015
0.00012
0.00012
0.00012
0.00015
0.00015
0.00015
0.00015
0.00018
0.00015
0.00012
0.00012
0.00015
0.00018
0.00021
0.00021
0.00021
0.00018
0.00015
0.00018
0.00018
0.00015
0.00015
0.00012
0.00006
0.00006
0.00015
0.00018
0.00015
0.00015
0.00018
0.00015
0.00012
0.00009
0.00006
0.00003
0.00009
0.00009
0.00012
0.00015
0.00015
0.00015
0.00015
0.00009
0.00003
0.00006
0.00009
0.00003
0.00006
0.00009
0.00003
0.00003
0.00009
0.00009
0.00009
0.00015
0.00015
0.00015
0.00009
0.00006
0.00006
0.00006
0.00009
0.00009
0.00012
0.00018
0.00015
0.00012
0.00012
0.00006
0.00000
0.00003
0.00000
0.00003
0.00009
0.00015
0.00012
0.00012
0.00009
0.00006
0.00003
0.00006
0.00006
0.00009
0.00012
0.00006
0.00003
0.00006
0.00006
0.00006
0.00012
0.00009
0.00003
0.00003
0.00003
0.00006
0.00006
0.00012
0.00015
0.00015
0.00012
0.00009
0.00006
0.00006
0.00003
0.00003
0.00006
0.00006
0.00006
0.00003
0.00003
0.00000
0.00000
0.00000
0.00006
0.00003
0.00003
0.00003
0.00003
-0.00006
0.00003
-0.00006
0.00040
-0.00003
0.00058
-0.00049
0.00021
-0.01346
-0.03296
-0.02396
-0.02087
-0.01190
0.00400
0.02069
0.02640
0.02380
0.02087
0.00592
-0.00296
-0.00793
-0.00998
-0.00241
0.00247
-0.00143
0.00153
0.00464
0.00070
0.00012
0.00330
0.00275
-0.00027
0.00003
-0.00095
-0.00204
0.00027
-0.00064
-0.00052
0.00247
0.00253
0.00186
0.00317
0.00418
0.00217
0.00131
0.00208
0.00183
0.00110
0.00168
0.00204
0.00162
0.00082
0.00055
-0.00040
-0.00055
-0.00015
-0.00021
-0.00006
0.00055
0.00125
0.00055
0.00162
0.00229
0.00183
0.00180
0.00168
0.00101
0.00000
0.00012
0.00012
-0.00015
0.00006
-0.00018
-0.00021
-0.00003
-0.00034
-0.00015
0.00000
0.00000
0.00000
0.00000
0.00000
0.00000
0.00000
0.00000
0.00000
0.00000
0.00000
0.00000
0.00000
0.00000
0.00000
0.00000
0.00000
0.00000
0.00000
0.00000
0.00000
0.00000
0.00000
0.00000
0.00000
0.00000
0.00000
0.00000
0.00000
0.00000
0.00000
0.00000
0.00000
0.00000
0.00000
0.00000
0.00000
0.00000
0.00000
0.00000
0.00000
0.00000
0.00000
0.00000
0.00000
0.00000
0.00000
0.00000
0.00000
0.00000
0.00000
0.00000
0.00000
0.00000
0.00000
0.00000
0.00000
0.00000
0.00000
0.00000
0.00000
0.00000
0.00000
0.00000
0.00000
0.00000
0.00000
0.00000
0.00000
0.00000
0.00000
0.00000
0.00000
0.00000
0.00000
0.00000
0.00000
0.00000
0.00000
0.00000
0.00000
0.00000
0.00000
0.00000
0.00000
0.00000
0.00000
0.00000
0.00000
0.00000
0.00000
0.00000
0.00000
0.00000
0.00000
0.00000
0.00000
0.00000
0.00000
0.00000
0.00000
0.00000
0.00000
0.00000
0.00000
0.00000
0.00000
0.00000
0.00000
0.00000
0.00000
0.00000
0.00000
0.00000
0.00000
0.00000
0.00000
0.00000
0.00000
0.00000
0.00000
0.00000
0.00000
0.00000
0.00000
0.00000
0.00000
0.00000
0.00000
0.00000
0.00000
0.00000
0.00000
0.00000
0.00000
0.00000
0.00000
0.00000
0.00000
0.00000
0.00000
0.00000
0.00000
0.00000
0.00000
0.00000
0.00000
0.00000
0.00000
0.00000
0.00000
0.00000
0.00000
0.00000
0.00000
0.00000
0.00000
0.00000
0.00000
0.00000
0.00000
0.00000
0.00000
0.00000
0.00000
0.00000
0.00000
0.00000
0.00000
0.00000
0.00000
0.00000
0.00000
0.00000
0.00000
0.00000
0.00000
0.00000
0.00000
0.00000
0.00000
0.00000
0.00000
0.00000
0.00000
0.00000
0.00000
0.00000
0.00000
0.00000
0.00000
0.00000
0.00000
0.00000
0.00000
0.00000
0.00000
0.00000
0.00000
0.00000
0.00000
0.00000
0.00000
0.00000
0.00000
0.00000
0.00000
0.00000
0.00000
0.00000
0.00000
0.00000
0.00000
0.00000
0.00000
0.00000
0.00000
0.00000
0.00000
0.00000
0.00000
0.00000
0.00000
0.00000
0.00000
0.00000
0.00000
0.00000
0.00000
0.00000
0.00000
0.00000
0.00000
0.00000
0.00000
0.00000
0.00000
0.00000
0.00000
0.00000
0.00000
0.00000
0.00000
0.00000
0.00000
