-0.00012
-0.00018
-0.00021
-0.00021
-0.00021
-0.00018
-0.00018
-0.00015
-0.00012
-0.00012
-0.00012
-0.00009
-0.00012
-0.00015
-0.00015
-0.00018
-0.00012
-0.00018
-0.00021
-0.00015
-0.00018
-0.00018
-0.00009
-0.00012
-0.00018
-0.00012
-0.00012
-0.00015
-0.00012
-0.00018
-0.00018
-0.00015
-0.00012
-0.00015
-0.00018
-0.00015
-0.00018
-0.00021
-0.00015
-0.00015
-0.00012
-0.00015
-0.00012
-0.00009
-0.00018
-0.00021
-0.00012
-0.00012
-0.00012
-0.00012
-0.00012
-0.00015
-0.00015
-0.00021
-0.00018
-0.00018
0.00000
-0.00024
-0.00024
-0.00006
-0.00018
-0.00018
-0.00018
-0.00015
-0.00018
-0.00009
-0.00012
-0.00015
-0.00015
-0.00015
-0.00018
-0.00018
-0.00012
-0.00015
-0.00018
-0.00012
-0.00009
-0.00018
-0.00021
-0.00015
-0.00021
-0.00021
-0.00021
-0.00012
-0.00015
-0.00015
-0.00012
-0.00018
-0.00021
-0.00015
-0.00018
-0.00015
-0.00018
-0.00018
-0.00012
-0.00009
-0.00012
-0.00021
-0.00018
-0.00015
-0.00021
-0.00021
-0.00009
-0.00018
-0.00024
-0.00012
-0.00015
-0.00021
-0.00021
-0.00018
-0.00015
-0.00009
-0.00012
-0.00015
-0.00012
-0.00021
-0.00024
-0.00024
-0.00021
-0.00018
-0.00015
-0.00012
-0.00015
-0.00015
-0.00018
-0.00021
-0.00021
-0.00021
-0.00021
-0.00018
-0.00015
-0.00015
-0.00015
-0.00018
-0.00024
-0.00024
-0.00021
-0.00021
-0.00021
-0.00015
-0.00021
-0.00018
-0.00018
-0.00018
-0.00018
-0.00024
-0.00018
-0.00021
-0.00021
-0.00024
-0.00021
-0.00018
-0.00015
-0.00012
-0.00015
-0.00015
-0.00015
-0.00021
-0.00021
-0.00018
-0.00015
-0.00021
-0.00012
-0.00012
-0.00024
-0.00024
-0.00024
-0.00024
-0.00018
-0.00012
-0.00015
-0.00009
-0.00015
-0.00012
-0.00031
0.00006
-0.00079
0.00067
-0.00165
0.00192
-0.00342
0.00443
-0.00674
0.00626
-0.10825
-0.18988
-0.02841
0.03186
0.09491
0.11630
0.10172
0.05399
0.03632
-0.02475
-0.06467
-0.04730
-0.03802
-0.00275
0.03671
0.02911
-0.01758
-0.01028
0.00677
-0.00955
0.01364
0.01923
-0.00620
0.00424
0.00955
0.00256
0.00534
0.01114
-0.00522
-0.00906
-0.00247
-0.00952
-0.01126
-0.00186
0.00485
0.00043
0.00583
0.00995
0.00903
0.00592
0.00665
-0.00058
-0.00732
-0.00769
-0.00430
-0.00357
0.00171
0.00165
-0.00113
-0.00079
0.00351
0.00330
0.00238
0.00604
0.00424
-0.00101
-0.00049
0.00058
-0.00073
-0.00208
-0.00208
-0.00229
-0.00259
-0.00266
-0.00217
-0.00128
0.00073
0.00085
0.00180
0.00165
0.00180
0.00018
-0.00024
0.00119
0.00089
-0.00165
-0.00183
-0.00189
-0.00195
-0.00244
-0.00125
-0.00162
-0.00226
-0.00165
-0.00122
-0.00034
0.00043
-0.00012
0.00043
0.00089
0.00040
-0.00037
-0.00131
-0.00137
-0.00195
-0.00211
-0.00214
-0.00195
-0.00201
-0.00095
-0.00012
-0.00043
-0.00052
0.00098
0.00092
0.00003
-0.00040
-0.00024
0.00003
-0.00055
-0.00092
-0.00110
-0.00192
-0.00229
-0.00238
-0.00140
-0.00085
-0.00116
-0.00064
-0.00058
-0.00113
-0.00101
-0.00098
-0.00076
-0.00040
-0.00003
-0.00015
-0.00055
-0.00052
-0.00073
-0.00061
-0.00049
-0.00085
-0.00134
-0.00180
-0.00214
-0.00244
-0.00162
-0.00012
0.00055
0.00073
0.00085
0.00110
0.00122
0.00128
0.00104
0.00052
-0.00012
-0.00098
-0.00128
-0.00104
-0.00110
-0.00146
-0.00143
-0.00107
-0.00092
-0.00064
-0.00003
0.00021
0.00009
0.00006
0.00003
-0.00003
-0.00064
-0.00156
-0.00186
-0.00146
-0.00055
-0.00085
-0.00076
-0.00043
0.00000
0.00000
0.00000
0.00000
0.00000
0.00000
0.00000
0.00000
0.00000
0.00000
0.00000
0.00000
0.00000
0.00000
0.00000
0.00000
0.00000
0.00000
0.00000
0.00000
0.00000
0.00000
0.00000
0.00000
0.00000
0.00000
0.00000
0.00000
0.00000
0.00000
0.00000
0.00000
0.00000
0.00000
0.00000
0.00000
0.00000
0.00000
0.00000
0.00000
0.00000
0.00000
0.00000
0.00000
0.00000
0.00000
0.00000
0.00000
0.00000
0.00000
0.00000
0.00000
0.00000
0.00000
0.00000
0.00000
0.00000
0.00000
0.00000
0.00000
0.00000
0.00000
0.00000
0.00000
0.00000
0.00000
0.00000
0.00000
0.00000
0.00000
0.00000
0.00000
0.00000
0.00000
0.00000
0.00000
0.00000
0.00000
0.00000
0.00000
0.00000
0.00000
0.00000
0.00000
0.00000
0.00000
0.00000
0.00000
0.00000
0.00000
0.00000
0.00000
0.00000
0.00000
0.00000
0.00000
0.00000
0.00000
0.00000
0.00000
0.00000
0.00000
0.00000
0.00000
0.00000
0.00000
0.00000
0.00000
0.00000
0.00000
0.00000
0.00000
0.00000
0.00000
0.00000
0.00000
0.00000
0.00000
0.00000
0.00000
0.00000
0.00000
0.00000
0.00000
0.00000
0.00000
0.00000
0.00000
0.00000
0.00000
0.00000
0.00000
0.00000
0.00000
0.00000
0.00000
0.00000
0.00000
0.00000
0.00000
0.00000
0.00000
0.00000
0.00000
0.00000
0.00000
0.00000
0.00000
0.00000
0.00000
0.00000
0.00000
0.00000
0.00000
0.00000
0.00000
0.00000
