0.00024
0.00021
0.00015
0.00012
0.00012
0.00012
0.00012
0.00018
0.00018
0.00015
0.00018
0.00018
0.00018
0.00018
0.00021
0.00021
0.00018
0.00015
0.00015
0.00015
0.00009
0.00012
0.00015
0.00012
0.00012
0.00012
0.00018
0.00021
0.00021
0.00021
0.00021
0.00021
0.00015
0.00015
0.00012
0.00012
0.00012
0.00012
0.00009
0.00009
0.00012
0.00015
0.00018
0.00018
0.00015
0.00012
0.00015
0.00015
0.00009
0.00006
0.00003
0.00006
0.00003
0.00006
0.00009
0.00015
0.00012
0.00015
0.00018
0.00015
0.00012
0.00009
0.00003
0.00012
0.00006
0.00000
0.00000
-0.00003
0.00000
0.00003
0.00006
0.00012
0.00009
0.00003
0.00006
0.00009
0.00006
0.00006
0.00006
0.00003
0.00000
0.00006
0.00006
0.00009
0.00006
0.00000
0.00000
0.00000
-0.00003
-0.00006
0.00000
0.00003
0.00003
0.00006
0.00009
0.00006
0.00006
0.00000
-0.00003
-0.00003
-0.00003
0.00000
0.00000
0.00006
0.00003
0.00003
0.00003
0.00000
-0.00006
-0.00003
0.00000
0.00000
-0.00003
0.00000
0.00000
0.00000
0.00000
0.00000
0.00000
0.00000
-0.00003
-0.00003
-0.00003
-0.00012
-0.00012
-0.00003
-0.00003
-0.00003
0.00000
0.00000
0.00000
-0.00003
-0.00006
-0.00006
-0.00009
-0.00009
-0.00009
-0.00006
-0.00003
-0.00003
-0.00003
-0.00006
-0.00009
-0.00006
-0.00006
-0.00003
-0.00003
-0.00009
-0.00006
-0.00009
-0.00015
-0.00015
-0.00015
-0.00012
-0.00009
-0.00006
-0.00006
-0.00006
-0.00009
-0.00012
-0.00009
-0.00015
-0.00012
-0.00012
-0.00015
-0.00015
-0.00015
-0.00012
-0.00018
-0.00018
-0.00012
-0.00012
-0.00009
-0.00009
-0.00009
-0.00009
-0.00015
-0.00012
-0.00015
-0.00009
-0.00021
-0.00015
-0.00009
-0.00034
0.00015
-0.00107
0.00104
-0.00232
-0.00244
-0.06067
-0.05753
-0.03540
-0.03488
0.01904
0.03473
0.04715
0.04843
0.04984
0.02646
0.00253
-0.01770
-0.03024
-0.02014
0.00061
-0.00220
0.00137
0.01379
0.00476
0.00256
0.00745
0.00372
-0.00156
0.00165
-0.00238
-0.00305
0.00095
0.00009
-0.00064
0.00461
0.00314
-0.00314
-0.00247
-0.00174
-0.00165
-0.00021
0.00339
0.00504
0.00516
0.00497
0.00394
0.00049
-0.00125
-0.00311
-0.00406
-0.00381
-0.00208
-0.00153
-0.00137
0.00040
0.00266
0.00217
0.00293
0.00360
0.00259
0.00217
0.00208
0.00162
0.00021
-0.00095
-0.00137
-0.00201
-0.00177
-0.00092
-0.00104
-0.00076
-0.00049
-0.00055
-0.00006
-0.00012
0.00009
-0.00009
0.00073
0.00107
0.00009
-0.00031
-0.00085
-0.00174
-0.00168
-0.00195
-0.00159
-0.00037
-0.00150
-0.00064
-0.00043
-0.00070
0.00024
-0.00027
-0.00049
-0.00186
-0.00040
-0.00137
-0.00098
-0.00034
-0.00153
-0.00040
-0.00110
-0.00180
-0.00214
-0.00165
-0.00104
-0.00107
-0.00012
-0.00031
-0.00046
0.00006
-0.00021
-0.00006
-0.00012
-0.00064
-0.00082
-0.00092
-0.00116
-0.00140
-0.00137
-0.00174
-0.00198
-0.00177
-0.00140
-0.00131
-0.00098
-0.00082
-0.00104
-0.00092
-0.00085
-0.00079
-0.00073
-0.00043
-0.00049
-0.00082
-0.00082
-0.00092
-0.00101
-0.00098
-0.00110
-0.00128
-0.00165
-0.00143
-0.00110
-0.00082
-0.00037
-0.00012
0.00009
0.00015
0.00024
0.00040
0.00031
0.00000
-0.00043
-0.00079
-0.00098
-0.00113
-0.00110
-0.00110
-0.00107
-0.00095
-0.00098
-0.00104
-0.00125
-0.00119
-0.00098
-0.00119
-0.00119
-0.00079
-0.00070
0.00000
0.00000
0.00000
0.00000
0.00000
0.00000
0.00000
0.00000
0.00000
0.00000
0.00000
0.00000
0.00000
0.00000
0.00000
0.00000
0.00000
0.00000
0.00000
0.00000
0.00000
0.00000
0.00000
0.00000
0.00000
0.00000
0.00000
0.00000
0.00000
0.00000
0.00000
0.00000
0.00000
0.00000
0.00000
0.00000
0.00000
0.00000
0.00000
0.00000
0.00000
0.00000
0.00000
0.00000
0.00000
0.00000
0.00000
0.00000
0.00000
0.00000
0.00000
0.00000
0.00000
0.00000
0.00000
0.00000
0.00000
0.00000
0.00000
0.00000
0.00000
0.00000
0.00000
0.00000
0.00000
0.00000
0.00000
0.00000
0.00000
0.00000
0.00000
0.00000
0.00000
0.00000
0.00000
0.00000
0.00000
0.00000
0.00000
0.00000
0.00000
0.00000
0.00000
0.00000
0.00000
0.00000
0.00000
0.00000
0.00000
0.00000
0.00000
0.00000
0.00000
0.00000
0.00000
0.00000
0.00000
0.00000
0.00000
0.00000
0.00000
0.00000
0.00000
0.00000
0.00000
0.00000
0.00000
0.00000
0.00000
0.00000
0.00000
0.00000
0.00000
0.00000
0.00000
0.00000
0.00000
0.00000
0.00000
0.00000
0.00000
0.00000
0.00000
0.00000
0.00000
0.00000
0.00000
0.00000
0.00000
0.00000
0.00000
0.00000
0.00000
0.00000
0.00000
0.00000
0.00000
0.00000
0.00000
0.00000
0.00000
0.00000
0.00000
0.00000
0.00000
0.00000
0.00000
0.00000
0.00000
0.00000
0.00000
0.00000
0.00000
0.00000
0.00000
0.00000
0.00000
0.00000
