-0.00003
0.00000
0.00000
-0.00003
-0.00009
-0.00012
-0.00012
-0.00012
-0.00009
-0.00006
0.00000
0.00000
-0.00003
-0.00009
-0.00009
-0.00009
-0.00012
-0.00012
-0.00015
-0.00015
-0.00012
-0.00009
-0.00006
-0.00003
-0.00003
-0.00009
-0.00012
-0.00009
-0.00009
-0.00009
-0.00009
-0.00009
-0.00012
-0.00009
-0.00012
-0.00015
-0.00015
-0.00015
-0.00018
-0.00021
-0.00012
-0.00015
-0.00015
-0.00012
-0.00012
-0.00015
-0.00018
-0.00015
-0.00015
-0.00018
-0.00018
-0.00009
-0.00012
-0.00015
-0.00015
-0.00018
-0.00021
-0.00021
-0.00018
-0.00012
-0.00012
-0.00012
-0.00018
-0.00021
-0.00024
-0.00021
-0.00021
-0.00018
-0.00018
-0.00018
-0.00018
-0.00021
-0.00021
-0.00021
-0.00015
-0.00015
-0.00015
-0.00015
-0.00018
-0.00021
-0.00018
-0.00018
-0.00021
-0.00021
-0.00021
-0.00024
-0.00024
-0.00024
-0.00024
-0.00021
-0.00015
-0.00018
-0.00018
-0.00018
-0.00021
-0.00031
-0.00031
-0.00024
-0.00021
-0.00021
-0.00027
-0.00031
-0.00034
-0.00027
-0.00021
-0.00024
-0.00024
-0.00021
-0.00024
-0.00024
-0.00021
-0.00018
-0.00021
-0.00021
-0.00021
-0.00024
-0.00024
-0.00021
-0.00021
-0.00024
-0.00021
-0.00024
-0.00034
-0.00034
-0.00027
-0.00024
-0.00021
-0.00021
-0.00021
-0.00024
-0.00027
-0.00021
-0.00021
-0.00021
-0.00021
-0.00024
-0.00024
-0.00021
-0.00027
-0.00031
-0.00027
-0.00024
-0.00024
-0.00021
-0.00021
-0.00031
-0.00031
-0.00027
-0.00031
-0.00031
-0.00027
-0.00034
-0.00034
-0.00031
-0.00027
-0.00027
-0.00024
-0.00024
-0.00027
-0.00021
-0.00015
-0.00015
-0.00018
-0.00018
-0.00021
-0.00027
-0.00027
-0.00034
-0.00040
-0.00037
-0.00031
-0.00024
-0.00024
-0.00021
-0.00021
-0.00024
-0.00024
-0.00021
-0.00018
-0.00024
-0.00031
-0.00031
-0.00024
-0.00031
-0.00037
-0.00021
-0.00021
-0.00024
-0.00018
-0.00043
-0.00015
-0.00058
0.00003
-0.00070
0.00046
-0.00095
0.00061
-0.01389
-0.03970
-0.03305
-0.03583
-0.00012
0.03345
0.04053
0.02930
0.01300
0.01059
-0.00317
-0.01239
-0.01434
-0.00980
0.00037
0.00409
-0.00061
0.00153
-0.00226
-0.00577
-0.00067
0.00455
0.00229
0.00201
0.00443
0.00433
0.00378
0.00348
0.00168
-0.00012
0.00076
-0.00177
-0.00180
0.00082
0.00116
-0.00043
0.00055
0.00150
0.00153
0.00217
0.00394
0.00308
0.00037
-0.00079
-0.00067
0.00040
0.00095
0.00061
-0.00092
-0.00098
-0.00110
-0.00049
0.00146
0.00290
0.00226
0.00168
0.00192
0.00046
-0.00009
-0.00021
-0.00009
0.00018
-0.00049
-0.00061
-0.00073
-0.00098
-0.00070
-0.00024
0.00073
0.00040
0.00021
0.00015
0.00006
0.00067
0.00058
0.00012
-0.00024
-0.00092
-0.00180
-0.00150
0.00015
-0.00058
-0.00116
-0.00015
-0.00116
-0.00003
0.00021
-0.00082
-0.00122
-0.00104
-0.00085
-0.00070
0.00027
-0.00064
-0.00061
-0.00015
-0.00140
-0.00183
-0.00177
-0.00153
-0.00146
-0.00085
-0.00079
-0.00076
-0.00024
-0.00034
-0.00021
0.00021
0.00003
-0.00009
-0.00018
-0.00055
-0.00119
-0.00153
-0.00153
-0.00156
-0.00137
-0.00122
-0.00131
-0.00146
-0.00110
-0.00055
-0.00024
-0.00037
-0.00073
-0.00073
-0.00061
-0.00067
-0.00073
-0.00070
-0.00067
-0.00079
-0.00076
-0.00067
0.00000
0.00000
0.00000
0.00000
0.00000
0.00000
0.00000
0.00000
0.00000
0.00000
0.00000
0.00000
0.00000
0.00000
0.00000
0.00000
0.00000
0.00000
0.00000
0.00000
0.00000
0.00000
0.00000
0.00000
0.00000
0.00000
0.00000
0.00000
0.00000
0.00000
0.00000
0.00000
0.00000
0.00000
0.00000
0.00000
0.00000
0.00000
0.00000
0.00000
0.00000
0.00000
0.00000
0.00000
0.00000
0.00000
0.00000
0.00000
0.00000
0.00000
0.00000
0.00000
0.00000
0.00000
0.00000
0.00000
0.00000
0.00000
0.00000
0.00000
0.00000
0.00000
0.00000
0.00000
0.00000
0.00000
0.00000
0.00000
0.00000
0.00000
0.00000
0.00000
0.00000
0.00000
0.00000
0.00000
0.00000
0.00000
0.00000
0.00000
0.00000
0.00000
0.00000
0.00000
0.00000
0.00000
0.00000
0.00000
0.00000
0.00000
0.00000
0.00000
0.00000
0.00000
0.00000
0.00000
0.00000
0.00000
0.00000
0.00000
0.00000
0.00000
0.00000
0.00000
0.00000
0.00000
0.00000
0.00000
0.00000
0.00000
0.00000
0.00000
0.00000
0.00000
0.00000
0.00000
0.00000
0.00000
0.00000
0.00000
0.00000
0.00000
0.00000
0.00000
0.00000
0.00000
0.00000
0.00000
0.00000
0.00000
0.00000
0.00000
0.00000
0.00000
0.00000
0.00000
0.00000
0.00000
0.00000
0.00000
0.00000
0.00000
0.00000
0.00000
0.00000
0.00000
0.00000
0.00000
0.00000
0.00000
0.00000
0.00000
0.00000
0.00000
0.00000
0.00000
0.00000
0.00000
0.00000
0.00000
0.00000
0.00000
0.00000
0.00000
0.00000
0.00000
0.00000
0.00000
0.00000
0.00000
0.00000
0.00000
0.00000
0.00000
0.00000
0.00000
0.00000
0.00000
0.00000
0.00000
0.00000
