-0.00012
-0.00012
-0.00015
-0.00018
-0.00018
-0.00021
-0.00021
-0.00018
-0.00018
-0.00021
-0.00015
-0.00015
-0.00018
-0.00015
-0.00012
-0.00018
-0.00021
-0.00018
-0.00015
-0.00018
-0.00015
-0.00012
-0.00012
-0.00015
-0.00018
-0.00021
-0.00018
-0.00018
-0.00021
-0.00015
-0.00015
-0.00015
-0.00012
-0.00006
-0.00009
-0.00018
-0.00021
-0.00018
-0.00021
-0.00024
-0.00012
-0.00015
-0.00015
-0.00015
-0.00018
-0.00015
-0.00015
-0.00015
-0.00015
-0.00015
-0.00018
-0.00015
-0.00012
-0.00012
-0.00012
-0.00012
-0.00012
-0.00015
-0.00015
-0.00018
-0.00018
-0.00015
-0.00012
-0.00015
-0.00012
-0.00012
-0.00012
-0.00012
-0.00018
-0.00012
-0.00012
-0.00018
-0.00015
-0.00012
-0.00015
-0.00015
-0.00006
-0.00009
-0.00012
-0.00012
-0.00012
-0.00015
-0.00012
-0.00015
-0.00015
-0.00012
-0.00009
-0.00015
-0.00012
-0.00009
-0.00012
-0.00015
-0.00012
-0.00009
-0.00009
-0.00015
-0.00009
-0.00009
-0.00018
-0.00015
-0.00015
-0.00015
-0.00015
-0.00015
-0.00009
-0.00012
-0.00012
-0.00012
-0.00009
-0.00012
-0.00018
-0.00012
-0.00012
-0.00012
-0.00015
-0.00012
-0.00009
-0.00012
-0.00012
-0.00012
-0.00009
-0.00018
-0.00015
-0.00012
-0.00012
-0.00009
-0.00009
-0.00009
-0.00012
-0.00015
-0.00018
-0.00015
-0.00012
-0.00015
-0.00012
-0.00012
-0.00015
-0.00015
-0.00012
-0.00015
-0.00015
-0.00015
-0.00012
-0.00012
-0.00012
-0.00012
-0.00012
-0.00012
-0.00015
-0.00015
-0.00015
-0.00021
-0.00018
-0.00009
-0.00009
-0.00009
-0.00009
-0.00009
-0.00015
-0.00015
-0.00012
-0.00012
-0.00012
-0.00009
-0.00006
-0.00006
-0.00009
-0.00012
-0.00012
-0.00012
-0.00015
-0.00015
-0.00015
-0.00012
-0.00015
-0.00012
-0.00006
-0.00009
-0.00009
-0.00006
-0.00006
-0.00009
-0.00012
-0.00009
-0.00009
-0.00006
-0.00012
-0.00009
-0.00018
-0.00015
-0.00006
-0.00021
0.00058
-0.00098
-0.00345
-0.04150
-0.04456
-0.02350
-0.01697
0.00485
0.02396
0.03848
0.02957
0.03134
0.01746
-0.00473
-0.01297
-0.01807
-0.00903
0.00546
0.00259
-0.00195
0.00500
0.00476
-0.00146
0.00156
0.00513
0.00150
0.00110
0.00116
-0.00192
0.00018
0.00253
-0.00198
-0.00046
0.00082
-0.00281
-0.00433
-0.00104
0.00095
0.00043
0.00375
0.00565
0.00482
0.00497
0.00516
0.00266
0.00061
-0.00067
-0.00140
-0.00247
-0.00150
-0.00085
-0.00067
0.00073
0.00211
0.00143
0.00128
0.00290
0.00253
0.00165
0.00174
0.00153
0.00034
-0.00034
0.00021
-0.00024
-0.00095
-0.00098
-0.00107
-0.00058
-0.00021
0.00018
0.00055
0.00073
0.00089
0.00031
0.00046
0.00015
-0.00110
-0.00055
-0.00009
-0.00018
0.00049
0.00021
0.00012
-0.00058
-0.00092
-0.00174
-0.00165
-0.00076
-0.00076
0.00012
0.00021
0.00003
0.00061
0.00040
-0.00015
-0.00055
-0.00104
-0.00143
-0.00208
-0.00192
-0.00171
-0.00131
-0.00058
-0.00043
0.00003
0.00021
0.00015
0.00037
0.00015
-0.00031
-0.00055
-0.00079
-0.00058
-0.00043
-0.00049
-0.00079
-0.00125
-0.00128
-0.00140
-0.00110
-0.00079
-0.00076
-0.00067
-0.00073
-0.00073
-0.00067
-0.00058
-0.00055
-0.00049
-0.00043
-0.00067
-0.00085
-0.00067
-0.00058
-0.00052
-0.00061
-0.00061
0.00000
0.00000
0.00000
0.00000
0.00000
0.00000
0.00000
0.00000
0.00000
0.00000
0.00000
0.00000
0.00000
0.00000
0.00000
0.00000
0.00000
0.00000
0.00000
0.00000
0.00000
0.00000
0.00000
0.00000
0.00000
0.00000
0.00000
0.00000
0.00000
0.00000
0.00000
0.00000
0.00000
0.00000
0.00000
0.00000
0.00000
0.00000
0.00000
0.00000
0.00000
0.00000
0.00000
0.00000
0.00000
0.00000
0.00000
0.00000
0.00000
0.00000
0.00000
0.00000
0.00000
0.00000
0.00000
0.00000
0.00000
0.00000
0.00000
0.00000
0.00000
0.00000
0.00000
0.00000
0.00000
0.00000
0.00000
0.00000
0.00000
0.00000
0.00000
0.00000
0.00000
0.00000
0.00000
0.00000
0.00000
0.00000
0.00000
0.00000
0.00000
0.00000
0.00000
0.00000
0.00000
0.00000
0.00000
0.00000
0.00000
0.00000
0.00000
0.00000
0.00000
0.00000
0.00000
0.00000
0.00000
0.00000
0.00000
0.00000
0.00000
0.00000
0.00000
0.00000
0.00000
0.00000
0.00000
0.00000
0.00000
0.00000
0.00000
0.00000
0.00000
0.00000
0.00000
0.00000
0.00000
0.00000
0.00000
0.00000
0.00000
0.00000
0.00000
0.00000
0.00000
0.00000
0.00000
0.00000
0.00000
0.00000
0.00000
0.00000
0.00000
0.00000
0.00000
0.00000
0.00000
0.00000
0.00000
0.00000
0.00000
0.00000
0.00000
0.00000
0.00000
0.00000
0.00000
0.00000
0.00000
0.00000
0.00000
0.00000
0.00000
0.00000
0.00000
0.00000
0.00000
0.00000
0.00000
0.00000
0.00000
0.00000
0.00000
0.00000
0.00000
0.00000
0.00000
0.00000
0.00000
0.00000
0.00000
0.00000
0.00000
0.00000
0.00000
0.00000
0.00000
0.00000
0.00000
0.00000
0.00000
0.00000
