-0.00034
-0.00037
-0.00040
-0.00037
-0.00037
-0.00040
-0.00034
-0.00037
-0.00037
-0.00037
-0.00037
-0.00040
-0.00037
-0.00034
-0.00034
-0.00034
-0.00031
-0.00024
-0.00027
-0.00034
-0.00037
-0.00040
-0.00040
-0.00043
-0.00040
-0.00037
-0.00040
-0.00040
-0.00040
-0.00037
-0.00037
-0.00040
-0.00040
-0.00037
-0.00034
-0.00031
-0.00034
-0.00034
-0.00034
-0.00043
-0.00040
-0.00040
-0.00043
-0.00040
-0.00037
-0.00037
-0.00037
-0.00034
-0.00034
-0.00034
-0.00031
-0.00031
-0.00031
-0.00037
-0.00043
-0.00043
-0.00037
-0.00037
-0.00037
-0.00034
-0.00034
-0.00040
-0.00043
-0.00046
-0.00046
-0.00043
-0.00043
-0.00040
-0.00034
-0.00037
-0.00040
-0.00031
-0.00034
-0.00040
-0.00037
-0.00037
-0.00037
-0.00037
-0.00034
-0.00034
-0.00034
-0.00037
-0.00037
-0.00037
-0.00040
-0.00043
-0.00043
-0.00040
-0.00037
-0.00037
-0.00037
-0.00034
-0.00037
-0.00043
-0.00040
-0.00037
-0.00040
-0.00043
-0.00034
-0.00034
-0.00043
-0.00040
-0.00034
-0.00037
-0.00037
-0.00034
-0.00027
-0.00034
-0.00034
-0.00031
-0.00037
-0.00040
-0.00043
-0.00040
-0.00037
-0.00040
-0.00046
-0.00040
-0.00034
-0.00040
-0.00037
-0.00034
-0.00034
-0.00037
-0.00034
-0.00031
-0.00031
-0.00037
-0.00034
-0.00031
-0.00034
-0.00040
-0.00040
-0.00037
-0.00040
-0.00040
-0.00034
-0.00031
-0.00034
-0.00037
-0.00034
-0.00034
-0.00037
-0.00037
-0.00027
-0.00034
-0.00040
-0.00037
-0.00037
-0.00040
-0.00040
-0.00031
-0.00034
-0.00037
-0.00034
-0.00027
-0.00027
-0.00031
-0.00031
-0.00024
-0.00031
-0.00037
-0.00034
-0.00031
-0.00037
-0.00037
-0.00027
-0.00024
-0.00027
-0.00031
-0.00024
-0.00021
-0.00027
-0.00027
-0.00031
-0.00027
-0.00031
-0.00027
-0.00027
-0.00031
-0.00034
-0.00031
-0.00024
-0.00027
-0.00027
-0.00024
-0.00027
-0.00018
-0.00037
-0.00037
-0.00040
-0.00021
-0.00021
-0.00006
-0.00006
-0.00055
-0.00543
-0.03729
-0.03604
-0.02173
-0.01697
0.00220
0.02066
0.03250
0.02716
0.02768
0.01355
-0.00443
-0.01065
-0.01428
-0.00659
0.00375
0.00101
-0.00186
0.00485
0.00372
-0.00140
0.00266
0.00412
0.00046
-0.00040
0.00000
-0.00171
0.00085
0.00119
-0.00229
-0.00101
-0.00058
-0.00281
-0.00220
0.00223
0.00363
0.00360
0.00516
0.00507
0.00299
0.00201
0.00250
0.00095
-0.00009
-0.00058
-0.00116
-0.00095
-0.00031
0.00000
-0.00067
0.00061
0.00113
0.00067
0.00159
0.00250
0.00220
0.00131
0.00174
0.00162
0.00046
-0.00009
-0.00018
-0.00070
-0.00095
-0.00049
-0.00024
0.00000
0.00012
0.00000
0.00018
0.00046
0.00034
-0.00009
-0.00031
-0.00052
-0.00003
0.00021
0.00052
0.00073
0.00037
-0.00003
-0.00015
-0.00085
-0.00189
-0.00146
-0.00098
-0.00049
-0.00012
0.00000
0.00012
0.00046
0.00040
-0.00037
-0.00043
-0.00067
-0.00119
-0.00140
-0.00140
-0.00134
-0.00122
-0.00110
-0.00070
-0.00018
0.00009
0.00009
0.00018
0.00021
-0.00037
-0.00055
-0.00046
-0.00031
-0.00003
0.00003
-0.00021
-0.00079
-0.00122
-0.00143
-0.00125
-0.00098
-0.00079
-0.00073
-0.00067
-0.00070
-0.00070
-0.00064
-0.00052
-0.00034
-0.00021
-0.00027
-0.00046
-0.00058
-0.00055
-0.00049
-0.00043
-0.00037
-0.00043
0.00000
0.00000
0.00000
0.00000
0.00000
0.00000
0.00000
0.00000
0.00000
0.00000
0.00000
0.00000
0.00000
0.00000
0.00000
0.00000
0.00000
0.00000
0.00000
0.00000
0.00000
0.00000
0.00000
0.00000
0.00000
0.00000
0.00000
0.00000
0.00000
0.00000
0.00000
0.00000
0.00000
0.00000
0.00000
0.00000
0.00000
0.00000
0.00000
0.00000
0.00000
0.00000
0.00000
0.00000
0.00000
0.00000
0.00000
0.00000
0.00000
0.00000
0.00000
0.00000
0.00000
0.00000
0.00000
0.00000
0.00000
0.00000
0.00000
0.00000
0.00000
0.00000
0.00000
0.00000
0.00000
0.00000
0.00000
0.00000
0.00000
0.00000
0.00000
0.00000
0.00000
0.00000
0.00000
0.00000
0.00000
0.00000
0.00000
0.00000
0.00000
0.00000
0.00000
0.00000
0.00000
0.00000
0.00000
0.00000
0.00000
0.00000
0.00000
0.00000
0.00000
0.00000
0.00000
0.00000
0.00000
0.00000
0.00000
0.00000
0.00000
0.00000
0.00000
0.00000
0.00000
0.00000
0.00000
0.00000
0.00000
0.00000
0.00000
0.00000
0.00000
0.00000
0.00000
0.00000
0.00000
0.00000
0.00000
0.00000
0.00000
0.00000
0.00000
0.00000
0.00000
0.00000
0.00000
0.00000
0.00000
0.00000
0.00000
0.00000
0.00000
0.00000
0.00000
0.00000
0.00000
0.00000
0.00000
0.00000
0.00000
0.00000
0.00000
0.00000
0.00000
0.00000
0.00000
0.00000
0.00000
0.00000
0.00000
0.00000
0.00000
0.00000
0.00000
0.00000
0.00000
0.00000
0.00000
0.00000
0.00000
0.00000
0.00000
0.00000
0.00000
0.00000
0.00000
0.00000
0.00000
0.00000
0.00000
0.00000
0.00000
0.00000
0.00000
0.00000
0.00000
0.00000
0.00000
0.00000
