-0.00003
0.00000
0.00000
-0.00006
-0.00012
-0.00009
-0.00009
-0.00012
0.00000
0.00000
0.00003
0.00009
0.00006
0.00000
-0.00006
-0.00009
-0.00009
0.00000
0.00003
0.00006
0.00003
0.00003
0.00000
-0.00009
-0.00012
-0.00009
-0.00015
-0.00006
0.00000
0.00000
0.00006
0.00006
0.00006
0.00000
0.00000
-0.00006
-0.00015
-0.00006
-0.00009
-0.00012
-0.00003
-0.00012
-0.00015
-0.00015
-0.00012
-0.00009
-0.00006
0.00000
0.00000
0.00000
-0.00006
-0.00003
0.00000
-0.00003
-0.00006
-0.00006
-0.00009
-0.00009
-0.00012
-0.00012
-0.00024
-0.00027
-0.00031
-0.00031
0.00000
-0.00006
0.00009
0.00012
0.00003
-0.00006
-0.00012
-0.00012
-0.00027
-0.00031
-0.00018
-0.00012
-0.00012
-0.00003
-0.00003
-0.00018
-0.00024
-0.00018
-0.00018
-0.00021
-0.00015
-0.00012
-0.00003
0.00000
0.00000
-0.00012
-0.00021
-0.00018
-0.00034
-0.00037
-0.00024
-0.00015
-0.00009
0.00000
0.00000
0.00000
-0.00012
-0.00018
-0.00024
-0.00024
-0.00024
-0.00024
-0.00012
-0.00009
-0.00012
-0.00015
-0.00015
-0.00027
-0.00037
-0.00027
-0.00018
-0.00021
-0.00012
0.00000
-0.00003
-0.00009
-0.00012
-0.00015
-0.00018
-0.00018
-0.00024
-0.00021
-0.00024
-0.00027
-0.00024
-0.00021
-0.00021
-0.00024
-0.00031
-0.00024
-0.00015
-0.00015
-0.00015
-0.00015
-0.00021
-0.00027
-0.00027
-0.00021
-0.00021
-0.00021
-0.00021
-0.00031
-0.00027
-0.00024
-0.00027
-0.00015
-0.00015
-0.00021
-0.00031
-0.00024
-0.00024
-0.00027
-0.00018
-0.00015
-0.00012
-0.00015
-0.00021
-0.00031
-0.00037
-0.00040
-0.00040
-0.00031
-0.00018
-0.00021
-0.00012
-0.00018
-0.00018
-0.00021
-0.00027
-0.00021
-0.00021
-0.00027
-0.00024
-0.00027
-0.00018
-0.00046
-0.00012
-0.00067
0.00018
-0.00076
0.00024
-0.00070
-0.00021
0.00015
-0.00143
-0.01425
-0.12222
-0.07120
-0.06049
0.02713
0.13242
0.10764
0.05960
-0.00131
0.01675
-0.03534
-0.05447
-0.03833
-0.01147
0.01764
0.02771
-0.00348
0.01120
0.00708
-0.01599
-0.00262
0.01907
0.00278
-0.00897
0.00406
0.00415
0.00327
0.00528
-0.00027
-0.00757
0.00110
-0.00687
-0.00760
0.00226
0.00406
-0.00195
0.00259
0.00656
0.00256
0.00137
0.00510
0.00354
-0.00330
-0.00308
-0.00275
-0.00064
-0.00079
0.00162
-0.00024
-0.00018
0.00000
0.00195
0.00226
0.00552
0.00388
0.00064
0.00140
0.00043
-0.00247
-0.00278
-0.00049
-0.00015
-0.00192
-0.00092
-0.00003
-0.00101
-0.00018
-0.00061
0.00101
0.00064
-0.00034
0.00049
-0.00037
0.00107
0.00052
0.00024
0.00000
-0.00153
-0.00259
-0.00211
-0.00116
-0.00067
-0.00284
-0.00128
-0.00110
-0.00098
0.00009
0.00073
-0.00031
0.00003
0.00067
0.00000
-0.00009
0.00018
-0.00232
-0.00217
-0.00153
-0.00372
-0.00320
-0.00198
-0.00101
0.00031
0.00070
0.00095
0.00049
-0.00043
-0.00101
-0.00119
0.00024
-0.00018
-0.00061
-0.00009
-0.00131
-0.00201
-0.00220
-0.00204
-0.00204
-0.00165
-0.00092
-0.00113
-0.00122
-0.00085
-0.00055
-0.00052
-0.00058
-0.00034
-0.00043
-0.00092
-0.00107
-0.00110
-0.00085
-0.00067
-0.00052
-0.00061
-0.00131
-0.00201
-0.00211
-0.00156
-0.00076
-0.00043
-0.00015
0.00015
0.00021
0.00012
0.00021
0.00058
0.00031
-0.00015
-0.00046
-0.00085
-0.00119
-0.00137
-0.00122
-0.00098
-0.00076
-0.00055
-0.00064
-0.00064
-0.00082
-0.00104
-0.00076
-0.00101
-0.00125
-0.00110
-0.00034
0.00012
-0.00027
0.00000
0.00000
0.00000
0.00000
0.00000
0.00000
0.00000
0.00000
0.00000
0.00000
0.00000
0.00000
0.00000
0.00000
0.00000
0.00000
0.00000
0.00000
0.00000
0.00000
0.00000
0.00000
0.00000
0.00000
0.00000
0.00000
0.00000
0.00000
0.00000
0.00000
0.00000
0.00000
0.00000
0.00000
0.00000
0.00000
0.00000
0.00000
0.00000
0.00000
0.00000
0.00000
0.00000
0.00000
0.00000
0.00000
0.00000
0.00000
0.00000
0.00000
0.00000
0.00000
0.00000
0.00000
0.00000
0.00000
0.00000
0.00000
0.00000
0.00000
0.00000
0.00000
0.00000
0.00000
0.00000
0.00000
0.00000
0.00000
0.00000
0.00000
0.00000
0.00000
0.00000
0.00000
0.00000
0.00000
0.00000
0.00000
0.00000
0.00000
0.00000
0.00000
0.00000
0.00000
0.00000
0.00000
0.00000
0.00000
0.00000
0.00000
0.00000
0.00000
0.00000
0.00000
0.00000
0.00000
0.00000
0.00000
0.00000
0.00000
0.00000
0.00000
0.00000
0.00000
0.00000
0.00000
0.00000
0.00000
0.00000
0.00000
0.00000
0.00000
0.00000
0.00000
0.00000
0.00000
0.00000
0.00000
0.00000
0.00000
0.00000
0.00000
0.00000
0.00000
0.00000
0.00000
0.00000
0.00000
0.00000
0.00000
0.00000
0.00000
0.00000
0.00000
0.00000
0.00000
0.00000
0.00000
0.00000
0.00000
0.00000
0.00000
0.00000
0.00000
0.00000
0.00000
0.00000
0.00000
0.00000
0.00000
0.00000
0.00000
0.00000
0.00000
0.00000
0.00000
