-0.00034
-0.00037
-0.00037
-0.00031
-0.00034
-0.00040
-0.00037
-0.00034
-0.00034
-0.00037
-0.00037
-0.00034
-0.00034
-0.00037
-0.00037
-0.00037
-0.00040
-0.00037
-0.00037
-0.00034
-0.00031
-0.00034
-0.00037
-0.00027
-0.00034
-0.00040
-0.00037
-0.00037
-0.00040
-0.00040
-0.00037
-0.00037
-0.00034
-0.00034
-0.00037
-0.00034
-0.00040
-0.00037
-0.00034
-0.00037
-0.00037
-0.00037
-0.00037
-0.00034
-0.00034
-0.00034
-0.00031
-0.00034
-0.00037
-0.00034
-0.00037
-0.00037
-0.00040
-0.00037
-0.00034
-0.00037
-0.00037
-0.00027
-0.00046
-0.00034
-0.00031
-0.00043
-0.00037
-0.00034
-0.00037
-0.00034
-0.00031
-0.00034
-0.00037
-0.00037
-0.00031
-0.00031
-0.00031
-0.00027
-0.00031
-0.00034
-0.00034
-0.00034
-0.00040
-0.00031
-0.00031
-0.00037
-0.00031
-0.00027
-0.00031
-0.00031
-0.00024
-0.00031
-0.00037
-0.00031
-0.00031
-0.00034
-0.00027
-0.00027
-0.00027
-0.00024
-0.00027
-0.00031
-0.00031
-0.00031
-0.00034
-0.00031
-0.00024
-0.00021
-0.00031
-0.00027
-0.00018
-0.00024
-0.00027
-0.00021
-0.00021
-0.00027
-0.00024
-0.00024
-0.00024
-0.00024
-0.00024
-0.00027
-0.00024
-0.00021
-0.00024
-0.00024
-0.00018
-0.00021
-0.00027
-0.00024
-0.00018
-0.00021
-0.00021
-0.00021
-0.00021
-0.00021
-0.00021
-0.00024
-0.00021
-0.00018
-0.00021
-0.00018
-0.00015
-0.00015
-0.00015
-0.00021
-0.00015
-0.00021
-0.00021
-0.00021
-0.00021
-0.00018
-0.00018
-0.00018
-0.00015
-0.00012
-0.00015
-0.00012
-0.00012
-0.00012
-0.00015
-0.00018
-0.00015
-0.00018
-0.00021
-0.00018
-0.00018
-0.00012
-0.00012
-0.00015
-0.00012
-0.00018
-0.00018
-0.00012
-0.00012
-0.00015
-0.00012
-0.00012
-0.00009
-0.00009
-0.00009
-0.00031
0.00024
-0.00085
0.00101
-0.00204
0.00278
-0.00458
0.00214
-0.08267
-0.08493
-0.00281
-0.02640
0.00632
0.03531
0.03998
0.05072
0.07739
0.02618
0.00049
-0.01016
-0.02689
-0.02106
-0.00027
-0.00623
-0.01843
0.01550
0.01212
-0.00308
0.01611
0.01010
-0.00610
0.00830
0.00714
-0.00342
0.00244
-0.00079
-0.01196
-0.00317
0.00189
-0.00626
-0.00198
0.00836
0.00507
0.00186
0.00607
0.00458
0.00119
0.00110
0.00378
-0.00064
-0.00024
0.00116
-0.00061
-0.00168
0.00082
-0.00162
-0.00351
-0.00137
0.00070
-0.00049
0.00116
0.00452
0.00299
0.00168
0.00317
0.00226
0.00006
-0.00070
-0.00073
-0.00131
-0.00159
-0.00089
-0.00107
-0.00085
-0.00027
-0.00034
0.00018
0.00049
0.00079
-0.00009
0.00049
0.00122
0.00040
-0.00024
0.00037
-0.00055
-0.00131
-0.00156
-0.00119
-0.00168
-0.00180
-0.00092
-0.00131
-0.00125
0.00000
-0.00031
0.00082
0.00128
0.00110
0.00076
0.00003
-0.00143
-0.00278
-0.00256
-0.00278
-0.00189
-0.00131
-0.00061
0.00046
0.00079
0.00024
0.00006
0.00018
-0.00003
-0.00009
0.00000
-0.00003
-0.00018
-0.00037
-0.00052
-0.00082
-0.00092
-0.00101
-0.00095
-0.00110
-0.00131
-0.00110
-0.00119
-0.00113
-0.00064
-0.00052
-0.00027
-0.00018
-0.00027
-0.00018
-0.00034
-0.00040
-0.00049
-0.00021
-0.00006
-0.00043
-0.00067
-0.00079
-0.00104
-0.00134
-0.00107
-0.00070
-0.00040
0.00003
0.00043
0.00092
0.00110
0.00125
0.00119
0.00098
0.00064
0.00000
-0.00034
-0.00049
-0.00082
-0.00104
-0.00082
-0.00058
-0.00055
-0.00043
-0.00018
-0.00024
-0.00034
-0.00018
-0.00006
-0.00003
-0.00052
-0.00085
-0.00049
-0.00037
-0.00049
-0.00040
-0.00031
0.00000
0.00000
0.00000
0.00000
0.00000
0.00000
0.00000
0.00000
0.00000
0.00000
0.00000
0.00000
0.00000
0.00000
0.00000
0.00000
0.00000
0.00000
0.00000
0.00000
0.00000
0.00000
0.00000
0.00000
0.00000
0.00000
0.00000
0.00000
0.00000
0.00000
0.00000
0.00000
0.00000
0.00000
0.00000
0.00000
0.00000
0.00000
0.00000
0.00000
0.00000
0.00000
0.00000
0.00000
0.00000
0.00000
0.00000
0.00000
0.00000
0.00000
0.00000
0.00000
0.00000
0.00000
0.00000
0.00000
0.00000
0.00000
0.00000
0.00000
0.00000
0.00000
0.00000
0.00000
0.00000
0.00000
0.00000
0.00000
0.00000
0.00000
0.00000
0.00000
0.00000
0.00000
0.00000
0.00000
0.00000
0.00000
0.00000
0.00000
0.00000
0.00000
0.00000
0.00000
0.00000
0.00000
0.00000
0.00000
0.00000
0.00000
0.00000
0.00000
0.00000
0.00000
0.00000
0.00000
0.00000
0.00000
0.00000
0.00000
0.00000
0.00000
0.00000
0.00000
0.00000
0.00000
0.00000
0.00000
0.00000
0.00000
0.00000
0.00000
0.00000
0.00000
0.00000
0.00000
0.00000
0.00000
0.00000
0.00000
0.00000
0.00000
0.00000
0.00000
0.00000
0.00000
0.00000
0.00000
0.00000
0.00000
0.00000
0.00000
0.00000
0.00000
0.00000
0.00000
0.00000
0.00000
0.00000
0.00000
0.00000
0.00000
0.00000
0.00000
0.00000
0.00000
0.00000
0.00000
0.00000
0.00000
0.00000
0.00000
0.00000
0.00000
0.00000
0.00000
0.00000
