-0.00018
-0.00021
-0.00024
-0.00024
-0.00018
-0.00012
-0.00015
-0.00012
-0.00009
-0.00012
-0.00018
-0.00018
-0.00021
-0.00027
-0.00024
-0.00015
-0.00015
-0.00012
-0.00009
-0.00015
-0.00018
-0.00021
-0.00024
-0.00024
-0.00018
-0.00021
-0.00015
-0.00015
-0.00018
-0.00018
-0.00015
-0.00012
-0.00015
-0.00012
-0.00012
-0.00015
-0.00018
-0.00015
-0.00015
-0.00021
-0.00024
-0.00018
-0.00015
-0.00021
-0.00021
-0.00012
-0.00009
-0.00018
-0.00012
-0.00012
-0.00024
-0.00024
-0.00015
-0.00015
-0.00015
-0.00012
-0.00015
-0.00018
-0.00018
-0.00018
-0.00015
-0.00015
-0.00015
-0.00015
-0.00018
-0.00021
-0.00018
-0.00018
-0.00015
-0.00015
-0.00015
-0.00015
-0.00018
-0.00015
-0.00018
-0.00018
-0.00015
-0.00015
-0.00015
-0.00012
-0.00009
-0.00012
-0.00018
-0.00018
-0.00018
-0.00021
-0.00018
-0.00012
-0.00015
-0.00015
-0.00015
-0.00018
-0.00018
-0.00018
-0.00015
-0.00012
-0.00012
-0.00015
-0.00009
-0.00006
-0.00018
-0.00021
-0.00012
-0.00015
-0.00015
-0.00012
-0.00015
-0.00018
-0.00018
-0.00012
-0.00012
-0.00015
-0.00015
-0.00015
-0.00018
-0.00021
-0.00021
-0.00021
-0.00018
-0.00015
-0.00012
-0.00009
-0.00012
-0.00018
-0.00015
-0.00006
-0.00009
-0.00015
-0.00015
-0.00012
-0.00021
-0.00021
-0.00015
-0.00018
-0.00018
-0.00009
-0.00012
-0.00015
-0.00015
-0.00015
-0.00015
-0.00012
-0.00009
-0.00009
-0.00012
-0.00015
-0.00015
-0.00015
-0.00015
-0.00009
-0.00009
-0.00006
-0.00009
-0.00015
-0.00018
-0.00015
-0.00012
-0.00012
-0.00006
0.00000
-0.00012
-0.00012
-0.00012
-0.00021
-0.00021
-0.00015
-0.00009
-0.00009
-0.00003
-0.00003
-0.00009
-0.00009
-0.00012
-0.00018
-0.00012
-0.00006
-0.00009
-0.00009
0.00000
0.00000
-0.00009
-0.00018
-0.00012
-0.00006
-0.00018
-0.00012
-0.00015
-0.00015
-0.00006
-0.00009
-0.00003
-0.00003
-0.00003
-0.00012
-0.00012
-0.00003
-0.00015
-0.00012
-0.00024
-0.00012
-0.00034
0.00024
-0.00018
0.00015
-0.00671
-0.02151
-0.02515
-0.02405
-0.01074
-0.00116
0.00888
0.01517
0.01199
0.01202
0.00839
0.00586
0.00415
0.00052
-0.00110
-0.00174
-0.00250
-0.00052
0.00070
0.00214
0.00317
0.00388
0.00330
0.00134
0.00122
0.00223
0.00208
0.00162
0.00113
0.00092
0.00104
0.00070
0.00018
-0.00049
-0.00021
0.00046
0.00110
0.00189
0.00238
0.00174
0.00226
0.00159
0.00177
0.00171
0.00052
0.00043
-0.00006
-0.00012
-0.00098
-0.00058
-0.00003
0.00021
0.00119
0.00137
0.00131
0.00131
0.00153
0.00143
0.00146
0.00116
0.00064
0.00055
0.00006
-0.00031
-0.00037
-0.00040
-0.00055
-0.00052
-0.00021
-0.00015
-0.00064
-0.00021
0.00104
0.00027
0.00107
0.00159
0.00034
-0.00006
0.00009
-0.00095
-0.00204
-0.00113
-0.00125
-0.00110
-0.00034
-0.00055
-0.00027
0.00037
-0.00015
-0.00052
0.00003
0.00000
-0.00073
-0.00055
-0.00061
-0.00131
-0.00076
-0.00052
-0.00092
-0.00107
-0.00098
-0.00092
-0.00089
-0.00067
-0.00046
-0.00021
-0.00003
-0.00012
-0.00027
-0.00027
-0.00034
-0.00021
-0.00009
-0.00031
-0.00070
-0.00107
-0.00119
-0.00119
-0.00089
-0.00070
-0.00067
-0.00070
-0.00070
-0.00058
-0.00067
-0.00079
-0.00076
-0.00046
-0.00031
-0.00049
-0.00070
-0.00085
-0.00082
-0.00070
-0.00061
-0.00058
-0.00070
-0.00076
-0.00058
-0.00049
-0.00061
-0.00064
-0.00043
-0.00027
-0.00015
0.00006
0.00000
0.00000
0.00000
0.00000
0.00000
0.00000
0.00000
0.00000
0.00000
0.00000
0.00000
0.00000
0.00000
0.00000
0.00000
0.00000
0.00000
0.00000
0.00000
0.00000
0.00000
0.00000
0.00000
0.00000
0.00000
0.00000
0.00000
0.00000
0.00000
0.00000
0.00000
0.00000
0.00000
0.00000
0.00000
0.00000
0.00000
0.00000
0.00000
0.00000
0.00000
0.00000
0.00000
0.00000
0.00000
0.00000
0.00000
0.00000
0.00000
0.00000
0.00000
0.00000
0.00000
0.00000
0.00000
0.00000
0.00000
0.00000
0.00000
0.00000
0.00000
0.00000
0.00000
0.00000
0.00000
0.00000
0.00000
0.00000
0.00000
0.00000
0.00000
0.00000
0.00000
0.00000
0.00000
0.00000
0.00000
0.00000
0.00000
0.00000
0.00000
0.00000
0.00000
0.00000
0.00000
0.00000
0.00000
0.00000
0.00000
0.00000
0.00000
0.00000
0.00000
0.00000
0.00000
0.00000
0.00000
0.00000
0.00000
0.00000
0.00000
0.00000
0.00000
0.00000
0.00000
0.00000
0.00000
0.00000
0.00000
0.00000
0.00000
0.00000
0.00000
0.00000
0.00000
0.00000
0.00000
0.00000
0.00000
0.00000
0.00000
0.00000
0.00000
0.00000
0.00000
0.00000
0.00000
0.00000
0.00000
0.00000
0.00000
0.00000
0.00000
0.00000
0.00000
0.00000
0.00000
0.00000
0.00000
0.00000
0.00000
0.00000
0.00000
0.00000
0.00000
0.00000
0.00000
0.00000
0.00000
0.00000
0.00000
0.00000
0.00000
0.00000
0.00000
0.00000
0.00000
0.00000
0.00000
0.00000
0.00000
0.00000
