0.00000
0.00000
0.00000
0.00000
0.00000
-0.00003
-0.00003
-0.00003
-0.00006
-0.00009
-0.00003
0.00000
-0.00003
-0.00003
0.00000
0.00000
0.00000
0.00000
0.00000
-0.00003
-0.00012
-0.00009
-0.00006
-0.00006
-0.00006
-0.00009
-0.00009
-0.00009
-0.00009
-0.00012
-0.00006
-0.00003
-0.00006
0.00000
-0.00006
0.00009
0.00000
0.00000
0.00000
-0.00003
-0.00006
-0.00012
-0.00009
-0.00009
-0.00015
-0.00015
-0.00015
-0.00015
-0.00012
-0.00012
-0.00006
-0.00006
-0.00015
-0.00012
-0.00012
-0.00009
-0.00015
-0.00015
-0.00009
-0.00012
-0.00015
-0.00015
-0.00009
-0.00009
0.00000
-0.00003
0.00000
-0.00006
-0.00018
-0.00012
-0.00024
-0.00027
-0.00024
-0.00015
-0.00006
-0.00006
-0.00003
-0.00003
-0.00003
-0.00012
-0.00012
-0.00015
-0.00021
-0.00021
-0.00018
-0.00015
-0.00015
-0.00018
-0.00027
-0.00027
-0.00027
-0.00024
-0.00018
-0.00015
-0.00012
-0.00012
-0.00009
-0.00009
-0.00012
-0.00018
-0.00027
-0.00027
-0.00027
-0.00021
-0.00015
-0.00015
-0.00012
-0.00015
-0.00015
-0.00021
-0.00021
-0.00027
-0.00034
-0.00027
-0.00027
-0.00024
-0.00021
-0.00015
-0.00015
-0.00012
-0.00012
-0.00018
-0.00021
-0.00024
-0.00031
-0.00031
-0.00027
-0.00024
-0.00024
-0.00018
-0.00021
-0.00024
-0.00024
-0.00018
-0.00021
-0.00024
-0.00018
-0.00021
-0.00021
-0.00024
-0.00024
-0.00024
-0.00027
-0.00027
-0.00024
-0.00021
-0.00021
-0.00024
-0.00027
-0.00031
-0.00040
-0.00034
-0.00031
-0.00031
-0.00027
-0.00027
-0.00018
-0.00018
-0.00018
-0.00018
-0.00024
-0.00024
-0.00034
-0.00031
-0.00031
-0.00031
-0.00027
-0.00024
-0.00021
-0.00027
-0.00027
-0.00027
-0.00027
-0.00031
-0.00037
-0.00034
-0.00031
-0.00031
-0.00034
-0.00034
-0.00034
-0.00031
-0.00034
-0.00018
-0.00043
0.00009
-0.00095
0.00061
-0.00198
0.00183
-0.00400
0.00198
-0.05142
-0.06531
-0.02896
-0.03915
0.04660
0.05789
0.05612
0.02438
0.00992
0.01862
0.00745
-0.00928
-0.03369
-0.02875
-0.01935
-0.00632
0.01129
0.03149
0.01358
-0.00446
-0.00427
0.00104
0.00562
0.00137
-0.00491
-0.00064
0.00299
0.00220
-0.00342
-0.00317
-0.00095
-0.00220
-0.00223
-0.00034
0.00275
-0.00089
-0.00055
0.00400
0.00726
0.00513
0.00415
-0.00101
-0.00146
-0.00012
-0.00043
-0.00168
-0.00229
-0.00235
-0.00211
0.00037
0.00253
0.00238
0.00229
0.00360
0.00269
0.00110
0.00101
0.00089
-0.00040
-0.00095
-0.00095
-0.00208
-0.00241
-0.00092
-0.00092
0.00003
0.00055
-0.00043
0.00000
-0.00073
-0.00012
0.00070
0.00150
0.00107
-0.00031
-0.00046
-0.00070
-0.00128
-0.00131
-0.00186
-0.00082
-0.00089
-0.00162
-0.00116
-0.00076
-0.00015
-0.00098
0.00021
-0.00092
-0.00061
0.00052
0.00027
0.00113
-0.00116
-0.00290
-0.00183
-0.00159
-0.00262
-0.00238
-0.00146
-0.00070
0.00061
0.00024
-0.00003
0.00012
0.00009
-0.00064
-0.00043
0.00003
-0.00110
-0.00079
-0.00128
-0.00186
-0.00174
-0.00168
-0.00180
-0.00125
-0.00027
-0.00037
-0.00122
-0.00143
-0.00134
-0.00067
-0.00043
-0.00092
-0.00089
-0.00098
-0.00092
-0.00092
-0.00061
-0.00058
-0.00085
-0.00095
-0.00104
-0.00137
-0.00156
-0.00150
-0.00089
-0.00043
-0.00043
-0.00052
-0.00058
-0.00027
0.00015
0.00055
0.00027
-0.00040
-0.00061
-0.00049
-0.00058
-0.00104
-0.00146
-0.00150
-0.00119
-0.00073
-0.00049
-0.00073
-0.00116
-0.00140
-0.00137
-0.00095
-0.00070
-0.00064
-0.00046
-0.00043
-0.00061
0.00000
0.00000
0.00000
0.00000
0.00000
0.00000
0.00000
0.00000
0.00000
0.00000
0.00000
0.00000
0.00000
0.00000
0.00000
0.00000
0.00000
0.00000
0.00000
0.00000
0.00000
0.00000
0.00000
0.00000
0.00000
0.00000
0.00000
0.00000
0.00000
0.00000
0.00000
0.00000
0.00000
0.00000
0.00000
0.00000
0.00000
0.00000
0.00000
0.00000
0.00000
0.00000
0.00000
0.00000
0.00000
0.00000
0.00000
0.00000
0.00000
0.00000
0.00000
0.00000
0.00000
0.00000
0.00000
0.00000
0.00000
0.00000
0.00000
0.00000
0.00000
0.00000
0.00000
0.00000
0.00000
0.00000
0.00000
0.00000
0.00000
0.00000
0.00000
0.00000
0.00000
0.00000
0.00000
0.00000
0.00000
0.00000
0.00000
0.00000
0.00000
0.00000
0.00000
0.00000
0.00000
0.00000
0.00000
0.00000
0.00000
0.00000
0.00000
0.00000
0.00000
0.00000
0.00000
0.00000
0.00000
0.00000
0.00000
0.00000
0.00000
0.00000
0.00000
0.00000
0.00000
0.00000
0.00000
0.00000
0.00000
0.00000
0.00000
0.00000
0.00000
0.00000
0.00000
0.00000
0.00000
0.00000
0.00000
0.00000
0.00000
0.00000
0.00000
0.00000
0.00000
0.00000
0.00000
0.00000
0.00000
0.00000
0.00000
0.00000
0.00000
0.00000
0.00000
0.00000
0.00000
0.00000
0.00000
0.00000
0.00000
0.00000
0.00000
0.00000
0.00000
0.00000
0.00000
0.00000
0.00000
0.00000
0.00000
0.00000
0.00000
0.00000
