-0.00018
-0.00018
-0.00015
-0.00021
-0.00021
-0.00018
-0.00021
-0.00018
-0.00018
-0.00015
-0.00015
-0.00018
-0.00018
-0.00015
-0.00015
-0.00015
-0.00015
-0.00012
-0.00009
-0.00015
-0.00021
-0.00018
-0.00021
-0.00021
-0.00021
-0.00018
-0.00021
-0.00021
-0.00021
-0.00018
-0.00021
-0.00018
-0.00018
-0.00018
-0.00027
-0.00009
-0.00012
-0.00015
-0.00018
-0.00021
-0.00024
-0.00027
-0.00024
-0.00021
-0.00021
-0.00018
-0.00012
-0.00015
-0.00015
-0.00015
-0.00012
-0.00018
-0.00018
-0.00015
-0.00021
-0.00021
-0.00024
-0.00021
-0.00021
-0.00018
-0.00015
-0.00018
-0.00027
-0.00009
-0.00024
-0.00021
-0.00018
-0.00024
-0.00021
-0.00021
-0.00012
-0.00012
-0.00015
-0.00018
-0.00018
-0.00024
-0.00021
-0.00018
-0.00021
-0.00018
-0.00015
-0.00018
-0.00021
-0.00018
-0.00024
-0.00021
-0.00021
-0.00024
-0.00021
-0.00021
-0.00018
-0.00021
-0.00024
-0.00021
-0.00021
-0.00021
-0.00018
-0.00021
-0.00021
-0.00024
-0.00021
-0.00021
-0.00021
-0.00018
-0.00021
-0.00021
-0.00021
-0.00021
-0.00027
-0.00021
-0.00018
-0.00021
-0.00018
-0.00018
-0.00021
-0.00024
-0.00021
-0.00021
-0.00021
-0.00021
-0.00021
-0.00018
-0.00018
-0.00015
-0.00021
-0.00021
-0.00021
-0.00021
-0.00021
-0.00018
-0.00015
-0.00021
-0.00018
-0.00021
-0.00021
-0.00021
-0.00021
-0.00021
-0.00024
-0.00024
-0.00021
-0.00018
-0.00021
-0.00018
-0.00021
-0.00021
-0.00018
-0.00018
-0.00012
-0.00018
-0.00018
-0.00021
-0.00024
-0.00021
-0.00027
-0.00027
-0.00021
-0.00015
-0.00012
-0.00012
-0.00009
-0.00015
-0.00015
-0.00018
-0.00021
-0.00024
-0.00031
-0.00024
-0.00024
-0.00024
-0.00027
-0.00031
-0.00021
-0.00018
-0.00015
-0.00009
-0.00015
-0.00012
-0.00024
-0.00009
-0.00034
-0.00012
-0.00027
-0.00049
0.00046
-0.00168
0.00226
-0.00421
-0.00455
-0.09909
-0.05750
-0.03876
-0.01303
0.09341
0.06592
0.07248
0.00455
0.01422
0.01010
0.00256
-0.02808
-0.04443
-0.03186
-0.01538
0.00616
0.03058
0.03918
0.00153
-0.01035
-0.00522
0.00256
0.00702
0.00015
-0.00388
0.00345
0.00180
0.00067
-0.00360
-0.00125
-0.00351
-0.00296
-0.00153
0.00232
0.00467
-0.00082
-0.00018
0.00436
0.00446
0.00180
0.00354
-0.00174
-0.00052
-0.00015
0.00037
-0.00232
-0.00098
-0.00070
-0.00073
0.00082
0.00262
0.00119
0.00211
0.00464
0.00317
0.00153
0.00061
-0.00018
-0.00079
-0.00024
-0.00079
-0.00287
-0.00330
-0.00092
0.00027
0.00128
0.00034
0.00021
0.00021
-0.00131
0.00052
0.00098
0.00159
0.00058
-0.00092
-0.00073
0.00006
0.00003
-0.00107
-0.00229
-0.00098
-0.00171
-0.00146
-0.00095
-0.00061
-0.00015
-0.00009
-0.00052
-0.00070
0.00146
0.00021
-0.00092
0.00027
-0.00183
-0.00037
-0.00024
-0.00366
-0.00208
-0.00137
-0.00113
0.00009
0.00031
-0.00037
-0.00012
0.00015
-0.00034
0.00009
0.00119
-0.00055
-0.00131
-0.00031
-0.00113
-0.00119
-0.00162
-0.00235
-0.00110
-0.00015
-0.00058
-0.00140
-0.00153
-0.00104
-0.00058
0.00015
0.00000
-0.00012
-0.00037
-0.00137
-0.00137
-0.00079
-0.00009
-0.00006
-0.00052
-0.00095
-0.00143
-0.00171
-0.00150
-0.00098
-0.00012
-0.00006
-0.00043
-0.00031
0.00006
0.00070
0.00089
0.00101
0.00064
-0.00009
-0.00064
-0.00079
-0.00070
-0.00098
-0.00140
-0.00143
-0.00089
-0.00018
-0.00009
-0.00037
-0.00085
-0.00122
-0.00067
-0.00009
0.00000
-0.00043
-0.00101
-0.00092
-0.00085
-0.00064
-0.00076
-0.00107
-0.00052
0.00052
0.00000
0.00000
0.00000
0.00000
0.00000
0.00000
0.00000
0.00000
0.00000
0.00000
0.00000
0.00000
0.00000
0.00000
0.00000
0.00000
0.00000
0.00000
0.00000
0.00000
0.00000
0.00000
0.00000
0.00000
0.00000
0.00000
0.00000
0.00000
0.00000
0.00000
0.00000
0.00000
0.00000
0.00000
0.00000
0.00000
0.00000
0.00000
0.00000
0.00000
0.00000
0.00000
0.00000
0.00000
0.00000
0.00000
0.00000
0.00000
0.00000
0.00000
0.00000
0.00000
0.00000
0.00000
0.00000
0.00000
0.00000
0.00000
0.00000
0.00000
0.00000
0.00000
0.00000
0.00000
0.00000
0.00000
0.00000
0.00000
0.00000
0.00000
0.00000
0.00000
0.00000
0.00000
0.00000
0.00000
0.00000
0.00000
0.00000
0.00000
0.00000
0.00000
0.00000
0.00000
0.00000
0.00000
0.00000
0.00000
0.00000
0.00000
0.00000
0.00000
0.00000
0.00000
0.00000
0.00000
0.00000
0.00000
0.00000
0.00000
0.00000
0.00000
0.00000
0.00000
0.00000
0.00000
0.00000
0.00000
0.00000
0.00000
0.00000
0.00000
0.00000
0.00000
0.00000
0.00000
0.00000
0.00000
0.00000
0.00000
0.00000
0.00000
0.00000
0.00000
0.00000
0.00000
0.00000
0.00000
0.00000
0.00000
0.00000
0.00000
0.00000
0.00000
0.00000
0.00000
0.00000
0.00000
0.00000
0.00000
0.00000
0.00000
0.00000
0.00000
0.00000
0.00000
0.00000
0.00000
0.00000
0.00000
0.00000
0.00000
