-0.00024
-0.00024
-0.00031
-0.00031
-0.00031
-0.00034
-0.00034
-0.00031
-0.00031
-0.00031
-0.00027
-0.00027
-0.00024
-0.00024
-0.00031
-0.00027
-0.00031
-0.00040
-0.00031
-0.00027
-0.00027
-0.00027
-0.00021
-0.00027
-0.00031
-0.00034
-0.00037
-0.00034
-0.00031
-0.00031
-0.00034
-0.00027
-0.00027
-0.00027
-0.00043
-0.00031
-0.00034
-0.00037
-0.00034
-0.00037
-0.00027
-0.00031
-0.00027
-0.00027
-0.00031
-0.00031
-0.00027
-0.00031
-0.00037
-0.00037
-0.00037
-0.00040
-0.00037
-0.00034
-0.00031
-0.00024
-0.00034
-0.00043
-0.00031
-0.00034
-0.00037
-0.00040
-0.00040
-0.00043
-0.00043
-0.00034
-0.00031
-0.00024
-0.00024
-0.00021
-0.00021
-0.00027
-0.00024
-0.00031
-0.00034
-0.00040
-0.00043
-0.00043
-0.00037
-0.00037
-0.00037
-0.00040
-0.00034
-0.00034
-0.00031
-0.00027
-0.00034
-0.00037
-0.00040
-0.00034
-0.00034
-0.00031
-0.00031
-0.00034
-0.00037
-0.00037
-0.00040
-0.00037
-0.00031
-0.00034
-0.00031
-0.00012
-0.00012
-0.00034
-0.00037
-0.00040
-0.00049
-0.00058
-0.00046
-0.00034
-0.00031
-0.00021
-0.00012
-0.00009
-0.00018
-0.00031
-0.00040
-0.00040
-0.00037
-0.00040
-0.00034
-0.00024
-0.00027
-0.00031
-0.00024
-0.00021
-0.00031
-0.00031
-0.00031
-0.00034
-0.00034
-0.00031
-0.00024
-0.00027
-0.00027
-0.00024
-0.00024
-0.00027
-0.00031
-0.00037
-0.00043
-0.00034
-0.00031
-0.00027
-0.00031
-0.00027
-0.00024
-0.00024
-0.00021
-0.00021
-0.00024
-0.00031
-0.00027
-0.00031
-0.00027
-0.00027
-0.00031
-0.00031
-0.00031
-0.00027
-0.00031
-0.00034
-0.00021
-0.00031
-0.00034
-0.00031
-0.00024
-0.00024
-0.00024
-0.00018
-0.00012
-0.00027
-0.00018
-0.00037
0.00000
-0.00067
0.00021
-0.00101
0.00055
-0.00137
0.00110
-0.00180
0.00183
-0.03268
-0.13956
-0.07455
-0.01080
0.02206
0.06522
0.10510
0.10196
0.02145
0.00082
0.00256
0.01746
-0.02887
-0.08295
-0.06195
-0.00049
0.02148
0.02582
0.03186
0.01941
0.00073
-0.00275
0.00058
0.00427
0.00595
-0.00034
-0.00739
0.00037
0.00214
-0.00870
-0.00427
0.00317
0.00293
-0.00522
-0.00201
0.00278
0.00119
0.00568
0.00964
0.00418
0.00162
0.00189
-0.00119
-0.00314
-0.00165
-0.00455
-0.00528
-0.00156
-0.00061
-0.00146
0.00150
0.00464
0.00269
0.00403
0.00656
0.00403
-0.00104
-0.00137
0.00058
-0.00067
-0.00247
-0.00250
-0.00409
-0.00327
-0.00146
0.00034
0.00272
0.00095
-0.00058
-0.00055
0.00089
0.00150
0.00049
0.00073
0.00052
-0.00061
-0.00198
-0.00186
-0.00058
-0.00162
-0.00217
-0.00058
-0.00104
-0.00214
-0.00146
0.00006
0.00070
-0.00024
-0.00089
-0.00040
0.00058
0.00055
-0.00070
-0.00192
-0.00217
-0.00110
-0.00143
-0.00229
-0.00238
-0.00150
0.00128
0.00211
0.00006
-0.00018
-0.00070
-0.00134
-0.00079
0.00058
0.00098
-0.00064
-0.00156
-0.00131
-0.00031
-0.00076
-0.00232
-0.00204
-0.00092
-0.00073
-0.00052
-0.00079
-0.00168
-0.00180
-0.00082
0.00015
0.00021
-0.00031
-0.00110
-0.00089
-0.00003
0.00003
0.00009
0.00000
-0.00064
-0.00143
-0.00186
-0.00180
-0.00177
-0.00140
-0.00037
0.00024
0.00015
-0.00027
0.00009
0.00125
0.00183
0.00171
0.00089
-0.00009
-0.00079
-0.00089
-0.00043
-0.00070
-0.00171
-0.00211
-0.00107
0.00015
0.00018
-0.00018
-0.00046
-0.00052
-0.00009
0.00055
0.00079
0.00000
-0.00143
-0.00186
-0.00168
-0.00159
-0.00122
-0.00037
0.00031
0.00058
0.00064
0.00128
0.00253
0.00223
0.00250
0.00317
0.00226
0.00116
0.00000
-0.00021
-0.00049
-0.00085
-0.00012
0.00006
-0.00043
-0.00089
-0.00021
0.00006
0.00073
0.00122
0.00049
0.00012
0.00021
0.00082
0.00021
0.00040
0.00067
-0.00024
-0.00055
-0.00067
-0.00092
-0.00076
-0.00021
0.00040
-0.00107
-0.00266
-0.00229
-0.00156
-0.00024
0.00052
0.00211
0.00226
0.00189
0.00287
0.00323
0.00235
0.00104
-0.00037
-0.00113
0.00009
0.00015
-0.00037
-0.00107
-0.00055
-0.00058
-0.00150
0.00000
0.00043
0.00021
-0.00031
-0.00049
0.00006
-0.00034
-0.00058
-0.00150
-0.00171
0.00003
0.00027
0.00046
0.00079
0.00125
0.00156
0.00009
0.00052
0.00113
0.00055
0.00098
0.00125
0.00168
0.00046
-0.00095
-0.00040
-0.00064
-0.00089
-0.00043
-0.00092
-0.00085
-0.00052
-0.00092
-0.00092
-0.00061
0.00006
-0.00079
-0.00119
0.00027
0.00009
0.00000
0.00098
0.00159
0.00095
0.00000
0.00070
0.00021
0.00000
0.00000
0.00000
0.00000
0.00000
0.00000
0.00000
0.00000
0.00000
0.00000
0.00000
0.00000
0.00000
0.00000
0.00000
0.00000
0.00000
0.00000
0.00000
0.00000
0.00000
0.00000
0.00000
0.00000
0.00000
0.00000
0.00000
0.00000
0.00000
0.00000
0.00000
0.00000
0.00000
0.00000
0.00000
0.00000
0.00000
0.00000
0.00000
0.00000
0.00000
0.00000
0.00000
0.00000
0.00000
0.00000
0.00000
0.00000
0.00000
0.00000
0.00000
0.00000
0.00000
0.00000
