-0.00003
-0.00009
-0.00009
-0.00015
-0.00024
-0.00027
-0.00024
-0.00021
-0.00018
-0.00015
-0.00015
-0.00012
-0.00012
-0.00015
-0.00015
-0.00012
-0.00018
-0.00024
-0.00021
-0.00018
-0.00018
-0.00015
-0.00012
-0.00009
-0.00009
-0.00012
-0.00012
-0.00015
-0.00015
-0.00021
-0.00024
-0.00021
-0.00024
-0.00021
-0.00031
-0.00006
-0.00006
-0.00009
-0.00006
-0.00006
-0.00003
-0.00009
-0.00006
-0.00009
-0.00018
-0.00018
-0.00018
-0.00018
-0.00018
-0.00018
-0.00018
-0.00015
-0.00012
-0.00009
-0.00006
-0.00006
-0.00006
-0.00006
-0.00009
-0.00012
-0.00015
-0.00018
-0.00018
-0.00018
-0.00015
-0.00012
-0.00012
-0.00018
-0.00015
-0.00012
-0.00015
-0.00012
-0.00006
-0.00009
-0.00012
-0.00021
-0.00021
-0.00021
-0.00024
-0.00021
-0.00012
-0.00003
-0.00006
-0.00006
-0.00009
-0.00012
-0.00018
-0.00024
-0.00021
-0.00018
-0.00018
-0.00012
-0.00006
-0.00003
-0.00003
-0.00009
-0.00015
-0.00018
-0.00018
-0.00018
-0.00018
-0.00015
-0.00012
-0.00012
-0.00009
-0.00009
-0.00009
-0.00009
-0.00012
-0.00009
-0.00006
-0.00006
-0.00009
-0.00006
-0.00006
-0.00009
-0.00009
-0.00012
-0.00015
-0.00018
-0.00015
-0.00015
-0.00018
-0.00018
-0.00012
-0.00009
-0.00009
-0.00003
-0.00003
-0.00009
-0.00015
-0.00015
-0.00012
-0.00012
-0.00015
-0.00012
-0.00003
-0.00003
-0.00006
-0.00003
-0.00003
-0.00009
-0.00015
-0.00012
-0.00015
-0.00012
-0.00015
-0.00009
-0.00006
-0.00006
-0.00003
0.00000
-0.00003
-0.00009
-0.00012
-0.00015
-0.00018
-0.00018
-0.00015
-0.00009
-0.00006
-0.00006
0.00000
0.00003
0.00000
-0.00003
-0.00003
-0.00009
-0.00012
-0.00015
-0.00012
-0.00012
-0.00015
-0.00015
-0.00012
-0.00006
-0.00006
-0.00003
0.00000
0.00000
-0.00003
-0.00006
-0.00006
-0.00012
-0.00015
-0.00012
-0.00009
-0.00006
-0.00012
-0.00006
-0.00018
-0.00027
0.00000
-0.00040
0.00055
-0.00085
-0.00192
-0.03372
-0.03217
-0.01099
-0.01874
-0.00943
-0.00040
0.02530
0.03928
0.02682
0.01147
0.00940
0.01157
-0.00372
-0.01697
-0.01086
-0.00537
-0.00455
-0.00113
0.00320
0.00818
0.00684
-0.00287
-0.00238
0.00543
0.00473
-0.00110
-0.00211
0.00183
0.00085
-0.00067
-0.00253
-0.00217
-0.00034
0.00006
0.00000
0.00104
0.00385
0.00497
0.00397
0.00327
0.00427
0.00266
0.00034
-0.00082
-0.00076
-0.00089
-0.00076
-0.00104
-0.00107
0.00055
0.00177
0.00070
0.00082
0.00250
0.00244
0.00168
0.00159
0.00192
0.00159
0.00018
-0.00055
-0.00031
-0.00024
-0.00128
-0.00226
-0.00052
0.00137
0.00092
0.00003
0.00009
0.00076
0.00024
-0.00031
-0.00024
0.00055
0.00198
0.00031
-0.00040
0.00000
-0.00067
0.00000
-0.00061
-0.00119
-0.00128
-0.00116
-0.00113
-0.00027
0.00079
0.00058
0.00006
-0.00006
-0.00034
0.00003
0.00031
-0.00079
-0.00143
-0.00153
-0.00146
-0.00085
-0.00101
-0.00092
-0.00070
-0.00031
0.00012
0.00037
0.00040
0.00015
-0.00012
-0.00027
-0.00027
-0.00006
-0.00003
-0.00070
-0.00125
-0.00125
-0.00085
-0.00098
-0.00119
-0.00113
-0.00079
-0.00070
-0.00064
-0.00027
-0.00015
-0.00037
-0.00055
-0.00040
-0.00031
-0.00055
-0.00070
-0.00034
-0.00009
-0.00034
-0.00061
-0.00070
-0.00067
-0.00079
-0.00095
-0.00082
-0.00046
-0.00027
-0.00034
-0.00012
0.00006
0.00015
0.00018
0.00018
0.00018
0.00003
-0.00012
-0.00006
0.00000
0.00000
0.00000
0.00000
0.00000
0.00000
0.00000
0.00000
0.00000
0.00000
0.00000
0.00000
0.00000
0.00000
0.00000
0.00000
0.00000
0.00000
0.00000
0.00000
0.00000
0.00000
0.00000
0.00000
0.00000
0.00000
0.00000
0.00000
0.00000
0.00000
0.00000
0.00000
0.00000
0.00000
0.00000
0.00000
0.00000
0.00000
0.00000
0.00000
0.00000
0.00000
0.00000
0.00000
0.00000
0.00000
0.00000
0.00000
0.00000
0.00000
0.00000
0.00000
0.00000
0.00000
0.00000
0.00000
0.00000
0.00000
0.00000
0.00000
0.00000
0.00000
0.00000
0.00000
0.00000
0.00000
0.00000
0.00000
0.00000
0.00000
0.00000
0.00000
0.00000
0.00000
0.00000
0.00000
0.00000
0.00000
0.00000
0.00000
0.00000
0.00000
0.00000
0.00000
0.00000
0.00000
0.00000
0.00000
0.00000
0.00000
0.00000
0.00000
0.00000
0.00000
0.00000
0.00000
0.00000
0.00000
0.00000
0.00000
0.00000
0.00000
0.00000
0.00000
0.00000
0.00000
0.00000
0.00000
0.00000
0.00000
0.00000
0.00000
0.00000
0.00000
0.00000
0.00000
0.00000
0.00000
0.00000
0.00000
0.00000
0.00000
0.00000
0.00000
0.00000
0.00000
0.00000
0.00000
0.00000
0.00000
0.00000
0.00000
0.00000
0.00000
0.00000
0.00000
0.00000
0.00000
0.00000
0.00000
0.00000
0.00000
0.00000
0.00000
0.00000
0.00000
0.00000
0.00000
0.00000
0.00000
0.00000
0.00000
0.00000
0.00000
0.00000
0.00000
0.00000
0.00000
0.00000
0.00000
0.00000
0.00000
0.00000
0.00000
