0.00000
0.00003
0.00006
0.00000
0.00000
0.00003
0.00003
0.00000
0.00000
0.00003
0.00000
0.00000
0.00000
0.00000
0.00000
0.00000
0.00000
0.00000
0.00000
0.00003
0.00003
0.00003
0.00000
0.00000
0.00003
0.00000
0.00000
0.00000
0.00000
0.00000
0.00000
0.00000
0.00000
0.00003
-0.00009
0.00006
0.00003
0.00000
0.00003
0.00000
0.00000
0.00000
0.00000
0.00000
0.00000
0.00000
0.00000
0.00000
0.00000
0.00000
0.00000
0.00000
0.00000
0.00000
0.00000
0.00000
0.00000
0.00000
0.00000
0.00000
0.00000
0.00000
0.00000
0.00000
0.00000
0.00000
-0.00003
0.00000
0.00000
0.00000
0.00000
-0.00003
0.00000
-0.00003
-0.00003
-0.00003
0.00000
0.00000
-0.00003
0.00000
0.00000
0.00000
0.00000
0.00000
0.00000
-0.00003
-0.00009
-0.00003
-0.00003
-0.00006
-0.00006
0.00000
0.00000
0.00000
0.00000
0.00000
-0.00003
-0.00003
-0.00006
-0.00006
-0.00003
-0.00006
-0.00006
-0.00003
-0.00006
-0.00006
-0.00006
0.00000
-0.00003
-0.00009
-0.00006
0.00000
-0.00009
-0.00012
-0.00003
-0.00006
-0.00009
-0.00006
-0.00006
-0.00006
-0.00006
-0.00006
-0.00006
-0.00006
-0.00006
-0.00009
-0.00009
-0.00006
-0.00009
-0.00006
-0.00006
-0.00006
-0.00009
-0.00009
-0.00006
-0.00012
-0.00012
-0.00009
-0.00012
-0.00012
-0.00009
-0.00012
-0.00012
-0.00009
-0.00009
-0.00012
-0.00009
-0.00012
-0.00012
-0.00015
-0.00012
-0.00015
-0.00015
-0.00015
-0.00018
-0.00015
-0.00018
-0.00015
-0.00015
-0.00012
-0.00012
-0.00012
-0.00009
-0.00012
-0.00015
-0.00018
-0.00018
-0.00018
-0.00018
-0.00018
-0.00018
-0.00015
-0.00015
-0.00018
-0.00018
-0.00018
-0.00018
-0.00021
-0.00018
-0.00015
-0.00018
-0.00012
-0.00021
-0.00012
-0.00031
-0.00006
-0.00034
-0.00012
-0.00064
-0.00003
-0.00043
-0.00009
-0.01083
-0.04965
-0.03534
-0.01413
-0.01715
-0.01175
0.00690
0.04590
0.05402
0.03162
0.01132
0.00543
0.00729
-0.01071
-0.02109
-0.01135
-0.00610
-0.00647
-0.00079
0.00952
0.01248
0.00684
-0.00558
-0.00626
0.00531
0.00662
-0.00021
-0.00076
0.00198
0.00034
-0.00122
-0.00098
-0.00116
-0.00079
-0.00018
-0.00125
-0.00107
0.00082
0.00052
-0.00018
0.00195
0.00330
0.00299
0.00256
0.00272
0.00131
-0.00043
-0.00134
-0.00208
-0.00211
-0.00125
-0.00055
-0.00037
0.00171
0.00372
0.00305
0.00201
0.00183
0.00180
0.00034
-0.00085
-0.00064
-0.00079
-0.00146
-0.00192
-0.00153
-0.00049
-0.00064
-0.00113
-0.00043
0.00046
0.00018
-0.00046
0.00018
0.00140
0.00092
-0.00040
-0.00189
-0.00070
0.00018
-0.00150
-0.00082
-0.00119
-0.00098
-0.00061
-0.00107
-0.00107
-0.00159
-0.00128
-0.00122
-0.00015
0.00070
-0.00018
0.00000
-0.00024
-0.00101
-0.00137
-0.00198
-0.00232
-0.00201
-0.00171
-0.00146
-0.00110
-0.00046
0.00003
-0.00003
-0.00003
0.00000
-0.00006
-0.00015
-0.00027
-0.00052
-0.00107
-0.00177
-0.00174
-0.00159
-0.00162
-0.00183
-0.00159
-0.00104
-0.00095
-0.00104
-0.00101
-0.00082
-0.00092
-0.00095
-0.00089
-0.00070
-0.00058
-0.00073
-0.00085
-0.00076
-0.00076
-0.00085
-0.00110
-0.00131
-0.00140
-0.00134
-0.00107
-0.00082
-0.00089
-0.00101
-0.00067
0.00000
0.00000
0.00000
0.00000
0.00000
0.00000
0.00000
0.00000
0.00000
0.00000
0.00000
0.00000
0.00000
0.00000
0.00000
0.00000
0.00000
0.00000
0.00000
0.00000
0.00000
0.00000
0.00000
0.00000
0.00000
0.00000
0.00000
0.00000
0.00000
0.00000
0.00000
0.00000
0.00000
0.00000
0.00000
0.00000
0.00000
0.00000
0.00000
0.00000
0.00000
0.00000
0.00000
0.00000
0.00000
0.00000
0.00000
0.00000
0.00000
0.00000
0.00000
0.00000
0.00000
0.00000
0.00000
0.00000
0.00000
0.00000
0.00000
0.00000
0.00000
0.00000
0.00000
0.00000
0.00000
0.00000
0.00000
0.00000
0.00000
0.00000
0.00000
0.00000
0.00000
0.00000
0.00000
0.00000
0.00000
0.00000
0.00000
0.00000
0.00000
0.00000
0.00000
0.00000
0.00000
0.00000
0.00000
0.00000
0.00000
0.00000
0.00000
0.00000
0.00000
0.00000
0.00000
0.00000
0.00000
0.00000
0.00000
0.00000
0.00000
0.00000
0.00000
0.00000
0.00000
0.00000
0.00000
0.00000
0.00000
0.00000
0.00000
0.00000
0.00000
0.00000
0.00000
0.00000
0.00000
0.00000
0.00000
0.00000
0.00000
0.00000
0.00000
0.00000
0.00000
0.00000
0.00000
0.00000
0.00000
0.00000
0.00000
0.00000
0.00000
0.00000
0.00000
0.00000
0.00000
0.00000
0.00000
0.00000
0.00000
0.00000
0.00000
0.00000
0.00000
0.00000
0.00000
0.00000
0.00000
0.00000
0.00000
0.00000
0.00000
0.00000
0.00000
0.00000
0.00000
0.00000
0.00000
0.00000
0.00000
0.00000
0.00000
0.00000
0.00000
0.00000
0.00000
0.00000
0.00000
0.00000
0.00000
0.00000
0.00000
0.00000
0.00000
0.00000
0.00000
