-0.00021
-0.00018
-0.00021
-0.00018
-0.00018
-0.00021
-0.00021
-0.00018
-0.00018
-0.00018
-0.00021
-0.00021
-0.00021
-0.00024
-0.00018
-0.00018
-0.00018
-0.00018
-0.00018
-0.00018
-0.00015
-0.00015
-0.00015
-0.00018
-0.00018
-0.00021
-0.00018
-0.00018
-0.00015
-0.00018
-0.00021
-0.00024
-0.00024
-0.00021
-0.00034
-0.00015
-0.00015
-0.00015
-0.00012
-0.00015
-0.00012
-0.00018
-0.00021
-0.00024
-0.00024
-0.00021
-0.00018
-0.00015
-0.00012
-0.00015
-0.00018
-0.00018
-0.00018
-0.00021
-0.00024
-0.00024
-0.00021
-0.00021
-0.00018
-0.00015
-0.00015
-0.00015
-0.00015
-0.00015
-0.00015
-0.00018
-0.00018
-0.00018
-0.00021
-0.00024
-0.00021
-0.00021
-0.00021
-0.00018
-0.00015
-0.00012
-0.00012
-0.00015
-0.00012
-0.00015
-0.00018
-0.00018
-0.00018
-0.00021
-0.00021
-0.00018
-0.00015
-0.00015
-0.00015
-0.00015
-0.00018
-0.00018
-0.00015
-0.00015
-0.00015
-0.00018
-0.00015
-0.00015
-0.00015
-0.00018
-0.00018
-0.00021
-0.00021
-0.00018
-0.00015
-0.00015
-0.00018
-0.00021
-0.00021
-0.00018
-0.00018
-0.00015
-0.00009
-0.00009
-0.00015
-0.00015
-0.00012
-0.00018
-0.00027
-0.00021
-0.00018
-0.00021
-0.00018
-0.00015
-0.00012
-0.00015
-0.00018
-0.00021
-0.00018
-0.00018
-0.00018
-0.00018
-0.00015
-0.00015
-0.00018
-0.00018
-0.00015
-0.00015
-0.00018
-0.00015
-0.00015
-0.00015
-0.00015
-0.00015
-0.00018
-0.00018
-0.00012
-0.00012
-0.00015
-0.00012
-0.00012
-0.00015
-0.00015
-0.00018
-0.00021
-0.00024
-0.00024
-0.00024
-0.00018
-0.00012
-0.00015
-0.00015
-0.00009
-0.00009
-0.00012
-0.00015
-0.00015
-0.00015
-0.00021
-0.00021
-0.00018
-0.00021
-0.00021
-0.00021
-0.00018
-0.00015
-0.00015
-0.00009
-0.00012
-0.00012
-0.00015
-0.00015
-0.00018
-0.00021
-0.00021
-0.00018
-0.00024
-0.00018
-0.00024
-0.00018
-0.00037
-0.00018
-0.00046
0.00000
-0.00046
0.00034
-0.00049
0.00043
-0.01035
-0.03372
-0.01804
-0.01523
-0.01556
-0.00674
0.00388
0.02756
0.03030
0.01840
0.01025
0.01251
0.00671
-0.00949
-0.01312
-0.00693
-0.00555
-0.00351
-0.00089
0.00327
0.00781
0.00284
-0.00314
0.00150
0.00534
0.00150
-0.00272
-0.00122
0.00107
0.00034
-0.00156
-0.00247
-0.00009
0.00287
0.00314
0.00220
0.00317
0.00317
0.00153
0.00061
0.00177
0.00229
0.00092
0.00009
0.00000
0.00058
0.00052
-0.00085
-0.00171
-0.00034
0.00073
0.00031
0.00006
0.00143
0.00244
0.00217
0.00156
0.00159
0.00174
0.00055
-0.00085
-0.00052
-0.00006
-0.00073
-0.00128
-0.00061
0.00061
0.00027
-0.00037
-0.00018
0.00012
0.00027
-0.00067
-0.00055
0.00165
0.00180
0.00012
-0.00061
-0.00052
0.00003
0.00000
-0.00085
-0.00150
-0.00143
-0.00150
-0.00095
0.00000
0.00037
-0.00009
-0.00055
-0.00031
0.00009
0.00024
-0.00031
-0.00119
-0.00140
-0.00110
-0.00092
-0.00095
-0.00116
-0.00122
-0.00089
-0.00055
-0.00009
-0.00015
-0.00049
-0.00040
-0.00015
0.00012
0.00000
-0.00015
-0.00024
-0.00070
-0.00119
-0.00134
-0.00098
-0.00082
-0.00110
-0.00110
-0.00085
-0.00082
-0.00089
-0.00089
-0.00073
-0.00058
-0.00049
-0.00043
-0.00058
-0.00064
-0.00067
-0.00043
-0.00031
-0.00058
-0.00076
-0.00076
-0.00073
-0.00098
-0.00104
-0.00067
-0.00040
-0.00055
-0.00085
-0.00058
-0.00021
-0.00021
-0.00021
0.00000
0.00027
0.00018
-0.00006
-0.00009
0.00000
0.00000
0.00000
0.00000
0.00000
0.00000
0.00000
0.00000
0.00000
0.00000
0.00000
0.00000
0.00000
0.00000
0.00000
0.00000
0.00000
0.00000
0.00000
0.00000
0.00000
0.00000
0.00000
0.00000
0.00000
0.00000
0.00000
0.00000
0.00000
0.00000
0.00000
0.00000
0.00000
0.00000
0.00000
0.00000
0.00000
0.00000
0.00000
0.00000
0.00000
0.00000
0.00000
0.00000
0.00000
0.00000
0.00000
0.00000
0.00000
0.00000
0.00000
0.00000
0.00000
0.00000
0.00000
0.00000
0.00000
0.00000
0.00000
0.00000
0.00000
0.00000
0.00000
0.00000
0.00000
0.00000
0.00000
0.00000
0.00000
0.00000
0.00000
0.00000
0.00000
0.00000
0.00000
0.00000
0.00000
0.00000
0.00000
0.00000
0.00000
0.00000
0.00000
0.00000
0.00000
0.00000
0.00000
0.00000
0.00000
0.00000
0.00000
0.00000
0.00000
0.00000
0.00000
0.00000
0.00000
0.00000
0.00000
0.00000
0.00000
0.00000
0.00000
0.00000
0.00000
0.00000
0.00000
0.00000
0.00000
0.00000
0.00000
0.00000
0.00000
0.00000
0.00000
0.00000
0.00000
0.00000
0.00000
0.00000
0.00000
0.00000
0.00000
0.00000
0.00000
0.00000
0.00000
0.00000
0.00000
0.00000
0.00000
0.00000
0.00000
0.00000
0.00000
0.00000
0.00000
0.00000
0.00000
0.00000
0.00000
0.00000
0.00000
0.00000
0.00000
0.00000
0.00000
0.00000
0.00000
0.00000
0.00000
0.00000
0.00000
0.00000
0.00000
0.00000
0.00000
0.00000
0.00000
0.00000
0.00000
0.00000
0.00000
