-0.00024
-0.00021
-0.00027
-0.00021
-0.00021
-0.00021
-0.00021
-0.00024
-0.00018
-0.00021
-0.00018
-0.00021
-0.00021
-0.00018
-0.00027
-0.00027
-0.00027
-0.00024
-0.00031
-0.00027
-0.00021
-0.00018
-0.00018
-0.00012
-0.00015
-0.00015
-0.00018
-0.00018
-0.00021
-0.00021
-0.00021
-0.00021
-0.00024
-0.00018
-0.00031
-0.00012
-0.00018
-0.00024
-0.00021
-0.00021
-0.00018
-0.00021
-0.00018
-0.00018
-0.00021
-0.00024
-0.00018
-0.00018
-0.00021
-0.00021
-0.00024
-0.00024
-0.00024
-0.00024
-0.00018
-0.00015
-0.00018
-0.00015
-0.00031
-0.00024
-0.00021
-0.00034
-0.00021
-0.00024
-0.00018
-0.00027
-0.00018
-0.00015
-0.00015
-0.00012
-0.00015
-0.00015
-0.00021
-0.00018
-0.00021
-0.00027
-0.00027
-0.00027
-0.00034
-0.00027
-0.00018
-0.00018
-0.00018
-0.00021
-0.00018
-0.00018
-0.00015
-0.00012
-0.00021
-0.00018
-0.00024
-0.00024
-0.00018
-0.00015
-0.00015
-0.00018
-0.00018
-0.00018
-0.00021
-0.00021
-0.00021
-0.00021
-0.00021
-0.00012
-0.00012
-0.00024
-0.00015
-0.00015
-0.00018
-0.00021
-0.00015
-0.00015
-0.00015
-0.00015
-0.00018
-0.00018
-0.00021
-0.00024
-0.00021
-0.00018
-0.00015
-0.00012
-0.00006
-0.00009
-0.00012
-0.00018
-0.00012
-0.00021
-0.00024
-0.00018
-0.00018
-0.00015
-0.00015
-0.00012
-0.00015
-0.00015
-0.00012
-0.00015
-0.00018
-0.00015
-0.00012
-0.00018
-0.00015
-0.00015
-0.00018
-0.00012
-0.00018
-0.00012
-0.00012
-0.00012
-0.00015
-0.00009
-0.00003
-0.00009
-0.00012
-0.00012
-0.00009
-0.00012
-0.00012
-0.00009
-0.00012
-0.00015
-0.00018
-0.00012
-0.00009
-0.00015
-0.00012
-0.00012
-0.00015
-0.00012
-0.00006
-0.00006
-0.00006
-0.00015
0.00000
-0.00021
0.00015
-0.00058
0.00067
-0.00137
0.00165
-0.00266
0.00342
-0.00497
0.00507
-0.06747
-0.13773
-0.03677
-0.02466
0.06442
0.08859
0.10776
0.05905
-0.00076
0.01328
0.00439
-0.00195
-0.06335
-0.07318
-0.03986
0.01248
0.03162
0.04709
0.03281
0.00092
-0.01147
-0.00433
0.00327
0.00107
-0.00125
-0.00098
-0.00275
0.00461
-0.00037
-0.00256
0.00159
-0.00037
-0.00540
-0.00632
0.00534
0.00204
0.00159
0.00650
0.00845
0.00278
0.00217
0.00140
-0.00192
-0.00232
-0.00427
-0.00497
-0.00372
-0.00018
-0.00122
-0.00003
0.00412
0.00568
0.00323
0.00519
0.00601
0.00162
-0.00241
-0.00101
0.00070
-0.00052
-0.00192
-0.00369
-0.00363
-0.00201
0.00009
0.00183
0.00159
0.00043
0.00043
-0.00061
0.00024
0.00140
0.00076
0.00079
-0.00003
-0.00101
-0.00107
-0.00031
-0.00089
-0.00250
-0.00113
-0.00037
-0.00208
-0.00128
-0.00067
0.00073
0.00021
-0.00070
-0.00085
-0.00006
0.00079
-0.00009
-0.00122
0.00034
-0.00208
-0.00223
-0.00168
-0.00232
-0.00067
0.00000
0.00024
0.00037
0.00031
0.00003
-0.00134
-0.00021
0.00003
0.00021
0.00058
-0.00107
-0.00098
0.00000
-0.00070
-0.00195
-0.00204
-0.00116
-0.00082
-0.00079
-0.00064
-0.00137
-0.00143
-0.00116
-0.00031
0.00055
0.00024
-0.00055
-0.00107
-0.00079
-0.00031
0.00009
0.00046
0.00000
-0.00092
-0.00153
-0.00189
-0.00192
-0.00189
-0.00113
0.00012
0.00043
0.00024
0.00012
0.00067
0.00119
0.00146
0.00137
0.00043
-0.00046
-0.00092
-0.00070
-0.00046
-0.00107
-0.00198
-0.00186
-0.00061
0.00027
0.00021
-0.00009
-0.00082
-0.00095
-0.00009
0.00076
0.00052
-0.00082
-0.00153
-0.00171
-0.00162
-0.00098
-0.00031
0.00024
0.00037
-0.00009
0.00055
0.00131
0.00189
0.00308
0.00348
0.00327
0.00189
0.00034
0.00073
-0.00003
-0.00146
-0.00177
-0.00101
-0.00024
-0.00037
0.00092
0.00146
0.00043
0.00055
0.00043
-0.00015
-0.00089
-0.00085
-0.00043
-0.00061
0.00052
0.00058
0.00052
0.00009
-0.00046
-0.00238
-0.00375
-0.00272
-0.00269
-0.00067
0.00009
0.00345
0.00372
0.00256
0.00360
0.00183
0.00308
0.00208
0.00037
-0.00031
-0.00116
-0.00159
-0.00238
-0.00070
-0.00021
0.00021
-0.00027
-0.00116
0.00012
0.00027
0.00095
0.00000
-0.00095
-0.00116
-0.00262
-0.00256
-0.00134
0.00104
0.00113
0.00082
0.00162
0.00272
0.00299
0.00171
0.00131
0.00027
-0.00027
-0.00153
-0.00201
-0.00143
-0.00079
0.00049
0.00015
0.00067
0.00159
0.00140
0.00037
-0.00037
-0.00095
-0.00073
-0.00146
-0.00238
-0.00180
-0.00192
-0.00122
-0.00089
-0.00052
0.00052
0.00079
0.00067
0.00101
0.00201
0.00153
0.00037
0.00000
0.00000
0.00000
0.00000
0.00000
0.00000
0.00000
0.00000
0.00000
0.00000
0.00000
0.00000
0.00000
0.00000
0.00000
0.00000
0.00000
0.00000
0.00000
0.00000
0.00000
0.00000
0.00000
0.00000
0.00000
0.00000
0.00000
0.00000
0.00000
0.00000
0.00000
0.00000
0.00000
0.00000
0.00000
0.00000
0.00000
0.00000
0.00000
0.00000
0.00000
0.00000
0.00000
0.00000
0.00000
0.00000
0.00000
0.00000
0.00000
0.00000
0.00000
0.00000
0.00000
0.00000
0.00000
0.00000
