-0.00024
-0.00027
-0.00024
-0.00012
-0.00015
-0.00018
-0.00015
-0.00015
-0.00021
-0.00021
-0.00021
-0.00021
-0.00018
-0.00015
-0.00015
-0.00024
-0.00027
-0.00024
-0.00024
-0.00021
-0.00012
-0.00012
-0.00009
-0.00012
-0.00024
-0.00027
-0.00034
-0.00034
-0.00031
-0.00018
-0.00012
-0.00009
-0.00006
-0.00009
-0.00034
-0.00021
-0.00031
-0.00031
-0.00024
-0.00024
-0.00012
-0.00015
-0.00018
-0.00012
-0.00012
-0.00018
-0.00024
-0.00021
-0.00018
-0.00024
-0.00024
-0.00018
-0.00018
-0.00015
-0.00024
-0.00027
-0.00003
-0.00021
-0.00024
-0.00012
-0.00018
-0.00018
-0.00027
-0.00024
-0.00024
-0.00024
-0.00018
-0.00015
-0.00009
-0.00006
-0.00003
-0.00012
-0.00015
-0.00015
-0.00027
-0.00034
-0.00021
-0.00021
-0.00027
-0.00018
-0.00018
-0.00015
-0.00015
-0.00009
-0.00015
-0.00015
-0.00006
-0.00015
-0.00021
-0.00018
-0.00021
-0.00024
-0.00024
-0.00021
-0.00021
-0.00018
-0.00009
-0.00009
-0.00015
-0.00012
-0.00012
-0.00024
-0.00027
-0.00021
-0.00024
-0.00027
-0.00021
-0.00009
-0.00012
-0.00015
-0.00012
-0.00012
-0.00015
-0.00024
-0.00021
-0.00015
-0.00015
-0.00015
-0.00012
-0.00012
-0.00021
-0.00024
-0.00021
-0.00018
-0.00021
-0.00015
-0.00015
-0.00012
-0.00009
-0.00018
-0.00015
-0.00012
-0.00015
-0.00018
-0.00021
-0.00018
-0.00015
-0.00021
-0.00018
-0.00015
-0.00018
-0.00009
-0.00012
-0.00012
-0.00006
-0.00012
-0.00015
-0.00024
-0.00021
-0.00021
-0.00018
-0.00015
-0.00009
0.00000
-0.00006
-0.00003
-0.00003
-0.00015
-0.00021
-0.00024
-0.00021
-0.00027
-0.00024
-0.00015
-0.00015
-0.00009
-0.00009
-0.00012
0.00000
-0.00006
-0.00006
-0.00024
0.00009
-0.00046
0.00018
-0.00067
0.00024
-0.00061
0.00018
-0.00034
0.00015
-0.03088
-0.14133
-0.03528
0.02237
-0.03622
0.03430
0.04642
0.09637
0.06238
0.00775
0.00592
0.02942
0.01205
-0.07626
-0.04895
0.00885
0.00598
0.00003
0.01270
0.00781
0.01620
0.00784
-0.02103
0.00061
0.02295
0.00070
-0.00806
0.00992
0.00897
-0.00458
-0.00192
-0.00381
-0.00330
-0.00043
-0.00726
-0.00598
0.00232
0.01093
0.00726
0.00378
0.00494
0.00504
0.00140
-0.00131
-0.00372
-0.00467
-0.00348
-0.00208
-0.00134
-0.00131
0.00104
0.00269
0.00101
0.00500
0.00717
0.00192
-0.00183
-0.00031
0.00247
0.00067
-0.00217
-0.00232
-0.00339
-0.00220
-0.00281
-0.00244
0.00140
0.00021
-0.00159
-0.00024
0.00168
0.00281
0.00024
0.00040
0.00150
-0.00006
-0.00104
-0.00183
-0.00095
-0.00082
-0.00192
-0.00070
-0.00174
-0.00238
-0.00192
-0.00146
0.00015
-0.00058
-0.00055
0.00055
0.00073
0.00061
-0.00076
-0.00204
-0.00198
-0.00107
-0.00113
-0.00195
-0.00217
-0.00165
0.00089
0.00098
-0.00125
-0.00021
-0.00037
-0.00107
-0.00006
0.00095
0.00101
-0.00012
-0.00146
-0.00104
-0.00018
-0.00101
-0.00235
-0.00153
-0.00089
-0.00177
-0.00125
-0.00082
-0.00162
-0.00143
-0.00092
0.00003
0.00037
-0.00049
-0.00107
-0.00027
0.00034
-0.00034
-0.00034
0.00015
-0.00043
-0.00128
-0.00192
-0.00180
-0.00156
-0.00140
-0.00061
-0.00015
0.00000
0.00000
0.00024
0.00122
0.00150
0.00116
0.00052
0.00018
0.00006
-0.00021
-0.00009
-0.00052
-0.00153
-0.00171
-0.00098
-0.00043
-0.00070
-0.00070
-0.00034
0.00000
0.00031
0.00027
0.00031
0.00009
-0.00070
-0.00153
-0.00159
-0.00137
-0.00125
-0.00101
-0.00018
0.00027
0.00000
0.00000
0.00000
0.00000
0.00000
0.00000
0.00000
0.00000
0.00000
0.00000
0.00000
0.00000
0.00000
0.00000
0.00000
0.00000
0.00000
0.00000
0.00000
0.00000
0.00000
0.00000
0.00000
0.00000
0.00000
0.00000
0.00000
0.00000
0.00000
0.00000
0.00000
0.00000
0.00000
0.00000
0.00000
0.00000
0.00000
0.00000
0.00000
0.00000
0.00000
0.00000
0.00000
0.00000
0.00000
0.00000
0.00000
0.00000
0.00000
0.00000
0.00000
0.00000
0.00000
0.00000
0.00000
0.00000
0.00000
0.00000
0.00000
0.00000
0.00000
0.00000
0.00000
0.00000
0.00000
0.00000
0.00000
0.00000
0.00000
0.00000
0.00000
0.00000
0.00000
0.00000
0.00000
0.00000
0.00000
0.00000
0.00000
0.00000
0.00000
0.00000
0.00000
0.00000
0.00000
0.00000
0.00000
0.00000
0.00000
0.00000
0.00000
0.00000
0.00000
0.00000
0.00000
0.00000
0.00000
0.00000
0.00000
0.00000
0.00000
0.00000
0.00000
0.00000
0.00000
0.00000
0.00000
0.00000
0.00000
0.00000
0.00000
0.00000
0.00000
0.00000
0.00000
0.00000
0.00000
0.00000
0.00000
0.00000
0.00000
0.00000
0.00000
0.00000
0.00000
0.00000
0.00000
0.00000
0.00000
0.00000
0.00000
0.00000
0.00000
0.00000
0.00000
0.00000
0.00000
0.00000
0.00000
0.00000
0.00000
0.00000
0.00000
0.00000
0.00000
0.00000
0.00000
0.00000
0.00000
0.00000
0.00000
0.00000
0.00000
0.00000
0.00000
0.00000
0.00000
0.00000
0.00000
