-0.00009
-0.00003
0.00000
0.00000
0.00000
-0.00003
-0.00006
-0.00006
-0.00006
-0.00003
-0.00003
-0.00003
-0.00003
-0.00003
-0.00003
-0.00003
-0.00006
-0.00009
-0.00009
-0.00012
-0.00012
-0.00009
-0.00006
-0.00006
-0.00006
-0.00003
-0.00003
-0.00009
-0.00012
-0.00015
-0.00018
-0.00015
-0.00012
-0.00003
-0.00015
0.00003
0.00003
0.00000
0.00000
-0.00003
-0.00006
-0.00012
-0.00012
-0.00012
-0.00012
-0.00009
-0.00009
-0.00009
-0.00006
-0.00006
-0.00006
-0.00009
-0.00009
-0.00009
-0.00009
-0.00003
0.00000
0.00000
-0.00003
-0.00003
-0.00003
-0.00009
-0.00015
-0.00015
-0.00012
-0.00006
-0.00009
-0.00009
0.00000
-0.00003
-0.00009
-0.00015
-0.00012
-0.00012
-0.00018
-0.00021
-0.00015
-0.00012
-0.00012
-0.00009
-0.00003
-0.00003
-0.00003
-0.00006
-0.00006
-0.00009
-0.00012
-0.00015
-0.00012
-0.00012
-0.00012
-0.00009
-0.00009
-0.00009
-0.00009
-0.00006
-0.00009
-0.00015
-0.00015
-0.00018
-0.00018
-0.00018
-0.00015
-0.00009
-0.00009
-0.00009
-0.00009
-0.00009
-0.00009
-0.00012
-0.00012
-0.00012
-0.00012
-0.00015
-0.00015
-0.00012
-0.00009
-0.00009
-0.00006
-0.00006
-0.00009
-0.00009
-0.00012
-0.00012
-0.00015
-0.00021
-0.00021
-0.00018
-0.00018
-0.00015
-0.00012
-0.00009
-0.00009
-0.00006
-0.00006
-0.00006
-0.00012
-0.00012
-0.00009
-0.00009
-0.00012
-0.00015
-0.00012
-0.00012
-0.00015
-0.00015
-0.00009
-0.00012
-0.00009
-0.00003
-0.00009
-0.00015
-0.00018
-0.00021
-0.00018
-0.00018
-0.00018
-0.00018
-0.00015
-0.00012
-0.00012
-0.00009
-0.00012
-0.00015
-0.00015
-0.00015
-0.00018
-0.00018
-0.00015
-0.00012
-0.00015
-0.00018
-0.00012
-0.00012
-0.00009
-0.00012
-0.00012
-0.00009
-0.00015
-0.00018
-0.00015
-0.00021
-0.00018
-0.00024
-0.00012
-0.00024
0.00000
-0.00031
-0.00012
-0.00049
-0.00009
-0.00027
-0.00034
-0.00946
-0.04904
-0.03284
-0.01141
-0.01828
-0.01025
0.00726
0.04364
0.04944
0.02802
0.00977
0.00662
0.00854
-0.01044
-0.02023
-0.00998
-0.00632
-0.00662
0.00049
0.00818
0.01117
0.00696
-0.00662
-0.00482
0.00684
0.00577
-0.00034
-0.00137
0.00201
0.00055
-0.00098
-0.00153
-0.00211
-0.00076
-0.00015
-0.00168
-0.00146
0.00018
0.00085
0.00186
0.00336
0.00485
0.00443
0.00381
0.00241
-0.00027
-0.00177
-0.00201
-0.00269
-0.00256
-0.00107
0.00046
0.00082
0.00192
0.00360
0.00330
0.00211
0.00143
0.00128
0.00049
-0.00046
-0.00064
-0.00095
-0.00119
-0.00101
-0.00146
-0.00131
-0.00064
-0.00021
0.00003
0.00027
0.00076
0.00024
0.00055
0.00101
0.00027
-0.00101
-0.00089
0.00046
-0.00043
-0.00070
-0.00079
-0.00110
-0.00049
-0.00085
-0.00122
-0.00150
-0.00131
-0.00119
-0.00009
0.00107
0.00043
-0.00003
-0.00009
-0.00064
-0.00092
-0.00101
-0.00192
-0.00220
-0.00171
-0.00156
-0.00089
-0.00061
-0.00031
0.00003
0.00003
0.00000
0.00000
0.00034
0.00024
-0.00034
-0.00061
-0.00107
-0.00119
-0.00140
-0.00156
-0.00140
-0.00116
-0.00095
-0.00089
-0.00076
-0.00092
-0.00101
-0.00098
-0.00076
-0.00046
-0.00027
-0.00040
-0.00061
-0.00085
-0.00089
-0.00049
-0.00027
-0.00055
-0.00101
-0.00104
-0.00092
-0.00089
-0.00082
-0.00082
-0.00082
-0.00061
-0.00027
-0.00012
0.00003
0.00021
0.00031
0.00040
0.00043
0.00012
-0.00034
-0.00079
-0.00101
-0.00101
-0.00092
-0.00092
-0.00101
-0.00107
-0.00104
-0.00122
-0.00134
-0.00113
-0.00076
0.00000
0.00021
0.00027
0.00018
0.00000
0.00003
-0.00009
0.00003
0.00000
0.00000
0.00000
0.00000
0.00000
0.00000
0.00000
0.00000
0.00000
0.00000
0.00000
0.00000
0.00000
0.00000
0.00000
0.00000
0.00000
0.00000
0.00000
0.00000
0.00000
0.00000
0.00000
0.00000
0.00000
0.00000
0.00000
0.00000
0.00000
0.00000
0.00000
0.00000
0.00000
0.00000
0.00000
0.00000
0.00000
0.00000
0.00000
0.00000
0.00000
0.00000
0.00000
0.00000
0.00000
0.00000
0.00000
0.00000
0.00000
0.00000
0.00000
0.00000
0.00000
0.00000
0.00000
0.00000
0.00000
0.00000
0.00000
0.00000
0.00000
0.00000
0.00000
0.00000
0.00000
0.00000
0.00000
0.00000
0.00000
0.00000
0.00000
0.00000
0.00000
0.00000
0.00000
0.00000
0.00000
0.00000
0.00000
0.00000
0.00000
0.00000
0.00000
0.00000
0.00000
0.00000
0.00000
0.00000
0.00000
0.00000
0.00000
0.00000
0.00000
0.00000
0.00000
0.00000
0.00000
0.00000
0.00000
0.00000
0.00000
0.00000
0.00000
0.00000
0.00000
0.00000
0.00000
0.00000
0.00000
0.00000
0.00000
0.00000
0.00000
0.00000
0.00000
0.00000
0.00000
0.00000
0.00000
0.00000
0.00000
0.00000
0.00000
0.00000
0.00000
0.00000
0.00000
0.00000
0.00000
0.00000
0.00000
0.00000
0.00000
0.00000
0.00000
0.00000
0.00000
0.00000
0.00000
0.00000
0.00000
0.00000
0.00000
0.00000
0.00000
0.00000
0.00000
0.00000
