-0.00040
-0.00043
-0.00043
-0.00040
-0.00040
-0.00037
-0.00037
-0.00037
-0.00034
-0.00034
-0.00037
-0.00037
-0.00031
-0.00034
-0.00037
-0.00034
-0.00037
-0.00037
-0.00037
-0.00037
-0.00037
-0.00037
-0.00034
-0.00034
-0.00031
-0.00027
-0.00031
-0.00034
-0.00031
-0.00031
-0.00034
-0.00034
-0.00034
-0.00034
-0.00043
-0.00024
-0.00027
-0.00031
-0.00027
-0.00031
-0.00027
-0.00031
-0.00027
-0.00024
-0.00021
-0.00024
-0.00027
-0.00024
-0.00027
-0.00031
-0.00037
-0.00034
-0.00031
-0.00037
-0.00034
-0.00027
-0.00024
-0.00027
-0.00027
-0.00021
-0.00024
-0.00027
-0.00031
-0.00024
-0.00027
-0.00031
-0.00027
-0.00024
-0.00024
-0.00027
-0.00027
-0.00021
-0.00018
-0.00021
-0.00021
-0.00021
-0.00024
-0.00027
-0.00027
-0.00027
-0.00031
-0.00034
-0.00031
-0.00027
-0.00024
-0.00024
-0.00024
-0.00024
-0.00024
-0.00021
-0.00018
-0.00021
-0.00021
-0.00018
-0.00018
-0.00021
-0.00024
-0.00024
-0.00024
-0.00024
-0.00027
-0.00027
-0.00024
-0.00024
-0.00024
-0.00021
-0.00018
-0.00021
-0.00021
-0.00021
-0.00021
-0.00021
-0.00024
-0.00021
-0.00021
-0.00018
-0.00015
-0.00015
-0.00012
-0.00012
-0.00012
-0.00012
-0.00012
-0.00012
-0.00012
-0.00015
-0.00018
-0.00018
-0.00018
-0.00021
-0.00018
-0.00015
-0.00015
-0.00018
-0.00012
-0.00006
-0.00009
-0.00012
-0.00012
-0.00012
-0.00015
-0.00015
-0.00012
-0.00012
-0.00015
-0.00015
-0.00015
-0.00015
-0.00012
-0.00012
-0.00009
-0.00009
-0.00006
-0.00003
-0.00003
-0.00003
-0.00009
-0.00012
-0.00015
-0.00015
-0.00012
-0.00009
-0.00006
-0.00006
-0.00003
-0.00006
-0.00003
-0.00006
-0.00009
-0.00012
-0.00009
-0.00012
-0.00012
-0.00009
-0.00009
-0.00006
-0.00006
-0.00006
-0.00006
-0.00006
-0.00006
-0.00006
-0.00006
-0.00009
-0.00018
-0.00012
-0.00012
-0.00009
0.00000
0.00000
0.00000
0.00003
0.00000
0.00000
-0.00006
0.00000
-0.00021
-0.00009
-0.00037
0.00018
-0.00018
0.00024
-0.00803
-0.02219
-0.02191
-0.02286
-0.00797
0.01059
0.01804
0.01831
0.00937
0.00708
0.00476
0.00140
-0.00327
-0.01141
-0.01108
-0.00842
-0.00095
0.00940
0.01147
0.00653
0.00253
0.00317
0.00467
0.00461
0.00101
-0.00134
-0.00095
0.00043
0.00082
0.00092
0.00095
-0.00046
-0.00070
0.00079
0.00250
0.00168
0.00006
0.00018
0.00192
0.00336
0.00381
0.00247
0.00089
-0.00037
0.00009
0.00000
-0.00058
0.00018
-0.00027
0.00006
0.00116
0.00153
0.00113
0.00146
0.00128
0.00073
0.00146
0.00125
0.00037
-0.00006
0.00012
0.00055
0.00082
0.00046
-0.00061
-0.00031
0.00024
0.00055
0.00079
0.00049
-0.00034
-0.00040
0.00067
0.00055
-0.00037
0.00031
0.00058
0.00000
0.00000
-0.00043
-0.00018
0.00012
-0.00049
-0.00137
-0.00095
-0.00046
-0.00098
-0.00021
0.00024
-0.00006
-0.00006
0.00018
-0.00024
-0.00009
-0.00018
0.00000
0.00000
0.00000
0.00000
0.00000
0.00000
0.00000
0.00000
0.00000
0.00000
0.00000
0.00000
0.00000
0.00000
0.00000
0.00000
0.00000
0.00000
0.00000
0.00000
0.00000
0.00000
0.00000
0.00000
0.00000
0.00000
0.00000
0.00000
0.00000
0.00000
0.00000
0.00000
0.00000
0.00000
0.00000
0.00000
0.00000
0.00000
0.00000
0.00000
0.00000
0.00000
0.00000
0.00000
0.00000
0.00000
0.00000
0.00000
0.00000
0.00000
0.00000
0.00000
0.00000
0.00000
0.00000
0.00000
0.00000
0.00000
0.00000
0.00000
0.00000
0.00000
0.00000
0.00000
0.00000
0.00000
0.00000
0.00000
0.00000
0.00000
0.00000
0.00000
0.00000
0.00000
0.00000
0.00000
0.00000
0.00000
0.00000
0.00000
0.00000
0.00000
0.00000
0.00000
0.00000
0.00000
0.00000
0.00000
0.00000
0.00000
0.00000
0.00000
0.00000
0.00000
0.00000
0.00000
0.00000
0.00000
0.00000
0.00000
0.00000
0.00000
0.00000
0.00000
0.00000
0.00000
0.00000
0.00000
0.00000
0.00000
0.00000
0.00000
0.00000
0.00000
0.00000
0.00000
0.00000
0.00000
0.00000
0.00000
0.00000
0.00000
0.00000
0.00000
0.00000
0.00000
0.00000
0.00000
0.00000
0.00000
0.00000
0.00000
0.00000
0.00000
0.00000
0.00000
0.00000
0.00000
0.00000
0.00000
0.00000
0.00000
0.00000
0.00000
0.00000
0.00000
0.00000
0.00000
0.00000
0.00000
0.00000
0.00000
0.00000
0.00000
0.00000
0.00000
0.00000
0.00000
0.00000
0.00000
0.00000
0.00000
0.00000
0.00000
0.00000
0.00000
0.00000
0.00000
0.00000
0.00000
0.00000
0.00000
0.00000
0.00000
0.00000
0.00000
0.00000
0.00000
0.00000
0.00000
0.00000
0.00000
0.00000
0.00000
0.00000
0.00000
0.00000
0.00000
0.00000
0.00000
0.00000
0.00000
0.00000
0.00000
0.00000
0.00000
0.00000
0.00000
0.00000
0.00000
0.00000
0.00000
0.00000
0.00000
0.00000
0.00000
0.00000
0.00000
0.00000
0.00000
0.00000
0.00000
0.00000
0.00000
0.00000
