-0.00034
-0.00034
-0.00031
-0.00034
-0.00037
-0.00037
-0.00037
-0.00037
-0.00040
-0.00043
-0.00040
-0.00037
-0.00037
-0.00037
-0.00037
-0.00034
-0.00037
-0.00040
-0.00040
-0.00040
-0.00040
-0.00040
-0.00037
-0.00037
-0.00037
-0.00040
-0.00043
-0.00043
-0.00046
-0.00043
-0.00043
-0.00040
-0.00034
-0.00031
-0.00046
-0.00034
-0.00034
-0.00040
-0.00040
-0.00040
-0.00040
-0.00043
-0.00040
-0.00040
-0.00040
-0.00040
-0.00037
-0.00037
-0.00034
-0.00037
-0.00040
-0.00046
-0.00046
-0.00043
-0.00043
-0.00040
-0.00040
-0.00037
-0.00034
-0.00034
-0.00037
-0.00040
-0.00043
-0.00046
-0.00046
-0.00037
-0.00037
-0.00040
-0.00040
-0.00040
-0.00049
-0.00049
-0.00040
-0.00040
-0.00034
-0.00034
-0.00034
-0.00034
-0.00034
-0.00037
-0.00040
-0.00040
-0.00043
-0.00046
-0.00043
-0.00040
-0.00040
-0.00043
-0.00037
-0.00037
-0.00043
-0.00040
-0.00034
-0.00034
-0.00037
-0.00040
-0.00037
-0.00040
-0.00040
-0.00040
-0.00040
-0.00040
-0.00040
-0.00040
-0.00037
-0.00037
-0.00037
-0.00037
-0.00037
-0.00040
-0.00037
-0.00037
-0.00037
-0.00037
-0.00043
-0.00043
-0.00037
-0.00037
-0.00034
-0.00034
-0.00034
-0.00034
-0.00040
-0.00040
-0.00037
-0.00034
-0.00034
-0.00031
-0.00027
-0.00031
-0.00034
-0.00037
-0.00034
-0.00040
-0.00043
-0.00043
-0.00034
-0.00031
-0.00034
-0.00031
-0.00027
-0.00031
-0.00034
-0.00027
-0.00024
-0.00034
-0.00037
-0.00031
-0.00034
-0.00040
-0.00043
-0.00040
-0.00043
-0.00040
-0.00031
-0.00027
-0.00024
-0.00021
-0.00024
-0.00024
-0.00027
-0.00034
-0.00037
-0.00040
-0.00040
-0.00040
-0.00037
-0.00034
-0.00031
-0.00027
-0.00027
-0.00024
-0.00027
-0.00027
-0.00027
-0.00031
-0.00034
-0.00031
-0.00027
-0.00024
-0.00027
-0.00024
-0.00024
-0.00027
-0.00031
-0.00031
-0.00027
-0.00031
-0.00018
-0.00034
-0.00012
-0.00055
0.00000
-0.00079
0.00046
-0.00113
0.00064
-0.01678
-0.03833
-0.01569
-0.01627
-0.01443
-0.00543
0.01028
0.03424
0.03174
0.01675
0.00882
0.01233
0.00443
-0.01279
-0.01410
-0.00650
-0.00519
-0.00320
0.00055
0.00528
0.00845
0.00162
-0.00415
0.00220
0.00537
0.00128
-0.00229
-0.00046
0.00128
-0.00031
-0.00192
-0.00269
-0.00085
0.00052
0.00119
0.00171
0.00333
0.00470
0.00363
0.00186
0.00272
0.00275
0.00052
-0.00043
-0.00043
-0.00073
-0.00034
-0.00043
-0.00150
-0.00037
0.00131
0.00082
0.00009
0.00171
0.00256
0.00192
0.00165
0.00165
0.00174
0.00064
-0.00061
-0.00061
-0.00027
-0.00095
-0.00198
-0.00098
0.00104
0.00076
-0.00021
-0.00018
0.00049
0.00040
-0.00040
-0.00052
0.00055
0.00217
0.00067
-0.00049
-0.00018
-0.00049
-0.00009
-0.00037
-0.00110
-0.00116
-0.00125
-0.00122
-0.00034
0.00043
0.00040
-0.00006
-0.00024
-0.00024
0.00000
0.00034
-0.00064
-0.00137
-0.00131
-0.00134
-0.00089
-0.00092
-0.00104
-0.00076
-0.00049
0.00009
0.00046
0.00021
-0.00012
-0.00024
-0.00015
-0.00006
-0.00009
-0.00003
-0.00049
-0.00101
-0.00122
-0.00085
-0.00073
-0.00098
-0.00101
-0.00067
-0.00058
-0.00073
-0.00061
-0.00043
-0.00037
-0.00040
-0.00031
-0.00031
-0.00046
-0.00064
-0.00037
0.00000
-0.00018
-0.00052
-0.00064
-0.00049
-0.00064
-0.00092
-0.00082
-0.00043
-0.00021
-0.00037
-0.00027
0.00006
0.00018
0.00018
0.00024
0.00031
0.00021
0.00000
0.00000
0.00000
0.00000
0.00000
0.00000
0.00000
0.00000
0.00000
0.00000
0.00000
0.00000
0.00000
0.00000
0.00000
0.00000
0.00000
0.00000
0.00000
0.00000
0.00000
0.00000
0.00000
0.00000
0.00000
0.00000
0.00000
0.00000
0.00000
0.00000
0.00000
0.00000
0.00000
0.00000
0.00000
0.00000
0.00000
0.00000
0.00000
0.00000
0.00000
0.00000
0.00000
0.00000
0.00000
0.00000
0.00000
0.00000
0.00000
0.00000
0.00000
0.00000
0.00000
0.00000
0.00000
0.00000
0.00000
0.00000
0.00000
0.00000
0.00000
0.00000
0.00000
0.00000
0.00000
0.00000
0.00000
0.00000
0.00000
0.00000
0.00000
0.00000
0.00000
0.00000
0.00000
0.00000
0.00000
0.00000
0.00000
0.00000
0.00000
0.00000
0.00000
0.00000
0.00000
0.00000
0.00000
0.00000
0.00000
0.00000
0.00000
0.00000
0.00000
0.00000
0.00000
0.00000
0.00000
0.00000
0.00000
0.00000
0.00000
0.00000
0.00000
0.00000
0.00000
0.00000
0.00000
0.00000
0.00000
0.00000
0.00000
0.00000
0.00000
0.00000
0.00000
0.00000
0.00000
0.00000
0.00000
0.00000
0.00000
0.00000
0.00000
0.00000
0.00000
0.00000
0.00000
0.00000
0.00000
0.00000
0.00000
0.00000
0.00000
0.00000
0.00000
0.00000
0.00000
0.00000
0.00000
0.00000
0.00000
0.00000
0.00000
0.00000
0.00000
0.00000
0.00000
0.00000
0.00000
0.00000
0.00000
0.00000
0.00000
0.00000
0.00000
0.00000
0.00000
0.00000
0.00000
0.00000
0.00000
0.00000
0.00000
0.00000
0.00000
0.00000
