-0.00009
-0.00018
-0.00012
-0.00006
-0.00003
0.00000
0.00000
0.00000
-0.00006
-0.00012
-0.00012
-0.00015
-0.00015
-0.00009
-0.00009
-0.00012
-0.00006
-0.00003
-0.00006
-0.00006
-0.00006
-0.00009
-0.00003
-0.00006
-0.00006
-0.00006
-0.00006
-0.00003
-0.00006
-0.00009
-0.00006
-0.00006
-0.00006
-0.00006
-0.00018
0.00000
0.00000
0.00000
0.00000
-0.00003
0.00000
-0.00006
-0.00006
-0.00003
-0.00003
-0.00003
0.00000
0.00000
0.00000
-0.00003
-0.00003
-0.00003
-0.00006
-0.00003
-0.00015
-0.00006
0.00006
-0.00009
0.00000
0.00000
0.00000
0.00000
-0.00006
-0.00003
-0.00003
-0.00003
-0.00006
-0.00006
0.00000
0.00000
0.00003
0.00000
0.00006
0.00006
-0.00003
-0.00006
-0.00003
-0.00012
-0.00009
-0.00003
0.00000
0.00000
0.00000
0.00000
0.00000
0.00000
0.00000
-0.00006
0.00000
0.00000
0.00000
0.00003
0.00000
0.00000
0.00000
0.00003
0.00003
-0.00003
-0.00003
0.00006
0.00003
-0.00003
0.00003
0.00003
0.00000
0.00000
0.00000
0.00000
0.00003
0.00000
0.00000
0.00003
0.00000
-0.00006
-0.00003
0.00000
0.00000
-0.00003
0.00003
0.00003
0.00000
0.00003
0.00006
0.00003
0.00000
0.00000
-0.00003
0.00000
0.00000
-0.00003
-0.00003
0.00000
0.00000
0.00000
0.00000
0.00003
0.00003
0.00000
0.00003
0.00003
0.00000
0.00000
0.00000
0.00000
0.00000
-0.00003
0.00000
0.00000
0.00000
-0.00006
0.00000
0.00000
0.00000
0.00000
0.00003
0.00009
0.00000
0.00000
0.00000
0.00000
-0.00003
-0.00012
0.00000
0.00000
0.00000
0.00003
0.00003
0.00006
0.00003
0.00000
0.00006
-0.00003
0.00018
-0.00040
0.00061
-0.00101
0.00128
-0.00189
0.00266
-0.00357
0.00266
-0.07755
-0.12683
0.02286
-0.01065
-0.01978
0.04053
0.05374
0.09497
0.03824
0.00540
0.01529
0.03537
-0.01712
-0.07971
-0.01709
0.01111
-0.00266
0.00403
0.00906
0.00790
0.01981
-0.00189
-0.01953
0.01541
0.01666
-0.00851
-0.00360
0.01181
0.00256
-0.00253
0.00085
-0.00543
0.00031
-0.00159
-0.00748
-0.00394
0.00507
0.00946
0.00482
0.00266
0.00562
0.00510
0.00140
-0.00217
-0.00388
-0.00439
-0.00214
-0.00125
-0.00180
-0.00162
0.00275
0.00177
0.00125
0.00668
0.00558
-0.00031
-0.00125
0.00165
0.00232
-0.00052
-0.00229
-0.00299
-0.00250
-0.00226
-0.00345
-0.00110
0.00137
-0.00052
-0.00110
0.00018
0.00235
0.00217
-0.00009
0.00122
0.00116
-0.00070
-0.00116
-0.00174
-0.00046
-0.00131
-0.00119
-0.00095
-0.00266
-0.00198
-0.00195
-0.00085
0.00012
-0.00104
-0.00015
0.00073
0.00089
0.00031
-0.00150
-0.00211
-0.00128
-0.00113
-0.00146
-0.00211
-0.00229
-0.00037
0.00134
-0.00040
-0.00119
-0.00009
-0.00067
-0.00073
0.00052
0.00070
0.00046
-0.00067
-0.00137
-0.00027
-0.00024
-0.00168
-0.00229
-0.00098
-0.00125
-0.00204
-0.00110
-0.00146
-0.00162
-0.00098
-0.00046
0.00031
0.00000
-0.00098
-0.00098
0.00000
0.00003
-0.00070
-0.00024
-0.00003
-0.00070
-0.00137
-0.00183
-0.00171
-0.00162
-0.00131
-0.00061
-0.00031
-0.00015
-0.00012
0.00055
0.00134
0.00134
0.00089
0.00027
0.00009
-0.00012
-0.00024
-0.00015
-0.00095
-0.00180
-0.00146
-0.00061
-0.00049
-0.00089
-0.00076
-0.00040
-0.00003
0.00018
0.00015
0.00018
-0.00021
0.00000
0.00000
0.00000
0.00000
0.00000
0.00000
0.00000
0.00000
0.00000
0.00000
0.00000
0.00000
0.00000
0.00000
0.00000
0.00000
0.00000
0.00000
0.00000
0.00000
0.00000
0.00000
0.00000
0.00000
0.00000
0.00000
0.00000
0.00000
0.00000
0.00000
0.00000
0.00000
0.00000
0.00000
0.00000
0.00000
0.00000
0.00000
0.00000
0.00000
0.00000
0.00000
0.00000
0.00000
0.00000
0.00000
0.00000
0.00000
0.00000
0.00000
0.00000
0.00000
0.00000
0.00000
0.00000
0.00000
0.00000
0.00000
0.00000
0.00000
0.00000
0.00000
0.00000
0.00000
0.00000
0.00000
0.00000
0.00000
0.00000
0.00000
0.00000
0.00000
0.00000
0.00000
0.00000
0.00000
0.00000
0.00000
0.00000
0.00000
0.00000
0.00000
0.00000
0.00000
0.00000
0.00000
0.00000
0.00000
0.00000
0.00000
0.00000
0.00000
0.00000
0.00000
0.00000
0.00000
0.00000
0.00000
0.00000
0.00000
0.00000
0.00000
0.00000
0.00000
0.00000
0.00000
0.00000
0.00000
0.00000
0.00000
0.00000
0.00000
0.00000
0.00000
0.00000
0.00000
0.00000
0.00000
0.00000
0.00000
0.00000
0.00000
0.00000
0.00000
0.00000
0.00000
0.00000
0.00000
0.00000
0.00000
0.00000
0.00000
0.00000
0.00000
0.00000
0.00000
0.00000
0.00000
0.00000
0.00000
0.00000
0.00000
0.00000
0.00000
0.00000
0.00000
0.00000
0.00000
0.00000
0.00000
0.00000
0.00000
0.00000
0.00000
0.00000
0.00000
0.00000
0.00000
0.00000
0.00000
0.00000
0.00000
0.00000
0.00000
0.00000
0.00000
0.00000
