-0.00015
-0.00021
-0.00018
-0.00018
-0.00015
-0.00018
-0.00021
-0.00021
-0.00018
-0.00021
-0.00021
-0.00021
-0.00021
-0.00021
-0.00024
-0.00024
-0.00018
-0.00018
-0.00021
-0.00015
-0.00015
-0.00018
-0.00012
-0.00015
-0.00021
-0.00024
-0.00024
-0.00021
-0.00018
-0.00018
-0.00015
-0.00015
-0.00015
-0.00015
-0.00034
-0.00021
-0.00024
-0.00024
-0.00021
-0.00021
-0.00012
-0.00018
-0.00012
-0.00015
-0.00024
-0.00018
-0.00018
-0.00021
-0.00015
-0.00012
-0.00012
-0.00012
-0.00009
-0.00006
-0.00027
-0.00018
-0.00018
-0.00034
-0.00024
-0.00024
-0.00018
-0.00015
-0.00012
-0.00009
-0.00012
-0.00015
-0.00018
-0.00021
-0.00021
-0.00021
-0.00021
-0.00021
-0.00015
-0.00012
-0.00021
-0.00012
-0.00012
-0.00027
-0.00024
-0.00021
-0.00024
-0.00027
-0.00018
-0.00012
-0.00018
-0.00018
-0.00012
-0.00015
-0.00012
-0.00021
-0.00021
-0.00018
-0.00021
-0.00024
-0.00018
-0.00012
-0.00018
-0.00027
-0.00024
-0.00012
-0.00021
-0.00021
-0.00006
-0.00006
-0.00018
-0.00021
-0.00018
-0.00021
-0.00021
-0.00021
-0.00021
-0.00015
-0.00012
-0.00015
-0.00018
-0.00018
-0.00018
-0.00018
-0.00018
-0.00018
-0.00015
-0.00018
-0.00018
-0.00024
-0.00024
-0.00018
-0.00021
-0.00018
-0.00015
-0.00015
-0.00015
-0.00015
-0.00018
-0.00021
-0.00018
-0.00015
-0.00015
-0.00021
-0.00018
-0.00024
-0.00031
-0.00027
-0.00024
-0.00015
-0.00018
-0.00015
-0.00009
-0.00009
-0.00018
-0.00024
-0.00024
-0.00024
-0.00027
-0.00021
-0.00015
-0.00009
-0.00012
-0.00012
-0.00021
-0.00018
-0.00024
-0.00037
-0.00027
-0.00024
-0.00021
-0.00018
-0.00018
-0.00015
-0.00015
-0.00012
-0.00018
-0.00015
-0.00018
-0.00034
0.00012
-0.00092
0.00101
-0.00217
0.00281
-0.00467
-0.00061
-0.10156
-0.07935
0.03238
-0.02356
-0.01718
0.01859
0.05469
0.06894
0.04147
0.00418
0.03412
0.03271
-0.02307
-0.05960
-0.00290
0.00769
-0.01352
0.00003
-0.00012
0.00787
0.02097
-0.00525
-0.00952
0.02335
0.00967
-0.00995
-0.00278
0.00372
-0.00336
-0.00317
0.00034
0.00012
0.00195
0.00073
-0.00183
0.00095
0.00412
0.00519
0.00043
-0.00089
0.00476
0.00311
0.00180
0.00058
-0.00150
-0.00424
-0.00021
-0.00076
-0.00311
-0.00208
0.00232
-0.00040
0.00085
0.00620
0.00323
0.00000
0.00153
0.00235
0.00168
-0.00192
-0.00235
-0.00113
-0.00229
-0.00275
-0.00409
-0.00110
0.00211
0.00006
-0.00143
-0.00040
0.00201
0.00040
0.00031
0.00223
0.00061
-0.00134
-0.00079
-0.00095
0.00003
-0.00092
-0.00180
-0.00229
-0.00244
-0.00195
-0.00171
-0.00027
-0.00003
-0.00143
-0.00012
0.00073
0.00061
-0.00101
-0.00104
-0.00073
-0.00119
-0.00119
-0.00195
-0.00198
-0.00073
-0.00003
-0.00064
-0.00095
-0.00125
-0.00079
-0.00009
0.00018
0.00027
0.00052
0.00018
-0.00076
-0.00018
0.00031
-0.00101
-0.00189
-0.00183
-0.00107
-0.00140
-0.00171
-0.00165
-0.00143
-0.00101
-0.00067
-0.00043
-0.00015
-0.00064
-0.00104
-0.00037
0.00027
0.00000
-0.00061
-0.00043
-0.00027
-0.00049
-0.00107
-0.00146
-0.00140
-0.00143
-0.00101
-0.00043
-0.00027
-0.00055
-0.00046
0.00037
0.00104
0.00119
0.00101
0.00073
0.00049
0.00021
0.00015
0.00000
-0.00110
-0.00192
-0.00134
-0.00024
-0.00021
-0.00079
-0.00089
-0.00052
0.00009
0.00021
0.00012
0.00012
-0.00024
-0.00104
-0.00159
-0.00140
-0.00104
-0.00073
-0.00070
-0.00015
0.00009
0.00018
0.00000
0.00000
0.00000
0.00000
0.00000
0.00000
0.00000
0.00000
0.00000
0.00000
0.00000
0.00000
0.00000
0.00000
0.00000
0.00000
0.00000
0.00000
0.00000
0.00000
0.00000
0.00000
0.00000
0.00000
0.00000
0.00000
0.00000
0.00000
0.00000
0.00000
0.00000
0.00000
0.00000
0.00000
0.00000
0.00000
0.00000
0.00000
0.00000
0.00000
0.00000
0.00000
0.00000
0.00000
0.00000
0.00000
0.00000
0.00000
0.00000
0.00000
0.00000
0.00000
0.00000
0.00000
0.00000
0.00000
0.00000
0.00000
0.00000
0.00000
0.00000
0.00000
0.00000
0.00000
0.00000
0.00000
0.00000
0.00000
0.00000
0.00000
0.00000
0.00000
0.00000
0.00000
0.00000
0.00000
0.00000
0.00000
0.00000
0.00000
0.00000
0.00000
0.00000
0.00000
0.00000
0.00000
0.00000
0.00000
0.00000
0.00000
0.00000
0.00000
0.00000
0.00000
0.00000
0.00000
0.00000
0.00000
0.00000
0.00000
0.00000
0.00000
0.00000
0.00000
0.00000
0.00000
0.00000
0.00000
0.00000
0.00000
0.00000
0.00000
0.00000
0.00000
0.00000
0.00000
0.00000
0.00000
0.00000
0.00000
0.00000
0.00000
0.00000
0.00000
0.00000
0.00000
0.00000
0.00000
0.00000
0.00000
0.00000
0.00000
0.00000
0.00000
0.00000
0.00000
0.00000
0.00000
0.00000
0.00000
0.00000
0.00000
0.00000
0.00000
0.00000
0.00000
0.00000
0.00000
0.00000
0.00000
0.00000
0.00000
0.00000
0.00000
0.00000
0.00000
0.00000
0.00000
