-0.00009
-0.00009
-0.00006
-0.00009
-0.00012
-0.00009
-0.00009
-0.00009
-0.00009
-0.00009
-0.00012
-0.00012
-0.00009
-0.00009
-0.00009
-0.00012
-0.00012
-0.00009
-0.00012
-0.00015
-0.00015
-0.00015
-0.00012
-0.00012
-0.00015
-0.00018
-0.00015
-0.00015
-0.00018
-0.00018
-0.00015
-0.00015
-0.00015
-0.00009
-0.00021
-0.00006
-0.00012
-0.00012
-0.00012
-0.00018
-0.00018
-0.00024
-0.00018
-0.00018
-0.00021
-0.00018
-0.00015
-0.00015
-0.00018
-0.00015
-0.00015
-0.00018
-0.00024
-0.00024
-0.00021
-0.00024
-0.00021
-0.00018
-0.00018
-0.00018
-0.00021
-0.00015
-0.00018
-0.00021
-0.00021
-0.00021
-0.00015
-0.00018
-0.00021
-0.00021
-0.00018
-0.00021
-0.00024
-0.00021
-0.00024
-0.00027
-0.00024
-0.00018
-0.00018
-0.00021
-0.00015
-0.00015
-0.00024
-0.00024
-0.00021
-0.00024
-0.00027
-0.00027
-0.00021
-0.00021
-0.00021
-0.00024
-0.00021
-0.00021
-0.00024
-0.00024
-0.00021
-0.00021
-0.00024
-0.00024
-0.00024
-0.00024
-0.00024
-0.00021
-0.00024
-0.00027
-0.00024
-0.00021
-0.00024
-0.00027
-0.00024
-0.00024
-0.00024
-0.00024
-0.00021
-0.00021
-0.00024
-0.00024
-0.00024
-0.00024
-0.00027
-0.00024
-0.00021
-0.00018
-0.00024
-0.00031
-0.00031
-0.00031
-0.00034
-0.00031
-0.00027
-0.00021
-0.00021
-0.00018
-0.00018
-0.00021
-0.00024
-0.00027
-0.00027
-0.00031
-0.00031
-0.00031
-0.00027
-0.00027
-0.00027
-0.00027
-0.00024
-0.00021
-0.00021
-0.00021
-0.00024
-0.00027
-0.00027
-0.00027
-0.00024
-0.00027
-0.00021
-0.00018
-0.00021
-0.00024
-0.00024
-0.00024
-0.00027
-0.00027
-0.00027
-0.00024
-0.00021
-0.00021
-0.00021
-0.00024
-0.00024
-0.00031
-0.00040
-0.00037
-0.00037
-0.00031
-0.00024
-0.00018
-0.00015
-0.00015
-0.00015
-0.00027
-0.00024
-0.00046
-0.00012
-0.00064
0.00006
-0.00107
0.00046
-0.00134
0.00082
-0.02048
-0.05209
-0.02945
-0.01953
-0.01566
-0.01111
0.01340
0.05197
0.05475
0.03250
0.01163
0.00461
0.00381
-0.01462
-0.02011
-0.01163
-0.00739
-0.00513
0.00055
0.01111
0.01425
0.00504
-0.00641
-0.00531
0.00421
0.00540
-0.00061
0.00070
0.00272
-0.00024
-0.00180
-0.00128
-0.00027
0.00018
0.00027
-0.00201
-0.00067
0.00189
0.00125
-0.00006
0.00143
0.00195
0.00098
0.00070
0.00140
0.00110
0.00034
-0.00067
-0.00131
-0.00082
0.00018
-0.00049
-0.00107
0.00110
0.00360
0.00308
0.00180
0.00165
0.00162
0.00040
-0.00085
-0.00076
-0.00049
-0.00113
-0.00226
-0.00208
0.00000
0.00015
-0.00092
-0.00119
0.00031
0.00058
-0.00058
-0.00015
0.00092
0.00122
0.00018
-0.00125
-0.00146
-0.00021
-0.00070
-0.00195
-0.00082
-0.00085
-0.00070
-0.00046
-0.00085
-0.00101
-0.00095
-0.00098
-0.00104
0.00003
0.00009
-0.00034
-0.00024
-0.00043
-0.00125
-0.00180
-0.00201
-0.00217
-0.00134
-0.00092
-0.00110
-0.00067
-0.00012
0.00000
0.00009
0.00015
0.00021
-0.00031
-0.00049
-0.00034
-0.00082
-0.00140
-0.00214
-0.00156
-0.00110
-0.00137
-0.00162
-0.00128
-0.00095
-0.00107
-0.00098
-0.00061
-0.00052
-0.00070
-0.00082
-0.00082
-0.00073
-0.00076
-0.00052
-0.00021
-0.00043
-0.00098
-0.00122
-0.00116
-0.00122
-0.00131
-0.00107
-0.00073
-0.00061
-0.00079
-0.00070
-0.00006
0.00024
0.00018
0.00027
0.00049
0.00034
-0.00015
0.00000
0.00000
0.00000
0.00000
0.00000
0.00000
0.00000
0.00000
0.00000
0.00000
0.00000
0.00000
0.00000
0.00000
0.00000
0.00000
0.00000
0.00000
0.00000
0.00000
0.00000
0.00000
0.00000
0.00000
0.00000
0.00000
0.00000
0.00000
0.00000
0.00000
0.00000
0.00000
0.00000
0.00000
0.00000
0.00000
0.00000
0.00000
0.00000
0.00000
0.00000
0.00000
0.00000
0.00000
0.00000
0.00000
0.00000
0.00000
0.00000
0.00000
0.00000
0.00000
0.00000
0.00000
0.00000
0.00000
0.00000
0.00000
0.00000
0.00000
0.00000
0.00000
0.00000
0.00000
0.00000
0.00000
0.00000
0.00000
0.00000
0.00000
0.00000
0.00000
0.00000
0.00000
0.00000
0.00000
0.00000
0.00000
0.00000
0.00000
0.00000
0.00000
0.00000
0.00000
0.00000
0.00000
0.00000
0.00000
0.00000
0.00000
0.00000
0.00000
0.00000
0.00000
0.00000
0.00000
0.00000
0.00000
0.00000
0.00000
0.00000
0.00000
0.00000
0.00000
0.00000
0.00000
0.00000
0.00000
0.00000
0.00000
0.00000
0.00000
0.00000
0.00000
0.00000
0.00000
0.00000
0.00000
0.00000
0.00000
0.00000
0.00000
0.00000
0.00000
0.00000
0.00000
0.00000
0.00000
0.00000
0.00000
0.00000
0.00000
0.00000
0.00000
0.00000
0.00000
0.00000
0.00000
0.00000
0.00000
0.00000
0.00000
0.00000
0.00000
0.00000
0.00000
0.00000
0.00000
0.00000
0.00000
0.00000
0.00000
0.00000
0.00000
0.00000
0.00000
0.00000
0.00000
0.00000
0.00000
0.00000
0.00000
0.00000
0.00000
0.00000
0.00000
0.00000
0.00000
0.00000
0.00000
0.00000
