-0.00018
-0.00018
-0.00018
-0.00021
-0.00018
-0.00018
-0.00024
-0.00024
-0.00021
-0.00015
-0.00015
-0.00015
-0.00015
-0.00015
-0.00024
-0.00031
-0.00024
-0.00021
-0.00024
-0.00015
-0.00009
-0.00012
-0.00012
-0.00015
-0.00021
-0.00027
-0.00031
-0.00024
-0.00021
-0.00027
-0.00021
-0.00015
-0.00018
-0.00021
-0.00034
-0.00012
-0.00018
-0.00021
-0.00021
-0.00021
-0.00021
-0.00031
-0.00024
-0.00015
-0.00012
-0.00012
-0.00012
-0.00012
-0.00012
-0.00018
-0.00024
-0.00024
-0.00027
-0.00024
-0.00037
-0.00024
-0.00006
-0.00024
-0.00018
-0.00015
-0.00018
-0.00018
-0.00024
-0.00021
-0.00018
-0.00021
-0.00024
-0.00024
-0.00018
-0.00018
-0.00012
-0.00018
-0.00015
-0.00015
-0.00027
-0.00024
-0.00018
-0.00024
-0.00027
-0.00021
-0.00018
-0.00027
-0.00024
-0.00018
-0.00027
-0.00027
-0.00021
-0.00024
-0.00021
-0.00018
-0.00018
-0.00012
-0.00015
-0.00018
-0.00021
-0.00012
-0.00015
-0.00027
-0.00024
-0.00012
-0.00015
-0.00018
-0.00012
-0.00012
-0.00021
-0.00024
-0.00024
-0.00024
-0.00027
-0.00027
-0.00027
-0.00015
-0.00015
-0.00027
-0.00021
-0.00021
-0.00031
-0.00034
-0.00027
-0.00027
-0.00027
-0.00018
-0.00012
-0.00009
-0.00009
-0.00012
-0.00018
-0.00018
-0.00021
-0.00024
-0.00027
-0.00024
-0.00021
-0.00021
-0.00021
-0.00015
-0.00012
-0.00027
-0.00018
-0.00015
-0.00024
-0.00024
-0.00024
-0.00015
-0.00024
-0.00034
-0.00027
-0.00021
-0.00018
-0.00027
-0.00024
-0.00018
-0.00021
-0.00024
-0.00024
-0.00015
-0.00021
-0.00021
-0.00018
-0.00018
-0.00015
-0.00024
-0.00024
-0.00024
-0.00024
-0.00021
-0.00024
-0.00018
-0.00018
-0.00021
-0.00006
-0.00018
0.00000
-0.00052
0.00049
-0.00125
0.00119
-0.00235
0.00275
-0.00449
0.00296
-0.08109
-0.11670
0.02719
-0.01224
-0.02286
0.03174
0.04990
0.08383
0.04398
0.00409
0.02216
0.03397
-0.01370
-0.07257
-0.01431
0.01105
-0.00888
0.00369
0.00400
0.00668
0.02039
0.00021
-0.01834
0.01797
0.01529
-0.01035
-0.00366
0.00809
0.00009
-0.00204
0.00214
-0.00266
-0.00009
0.00006
-0.00574
-0.00314
0.00375
0.00693
0.00409
0.00064
0.00504
0.00507
0.00226
-0.00076
-0.00327
-0.00543
-0.00058
-0.00073
-0.00308
-0.00235
0.00250
0.00146
0.00095
0.00589
0.00443
-0.00003
0.00000
0.00180
0.00220
-0.00018
-0.00323
-0.00262
-0.00168
-0.00296
-0.00336
-0.00168
0.00095
0.00009
-0.00082
-0.00031
0.00174
0.00180
-0.00027
0.00143
0.00140
-0.00113
-0.00113
-0.00143
-0.00040
-0.00107
-0.00092
-0.00159
-0.00299
-0.00208
-0.00195
-0.00067
0.00015
-0.00125
-0.00027
0.00085
0.00085
0.00024
-0.00195
-0.00165
-0.00092
-0.00146
-0.00156
-0.00226
-0.00195
0.00009
0.00049
-0.00064
-0.00113
-0.00046
-0.00070
-0.00021
0.00073
0.00037
0.00031
-0.00055
-0.00101
0.00006
-0.00049
-0.00204
-0.00220
-0.00098
-0.00137
-0.00214
-0.00137
-0.00162
-0.00143
-0.00079
-0.00043
0.00018
-0.00003
-0.00095
-0.00070
0.00012
0.00009
-0.00064
-0.00043
-0.00031
-0.00079
-0.00113
-0.00159
-0.00153
-0.00143
-0.00113
-0.00043
-0.00018
-0.00027
-0.00027
0.00046
0.00113
0.00107
0.00092
0.00055
0.00027
0.00006
0.00000
0.00000
-0.00098
-0.00186
-0.00146
-0.00049
-0.00031
-0.00079
-0.00079
-0.00040
0.00000
0.00012
0.00021
0.00021
-0.00009
0.00000
0.00000
0.00000
0.00000
0.00000
0.00000
0.00000
0.00000
0.00000
0.00000
0.00000
0.00000
0.00000
0.00000
0.00000
0.00000
0.00000
0.00000
0.00000
0.00000
0.00000
0.00000
0.00000
0.00000
0.00000
0.00000
0.00000
0.00000
0.00000
0.00000
0.00000
0.00000
0.00000
0.00000
0.00000
0.00000
0.00000
0.00000
0.00000
0.00000
0.00000
0.00000
0.00000
0.00000
0.00000
0.00000
0.00000
0.00000
0.00000
0.00000
0.00000
0.00000
0.00000
0.00000
0.00000
0.00000
0.00000
0.00000
0.00000
0.00000
0.00000
0.00000
0.00000
0.00000
0.00000
0.00000
0.00000
0.00000
0.00000
0.00000
0.00000
0.00000
0.00000
0.00000
0.00000
0.00000
0.00000
0.00000
0.00000
0.00000
0.00000
0.00000
0.00000
0.00000
0.00000
0.00000
0.00000
0.00000
0.00000
0.00000
0.00000
0.00000
0.00000
0.00000
0.00000
0.00000
0.00000
0.00000
0.00000
0.00000
0.00000
0.00000
0.00000
0.00000
0.00000
0.00000
0.00000
0.00000
0.00000
0.00000
0.00000
0.00000
0.00000
0.00000
0.00000
0.00000
0.00000
0.00000
0.00000
0.00000
0.00000
0.00000
0.00000
0.00000
0.00000
0.00000
0.00000
0.00000
0.00000
0.00000
0.00000
0.00000
0.00000
0.00000
0.00000
0.00000
0.00000
0.00000
0.00000
0.00000
0.00000
0.00000
0.00000
0.00000
0.00000
0.00000
0.00000
0.00000
0.00000
0.00000
0.00000
0.00000
0.00000
0.00000
0.00000
0.00000
0.00000
0.00000
0.00000
0.00000
0.00000
0.00000
0.00000
0.00000
0.00000
0.00000
0.00000
