0.00012
0.00015
0.00006
0.00015
0.00009
0.00000
0.00000
0.00000
-0.00006
-0.00003
-0.00009
-0.00009
0.00000
0.00000
0.00003
0.00015
0.00018
0.00015
0.00018
0.00006
0.00000
0.00003
0.00006
0.00003
0.00000
0.00000
-0.00003
-0.00003
-0.00006
-0.00006
0.00003
0.00003
0.00003
0.00015
0.00021
0.00009
0.00006
0.00003
0.00000
-0.00003
0.00003
0.00000
-0.00009
-0.00003
0.00000
-0.00003
0.00003
0.00015
0.00024
0.00012
0.00006
0.00003
0.00000
0.00000
0.00006
-0.00027
0.00000
0.00015
0.00000
0.00006
0.00027
0.00018
-0.00003
0.00000
0.00000
0.00000
0.00000
0.00000
0.00000
0.00003
0.00009
0.00006
-0.00003
0.00000
0.00000
-0.00009
0.00012
0.00024
0.00000
0.00000
0.00012
0.00015
0.00000
0.00009
0.00015
0.00000
-0.00003
0.00003
-0.00003
0.00000
0.00003
0.00012
0.00012
0.00015
0.00003
-0.00003
0.00006
0.00003
-0.00018
-0.00006
0.00015
0.00000
0.00000
0.00012
0.00003
-0.00006
0.00000
0.00000
-0.00006
0.00003
0.00003
0.00003
0.00015
0.00009
0.00000
0.00003
0.00003
-0.00003
0.00000
0.00009
0.00012
0.00003
0.00000
0.00006
-0.00003
-0.00009
0.00000
0.00003
0.00000
-0.00003
0.00000
-0.00003
0.00000
0.00000
0.00000
-0.00006
0.00000
0.00000
-0.00018
-0.00006
-0.00006
-0.00009
-0.00009
-0.00003
-0.00006
-0.00012
-0.00003
-0.00003
0.00003
0.00000
-0.00009
-0.00012
-0.00009
-0.00009
-0.00012
-0.00009
-0.00006
-0.00012
-0.00012
-0.00006
0.00006
0.00000
-0.00012
-0.00006
-0.00012
-0.00024
-0.00018
0.00000
0.00003
0.00003
0.00000
-0.00006
-0.00018
0.00006
-0.00073
0.00082
-0.00189
0.00281
-0.00455
0.00684
-0.01053
0.01083
-0.13669
-0.12723
0.02789
-0.03760
-0.00858
0.13251
0.18689
0.03699
-0.03290
-0.07224
-0.02362
0.02023
0.00113
-0.02914
0.04861
0.02927
-0.01871
0.00717
0.00299
-0.03421
0.00031
0.01013
-0.00153
0.02158
0.01245
-0.01593
0.00165
0.02588
-0.00543
-0.01169
0.00430
-0.00449
-0.00766
0.00244
-0.00162
-0.00519
0.00488
0.01010
0.00229
0.00021
0.00824
0.00046
-0.00400
-0.00049
-0.00156
-0.00775
0.00201
0.00299
-0.00183
-0.00125
0.00443
-0.00418
-0.00076
0.00906
0.00565
-0.00189
0.00079
0.00058
-0.00195
-0.00119
0.00262
0.00018
-0.00214
-0.00250
-0.00378
-0.00186
0.00000
-0.00143
-0.00031
-0.00003
-0.00079
-0.00235
-0.00009
0.00229
0.00040
-0.00024
0.00238
-0.00021
-0.00259
-0.00323
-0.00107
-0.00296
-0.00253
-0.00165
-0.00113
-0.00058
-0.00061
-0.00085
0.00095
0.00037
-0.00098
-0.00146
0.00000
-0.00119
-0.00217
-0.00061
-0.00079
-0.00223
-0.00214
-0.00174
-0.00244
-0.00201
-0.00061
-0.00009
-0.00009
0.00027
-0.00024
0.00049
0.00119
0.00055
-0.00089
0.00000
0.00000
0.00000
0.00000
0.00000
0.00000
0.00000
0.00000
0.00000
0.00000
0.00000
0.00000
0.00000
0.00000
0.00000
0.00000
0.00000
0.00000
0.00000
0.00000
0.00000
0.00000
0.00000
0.00000
0.00000
0.00000
0.00000
0.00000
0.00000
0.00000
0.00000
0.00000
0.00000
0.00000
0.00000
0.00000
0.00000
0.00000
0.00000
0.00000
0.00000
0.00000
0.00000
0.00000
0.00000
0.00000
0.00000
0.00000
0.00000
0.00000
0.00000
0.00000
0.00000
0.00000
0.00000
0.00000
0.00000
0.00000
0.00000
0.00000
0.00000
0.00000
0.00000
0.00000
0.00000
0.00000
0.00000
0.00000
0.00000
0.00000
0.00000
0.00000
0.00000
0.00000
0.00000
0.00000
0.00000
0.00000
0.00000
0.00000
0.00000
0.00000
0.00000
0.00000
0.00000
0.00000
0.00000
0.00000
0.00000
0.00000
0.00000
0.00000
0.00000
0.00000
0.00000
0.00000
0.00000
0.00000
0.00000
0.00000
0.00000
0.00000
0.00000
0.00000
0.00000
0.00000
0.00000
0.00000
0.00000
0.00000
0.00000
0.00000
0.00000
0.00000
0.00000
0.00000
0.00000
0.00000
0.00000
0.00000
0.00000
0.00000
0.00000
0.00000
0.00000
0.00000
0.00000
0.00000
0.00000
0.00000
0.00000
0.00000
0.00000
0.00000
0.00000
0.00000
0.00000
0.00000
0.00000
0.00000
0.00000
0.00000
0.00000
0.00000
0.00000
0.00000
0.00000
0.00000
0.00000
0.00000
0.00000
0.00000
0.00000
0.00000
0.00000
0.00000
0.00000
0.00000
0.00000
0.00000
0.00000
0.00000
0.00000
0.00000
0.00000
0.00000
0.00000
0.00000
0.00000
0.00000
0.00000
0.00000
0.00000
0.00000
0.00000
0.00000
0.00000
0.00000
0.00000
0.00000
0.00000
0.00000
0.00000
0.00000
0.00000
0.00000
0.00000
0.00000
0.00000
0.00000
0.00000
0.00000
0.00000
0.00000
0.00000
0.00000
0.00000
0.00000
0.00000
0.00000
0.00000
0.00000
0.00000
0.00000
0.00000
0.00000
0.00000
0.00000
0.00000
0.00000
0.00000
0.00000
0.00000
0.00000
0.00000
0.00000
0.00000
0.00000
0.00000
