-0.00037
-0.00031
-0.00024
-0.00031
-0.00031
-0.00027
-0.00034
-0.00034
-0.00027
-0.00027
-0.00027
-0.00031
-0.00031
-0.00034
-0.00031
-0.00027
-0.00034
-0.00034
-0.00027
-0.00034
-0.00037
-0.00031
-0.00031
-0.00027
-0.00027
-0.00034
-0.00034
-0.00024
-0.00027
-0.00031
-0.00027
-0.00027
-0.00034
-0.00034
-0.00034
-0.00040
-0.00040
-0.00031
-0.00034
-0.00031
-0.00024
-0.00031
-0.00031
-0.00034
-0.00031
-0.00034
-0.00034
-0.00034
-0.00027
-0.00031
-0.00034
-0.00034
-0.00034
-0.00037
-0.00024
-0.00027
-0.00049
-0.00021
-0.00037
-0.00043
-0.00037
-0.00024
-0.00037
-0.00040
-0.00040
-0.00037
-0.00027
-0.00031
-0.00024
-0.00031
-0.00027
-0.00024
-0.00037
-0.00043
-0.00037
-0.00037
-0.00037
-0.00024
-0.00024
-0.00034
-0.00031
-0.00024
-0.00034
-0.00040
-0.00027
-0.00031
-0.00031
-0.00027
-0.00027
-0.00037
-0.00037
-0.00037
-0.00034
-0.00031
-0.00027
-0.00034
-0.00024
-0.00018
-0.00031
-0.00040
-0.00027
-0.00024
-0.00040
-0.00031
-0.00027
-0.00037
-0.00034
-0.00034
-0.00031
-0.00027
-0.00027
-0.00031
-0.00027
-0.00027
-0.00040
-0.00037
-0.00027
-0.00031
-0.00027
-0.00021
-0.00027
-0.00031
-0.00037
-0.00040
-0.00034
-0.00034
-0.00027
-0.00031
-0.00031
-0.00031
-0.00034
-0.00034
-0.00031
-0.00034
-0.00034
-0.00031
-0.00034
-0.00027
-0.00031
-0.00037
-0.00034
-0.00037
-0.00037
-0.00040
-0.00034
-0.00034
-0.00034
-0.00034
-0.00031
-0.00021
-0.00031
-0.00034
-0.00031
-0.00031
-0.00034
-0.00037
-0.00027
-0.00031
-0.00034
-0.00031
-0.00031
-0.00027
-0.00040
-0.00040
-0.00031
-0.00034
-0.00034
-0.00027
-0.00021
-0.00024
-0.00034
-0.00027
-0.00052
-0.00012
-0.00064
0.00003
-0.00064
-0.00018
-0.00018
-0.00110
0.00140
-0.00345
-0.01108
-0.14148
-0.04700
0.00961
-0.03799
0.00623
0.09964
0.10925
0.01880
-0.01718
-0.06631
0.02805
0.04492
0.00662
-0.00974
0.02045
0.00488
-0.02078
-0.00458
-0.00998
-0.01685
0.01978
0.00647
0.00162
0.02969
0.00293
-0.02023
0.00519
0.00916
-0.01016
-0.00452
0.00000
-0.00589
-0.00092
0.00681
-0.00409
0.00061
0.00876
0.00247
0.00153
0.00525
0.00238
-0.00525
-0.00198
0.00134
-0.00015
-0.00113
0.00201
-0.00119
-0.00244
-0.00174
0.00027
-0.00247
0.00226
0.00620
0.00330
0.00021
0.00128
0.00040
-0.00064
0.00061
0.00098
-0.00162
-0.00208
-0.00290
-0.00323
-0.00076
-0.00012
-0.00037
0.00009
0.00003
-0.00073
-0.00116
0.00043
0.00058
0.00003
0.00052
0.00092
-0.00122
-0.00250
-0.00180
-0.00110
-0.00177
-0.00162
-0.00250
-0.00125
-0.00107
-0.00076
-0.00037
0.00037
-0.00012
-0.00101
-0.00067
0.00015
-0.00156
-0.00095
-0.00043
-0.00119
-0.00174
-0.00174
-0.00201
-0.00244
-0.00143
-0.00055
-0.00061
-0.00049
-0.00089
-0.00046
0.00104
0.00104
0.00061
0.00000
0.00000
0.00000
0.00000
0.00000
0.00000
0.00000
0.00000
0.00000
0.00000
0.00000
0.00000
0.00000
0.00000
0.00000
0.00000
0.00000
0.00000
0.00000
0.00000
0.00000
0.00000
0.00000
0.00000
0.00000
0.00000
0.00000
0.00000
0.00000
0.00000
0.00000
0.00000
0.00000
0.00000
0.00000
0.00000
0.00000
0.00000
0.00000
0.00000
0.00000
0.00000
0.00000
0.00000
0.00000
0.00000
0.00000
0.00000
0.00000
0.00000
0.00000
0.00000
0.00000
0.00000
0.00000
0.00000
0.00000
0.00000
0.00000
0.00000
0.00000
0.00000
0.00000
0.00000
0.00000
0.00000
0.00000
0.00000
0.00000
0.00000
0.00000
0.00000
0.00000
0.00000
0.00000
0.00000
0.00000
0.00000
0.00000
0.00000
0.00000
0.00000
0.00000
0.00000
0.00000
0.00000
0.00000
0.00000
0.00000
0.00000
0.00000
0.00000
0.00000
0.00000
0.00000
0.00000
0.00000
0.00000
0.00000
0.00000
0.00000
0.00000
0.00000
0.00000
0.00000
0.00000
0.00000
0.00000
0.00000
0.00000
0.00000
0.00000
0.00000
0.00000
0.00000
0.00000
0.00000
0.00000
0.00000
0.00000
0.00000
0.00000
0.00000
0.00000
0.00000
0.00000
0.00000
0.00000
0.00000
0.00000
0.00000
0.00000
0.00000
0.00000
0.00000
0.00000
0.00000
0.00000
0.00000
0.00000
0.00000
0.00000
0.00000
0.00000
0.00000
0.00000
0.00000
0.00000
0.00000
0.00000
0.00000
0.00000
0.00000
0.00000
0.00000
0.00000
0.00000
0.00000
0.00000
0.00000
0.00000
0.00000
0.00000
0.00000
0.00000
0.00000
0.00000
0.00000
0.00000
0.00000
0.00000
0.00000
0.00000
0.00000
0.00000
0.00000
0.00000
0.00000
0.00000
0.00000
0.00000
0.00000
0.00000
0.00000
0.00000
0.00000
0.00000
0.00000
0.00000
0.00000
0.00000
0.00000
0.00000
0.00000
0.00000
0.00000
0.00000
0.00000
0.00000
0.00000
0.00000
0.00000
0.00000
0.00000
0.00000
0.00000
0.00000
0.00000
0.00000
0.00000
0.00000
0.00000
0.00000
0.00000
0.00000
0.00000
0.00000
0.00000
0.00000
