-0.00006
-0.00006
-0.00009
-0.00009
-0.00003
0.00000
-0.00003
-0.00009
-0.00012
-0.00012
-0.00012
-0.00015
-0.00006
-0.00003
0.00000
-0.00009
-0.00012
-0.00006
-0.00012
-0.00018
-0.00006
-0.00003
-0.00009
-0.00003
0.00000
-0.00009
-0.00009
-0.00009
-0.00009
-0.00012
-0.00012
-0.00012
-0.00009
-0.00003
-0.00012
-0.00012
-0.00009
-0.00012
-0.00015
-0.00009
-0.00009
-0.00015
-0.00012
-0.00012
-0.00015
-0.00015
-0.00009
-0.00009
-0.00006
-0.00009
-0.00009
-0.00006
-0.00003
-0.00015
-0.00006
-0.00024
-0.00021
-0.00006
-0.00021
-0.00018
-0.00009
0.00000
-0.00015
-0.00006
-0.00009
-0.00006
-0.00012
-0.00015
-0.00012
-0.00021
-0.00015
-0.00009
-0.00012
-0.00012
-0.00012
-0.00018
-0.00012
-0.00006
-0.00012
-0.00015
-0.00012
-0.00012
-0.00021
-0.00018
-0.00009
-0.00015
-0.00018
-0.00006
-0.00006
-0.00012
-0.00009
-0.00006
-0.00012
-0.00021
-0.00018
-0.00021
-0.00021
-0.00012
-0.00021
-0.00021
-0.00006
-0.00009
-0.00021
-0.00006
-0.00009
-0.00021
-0.00018
-0.00015
-0.00024
-0.00024
-0.00015
-0.00015
-0.00009
-0.00009
-0.00009
-0.00012
-0.00012
-0.00021
-0.00024
-0.00015
-0.00012
-0.00012
-0.00018
-0.00015
-0.00021
-0.00021
-0.00021
-0.00024
-0.00015
-0.00012
-0.00018
-0.00018
-0.00012
-0.00012
-0.00018
-0.00012
-0.00012
-0.00015
-0.00027
-0.00021
-0.00021
-0.00027
-0.00021
-0.00018
-0.00015
-0.00015
-0.00012
-0.00018
-0.00009
-0.00015
-0.00021
-0.00018
-0.00018
-0.00024
-0.00024
-0.00021
-0.00018
-0.00024
-0.00021
-0.00021
-0.00015
-0.00015
-0.00021
-0.00012
-0.00009
-0.00015
-0.00021
-0.00018
-0.00021
-0.00018
-0.00037
-0.00018
-0.00052
0.00015
-0.00104
0.00113
-0.00220
0.00269
-0.00427
0.00552
-0.00821
0.01035
-0.07916
-0.15302
0.01596
-0.02179
-0.02658
0.06500
0.16718
0.06302
-0.00156
-0.07050
-0.03738
0.04123
0.01514
-0.01178
0.01480
0.03946
-0.02011
-0.00745
0.00055
-0.02325
-0.00375
0.01590
-0.00137
0.01825
0.02130
-0.01395
-0.01068
0.01923
-0.00052
-0.01050
0.00345
-0.00003
-0.00806
-0.00079
0.00327
-0.00528
0.00183
0.00595
0.00455
0.00085
0.00858
0.00061
-0.00491
-0.00128
0.00049
-0.00430
0.00143
0.00241
-0.00241
-0.00186
0.00180
-0.00198
-0.00250
0.00607
0.00635
0.00034
0.00006
0.00110
-0.00046
-0.00058
0.00125
0.00092
-0.00140
-0.00275
-0.00388
-0.00250
0.00003
-0.00101
-0.00085
0.00000
-0.00012
-0.00143
-0.00055
0.00134
0.00104
-0.00067
0.00150
0.00049
-0.00211
-0.00293
-0.00171
-0.00183
-0.00198
-0.00192
-0.00192
-0.00101
-0.00082
-0.00095
0.00021
0.00079
-0.00098
-0.00140
-0.00012
-0.00012
-0.00180
-0.00082
-0.00089
-0.00177
-0.00208
-0.00177
-0.00250
-0.00211
-0.00113
-0.00018
-0.00003
0.00000
-0.00089
-0.00012
0.00095
0.00089
-0.00006
0.00000
0.00000
0.00000
0.00000
0.00000
0.00000
0.00000
0.00000
0.00000
0.00000
0.00000
0.00000
0.00000
0.00000
0.00000
0.00000
0.00000
0.00000
0.00000
0.00000
0.00000
0.00000
0.00000
0.00000
0.00000
0.00000
0.00000
0.00000
0.00000
0.00000
0.00000
0.00000
0.00000
0.00000
0.00000
0.00000
0.00000
0.00000
0.00000
0.00000
0.00000
0.00000
0.00000
0.00000
0.00000
0.00000
0.00000
0.00000
0.00000
0.00000
0.00000
0.00000
0.00000
0.00000
0.00000
0.00000
0.00000
0.00000
0.00000
0.00000
0.00000
0.00000
0.00000
0.00000
0.00000
0.00000
0.00000
0.00000
0.00000
0.00000
0.00000
0.00000
0.00000
0.00000
0.00000
0.00000
0.00000
0.00000
0.00000
0.00000
0.00000
0.00000
0.00000
0.00000
0.00000
0.00000
0.00000
0.00000
0.00000
0.00000
0.00000
0.00000
0.00000
0.00000
0.00000
0.00000
0.00000
0.00000
0.00000
0.00000
0.00000
0.00000
0.00000
0.00000
0.00000
0.00000
0.00000
0.00000
0.00000
0.00000
0.00000
0.00000
0.00000
0.00000
0.00000
0.00000
0.00000
0.00000
0.00000
0.00000
0.00000
0.00000
0.00000
0.00000
0.00000
0.00000
0.00000
0.00000
0.00000
0.00000
0.00000
0.00000
0.00000
0.00000
0.00000
0.00000
0.00000
0.00000
0.00000
0.00000
0.00000
0.00000
0.00000
0.00000
0.00000
0.00000
0.00000
0.00000
0.00000
0.00000
0.00000
0.00000
0.00000
0.00000
0.00000
0.00000
0.00000
0.00000
0.00000
0.00000
0.00000
0.00000
0.00000
0.00000
0.00000
0.00000
0.00000
0.00000
0.00000
0.00000
0.00000
0.00000
0.00000
0.00000
0.00000
0.00000
0.00000
0.00000
0.00000
0.00000
0.00000
0.00000
0.00000
0.00000
0.00000
0.00000
0.00000
0.00000
0.00000
0.00000
0.00000
0.00000
0.00000
0.00000
0.00000
0.00000
0.00000
0.00000
0.00000
0.00000
0.00000
0.00000
0.00000
0.00000
0.00000
0.00000
0.00000
0.00000
0.00000
0.00000
0.00000
0.00000
0.00000
0.00000
0.00000
0.00000
0.00000
0.00000
0.00000
