-0.00006
-0.00009
-0.00009
-0.00003
-0.00012
-0.00015
-0.00006
-0.00009
-0.00015
-0.00012
-0.00006
-0.00012
-0.00015
-0.00009
-0.00006
-0.00009
-0.00012
-0.00009
-0.00009
-0.00012
-0.00012
-0.00012
-0.00006
-0.00006
-0.00009
-0.00006
-0.00006
-0.00009
-0.00009
-0.00006
-0.00006
-0.00012
-0.00012
-0.00006
-0.00012
-0.00012
-0.00009
-0.00006
-0.00009
-0.00012
-0.00006
-0.00009
-0.00012
-0.00009
-0.00006
-0.00009
-0.00012
-0.00012
-0.00012
-0.00009
-0.00012
-0.00009
-0.00009
-0.00012
-0.00009
-0.00006
-0.00006
-0.00009
-0.00009
-0.00003
-0.00012
-0.00015
-0.00003
-0.00012
-0.00012
-0.00009
-0.00006
-0.00009
-0.00009
-0.00012
-0.00006
0.00000
-0.00006
-0.00006
-0.00006
-0.00006
-0.00006
-0.00006
0.00000
-0.00003
-0.00009
-0.00009
-0.00006
-0.00015
-0.00015
-0.00006
-0.00006
-0.00012
-0.00006
0.00000
-0.00006
-0.00006
0.00000
-0.00003
-0.00009
-0.00009
-0.00012
-0.00006
-0.00006
-0.00009
-0.00009
-0.00003
-0.00006
-0.00015
-0.00009
-0.00003
-0.00009
-0.00012
0.00000
-0.00003
-0.00012
-0.00009
-0.00006
-0.00009
-0.00009
-0.00003
-0.00009
-0.00009
-0.00006
-0.00009
-0.00009
-0.00003
-0.00003
-0.00009
-0.00006
-0.00009
-0.00012
-0.00006
-0.00003
-0.00009
-0.00006
0.00000
-0.00009
-0.00009
-0.00003
-0.00009
-0.00015
-0.00009
-0.00006
-0.00006
-0.00006
-0.00003
0.00000
-0.00003
-0.00009
-0.00009
-0.00009
-0.00009
-0.00012
-0.00006
-0.00006
-0.00009
-0.00015
-0.00009
-0.00009
-0.00012
-0.00006
-0.00003
0.00000
-0.00009
-0.00012
-0.00006
-0.00009
-0.00012
-0.00009
-0.00009
-0.00012
-0.00015
-0.00009
-0.00012
-0.00012
-0.00009
-0.00006
-0.00012
-0.00006
-0.00006
-0.00003
-0.00021
0.00003
-0.00043
0.00034
-0.00082
0.00067
-0.00125
0.00137
-0.00208
0.00186
-0.03229
-0.08972
-0.01688
-0.02292
-0.03931
-0.00476
0.06320
0.07507
0.04349
0.01364
-0.01572
0.03726
0.02628
-0.01364
-0.02155
-0.00812
-0.00818
-0.00977
0.00061
-0.00186
0.00980
0.01953
-0.00391
-0.00128
0.00861
-0.00714
-0.00674
0.01010
0.00790
-0.00244
-0.00500
-0.00229
-0.00018
0.00156
0.00018
-0.00391
0.00183
0.00485
0.00293
0.00266
0.00537
0.00290
-0.00174
-0.00046
0.00092
-0.00214
-0.00299
-0.00122
-0.00180
-0.00107
0.00079
0.00104
-0.00003
0.00299
0.00339
0.00122
0.00146
0.00159
0.00040
0.00067
0.00153
0.00046
-0.00113
-0.00070
-0.00168
-0.00177
-0.00073
-0.00101
-0.00098
-0.00037
0.00049
-0.00012
0.00012
0.00089
0.00024
-0.00034
-0.00031
-0.00012
-0.00046
-0.00101
-0.00046
-0.00064
-0.00101
-0.00110
-0.00220
-0.00174
-0.00168
-0.00162
-0.00101
-0.00015
0.00021
-0.00015
0.00015
0.00058
0.00000
0.00003
-0.00098
-0.00168
-0.00217
-0.00232
-0.00204
-0.00180
-0.00146
-0.00137
-0.00082
0.00006
0.00037
0.00058
0.00037
-0.00006
0.00000
0.00000
0.00000
0.00000
0.00000
0.00000
0.00000
0.00000
0.00000
0.00000
0.00000
0.00000
0.00000
0.00000
0.00000
0.00000
0.00000
0.00000
0.00000
0.00000
0.00000
0.00000
0.00000
0.00000
0.00000
0.00000
0.00000
0.00000
0.00000
0.00000
0.00000
0.00000
0.00000
0.00000
0.00000
0.00000
0.00000
0.00000
0.00000
0.00000
0.00000
0.00000
0.00000
0.00000
0.00000
0.00000
0.00000
0.00000
0.00000
0.00000
0.00000
0.00000
0.00000
0.00000
0.00000
0.00000
0.00000
0.00000
0.00000
0.00000
0.00000
0.00000
0.00000
0.00000
0.00000
0.00000
0.00000
0.00000
0.00000
0.00000
0.00000
0.00000
0.00000
0.00000
0.00000
0.00000
0.00000
0.00000
0.00000
0.00000
0.00000
0.00000
0.00000
0.00000
0.00000
0.00000
0.00000
0.00000
0.00000
0.00000
0.00000
0.00000
0.00000
0.00000
0.00000
0.00000
0.00000
0.00000
0.00000
0.00000
0.00000
0.00000
0.00000
0.00000
0.00000
0.00000
0.00000
0.00000
0.00000
0.00000
0.00000
0.00000
0.00000
0.00000
0.00000
0.00000
0.00000
0.00000
0.00000
0.00000
0.00000
0.00000
0.00000
0.00000
0.00000
0.00000
0.00000
0.00000
0.00000
0.00000
0.00000
0.00000
0.00000
0.00000
0.00000
0.00000
0.00000
0.00000
0.00000
0.00000
0.00000
0.00000
0.00000
0.00000
0.00000
0.00000
0.00000
0.00000
0.00000
0.00000
0.00000
0.00000
0.00000
0.00000
0.00000
0.00000
0.00000
0.00000
0.00000
0.00000
0.00000
0.00000
0.00000
0.00000
0.00000
0.00000
0.00000
0.00000
0.00000
0.00000
0.00000
0.00000
0.00000
0.00000
0.00000
0.00000
0.00000
0.00000
0.00000
0.00000
0.00000
0.00000
0.00000
0.00000
0.00000
0.00000
0.00000
0.00000
0.00000
0.00000
0.00000
0.00000
0.00000
0.00000
0.00000
0.00000
0.00000
0.00000
0.00000
0.00000
0.00000
0.00000
0.00000
0.00000
0.00000
0.00000
0.00000
0.00000
0.00000
0.00000
0.00000
0.00000
0.00000
0.00000
0.00000
