-0.00003
0.00000
0.00006
0.00003
-0.00003
0.00000
0.00003
0.00000
0.00000
0.00012
0.00006
0.00000
0.00000
0.00006
0.00000
0.00000
-0.00003
-0.00003
-0.00003
0.00003
0.00006
0.00012
0.00009
0.00000
0.00000
0.00003
0.00000
0.00000
0.00000
0.00006
0.00003
0.00012
0.00018
0.00012
0.00003
-0.00003
-0.00003
0.00003
0.00000
0.00006
0.00012
0.00012
0.00009
0.00006
0.00006
0.00003
0.00006
0.00009
0.00009
0.00012
0.00006
0.00006
0.00009
0.00012
0.00009
0.00018
0.00012
-0.00009
0.00018
0.00000
-0.00003
0.00006
0.00027
0.00015
0.00003
0.00012
0.00006
0.00006
0.00012
0.00009
0.00006
0.00015
0.00018
0.00015
0.00012
0.00018
0.00009
0.00000
0.00009
0.00006
0.00000
0.00006
0.00021
0.00009
0.00000
0.00021
0.00015
0.00006
0.00021
0.00018
0.00000
0.00000
0.00000
0.00006
0.00006
0.00015
0.00009
0.00012
0.00012
0.00006
0.00003
0.00015
0.00018
0.00000
0.00006
0.00015
0.00003
0.00000
0.00015
0.00015
0.00003
0.00012
0.00012
0.00003
0.00009
0.00015
0.00006
0.00006
0.00009
0.00006
0.00012
0.00018
0.00018
0.00015
0.00009
0.00006
-0.00003
0.00000
0.00006
0.00009
0.00012
0.00015
0.00021
0.00018
0.00012
0.00006
0.00003
0.00003
0.00012
0.00006
0.00009
0.00018
0.00009
0.00006
0.00000
0.00006
0.00006
0.00009
0.00012
0.00012
0.00018
0.00009
0.00009
0.00012
0.00009
0.00003
0.00003
0.00006
0.00003
0.00000
0.00000
0.00006
0.00009
0.00000
0.00006
0.00012
0.00003
0.00000
0.00009
0.00015
0.00012
-0.00006
0.00006
-0.00012
0.00037
-0.00031
0.00064
-0.00043
0.00040
0.00000
-0.00049
0.00192
-0.00342
-0.01495
-0.18185
-0.07104
-0.01340
-0.03024
0.04590
0.19946
0.19986
-0.00394
-0.04022
-0.06442
-0.04456
-0.01379
-0.01562
-0.02795
0.05875
0.02820
0.00244
0.01288
-0.01154
-0.02994
0.00488
0.01132
-0.00687
0.01871
0.01843
-0.01913
0.00510
0.02188
-0.01141
-0.00845
0.00333
-0.00748
-0.00623
0.01132
-0.00293
-0.00507
0.01181
0.01236
-0.00360
0.00134
0.00519
-0.00430
-0.00443
0.00067
-0.00134
-0.00555
0.00351
0.00235
-0.00269
0.00040
0.00497
-0.00339
0.00247
0.01010
0.00357
-0.00259
0.00174
0.00055
-0.00446
-0.00119
0.00345
-0.00177
-0.00189
-0.00085
-0.00281
-0.00134
-0.00034
-0.00006
-0.00052
0.00049
-0.00021
-0.00229
0.00116
0.00256
0.00070
0.00168
0.00226
-0.00064
-0.00397
-0.00333
-0.00082
-0.00360
-0.00208
-0.00192
-0.00122
0.00034
0.00064
0.00073
0.00165
0.00052
-0.00079
-0.00232
-0.00043
-0.00198
-0.00159
-0.00024
-0.00122
-0.00232
-0.00189
-0.00156
-0.00211
-0.00122
0.00058
-0.00012
0.00000
0.00049
0.00043
0.00159
0.00168
0.00012
0.00000
0.00000
0.00000
0.00000
0.00000
0.00000
0.00000
0.00000
0.00000
0.00000
0.00000
0.00000
0.00000
0.00000
0.00000
0.00000
0.00000
0.00000
0.00000
0.00000
0.00000
0.00000
0.00000
0.00000
0.00000
0.00000
0.00000
0.00000
0.00000
0.00000
0.00000
0.00000
0.00000
0.00000
0.00000
0.00000
0.00000
0.00000
0.00000
0.00000
0.00000
0.00000
0.00000
0.00000
0.00000
0.00000
0.00000
0.00000
0.00000
0.00000
0.00000
0.00000
0.00000
0.00000
0.00000
0.00000
0.00000
0.00000
0.00000
0.00000
0.00000
0.00000
0.00000
0.00000
0.00000
0.00000
0.00000
0.00000
0.00000
0.00000
0.00000
0.00000
0.00000
0.00000
0.00000
0.00000
0.00000
0.00000
0.00000
0.00000
0.00000
0.00000
0.00000
0.00000
0.00000
0.00000
0.00000
0.00000
0.00000
0.00000
0.00000
0.00000
0.00000
0.00000
0.00000
0.00000
0.00000
0.00000
0.00000
0.00000
0.00000
0.00000
0.00000
0.00000
0.00000
0.00000
0.00000
0.00000
0.00000
0.00000
0.00000
0.00000
0.00000
0.00000
0.00000
0.00000
0.00000
0.00000
0.00000
0.00000
0.00000
0.00000
0.00000
0.00000
0.00000
0.00000
0.00000
0.00000
0.00000
0.00000
0.00000
0.00000
0.00000
0.00000
0.00000
0.00000
0.00000
0.00000
0.00000
0.00000
0.00000
0.00000
0.00000
0.00000
0.00000
0.00000
0.00000
0.00000
0.00000
0.00000
0.00000
0.00000
0.00000
0.00000
0.00000
0.00000
0.00000
0.00000
0.00000
0.00000
0.00000
0.00000
0.00000
0.00000
0.00000
0.00000
0.00000
0.00000
0.00000
0.00000
0.00000
0.00000
0.00000
0.00000
0.00000
0.00000
0.00000
0.00000
0.00000
0.00000
0.00000
0.00000
0.00000
0.00000
0.00000
0.00000
0.00000
0.00000
0.00000
0.00000
0.00000
0.00000
0.00000
0.00000
0.00000
0.00000
0.00000
0.00000
0.00000
0.00000
0.00000
0.00000
0.00000
0.00000
0.00000
0.00000
0.00000
0.00000
0.00000
0.00000
0.00000
0.00000
0.00000
0.00000
0.00000
0.00000
0.00000
0.00000
