-0.00021
-0.00024
-0.00031
-0.00031
-0.00027
-0.00021
-0.00015
-0.00015
-0.00018
-0.00021
-0.00034
-0.00034
-0.00034
-0.00027
-0.00018
-0.00015
-0.00015
-0.00015
-0.00012
-0.00024
-0.00024
-0.00024
-0.00024
-0.00024
-0.00018
-0.00018
-0.00018
-0.00015
-0.00012
-0.00018
-0.00015
-0.00018
-0.00021
-0.00021
-0.00021
-0.00027
-0.00021
-0.00009
-0.00012
-0.00018
-0.00018
-0.00024
-0.00031
-0.00027
-0.00018
-0.00015
-0.00012
-0.00009
-0.00009
-0.00015
-0.00018
-0.00021
-0.00018
-0.00021
-0.00003
-0.00027
-0.00015
0.00000
-0.00024
-0.00024
-0.00006
-0.00006
-0.00024
-0.00018
-0.00009
-0.00009
-0.00009
-0.00006
-0.00015
-0.00018
-0.00009
-0.00012
-0.00021
-0.00012
-0.00012
-0.00024
-0.00012
0.00000
-0.00015
-0.00018
-0.00003
-0.00006
-0.00018
-0.00009
0.00000
-0.00006
-0.00012
-0.00003
-0.00012
-0.00009
-0.00006
-0.00003
-0.00003
-0.00006
-0.00015
-0.00018
-0.00003
0.00000
-0.00006
-0.00006
0.00009
0.00000
-0.00018
-0.00012
-0.00009
-0.00018
-0.00009
0.00003
0.00003
0.00003
0.00003
0.00003
0.00003
0.00000
-0.00003
-0.00003
0.00000
-0.00009
-0.00021
-0.00015
-0.00003
0.00000
0.00000
0.00009
0.00009
0.00000
0.00000
0.00000
-0.00003
0.00000
0.00003
0.00000
0.00000
0.00000
0.00000
0.00000
0.00009
0.00009
-0.00009
0.00000
0.00009
0.00003
0.00000
0.00006
0.00009
0.00000
0.00000
0.00000
0.00003
0.00000
0.00000
0.00006
0.00012
0.00006
0.00003
0.00006
0.00006
0.00000
0.00000
0.00000
0.00009
0.00006
-0.00006
0.00003
0.00009
0.00000
0.00000
0.00015
0.00012
0.00009
0.00000
0.00024
-0.00006
0.00055
-0.00082
0.00143
-0.00226
0.00317
-0.00467
0.00687
-0.00943
0.01288
-0.09531
-0.15747
0.02060
-0.02444
-0.02518
0.09216
0.18930
0.06207
-0.01636
-0.07446
-0.03348
0.02493
0.01224
-0.02704
0.03098
0.04269
-0.01892
-0.00186
0.00577
-0.02771
-0.00769
0.01544
0.00009
0.01849
0.01575
-0.01175
-0.00784
0.02472
0.00174
-0.01309
0.00336
-0.00031
-0.00793
0.00031
0.00125
-0.00598
0.00278
0.00839
0.00467
-0.00049
0.00906
0.00223
-0.00345
-0.00101
-0.00012
-0.00684
0.00146
0.00354
-0.00098
-0.00204
0.00394
-0.00223
-0.00269
0.00760
0.00751
-0.00064
0.00031
0.00165
-0.00104
-0.00113
0.00238
0.00131
-0.00165
-0.00186
-0.00360
-0.00241
0.00064
-0.00085
-0.00049
0.00027
-0.00009
-0.00198
-0.00018
0.00259
0.00134
-0.00058
0.00235
0.00064
-0.00192
-0.00293
-0.00107
-0.00204
-0.00232
-0.00156
-0.00113
-0.00043
-0.00027
-0.00073
0.00082
0.00119
-0.00061
-0.00122
0.00012
-0.00012
-0.00189
-0.00061
-0.00052
-0.00168
-0.00201
-0.00134
-0.00211
-0.00174
-0.00061
0.00024
0.00021
0.00046
-0.00027
0.00040
0.00122
0.00085
-0.00018
0.00000
0.00000
0.00000
0.00000
0.00000
0.00000
0.00000
0.00000
0.00000
0.00000
0.00000
0.00000
0.00000
0.00000
0.00000
0.00000
0.00000
0.00000
0.00000
0.00000
0.00000
0.00000
0.00000
0.00000
0.00000
0.00000
0.00000
0.00000
0.00000
0.00000
0.00000
0.00000
0.00000
0.00000
0.00000
0.00000
0.00000
0.00000
0.00000
0.00000
0.00000
0.00000
0.00000
0.00000
0.00000
0.00000
0.00000
0.00000
0.00000
0.00000
0.00000
0.00000
0.00000
0.00000
0.00000
0.00000
0.00000
0.00000
0.00000
0.00000
0.00000
0.00000
0.00000
0.00000
0.00000
0.00000
0.00000
0.00000
0.00000
0.00000
0.00000
0.00000
0.00000
0.00000
0.00000
0.00000
0.00000
0.00000
0.00000
0.00000
0.00000
0.00000
0.00000
0.00000
0.00000
0.00000
0.00000
0.00000
0.00000
0.00000
0.00000
0.00000
0.00000
0.00000
0.00000
0.00000
0.00000
0.00000
0.00000
0.00000
0.00000
0.00000
0.00000
0.00000
0.00000
0.00000
0.00000
0.00000
0.00000
0.00000
0.00000
0.00000
0.00000
0.00000
0.00000
0.00000
0.00000
0.00000
0.00000
0.00000
0.00000
0.00000
0.00000
0.00000
0.00000
0.00000
0.00000
0.00000
0.00000
0.00000
0.00000
0.00000
0.00000
0.00000
0.00000
0.00000
0.00000
0.00000
0.00000
0.00000
0.00000
0.00000
0.00000
0.00000
0.00000
0.00000
0.00000
0.00000
0.00000
0.00000
0.00000
0.00000
0.00000
0.00000
0.00000
0.00000
0.00000
0.00000
0.00000
0.00000
0.00000
0.00000
0.00000
0.00000
0.00000
0.00000
0.00000
0.00000
0.00000
0.00000
0.00000
0.00000
0.00000
0.00000
0.00000
0.00000
0.00000
0.00000
0.00000
0.00000
0.00000
0.00000
0.00000
0.00000
0.00000
0.00000
0.00000
0.00000
0.00000
0.00000
0.00000
0.00000
0.00000
0.00000
0.00000
0.00000
0.00000
0.00000
0.00000
0.00000
0.00000
0.00000
0.00000
0.00000
0.00000
0.00000
0.00000
0.00000
0.00000
0.00000
0.00000
0.00000
0.00000
0.00000
0.00000
0.00000
0.00000
0.00000
0.00000
