-0.00024
-0.00027
-0.00031
-0.00031
-0.00024
-0.00018
-0.00018
-0.00015
-0.00009
-0.00015
-0.00018
-0.00021
-0.00024
-0.00024
-0.00015
-0.00015
-0.00027
-0.00031
-0.00024
-0.00031
-0.00024
-0.00012
-0.00012
-0.00009
-0.00006
-0.00015
-0.00024
-0.00024
-0.00024
-0.00034
-0.00027
-0.00021
-0.00031
-0.00024
-0.00015
-0.00021
-0.00021
-0.00021
-0.00024
-0.00024
-0.00018
-0.00015
-0.00015
-0.00018
-0.00015
-0.00024
-0.00031
-0.00021
-0.00015
-0.00027
-0.00024
-0.00021
-0.00027
-0.00037
-0.00006
-0.00015
-0.00027
0.00000
-0.00024
-0.00040
-0.00031
-0.00012
-0.00031
-0.00027
-0.00009
-0.00015
-0.00021
-0.00012
-0.00024
-0.00034
-0.00024
-0.00009
-0.00018
-0.00021
-0.00006
-0.00018
-0.00034
-0.00015
-0.00024
-0.00043
-0.00024
-0.00012
-0.00031
-0.00024
-0.00003
-0.00021
-0.00031
-0.00012
-0.00021
-0.00027
-0.00009
-0.00012
-0.00018
-0.00021
-0.00024
-0.00043
-0.00034
-0.00015
-0.00024
-0.00027
0.00000
-0.00009
-0.00037
-0.00021
-0.00018
-0.00037
-0.00024
-0.00003
-0.00015
-0.00015
-0.00006
-0.00024
-0.00027
-0.00027
-0.00037
-0.00037
-0.00021
-0.00018
-0.00015
-0.00006
-0.00012
-0.00024
-0.00021
-0.00021
-0.00021
-0.00018
-0.00012
-0.00015
-0.00009
-0.00015
-0.00027
-0.00037
-0.00037
-0.00031
-0.00021
-0.00009
-0.00006
-0.00003
-0.00015
-0.00018
-0.00018
-0.00018
-0.00012
-0.00015
-0.00018
-0.00021
-0.00018
-0.00027
-0.00018
-0.00009
-0.00024
-0.00024
-0.00009
-0.00012
-0.00018
-0.00006
-0.00003
-0.00027
-0.00024
-0.00015
-0.00021
-0.00024
-0.00024
-0.00018
-0.00021
-0.00027
-0.00031
-0.00015
-0.00006
-0.00006
-0.00024
-0.00003
-0.00049
0.00021
-0.00089
0.00092
-0.00162
0.00150
-0.00235
0.00223
-0.00293
0.00320
-0.04007
-0.19144
-0.03687
-0.00354
-0.03537
0.05829
0.22238
0.13855
-0.01706
-0.04791
-0.06223
-0.02643
0.01147
-0.03119
-0.00882
0.06815
0.00592
0.00021
0.01770
-0.01682
-0.03375
0.01010
-0.00195
-0.00058
0.03253
0.00848
-0.02112
0.01828
0.01801
-0.01593
-0.00528
-0.00128
-0.01233
-0.00232
0.00870
-0.00620
-0.00034
0.01462
0.00995
-0.00369
0.00378
0.00305
-0.00574
-0.00507
0.00266
-0.00443
-0.00488
0.00470
0.00189
-0.00403
0.00293
0.00308
-0.00537
0.00455
0.01083
0.00064
-0.00189
0.00266
-0.00143
-0.00421
0.00104
0.00223
-0.00296
-0.00131
-0.00131
-0.00336
-0.00073
-0.00098
-0.00101
-0.00015
0.00076
-0.00119
-0.00223
0.00131
0.00195
0.00021
0.00259
0.00189
-0.00177
-0.00446
-0.00229
-0.00150
-0.00354
-0.00159
-0.00180
-0.00101
-0.00009
-0.00034
0.00061
0.00140
-0.00003
-0.00122
-0.00122
-0.00009
-0.00262
-0.00110
-0.00006
-0.00171
-0.00238
-0.00150
-0.00214
-0.00241
-0.00128
0.00027
-0.00015
0.00064
0.00031
0.00015
0.00150
0.00143
0.00009
0.00000
0.00000
0.00000
0.00000
0.00000
0.00000
0.00000
0.00000
0.00000
0.00000
0.00000
0.00000
0.00000
0.00000
0.00000
0.00000
0.00000
0.00000
0.00000
0.00000
0.00000
0.00000
0.00000
0.00000
0.00000
0.00000
0.00000
0.00000
0.00000
0.00000
0.00000
0.00000
0.00000
0.00000
0.00000
0.00000
0.00000
0.00000
0.00000
0.00000
0.00000
0.00000
0.00000
0.00000
0.00000
0.00000
0.00000
0.00000
0.00000
0.00000
0.00000
0.00000
0.00000
0.00000
0.00000
0.00000
0.00000
0.00000
0.00000
0.00000
0.00000
0.00000
0.00000
0.00000
0.00000
0.00000
0.00000
0.00000
0.00000
0.00000
0.00000
0.00000
0.00000
0.00000
0.00000
0.00000
0.00000
0.00000
0.00000
0.00000
0.00000
0.00000
0.00000
0.00000
0.00000
0.00000
0.00000
0.00000
0.00000
0.00000
0.00000
0.00000
0.00000
0.00000
0.00000
0.00000
0.00000
0.00000
0.00000
0.00000
0.00000
0.00000
0.00000
0.00000
0.00000
0.00000
0.00000
0.00000
0.00000
0.00000
0.00000
0.00000
0.00000
0.00000
0.00000
0.00000
0.00000
0.00000
0.00000
0.00000
0.00000
0.00000
0.00000
0.00000
0.00000
0.00000
0.00000
0.00000
0.00000
0.00000
0.00000
0.00000
0.00000
0.00000
0.00000
0.00000
0.00000
0.00000
0.00000
0.00000
0.00000
0.00000
0.00000
0.00000
0.00000
0.00000
0.00000
0.00000
0.00000
0.00000
0.00000
0.00000
0.00000
0.00000
0.00000
0.00000
0.00000
0.00000
0.00000
0.00000
0.00000
0.00000
0.00000
0.00000
0.00000
0.00000
0.00000
0.00000
0.00000
0.00000
0.00000
0.00000
0.00000
0.00000
0.00000
0.00000
0.00000
0.00000
0.00000
0.00000
0.00000
0.00000
0.00000
0.00000
0.00000
0.00000
0.00000
0.00000
0.00000
0.00000
0.00000
0.00000
0.00000
0.00000
0.00000
0.00000
0.00000
0.00000
0.00000
0.00000
0.00000
0.00000
0.00000
0.00000
0.00000
0.00000
0.00000
0.00000
0.00000
0.00000
0.00000
0.00000
0.00000
0.00000
0.00000
0.00000
0.00000
0.00000
0.00000
