-0.00015
-0.00015
-0.00021
-0.00015
-0.00012
-0.00018
-0.00012
0.00000
0.00003
0.00000
0.00000
-0.00012
-0.00018
-0.00024
-0.00024
-0.00027
-0.00021
-0.00012
-0.00009
-0.00006
-0.00003
0.00000
-0.00006
-0.00009
-0.00009
-0.00009
-0.00009
-0.00012
-0.00009
-0.00009
-0.00003
-0.00003
0.00000
-0.00003
-0.00006
-0.00009
-0.00012
-0.00015
-0.00015
-0.00009
-0.00003
-0.00003
0.00000
0.00000
-0.00006
-0.00012
-0.00021
-0.00024
-0.00015
-0.00009
-0.00003
0.00000
0.00000
-0.00003
-0.00003
-0.00006
-0.00006
-0.00006
-0.00009
-0.00006
-0.00003
0.00000
0.00000
-0.00012
-0.00012
-0.00015
-0.00015
-0.00012
-0.00009
0.00000
-0.00003
-0.00009
-0.00003
0.00000
0.00000
0.00000
-0.00009
-0.00012
-0.00018
-0.00024
-0.00009
0.00000
0.00000
0.00000
0.00000
0.00000
0.00000
-0.00006
-0.00006
-0.00006
-0.00012
-0.00015
-0.00003
0.00000
-0.00003
0.00000
0.00003
-0.00003
-0.00006
-0.00003
0.00000
0.00000
0.00000
-0.00006
-0.00003
-0.00003
-0.00012
-0.00012
-0.00006
-0.00009
-0.00006
0.00000
0.00003
0.00000
0.00003
0.00006
0.00000
0.00000
-0.00003
-0.00009
-0.00012
-0.00003
0.00000
0.00000
0.00000
0.00000
0.00000
-0.00003
-0.00006
-0.00006
-0.00003
-0.00003
0.00000
0.00006
0.00009
0.00003
0.00000
0.00000
-0.00003
-0.00009
-0.00012
-0.00009
-0.00006
-0.00009
0.00000
0.00006
0.00003
0.00006
0.00006
0.00003
0.00000
0.00000
-0.00003
-0.00003
-0.00006
-0.00009
-0.00009
0.00000
-0.00003
-0.00009
-0.00003
0.00000
0.00003
0.00000
0.00006
0.00012
0.00012
0.00006
0.00006
0.00003
-0.00003
-0.00006
-0.00003
0.00000
-0.00003
-0.00003
0.00000
0.00000
0.00000
0.00006
0.00003
0.00006
0.00003
0.00006
0.00000
0.00018
-0.00009
0.00018
-0.00015
0.00000
-0.00031
0.00006
-0.00009
0.00031
-0.00723
-0.05612
-0.03903
-0.01944
-0.03815
0.00330
0.06778
0.05450
0.05136
0.01651
-0.01584
-0.00006
-0.01318
-0.03027
-0.01572
0.01428
0.00262
0.00363
0.01215
-0.00250
-0.00723
0.00467
-0.00427
0.00214
0.01447
-0.00107
-0.00259
0.00940
-0.00043
-0.00616
0.00055
-0.00040
-0.00272
0.00073
0.00119
0.00003
0.00555
0.00476
0.00327
0.00308
0.00357
0.00085
-0.00119
-0.00107
-0.00046
-0.00171
-0.00104
0.00119
0.00110
0.00055
0.00165
0.00098
0.00040
0.00278
0.00357
0.00122
0.00085
0.00143
-0.00003
0.00055
0.00101
0.00046
0.00034
-0.00031
-0.00113
-0.00101
0.00040
0.00067
0.00012
0.00082
0.00113
0.00037
-0.00052
-0.00055
0.00021
-0.00031
0.00034
0.00079
0.00058
0.00034
-0.00055
-0.00070
-0.00070
-0.00107
-0.00162
-0.00177
-0.00104
-0.00012
0.00006
0.00085
0.00082
0.00040
-0.00012
-0.00046
-0.00052
-0.00052
-0.00089
-0.00122
-0.00134
-0.00107
-0.00143
-0.00110
-0.00064
-0.00058
-0.00058
-0.00043
-0.00027
0.00000
0.00000
0.00000
0.00000
0.00000
0.00000
0.00000
0.00000
0.00000
0.00000
0.00000
0.00000
0.00000
0.00000
0.00000
0.00000
0.00000
0.00000
0.00000
0.00000
0.00000
0.00000
0.00000
0.00000
0.00000
0.00000
0.00000
0.00000
0.00000
0.00000
0.00000
0.00000
0.00000
0.00000
0.00000
0.00000
0.00000
0.00000
0.00000
0.00000
0.00000
0.00000
0.00000
0.00000
0.00000
0.00000
0.00000
0.00000
0.00000
0.00000
0.00000
0.00000
0.00000
0.00000
0.00000
0.00000
0.00000
0.00000
0.00000
0.00000
0.00000
0.00000
0.00000
0.00000
0.00000
0.00000
0.00000
0.00000
0.00000
0.00000
0.00000
0.00000
0.00000
0.00000
0.00000
0.00000
0.00000
0.00000
0.00000
0.00000
0.00000
0.00000
0.00000
0.00000
0.00000
0.00000
0.00000
0.00000
0.00000
0.00000
0.00000
0.00000
0.00000
0.00000
0.00000
0.00000
0.00000
0.00000
0.00000
0.00000
0.00000
0.00000
0.00000
0.00000
0.00000
0.00000
0.00000
0.00000
0.00000
0.00000
0.00000
0.00000
0.00000
0.00000
0.00000
0.00000
0.00000
0.00000
0.00000
0.00000
0.00000
0.00000
0.00000
0.00000
0.00000
0.00000
0.00000
0.00000
0.00000
0.00000
0.00000
0.00000
0.00000
0.00000
0.00000
0.00000
0.00000
0.00000
0.00000
0.00000
0.00000
0.00000
0.00000
0.00000
0.00000
0.00000
0.00000
0.00000
0.00000
0.00000
0.00000
0.00000
0.00000
0.00000
0.00000
0.00000
0.00000
0.00000
0.00000
0.00000
0.00000
0.00000
0.00000
0.00000
0.00000
0.00000
0.00000
0.00000
0.00000
0.00000
0.00000
0.00000
0.00000
0.00000
0.00000
0.00000
0.00000
0.00000
0.00000
0.00000
0.00000
0.00000
0.00000
0.00000
0.00000
0.00000
0.00000
0.00000
0.00000
0.00000
0.00000
0.00000
0.00000
0.00000
0.00000
0.00000
0.00000
0.00000
0.00000
0.00000
0.00000
0.00000
0.00000
0.00000
0.00000
0.00000
0.00000
0.00000
0.00000
0.00000
0.00000
