-0.00015
-0.00015
-0.00018
-0.00021
-0.00015
-0.00012
-0.00018
-0.00015
-0.00012
-0.00018
-0.00021
-0.00021
-0.00018
-0.00012
-0.00009
-0.00012
-0.00012
-0.00015
-0.00018
-0.00021
-0.00021
-0.00024
-0.00021
-0.00015
-0.00012
-0.00012
-0.00015
-0.00015
-0.00018
-0.00024
-0.00024
-0.00018
-0.00018
-0.00018
-0.00018
-0.00018
-0.00015
-0.00018
-0.00018
-0.00018
-0.00018
-0.00027
-0.00024
-0.00015
-0.00018
-0.00018
-0.00015
-0.00018
-0.00024
-0.00021
-0.00018
-0.00021
-0.00024
-0.00021
-0.00015
-0.00021
-0.00024
-0.00018
-0.00018
-0.00024
-0.00021
-0.00018
-0.00024
-0.00024
-0.00024
-0.00024
-0.00021
-0.00015
-0.00021
-0.00018
-0.00018
-0.00027
-0.00027
-0.00024
-0.00021
-0.00021
-0.00018
-0.00021
-0.00031
-0.00027
-0.00027
-0.00027
-0.00027
-0.00027
-0.00021
-0.00024
-0.00024
-0.00021
-0.00021
-0.00024
-0.00024
-0.00021
-0.00021
-0.00024
-0.00024
-0.00021
-0.00021
-0.00027
-0.00027
-0.00021
-0.00024
-0.00027
-0.00021
-0.00018
-0.00018
-0.00024
-0.00021
-0.00018
-0.00021
-0.00027
-0.00031
-0.00027
-0.00031
-0.00027
-0.00018
-0.00018
-0.00024
-0.00021
-0.00015
-0.00024
-0.00031
-0.00024
-0.00021
-0.00024
-0.00024
-0.00021
-0.00018
-0.00018
-0.00021
-0.00018
-0.00018
-0.00027
-0.00031
-0.00021
-0.00018
-0.00024
-0.00021
-0.00018
-0.00021
-0.00024
-0.00021
-0.00018
-0.00024
-0.00024
-0.00018
-0.00015
-0.00018
-0.00024
-0.00021
-0.00021
-0.00024
-0.00027
-0.00021
-0.00015
-0.00018
-0.00021
-0.00018
-0.00018
-0.00031
-0.00024
-0.00012
-0.00012
-0.00018
-0.00018
-0.00015
-0.00021
-0.00024
-0.00024
-0.00024
-0.00021
-0.00018
-0.00012
-0.00009
-0.00015
-0.00015
-0.00015
-0.00015
-0.00021
-0.00021
-0.00021
-0.00024
-0.00024
-0.00018
-0.00018
-0.00012
-0.00015
-0.00003
-0.00034
0.00018
-0.00070
0.00034
-0.00131
0.00101
-0.00180
0.00186
-0.02518
-0.05099
-0.01651
-0.02045
-0.00443
0.01370
0.02554
0.02527
0.02118
0.01566
-0.00195
0.00620
0.00427
-0.01111
-0.00674
-0.00244
-0.00089
0.00891
0.00510
0.00049
0.00531
0.00333
-0.00616
-0.00385
0.00525
-0.00040
-0.00150
0.00272
0.00104
0.00201
0.00247
-0.00058
-0.00058
0.00046
-0.00125
-0.00262
0.00180
0.00287
0.00015
0.00021
0.00262
0.00238
0.00189
0.00208
0.00229
0.00092
0.00037
0.00009
-0.00070
-0.00040
0.00037
0.00012
0.00052
0.00180
0.00186
0.00119
0.00171
0.00137
0.00034
0.00006
0.00052
0.00034
0.00000
0.00009
-0.00027
-0.00009
0.00034
0.00018
0.00043
0.00021
0.00058
0.00000
-0.00076
-0.00055
-0.00061
-0.00024
0.00018
0.00037
0.00052
0.00027
0.00037
-0.00037
-0.00110
-0.00146
-0.00201
-0.00168
-0.00119
-0.00046
0.00040
0.00064
0.00073
0.00040
0.00027
0.00000
-0.00070
-0.00064
-0.00089
-0.00107
-0.00122
-0.00150
-0.00134
-0.00116
-0.00092
-0.00058
-0.00040
-0.00049
0.00000
0.00000
0.00000
0.00000
0.00000
0.00000
0.00000
0.00000
0.00000
0.00000
0.00000
0.00000
0.00000
0.00000
0.00000
0.00000
0.00000
0.00000
0.00000
0.00000
0.00000
0.00000
0.00000
0.00000
0.00000
0.00000
0.00000
0.00000
0.00000
0.00000
0.00000
0.00000
0.00000
0.00000
0.00000
0.00000
0.00000
0.00000
0.00000
0.00000
0.00000
0.00000
0.00000
0.00000
0.00000
0.00000
0.00000
0.00000
0.00000
0.00000
0.00000
0.00000
0.00000
0.00000
0.00000
0.00000
0.00000
0.00000
0.00000
0.00000
0.00000
0.00000
0.00000
0.00000
0.00000
0.00000
0.00000
0.00000
0.00000
0.00000
0.00000
0.00000
0.00000
0.00000
0.00000
0.00000
0.00000
0.00000
0.00000
0.00000
0.00000
0.00000
0.00000
0.00000
0.00000
0.00000
0.00000
0.00000
0.00000
0.00000
0.00000
0.00000
0.00000
0.00000
0.00000
0.00000
0.00000
0.00000
0.00000
0.00000
0.00000
0.00000
0.00000
0.00000
0.00000
0.00000
0.00000
0.00000
0.00000
0.00000
0.00000
0.00000
0.00000
0.00000
0.00000
0.00000
0.00000
0.00000
0.00000
0.00000
0.00000
0.00000
0.00000
0.00000
0.00000
0.00000
0.00000
0.00000
0.00000
0.00000
0.00000
0.00000
0.00000
0.00000
0.00000
0.00000
0.00000
0.00000
0.00000
0.00000
0.00000
0.00000
0.00000
0.00000
0.00000
0.00000
0.00000
0.00000
0.00000
0.00000
0.00000
0.00000
0.00000
0.00000
0.00000
0.00000
0.00000
0.00000
0.00000
0.00000
0.00000
0.00000
0.00000
0.00000
0.00000
0.00000
0.00000
0.00000
0.00000
0.00000
0.00000
0.00000
0.00000
0.00000
0.00000
0.00000
0.00000
0.00000
0.00000
0.00000
0.00000
0.00000
0.00000
0.00000
0.00000
0.00000
0.00000
0.00000
0.00000
0.00000
0.00000
0.00000
0.00000
0.00000
0.00000
0.00000
0.00000
0.00000
0.00000
0.00000
0.00000
0.00000
0.00000
0.00000
0.00000
0.00000
0.00000
0.00000
0.00000
0.00000
0.00000
