-0.00009
-0.00012
-0.00015
-0.00015
-0.00009
-0.00009
-0.00015
-0.00015
-0.00012
-0.00015
-0.00018
-0.00009
-0.00006
-0.00009
-0.00012
-0.00012
-0.00018
-0.00018
-0.00012
-0.00012
-0.00015
-0.00012
-0.00012
-0.00015
-0.00015
-0.00012
-0.00018
-0.00015
-0.00012
-0.00015
-0.00012
-0.00012
-0.00015
-0.00021
-0.00018
-0.00015
-0.00015
-0.00009
-0.00012
-0.00018
-0.00018
-0.00018
-0.00021
-0.00024
-0.00021
-0.00021
-0.00021
-0.00018
-0.00012
-0.00012
-0.00015
-0.00018
-0.00024
-0.00024
-0.00027
-0.00024
-0.00018
-0.00018
-0.00024
-0.00027
-0.00024
-0.00024
-0.00024
-0.00021
-0.00015
-0.00018
-0.00021
-0.00024
-0.00021
-0.00024
-0.00027
-0.00024
-0.00021
-0.00027
-0.00024
-0.00018
-0.00021
-0.00027
-0.00027
-0.00024
-0.00027
-0.00027
-0.00021
-0.00018
-0.00021
-0.00024
-0.00024
-0.00021
-0.00024
-0.00034
-0.00031
-0.00027
-0.00034
-0.00034
-0.00024
-0.00027
-0.00031
-0.00027
-0.00021
-0.00024
-0.00027
-0.00027
-0.00031
-0.00031
-0.00027
-0.00027
-0.00024
-0.00021
-0.00027
-0.00031
-0.00027
-0.00031
-0.00031
-0.00024
-0.00021
-0.00031
-0.00034
-0.00034
-0.00037
-0.00037
-0.00027
-0.00021
-0.00027
-0.00027
-0.00027
-0.00031
-0.00037
-0.00037
-0.00024
-0.00024
-0.00034
-0.00034
-0.00027
-0.00031
-0.00037
-0.00031
-0.00024
-0.00031
-0.00034
-0.00027
-0.00027
-0.00031
-0.00037
-0.00031
-0.00027
-0.00037
-0.00034
-0.00024
-0.00024
-0.00034
-0.00027
-0.00027
-0.00037
-0.00040
-0.00031
-0.00027
-0.00031
-0.00031
-0.00031
-0.00031
-0.00037
-0.00037
-0.00034
-0.00031
-0.00034
-0.00037
-0.00031
-0.00031
-0.00034
-0.00031
-0.00024
-0.00027
-0.00034
-0.00034
-0.00031
-0.00037
-0.00040
-0.00031
-0.00027
-0.00031
-0.00034
-0.00031
-0.00043
-0.00034
-0.00034
-0.00046
-0.00031
-0.00037
-0.00031
-0.00031
-0.00031
-0.00034
-0.00031
-0.00021
-0.00055
-0.00037
-0.00055
-0.00012
-0.00055
0.00000
-0.00522
-0.01483
-0.01880
-0.02359
-0.01755
-0.00989
-0.00052
0.00937
0.01404
0.01486
0.01416
0.01175
0.00623
-0.00024
-0.00470
-0.00677
-0.00256
0.00177
0.00125
0.00375
0.00568
0.00449
0.00153
-0.00107
-0.00153
-0.00040
0.00043
-0.00021
0.00046
0.00064
-0.00165
-0.00201
0.00043
0.00122
0.00137
0.00220
0.00204
0.00198
0.00232
0.00174
0.00110
0.00082
0.00058
0.00052
0.00128
0.00064
-0.00061
-0.00085
-0.00021
0.00006
0.00018
0.00046
0.00027
0.00024
0.00067
0.00101
0.00131
0.00107
0.00040
-0.00003
0.00012
0.00055
0.00027
0.00000
-0.00015
-0.00018
0.00003
0.00003
0.00000
0.00000
0.00000
0.00000
0.00000
0.00000
0.00000
0.00000
0.00000
0.00000
0.00000
0.00000
0.00000
0.00000
0.00000
0.00000
0.00000
0.00000
0.00000
0.00000
0.00000
0.00000
0.00000
0.00000
0.00000
0.00000
0.00000
0.00000
0.00000
0.00000
0.00000
0.00000
0.00000
0.00000
0.00000
0.00000
0.00000
0.00000
0.00000
0.00000
0.00000
0.00000
0.00000
0.00000
0.00000
0.00000
0.00000
0.00000
0.00000
0.00000
0.00000
0.00000
0.00000
0.00000
0.00000
0.00000
0.00000
0.00000
0.00000
0.00000
0.00000
0.00000
0.00000
0.00000
0.00000
0.00000
0.00000
0.00000
0.00000
0.00000
0.00000
0.00000
0.00000
0.00000
0.00000
0.00000
0.00000
0.00000
0.00000
0.00000
0.00000
0.00000
0.00000
0.00000
0.00000
0.00000
0.00000
0.00000
0.00000
0.00000
0.00000
0.00000
0.00000
0.00000
0.00000
0.00000
0.00000
0.00000
0.00000
0.00000
0.00000
0.00000
0.00000
0.00000
0.00000
0.00000
0.00000
0.00000
0.00000
0.00000
0.00000
0.00000
0.00000
0.00000
0.00000
0.00000
0.00000
0.00000
0.00000
0.00000
0.00000
0.00000
0.00000
0.00000
0.00000
0.00000
0.00000
0.00000
0.00000
0.00000
0.00000
0.00000
0.00000
0.00000
0.00000
0.00000
0.00000
0.00000
0.00000
0.00000
0.00000
0.00000
0.00000
0.00000
0.00000
0.00000
0.00000
0.00000
0.00000
0.00000
0.00000
0.00000
0.00000
0.00000
0.00000
0.00000
0.00000
0.00000
0.00000
0.00000
0.00000
0.00000
0.00000
0.00000
0.00000
0.00000
0.00000
0.00000
0.00000
0.00000
0.00000
0.00000
0.00000
0.00000
0.00000
0.00000
0.00000
0.00000
0.00000
0.00000
0.00000
0.00000
0.00000
0.00000
0.00000
0.00000
0.00000
0.00000
0.00000
0.00000
0.00000
0.00000
0.00000
0.00000
0.00000
0.00000
0.00000
0.00000
0.00000
0.00000
0.00000
0.00000
0.00000
0.00000
0.00000
0.00000
0.00000
0.00000
0.00000
0.00000
0.00000
0.00000
0.00000
0.00000
0.00000
0.00000
0.00000
0.00000
0.00000
0.00000
0.00000
0.00000
0.00000
0.00000
0.00000
0.00000
0.00000
0.00000
0.00000
0.00000
0.00000
0.00000
0.00000
0.00000
0.00000
0.00000
0.00000
0.00000
0.00000
0.00000
0.00000
0.00000
0.00000
0.00000
