-0.00009
-0.00006
-0.00015
-0.00021
-0.00012
-0.00012
-0.00021
-0.00015
-0.00018
-0.00024
-0.00018
-0.00015
-0.00012
-0.00015
-0.00015
-0.00021
-0.00021
-0.00021
-0.00015
-0.00018
-0.00018
-0.00018
-0.00015
-0.00009
-0.00018
-0.00024
-0.00018
-0.00021
-0.00024
-0.00021
-0.00015
-0.00018
-0.00015
-0.00015
-0.00021
-0.00024
-0.00024
-0.00018
-0.00018
-0.00012
-0.00015
-0.00021
-0.00018
-0.00018
-0.00009
-0.00012
-0.00015
-0.00021
-0.00018
-0.00027
-0.00027
-0.00031
-0.00021
-0.00018
-0.00006
-0.00021
-0.00027
-0.00003
-0.00024
-0.00027
-0.00012
0.00000
-0.00015
-0.00006
-0.00012
-0.00018
-0.00018
-0.00024
-0.00024
-0.00024
-0.00012
-0.00012
-0.00018
-0.00018
-0.00015
-0.00027
-0.00024
-0.00006
-0.00015
-0.00018
-0.00015
-0.00018
-0.00034
-0.00021
-0.00009
-0.00018
-0.00012
-0.00006
-0.00015
-0.00015
-0.00009
-0.00018
-0.00018
-0.00018
-0.00031
-0.00034
-0.00009
-0.00009
-0.00015
-0.00018
-0.00009
-0.00012
-0.00031
-0.00018
-0.00015
-0.00021
-0.00018
-0.00015
-0.00018
-0.00021
-0.00018
-0.00012
-0.00006
-0.00006
-0.00012
-0.00012
-0.00009
-0.00012
-0.00018
-0.00012
-0.00009
-0.00012
-0.00015
-0.00012
-0.00015
-0.00021
-0.00018
-0.00018
-0.00018
-0.00018
-0.00012
-0.00012
-0.00009
-0.00009
-0.00009
-0.00009
-0.00012
-0.00009
-0.00018
-0.00015
-0.00012
-0.00018
-0.00015
-0.00015
-0.00009
-0.00012
-0.00012
-0.00015
-0.00012
-0.00012
-0.00018
-0.00021
-0.00021
-0.00018
-0.00021
-0.00024
-0.00018
-0.00012
-0.00009
-0.00012
0.00000
0.00000
-0.00012
-0.00009
-0.00009
-0.00015
-0.00015
-0.00009
-0.00015
-0.00012
-0.00031
-0.00015
-0.00040
0.00024
-0.00064
0.00089
-0.00119
0.00122
-0.00195
0.00174
-0.00232
0.00238
-0.03397
-0.15289
-0.01532
-0.00342
-0.03452
0.02350
0.12790
0.09149
0.01117
-0.03702
-0.05914
0.04181
0.03314
0.00049
-0.00412
0.02740
-0.00351
-0.01758
-0.00143
-0.01480
-0.01141
0.02057
0.00089
0.00919
0.02878
-0.00436
-0.01776
0.01056
0.00623
-0.01138
-0.00168
0.00027
-0.00629
-0.00055
0.00543
-0.00482
0.00253
0.00781
0.00266
0.00198
0.00696
0.00079
-0.00546
-0.00150
0.00146
-0.00113
0.00006
0.00201
-0.00119
-0.00220
-0.00092
0.00012
-0.00244
0.00363
0.00656
0.00238
0.00018
0.00131
0.00021
-0.00076
0.00101
0.00107
-0.00174
-0.00211
-0.00299
-0.00272
-0.00021
-0.00031
-0.00046
0.00021
0.00031
-0.00101
-0.00092
0.00076
0.00076
-0.00012
0.00098
0.00101
-0.00153
-0.00259
-0.00159
-0.00119
-0.00165
-0.00183
-0.00238
-0.00110
-0.00092
-0.00052
-0.00003
0.00082
-0.00027
-0.00110
-0.00046
0.00000
-0.00165
-0.00079
-0.00049
-0.00128
-0.00189
-0.00168
-0.00226
-0.00220
-0.00110
-0.00021
-0.00021
-0.00018
-0.00073
-0.00018
0.00110
0.00113
0.00043
0.00000
0.00000
0.00000
0.00000
0.00000
0.00000
0.00000
0.00000
0.00000
0.00000
0.00000
0.00000
0.00000
0.00000
0.00000
0.00000
0.00000
0.00000
0.00000
0.00000
0.00000
0.00000
0.00000
0.00000
0.00000
0.00000
0.00000
0.00000
0.00000
0.00000
0.00000
0.00000
0.00000
0.00000
0.00000
0.00000
0.00000
0.00000
0.00000
0.00000
0.00000
0.00000
0.00000
0.00000
0.00000
0.00000
0.00000
0.00000
0.00000
0.00000
0.00000
0.00000
0.00000
0.00000
0.00000
0.00000
0.00000
0.00000
0.00000
0.00000
0.00000
0.00000
0.00000
0.00000
0.00000
0.00000
0.00000
0.00000
0.00000
0.00000
0.00000
0.00000
0.00000
0.00000
0.00000
0.00000
0.00000
0.00000
0.00000
0.00000
0.00000
0.00000
0.00000
0.00000
0.00000
0.00000
0.00000
0.00000
0.00000
0.00000
0.00000
0.00000
0.00000
0.00000
0.00000
0.00000
0.00000
0.00000
0.00000
0.00000
0.00000
0.00000
0.00000
0.00000
0.00000
0.00000
0.00000
0.00000
0.00000
0.00000
0.00000
0.00000
0.00000
0.00000
0.00000
0.00000
0.00000
0.00000
0.00000
0.00000
0.00000
0.00000
0.00000
0.00000
0.00000
0.00000
0.00000
0.00000
0.00000
0.00000
0.00000
0.00000
0.00000
0.00000
0.00000
0.00000
0.00000
0.00000
0.00000
0.00000
0.00000
0.00000
0.00000
0.00000
0.00000
0.00000
0.00000
0.00000
0.00000
0.00000
0.00000
0.00000
0.00000
0.00000
0.00000
0.00000
0.00000
0.00000
0.00000
0.00000
0.00000
0.00000
0.00000
0.00000
0.00000
0.00000
0.00000
0.00000
0.00000
0.00000
0.00000
0.00000
0.00000
0.00000
0.00000
0.00000
0.00000
0.00000
0.00000
0.00000
0.00000
0.00000
0.00000
0.00000
0.00000
0.00000
0.00000
0.00000
0.00000
0.00000
0.00000
0.00000
0.00000
0.00000
0.00000
0.00000
0.00000
0.00000
0.00000
0.00000
0.00000
0.00000
0.00000
0.00000
0.00000
0.00000
0.00000
0.00000
0.00000
0.00000
0.00000
0.00000
0.00000
0.00000
0.00000
0.00000
0.00000
0.00000
0.00000
