-0.00021
-0.00021
-0.00021
-0.00024
-0.00024
-0.00027
-0.00021
-0.00015
-0.00018
-0.00024
-0.00024
-0.00027
-0.00027
-0.00021
-0.00015
-0.00015
-0.00015
-0.00021
-0.00021
-0.00024
-0.00024
-0.00027
-0.00021
-0.00021
-0.00021
-0.00018
-0.00015
-0.00024
-0.00024
-0.00021
-0.00018
-0.00021
-0.00021
-0.00015
-0.00018
-0.00018
-0.00021
-0.00021
-0.00021
-0.00024
-0.00015
-0.00015
-0.00018
-0.00018
-0.00018
-0.00021
-0.00024
-0.00018
-0.00015
-0.00015
-0.00015
-0.00015
-0.00015
-0.00021
-0.00021
-0.00015
-0.00012
-0.00015
-0.00015
-0.00012
-0.00012
-0.00018
-0.00018
-0.00015
-0.00018
-0.00015
-0.00009
-0.00006
-0.00006
-0.00006
-0.00012
-0.00012
-0.00015
-0.00021
-0.00015
-0.00012
-0.00009
-0.00006
-0.00006
-0.00003
-0.00009
-0.00012
-0.00009
-0.00006
-0.00003
0.00000
0.00003
-0.00003
-0.00006
-0.00003
-0.00009
-0.00012
-0.00006
-0.00006
-0.00012
-0.00012
-0.00006
-0.00006
0.00000
0.00000
0.00000
0.00000
-0.00006
-0.00009
-0.00003
0.00000
0.00000
0.00003
0.00003
0.00000
-0.00003
-0.00003
-0.00006
-0.00006
-0.00006
-0.00003
0.00000
0.00000
0.00000
0.00003
0.00006
0.00003
0.00003
0.00003
0.00000
-0.00003
-0.00006
0.00000
0.00000
-0.00003
-0.00003
0.00000
0.00000
0.00000
0.00003
0.00006
0.00000
0.00000
0.00003
0.00006
0.00000
0.00003
0.00006
0.00003
0.00000
0.00006
0.00006
0.00003
0.00003
0.00003
0.00006
0.00003
0.00000
0.00000
0.00000
0.00003
0.00009
0.00015
0.00015
0.00012
0.00003
0.00006
0.00003
0.00000
0.00003
0.00009
0.00003
0.00003
0.00003
0.00003
0.00009
0.00009
0.00012
0.00012
0.00012
0.00006
0.00009
0.00012
0.00003
0.00000
0.00009
0.00006
0.00003
0.00012
0.00009
0.00000
0.00015
0.00006
0.00012
0.00000
0.00021
-0.00015
0.00031
-0.00052
0.00076
-0.00058
0.00134
-0.01270
-0.03299
-0.01791
-0.01776
-0.00909
-0.00037
0.00836
0.01520
0.01614
0.01709
0.00793
0.00723
0.00702
-0.00040
-0.00238
-0.00156
-0.00134
0.00327
0.00247
-0.00122
0.00134
0.00189
-0.00046
-0.00162
0.00262
0.00238
0.00058
0.00299
0.00320
0.00272
0.00150
-0.00098
-0.00110
-0.00067
-0.00113
-0.00272
-0.00070
0.00256
0.00391
0.00424
0.00473
0.00342
0.00180
0.00150
0.00159
0.00082
0.00018
-0.00012
-0.00043
-0.00024
0.00043
0.00031
0.00070
0.00186
0.00217
0.00171
0.00165
0.00134
0.00085
0.00073
0.00101
0.00085
0.00070
0.00076
0.00018
-0.00015
0.00021
0.00043
0.00037
-0.00003
0.00018
0.00046
0.00031
0.00034
0.00012
0.00006
0.00021
0.00012
0.00040
0.00021
0.00009
-0.00043
-0.00089
-0.00064
-0.00067
-0.00058
-0.00052
-0.00046
0.00000
0.00040
0.00049
0.00012
0.00000
0.00000
-0.00012
0.00000
-0.00021
0.00000
0.00000
0.00000
0.00000
0.00000
0.00000
0.00000
0.00000
0.00000
0.00000
0.00000
0.00000
0.00000
0.00000
0.00000
0.00000
0.00000
0.00000
0.00000
0.00000
0.00000
0.00000
0.00000
0.00000
0.00000
0.00000
0.00000
0.00000
0.00000
0.00000
0.00000
0.00000
0.00000
0.00000
0.00000
0.00000
0.00000
0.00000
0.00000
0.00000
0.00000
0.00000
0.00000
0.00000
0.00000
0.00000
0.00000
0.00000
0.00000
0.00000
0.00000
0.00000
0.00000
0.00000
0.00000
0.00000
0.00000
0.00000
0.00000
0.00000
0.00000
0.00000
0.00000
0.00000
0.00000
0.00000
0.00000
0.00000
0.00000
0.00000
0.00000
0.00000
0.00000
0.00000
0.00000
0.00000
0.00000
0.00000
0.00000
0.00000
0.00000
0.00000
0.00000
0.00000
0.00000
0.00000
0.00000
0.00000
0.00000
0.00000
0.00000
0.00000
0.00000
0.00000
0.00000
0.00000
0.00000
0.00000
0.00000
0.00000
0.00000
0.00000
0.00000
0.00000
0.00000
0.00000
0.00000
0.00000
0.00000
0.00000
0.00000
0.00000
0.00000
0.00000
0.00000
0.00000
0.00000
0.00000
0.00000
0.00000
0.00000
0.00000
0.00000
0.00000
0.00000
0.00000
0.00000
0.00000
0.00000
0.00000
0.00000
0.00000
0.00000
0.00000
0.00000
0.00000
0.00000
0.00000
0.00000
0.00000
0.00000
0.00000
0.00000
0.00000
0.00000
0.00000
0.00000
0.00000
0.00000
0.00000
0.00000
0.00000
0.00000
0.00000
0.00000
0.00000
0.00000
0.00000
0.00000
0.00000
0.00000
0.00000
0.00000
0.00000
0.00000
0.00000
0.00000
0.00000
0.00000
0.00000
0.00000
0.00000
0.00000
0.00000
0.00000
0.00000
0.00000
0.00000
0.00000
0.00000
0.00000
0.00000
0.00000
0.00000
0.00000
0.00000
0.00000
0.00000
0.00000
0.00000
0.00000
0.00000
0.00000
0.00000
0.00000
0.00000
0.00000
0.00000
0.00000
0.00000
0.00000
0.00000
0.00000
0.00000
0.00000
0.00000
0.00000
0.00000
0.00000
0.00000
0.00000
0.00000
0.00000
0.00000
0.00000
0.00000
0.00000
0.00000
