0.00021
0.00021
0.00015
0.00015
0.00015
0.00012
0.00012
0.00018
0.00018
0.00015
0.00021
0.00018
0.00015
0.00015
0.00018
0.00015
0.00018
0.00021
0.00012
0.00012
0.00015
0.00021
0.00024
0.00027
0.00024
0.00027
0.00027
0.00021
0.00018
0.00015
0.00015
0.00012
0.00018
0.00021
0.00021
0.00027
0.00024
0.00021
0.00021
0.00024
0.00024
0.00018
0.00024
0.00024
0.00015
0.00012
0.00018
0.00021
0.00021
0.00024
0.00024
0.00027
0.00027
0.00024
0.00021
0.00024
0.00021
0.00015
0.00000
0.00024
0.00021
0.00018
0.00024
0.00031
0.00021
0.00018
0.00018
0.00012
0.00021
0.00018
0.00021
0.00021
0.00021
0.00031
0.00027
0.00027
0.00031
0.00027
0.00021
0.00018
0.00015
0.00012
0.00018
0.00018
0.00021
0.00021
0.00027
0.00021
0.00021
0.00024
0.00021
0.00018
0.00024
0.00021
0.00021
0.00024
0.00024
0.00018
0.00021
0.00027
0.00021
0.00018
0.00018
0.00027
0.00021
0.00021
0.00024
0.00024
0.00024
0.00021
0.00018
0.00015
0.00018
0.00018
0.00024
0.00024
0.00021
0.00012
0.00018
0.00021
0.00021
0.00021
0.00024
0.00027
0.00021
0.00018
0.00018
0.00015
0.00018
0.00021
0.00021
0.00021
0.00018
0.00012
0.00015
0.00024
0.00018
0.00018
0.00021
0.00021
0.00015
0.00009
0.00015
0.00012
0.00012
0.00009
0.00015
0.00021
0.00018
0.00015
0.00018
0.00021
0.00012
0.00012
0.00015
0.00012
0.00012
0.00012
0.00018
0.00012
0.00012
0.00009
0.00006
0.00009
0.00012
0.00012
0.00012
0.00015
0.00015
0.00012
0.00009
0.00015
0.00018
0.00012
0.00000
0.00021
0.00000
0.00009
0.00012
-0.00027
0.00082
-0.00140
0.00266
-0.00400
-0.00339
-0.10574
-0.05826
0.00494
-0.03366
-0.01117
0.04874
0.09430
0.03772
0.01926
-0.04767
0.02332
0.05243
0.00781
-0.01288
-0.00278
0.00186
-0.01929
-0.00537
-0.00671
-0.00519
0.02222
0.00784
0.00204
0.01920
0.00027
-0.01892
0.00107
0.00879
-0.00290
-0.00455
-0.00290
-0.00043
0.00204
0.00565
-0.00122
-0.00125
0.00565
0.00281
0.00134
0.00363
0.00507
-0.00189
-0.00153
0.00150
-0.00043
-0.00241
0.00140
-0.00140
-0.00259
-0.00131
0.00052
-0.00082
0.00275
0.00580
0.00317
0.00101
0.00119
0.00003
0.00000
0.00061
0.00018
-0.00165
-0.00113
-0.00156
-0.00140
0.00052
0.00046
-0.00070
-0.00101
-0.00034
-0.00055
-0.00098
0.00027
0.00040
0.00031
0.00006
0.00079
-0.00009
-0.00171
-0.00177
-0.00092
-0.00095
-0.00104
-0.00256
-0.00137
-0.00070
-0.00089
-0.00107
-0.00037
0.00027
-0.00058
-0.00107
-0.00034
-0.00052
-0.00009
-0.00027
-0.00064
-0.00131
-0.00204
-0.00226
-0.00241
-0.00146
-0.00125
-0.00146
-0.00092
-0.00027
0.00000
0.00000
0.00000
0.00000
0.00000
0.00000
0.00000
0.00000
0.00000
0.00000
0.00000
0.00000
0.00000
0.00000
0.00000
0.00000
0.00000
0.00000
0.00000
0.00000
0.00000
0.00000
0.00000
0.00000
0.00000
0.00000
0.00000
0.00000
0.00000
0.00000
0.00000
0.00000
0.00000
0.00000
0.00000
0.00000
0.00000
0.00000
0.00000
0.00000
0.00000
0.00000
0.00000
0.00000
0.00000
0.00000
0.00000
0.00000
0.00000
0.00000
0.00000
0.00000
0.00000
0.00000
0.00000
0.00000
0.00000
0.00000
0.00000
0.00000
0.00000
0.00000
0.00000
0.00000
0.00000
0.00000
0.00000
0.00000
0.00000
0.00000
0.00000
0.00000
0.00000
0.00000
0.00000
0.00000
0.00000
0.00000
0.00000
0.00000
0.00000
0.00000
0.00000
0.00000
0.00000
0.00000
0.00000
0.00000
0.00000
0.00000
0.00000
0.00000
0.00000
0.00000
0.00000
0.00000
0.00000
0.00000
0.00000
0.00000
0.00000
0.00000
0.00000
0.00000
0.00000
0.00000
0.00000
0.00000
0.00000
0.00000
0.00000
0.00000
0.00000
0.00000
0.00000
0.00000
0.00000
0.00000
0.00000
0.00000
0.00000
0.00000
0.00000
0.00000
0.00000
0.00000
0.00000
0.00000
0.00000
0.00000
0.00000
0.00000
0.00000
0.00000
0.00000
0.00000
0.00000
0.00000
0.00000
0.00000
0.00000
0.00000
0.00000
0.00000
0.00000
0.00000
0.00000
0.00000
0.00000
0.00000
0.00000
0.00000
0.00000
0.00000
0.00000
0.00000
0.00000
0.00000
0.00000
0.00000
0.00000
0.00000
0.00000
0.00000
0.00000
0.00000
0.00000
0.00000
0.00000
0.00000
0.00000
0.00000
0.00000
0.00000
0.00000
0.00000
0.00000
0.00000
0.00000
0.00000
0.00000
0.00000
0.00000
0.00000
0.00000
0.00000
0.00000
0.00000
0.00000
0.00000
0.00000
0.00000
0.00000
0.00000
0.00000
0.00000
0.00000
0.00000
0.00000
0.00000
0.00000
0.00000
0.00000
0.00000
0.00000
0.00000
0.00000
0.00000
0.00000
0.00000
0.00000
0.00000
0.00000
0.00000
0.00000
0.00000
0.00000
0.00000
0.00000
0.00000
0.00000
