-0.00034
-0.00027
-0.00031
-0.00043
-0.00043
-0.00031
-0.00024
-0.00031
-0.00024
-0.00027
-0.00037
-0.00046
-0.00052
-0.00049
-0.00049
-0.00043
-0.00040
-0.00037
-0.00031
-0.00021
-0.00034
-0.00037
-0.00034
-0.00037
-0.00043
-0.00034
-0.00034
-0.00040
-0.00031
-0.00027
-0.00046
-0.00049
-0.00046
-0.00046
-0.00043
-0.00037
-0.00031
-0.00027
-0.00034
-0.00037
-0.00040
-0.00046
-0.00040
-0.00040
-0.00046
-0.00037
-0.00034
-0.00040
-0.00037
-0.00027
-0.00037
-0.00037
-0.00037
-0.00043
-0.00061
-0.00037
-0.00052
-0.00058
-0.00024
-0.00043
-0.00058
-0.00046
-0.00027
-0.00052
-0.00046
-0.00027
-0.00031
-0.00037
-0.00027
-0.00046
-0.00052
-0.00037
-0.00037
-0.00043
-0.00040
-0.00043
-0.00061
-0.00058
-0.00043
-0.00049
-0.00040
-0.00027
-0.00031
-0.00043
-0.00037
-0.00024
-0.00034
-0.00031
-0.00021
-0.00031
-0.00043
-0.00043
-0.00037
-0.00040
-0.00046
-0.00046
-0.00052
-0.00037
-0.00037
-0.00043
-0.00031
-0.00015
-0.00037
-0.00052
-0.00034
-0.00046
-0.00064
-0.00049
-0.00031
-0.00043
-0.00040
-0.00021
-0.00031
-0.00031
-0.00027
-0.00040
-0.00043
-0.00040
-0.00049
-0.00046
-0.00031
-0.00027
-0.00037
-0.00037
-0.00024
-0.00034
-0.00037
-0.00027
-0.00027
-0.00037
-0.00040
-0.00034
-0.00037
-0.00037
-0.00031
-0.00031
-0.00031
-0.00027
-0.00031
-0.00046
-0.00040
-0.00034
-0.00034
-0.00031
-0.00027
-0.00021
-0.00034
-0.00037
-0.00027
-0.00027
-0.00034
-0.00037
-0.00027
-0.00031
-0.00040
-0.00040
-0.00040
-0.00040
-0.00040
-0.00031
-0.00031
-0.00024
-0.00021
-0.00031
-0.00021
-0.00021
-0.00027
-0.00034
-0.00031
-0.00031
-0.00034
-0.00043
-0.00018
-0.00061
0.00018
-0.00116
0.00113
-0.00229
0.00275
-0.00424
0.00534
-0.00772
0.00958
-0.07553
-0.18137
-0.01498
-0.02829
-0.01404
0.08780
0.24045
0.11221
-0.02759
-0.05063
-0.06082
-0.02939
-0.00058
-0.03555
0.00549
0.06339
0.00610
0.00748
0.00916
-0.02289
-0.02777
0.01633
-0.00079
0.00156
0.02823
0.00076
-0.01724
0.02161
0.00986
-0.01663
-0.00293
-0.00137
-0.01181
0.00131
0.00916
-0.00745
0.00232
0.01450
0.00671
-0.00513
0.00510
0.00012
-0.00568
-0.00372
0.00266
-0.00519
-0.00256
0.00464
0.00067
-0.00415
0.00378
0.00189
-0.00433
0.00626
0.00946
-0.00040
-0.00140
0.00256
-0.00195
-0.00476
0.00159
0.00153
-0.00284
-0.00064
-0.00171
-0.00284
-0.00067
-0.00052
-0.00046
-0.00058
0.00076
-0.00214
-0.00189
0.00189
0.00208
0.00052
0.00259
0.00143
-0.00201
-0.00458
-0.00162
-0.00198
-0.00348
-0.00186
-0.00198
-0.00085
0.00034
0.00049
0.00125
0.00131
0.00009
-0.00140
-0.00162
-0.00064
-0.00238
-0.00073
-0.00055
-0.00165
-0.00232
-0.00168
-0.00189
-0.00195
-0.00049
0.00070
-0.00012
0.00067
0.00031
0.00070
0.00162
0.00140
-0.00076
0.00000
0.00000
0.00000
0.00000
0.00000
0.00000
0.00000
0.00000
0.00000
0.00000
0.00000
0.00000
0.00000
0.00000
0.00000
0.00000
0.00000
0.00000
0.00000
0.00000
0.00000
0.00000
0.00000
0.00000
0.00000
0.00000
0.00000
0.00000
0.00000
0.00000
0.00000
0.00000
0.00000
0.00000
0.00000
0.00000
0.00000
0.00000
0.00000
0.00000
0.00000
0.00000
0.00000
0.00000
0.00000
0.00000
0.00000
0.00000
0.00000
0.00000
0.00000
0.00000
0.00000
0.00000
0.00000
0.00000
0.00000
0.00000
0.00000
0.00000
0.00000
0.00000
0.00000
0.00000
0.00000
0.00000
0.00000
0.00000
0.00000
0.00000
0.00000
0.00000
0.00000
0.00000
0.00000
0.00000
0.00000
0.00000
0.00000
0.00000
0.00000
0.00000
0.00000
0.00000
0.00000
0.00000
0.00000
0.00000
0.00000
0.00000
0.00000
0.00000
0.00000
0.00000
0.00000
0.00000
0.00000
0.00000
0.00000
0.00000
0.00000
0.00000
0.00000
0.00000
0.00000
0.00000
0.00000
0.00000
0.00000
0.00000
0.00000
0.00000
0.00000
0.00000
0.00000
0.00000
0.00000
0.00000
0.00000
0.00000
0.00000
0.00000
0.00000
0.00000
0.00000
0.00000
0.00000
0.00000
0.00000
0.00000
0.00000
0.00000
0.00000
0.00000
0.00000
0.00000
0.00000
0.00000
0.00000
0.00000
0.00000
0.00000
0.00000
0.00000
0.00000
0.00000
0.00000
0.00000
0.00000
0.00000
0.00000
0.00000
0.00000
0.00000
0.00000
0.00000
0.00000
0.00000
0.00000
0.00000
0.00000
0.00000
0.00000
0.00000
0.00000
0.00000
0.00000
0.00000
0.00000
0.00000
0.00000
0.00000
0.00000
0.00000
0.00000
0.00000
0.00000
0.00000
0.00000
0.00000
0.00000
0.00000
0.00000
0.00000
0.00000
0.00000
0.00000
0.00000
0.00000
0.00000
0.00000
0.00000
0.00000
0.00000
0.00000
0.00000
0.00000
0.00000
0.00000
0.00000
0.00000
0.00000
0.00000
0.00000
0.00000
0.00000
0.00000
0.00000
0.00000
0.00000
0.00000
0.00000
0.00000
0.00000
0.00000
0.00000
0.00000
0.00000
