-0.00018
-0.00018
-0.00012
-0.00012
-0.00006
-0.00006
-0.00009
-0.00006
0.00000
-0.00003
-0.00006
-0.00006
-0.00003
-0.00006
-0.00006
-0.00009
-0.00009
-0.00012
-0.00015
-0.00012
-0.00006
-0.00006
-0.00006
-0.00009
-0.00009
-0.00012
-0.00012
-0.00012
-0.00012
-0.00012
-0.00015
-0.00015
-0.00015
-0.00015
-0.00021
-0.00015
-0.00012
-0.00009
-0.00009
-0.00009
-0.00003
-0.00009
-0.00012
-0.00012
-0.00018
-0.00024
-0.00024
-0.00018
-0.00012
-0.00015
-0.00015
-0.00015
-0.00027
-0.00034
-0.00024
-0.00018
-0.00018
-0.00009
-0.00006
-0.00009
-0.00012
-0.00018
-0.00021
-0.00027
-0.00034
-0.00031
-0.00021
-0.00024
-0.00021
-0.00009
-0.00015
-0.00024
-0.00027
-0.00021
-0.00021
-0.00018
-0.00018
-0.00027
-0.00027
-0.00021
-0.00021
-0.00021
-0.00021
-0.00024
-0.00031
-0.00031
-0.00027
-0.00031
-0.00024
-0.00015
-0.00012
-0.00018
-0.00024
-0.00027
-0.00034
-0.00031
-0.00027
-0.00034
-0.00034
-0.00027
-0.00027
-0.00024
-0.00024
-0.00024
-0.00021
-0.00024
-0.00027
-0.00018
-0.00018
-0.00027
-0.00031
-0.00034
-0.00040
-0.00043
-0.00034
-0.00024
-0.00024
-0.00031
-0.00027
-0.00021
-0.00031
-0.00034
-0.00031
-0.00027
-0.00034
-0.00034
-0.00027
-0.00031
-0.00037
-0.00034
-0.00027
-0.00024
-0.00027
-0.00024
-0.00018
-0.00024
-0.00037
-0.00037
-0.00034
-0.00037
-0.00037
-0.00037
-0.00034
-0.00037
-0.00034
-0.00034
-0.00031
-0.00034
-0.00043
-0.00037
-0.00034
-0.00031
-0.00031
-0.00021
-0.00018
-0.00034
-0.00043
-0.00043
-0.00046
-0.00052
-0.00040
-0.00024
-0.00031
-0.00031
-0.00034
-0.00040
-0.00046
-0.00043
-0.00037
-0.00043
-0.00043
-0.00043
-0.00034
-0.00037
-0.00037
-0.00024
-0.00027
-0.00034
-0.00034
-0.00037
-0.00040
-0.00037
-0.00034
-0.00034
-0.00037
-0.00027
-0.00064
-0.00015
-0.00089
0.00006
-0.00140
0.00061
-0.00192
0.00061
-0.03357
-0.06308
-0.01770
-0.02042
-0.00424
0.02164
0.04111
0.03534
0.02362
0.01443
-0.00641
0.00626
-0.00003
-0.01697
-0.01117
-0.00470
-0.00089
0.00974
0.00778
0.00143
0.00647
0.00534
-0.00696
-0.00287
0.00586
-0.00153
-0.00348
0.00232
-0.00049
-0.00018
0.00204
0.00034
-0.00049
-0.00027
-0.00116
-0.00296
0.00238
0.00430
0.00101
0.00052
0.00253
0.00046
-0.00162
-0.00031
0.00098
0.00018
0.00070
0.00082
-0.00049
-0.00006
0.00092
0.00021
0.00037
0.00186
0.00131
0.00049
0.00113
0.00101
-0.00012
-0.00021
0.00015
-0.00037
-0.00085
-0.00052
-0.00073
-0.00064
-0.00021
-0.00003
0.00043
0.00037
0.00067
-0.00006
-0.00076
-0.00067
-0.00137
-0.00122
-0.00076
-0.00024
0.00024
0.00009
0.00015
-0.00049
-0.00113
-0.00156
-0.00238
-0.00235
-0.00214
-0.00140
-0.00037
0.00018
0.00055
0.00046
0.00043
0.00006
-0.00064
-0.00073
-0.00134
-0.00180
-0.00189
-0.00198
-0.00195
-0.00156
-0.00107
-0.00092
-0.00095
-0.00079
-0.00101
0.00000
0.00000
0.00000
0.00000
0.00000
0.00000
0.00000
0.00000
0.00000
0.00000
0.00000
0.00000
0.00000
0.00000
0.00000
0.00000
0.00000
0.00000
0.00000
0.00000
0.00000
0.00000
0.00000
0.00000
0.00000
0.00000
0.00000
0.00000
0.00000
0.00000
0.00000
0.00000
0.00000
0.00000
0.00000
0.00000
0.00000
0.00000
0.00000
0.00000
0.00000
0.00000
0.00000
0.00000
0.00000
0.00000
0.00000
0.00000
0.00000
0.00000
0.00000
0.00000
0.00000
0.00000
0.00000
0.00000
0.00000
0.00000
0.00000
0.00000
0.00000
0.00000
0.00000
0.00000
0.00000
0.00000
0.00000
0.00000
0.00000
0.00000
0.00000
0.00000
0.00000
0.00000
0.00000
0.00000
0.00000
0.00000
0.00000
0.00000
0.00000
0.00000
0.00000
0.00000
0.00000
0.00000
0.00000
0.00000
0.00000
0.00000
0.00000
0.00000
0.00000
0.00000
0.00000
0.00000
0.00000
0.00000
0.00000
0.00000
0.00000
0.00000
0.00000
0.00000
0.00000
0.00000
0.00000
0.00000
0.00000
0.00000
0.00000
0.00000
0.00000
0.00000
0.00000
0.00000
0.00000
0.00000
0.00000
0.00000
0.00000
0.00000
0.00000
0.00000
0.00000
0.00000
0.00000
0.00000
0.00000
0.00000
0.00000
0.00000
0.00000
0.00000
0.00000
0.00000
0.00000
0.00000
0.00000
0.00000
0.00000
0.00000
0.00000
0.00000
0.00000
0.00000
0.00000
0.00000
0.00000
0.00000
0.00000
0.00000
0.00000
0.00000
0.00000
0.00000
0.00000
0.00000
0.00000
0.00000
0.00000
0.00000
0.00000
0.00000
0.00000
0.00000
0.00000
0.00000
0.00000
0.00000
0.00000
0.00000
0.00000
0.00000
0.00000
0.00000
0.00000
0.00000
0.00000
0.00000
0.00000
0.00000
0.00000
0.00000
0.00000
0.00000
0.00000
0.00000
0.00000
0.00000
0.00000
0.00000
0.00000
0.00000
0.00000
0.00000
0.00000
0.00000
0.00000
0.00000
0.00000
0.00000
0.00000
0.00000
0.00000
0.00000
0.00000
0.00000
0.00000
0.00000
0.00000
