-0.00012
-0.00021
-0.00018
-0.00018
-0.00024
-0.00018
-0.00012
-0.00015
-0.00021
-0.00018
-0.00015
-0.00024
-0.00024
-0.00015
-0.00015
-0.00009
-0.00006
-0.00012
-0.00012
-0.00018
-0.00018
-0.00021
-0.00027
-0.00024
-0.00018
-0.00015
-0.00009
-0.00009
-0.00012
-0.00015
-0.00012
-0.00018
-0.00018
-0.00012
-0.00015
-0.00018
-0.00018
-0.00012
-0.00018
-0.00015
-0.00009
-0.00012
-0.00012
-0.00024
-0.00024
-0.00015
-0.00021
-0.00018
-0.00009
-0.00006
-0.00012
-0.00012
-0.00015
-0.00021
-0.00024
-0.00027
-0.00027
-0.00021
-0.00012
-0.00012
-0.00012
-0.00006
-0.00015
-0.00012
-0.00018
-0.00015
-0.00009
-0.00024
-0.00021
-0.00009
-0.00021
-0.00018
-0.00012
-0.00018
-0.00015
-0.00021
-0.00015
-0.00009
-0.00012
-0.00012
-0.00012
-0.00009
-0.00009
-0.00009
-0.00018
-0.00021
-0.00015
-0.00024
-0.00021
-0.00012
-0.00018
-0.00018
-0.00009
-0.00009
-0.00012
-0.00015
-0.00012
-0.00021
-0.00015
-0.00015
-0.00018
-0.00009
-0.00003
-0.00009
-0.00009
-0.00006
-0.00018
-0.00031
-0.00027
-0.00012
-0.00012
-0.00009
0.00000
-0.00006
-0.00015
-0.00012
-0.00015
-0.00009
-0.00006
-0.00018
-0.00018
-0.00015
-0.00018
-0.00024
-0.00015
-0.00009
-0.00012
-0.00009
-0.00006
-0.00009
-0.00012
-0.00012
-0.00006
-0.00009
-0.00012
-0.00006
-0.00015
-0.00021
-0.00015
-0.00018
-0.00015
-0.00006
-0.00009
-0.00015
-0.00012
-0.00012
-0.00012
-0.00018
-0.00015
-0.00015
-0.00015
-0.00006
-0.00003
-0.00006
-0.00009
-0.00018
-0.00021
-0.00015
-0.00015
-0.00015
-0.00009
0.00000
-0.00009
-0.00009
-0.00006
-0.00012
-0.00015
-0.00015
-0.00018
-0.00015
-0.00006
-0.00009
-0.00006
0.00000
-0.00018
-0.00021
-0.00012
-0.00012
-0.00006
-0.00012
0.00000
-0.00018
0.00009
-0.00049
0.00034
-0.00104
0.00104
-0.00186
0.00208
-0.00351
0.00436
-0.04541
-0.09775
-0.01575
-0.03476
-0.04465
0.08844
0.10999
0.07382
0.04440
-0.03439
-0.01605
-0.00461
-0.04117
-0.05078
0.01367
0.02399
-0.00830
0.02045
0.02112
-0.01288
-0.00174
0.00107
-0.01025
0.01645
0.00766
-0.01663
0.00827
0.01410
-0.00864
-0.00363
0.00452
-0.00574
-0.00598
0.00040
-0.00278
0.00189
0.00696
0.00421
0.00555
0.00720
0.00366
-0.00192
-0.00037
-0.00107
-0.00305
-0.00357
0.00003
-0.00009
-0.00098
0.00027
0.00189
0.00000
0.00101
0.00470
0.00479
0.00116
0.00150
0.00021
-0.00043
0.00003
-0.00049
0.00000
-0.00021
-0.00146
-0.00186
-0.00064
0.00110
-0.00073
-0.00015
0.00192
0.00134
-0.00024
-0.00027
0.00064
-0.00046
-0.00140
0.00055
0.00067
0.00009
-0.00128
-0.00089
0.00000
-0.00110
-0.00272
-0.00281
-0.00156
-0.00006
-0.00046
0.00092
0.00171
0.00061
0.00012
-0.00009
-0.00024
-0.00104
-0.00165
-0.00137
-0.00174
-0.00168
-0.00198
-0.00204
-0.00095
-0.00064
0.00009
0.00031
0.00024
-0.00006
0.00000
0.00000
0.00000
0.00000
0.00000
0.00000
0.00000
0.00000
0.00000
0.00000
0.00000
0.00000
0.00000
0.00000
0.00000
0.00000
0.00000
0.00000
0.00000
0.00000
0.00000
0.00000
0.00000
0.00000
0.00000
0.00000
0.00000
0.00000
0.00000
0.00000
0.00000
0.00000
0.00000
0.00000
0.00000
0.00000
0.00000
0.00000
0.00000
0.00000
0.00000
0.00000
0.00000
0.00000
0.00000
0.00000
0.00000
0.00000
0.00000
0.00000
0.00000
0.00000
0.00000
0.00000
0.00000
0.00000
0.00000
0.00000
0.00000
0.00000
0.00000
0.00000
0.00000
0.00000
0.00000
0.00000
0.00000
0.00000
0.00000
0.00000
0.00000
0.00000
0.00000
0.00000
0.00000
0.00000
0.00000
0.00000
0.00000
0.00000
0.00000
0.00000
0.00000
0.00000
0.00000
0.00000
0.00000
0.00000
0.00000
0.00000
0.00000
0.00000
0.00000
0.00000
0.00000
0.00000
0.00000
0.00000
0.00000
0.00000
0.00000
0.00000
0.00000
0.00000
0.00000
0.00000
0.00000
0.00000
0.00000
0.00000
0.00000
0.00000
0.00000
0.00000
0.00000
0.00000
0.00000
0.00000
0.00000
0.00000
0.00000
0.00000
0.00000
0.00000
0.00000
0.00000
0.00000
0.00000
0.00000
0.00000
0.00000
0.00000
0.00000
0.00000
0.00000
0.00000
0.00000
0.00000
0.00000
0.00000
0.00000
0.00000
0.00000
0.00000
0.00000
0.00000
0.00000
0.00000
0.00000
0.00000
0.00000
0.00000
0.00000
0.00000
0.00000
0.00000
0.00000
0.00000
0.00000
0.00000
0.00000
0.00000
0.00000
0.00000
0.00000
0.00000
0.00000
0.00000
0.00000
0.00000
0.00000
0.00000
0.00000
0.00000
0.00000
0.00000
0.00000
0.00000
0.00000
0.00000
0.00000
0.00000
0.00000
0.00000
0.00000
0.00000
0.00000
0.00000
0.00000
0.00000
0.00000
0.00000
0.00000
0.00000
0.00000
0.00000
0.00000
0.00000
0.00000
0.00000
0.00000
0.00000
0.00000
0.00000
0.00000
0.00000
0.00000
0.00000
0.00000
0.00000
0.00000
0.00000
0.00000
0.00000
