-0.00015
-0.00015
-0.00015
-0.00021
-0.00027
-0.00027
-0.00024
-0.00021
-0.00021
-0.00018
-0.00018
-0.00015
-0.00015
-0.00015
-0.00015
-0.00021
-0.00021
-0.00018
-0.00018
-0.00021
-0.00021
-0.00018
-0.00018
-0.00018
-0.00021
-0.00015
-0.00009
-0.00012
-0.00012
-0.00012
-0.00021
-0.00027
-0.00018
-0.00015
-0.00018
-0.00015
-0.00009
-0.00009
-0.00021
-0.00021
-0.00021
-0.00021
-0.00018
-0.00015
-0.00012
-0.00012
-0.00012
-0.00012
-0.00015
-0.00021
-0.00021
-0.00015
-0.00012
-0.00012
-0.00012
-0.00015
-0.00015
-0.00015
-0.00018
-0.00015
-0.00015
-0.00015
-0.00015
-0.00012
-0.00018
-0.00015
-0.00015
-0.00015
-0.00018
-0.00015
-0.00015
-0.00021
-0.00015
-0.00012
-0.00009
-0.00009
-0.00006
-0.00009
-0.00015
-0.00015
-0.00015
-0.00012
-0.00015
-0.00012
-0.00012
-0.00015
-0.00021
-0.00021
-0.00012
-0.00015
-0.00015
-0.00015
-0.00012
-0.00012
-0.00012
-0.00009
-0.00006
-0.00006
-0.00009
-0.00012
-0.00012
-0.00015
-0.00021
-0.00018
-0.00015
-0.00009
-0.00009
-0.00009
-0.00009
-0.00009
-0.00015
-0.00021
-0.00018
-0.00015
-0.00018
-0.00018
-0.00012
-0.00012
-0.00012
-0.00003
-0.00009
-0.00015
-0.00012
-0.00015
-0.00015
-0.00009
-0.00009
-0.00015
-0.00012
-0.00015
-0.00018
-0.00021
-0.00021
-0.00024
-0.00021
-0.00021
-0.00021
-0.00012
-0.00006
-0.00012
-0.00012
-0.00009
-0.00012
-0.00015
-0.00018
-0.00012
-0.00015
-0.00021
-0.00015
-0.00018
-0.00021
-0.00021
-0.00015
-0.00012
-0.00015
-0.00012
-0.00012
-0.00009
-0.00009
-0.00015
-0.00009
-0.00012
-0.00015
-0.00021
-0.00015
-0.00015
-0.00021
-0.00009
-0.00009
-0.00015
-0.00018
-0.00015
-0.00015
-0.00018
-0.00018
-0.00015
-0.00009
-0.00012
-0.00012
-0.00009
-0.00009
-0.00012
-0.00009
-0.00018
0.00006
-0.00055
0.00046
-0.00119
0.00137
-0.00293
0.00027
-0.04880
-0.05685
-0.03375
-0.03674
0.00198
0.02158
0.06555
0.05402
0.03290
0.00629
0.00385
0.01947
-0.00980
-0.01953
-0.01691
-0.01129
-0.00369
0.00119
0.00766
0.01038
0.01001
0.00192
-0.00253
0.00406
0.00278
-0.00244
0.00192
0.00232
-0.00085
-0.00174
-0.00323
-0.00052
0.00122
-0.00012
-0.00049
0.00012
0.00308
0.00339
0.00378
0.00293
0.00174
0.00058
0.00003
-0.00085
-0.00101
-0.00168
-0.00098
-0.00092
-0.00092
-0.00055
0.00095
0.00201
0.00278
0.00348
0.00339
0.00259
0.00134
0.00043
0.00003
-0.00043
-0.00024
-0.00052
-0.00058
-0.00092
-0.00143
-0.00067
-0.00037
0.00012
0.00052
0.00058
0.00098
0.00015
0.00024
-0.00018
-0.00040
-0.00040
-0.00055
0.00000
0.00003
-0.00040
-0.00006
-0.00037
-0.00070
-0.00180
-0.00235
-0.00174
-0.00125
-0.00055
-0.00015
0.00034
0.00064
0.00006
0.00015
0.00006
0.00003
-0.00040
-0.00131
-0.00128
-0.00153
-0.00174
-0.00198
-0.00159
-0.00073
-0.00067
-0.00040
-0.00009
-0.00015
0.00000
0.00000
0.00000
0.00000
0.00000
0.00000
0.00000
0.00000
0.00000
0.00000
0.00000
0.00000
0.00000
0.00000
0.00000
0.00000
0.00000
0.00000
0.00000
0.00000
0.00000
0.00000
0.00000
0.00000
0.00000
0.00000
0.00000
0.00000
0.00000
0.00000
0.00000
0.00000
0.00000
0.00000
0.00000
0.00000
0.00000
0.00000
0.00000
0.00000
0.00000
0.00000
0.00000
0.00000
0.00000
0.00000
0.00000
0.00000
0.00000
0.00000
0.00000
0.00000
0.00000
0.00000
0.00000
0.00000
0.00000
0.00000
0.00000
0.00000
0.00000
0.00000
0.00000
0.00000
0.00000
0.00000
0.00000
0.00000
0.00000
0.00000
0.00000
0.00000
0.00000
0.00000
0.00000
0.00000
0.00000
0.00000
0.00000
0.00000
0.00000
0.00000
0.00000
0.00000
0.00000
0.00000
0.00000
0.00000
0.00000
0.00000
0.00000
0.00000
0.00000
0.00000
0.00000
0.00000
0.00000
0.00000
0.00000
0.00000
0.00000
0.00000
0.00000
0.00000
0.00000
0.00000
0.00000
0.00000
0.00000
0.00000
0.00000
0.00000
0.00000
0.00000
0.00000
0.00000
0.00000
0.00000
0.00000
0.00000
0.00000
0.00000
0.00000
0.00000
0.00000
0.00000
0.00000
0.00000
0.00000
0.00000
0.00000
0.00000
0.00000
0.00000
0.00000
0.00000
0.00000
0.00000
0.00000
0.00000
0.00000
0.00000
0.00000
0.00000
0.00000
0.00000
0.00000
0.00000
0.00000
0.00000
0.00000
0.00000
0.00000
0.00000
0.00000
0.00000
0.00000
0.00000
0.00000
0.00000
0.00000
0.00000
0.00000
0.00000
0.00000
0.00000
0.00000
0.00000
0.00000
0.00000
0.00000
0.00000
0.00000
0.00000
0.00000
0.00000
0.00000
0.00000
0.00000
0.00000
0.00000
0.00000
0.00000
0.00000
0.00000
0.00000
0.00000
0.00000
0.00000
0.00000
0.00000
0.00000
0.00000
0.00000
0.00000
0.00000
0.00000
0.00000
0.00000
0.00000
0.00000
0.00000
0.00000
0.00000
0.00000
0.00000
0.00000
0.00000
0.00000
0.00000
0.00000
0.00000
0.00000
0.00000
