0.00015
0.00012
0.00015
0.00018
0.00018
0.00018
0.00021
0.00018
0.00012
0.00012
0.00012
0.00009
0.00009
0.00015
0.00018
0.00024
0.00021
0.00018
0.00018
0.00015
0.00009
0.00012
0.00018
0.00018
0.00021
0.00021
0.00021
0.00021
0.00021
0.00015
0.00009
0.00009
0.00015
0.00015
0.00015
0.00015
0.00015
0.00018
0.00015
0.00012
0.00012
0.00012
0.00018
0.00018
0.00021
0.00018
0.00012
0.00015
0.00018
0.00018
0.00018
0.00021
0.00021
0.00015
0.00015
0.00012
0.00006
0.00006
0.00015
0.00021
0.00018
0.00009
0.00021
0.00021
0.00006
0.00006
0.00012
0.00009
0.00009
0.00018
0.00018
0.00024
0.00021
0.00018
0.00015
0.00012
0.00018
0.00015
0.00012
0.00015
0.00015
0.00012
0.00015
0.00015
0.00009
0.00012
0.00015
0.00009
0.00006
0.00018
0.00018
0.00009
0.00018
0.00018
0.00009
0.00015
0.00021
0.00015
0.00012
0.00015
0.00009
0.00009
0.00015
0.00015
0.00012
0.00015
0.00015
0.00015
0.00012
0.00015
0.00009
0.00012
0.00015
0.00012
0.00012
0.00018
0.00021
0.00015
0.00015
0.00015
0.00012
0.00009
0.00012
0.00009
0.00012
0.00015
0.00018
0.00018
0.00018
0.00015
0.00012
0.00012
0.00012
0.00009
0.00012
0.00012
0.00006
0.00003
0.00009
0.00009
0.00006
0.00009
0.00018
0.00018
0.00015
0.00024
0.00018
0.00012
0.00012
0.00009
0.00006
0.00003
0.00006
0.00009
0.00015
0.00012
0.00012
0.00015
0.00015
0.00018
0.00018
0.00015
0.00009
0.00012
0.00012
0.00003
0.00009
0.00012
0.00009
0.00006
0.00003
0.00006
0.00009
0.00012
0.00015
0.00015
0.00012
0.00006
0.00015
0.00012
0.00003
0.00021
-0.00031
0.00076
-0.00104
0.00189
-0.00269
-0.00183
-0.06882
-0.05859
-0.00720
-0.04565
-0.02399
0.02985
0.07999
0.05725
0.03717
-0.00851
0.00729
0.04132
-0.00003
-0.02371
-0.01465
-0.00745
-0.00937
-0.00217
-0.00009
0.00253
0.02036
0.00687
-0.00964
0.00726
0.00455
-0.00922
0.00308
0.01147
0.00070
-0.00455
-0.00342
-0.00198
0.00180
0.00150
-0.00269
-0.00174
0.00531
0.00409
0.00186
0.00479
0.00528
0.00018
-0.00128
0.00043
-0.00058
-0.00381
-0.00110
-0.00061
-0.00125
-0.00006
0.00113
0.00009
0.00146
0.00369
0.00244
0.00134
0.00211
0.00150
0.00125
0.00168
0.00076
-0.00119
-0.00101
-0.00104
-0.00195
-0.00110
-0.00076
-0.00085
-0.00040
0.00043
0.00076
0.00009
0.00079
0.00058
-0.00012
-0.00037
-0.00031
-0.00009
-0.00037
-0.00067
-0.00046
-0.00082
-0.00052
-0.00174
-0.00229
-0.00174
-0.00159
-0.00113
-0.00043
0.00021
0.00034
0.00024
0.00061
0.00015
-0.00012
-0.00061
-0.00146
-0.00168
-0.00195
-0.00192
-0.00189
-0.00177
-0.00134
-0.00085
-0.00012
0.00034
0.00024
0.00034
0.00006
-0.00125
0.00000
0.00000
0.00000
0.00000
0.00000
0.00000
0.00000
0.00000
0.00000
0.00000
0.00000
0.00000
0.00000
0.00000
0.00000
0.00000
0.00000
0.00000
0.00000
0.00000
0.00000
0.00000
0.00000
0.00000
0.00000
0.00000
0.00000
0.00000
0.00000
0.00000
0.00000
0.00000
0.00000
0.00000
0.00000
0.00000
0.00000
0.00000
0.00000
0.00000
0.00000
0.00000
0.00000
0.00000
0.00000
0.00000
0.00000
0.00000
0.00000
0.00000
0.00000
0.00000
0.00000
0.00000
0.00000
0.00000
0.00000
0.00000
0.00000
0.00000
0.00000
0.00000
0.00000
0.00000
0.00000
0.00000
0.00000
0.00000
0.00000
0.00000
0.00000
0.00000
0.00000
0.00000
0.00000
0.00000
0.00000
0.00000
0.00000
0.00000
0.00000
0.00000
0.00000
0.00000
0.00000
0.00000
0.00000
0.00000
0.00000
0.00000
0.00000
0.00000
0.00000
0.00000
0.00000
0.00000
0.00000
0.00000
0.00000
0.00000
0.00000
0.00000
0.00000
0.00000
0.00000
0.00000
0.00000
0.00000
0.00000
0.00000
0.00000
0.00000
0.00000
0.00000
0.00000
0.00000
0.00000
0.00000
0.00000
0.00000
0.00000
0.00000
0.00000
0.00000
0.00000
0.00000
0.00000
0.00000
0.00000
0.00000
0.00000
0.00000
0.00000
0.00000
0.00000
0.00000
0.00000
0.00000
0.00000
0.00000
0.00000
0.00000
0.00000
0.00000
0.00000
0.00000
0.00000
0.00000
0.00000
0.00000
0.00000
0.00000
0.00000
0.00000
0.00000
0.00000
0.00000
0.00000
0.00000
0.00000
0.00000
0.00000
0.00000
0.00000
0.00000
0.00000
0.00000
0.00000
0.00000
0.00000
0.00000
0.00000
0.00000
0.00000
0.00000
0.00000
0.00000
0.00000
0.00000
0.00000
0.00000
0.00000
0.00000
0.00000
0.00000
0.00000
0.00000
0.00000
0.00000
0.00000
0.00000
0.00000
0.00000
0.00000
0.00000
0.00000
0.00000
0.00000
0.00000
0.00000
0.00000
0.00000
0.00000
0.00000
0.00000
0.00000
0.00000
0.00000
0.00000
0.00000
0.00000
0.00000
0.00000
0.00000
