0.00012
0.00009
0.00006
0.00000
0.00000
0.00009
0.00000
0.00000
0.00006
0.00009
0.00012
0.00012
0.00009
0.00009
0.00006
0.00000
0.00000
0.00000
-0.00003
-0.00003
0.00006
0.00012
0.00012
0.00012
0.00012
0.00006
0.00000
0.00000
-0.00003
-0.00003
0.00000
0.00006
0.00012
0.00012
0.00009
0.00006
0.00009
0.00009
0.00000
0.00000
0.00000
0.00000
0.00000
0.00006
0.00009
0.00009
0.00006
0.00003
0.00000
-0.00003
0.00000
0.00003
0.00006
0.00006
0.00003
0.00003
0.00003
0.00000
0.00000
-0.00009
0.00000
0.00006
0.00000
0.00003
0.00006
0.00000
0.00000
0.00003
0.00000
0.00006
0.00009
0.00006
0.00000
-0.00003
0.00000
0.00000
-0.00006
-0.00003
0.00003
0.00000
0.00000
0.00006
0.00000
-0.00003
0.00000
0.00003
0.00000
0.00000
-0.00003
-0.00009
-0.00003
-0.00003
-0.00009
-0.00003
-0.00003
-0.00006
0.00000
0.00000
-0.00003
-0.00003
0.00000
-0.00003
-0.00006
-0.00009
0.00000
0.00000
-0.00006
0.00000
0.00000
-0.00003
-0.00009
-0.00006
-0.00006
-0.00012
-0.00012
-0.00009
-0.00006
-0.00006
-0.00003
-0.00006
-0.00003
0.00000
0.00000
0.00000
0.00003
0.00000
-0.00009
-0.00009
-0.00009
-0.00012
-0.00009
-0.00009
-0.00006
-0.00006
-0.00009
-0.00006
-0.00003
-0.00006
-0.00009
-0.00012
-0.00015
-0.00012
-0.00018
-0.00015
-0.00009
-0.00003
-0.00006
-0.00009
-0.00009
-0.00015
-0.00015
-0.00015
-0.00015
-0.00015
-0.00015
-0.00012
-0.00012
-0.00006
-0.00003
-0.00003
-0.00003
-0.00006
-0.00012
-0.00024
-0.00021
-0.00018
-0.00021
-0.00009
-0.00003
-0.00003
-0.00009
-0.00012
-0.00015
-0.00012
-0.00015
-0.00015
-0.00021
0.00000
-0.00040
0.00031
-0.00104
0.00113
-0.00223
0.00275
-0.00461
0.00314
-0.06769
-0.08261
0.00076
-0.03113
-0.02582
0.01401
0.08167
0.06018
0.03430
-0.01715
0.00000
0.05136
0.01282
-0.01294
-0.01532
-0.00418
-0.01135
-0.00919
-0.00153
-0.00198
0.01550
0.01437
-0.00363
0.00854
0.00452
-0.01486
-0.00427
0.01031
0.00427
-0.00308
-0.00446
-0.00171
0.00235
0.00247
-0.00104
-0.00342
0.00345
0.00354
0.00266
0.00302
0.00497
0.00110
-0.00208
-0.00034
0.00076
-0.00244
-0.00095
-0.00125
-0.00299
-0.00195
0.00085
0.00079
0.00092
0.00433
0.00333
0.00040
0.00070
0.00101
0.00018
-0.00009
0.00021
-0.00037
-0.00037
-0.00061
-0.00150
-0.00092
-0.00070
-0.00131
-0.00137
-0.00058
0.00000
-0.00092
-0.00003
0.00064
0.00052
-0.00021
0.00000
0.00000
-0.00113
-0.00186
-0.00079
-0.00076
-0.00107
-0.00214
-0.00204
-0.00125
-0.00150
-0.00150
-0.00104
-0.00009
-0.00018
-0.00082
-0.00012
0.00003
-0.00009
-0.00015
-0.00095
-0.00140
-0.00235
-0.00275
-0.00253
-0.00180
-0.00140
-0.00156
-0.00092
0.00000
0.00031
0.00061
0.00058
0.00006
0.00000
0.00000
0.00000
0.00000
0.00000
0.00000
0.00000
0.00000
0.00000
0.00000
0.00000
0.00000
0.00000
0.00000
0.00000
0.00000
0.00000
0.00000
0.00000
0.00000
0.00000
0.00000
0.00000
0.00000
0.00000
0.00000
0.00000
0.00000
0.00000
0.00000
0.00000
0.00000
0.00000
0.00000
0.00000
0.00000
0.00000
0.00000
0.00000
0.00000
0.00000
0.00000
0.00000
0.00000
0.00000
0.00000
0.00000
0.00000
0.00000
0.00000
0.00000
0.00000
0.00000
0.00000
0.00000
0.00000
0.00000
0.00000
0.00000
0.00000
0.00000
0.00000
0.00000
0.00000
0.00000
0.00000
0.00000
0.00000
0.00000
0.00000
0.00000
0.00000
0.00000
0.00000
0.00000
0.00000
0.00000
0.00000
0.00000
0.00000
0.00000
0.00000
0.00000
0.00000
0.00000
0.00000
0.00000
0.00000
0.00000
0.00000
0.00000
0.00000
0.00000
0.00000
0.00000
0.00000
0.00000
0.00000
0.00000
0.00000
0.00000
0.00000
0.00000
0.00000
0.00000
0.00000
0.00000
0.00000
0.00000
0.00000
0.00000
0.00000
0.00000
0.00000
0.00000
0.00000
0.00000
0.00000
0.00000
0.00000
0.00000
0.00000
0.00000
0.00000
0.00000
0.00000
0.00000
0.00000
0.00000
0.00000
0.00000
0.00000
0.00000
0.00000
0.00000
0.00000
0.00000
0.00000
0.00000
0.00000
0.00000
0.00000
0.00000
0.00000
0.00000
0.00000
0.00000
0.00000
0.00000
0.00000
0.00000
0.00000
0.00000
0.00000
0.00000
0.00000
0.00000
0.00000
0.00000
0.00000
0.00000
0.00000
0.00000
0.00000
0.00000
0.00000
0.00000
0.00000
0.00000
0.00000
0.00000
0.00000
0.00000
0.00000
0.00000
0.00000
0.00000
0.00000
0.00000
0.00000
0.00000
0.00000
0.00000
0.00000
0.00000
0.00000
0.00000
0.00000
0.00000
0.00000
0.00000
0.00000
0.00000
0.00000
0.00000
0.00000
0.00000
0.00000
0.00000
0.00000
0.00000
0.00000
0.00000
0.00000
0.00000
0.00000
0.00000
0.00000
0.00000
0.00000
0.00000
0.00000
0.00000
0.00000
0.00000
0.00000
