0.00009
0.00009
0.00009
0.00006
0.00003
0.00003
0.00006
0.00012
0.00012
0.00009
0.00009
0.00006
0.00006
0.00009
0.00012
0.00015
0.00012
0.00012
0.00015
0.00018
0.00012
0.00012
0.00018
0.00012
0.00012
0.00012
0.00009
0.00003
0.00009
0.00012
0.00006
0.00015
0.00012
0.00009
0.00018
0.00018
0.00012
0.00012
0.00012
0.00009
0.00009
0.00009
0.00009
0.00009
0.00006
0.00018
0.00021
0.00015
0.00015
0.00021
0.00012
0.00009
0.00012
0.00015
0.00012
0.00018
0.00012
0.00003
0.00021
0.00009
0.00009
0.00012
0.00021
0.00009
0.00012
0.00015
0.00015
0.00018
0.00015
0.00018
0.00009
0.00015
0.00024
0.00009
0.00012
0.00015
0.00009
0.00006
0.00021
0.00021
0.00015
0.00015
0.00018
0.00012
0.00012
0.00015
0.00009
0.00009
0.00015
0.00018
0.00015
0.00021
0.00018
0.00015
0.00012
0.00009
0.00009
0.00018
0.00024
0.00024
0.00018
0.00021
0.00021
0.00009
0.00009
0.00012
0.00012
0.00009
0.00006
0.00009
0.00009
0.00018
0.00021
0.00024
0.00021
0.00015
0.00012
0.00012
0.00009
0.00006
0.00012
0.00015
0.00012
0.00009
0.00015
0.00018
0.00009
0.00012
0.00018
0.00015
0.00012
0.00012
0.00012
0.00012
0.00015
0.00012
0.00009
0.00012
0.00015
0.00012
0.00012
0.00015
0.00009
0.00012
0.00006
0.00009
0.00009
0.00015
0.00015
0.00018
0.00018
0.00009
0.00009
0.00006
0.00009
0.00003
0.00006
0.00015
0.00009
0.00012
0.00012
0.00018
0.00021
0.00009
0.00012
0.00009
0.00009
0.00003
0.00009
0.00009
0.00012
0.00006
0.00015
-0.00003
0.00040
-0.00037
0.00079
-0.00085
0.00125
-0.00140
0.00183
-0.00186
0.00232
-0.03250
-0.12665
-0.01511
-0.01047
-0.02856
0.00568
0.08902
0.07956
0.02600
-0.00949
-0.04858
0.05121
0.03714
-0.00052
-0.01035
0.00858
-0.00516
-0.01852
-0.00296
-0.01230
0.00043
0.02396
-0.00012
0.01105
0.02176
-0.00891
-0.01657
0.00787
0.00406
-0.00574
-0.00424
-0.00333
0.00024
0.00360
0.00461
-0.00342
0.00366
0.00543
0.00244
0.00150
0.00391
0.00278
-0.00290
-0.00116
0.00208
-0.00098
-0.00113
0.00128
-0.00162
-0.00247
-0.00064
0.00052
-0.00122
0.00406
0.00623
0.00223
0.00070
0.00159
-0.00003
-0.00006
0.00089
-0.00003
-0.00192
-0.00143
-0.00244
-0.00159
0.00092
0.00058
-0.00046
-0.00067
-0.00012
-0.00092
-0.00061
0.00073
0.00064
0.00037
0.00055
0.00070
-0.00095
-0.00195
-0.00134
-0.00128
-0.00098
-0.00156
-0.00247
-0.00082
-0.00073
-0.00061
-0.00067
0.00021
0.00021
-0.00082
-0.00061
-0.00037
-0.00095
0.00006
-0.00049
-0.00082
-0.00146
-0.00186
-0.00229
-0.00204
-0.00107
-0.00113
-0.00131
-0.00067
-0.00040
0.00055
0.00134
0.00128
0.00076
0.00000
0.00000
0.00000
0.00000
0.00000
0.00000
0.00000
0.00000
0.00000
0.00000
0.00000
0.00000
0.00000
0.00000
0.00000
0.00000
0.00000
0.00000
0.00000
0.00000
0.00000
0.00000
0.00000
0.00000
0.00000
0.00000
0.00000
0.00000
0.00000
0.00000
0.00000
0.00000
0.00000
0.00000
0.00000
0.00000
0.00000
0.00000
0.00000
0.00000
0.00000
0.00000
0.00000
0.00000
0.00000
0.00000
0.00000
0.00000
0.00000
0.00000
0.00000
0.00000
0.00000
0.00000
0.00000
0.00000
0.00000
0.00000
0.00000
0.00000
0.00000
0.00000
0.00000
0.00000
0.00000
0.00000
0.00000
0.00000
0.00000
0.00000
0.00000
0.00000
0.00000
0.00000
0.00000
0.00000
0.00000
0.00000
0.00000
0.00000
0.00000
0.00000
0.00000
0.00000
0.00000
0.00000
0.00000
0.00000
0.00000
0.00000
0.00000
0.00000
0.00000
0.00000
0.00000
0.00000
0.00000
0.00000
0.00000
0.00000
0.00000
0.00000
0.00000
0.00000
0.00000
0.00000
0.00000
0.00000
0.00000
0.00000
0.00000
0.00000
0.00000
0.00000
0.00000
0.00000
0.00000
0.00000
0.00000
0.00000
0.00000
0.00000
0.00000
0.00000
0.00000
0.00000
0.00000
0.00000
0.00000
0.00000
0.00000
0.00000
0.00000
0.00000
0.00000
0.00000
0.00000
0.00000
0.00000
0.00000
0.00000
0.00000
0.00000
0.00000
0.00000
0.00000
0.00000
0.00000
0.00000
0.00000
0.00000
0.00000
0.00000
0.00000
0.00000
0.00000
0.00000
0.00000
0.00000
0.00000
0.00000
0.00000
0.00000
0.00000
0.00000
0.00000
0.00000
0.00000
0.00000
0.00000
0.00000
0.00000
0.00000
0.00000
0.00000
0.00000
0.00000
0.00000
0.00000
0.00000
0.00000
0.00000
0.00000
0.00000
0.00000
0.00000
0.00000
0.00000
0.00000
0.00000
0.00000
0.00000
0.00000
0.00000
0.00000
0.00000
0.00000
0.00000
0.00000
0.00000
0.00000
0.00000
0.00000
0.00000
0.00000
0.00000
0.00000
0.00000
0.00000
0.00000
0.00000
0.00000
0.00000
0.00000
0.00000
0.00000
0.00000
0.00000
