0.00000
-0.00003
0.00000
0.00000
0.00000
0.00003
0.00006
0.00009
0.00006
0.00003
0.00003
0.00006
0.00006
0.00003
0.00006
0.00009
0.00003
0.00000
0.00000
0.00000
0.00000
0.00003
0.00009
0.00006
0.00003
0.00000
0.00000
0.00000
-0.00003
-0.00003
0.00000
0.00000
0.00000
0.00003
0.00003
0.00003
0.00000
0.00000
0.00000
-0.00003
0.00003
0.00003
0.00003
0.00003
0.00003
0.00000
-0.00003
-0.00009
-0.00012
-0.00015
-0.00012
-0.00006
-0.00003
0.00000
0.00003
0.00000
0.00000
-0.00009
-0.00012
-0.00012
-0.00015
-0.00009
-0.00009
-0.00006
-0.00006
-0.00006
0.00000
0.00000
0.00000
-0.00006
-0.00009
-0.00009
-0.00012
-0.00009
-0.00006
-0.00006
-0.00012
-0.00018
-0.00015
-0.00012
-0.00009
-0.00009
-0.00009
-0.00012
-0.00015
-0.00012
-0.00006
-0.00009
-0.00006
0.00000
0.00000
-0.00009
-0.00018
-0.00018
-0.00021
-0.00024
-0.00021
-0.00015
-0.00012
-0.00012
-0.00009
-0.00009
-0.00015
-0.00018
-0.00015
-0.00012
-0.00012
-0.00018
-0.00021
-0.00021
-0.00024
-0.00027
-0.00024
-0.00018
-0.00018
-0.00015
-0.00009
-0.00012
-0.00018
-0.00015
-0.00018
-0.00021
-0.00021
-0.00021
-0.00018
-0.00015
-0.00021
-0.00021
-0.00021
-0.00015
-0.00015
-0.00015
-0.00018
-0.00024
-0.00024
-0.00021
-0.00021
-0.00027
-0.00024
-0.00021
-0.00024
-0.00031
-0.00027
-0.00024
-0.00024
-0.00021
-0.00021
-0.00021
-0.00021
-0.00024
-0.00024
-0.00018
-0.00021
-0.00024
-0.00018
-0.00018
-0.00024
-0.00021
-0.00015
-0.00024
-0.00027
-0.00024
-0.00031
-0.00034
-0.00027
-0.00027
-0.00027
-0.00024
-0.00021
-0.00027
-0.00024
-0.00024
-0.00027
-0.00027
-0.00024
-0.00024
-0.00027
-0.00031
-0.00031
-0.00027
-0.00021
-0.00018
-0.00021
-0.00024
-0.00024
-0.00031
-0.00034
-0.00021
-0.00031
-0.00015
-0.00031
-0.00034
-0.00037
-0.00073
0.00018
-0.00095
-0.00259
-0.03394
-0.02893
-0.01617
-0.01602
0.00055
0.00693
0.01715
0.01691
0.01813
0.01007
0.00369
0.00812
0.00040
-0.00497
-0.00214
-0.00281
0.00198
0.00546
0.00012
0.00043
0.00208
-0.00104
-0.00372
0.00116
0.00266
-0.00037
0.00134
0.00180
0.00189
0.00293
0.00046
-0.00156
-0.00128
-0.00110
-0.00201
-0.00186
0.00018
0.00128
0.00223
0.00397
0.00424
0.00259
0.00107
0.00110
0.00092
-0.00009
-0.00034
-0.00082
-0.00110
-0.00021
0.00034
-0.00006
0.00064
0.00162
0.00143
0.00128
0.00110
0.00046
0.00003
0.00024
0.00043
0.00000
0.00003
0.00009
-0.00037
-0.00049
-0.00031
0.00015
0.00006
-0.00037
-0.00031
-0.00049
-0.00031
-0.00024
-0.00043
-0.00009
-0.00024
-0.00018
0.00000
-0.00012
-0.00040
-0.00131
-0.00140
-0.00143
-0.00143
-0.00119
-0.00104
-0.00055
-0.00027
-0.00003
0.00009
-0.00021
-0.00034
-0.00067
-0.00064
-0.00064
-0.00107
-0.00134
-0.00174
-0.00189
-0.00146
-0.00107
-0.00085
0.00000
0.00000
0.00000
0.00000
0.00000
0.00000
0.00000
0.00000
0.00000
0.00000
0.00000
0.00000
0.00000
0.00000
0.00000
0.00000
0.00000
0.00000
0.00000
0.00000
0.00000
0.00000
0.00000
0.00000
0.00000
0.00000
0.00000
0.00000
0.00000
0.00000
0.00000
0.00000
0.00000
0.00000
0.00000
0.00000
0.00000
0.00000
0.00000
0.00000
0.00000
0.00000
0.00000
0.00000
0.00000
0.00000
0.00000
0.00000
0.00000
0.00000
0.00000
0.00000
0.00000
0.00000
0.00000
0.00000
0.00000
0.00000
0.00000
0.00000
0.00000
0.00000
0.00000
0.00000
0.00000
0.00000
0.00000
0.00000
0.00000
0.00000
0.00000
0.00000
0.00000
0.00000
0.00000
0.00000
0.00000
0.00000
0.00000
0.00000
0.00000
0.00000
0.00000
0.00000
0.00000
0.00000
0.00000
0.00000
0.00000
0.00000
0.00000
0.00000
0.00000
0.00000
0.00000
0.00000
0.00000
0.00000
0.00000
0.00000
0.00000
0.00000
0.00000
0.00000
0.00000
0.00000
0.00000
0.00000
0.00000
0.00000
0.00000
0.00000
0.00000
0.00000
0.00000
0.00000
0.00000
0.00000
0.00000
0.00000
0.00000
0.00000
0.00000
0.00000
0.00000
0.00000
0.00000
0.00000
0.00000
0.00000
0.00000
0.00000
0.00000
0.00000
0.00000
0.00000
0.00000
0.00000
0.00000
0.00000
0.00000
0.00000
0.00000
0.00000
0.00000
0.00000
0.00000
0.00000
0.00000
0.00000
0.00000
0.00000
0.00000
0.00000
0.00000
0.00000
0.00000
0.00000
0.00000
0.00000
0.00000
0.00000
0.00000
0.00000
0.00000
0.00000
0.00000
0.00000
0.00000
0.00000
0.00000
0.00000
0.00000
0.00000
0.00000
0.00000
0.00000
0.00000
0.00000
0.00000
0.00000
0.00000
0.00000
0.00000
0.00000
0.00000
0.00000
0.00000
0.00000
0.00000
0.00000
0.00000
0.00000
0.00000
0.00000
0.00000
0.00000
0.00000
0.00000
0.00000
0.00000
0.00000
0.00000
0.00000
0.00000
0.00000
0.00000
0.00000
0.00000
0.00000
0.00000
0.00000
