-0.00043
-0.00043
-0.00046
-0.00043
-0.00034
-0.00027
-0.00031
-0.00034
-0.00034
-0.00043
-0.00046
-0.00046
-0.00046
-0.00040
-0.00040
-0.00037
-0.00037
-0.00037
-0.00043
-0.00040
-0.00034
-0.00037
-0.00037
-0.00037
-0.00034
-0.00037
-0.00037
-0.00040
-0.00043
-0.00046
-0.00049
-0.00037
-0.00040
-0.00040
-0.00034
-0.00043
-0.00037
-0.00031
-0.00034
-0.00037
-0.00037
-0.00034
-0.00037
-0.00043
-0.00046
-0.00043
-0.00043
-0.00043
-0.00037
-0.00034
-0.00037
-0.00034
-0.00037
-0.00037
-0.00031
-0.00027
-0.00052
-0.00034
-0.00021
-0.00046
-0.00037
-0.00043
-0.00037
-0.00049
-0.00046
-0.00040
-0.00046
-0.00043
-0.00037
-0.00031
-0.00031
-0.00027
-0.00031
-0.00037
-0.00034
-0.00034
-0.00040
-0.00034
-0.00034
-0.00043
-0.00040
-0.00031
-0.00031
-0.00037
-0.00037
-0.00037
-0.00043
-0.00034
-0.00034
-0.00037
-0.00031
-0.00037
-0.00040
-0.00031
-0.00031
-0.00037
-0.00040
-0.00031
-0.00034
-0.00034
-0.00027
-0.00027
-0.00034
-0.00037
-0.00031
-0.00037
-0.00037
-0.00034
-0.00037
-0.00040
-0.00040
-0.00031
-0.00037
-0.00034
-0.00024
-0.00024
-0.00024
-0.00031
-0.00034
-0.00040
-0.00037
-0.00034
-0.00037
-0.00027
-0.00021
-0.00027
-0.00027
-0.00027
-0.00037
-0.00037
-0.00040
-0.00043
-0.00040
-0.00037
-0.00031
-0.00034
-0.00034
-0.00027
-0.00031
-0.00040
-0.00037
-0.00034
-0.00040
-0.00043
-0.00037
-0.00027
-0.00024
-0.00027
-0.00024
-0.00018
-0.00018
-0.00027
-0.00027
-0.00027
-0.00034
-0.00034
-0.00034
-0.00027
-0.00027
-0.00027
-0.00024
-0.00021
-0.00027
-0.00034
-0.00021
-0.00024
-0.00027
-0.00027
-0.00027
-0.00024
-0.00024
-0.00031
-0.00015
-0.00037
-0.00003
-0.00082
0.00067
-0.00174
0.00186
-0.00348
0.00418
-0.00653
0.00757
-0.07053
-0.09811
0.03723
-0.01871
-0.00656
-0.02466
0.01245
0.06406
0.06281
0.04761
-0.00214
0.00824
-0.01553
-0.01834
0.02701
0.01489
-0.02527
-0.02316
-0.00851
0.00204
0.02875
0.01035
-0.01935
0.00195
0.01141
0.00452
0.00931
0.00967
-0.01328
-0.00970
0.00098
-0.00430
-0.00104
0.00296
-0.00021
-0.00049
0.00589
0.00357
0.00146
0.00287
0.00281
0.00000
0.00229
0.00040
-0.00256
-0.00360
-0.00040
0.00110
-0.00058
-0.00241
0.00003
0.00000
0.00052
0.00327
0.00214
0.00092
0.00232
0.00220
0.00159
-0.00079
-0.00119
-0.00140
-0.00076
0.00003
-0.00244
-0.00137
-0.00098
-0.00186
0.00034
0.00058
0.00153
0.00018
-0.00061
0.00104
0.00000
0.00000
0.00015
-0.00079
-0.00092
-0.00195
-0.00037
-0.00110
-0.00192
-0.00204
-0.00189
0.00009
-0.00098
-0.00134
0.00012
0.00049
0.00055
-0.00082
-0.00040
0.00000
-0.00070
0.00021
-0.00119
-0.00165
-0.00162
-0.00180
-0.00177
-0.00171
-0.00125
-0.00076
-0.00040
0.00061
0.00018
0.00058
0.00049
0.00018
0.00031
0.00000
0.00000
0.00000
0.00000
0.00000
0.00000
0.00000
0.00000
0.00000
0.00000
0.00000
0.00000
0.00000
0.00000
0.00000
0.00000
0.00000
0.00000
0.00000
0.00000
0.00000
0.00000
0.00000
0.00000
0.00000
0.00000
0.00000
0.00000
0.00000
0.00000
0.00000
0.00000
0.00000
0.00000
0.00000
0.00000
0.00000
0.00000
0.00000
0.00000
0.00000
0.00000
0.00000
0.00000
0.00000
0.00000
0.00000
0.00000
0.00000
0.00000
0.00000
0.00000
0.00000
0.00000
0.00000
0.00000
0.00000
0.00000
0.00000
0.00000
0.00000
0.00000
0.00000
0.00000
0.00000
0.00000
0.00000
0.00000
0.00000
0.00000
0.00000
0.00000
0.00000
0.00000
0.00000
0.00000
0.00000
0.00000
0.00000
0.00000
0.00000
0.00000
0.00000
0.00000
0.00000
0.00000
0.00000
0.00000
0.00000
0.00000
0.00000
0.00000
0.00000
0.00000
0.00000
0.00000
0.00000
0.00000
0.00000
0.00000
0.00000
0.00000
0.00000
0.00000
0.00000
0.00000
0.00000
0.00000
0.00000
0.00000
0.00000
0.00000
0.00000
0.00000
0.00000
0.00000
0.00000
0.00000
0.00000
0.00000
0.00000
0.00000
0.00000
0.00000
0.00000
0.00000
0.00000
0.00000
0.00000
0.00000
0.00000
0.00000
0.00000
0.00000
0.00000
0.00000
0.00000
0.00000
0.00000
0.00000
0.00000
0.00000
0.00000
0.00000
0.00000
0.00000
0.00000
0.00000
0.00000
0.00000
0.00000
0.00000
0.00000
0.00000
0.00000
0.00000
0.00000
0.00000
0.00000
0.00000
0.00000
0.00000
0.00000
0.00000
0.00000
0.00000
0.00000
0.00000
0.00000
0.00000
0.00000
0.00000
0.00000
0.00000
0.00000
0.00000
0.00000
0.00000
0.00000
0.00000
0.00000
0.00000
0.00000
0.00000
0.00000
0.00000
0.00000
0.00000
0.00000
0.00000
0.00000
0.00000
0.00000
0.00000
0.00000
0.00000
0.00000
0.00000
0.00000
0.00000
0.00000
0.00000
0.00000
0.00000
0.00000
0.00000
0.00000
0.00000
0.00000
0.00000
0.00000
0.00000
0.00000
0.00000
0.00000
0.00000
0.00000
0.00000
