-0.00018
-0.00018
-0.00018
-0.00015
-0.00015
-0.00018
-0.00018
-0.00009
-0.00009
-0.00018
-0.00018
-0.00018
-0.00018
-0.00018
-0.00015
-0.00015
-0.00012
-0.00012
-0.00012
-0.00015
-0.00018
-0.00015
-0.00015
-0.00015
-0.00012
-0.00009
-0.00006
-0.00009
-0.00009
-0.00003
-0.00003
-0.00009
-0.00012
-0.00009
-0.00009
-0.00021
-0.00021
-0.00015
-0.00015
-0.00021
-0.00012
-0.00012
-0.00009
-0.00009
-0.00012
-0.00006
-0.00009
-0.00009
-0.00006
-0.00006
-0.00006
-0.00009
-0.00009
-0.00009
-0.00009
-0.00012
-0.00003
-0.00015
-0.00012
0.00000
-0.00009
-0.00003
-0.00009
-0.00003
-0.00003
-0.00012
-0.00003
-0.00006
-0.00003
-0.00003
-0.00006
0.00000
0.00000
-0.00003
-0.00003
0.00000
0.00000
-0.00015
-0.00015
-0.00006
-0.00009
-0.00012
-0.00003
-0.00003
-0.00006
-0.00003
0.00003
0.00000
-0.00003
-0.00003
-0.00006
-0.00003
-0.00009
-0.00009
0.00000
0.00000
0.00000
-0.00003
0.00003
0.00000
-0.00012
-0.00009
-0.00003
-0.00006
-0.00009
0.00000
0.00000
-0.00003
-0.00006
-0.00006
-0.00006
-0.00006
0.00000
0.00000
-0.00003
-0.00003
-0.00009
-0.00006
-0.00006
-0.00012
-0.00009
0.00000
0.00000
-0.00003
0.00000
0.00003
0.00000
-0.00009
-0.00006
-0.00006
-0.00006
-0.00006
-0.00006
0.00000
0.00000
0.00003
0.00000
-0.00003
0.00000
0.00000
-0.00009
-0.00003
-0.00003
-0.00006
-0.00003
-0.00003
0.00000
0.00000
0.00000
-0.00003
-0.00003
0.00000
-0.00006
-0.00003
-0.00003
0.00000
0.00000
-0.00003
0.00000
0.00000
-0.00003
-0.00006
0.00000
0.00000
-0.00006
0.00000
-0.00003
0.00000
0.00000
-0.00006
-0.00003
0.00000
-0.00003
0.00006
-0.00012
0.00024
-0.00052
0.00070
-0.00122
0.00159
-0.00232
0.00299
-0.00418
0.00522
-0.04800
-0.09805
0.02023
-0.00934
-0.01465
-0.02725
0.00211
0.07004
0.05038
0.04749
0.00879
0.01016
0.00360
-0.02191
0.02011
0.01526
-0.02786
-0.02551
-0.01138
0.00491
0.02414
0.01160
-0.01532
0.00104
0.01291
0.00922
0.00775
0.00592
-0.01328
-0.01117
0.00140
-0.00290
0.00046
0.00293
0.00089
0.00034
0.00467
0.00244
0.00308
0.00214
0.00131
0.00137
0.00262
0.00031
-0.00189
-0.00284
-0.00119
0.00122
-0.00021
-0.00342
-0.00012
0.00156
0.00070
0.00269
0.00223
0.00119
0.00226
0.00256
0.00137
-0.00098
-0.00125
-0.00040
-0.00089
-0.00009
-0.00171
-0.00107
-0.00082
-0.00180
0.00110
0.00113
0.00113
-0.00012
-0.00116
0.00098
0.00034
-0.00031
0.00006
-0.00064
-0.00018
-0.00171
-0.00006
-0.00018
-0.00217
-0.00220
-0.00232
0.00000
-0.00043
-0.00168
-0.00012
0.00055
0.00095
-0.00037
-0.00095
0.00031
-0.00024
0.00021
-0.00110
-0.00174
-0.00150
-0.00192
-0.00174
-0.00186
-0.00134
-0.00055
-0.00085
0.00003
0.00024
0.00064
0.00052
0.00015
0.00018
0.00000
0.00000
0.00000
0.00000
0.00000
0.00000
0.00000
0.00000
0.00000
0.00000
0.00000
0.00000
0.00000
0.00000
0.00000
0.00000
0.00000
0.00000
0.00000
0.00000
0.00000
0.00000
0.00000
0.00000
0.00000
0.00000
0.00000
0.00000
0.00000
0.00000
0.00000
0.00000
0.00000
0.00000
0.00000
0.00000
0.00000
0.00000
0.00000
0.00000
0.00000
0.00000
0.00000
0.00000
0.00000
0.00000
0.00000
0.00000
0.00000
0.00000
0.00000
0.00000
0.00000
0.00000
0.00000
0.00000
0.00000
0.00000
0.00000
0.00000
0.00000
0.00000
0.00000
0.00000
0.00000
0.00000
0.00000
0.00000
0.00000
0.00000
0.00000
0.00000
0.00000
0.00000
0.00000
0.00000
0.00000
0.00000
0.00000
0.00000
0.00000
0.00000
0.00000
0.00000
0.00000
0.00000
0.00000
0.00000
0.00000
0.00000
0.00000
0.00000
0.00000
0.00000
0.00000
0.00000
0.00000
0.00000
0.00000
0.00000
0.00000
0.00000
0.00000
0.00000
0.00000
0.00000
0.00000
0.00000
0.00000
0.00000
0.00000
0.00000
0.00000
0.00000
0.00000
0.00000
0.00000
0.00000
0.00000
0.00000
0.00000
0.00000
0.00000
0.00000
0.00000
0.00000
0.00000
0.00000
0.00000
0.00000
0.00000
0.00000
0.00000
0.00000
0.00000
0.00000
0.00000
0.00000
0.00000
0.00000
0.00000
0.00000
0.00000
0.00000
0.00000
0.00000
0.00000
0.00000
0.00000
0.00000
0.00000
0.00000
0.00000
0.00000
0.00000
0.00000
0.00000
0.00000
0.00000
0.00000
0.00000
0.00000
0.00000
0.00000
0.00000
0.00000
0.00000
0.00000
0.00000
0.00000
0.00000
0.00000
0.00000
0.00000
0.00000
0.00000
0.00000
0.00000
0.00000
0.00000
0.00000
0.00000
0.00000
0.00000
0.00000
0.00000
0.00000
0.00000
0.00000
0.00000
0.00000
0.00000
0.00000
0.00000
0.00000
0.00000
0.00000
0.00000
0.00000
0.00000
0.00000
0.00000
0.00000
0.00000
0.00000
0.00000
0.00000
0.00000
0.00000
0.00000
0.00000
0.00000
0.00000
0.00000
0.00000
0.00000
0.00000
