-0.00027
-0.00027
-0.00031
-0.00034
-0.00034
-0.00034
-0.00031
-0.00031
-0.00031
-0.00031
-0.00027
-0.00031
-0.00027
-0.00024
-0.00024
-0.00024
-0.00024
-0.00021
-0.00027
-0.00031
-0.00031
-0.00027
-0.00034
-0.00034
-0.00027
-0.00027
-0.00024
-0.00027
-0.00024
-0.00021
-0.00024
-0.00027
-0.00027
-0.00021
-0.00027
-0.00031
-0.00024
-0.00021
-0.00021
-0.00021
-0.00024
-0.00027
-0.00027
-0.00027
-0.00027
-0.00027
-0.00024
-0.00018
-0.00012
-0.00018
-0.00021
-0.00018
-0.00015
-0.00024
-0.00027
-0.00024
-0.00024
-0.00018
-0.00031
-0.00018
-0.00015
-0.00024
-0.00018
-0.00024
-0.00012
-0.00018
-0.00021
-0.00015
-0.00021
-0.00021
-0.00018
-0.00012
-0.00006
-0.00009
-0.00009
-0.00012
-0.00015
-0.00012
-0.00024
-0.00021
-0.00021
-0.00021
-0.00012
-0.00012
-0.00009
-0.00012
-0.00006
-0.00009
-0.00018
-0.00012
-0.00015
-0.00018
-0.00015
-0.00018
-0.00012
-0.00012
-0.00009
-0.00003
-0.00006
0.00000
-0.00003
-0.00012
-0.00012
-0.00012
-0.00018
-0.00021
-0.00012
-0.00009
-0.00006
-0.00003
0.00000
0.00000
-0.00003
-0.00009
-0.00012
-0.00012
-0.00012
-0.00015
-0.00012
-0.00006
-0.00006
-0.00006
0.00000
0.00000
0.00000
-0.00006
0.00000
-0.00003
-0.00006
-0.00006
-0.00006
0.00000
0.00000
0.00000
0.00000
0.00000
0.00000
-0.00003
-0.00003
0.00000
-0.00003
-0.00006
-0.00003
-0.00003
0.00000
0.00000
0.00000
0.00003
0.00003
0.00003
0.00000
0.00000
0.00003
0.00003
0.00009
0.00003
0.00003
0.00003
0.00000
-0.00003
-0.00009
-0.00006
-0.00006
0.00000
0.00000
0.00000
0.00006
0.00006
0.00006
0.00003
0.00000
0.00000
0.00000
-0.00003
0.00000
0.00000
0.00009
-0.00027
0.00052
-0.00092
0.00146
-0.00220
0.00342
-0.00482
0.00458
-0.07043
-0.06903
0.02362
-0.02066
-0.01596
-0.03256
0.03314
0.06305
0.04352
0.04056
0.00684
0.02145
-0.00528
-0.01614
0.02417
-0.00220
-0.03033
-0.02261
-0.00537
0.01300
0.02145
0.00110
-0.01141
0.00800
0.01474
0.00778
0.00311
0.00040
-0.01407
-0.00464
0.00058
-0.00110
0.00168
0.00153
0.00110
0.00098
0.00439
0.00281
0.00238
0.00098
0.00211
0.00278
0.00211
-0.00092
-0.00137
-0.00192
0.00000
0.00043
-0.00168
-0.00235
0.00165
0.00089
0.00067
0.00262
0.00244
0.00162
0.00208
0.00238
0.00092
-0.00113
-0.00046
-0.00012
-0.00021
0.00006
-0.00180
-0.00095
-0.00110
-0.00046
0.00146
0.00089
0.00098
-0.00082
-0.00070
0.00110
0.00034
0.00000
-0.00012
0.00000
-0.00015
-0.00113
0.00058
-0.00122
-0.00211
-0.00208
-0.00150
0.00037
-0.00101
-0.00116
0.00024
0.00076
0.00070
-0.00089
-0.00012
0.00046
-0.00009
0.00034
-0.00119
-0.00128
-0.00156
-0.00165
-0.00134
-0.00150
-0.00070
-0.00073
-0.00070
0.00040
0.00049
0.00082
0.00064
0.00043
0.00000
0.00000
0.00000
0.00000
0.00000
0.00000
0.00000
0.00000
0.00000
0.00000
0.00000
0.00000
0.00000
0.00000
0.00000
0.00000
0.00000
0.00000
0.00000
0.00000
0.00000
0.00000
0.00000
0.00000
0.00000
0.00000
0.00000
0.00000
0.00000
0.00000
0.00000
0.00000
0.00000
0.00000
0.00000
0.00000
0.00000
0.00000
0.00000
0.00000
0.00000
0.00000
0.00000
0.00000
0.00000
0.00000
0.00000
0.00000
0.00000
0.00000
0.00000
0.00000
0.00000
0.00000
0.00000
0.00000
0.00000
0.00000
0.00000
0.00000
0.00000
0.00000
0.00000
0.00000
0.00000
0.00000
0.00000
0.00000
0.00000
0.00000
0.00000
0.00000
0.00000
0.00000
0.00000
0.00000
0.00000
0.00000
0.00000
0.00000
0.00000
0.00000
0.00000
0.00000
0.00000
0.00000
0.00000
0.00000
0.00000
0.00000
0.00000
0.00000
0.00000
0.00000
0.00000
0.00000
0.00000
0.00000
0.00000
0.00000
0.00000
0.00000
0.00000
0.00000
0.00000
0.00000
0.00000
0.00000
0.00000
0.00000
0.00000
0.00000
0.00000
0.00000
0.00000
0.00000
0.00000
0.00000
0.00000
0.00000
0.00000
0.00000
0.00000
0.00000
0.00000
0.00000
0.00000
0.00000
0.00000
0.00000
0.00000
0.00000
0.00000
0.00000
0.00000
0.00000
0.00000
0.00000
0.00000
0.00000
0.00000
0.00000
0.00000
0.00000
0.00000
0.00000
0.00000
0.00000
0.00000
0.00000
0.00000
0.00000
0.00000
0.00000
0.00000
0.00000
0.00000
0.00000
0.00000
0.00000
0.00000
0.00000
0.00000
0.00000
0.00000
0.00000
0.00000
0.00000
0.00000
0.00000
0.00000
0.00000
0.00000
0.00000
0.00000
0.00000
0.00000
0.00000
0.00000
0.00000
0.00000
0.00000
0.00000
0.00000
0.00000
0.00000
0.00000
0.00000
0.00000
0.00000
0.00000
0.00000
0.00000
0.00000
0.00000
0.00000
0.00000
0.00000
0.00000
0.00000
0.00000
0.00000
0.00000
0.00000
0.00000
0.00000
0.00000
0.00000
0.00000
0.00000
0.00000
0.00000
0.00000
0.00000
0.00000
0.00000
0.00000
