-0.00018
-0.00018
-0.00018
-0.00024
-0.00027
-0.00024
-0.00024
-0.00024
-0.00021
-0.00018
-0.00021
-0.00021
-0.00015
-0.00012
-0.00015
-0.00015
-0.00021
-0.00024
-0.00027
-0.00027
-0.00027
-0.00031
-0.00027
-0.00027
-0.00027
-0.00021
-0.00015
-0.00018
-0.00024
-0.00018
-0.00018
-0.00021
-0.00024
-0.00018
-0.00015
-0.00021
-0.00018
-0.00018
-0.00015
-0.00018
-0.00021
-0.00018
-0.00018
-0.00018
-0.00021
-0.00018
-0.00018
-0.00018
-0.00018
-0.00018
-0.00015
-0.00012
-0.00015
-0.00018
-0.00015
-0.00015
-0.00015
-0.00015
-0.00018
-0.00021
-0.00021
-0.00021
-0.00021
-0.00018
-0.00018
-0.00015
-0.00015
-0.00012
-0.00009
-0.00009
-0.00012
-0.00012
-0.00009
-0.00012
-0.00015
-0.00015
-0.00018
-0.00021
-0.00018
-0.00021
-0.00015
-0.00009
-0.00006
-0.00006
-0.00006
-0.00009
-0.00009
-0.00012
-0.00015
-0.00015
-0.00015
-0.00015
-0.00015
-0.00015
-0.00012
-0.00015
-0.00015
-0.00012
-0.00009
-0.00012
-0.00009
-0.00012
-0.00012
-0.00012
-0.00015
-0.00015
-0.00015
-0.00012
-0.00006
-0.00009
-0.00006
-0.00003
-0.00006
-0.00012
-0.00012
-0.00012
-0.00015
-0.00018
-0.00015
-0.00009
-0.00009
-0.00006
-0.00003
-0.00003
-0.00006
-0.00012
-0.00012
-0.00009
-0.00012
-0.00012
-0.00009
-0.00006
-0.00006
-0.00009
-0.00003
-0.00006
-0.00012
-0.00012
-0.00009
-0.00003
0.00000
0.00000
0.00000
0.00000
-0.00006
-0.00009
-0.00006
-0.00006
-0.00009
-0.00009
-0.00003
-0.00006
-0.00009
-0.00009
-0.00006
-0.00009
-0.00009
-0.00006
-0.00003
-0.00003
0.00000
0.00000
0.00000
-0.00009
-0.00012
-0.00012
-0.00015
-0.00015
-0.00012
-0.00009
-0.00009
-0.00006
-0.00006
-0.00006
-0.00003
-0.00009
-0.00009
-0.00003
0.00000
0.00000
0.00000
0.00000
-0.00006
-0.00012
-0.00006
-0.00015
0.00003
-0.00031
0.00031
-0.00064
0.00079
-0.00153
0.00021
-0.03528
-0.05524
-0.01901
-0.00620
-0.00003
0.00415
0.01321
0.02884
0.03125
0.03836
0.03098
0.00488
-0.01031
-0.02695
-0.01285
-0.00360
-0.00977
-0.00528
0.00089
0.00500
0.00836
0.01517
0.00809
0.00180
0.00153
-0.00128
-0.00183
-0.00021
-0.00397
-0.00589
0.00061
0.00159
-0.00137
0.00192
0.00256
0.00021
0.00153
0.00388
0.00171
0.00113
0.00168
0.00049
0.00061
0.00024
-0.00058
-0.00119
-0.00024
0.00018
-0.00027
-0.00015
0.00107
0.00131
0.00128
0.00235
0.00226
0.00089
0.00110
0.00214
0.00171
0.00000
-0.00076
-0.00104
-0.00131
-0.00037
0.00006
0.00012
0.00006
-0.00018
0.00000
0.00040
0.00073
0.00027
0.00000
-0.00003
-0.00061
-0.00073
-0.00021
-0.00009
-0.00046
-0.00076
0.00012
0.00009
-0.00049
-0.00058
-0.00085
-0.00076
-0.00113
-0.00134
-0.00055
0.00000
0.00031
-0.00003
0.00024
0.00052
0.00003
-0.00037
-0.00128
-0.00186
-0.00159
-0.00131
-0.00131
-0.00134
-0.00095
-0.00046
-0.00037
0.00003
-0.00015
0.00000
0.00000
0.00000
0.00000
0.00000
0.00000
0.00000
0.00000
0.00000
0.00000
0.00000
0.00000
0.00000
0.00000
0.00000
0.00000
0.00000
0.00000
0.00000
0.00000
0.00000
0.00000
0.00000
0.00000
0.00000
0.00000
0.00000
0.00000
0.00000
0.00000
0.00000
0.00000
0.00000
0.00000
0.00000
0.00000
0.00000
0.00000
0.00000
0.00000
0.00000
0.00000
0.00000
0.00000
0.00000
0.00000
0.00000
0.00000
0.00000
0.00000
0.00000
0.00000
0.00000
0.00000
0.00000
0.00000
0.00000
0.00000
0.00000
0.00000
0.00000
0.00000
0.00000
0.00000
0.00000
0.00000
0.00000
0.00000
0.00000
0.00000
0.00000
0.00000
0.00000
0.00000
0.00000
0.00000
0.00000
0.00000
0.00000
0.00000
0.00000
0.00000
0.00000
0.00000
0.00000
0.00000
0.00000
0.00000
0.00000
0.00000
0.00000
0.00000
0.00000
0.00000
0.00000
0.00000
0.00000
0.00000
0.00000
0.00000
0.00000
0.00000
0.00000
0.00000
0.00000
0.00000
0.00000
0.00000
0.00000
0.00000
0.00000
0.00000
0.00000
0.00000
0.00000
0.00000
0.00000
0.00000
0.00000
0.00000
0.00000
0.00000
0.00000
0.00000
0.00000
0.00000
0.00000
0.00000
0.00000
0.00000
0.00000
0.00000
0.00000
0.00000
0.00000
0.00000
0.00000
0.00000
0.00000
0.00000
0.00000
0.00000
0.00000
0.00000
0.00000
0.00000
0.00000
0.00000
0.00000
0.00000
0.00000
0.00000
0.00000
0.00000
0.00000
0.00000
0.00000
0.00000
0.00000
0.00000
0.00000
0.00000
0.00000
0.00000
0.00000
0.00000
0.00000
0.00000
0.00000
0.00000
0.00000
0.00000
0.00000
0.00000
0.00000
0.00000
0.00000
0.00000
0.00000
0.00000
0.00000
0.00000
0.00000
0.00000
0.00000
0.00000
0.00000
0.00000
0.00000
0.00000
0.00000
0.00000
0.00000
0.00000
0.00000
0.00000
0.00000
0.00000
0.00000
0.00000
0.00000
0.00000
0.00000
0.00000
0.00000
0.00000
0.00000
0.00000
0.00000
0.00000
0.00000
0.00000
