0.00012
0.00012
0.00012
0.00018
0.00018
0.00018
0.00015
0.00015
0.00012
0.00012
0.00012
0.00015
0.00006
0.00006
0.00012
0.00000
0.00000
0.00006
0.00003
0.00003
0.00012
0.00012
0.00015
0.00018
0.00018
0.00015
0.00009
0.00012
0.00006
0.00009
0.00015
0.00018
0.00015
0.00015
0.00015
0.00003
0.00009
0.00012
0.00006
0.00009
0.00021
0.00015
0.00009
0.00018
0.00012
0.00006
0.00009
0.00009
0.00009
0.00009
0.00009
0.00009
0.00009
0.00009
0.00018
-0.00006
0.00018
0.00018
0.00003
0.00009
0.00000
0.00012
0.00009
0.00012
0.00009
0.00009
0.00009
0.00012
0.00015
0.00012
0.00015
0.00003
0.00003
0.00012
0.00015
0.00006
0.00015
0.00015
0.00003
0.00012
0.00012
0.00009
0.00003
0.00006
0.00003
0.00000
0.00012
0.00012
0.00006
0.00009
0.00006
0.00003
0.00003
0.00000
0.00003
0.00003
0.00012
0.00012
0.00009
0.00015
0.00015
0.00006
0.00009
0.00018
0.00006
0.00003
0.00006
0.00006
0.00006
0.00009
0.00006
0.00006
0.00009
0.00006
0.00003
0.00006
0.00003
0.00000
0.00006
0.00006
0.00000
0.00000
0.00000
0.00003
0.00000
0.00006
0.00012
0.00006
0.00012
0.00009
0.00009
0.00009
0.00000
-0.00009
-0.00006
-0.00006
-0.00006
0.00000
0.00003
0.00015
0.00009
0.00012
0.00003
-0.00003
-0.00006
-0.00012
-0.00012
-0.00009
0.00006
0.00006
0.00006
0.00012
0.00009
0.00006
-0.00003
0.00000
0.00000
-0.00006
-0.00009
-0.00006
0.00000
-0.00003
-0.00006
0.00000
0.00000
0.00000
-0.00003
-0.00009
-0.00003
-0.00009
-0.00006
-0.00003
0.00000
0.00000
-0.00034
0.00067
-0.00150
0.00232
-0.00412
0.00616
-0.00964
0.00864
-0.13275
-0.06921
0.05771
-0.03549
0.00507
-0.00974
0.05408
0.06668
0.08176
0.01437
-0.00153
-0.00632
-0.05209
-0.01282
0.03171
0.01248
-0.02200
-0.00909
-0.00125
0.01251
0.03595
-0.00342
-0.02335
0.00546
0.00110
0.00079
0.01105
0.00461
-0.01093
0.00067
0.00211
0.00003
0.00397
0.00180
-0.00507
-0.00787
0.00360
0.00513
0.00217
-0.00009
0.00546
0.00378
0.00333
0.00067
-0.00339
-0.00577
0.00058
-0.00064
-0.00302
-0.00027
0.00293
-0.00125
0.00018
0.00525
0.00180
-0.00006
0.00180
0.00165
0.00082
-0.00067
-0.00116
-0.00226
-0.00058
0.00040
-0.00266
-0.00140
-0.00098
-0.00186
-0.00073
-0.00119
0.00070
-0.00079
0.00024
0.00128
0.00000
0.00085
0.00076
-0.00153
-0.00223
-0.00171
-0.00052
-0.00262
-0.00284
-0.00266
-0.00098
-0.00043
-0.00159
-0.00034
0.00107
0.00052
-0.00079
-0.00122
0.00037
-0.00067
-0.00134
-0.00104
-0.00201
-0.00177
-0.00186
-0.00195
-0.00232
-0.00217
-0.00131
-0.00073
-0.00003
0.00043
0.00015
0.00095
0.00018
-0.00018
0.00000
0.00000
0.00000
0.00000
0.00000
0.00000
0.00000
0.00000
0.00000
0.00000
0.00000
0.00000
0.00000
0.00000
0.00000
0.00000
0.00000
0.00000
0.00000
0.00000
0.00000
0.00000
0.00000
0.00000
0.00000
0.00000
0.00000
0.00000
0.00000
0.00000
0.00000
0.00000
0.00000
0.00000
0.00000
0.00000
0.00000
0.00000
0.00000
0.00000
0.00000
0.00000
0.00000
0.00000
0.00000
0.00000
0.00000
0.00000
0.00000
0.00000
0.00000
0.00000
0.00000
0.00000
0.00000
0.00000
0.00000
0.00000
0.00000
0.00000
0.00000
0.00000
0.00000
0.00000
0.00000
0.00000
0.00000
0.00000
0.00000
0.00000
0.00000
0.00000
0.00000
0.00000
0.00000
0.00000
0.00000
0.00000
0.00000
0.00000
0.00000
0.00000
0.00000
0.00000
0.00000
0.00000
0.00000
0.00000
0.00000
0.00000
0.00000
0.00000
0.00000
0.00000
0.00000
0.00000
0.00000
0.00000
0.00000
0.00000
0.00000
0.00000
0.00000
0.00000
0.00000
0.00000
0.00000
0.00000
0.00000
0.00000
0.00000
0.00000
0.00000
0.00000
0.00000
0.00000
0.00000
0.00000
0.00000
0.00000
0.00000
0.00000
0.00000
0.00000
0.00000
0.00000
0.00000
0.00000
0.00000
0.00000
0.00000
0.00000
0.00000
0.00000
0.00000
0.00000
0.00000
0.00000
0.00000
0.00000
0.00000
0.00000
0.00000
0.00000
0.00000
0.00000
0.00000
0.00000
0.00000
0.00000
0.00000
0.00000
0.00000
0.00000
0.00000
0.00000
0.00000
0.00000
0.00000
0.00000
0.00000
0.00000
0.00000
0.00000
0.00000
0.00000
0.00000
0.00000
0.00000
0.00000
0.00000
0.00000
0.00000
0.00000
0.00000
0.00000
0.00000
0.00000
0.00000
0.00000
0.00000
0.00000
0.00000
0.00000
0.00000
0.00000
0.00000
0.00000
0.00000
0.00000
0.00000
0.00000
0.00000
0.00000
0.00000
0.00000
0.00000
0.00000
0.00000
0.00000
0.00000
0.00000
0.00000
0.00000
0.00000
0.00000
0.00000
0.00000
0.00000
0.00000
0.00000
0.00000
0.00000
0.00000
0.00000
0.00000
0.00000
0.00000
0.00000
0.00000
