-0.00006
-0.00006
0.00000
-0.00003
-0.00009
-0.00009
-0.00009
-0.00012
-0.00012
-0.00012
-0.00009
-0.00009
-0.00009
-0.00009
-0.00015
-0.00018
-0.00018
-0.00018
-0.00018
-0.00012
-0.00009
-0.00006
-0.00006
-0.00003
-0.00006
-0.00015
-0.00015
-0.00018
-0.00021
-0.00015
-0.00015
-0.00018
-0.00018
-0.00015
-0.00015
-0.00027
-0.00018
-0.00012
-0.00015
-0.00018
-0.00015
-0.00021
-0.00018
-0.00018
-0.00024
-0.00021
-0.00018
-0.00015
-0.00015
-0.00021
-0.00024
-0.00024
-0.00024
-0.00027
-0.00027
-0.00021
-0.00021
-0.00021
-0.00018
-0.00018
-0.00021
-0.00024
-0.00024
-0.00027
-0.00031
-0.00031
-0.00027
-0.00024
-0.00024
-0.00021
-0.00024
-0.00021
-0.00021
-0.00021
-0.00018
-0.00024
-0.00027
-0.00031
-0.00031
-0.00027
-0.00031
-0.00034
-0.00031
-0.00034
-0.00034
-0.00031
-0.00027
-0.00027
-0.00031
-0.00027
-0.00024
-0.00024
-0.00027
-0.00027
-0.00027
-0.00034
-0.00034
-0.00037
-0.00040
-0.00037
-0.00037
-0.00034
-0.00034
-0.00027
-0.00027
-0.00034
-0.00031
-0.00034
-0.00040
-0.00046
-0.00043
-0.00034
-0.00031
-0.00031
-0.00027
-0.00031
-0.00031
-0.00031
-0.00034
-0.00037
-0.00037
-0.00040
-0.00043
-0.00040
-0.00037
-0.00037
-0.00040
-0.00037
-0.00037
-0.00037
-0.00037
-0.00040
-0.00040
-0.00043
-0.00046
-0.00049
-0.00049
-0.00043
-0.00043
-0.00046
-0.00043
-0.00043
-0.00040
-0.00034
-0.00034
-0.00037
-0.00040
-0.00046
-0.00046
-0.00046
-0.00040
-0.00040
-0.00040
-0.00037
-0.00034
-0.00040
-0.00043
-0.00046
-0.00046
-0.00049
-0.00052
-0.00046
-0.00046
-0.00049
-0.00046
-0.00043
-0.00043
-0.00043
-0.00043
-0.00046
-0.00043
-0.00043
-0.00043
-0.00040
-0.00043
-0.00043
-0.00046
-0.00049
-0.00043
-0.00040
-0.00043
-0.00049
-0.00052
-0.00049
-0.00049
-0.00043
-0.00046
-0.00043
-0.00052
-0.00043
-0.00055
-0.00049
-0.00040
-0.00092
-0.00006
-0.00131
-0.00452
-0.04224
-0.02576
-0.00415
-0.00891
0.00507
-0.00357
0.00803
0.01761
0.01825
0.02405
0.01495
-0.00302
-0.01071
-0.01074
0.00275
-0.00049
-0.00211
-0.00089
-0.00009
0.00336
0.00372
0.00241
0.00128
-0.00116
-0.00052
-0.00089
-0.00006
0.00107
-0.00079
-0.00012
0.00211
0.00128
-0.00214
-0.00031
0.00043
-0.00101
0.00021
0.00140
-0.00043
0.00092
0.00211
0.00211
0.00317
0.00250
-0.00006
-0.00134
-0.00037
-0.00119
-0.00238
-0.00156
0.00058
0.00146
0.00208
0.00150
0.00046
0.00021
0.00089
0.00101
0.00092
0.00012
-0.00021
-0.00143
-0.00122
-0.00012
-0.00027
-0.00046
-0.00067
-0.00049
0.00018
0.00043
0.00021
-0.00067
-0.00034
-0.00046
-0.00153
-0.00089
-0.00024
0.00006
-0.00003
-0.00070
-0.00027
-0.00098
-0.00122
-0.00104
-0.00067
-0.00055
-0.00150
-0.00153
-0.00076
-0.00037
-0.00049
-0.00116
-0.00055
0.00000
-0.00021
-0.00092
-0.00159
-0.00134
-0.00125
-0.00143
-0.00119
-0.00110
-0.00092
-0.00119
-0.00134
0.00000
0.00000
0.00000
0.00000
0.00000
0.00000
0.00000
0.00000
0.00000
0.00000
0.00000
0.00000
0.00000
0.00000
0.00000
0.00000
0.00000
0.00000
0.00000
0.00000
0.00000
0.00000
0.00000
0.00000
0.00000
0.00000
0.00000
0.00000
0.00000
0.00000
0.00000
0.00000
0.00000
0.00000
0.00000
0.00000
0.00000
0.00000
0.00000
0.00000
0.00000
0.00000
0.00000
0.00000
0.00000
0.00000
0.00000
0.00000
0.00000
0.00000
0.00000
0.00000
0.00000
0.00000
0.00000
0.00000
0.00000
0.00000
0.00000
0.00000
0.00000
0.00000
0.00000
0.00000
0.00000
0.00000
0.00000
0.00000
0.00000
0.00000
0.00000
0.00000
0.00000
0.00000
0.00000
0.00000
0.00000
0.00000
0.00000
0.00000
0.00000
0.00000
0.00000
0.00000
0.00000
0.00000
0.00000
0.00000
0.00000
0.00000
0.00000
0.00000
0.00000
0.00000
0.00000
0.00000
0.00000
0.00000
0.00000
0.00000
0.00000
0.00000
0.00000
0.00000
0.00000
0.00000
0.00000
0.00000
0.00000
0.00000
0.00000
0.00000
0.00000
0.00000
0.00000
0.00000
0.00000
0.00000
0.00000
0.00000
0.00000
0.00000
0.00000
0.00000
0.00000
0.00000
0.00000
0.00000
0.00000
0.00000
0.00000
0.00000
0.00000
0.00000
0.00000
0.00000
0.00000
0.00000
0.00000
0.00000
0.00000
0.00000
0.00000
0.00000
0.00000
0.00000
0.00000
0.00000
0.00000
0.00000
0.00000
0.00000
0.00000
0.00000
0.00000
0.00000
0.00000
0.00000
0.00000
0.00000
0.00000
0.00000
0.00000
0.00000
0.00000
0.00000
0.00000
0.00000
0.00000
0.00000
0.00000
0.00000
0.00000
0.00000
0.00000
0.00000
0.00000
0.00000
0.00000
0.00000
0.00000
0.00000
0.00000
0.00000
0.00000
0.00000
0.00000
0.00000
0.00000
0.00000
0.00000
0.00000
0.00000
0.00000
0.00000
0.00000
0.00000
0.00000
0.00000
0.00000
0.00000
0.00000
0.00000
0.00000
0.00000
0.00000
0.00000
0.00000
0.00000
0.00000
