-0.00021
-0.00015
-0.00018
-0.00018
-0.00012
-0.00009
-0.00018
-0.00021
-0.00015
-0.00012
-0.00012
-0.00015
-0.00018
-0.00021
-0.00012
-0.00018
-0.00018
-0.00015
-0.00015
-0.00021
-0.00018
-0.00015
-0.00018
-0.00018
-0.00015
-0.00015
-0.00018
-0.00018
-0.00015
-0.00015
-0.00015
-0.00018
-0.00024
-0.00018
-0.00018
-0.00024
-0.00021
-0.00018
-0.00015
-0.00018
-0.00018
-0.00021
-0.00018
-0.00021
-0.00024
-0.00031
-0.00027
-0.00024
-0.00021
-0.00021
-0.00018
-0.00018
-0.00021
-0.00021
-0.00009
-0.00031
-0.00034
-0.00015
-0.00034
-0.00027
-0.00031
-0.00024
-0.00024
-0.00021
-0.00024
-0.00031
-0.00024
-0.00024
-0.00024
-0.00021
-0.00018
-0.00024
-0.00031
-0.00021
-0.00021
-0.00034
-0.00037
-0.00031
-0.00037
-0.00034
-0.00027
-0.00021
-0.00024
-0.00024
-0.00021
-0.00031
-0.00027
-0.00031
-0.00040
-0.00037
-0.00037
-0.00037
-0.00027
-0.00024
-0.00024
-0.00031
-0.00024
-0.00024
-0.00037
-0.00037
-0.00031
-0.00034
-0.00040
-0.00027
-0.00031
-0.00037
-0.00034
-0.00037
-0.00037
-0.00040
-0.00034
-0.00037
-0.00031
-0.00027
-0.00031
-0.00027
-0.00024
-0.00031
-0.00037
-0.00034
-0.00037
-0.00043
-0.00040
-0.00031
-0.00034
-0.00043
-0.00034
-0.00031
-0.00031
-0.00031
-0.00037
-0.00037
-0.00034
-0.00031
-0.00037
-0.00034
-0.00034
-0.00031
-0.00040
-0.00037
-0.00034
-0.00046
-0.00040
-0.00040
-0.00037
-0.00040
-0.00037
-0.00034
-0.00034
-0.00031
-0.00037
-0.00034
-0.00037
-0.00031
-0.00037
-0.00037
-0.00031
-0.00040
-0.00037
-0.00040
-0.00037
-0.00031
-0.00040
-0.00037
-0.00034
-0.00031
-0.00031
-0.00040
-0.00043
-0.00034
-0.00046
-0.00024
-0.00061
0.00003
-0.00113
0.00076
-0.00201
0.00183
-0.00333
0.00339
-0.00522
0.00626
-0.05103
-0.13419
0.03537
-0.00446
-0.01422
-0.00961
0.00729
0.06201
0.06412
0.06317
-0.00610
0.00696
-0.02646
-0.02930
0.02039
0.02554
-0.01517
-0.02393
-0.00406
-0.00354
0.02673
0.02228
-0.02200
-0.00742
0.00983
0.00424
0.00510
0.01056
-0.00763
-0.00851
0.00391
-0.00256
-0.00134
0.00110
-0.00046
-0.00668
0.00299
0.00687
0.00192
0.00012
0.00345
0.00385
0.00156
0.00119
-0.00317
-0.00595
-0.00058
0.00180
-0.00201
-0.00241
0.00070
0.00003
-0.00122
0.00369
0.00229
-0.00031
0.00183
0.00241
0.00137
-0.00061
-0.00134
-0.00171
-0.00146
0.00009
-0.00201
-0.00229
-0.00076
-0.00253
-0.00125
-0.00055
0.00052
0.00027
-0.00082
0.00137
0.00003
-0.00046
0.00043
-0.00085
-0.00165
-0.00220
-0.00089
-0.00156
-0.00293
-0.00244
-0.00244
-0.00003
-0.00098
-0.00156
-0.00009
0.00037
0.00012
-0.00110
-0.00076
-0.00009
-0.00119
-0.00034
-0.00153
-0.00211
-0.00186
-0.00180
-0.00241
-0.00269
-0.00177
-0.00098
-0.00070
0.00031
0.00009
0.00049
0.00058
-0.00037
0.00000
0.00000
0.00000
0.00000
0.00000
0.00000
0.00000
0.00000
0.00000
0.00000
0.00000
0.00000
0.00000
0.00000
0.00000
0.00000
0.00000
0.00000
0.00000
0.00000
0.00000
0.00000
0.00000
0.00000
0.00000
0.00000
0.00000
0.00000
0.00000
0.00000
0.00000
0.00000
0.00000
0.00000
0.00000
0.00000
0.00000
0.00000
0.00000
0.00000
0.00000
0.00000
0.00000
0.00000
0.00000
0.00000
0.00000
0.00000
0.00000
0.00000
0.00000
0.00000
0.00000
0.00000
0.00000
0.00000
0.00000
0.00000
0.00000
0.00000
0.00000
0.00000
0.00000
0.00000
0.00000
0.00000
0.00000
0.00000
0.00000
0.00000
0.00000
0.00000
0.00000
0.00000
0.00000
0.00000
0.00000
0.00000
0.00000
0.00000
0.00000
0.00000
0.00000
0.00000
0.00000
0.00000
0.00000
0.00000
0.00000
0.00000
0.00000
0.00000
0.00000
0.00000
0.00000
0.00000
0.00000
0.00000
0.00000
0.00000
0.00000
0.00000
0.00000
0.00000
0.00000
0.00000
0.00000
0.00000
0.00000
0.00000
0.00000
0.00000
0.00000
0.00000
0.00000
0.00000
0.00000
0.00000
0.00000
0.00000
0.00000
0.00000
0.00000
0.00000
0.00000
0.00000
0.00000
0.00000
0.00000
0.00000
0.00000
0.00000
0.00000
0.00000
0.00000
0.00000
0.00000
0.00000
0.00000
0.00000
0.00000
0.00000
0.00000
0.00000
0.00000
0.00000
0.00000
0.00000
0.00000
0.00000
0.00000
0.00000
0.00000
0.00000
0.00000
0.00000
0.00000
0.00000
0.00000
0.00000
0.00000
0.00000
0.00000
0.00000
0.00000
0.00000
0.00000
0.00000
0.00000
0.00000
0.00000
0.00000
0.00000
0.00000
0.00000
0.00000
0.00000
0.00000
0.00000
0.00000
0.00000
0.00000
0.00000
0.00000
0.00000
0.00000
0.00000
0.00000
0.00000
0.00000
0.00000
0.00000
0.00000
0.00000
0.00000
0.00000
0.00000
0.00000
0.00000
0.00000
0.00000
0.00000
0.00000
0.00000
0.00000
0.00000
0.00000
0.00000
0.00000
0.00000
0.00000
0.00000
0.00000
0.00000
0.00000
0.00000
0.00000
0.00000
0.00000
0.00000
