0.00000
0.00000
-0.00003
-0.00009
-0.00003
-0.00006
-0.00009
-0.00006
0.00000
-0.00003
-0.00006
0.00000
0.00000
0.00006
0.00003
0.00006
-0.00003
-0.00003
0.00000
0.00000
-0.00003
0.00000
0.00000
-0.00003
0.00000
0.00000
0.00000
0.00000
0.00000
-0.00003
-0.00003
0.00003
0.00003
0.00003
0.00006
0.00000
0.00006
0.00003
0.00003
0.00000
0.00000
-0.00009
-0.00003
0.00003
0.00003
0.00003
0.00006
0.00009
0.00006
0.00003
0.00003
0.00009
0.00006
0.00006
0.00003
0.00003
0.00000
0.00003
0.00012
-0.00009
0.00012
0.00003
0.00000
0.00003
0.00006
0.00009
0.00009
0.00009
0.00003
0.00009
0.00000
0.00003
0.00000
0.00000
0.00009
0.00012
0.00009
0.00015
0.00012
0.00000
0.00003
0.00003
0.00000
0.00003
0.00003
0.00012
0.00006
0.00009
0.00009
0.00009
0.00012
0.00012
0.00012
0.00009
0.00003
0.00006
0.00006
0.00006
0.00000
0.00009
0.00015
0.00018
0.00009
0.00012
0.00018
0.00000
-0.00003
0.00006
0.00009
0.00000
0.00009
0.00018
0.00018
0.00018
0.00012
0.00012
0.00003
0.00000
0.00003
0.00009
0.00012
0.00009
0.00012
0.00012
0.00015
0.00006
0.00009
0.00012
0.00006
0.00015
0.00021
0.00027
0.00021
0.00018
0.00009
0.00000
0.00003
0.00003
0.00003
0.00003
0.00015
0.00012
0.00009
0.00018
0.00012
0.00018
0.00012
0.00012
0.00015
0.00009
0.00012
0.00012
0.00018
0.00012
0.00012
0.00009
0.00009
0.00009
0.00006
0.00006
0.00006
0.00006
0.00015
0.00015
0.00024
0.00015
0.00009
0.00009
0.00012
0.00009
0.00006
0.00009
0.00015
0.00012
0.00015
0.00006
0.00021
0.00000
0.00000
0.00055
-0.00082
0.00198
-0.00305
0.00562
-0.00830
0.00259
-0.15366
-0.08484
0.02402
-0.01358
0.01862
0.05075
0.14175
0.11670
0.06616
-0.05197
-0.03833
-0.05112
-0.06445
-0.02798
0.01566
0.00467
0.00317
0.02640
0.02844
0.03439
0.00851
-0.03519
-0.03134
0.00598
0.01227
0.00244
0.00778
0.00476
0.00131
-0.00064
-0.00912
-0.00104
0.00171
-0.00137
0.00397
0.00330
0.00171
0.00412
0.00278
-0.00052
0.00717
0.00342
-0.00323
-0.00378
-0.00085
-0.00339
0.00058
-0.00076
-0.00189
0.00021
0.00546
0.00070
0.00089
0.00455
0.00302
0.00009
0.00119
0.00220
0.00055
-0.00296
-0.00314
-0.00180
-0.00009
-0.00070
-0.00153
0.00079
0.00153
0.00089
0.00034
-0.00052
0.00000
-0.00183
-0.00116
0.00131
0.00238
0.00137
0.00024
-0.00092
-0.00134
-0.00174
-0.00092
-0.00259
-0.00192
-0.00232
-0.00150
-0.00049
0.00006
0.00104
0.00165
0.00098
0.00058
-0.00055
-0.00012
-0.00119
-0.00177
-0.00150
-0.00174
-0.00165
-0.00201
-0.00195
-0.00153
-0.00125
-0.00034
0.00034
0.00046
0.00070
0.00079
0.00177
0.00153
-0.00031
0.00000
0.00000
0.00000
0.00000
0.00000
0.00000
0.00000
0.00000
0.00000
0.00000
0.00000
0.00000
0.00000
0.00000
0.00000
0.00000
0.00000
0.00000
0.00000
0.00000
0.00000
0.00000
0.00000
0.00000
0.00000
0.00000
0.00000
0.00000
0.00000
0.00000
0.00000
0.00000
0.00000
0.00000
0.00000
0.00000
0.00000
0.00000
0.00000
0.00000
0.00000
0.00000
0.00000
0.00000
0.00000
0.00000
0.00000
0.00000
0.00000
0.00000
0.00000
0.00000
0.00000
0.00000
0.00000
0.00000
0.00000
0.00000
0.00000
0.00000
0.00000
0.00000
0.00000
0.00000
0.00000
0.00000
0.00000
0.00000
0.00000
0.00000
0.00000
0.00000
0.00000
0.00000
0.00000
0.00000
0.00000
0.00000
0.00000
0.00000
0.00000
0.00000
0.00000
0.00000
0.00000
0.00000
0.00000
0.00000
0.00000
0.00000
0.00000
0.00000
0.00000
0.00000
0.00000
0.00000
0.00000
0.00000
0.00000
0.00000
0.00000
0.00000
0.00000
0.00000
0.00000
0.00000
0.00000
0.00000
0.00000
0.00000
0.00000
0.00000
0.00000
0.00000
0.00000
0.00000
0.00000
0.00000
0.00000
0.00000
0.00000
0.00000
0.00000
0.00000
0.00000
0.00000
0.00000
0.00000
0.00000
0.00000
0.00000
0.00000
0.00000
0.00000
0.00000
0.00000
0.00000
0.00000
0.00000
0.00000
0.00000
0.00000
0.00000
0.00000
0.00000
0.00000
0.00000
0.00000
0.00000
0.00000
0.00000
0.00000
0.00000
0.00000
0.00000
0.00000
0.00000
0.00000
0.00000
0.00000
0.00000
0.00000
0.00000
0.00000
0.00000
0.00000
0.00000
0.00000
0.00000
0.00000
0.00000
0.00000
0.00000
0.00000
0.00000
0.00000
0.00000
0.00000
0.00000
0.00000
0.00000
0.00000
0.00000
0.00000
0.00000
0.00000
0.00000
0.00000
0.00000
0.00000
0.00000
0.00000
0.00000
0.00000
0.00000
0.00000
0.00000
0.00000
0.00000
0.00000
0.00000
0.00000
0.00000
0.00000
0.00000
0.00000
0.00000
0.00000
0.00000
0.00000
0.00000
0.00000
0.00000
0.00000
0.00000
0.00000
