-0.00021
-0.00021
-0.00015
-0.00018
-0.00021
-0.00024
-0.00027
-0.00027
-0.00024
-0.00024
-0.00024
-0.00018
-0.00015
-0.00018
-0.00027
-0.00021
-0.00018
-0.00024
-0.00024
-0.00015
-0.00012
-0.00015
-0.00015
-0.00012
-0.00015
-0.00024
-0.00021
-0.00018
-0.00024
-0.00021
-0.00021
-0.00018
-0.00015
-0.00015
-0.00012
-0.00021
-0.00012
-0.00009
-0.00009
-0.00009
-0.00009
-0.00015
-0.00012
-0.00012
-0.00018
-0.00015
-0.00012
-0.00009
-0.00012
-0.00009
-0.00009
-0.00009
-0.00012
-0.00012
-0.00012
-0.00006
-0.00009
-0.00012
0.00003
-0.00012
-0.00006
-0.00012
-0.00015
-0.00015
-0.00018
-0.00009
-0.00012
-0.00012
-0.00006
-0.00003
0.00000
0.00000
0.00000
-0.00003
-0.00003
0.00000
0.00000
-0.00006
-0.00012
-0.00018
-0.00015
-0.00012
-0.00012
-0.00006
-0.00003
0.00000
-0.00006
-0.00003
0.00000
-0.00003
0.00000
0.00000
-0.00003
0.00000
0.00000
-0.00003
-0.00009
-0.00003
0.00000
-0.00003
-0.00003
-0.00003
-0.00003
-0.00009
0.00000
0.00000
-0.00003
-0.00003
-0.00006
0.00000
0.00000
0.00003
0.00003
0.00006
0.00009
0.00009
0.00009
0.00009
0.00006
0.00000
0.00000
0.00000
0.00000
0.00000
0.00000
0.00006
0.00003
0.00006
0.00006
0.00003
0.00003
0.00000
-0.00003
0.00000
0.00000
0.00000
0.00000
0.00006
0.00009
0.00003
0.00006
0.00009
0.00000
0.00006
0.00006
0.00009
0.00009
0.00006
0.00009
0.00012
0.00012
0.00006
0.00009
0.00006
0.00000
0.00000
0.00003
0.00009
0.00006
0.00006
0.00012
0.00015
0.00018
0.00006
0.00006
0.00006
0.00006
0.00006
0.00006
0.00009
0.00012
0.00009
0.00024
0.00003
0.00043
-0.00034
0.00070
-0.00067
0.00098
-0.00092
0.00110
-0.00079
0.00101
-0.02295
-0.11581
0.00031
0.00980
-0.02087
-0.01248
-0.01859
0.05988
0.05984
0.05737
0.01346
0.00433
0.00278
-0.02271
0.01086
0.02713
-0.01547
-0.02917
-0.01346
-0.00192
0.01978
0.02283
-0.01331
-0.00668
0.01208
0.00818
0.00717
0.01257
-0.00623
-0.01553
-0.00015
-0.00211
-0.00247
0.00281
0.00247
-0.00110
0.00458
0.00500
0.00159
0.00317
0.00314
0.00055
0.00211
0.00198
-0.00143
-0.00284
-0.00165
0.00116
0.00067
-0.00177
-0.00137
0.00104
0.00067
0.00281
0.00302
0.00125
0.00186
0.00275
0.00223
0.00012
-0.00140
-0.00046
-0.00079
0.00018
-0.00137
-0.00171
-0.00024
-0.00177
-0.00009
0.00116
0.00140
0.00104
-0.00095
0.00073
0.00098
-0.00015
0.00018
-0.00040
-0.00043
-0.00153
-0.00082
0.00000
-0.00159
-0.00171
-0.00232
-0.00034
-0.00012
-0.00134
-0.00043
0.00049
0.00089
0.00012
-0.00067
0.00034
-0.00021
0.00052
-0.00031
-0.00165
-0.00153
-0.00174
-0.00174
-0.00180
-0.00162
-0.00082
-0.00052
0.00031
0.00046
0.00052
0.00095
0.00031
0.00052
-0.00040
0.00000
0.00000
0.00000
0.00000
0.00000
0.00000
0.00000
0.00000
0.00000
0.00000
0.00000
0.00000
0.00000
0.00000
0.00000
0.00000
0.00000
0.00000
0.00000
0.00000
0.00000
0.00000
0.00000
0.00000
0.00000
0.00000
0.00000
0.00000
0.00000
0.00000
0.00000
0.00000
0.00000
0.00000
0.00000
0.00000
0.00000
0.00000
0.00000
0.00000
0.00000
0.00000
0.00000
0.00000
0.00000
0.00000
0.00000
0.00000
0.00000
0.00000
0.00000
0.00000
0.00000
0.00000
0.00000
0.00000
0.00000
0.00000
0.00000
0.00000
0.00000
0.00000
0.00000
0.00000
0.00000
0.00000
0.00000
0.00000
0.00000
0.00000
0.00000
0.00000
0.00000
0.00000
0.00000
0.00000
0.00000
0.00000
0.00000
0.00000
0.00000
0.00000
0.00000
0.00000
0.00000
0.00000
0.00000
0.00000
0.00000
0.00000
0.00000
0.00000
0.00000
0.00000
0.00000
0.00000
0.00000
0.00000
0.00000
0.00000
0.00000
0.00000
0.00000
0.00000
0.00000
0.00000
0.00000
0.00000
0.00000
0.00000
0.00000
0.00000
0.00000
0.00000
0.00000
0.00000
0.00000
0.00000
0.00000
0.00000
0.00000
0.00000
0.00000
0.00000
0.00000
0.00000
0.00000
0.00000
0.00000
0.00000
0.00000
0.00000
0.00000
0.00000
0.00000
0.00000
0.00000
0.00000
0.00000
0.00000
0.00000
0.00000
0.00000
0.00000
0.00000
0.00000
0.00000
0.00000
0.00000
0.00000
0.00000
0.00000
0.00000
0.00000
0.00000
0.00000
0.00000
0.00000
0.00000
0.00000
0.00000
0.00000
0.00000
0.00000
0.00000
0.00000
0.00000
0.00000
0.00000
0.00000
0.00000
0.00000
0.00000
0.00000
0.00000
0.00000
0.00000
0.00000
0.00000
0.00000
0.00000
0.00000
0.00000
0.00000
0.00000
0.00000
0.00000
0.00000
0.00000
0.00000
0.00000
0.00000
0.00000
0.00000
0.00000
0.00000
0.00000
0.00000
0.00000
0.00000
0.00000
0.00000
0.00000
0.00000
0.00000
0.00000
0.00000
0.00000
0.00000
0.00000
0.00000
0.00000
0.00000
0.00000
0.00000
0.00000
0.00000
