-0.00018
-0.00015
-0.00015
-0.00012
-0.00018
-0.00018
-0.00015
-0.00021
-0.00021
-0.00024
-0.00021
-0.00024
-0.00021
-0.00018
-0.00012
-0.00012
-0.00009
-0.00012
-0.00006
-0.00006
-0.00015
-0.00018
-0.00021
-0.00024
-0.00027
-0.00021
-0.00018
-0.00012
-0.00006
-0.00009
-0.00003
-0.00003
-0.00006
-0.00015
-0.00018
-0.00034
-0.00034
-0.00027
-0.00024
-0.00021
-0.00012
-0.00012
-0.00009
-0.00006
-0.00009
-0.00009
-0.00012
-0.00018
-0.00009
-0.00009
-0.00018
-0.00015
-0.00009
-0.00015
-0.00018
-0.00018
-0.00015
-0.00012
-0.00009
-0.00009
-0.00031
-0.00006
-0.00021
-0.00021
-0.00021
-0.00009
0.00000
-0.00006
-0.00009
-0.00012
-0.00015
-0.00027
-0.00021
-0.00015
-0.00021
-0.00006
0.00000
-0.00006
0.00000
-0.00003
-0.00018
-0.00015
-0.00018
-0.00021
-0.00018
-0.00012
-0.00009
-0.00015
0.00000
-0.00006
-0.00012
-0.00012
-0.00009
-0.00009
-0.00015
-0.00015
-0.00003
-0.00009
-0.00009
-0.00009
-0.00006
-0.00006
-0.00006
-0.00012
-0.00012
-0.00009
-0.00015
-0.00009
-0.00003
-0.00009
-0.00015
-0.00012
-0.00006
-0.00012
-0.00009
-0.00009
0.00000
0.00000
-0.00003
-0.00003
-0.00009
-0.00015
-0.00015
-0.00012
-0.00003
0.00000
0.00000
0.00003
0.00006
0.00000
-0.00003
-0.00012
-0.00015
-0.00018
-0.00018
-0.00012
-0.00009
-0.00003
-0.00003
0.00000
0.00000
0.00000
-0.00003
-0.00006
0.00000
-0.00012
-0.00012
-0.00018
-0.00006
0.00000
0.00000
0.00000
0.00000
0.00000
-0.00018
-0.00015
-0.00015
-0.00018
-0.00009
-0.00006
0.00006
0.00003
0.00006
0.00003
-0.00009
0.00000
-0.00015
-0.00012
-0.00003
-0.00003
0.00000
0.00003
0.00003
0.00003
-0.00006
0.00000
-0.00027
0.00006
-0.00043
0.00024
-0.00018
-0.00015
0.00082
-0.00180
0.00363
-0.00626
-0.00665
-0.16644
-0.05081
0.00946
-0.01193
0.02835
0.05685
0.15125
0.10239
0.04202
-0.05414
-0.02988
-0.04916
-0.06888
-0.01727
0.01361
-0.00198
0.01215
0.02301
0.03079
0.03351
-0.00113
-0.04193
-0.01758
0.00940
0.00714
0.00409
0.00879
0.00269
0.00226
-0.00369
-0.01166
0.00372
-0.00009
-0.00409
0.00586
0.00418
0.00058
0.00467
0.00323
0.00034
0.00751
0.00226
-0.00534
-0.00278
-0.00098
-0.00412
0.00040
-0.00085
-0.00192
0.00116
0.00537
0.00061
0.00189
0.00385
0.00220
0.00040
0.00098
0.00162
0.00009
-0.00415
-0.00293
-0.00058
0.00092
-0.00085
-0.00146
0.00070
0.00070
0.00122
0.00018
-0.00040
-0.00012
-0.00253
-0.00101
0.00211
0.00266
0.00070
-0.00055
-0.00064
-0.00085
-0.00168
-0.00098
-0.00250
-0.00183
-0.00259
-0.00131
-0.00021
0.00027
0.00098
0.00104
0.00113
0.00107
-0.00098
-0.00061
-0.00153
-0.00137
-0.00134
-0.00168
-0.00171
-0.00220
-0.00177
-0.00119
-0.00104
0.00000
0.00000
0.00018
0.00076
0.00131
0.00211
0.00082
0.00000
0.00000
0.00000
0.00000
0.00000
0.00000
0.00000
0.00000
0.00000
0.00000
0.00000
0.00000
0.00000
0.00000
0.00000
0.00000
0.00000
0.00000
0.00000
0.00000
0.00000
0.00000
0.00000
0.00000
0.00000
0.00000
0.00000
0.00000
0.00000
0.00000
0.00000
0.00000
0.00000
0.00000
0.00000
0.00000
0.00000
0.00000
0.00000
0.00000
0.00000
0.00000
0.00000
0.00000
0.00000
0.00000
0.00000
0.00000
0.00000
0.00000
0.00000
0.00000
0.00000
0.00000
0.00000
0.00000
0.00000
0.00000
0.00000
0.00000
0.00000
0.00000
0.00000
0.00000
0.00000
0.00000
0.00000
0.00000
0.00000
0.00000
0.00000
0.00000
0.00000
0.00000
0.00000
0.00000
0.00000
0.00000
0.00000
0.00000
0.00000
0.00000
0.00000
0.00000
0.00000
0.00000
0.00000
0.00000
0.00000
0.00000
0.00000
0.00000
0.00000
0.00000
0.00000
0.00000
0.00000
0.00000
0.00000
0.00000
0.00000
0.00000
0.00000
0.00000
0.00000
0.00000
0.00000
0.00000
0.00000
0.00000
0.00000
0.00000
0.00000
0.00000
0.00000
0.00000
0.00000
0.00000
0.00000
0.00000
0.00000
0.00000
0.00000
0.00000
0.00000
0.00000
0.00000
0.00000
0.00000
0.00000
0.00000
0.00000
0.00000
0.00000
0.00000
0.00000
0.00000
0.00000
0.00000
0.00000
0.00000
0.00000
0.00000
0.00000
0.00000
0.00000
0.00000
0.00000
0.00000
0.00000
0.00000
0.00000
0.00000
0.00000
0.00000
0.00000
0.00000
0.00000
0.00000
0.00000
0.00000
0.00000
0.00000
0.00000
0.00000
0.00000
0.00000
0.00000
0.00000
0.00000
0.00000
0.00000
0.00000
0.00000
0.00000
0.00000
0.00000
0.00000
0.00000
0.00000
0.00000
0.00000
0.00000
0.00000
0.00000
0.00000
0.00000
0.00000
0.00000
0.00000
0.00000
0.00000
0.00000
0.00000
0.00000
0.00000
0.00000
0.00000
0.00000
0.00000
0.00000
0.00000
0.00000
0.00000
0.00000
0.00000
0.00000
0.00000
0.00000
0.00000
0.00000
0.00000
0.00000
0.00000
0.00000
0.00000
