0.00000
-0.00009
-0.00006
-0.00006
-0.00009
-0.00012
-0.00012
-0.00012
-0.00009
-0.00003
0.00000
0.00000
0.00000
0.00000
-0.00003
-0.00006
-0.00012
-0.00012
-0.00012
-0.00009
-0.00006
-0.00003
0.00000
0.00000
0.00000
-0.00009
-0.00009
-0.00015
-0.00015
-0.00012
-0.00012
-0.00009
-0.00003
0.00000
0.00000
0.00000
0.00000
0.00000
-0.00003
-0.00009
-0.00009
-0.00012
-0.00009
-0.00009
-0.00012
-0.00003
-0.00006
-0.00006
-0.00006
-0.00009
-0.00006
-0.00006
-0.00006
-0.00003
-0.00003
-0.00003
-0.00003
-0.00006
-0.00006
-0.00009
-0.00012
-0.00009
-0.00009
-0.00009
0.00000
-0.00018
0.00000
-0.00009
-0.00009
-0.00003
-0.00021
0.00000
-0.00012
-0.00015
-0.00009
-0.00015
-0.00009
-0.00012
-0.00006
-0.00009
-0.00009
-0.00006
-0.00006
-0.00003
-0.00006
-0.00012
-0.00009
-0.00009
-0.00012
-0.00009
-0.00009
-0.00006
-0.00015
-0.00012
-0.00009
-0.00009
-0.00006
-0.00006
0.00000
0.00000
-0.00006
-0.00003
-0.00009
-0.00015
-0.00015
-0.00018
-0.00009
-0.00006
-0.00006
-0.00006
-0.00006
-0.00012
-0.00018
-0.00015
-0.00015
-0.00012
-0.00012
-0.00003
0.00000
0.00000
0.00000
-0.00003
-0.00003
-0.00015
-0.00012
-0.00015
-0.00021
-0.00012
-0.00009
-0.00006
-0.00006
-0.00009
-0.00012
-0.00012
-0.00018
-0.00015
-0.00012
-0.00009
-0.00006
-0.00006
-0.00006
-0.00003
-0.00009
-0.00009
-0.00015
-0.00018
-0.00015
-0.00015
-0.00012
-0.00006
-0.00006
-0.00003
-0.00009
-0.00015
-0.00012
-0.00018
-0.00018
-0.00021
-0.00009
-0.00006
-0.00009
-0.00009
-0.00012
-0.00012
-0.00015
-0.00012
-0.00009
-0.00015
-0.00015
-0.00021
-0.00012
-0.00015
-0.00021
-0.00009
-0.00015
-0.00009
-0.00012
-0.00015
-0.00006
-0.00018
-0.00021
-0.00015
-0.00024
-0.00003
-0.00055
0.00061
-0.00150
0.00189
-0.00342
0.00464
-0.00699
0.00583
-0.08167
-0.06378
0.00726
-0.04788
0.04514
-0.00885
0.08179
0.11246
0.02252
0.00638
-0.02353
-0.01645
-0.04929
-0.03329
0.00089
-0.01749
0.01343
0.01263
0.01041
0.03766
0.01303
-0.02682
-0.00674
0.00095
-0.00186
0.00467
0.00204
-0.00232
0.00522
0.00336
-0.01193
-0.00015
0.00330
-0.00879
0.00311
0.00848
0.00278
0.00400
0.00516
-0.00031
0.00302
0.00436
-0.00220
-0.00534
-0.00104
-0.00284
-0.00211
-0.00070
-0.00098
-0.00003
0.00308
0.00223
0.00305
0.00296
0.00183
0.00113
0.00089
0.00116
0.00192
-0.00256
-0.00284
-0.00049
0.00000
-0.00067
-0.00201
0.00049
0.00018
0.00034
0.00143
-0.00052
0.00143
-0.00153
-0.00150
0.00024
0.00037
0.00031
-0.00192
-0.00012
0.00089
-0.00092
-0.00034
-0.00153
-0.00061
-0.00125
-0.00238
-0.00113
-0.00162
-0.00015
0.00067
0.00070
0.00168
-0.00058
-0.00070
-0.00052
-0.00134
-0.00146
-0.00266
-0.00150
-0.00156
-0.00177
-0.00070
-0.00131
-0.00073
-0.00024
-0.00021
0.00027
0.00000
0.00000
0.00000
0.00000
0.00000
0.00000
0.00000
0.00000
0.00000
0.00000
0.00000
0.00000
0.00000
0.00000
0.00000
0.00000
0.00000
0.00000
0.00000
0.00000
0.00000
0.00000
0.00000
0.00000
0.00000
0.00000
0.00000
0.00000
0.00000
0.00000
0.00000
0.00000
0.00000
0.00000
0.00000
0.00000
0.00000
0.00000
0.00000
0.00000
0.00000
0.00000
0.00000
0.00000
0.00000
0.00000
0.00000
0.00000
0.00000
0.00000
0.00000
0.00000
0.00000
0.00000
0.00000
0.00000
0.00000
0.00000
0.00000
0.00000
0.00000
0.00000
0.00000
0.00000
0.00000
0.00000
0.00000
0.00000
0.00000
0.00000
0.00000
0.00000
0.00000
0.00000
0.00000
0.00000
0.00000
0.00000
0.00000
0.00000
0.00000
0.00000
0.00000
0.00000
0.00000
0.00000
0.00000
0.00000
0.00000
0.00000
0.00000
0.00000
0.00000
0.00000
0.00000
0.00000
0.00000
0.00000
0.00000
0.00000
0.00000
0.00000
0.00000
0.00000
0.00000
0.00000
0.00000
0.00000
0.00000
0.00000
0.00000
0.00000
0.00000
0.00000
0.00000
0.00000
0.00000
0.00000
0.00000
0.00000
0.00000
0.00000
0.00000
0.00000
0.00000
0.00000
0.00000
0.00000
0.00000
0.00000
0.00000
0.00000
0.00000
0.00000
0.00000
0.00000
0.00000
0.00000
0.00000
0.00000
0.00000
0.00000
0.00000
0.00000
0.00000
0.00000
0.00000
0.00000
0.00000
0.00000
0.00000
0.00000
0.00000
0.00000
0.00000
0.00000
0.00000
0.00000
0.00000
0.00000
0.00000
0.00000
0.00000
0.00000
0.00000
0.00000
0.00000
0.00000
0.00000
0.00000
0.00000
0.00000
0.00000
0.00000
0.00000
0.00000
0.00000
0.00000
0.00000
0.00000
0.00000
0.00000
0.00000
0.00000
0.00000
0.00000
0.00000
0.00000
0.00000
0.00000
0.00000
0.00000
0.00000
0.00000
0.00000
0.00000
0.00000
0.00000
0.00000
0.00000
0.00000
0.00000
0.00000
0.00000
0.00000
0.00000
0.00000
0.00000
0.00000
0.00000
0.00000
0.00000
0.00000
0.00000
