0.00009
0.00009
0.00009
0.00006
0.00006
0.00009
0.00009
0.00009
0.00009
0.00012
0.00015
0.00015
0.00012
0.00012
0.00012
0.00009
0.00003
0.00006
0.00009
0.00009
0.00006
0.00015
0.00021
0.00018
0.00015
0.00018
0.00015
0.00012
0.00009
0.00009
0.00012
0.00015
0.00015
0.00021
0.00027
0.00015
0.00015
0.00018
0.00015
0.00009
0.00012
0.00015
0.00018
0.00015
0.00018
0.00018
0.00015
0.00015
0.00015
0.00015
0.00015
0.00015
0.00018
0.00018
0.00018
0.00018
0.00015
0.00015
0.00012
0.00015
0.00015
0.00015
0.00015
0.00015
0.00015
0.00012
0.00015
0.00015
0.00015
0.00015
0.00018
0.00018
0.00015
0.00015
0.00009
0.00009
0.00009
0.00009
0.00012
0.00012
0.00015
0.00018
0.00012
0.00018
0.00021
0.00018
0.00018
0.00021
0.00018
0.00015
0.00012
0.00012
0.00012
0.00012
0.00012
0.00015
0.00018
0.00012
0.00012
0.00015
0.00012
0.00012
0.00012
0.00018
0.00018
0.00015
0.00018
0.00015
0.00018
0.00015
0.00015
0.00015
0.00015
0.00015
0.00015
0.00018
0.00015
0.00015
0.00012
0.00015
0.00015
0.00012
0.00012
0.00012
0.00012
0.00009
0.00012
0.00012
0.00015
0.00015
0.00015
0.00018
0.00015
0.00015
0.00015
0.00015
0.00015
0.00015
0.00012
0.00006
0.00006
0.00006
0.00006
0.00006
0.00006
0.00009
0.00012
0.00012
0.00012
0.00012
0.00006
0.00003
0.00003
0.00006
0.00006
0.00006
0.00009
0.00006
0.00009
0.00009
0.00009
0.00006
0.00003
0.00000
0.00000
0.00003
0.00003
0.00009
0.00009
0.00006
0.00006
0.00003
0.00006
0.00000
0.00000
0.00003
0.00000
0.00000
0.00003
0.00009
0.00006
0.00006
0.00006
0.00006
0.00000
-0.00003
0.00000
0.00000
-0.00006
0.00000
-0.00006
0.00009
-0.00009
0.00009
-0.00012
0.00012
0.00003
0.00003
-0.00552
-0.02817
-0.01584
-0.00674
-0.00595
-0.00201
-0.01172
0.00150
0.01212
0.01395
0.01907
0.01221
0.00247
-0.00003
0.00153
0.00552
0.00165
-0.00259
-0.00781
-0.00562
0.00159
0.00165
0.00232
0.00366
-0.00037
0.00241
0.00491
0.00317
0.00095
-0.00070
-0.00128
-0.00021
0.00037
-0.00266
-0.00137
0.00137
0.00058
0.00153
0.00351
0.00244
0.00226
0.00266
0.00229
0.00201
0.00125
-0.00116
-0.00204
-0.00040
0.00052
0.00024
0.00034
0.00070
0.00043
0.00049
0.00079
0.00125
0.00189
0.00192
0.00098
0.00009
-0.00009
0.00031
-0.00037
-0.00073
0.00003
0.00043
0.00012
-0.00052
-0.00040
0.00046
0.00079
0.00031
-0.00085
-0.00055
0.00009
0.00000
0.00012
-0.00018
-0.00040
-0.00058
-0.00058
0.00003
-0.00006
-0.00040
-0.00070
-0.00089
-0.00079
-0.00085
-0.00119
-0.00122
-0.00085
-0.00003
0.00009
0.00000
-0.00040
0.00000
0.00000
0.00000
0.00000
0.00000
0.00000
0.00000
0.00000
0.00000
0.00000
0.00000
0.00000
0.00000
0.00000
0.00000
0.00000
0.00000
0.00000
0.00000
0.00000
0.00000
0.00000
0.00000
0.00000
0.00000
0.00000
0.00000
0.00000
0.00000
0.00000
0.00000
0.00000
0.00000
0.00000
0.00000
0.00000
0.00000
0.00000
0.00000
0.00000
0.00000
0.00000
0.00000
0.00000
0.00000
0.00000
0.00000
0.00000
0.00000
0.00000
0.00000
0.00000
0.00000
0.00000
0.00000
0.00000
0.00000
0.00000
0.00000
0.00000
0.00000
0.00000
0.00000
0.00000
0.00000
0.00000
0.00000
0.00000
0.00000
0.00000
0.00000
0.00000
0.00000
0.00000
0.00000
0.00000
0.00000
0.00000
0.00000
0.00000
0.00000
0.00000
0.00000
0.00000
0.00000
0.00000
0.00000
0.00000
0.00000
0.00000
0.00000
0.00000
0.00000
0.00000
0.00000
0.00000
0.00000
0.00000
0.00000
0.00000
0.00000
0.00000
0.00000
0.00000
0.00000
0.00000
0.00000
0.00000
0.00000
0.00000
0.00000
0.00000
0.00000
0.00000
0.00000
0.00000
0.00000
0.00000
0.00000
0.00000
0.00000
0.00000
0.00000
0.00000
0.00000
0.00000
0.00000
0.00000
0.00000
0.00000
0.00000
0.00000
0.00000
0.00000
0.00000
0.00000
0.00000
0.00000
0.00000
0.00000
0.00000
0.00000
0.00000
0.00000
0.00000
0.00000
0.00000
0.00000
0.00000
0.00000
0.00000
0.00000
0.00000
0.00000
0.00000
0.00000
0.00000
0.00000
0.00000
0.00000
0.00000
0.00000
0.00000
0.00000
0.00000
0.00000
0.00000
0.00000
0.00000
0.00000
0.00000
0.00000
0.00000
0.00000
0.00000
0.00000
0.00000
0.00000
0.00000
0.00000
0.00000
0.00000
0.00000
0.00000
0.00000
0.00000
0.00000
0.00000
0.00000
0.00000
0.00000
0.00000
0.00000
0.00000
0.00000
0.00000
0.00000
0.00000
0.00000
0.00000
0.00000
0.00000
0.00000
0.00000
0.00000
0.00000
0.00000
0.00000
0.00000
0.00000
0.00000
0.00000
0.00000
0.00000
0.00000
0.00000
0.00000
0.00000
0.00000
