-0.00037
-0.00043
-0.00031
-0.00040
-0.00043
-0.00034
-0.00031
-0.00037
-0.00037
-0.00037
-0.00034
-0.00037
-0.00043
-0.00040
-0.00040
-0.00034
-0.00031
-0.00031
-0.00037
-0.00040
-0.00046
-0.00049
-0.00046
-0.00049
-0.00043
-0.00040
-0.00037
-0.00040
-0.00037
-0.00031
-0.00037
-0.00043
-0.00046
-0.00043
-0.00043
-0.00049
-0.00043
-0.00034
-0.00034
-0.00046
-0.00037
-0.00037
-0.00040
-0.00043
-0.00049
-0.00043
-0.00049
-0.00046
-0.00040
-0.00034
-0.00037
-0.00037
-0.00037
-0.00037
-0.00043
-0.00034
-0.00043
-0.00055
-0.00034
-0.00049
-0.00043
-0.00034
-0.00037
-0.00037
-0.00031
-0.00034
-0.00034
-0.00037
-0.00043
-0.00034
-0.00046
-0.00046
-0.00040
-0.00046
-0.00049
-0.00034
-0.00043
-0.00046
-0.00031
-0.00037
-0.00037
-0.00034
-0.00034
-0.00040
-0.00040
-0.00034
-0.00037
-0.00040
-0.00037
-0.00034
-0.00037
-0.00040
-0.00046
-0.00031
-0.00034
-0.00043
-0.00046
-0.00037
-0.00034
-0.00034
-0.00046
-0.00034
-0.00031
-0.00052
-0.00040
-0.00027
-0.00037
-0.00043
-0.00037
-0.00034
-0.00027
-0.00031
-0.00037
-0.00037
-0.00040
-0.00043
-0.00040
-0.00034
-0.00037
-0.00034
-0.00027
-0.00027
-0.00037
-0.00037
-0.00027
-0.00037
-0.00046
-0.00040
-0.00037
-0.00037
-0.00034
-0.00027
-0.00031
-0.00031
-0.00031
-0.00037
-0.00034
-0.00037
-0.00034
-0.00046
-0.00040
-0.00031
-0.00037
-0.00027
-0.00024
-0.00027
-0.00034
-0.00040
-0.00046
-0.00043
-0.00040
-0.00043
-0.00040
-0.00034
-0.00024
-0.00027
-0.00031
-0.00027
-0.00040
-0.00043
-0.00040
-0.00037
-0.00031
-0.00043
-0.00043
-0.00031
-0.00031
-0.00031
-0.00027
-0.00034
-0.00027
-0.00037
-0.00018
-0.00055
0.00000
-0.00110
0.00052
-0.00165
0.00110
-0.00229
0.00195
-0.00302
0.00327
-0.04611
-0.17957
-0.01093
0.02896
-0.02676
0.02112
0.07059
0.11887
0.11749
0.04138
-0.04510
-0.03116
-0.07767
-0.05807
0.00061
0.02518
0.00626
0.00140
0.02512
0.02213
0.03000
0.00235
-0.03592
-0.02295
0.00507
0.01001
0.00677
0.00583
-0.00128
-0.00125
-0.00092
-0.00623
-0.00320
-0.00214
0.00748
0.00592
0.00073
0.00363
0.00571
-0.00601
-0.00024
0.00726
-0.00174
-0.00143
-0.00143
-0.00507
-0.00043
0.00363
-0.00208
-0.00366
0.00272
0.00323
-0.00098
0.00189
0.00443
0.00082
-0.00018
0.00162
0.00113
-0.00085
-0.00259
-0.00229
-0.00192
-0.00067
-0.00052
-0.00198
-0.00031
-0.00003
0.00000
0.00006
-0.00003
-0.00082
-0.00259
-0.00055
0.00168
0.00113
0.00229
0.00092
-0.00177
-0.00256
-0.00183
-0.00256
-0.00406
-0.00290
-0.00122
0.00012
-0.00021
-0.00064
0.00085
0.00259
0.00067
-0.00146
-0.00156
-0.00052
-0.00085
-0.00119
-0.00168
-0.00275
-0.00208
-0.00104
-0.00131
-0.00146
-0.00177
-0.00119
-0.00058
0.00082
0.00171
0.00150
0.00113
0.00018
0.00000
0.00000
0.00000
0.00000
0.00000
0.00000
0.00000
0.00000
0.00000
0.00000
0.00000
0.00000
0.00000
0.00000
0.00000
0.00000
0.00000
0.00000
0.00000
0.00000
0.00000
0.00000
0.00000
0.00000
0.00000
0.00000
0.00000
0.00000
0.00000
0.00000
0.00000
0.00000
0.00000
0.00000
0.00000
0.00000
0.00000
0.00000
0.00000
0.00000
0.00000
0.00000
0.00000
0.00000
0.00000
0.00000
0.00000
0.00000
0.00000
0.00000
0.00000
0.00000
0.00000
0.00000
0.00000
0.00000
0.00000
0.00000
0.00000
0.00000
0.00000
0.00000
0.00000
0.00000
0.00000
0.00000
0.00000
0.00000
0.00000
0.00000
0.00000
0.00000
0.00000
0.00000
0.00000
0.00000
0.00000
0.00000
0.00000
0.00000
0.00000
0.00000
0.00000
0.00000
0.00000
0.00000
0.00000
0.00000
0.00000
0.00000
0.00000
0.00000
0.00000
0.00000
0.00000
0.00000
0.00000
0.00000
0.00000
0.00000
0.00000
0.00000
0.00000
0.00000
0.00000
0.00000
0.00000
0.00000
0.00000
0.00000
0.00000
0.00000
0.00000
0.00000
0.00000
0.00000
0.00000
0.00000
0.00000
0.00000
0.00000
0.00000
0.00000
0.00000
0.00000
0.00000
0.00000
0.00000
0.00000
0.00000
0.00000
0.00000
0.00000
0.00000
0.00000
0.00000
0.00000
0.00000
0.00000
0.00000
0.00000
0.00000
0.00000
0.00000
0.00000
0.00000
0.00000
0.00000
0.00000
0.00000
0.00000
0.00000
0.00000
0.00000
0.00000
0.00000
0.00000
0.00000
0.00000
0.00000
0.00000
0.00000
0.00000
0.00000
0.00000
0.00000
0.00000
0.00000
0.00000
0.00000
0.00000
0.00000
0.00000
0.00000
0.00000
0.00000
0.00000
0.00000
0.00000
0.00000
0.00000
0.00000
0.00000
0.00000
0.00000
0.00000
0.00000
0.00000
0.00000
0.00000
0.00000
0.00000
0.00000
0.00000
0.00000
0.00000
0.00000
0.00000
0.00000
0.00000
0.00000
0.00000
0.00000
0.00000
0.00000
0.00000
0.00000
0.00000
0.00000
0.00000
0.00000
0.00000
0.00000
0.00000
0.00000
0.00000
0.00000
0.00000
0.00000
