-0.00046
-0.00052
-0.00052
-0.00046
-0.00043
-0.00046
-0.00046
-0.00043
-0.00043
-0.00043
-0.00046
-0.00040
-0.00043
-0.00049
-0.00046
-0.00040
-0.00043
-0.00052
-0.00052
-0.00049
-0.00052
-0.00052
-0.00049
-0.00046
-0.00046
-0.00043
-0.00043
-0.00043
-0.00043
-0.00043
-0.00046
-0.00046
-0.00046
-0.00046
-0.00043
-0.00052
-0.00049
-0.00046
-0.00049
-0.00049
-0.00049
-0.00055
-0.00052
-0.00049
-0.00046
-0.00046
-0.00043
-0.00040
-0.00040
-0.00046
-0.00046
-0.00043
-0.00049
-0.00052
-0.00046
-0.00046
-0.00049
-0.00049
-0.00046
-0.00049
-0.00052
-0.00049
-0.00046
-0.00046
-0.00043
-0.00043
-0.00040
-0.00040
-0.00043
-0.00043
-0.00046
-0.00046
-0.00049
-0.00049
-0.00046
-0.00046
-0.00052
-0.00046
-0.00046
-0.00052
-0.00049
-0.00046
-0.00046
-0.00049
-0.00046
-0.00043
-0.00043
-0.00046
-0.00043
-0.00043
-0.00046
-0.00043
-0.00043
-0.00043
-0.00043
-0.00046
-0.00046
-0.00043
-0.00046
-0.00046
-0.00043
-0.00037
-0.00040
-0.00046
-0.00043
-0.00040
-0.00046
-0.00049
-0.00046
-0.00046
-0.00049
-0.00046
-0.00043
-0.00043
-0.00040
-0.00043
-0.00043
-0.00040
-0.00046
-0.00043
-0.00043
-0.00043
-0.00040
-0.00040
-0.00040
-0.00046
-0.00046
-0.00049
-0.00052
-0.00049
-0.00046
-0.00043
-0.00043
-0.00043
-0.00040
-0.00037
-0.00040
-0.00043
-0.00043
-0.00043
-0.00040
-0.00040
-0.00040
-0.00037
-0.00040
-0.00043
-0.00043
-0.00043
-0.00046
-0.00040
-0.00040
-0.00043
-0.00040
-0.00040
-0.00040
-0.00037
-0.00034
-0.00034
-0.00037
-0.00040
-0.00040
-0.00043
-0.00043
-0.00043
-0.00040
-0.00037
-0.00034
-0.00031
-0.00024
-0.00024
-0.00034
-0.00043
-0.00043
-0.00040
-0.00043
-0.00043
-0.00037
-0.00037
-0.00037
-0.00031
-0.00027
-0.00031
-0.00043
-0.00043
-0.00034
-0.00040
-0.00037
-0.00024
-0.00018
-0.00024
-0.00024
-0.00027
-0.00027
-0.00034
-0.00031
-0.00037
-0.00027
-0.00043
-0.00024
-0.00049
-0.00015
-0.00079
-0.00092
-0.00897
-0.02167
-0.01569
-0.01257
-0.00800
-0.00583
-0.00815
-0.00018
0.01334
0.01932
0.01614
0.01562
0.00793
-0.00259
-0.00461
-0.00311
-0.00146
0.00021
-0.00104
-0.00198
0.00256
0.00327
0.00055
0.00146
0.00180
-0.00052
-0.00104
-0.00058
0.00024
0.00183
0.00226
0.00119
0.00067
0.00116
0.00058
0.00095
0.00201
0.00153
0.00021
-0.00012
0.00018
0.00009
0.00092
0.00266
0.00330
0.00162
-0.00024
-0.00150
-0.00125
-0.00018
0.00079
0.00085
0.00061
0.00058
0.00046
0.00061
0.00098
0.00046
0.00031
0.00073
0.00061
0.00055
0.00049
0.00024
-0.00006
-0.00003
0.00027
-0.00040
-0.00067
-0.00021
0.00031
0.00085
-0.00006
-0.00058
-0.00085
-0.00049
0.00027
0.00006
-0.00040
-0.00095
-0.00046
0.00009
-0.00024
-0.00098
-0.00113
-0.00003
0.00067
0.00009
-0.00092
-0.00128
-0.00107
-0.00049
-0.00003
-0.00034
-0.00079
-0.00061
0.00009
0.00000
-0.00061
-0.00113
-0.00101
-0.00110
0.00000
0.00000
0.00000
0.00000
0.00000
0.00000
0.00000
0.00000
0.00000
0.00000
0.00000
0.00000
0.00000
0.00000
0.00000
0.00000
0.00000
0.00000
0.00000
0.00000
0.00000
0.00000
0.00000
0.00000
0.00000
0.00000
0.00000
0.00000
0.00000
0.00000
0.00000
0.00000
0.00000
0.00000
0.00000
0.00000
0.00000
0.00000
0.00000
0.00000
0.00000
0.00000
0.00000
0.00000
0.00000
0.00000
0.00000
0.00000
0.00000
0.00000
0.00000
0.00000
0.00000
0.00000
0.00000
0.00000
0.00000
0.00000
0.00000
0.00000
0.00000
0.00000
0.00000
0.00000
0.00000
0.00000
0.00000
0.00000
0.00000
0.00000
0.00000
0.00000
0.00000
0.00000
0.00000
0.00000
0.00000
0.00000
0.00000
0.00000
0.00000
0.00000
0.00000
0.00000
0.00000
0.00000
0.00000
0.00000
0.00000
0.00000
0.00000
0.00000
0.00000
0.00000
0.00000
0.00000
0.00000
0.00000
0.00000
0.00000
0.00000
0.00000
0.00000
0.00000
0.00000
0.00000
0.00000
0.00000
0.00000
0.00000
0.00000
0.00000
0.00000
0.00000
0.00000
0.00000
0.00000
0.00000
0.00000
0.00000
0.00000
0.00000
0.00000
0.00000
0.00000
0.00000
0.00000
0.00000
0.00000
0.00000
0.00000
0.00000
0.00000
0.00000
0.00000
0.00000
0.00000
0.00000
0.00000
0.00000
0.00000
0.00000
0.00000
0.00000
0.00000
0.00000
0.00000
0.00000
0.00000
0.00000
0.00000
0.00000
0.00000
0.00000
0.00000
0.00000
0.00000
0.00000
0.00000
0.00000
0.00000
0.00000
0.00000
0.00000
0.00000
0.00000
0.00000
0.00000
0.00000
0.00000
0.00000
0.00000
0.00000
0.00000
0.00000
0.00000
0.00000
0.00000
0.00000
0.00000
0.00000
0.00000
0.00000
0.00000
0.00000
0.00000
0.00000
0.00000
0.00000
0.00000
0.00000
0.00000
0.00000
0.00000
0.00000
0.00000
0.00000
0.00000
0.00000
0.00000
0.00000
0.00000
0.00000
0.00000
0.00000
0.00000
0.00000
