-0.00015
-0.00015
-0.00012
-0.00021
-0.00024
-0.00021
-0.00018
-0.00024
-0.00027
-0.00018
-0.00015
-0.00009
-0.00003
0.00000
-0.00006
-0.00012
-0.00018
-0.00024
-0.00021
-0.00021
-0.00027
-0.00021
-0.00018
-0.00018
-0.00018
-0.00012
-0.00012
-0.00021
-0.00027
-0.00021
-0.00015
-0.00012
-0.00009
-0.00003
0.00000
-0.00018
-0.00018
-0.00012
-0.00015
-0.00024
-0.00024
-0.00015
-0.00009
-0.00012
-0.00015
0.00000
-0.00003
-0.00009
-0.00009
-0.00009
-0.00021
-0.00027
-0.00031
-0.00031
-0.00027
-0.00009
-0.00021
-0.00031
0.00000
-0.00021
-0.00018
0.00000
0.00000
0.00000
-0.00003
-0.00009
-0.00015
-0.00024
-0.00027
-0.00015
-0.00021
-0.00018
-0.00006
-0.00009
-0.00012
-0.00009
-0.00024
-0.00031
-0.00024
-0.00027
-0.00031
-0.00015
0.00000
0.00000
-0.00003
-0.00003
-0.00006
-0.00006
-0.00003
-0.00006
-0.00006
-0.00006
-0.00015
-0.00009
-0.00003
-0.00015
-0.00024
-0.00018
-0.00012
-0.00021
-0.00015
0.00000
0.00003
-0.00018
-0.00015
-0.00012
-0.00034
-0.00037
-0.00021
-0.00012
-0.00012
-0.00009
-0.00009
-0.00009
-0.00012
-0.00012
-0.00009
-0.00006
-0.00006
-0.00015
-0.00015
-0.00009
-0.00012
-0.00027
-0.00024
-0.00018
-0.00021
-0.00018
-0.00012
-0.00009
-0.00015
-0.00024
-0.00021
-0.00018
-0.00021
-0.00018
-0.00018
-0.00015
-0.00003
-0.00003
-0.00003
0.00003
-0.00003
-0.00006
-0.00015
-0.00012
-0.00012
-0.00021
-0.00027
-0.00018
-0.00006
-0.00006
0.00000
0.00000
0.00000
-0.00003
-0.00021
-0.00024
-0.00027
-0.00027
-0.00024
-0.00018
-0.00003
-0.00003
0.00006
0.00009
-0.00003
-0.00006
-0.00012
-0.00021
-0.00015
-0.00027
-0.00006
-0.00037
0.00024
-0.00095
0.00095
-0.00150
0.00180
-0.00250
0.00290
-0.00378
0.00482
-0.05405
-0.17920
0.00708
0.02350
-0.02826
0.02380
0.06485
0.11777
0.11569
0.03387
-0.03802
-0.02899
-0.07449
-0.05746
0.00314
0.02618
0.00455
0.00439
0.02133
0.02173
0.02798
0.00256
-0.03726
-0.01526
0.00479
0.00751
0.00748
0.00482
0.00089
-0.00128
0.00012
-0.00693
-0.00369
-0.00171
0.00708
0.00623
0.00046
0.00482
0.00540
-0.00629
0.00153
0.00751
-0.00165
-0.00171
-0.00153
-0.00482
0.00037
0.00323
-0.00250
-0.00296
0.00308
0.00302
-0.00131
0.00293
0.00427
0.00024
0.00012
0.00223
0.00165
-0.00113
-0.00269
-0.00165
-0.00150
-0.00058
-0.00085
-0.00159
0.00018
-0.00049
-0.00024
0.00015
0.00009
-0.00070
-0.00226
-0.00006
0.00171
0.00082
0.00253
0.00131
-0.00131
-0.00232
-0.00183
-0.00223
-0.00400
-0.00308
-0.00159
0.00031
-0.00015
-0.00067
0.00116
0.00244
0.00119
-0.00110
-0.00140
-0.00046
-0.00116
-0.00122
-0.00174
-0.00241
-0.00217
-0.00122
-0.00131
-0.00131
-0.00125
-0.00119
-0.00070
0.00064
0.00165
0.00143
0.00119
0.00034
-0.00021
0.00000
0.00000
0.00000
0.00000
0.00000
0.00000
0.00000
0.00000
0.00000
0.00000
0.00000
0.00000
0.00000
0.00000
0.00000
0.00000
0.00000
0.00000
0.00000
0.00000
0.00000
0.00000
0.00000
0.00000
0.00000
0.00000
0.00000
0.00000
0.00000
0.00000
0.00000
0.00000
0.00000
0.00000
0.00000
0.00000
0.00000
0.00000
0.00000
0.00000
0.00000
0.00000
0.00000
0.00000
0.00000
0.00000
0.00000
0.00000
0.00000
0.00000
0.00000
0.00000
0.00000
0.00000
0.00000
0.00000
0.00000
0.00000
0.00000
0.00000
0.00000
0.00000
0.00000
0.00000
0.00000
0.00000
0.00000
0.00000
0.00000
0.00000
0.00000
0.00000
0.00000
0.00000
0.00000
0.00000
0.00000
0.00000
0.00000
0.00000
0.00000
0.00000
0.00000
0.00000
0.00000
0.00000
0.00000
0.00000
0.00000
0.00000
0.00000
0.00000
0.00000
0.00000
0.00000
0.00000
0.00000
0.00000
0.00000
0.00000
0.00000
0.00000
0.00000
0.00000
0.00000
0.00000
0.00000
0.00000
0.00000
0.00000
0.00000
0.00000
0.00000
0.00000
0.00000
0.00000
0.00000
0.00000
0.00000
0.00000
0.00000
0.00000
0.00000
0.00000
0.00000
0.00000
0.00000
0.00000
0.00000
0.00000
0.00000
0.00000
0.00000
0.00000
0.00000
0.00000
0.00000
0.00000
0.00000
0.00000
0.00000
0.00000
0.00000
0.00000
0.00000
0.00000
0.00000
0.00000
0.00000
0.00000
0.00000
0.00000
0.00000
0.00000
0.00000
0.00000
0.00000
0.00000
0.00000
0.00000
0.00000
0.00000
0.00000
0.00000
0.00000
0.00000
0.00000
0.00000
0.00000
0.00000
0.00000
0.00000
0.00000
0.00000
0.00000
0.00000
0.00000
0.00000
0.00000
0.00000
0.00000
0.00000
0.00000
0.00000
0.00000
0.00000
0.00000
0.00000
0.00000
0.00000
0.00000
0.00000
0.00000
0.00000
0.00000
0.00000
0.00000
0.00000
0.00000
0.00000
0.00000
0.00000
0.00000
0.00000
0.00000
0.00000
0.00000
0.00000
0.00000
0.00000
0.00000
0.00000
0.00000
0.00000
0.00000
0.00000
0.00000
0.00000
