-0.00027
-0.00027
-0.00034
-0.00031
-0.00031
-0.00037
-0.00034
-0.00037
-0.00034
-0.00034
-0.00031
-0.00031
-0.00034
-0.00034
-0.00037
-0.00037
-0.00037
-0.00031
-0.00034
-0.00031
-0.00031
-0.00027
-0.00027
-0.00031
-0.00031
-0.00027
-0.00031
-0.00034
-0.00037
-0.00037
-0.00040
-0.00040
-0.00037
-0.00031
-0.00027
-0.00037
-0.00031
-0.00027
-0.00031
-0.00027
-0.00024
-0.00024
-0.00021
-0.00021
-0.00024
-0.00027
-0.00027
-0.00031
-0.00034
-0.00034
-0.00037
-0.00034
-0.00034
-0.00027
-0.00024
-0.00027
-0.00027
-0.00031
-0.00027
-0.00027
-0.00027
-0.00027
-0.00027
-0.00034
-0.00034
-0.00034
-0.00031
-0.00031
-0.00027
-0.00021
-0.00021
-0.00027
-0.00024
-0.00027
-0.00034
-0.00031
-0.00037
-0.00037
-0.00031
-0.00034
-0.00034
-0.00024
-0.00024
-0.00024
-0.00021
-0.00018
-0.00024
-0.00021
-0.00021
-0.00024
-0.00027
-0.00027
-0.00031
-0.00034
-0.00034
-0.00027
-0.00021
-0.00018
-0.00021
-0.00018
-0.00021
-0.00024
-0.00024
-0.00027
-0.00027
-0.00024
-0.00027
-0.00031
-0.00024
-0.00024
-0.00024
-0.00027
-0.00027
-0.00027
-0.00027
-0.00024
-0.00027
-0.00021
-0.00015
-0.00018
-0.00021
-0.00021
-0.00024
-0.00024
-0.00024
-0.00024
-0.00021
-0.00021
-0.00021
-0.00018
-0.00018
-0.00018
-0.00021
-0.00021
-0.00018
-0.00018
-0.00015
-0.00015
-0.00018
-0.00021
-0.00018
-0.00018
-0.00018
-0.00018
-0.00015
-0.00015
-0.00018
-0.00018
-0.00015
-0.00015
-0.00018
-0.00018
-0.00018
-0.00018
-0.00015
-0.00012
-0.00009
-0.00009
-0.00012
-0.00015
-0.00015
-0.00021
-0.00021
-0.00018
-0.00015
-0.00015
-0.00012
-0.00009
-0.00009
-0.00009
-0.00009
-0.00012
-0.00012
-0.00018
-0.00015
-0.00015
-0.00012
-0.00012
-0.00015
-0.00009
-0.00012
-0.00012
-0.00009
-0.00012
-0.00018
-0.00027
-0.00018
-0.00018
-0.00021
0.00000
-0.00012
0.00031
-0.00046
0.00058
-0.00104
0.00122
-0.00201
0.00156
-0.02530
-0.03992
-0.01025
-0.02228
0.00232
-0.00381
0.01071
0.04910
0.04184
0.01550
-0.00058
-0.00354
-0.01727
-0.02136
-0.00699
-0.00989
-0.00113
0.00378
-0.00229
0.01376
0.02115
0.00085
-0.00650
-0.00082
-0.00177
0.00104
0.00394
-0.00070
0.00082
0.00452
-0.00186
-0.00101
0.00385
-0.00079
-0.00165
0.00192
0.00073
0.00040
0.00165
0.00085
0.00195
0.00381
0.00360
0.00012
-0.00021
-0.00079
-0.00113
-0.00122
-0.00052
0.00046
0.00131
0.00098
0.00143
0.00131
0.00156
0.00229
0.00195
0.00061
0.00049
-0.00040
-0.00085
0.00012
0.00012
-0.00058
-0.00076
0.00037
0.00034
-0.00037
0.00012
0.00055
0.00122
0.00052
-0.00076
-0.00070
-0.00021
0.00006
-0.00006
-0.00037
0.00006
-0.00037
-0.00015
0.00012
0.00012
0.00000
-0.00116
-0.00137
-0.00128
-0.00104
-0.00061
-0.00092
-0.00021
0.00024
0.00073
0.00073
-0.00006
0.00000
0.00000
0.00000
0.00000
0.00000
0.00000
0.00000
0.00000
0.00000
0.00000
0.00000
0.00000
0.00000
0.00000
0.00000
0.00000
0.00000
0.00000
0.00000
0.00000
0.00000
0.00000
0.00000
0.00000
0.00000
0.00000
0.00000
0.00000
0.00000
0.00000
0.00000
0.00000
0.00000
0.00000
0.00000
0.00000
0.00000
0.00000
0.00000
0.00000
0.00000
0.00000
0.00000
0.00000
0.00000
0.00000
0.00000
0.00000
0.00000
0.00000
0.00000
0.00000
0.00000
0.00000
0.00000
0.00000
0.00000
0.00000
0.00000
0.00000
0.00000
0.00000
0.00000
0.00000
0.00000
0.00000
0.00000
0.00000
0.00000
0.00000
0.00000
0.00000
0.00000
0.00000
0.00000
0.00000
0.00000
0.00000
0.00000
0.00000
0.00000
0.00000
0.00000
0.00000
0.00000
0.00000
0.00000
0.00000
0.00000
0.00000
0.00000
0.00000
0.00000
0.00000
0.00000
0.00000
0.00000
0.00000
0.00000
0.00000
0.00000
0.00000
0.00000
0.00000
0.00000
0.00000
0.00000
0.00000
0.00000
0.00000
0.00000
0.00000
0.00000
0.00000
0.00000
0.00000
0.00000
0.00000
0.00000
0.00000
0.00000
0.00000
0.00000
0.00000
0.00000
0.00000
0.00000
0.00000
0.00000
0.00000
0.00000
0.00000
0.00000
0.00000
0.00000
0.00000
0.00000
0.00000
0.00000
0.00000
0.00000
0.00000
0.00000
0.00000
0.00000
0.00000
0.00000
0.00000
0.00000
0.00000
0.00000
0.00000
0.00000
0.00000
0.00000
0.00000
0.00000
0.00000
0.00000
0.00000
0.00000
0.00000
0.00000
0.00000
0.00000
0.00000
0.00000
0.00000
0.00000
0.00000
0.00000
0.00000
0.00000
0.00000
0.00000
0.00000
0.00000
0.00000
0.00000
0.00000
0.00000
0.00000
0.00000
0.00000
0.00000
0.00000
0.00000
0.00000
0.00000
0.00000
0.00000
0.00000
0.00000
0.00000
0.00000
0.00000
0.00000
0.00000
0.00000
0.00000
0.00000
0.00000
0.00000
0.00000
0.00000
0.00000
0.00000
0.00000
0.00000
0.00000
0.00000
0.00000
0.00000
0.00000
0.00000
0.00000
0.00000
0.00000
0.00000
