-0.00024
-0.00018
-0.00018
-0.00009
-0.00006
-0.00009
-0.00009
-0.00006
-0.00012
-0.00018
-0.00018
-0.00024
-0.00031
-0.00034
-0.00024
-0.00021
-0.00012
-0.00009
-0.00009
-0.00006
-0.00003
-0.00009
-0.00012
-0.00012
-0.00018
-0.00015
-0.00015
-0.00012
-0.00003
-0.00009
-0.00009
-0.00006
-0.00006
-0.00009
-0.00012
-0.00024
-0.00021
-0.00018
-0.00018
-0.00015
-0.00009
-0.00006
-0.00009
-0.00009
-0.00012
-0.00012
-0.00009
-0.00009
-0.00009
-0.00006
-0.00003
-0.00009
-0.00009
-0.00012
-0.00003
-0.00027
-0.00021
-0.00006
-0.00024
-0.00006
-0.00012
-0.00003
-0.00003
0.00000
0.00000
-0.00003
-0.00006
-0.00006
-0.00006
-0.00012
-0.00009
-0.00012
-0.00021
-0.00015
-0.00009
-0.00009
-0.00006
0.00000
0.00000
0.00000
0.00000
-0.00003
-0.00006
-0.00003
-0.00006
-0.00015
-0.00009
-0.00003
-0.00009
-0.00003
-0.00006
-0.00012
-0.00003
-0.00009
-0.00012
-0.00012
-0.00006
-0.00006
-0.00006
-0.00003
0.00000
-0.00003
-0.00009
0.00000
-0.00003
-0.00003
-0.00003
-0.00006
-0.00006
-0.00003
-0.00006
-0.00009
-0.00006
-0.00006
-0.00006
-0.00003
-0.00003
-0.00003
0.00000
0.00000
-0.00003
0.00000
-0.00003
0.00003
0.00000
-0.00003
0.00000
-0.00006
-0.00006
-0.00006
-0.00003
-0.00003
-0.00003
0.00003
0.00003
0.00006
0.00000
0.00000
-0.00012
-0.00006
-0.00006
-0.00012
-0.00006
-0.00003
0.00009
0.00003
0.00000
0.00000
0.00003
-0.00003
-0.00009
0.00000
-0.00003
-0.00003
-0.00003
0.00000
0.00000
-0.00009
-0.00003
-0.00006
-0.00006
-0.00012
-0.00015
-0.00003
-0.00003
0.00000
0.00000
0.00003
0.00006
0.00006
0.00000
0.00015
-0.00015
0.00027
-0.00085
0.00122
-0.00214
0.00287
-0.00433
0.00601
-0.00848
0.01138
-0.08356
-0.11850
0.05487
-0.02112
-0.00424
-0.01239
0.02878
0.06354
0.07401
0.04608
-0.00854
0.00653
-0.04044
-0.02383
0.02621
0.02203
-0.01996
-0.01624
-0.00299
0.00250
0.03250
0.01352
-0.02414
-0.00256
0.00833
0.00076
0.00891
0.00800
-0.01010
-0.00348
0.00400
-0.00116
0.00116
0.00204
-0.00229
-0.00732
0.00357
0.00626
0.00317
-0.00104
0.00424
0.00491
0.00281
0.00073
-0.00290
-0.00604
0.00000
0.00204
-0.00259
-0.00137
0.00226
-0.00031
-0.00098
0.00513
0.00253
-0.00064
0.00214
0.00244
0.00162
-0.00018
-0.00113
-0.00186
-0.00070
0.00058
-0.00223
-0.00177
-0.00046
-0.00211
-0.00061
-0.00067
0.00089
0.00018
-0.00027
0.00159
0.00021
0.00027
0.00079
-0.00092
-0.00159
-0.00171
-0.00031
-0.00168
-0.00275
-0.00241
-0.00156
0.00006
-0.00107
-0.00079
0.00070
0.00089
-0.00003
-0.00098
0.00009
0.00003
-0.00110
-0.00037
-0.00140
-0.00174
-0.00165
-0.00150
-0.00204
-0.00238
-0.00137
-0.00061
-0.00015
0.00061
0.00031
0.00098
0.00076
-0.00003
0.00024
0.00000
0.00000
0.00000
0.00000
0.00000
0.00000
0.00000
0.00000
0.00000
0.00000
0.00000
0.00000
0.00000
0.00000
0.00000
0.00000
0.00000
0.00000
0.00000
0.00000
0.00000
0.00000
0.00000
0.00000
0.00000
0.00000
0.00000
0.00000
0.00000
0.00000
0.00000
0.00000
0.00000
0.00000
0.00000
0.00000
0.00000
0.00000
0.00000
0.00000
0.00000
0.00000
0.00000
0.00000
0.00000
0.00000
0.00000
0.00000
0.00000
0.00000
0.00000
0.00000
0.00000
0.00000
0.00000
0.00000
0.00000
0.00000
0.00000
0.00000
0.00000
0.00000
0.00000
0.00000
0.00000
0.00000
0.00000
0.00000
0.00000
0.00000
0.00000
0.00000
0.00000
0.00000
0.00000
0.00000
0.00000
0.00000
0.00000
0.00000
0.00000
0.00000
0.00000
0.00000
0.00000
0.00000
0.00000
0.00000
0.00000
0.00000
0.00000
0.00000
0.00000
0.00000
0.00000
0.00000
0.00000
0.00000
0.00000
0.00000
0.00000
0.00000
0.00000
0.00000
0.00000
0.00000
0.00000
0.00000
0.00000
0.00000
0.00000
0.00000
0.00000
0.00000
0.00000
0.00000
0.00000
0.00000
0.00000
0.00000
0.00000
0.00000
0.00000
0.00000
0.00000
0.00000
0.00000
0.00000
0.00000
0.00000
0.00000
0.00000
0.00000
0.00000
0.00000
0.00000
0.00000
0.00000
0.00000
0.00000
0.00000
0.00000
0.00000
0.00000
0.00000
0.00000
0.00000
0.00000
0.00000
0.00000
0.00000
0.00000
0.00000
0.00000
0.00000
0.00000
0.00000
0.00000
0.00000
0.00000
0.00000
0.00000
0.00000
0.00000
0.00000
0.00000
0.00000
0.00000
0.00000
0.00000
0.00000
0.00000
0.00000
0.00000
0.00000
0.00000
0.00000
0.00000
0.00000
0.00000
0.00000
0.00000
0.00000
0.00000
0.00000
0.00000
0.00000
0.00000
0.00000
0.00000
0.00000
0.00000
0.00000
0.00000
0.00000
0.00000
0.00000
0.00000
0.00000
0.00000
0.00000
0.00000
0.00000
0.00000
0.00000
0.00000
0.00000
0.00000
0.00000
0.00000
0.00000
0.00000
0.00000
0.00000
0.00000
0.00000
0.00000
0.00000
0.00000
