-0.00046
-0.00052
-0.00052
-0.00049
-0.00049
-0.00046
-0.00043
-0.00043
-0.00043
-0.00040
-0.00043
-0.00046
-0.00052
-0.00055
-0.00049
-0.00046
-0.00043
-0.00043
-0.00040
-0.00037
-0.00040
-0.00040
-0.00037
-0.00043
-0.00046
-0.00049
-0.00049
-0.00046
-0.00046
-0.00043
-0.00046
-0.00043
-0.00040
-0.00040
-0.00037
-0.00046
-0.00040
-0.00040
-0.00040
-0.00043
-0.00040
-0.00043
-0.00043
-0.00040
-0.00046
-0.00043
-0.00046
-0.00043
-0.00040
-0.00040
-0.00034
-0.00037
-0.00040
-0.00040
-0.00040
-0.00043
-0.00040
-0.00040
-0.00040
-0.00037
-0.00037
-0.00037
-0.00037
-0.00037
-0.00037
-0.00037
-0.00031
-0.00037
-0.00043
-0.00027
-0.00043
-0.00037
-0.00040
-0.00043
-0.00031
-0.00043
-0.00040
-0.00037
-0.00037
-0.00037
-0.00037
-0.00034
-0.00040
-0.00037
-0.00034
-0.00034
-0.00034
-0.00037
-0.00037
-0.00034
-0.00037
-0.00040
-0.00040
-0.00037
-0.00040
-0.00040
-0.00034
-0.00031
-0.00027
-0.00027
-0.00031
-0.00027
-0.00031
-0.00037
-0.00034
-0.00034
-0.00040
-0.00040
-0.00037
-0.00034
-0.00031
-0.00027
-0.00031
-0.00031
-0.00024
-0.00034
-0.00034
-0.00031
-0.00031
-0.00037
-0.00031
-0.00031
-0.00031
-0.00031
-0.00027
-0.00027
-0.00031
-0.00031
-0.00037
-0.00034
-0.00027
-0.00031
-0.00027
-0.00024
-0.00024
-0.00031
-0.00024
-0.00024
-0.00027
-0.00034
-0.00031
-0.00024
-0.00027
-0.00024
-0.00021
-0.00021
-0.00021
-0.00031
-0.00024
-0.00021
-0.00031
-0.00031
-0.00024
-0.00027
-0.00024
-0.00031
-0.00021
-0.00021
-0.00024
-0.00018
-0.00018
-0.00015
-0.00018
-0.00021
-0.00021
-0.00024
-0.00024
-0.00024
-0.00018
-0.00021
-0.00024
-0.00018
-0.00015
-0.00018
-0.00024
-0.00021
-0.00018
-0.00021
-0.00015
-0.00015
-0.00018
-0.00012
-0.00018
-0.00012
-0.00024
-0.00009
-0.00037
-0.00006
-0.00049
-0.00012
-0.00024
-0.00046
0.00089
-0.00171
-0.00781
-0.07217
-0.02100
-0.02115
-0.01746
0.02176
-0.00290
0.07690
0.06857
0.02017
0.00183
-0.01291
-0.01544
-0.03677
-0.01450
-0.00534
-0.00943
0.01108
-0.00015
0.01016
0.02893
0.00397
-0.01636
-0.00131
-0.00040
0.00052
0.00528
0.00266
-0.00064
0.00330
-0.00455
-0.00873
0.00418
0.00256
-0.00348
0.00388
0.00629
0.00320
0.00366
0.00278
0.00043
0.00134
0.00116
-0.00284
-0.00293
-0.00076
-0.00174
-0.00024
0.00131
0.00131
0.00110
0.00180
0.00174
0.00180
0.00177
0.00208
0.00153
0.00049
0.00073
0.00064
-0.00150
-0.00027
0.00037
0.00006
-0.00134
-0.00146
0.00040
0.00064
0.00146
0.00064
0.00003
0.00110
-0.00116
-0.00110
-0.00052
0.00079
0.00089
-0.00113
0.00006
0.00015
0.00034
0.00046
-0.00098
-0.00043
-0.00177
-0.00186
-0.00082
-0.00049
0.00070
0.00000
0.00000
0.00058
-0.00049
-0.00009
-0.00052
-0.00024
-0.00079
-0.00131
-0.00073
-0.00110
-0.00107
-0.00082
-0.00128
-0.00055
-0.00018
0.00027
0.00000
0.00000
0.00000
0.00000
0.00000
0.00000
0.00000
0.00000
0.00000
0.00000
0.00000
0.00000
0.00000
0.00000
0.00000
0.00000
0.00000
0.00000
0.00000
0.00000
0.00000
0.00000
0.00000
0.00000
0.00000
0.00000
0.00000
0.00000
0.00000
0.00000
0.00000
0.00000
0.00000
0.00000
0.00000
0.00000
0.00000
0.00000
0.00000
0.00000
0.00000
0.00000
0.00000
0.00000
0.00000
0.00000
0.00000
0.00000
0.00000
0.00000
0.00000
0.00000
0.00000
0.00000
0.00000
0.00000
0.00000
0.00000
0.00000
0.00000
0.00000
0.00000
0.00000
0.00000
0.00000
0.00000
0.00000
0.00000
0.00000
0.00000
0.00000
0.00000
0.00000
0.00000
0.00000
0.00000
0.00000
0.00000
0.00000
0.00000
0.00000
0.00000
0.00000
0.00000
0.00000
0.00000
0.00000
0.00000
0.00000
0.00000
0.00000
0.00000
0.00000
0.00000
0.00000
0.00000
0.00000
0.00000
0.00000
0.00000
0.00000
0.00000
0.00000
0.00000
0.00000
0.00000
0.00000
0.00000
0.00000
0.00000
0.00000
0.00000
0.00000
0.00000
0.00000
0.00000
0.00000
0.00000
0.00000
0.00000
0.00000
0.00000
0.00000
0.00000
0.00000
0.00000
0.00000
0.00000
0.00000
0.00000
0.00000
0.00000
0.00000
0.00000
0.00000
0.00000
0.00000
0.00000
0.00000
0.00000
0.00000
0.00000
0.00000
0.00000
0.00000
0.00000
0.00000
0.00000
0.00000
0.00000
0.00000
0.00000
0.00000
0.00000
0.00000
0.00000
0.00000
0.00000
0.00000
0.00000
0.00000
0.00000
0.00000
0.00000
0.00000
0.00000
0.00000
0.00000
0.00000
0.00000
0.00000
0.00000
0.00000
0.00000
0.00000
0.00000
0.00000
0.00000
0.00000
0.00000
0.00000
0.00000
0.00000
0.00000
0.00000
0.00000
0.00000
0.00000
0.00000
0.00000
0.00000
0.00000
0.00000
0.00000
0.00000
0.00000
0.00000
0.00000
0.00000
0.00000
0.00000
0.00000
0.00000
0.00000
0.00000
0.00000
0.00000
0.00000
0.00000
0.00000
0.00000
0.00000
