-0.00037
-0.00031
-0.00031
-0.00031
-0.00021
-0.00027
-0.00024
-0.00024
-0.00031
-0.00037
-0.00043
-0.00046
-0.00049
-0.00040
-0.00031
-0.00027
-0.00027
-0.00021
-0.00018
-0.00024
-0.00031
-0.00037
-0.00043
-0.00043
-0.00043
-0.00040
-0.00034
-0.00027
-0.00021
-0.00021
-0.00021
-0.00024
-0.00031
-0.00034
-0.00027
-0.00037
-0.00034
-0.00031
-0.00034
-0.00034
-0.00031
-0.00040
-0.00040
-0.00040
-0.00040
-0.00040
-0.00037
-0.00034
-0.00031
-0.00034
-0.00034
-0.00034
-0.00031
-0.00031
-0.00034
-0.00034
-0.00034
-0.00031
-0.00031
-0.00037
-0.00037
-0.00040
-0.00043
-0.00043
-0.00043
-0.00040
-0.00043
-0.00040
-0.00027
-0.00031
-0.00027
-0.00024
-0.00027
-0.00024
-0.00040
-0.00037
-0.00034
-0.00040
-0.00037
-0.00037
-0.00031
-0.00034
-0.00031
-0.00027
-0.00027
-0.00031
-0.00034
-0.00034
-0.00037
-0.00037
-0.00034
-0.00031
-0.00027
-0.00027
-0.00027
-0.00027
-0.00027
-0.00031
-0.00031
-0.00034
-0.00037
-0.00040
-0.00037
-0.00034
-0.00037
-0.00034
-0.00031
-0.00034
-0.00037
-0.00037
-0.00034
-0.00031
-0.00027
-0.00027
-0.00031
-0.00027
-0.00024
-0.00024
-0.00024
-0.00021
-0.00024
-0.00034
-0.00031
-0.00034
-0.00034
-0.00031
-0.00024
-0.00027
-0.00024
-0.00024
-0.00027
-0.00034
-0.00037
-0.00040
-0.00040
-0.00037
-0.00031
-0.00031
-0.00024
-0.00021
-0.00021
-0.00024
-0.00027
-0.00031
-0.00034
-0.00040
-0.00040
-0.00031
-0.00027
-0.00021
-0.00018
-0.00015
-0.00012
-0.00015
-0.00021
-0.00024
-0.00027
-0.00037
-0.00037
-0.00037
-0.00027
-0.00024
-0.00021
-0.00021
-0.00021
-0.00018
-0.00021
-0.00021
-0.00021
-0.00021
-0.00018
-0.00024
-0.00021
-0.00021
-0.00018
-0.00018
-0.00027
-0.00024
-0.00024
-0.00024
-0.00024
-0.00027
-0.00021
-0.00021
-0.00018
-0.00015
-0.00031
-0.00009
-0.00049
0.00009
-0.00076
0.00067
-0.00131
0.00153
-0.00244
0.00208
-0.03101
-0.04916
-0.00928
-0.02783
0.00589
-0.00012
0.01752
0.06580
0.04318
0.01379
-0.00281
-0.00662
-0.01904
-0.02438
-0.00623
-0.01324
-0.00293
0.00504
0.00037
0.01688
0.01898
-0.00430
-0.00607
0.00262
-0.00006
0.00092
0.00217
-0.00195
0.00092
0.00323
-0.00461
-0.00208
0.00439
0.00079
0.00046
0.00345
0.00308
0.00150
0.00171
0.00015
0.00000
0.00104
0.00116
-0.00104
0.00061
0.00119
-0.00009
-0.00143
-0.00061
0.00070
0.00150
0.00128
0.00085
0.00104
0.00232
0.00217
0.00085
0.00082
0.00201
-0.00003
-0.00168
-0.00067
0.00027
0.00027
-0.00113
-0.00061
0.00040
0.00079
0.00101
-0.00064
0.00000
0.00003
-0.00040
0.00046
0.00000
0.00061
-0.00067
-0.00092
0.00089
0.00037
0.00015
-0.00085
-0.00076
-0.00031
-0.00092
-0.00085
-0.00113
-0.00082
-0.00058
-0.00079
0.00031
0.00021
-0.00021
0.00006
0.00006
0.00003
-0.00092
-0.00113
-0.00113
-0.00137
-0.00140
-0.00128
-0.00049
-0.00012
0.00000
0.00000
0.00000
0.00000
0.00000
0.00000
0.00000
0.00000
0.00000
0.00000
0.00000
0.00000
0.00000
0.00000
0.00000
0.00000
0.00000
0.00000
0.00000
0.00000
0.00000
0.00000
0.00000
0.00000
0.00000
0.00000
0.00000
0.00000
0.00000
0.00000
0.00000
0.00000
0.00000
0.00000
0.00000
0.00000
0.00000
0.00000
0.00000
0.00000
0.00000
0.00000
0.00000
0.00000
0.00000
0.00000
0.00000
0.00000
0.00000
0.00000
0.00000
0.00000
0.00000
0.00000
0.00000
0.00000
0.00000
0.00000
0.00000
0.00000
0.00000
0.00000
0.00000
0.00000
0.00000
0.00000
0.00000
0.00000
0.00000
0.00000
0.00000
0.00000
0.00000
0.00000
0.00000
0.00000
0.00000
0.00000
0.00000
0.00000
0.00000
0.00000
0.00000
0.00000
0.00000
0.00000
0.00000
0.00000
0.00000
0.00000
0.00000
0.00000
0.00000
0.00000
0.00000
0.00000
0.00000
0.00000
0.00000
0.00000
0.00000
0.00000
0.00000
0.00000
0.00000
0.00000
0.00000
0.00000
0.00000
0.00000
0.00000
0.00000
0.00000
0.00000
0.00000
0.00000
0.00000
0.00000
0.00000
0.00000
0.00000
0.00000
0.00000
0.00000
0.00000
0.00000
0.00000
0.00000
0.00000
0.00000
0.00000
0.00000
0.00000
0.00000
0.00000
0.00000
0.00000
0.00000
0.00000
0.00000
0.00000
0.00000
0.00000
0.00000
0.00000
0.00000
0.00000
0.00000
0.00000
0.00000
0.00000
0.00000
0.00000
0.00000
0.00000
0.00000
0.00000
0.00000
0.00000
0.00000
0.00000
0.00000
0.00000
0.00000
0.00000
0.00000
0.00000
0.00000
0.00000
0.00000
0.00000
0.00000
0.00000
0.00000
0.00000
0.00000
0.00000
0.00000
0.00000
0.00000
0.00000
0.00000
0.00000
0.00000
0.00000
0.00000
0.00000
0.00000
0.00000
0.00000
0.00000
0.00000
0.00000
0.00000
0.00000
0.00000
0.00000
0.00000
0.00000
0.00000
0.00000
0.00000
0.00000
0.00000
0.00000
0.00000
0.00000
0.00000
0.00000
0.00000
0.00000
0.00000
