-0.00009
-0.00009
-0.00012
-0.00012
-0.00015
-0.00018
-0.00018
-0.00018
-0.00018
-0.00018
-0.00018
-0.00015
-0.00015
-0.00012
-0.00012
-0.00012
-0.00012
-0.00009
-0.00009
-0.00012
-0.00018
-0.00018
-0.00015
-0.00018
-0.00018
-0.00015
-0.00009
-0.00009
-0.00012
-0.00012
-0.00012
-0.00015
-0.00018
-0.00018
-0.00012
-0.00024
-0.00015
-0.00012
-0.00009
-0.00012
-0.00015
-0.00018
-0.00015
-0.00015
-0.00015
-0.00009
-0.00009
-0.00012
-0.00015
-0.00012
-0.00015
-0.00012
-0.00009
-0.00012
-0.00012
-0.00012
-0.00012
-0.00012
-0.00018
-0.00018
-0.00018
-0.00015
-0.00009
-0.00006
-0.00003
0.00000
-0.00003
-0.00012
-0.00012
-0.00006
-0.00009
-0.00015
-0.00009
-0.00003
-0.00006
-0.00009
-0.00012
-0.00012
-0.00015
-0.00018
-0.00012
-0.00009
-0.00006
-0.00006
-0.00003
0.00000
-0.00003
-0.00006
-0.00006
-0.00003
-0.00009
-0.00012
-0.00012
-0.00012
-0.00012
-0.00009
-0.00006
-0.00003
-0.00003
-0.00006
-0.00009
-0.00012
-0.00009
-0.00006
-0.00006
-0.00006
-0.00009
-0.00009
-0.00006
-0.00006
-0.00009
-0.00009
-0.00012
-0.00012
-0.00009
-0.00003
-0.00003
0.00000
-0.00003
-0.00003
-0.00009
-0.00012
-0.00012
-0.00012
-0.00012
-0.00015
-0.00009
-0.00003
-0.00003
-0.00003
-0.00003
-0.00003
-0.00009
-0.00009
-0.00006
-0.00006
-0.00009
-0.00006
-0.00003
-0.00006
-0.00006
-0.00006
-0.00006
-0.00009
-0.00012
-0.00009
-0.00003
-0.00006
-0.00006
-0.00006
-0.00006
-0.00006
-0.00006
-0.00009
-0.00012
-0.00006
-0.00009
-0.00006
0.00000
0.00000
0.00000
0.00000
-0.00006
-0.00009
-0.00012
-0.00012
-0.00012
-0.00012
-0.00006
-0.00003
0.00000
0.00000
0.00006
0.00000
-0.00003
-0.00006
-0.00003
-0.00006
-0.00006
-0.00003
-0.00003
-0.00003
0.00000
-0.00003
-0.00003
-0.00006
-0.00012
-0.00009
-0.00015
-0.00009
-0.00012
0.00012
-0.00018
0.00037
-0.00058
0.00079
-0.00107
0.00034
-0.02274
-0.03009
-0.00635
-0.00925
0.00092
-0.00449
-0.00525
0.01086
0.01535
0.01791
0.01843
0.00531
-0.00281
-0.00439
0.00244
0.00375
0.00006
-0.00113
-0.00668
-0.00223
0.00305
0.00229
0.00259
0.00107
-0.00049
0.00192
0.00354
0.00256
0.00137
0.00000
-0.00070
0.00061
-0.00012
-0.00168
-0.00076
-0.00012
0.00034
0.00238
0.00250
0.00217
0.00317
0.00284
0.00266
0.00217
0.00113
-0.00146
-0.00153
-0.00082
-0.00052
0.00040
0.00131
0.00089
0.00095
0.00110
0.00082
0.00095
0.00177
0.00208
0.00153
0.00015
-0.00024
-0.00003
0.00000
-0.00021
-0.00024
0.00024
0.00027
-0.00006
-0.00018
0.00018
0.00101
0.00043
-0.00061
-0.00067
-0.00031
0.00031
0.00046
-0.00009
-0.00021
-0.00043
-0.00012
-0.00031
-0.00021
-0.00006
-0.00049
-0.00061
-0.00079
-0.00082
-0.00061
-0.00089
-0.00064
-0.00012
0.00043
0.00031
-0.00021
-0.00034
-0.00067
-0.00082
-0.00082
-0.00079
-0.00058
-0.00079
-0.00104
-0.00137
-0.00137
0.00000
0.00000
0.00000
0.00000
0.00000
0.00000
0.00000
0.00000
0.00000
0.00000
0.00000
0.00000
0.00000
0.00000
0.00000
0.00000
0.00000
0.00000
0.00000
0.00000
0.00000
0.00000
0.00000
0.00000
0.00000
0.00000
0.00000
0.00000
0.00000
0.00000
0.00000
0.00000
0.00000
0.00000
0.00000
0.00000
0.00000
0.00000
0.00000
0.00000
0.00000
0.00000
0.00000
0.00000
0.00000
0.00000
0.00000
0.00000
0.00000
0.00000
0.00000
0.00000
0.00000
0.00000
0.00000
0.00000
0.00000
0.00000
0.00000
0.00000
0.00000
0.00000
0.00000
0.00000
0.00000
0.00000
0.00000
0.00000
0.00000
0.00000
0.00000
0.00000
0.00000
0.00000
0.00000
0.00000
0.00000
0.00000
0.00000
0.00000
0.00000
0.00000
0.00000
0.00000
0.00000
0.00000
0.00000
0.00000
0.00000
0.00000
0.00000
0.00000
0.00000
0.00000
0.00000
0.00000
0.00000
0.00000
0.00000
0.00000
0.00000
0.00000
0.00000
0.00000
0.00000
0.00000
0.00000
0.00000
0.00000
0.00000
0.00000
0.00000
0.00000
0.00000
0.00000
0.00000
0.00000
0.00000
0.00000
0.00000
0.00000
0.00000
0.00000
0.00000
0.00000
0.00000
0.00000
0.00000
0.00000
0.00000
0.00000
0.00000
0.00000
0.00000
0.00000
0.00000
0.00000
0.00000
0.00000
0.00000
0.00000
0.00000
0.00000
0.00000
0.00000
0.00000
0.00000
0.00000
0.00000
0.00000
0.00000
0.00000
0.00000
0.00000
0.00000
0.00000
0.00000
0.00000
0.00000
0.00000
0.00000
0.00000
0.00000
0.00000
0.00000
0.00000
0.00000
0.00000
0.00000
0.00000
0.00000
0.00000
0.00000
0.00000
0.00000
0.00000
0.00000
0.00000
0.00000
0.00000
0.00000
0.00000
0.00000
0.00000
0.00000
0.00000
0.00000
0.00000
0.00000
0.00000
0.00000
0.00000
0.00000
0.00000
0.00000
0.00000
0.00000
0.00000
0.00000
0.00000
0.00000
0.00000
0.00000
0.00000
0.00000
0.00000
0.00000
0.00000
0.00000
