-0.00012
-0.00012
-0.00012
-0.00018
-0.00015
-0.00012
-0.00012
-0.00015
-0.00015
-0.00012
-0.00012
-0.00015
-0.00012
-0.00009
-0.00012
-0.00012
-0.00009
-0.00009
-0.00012
-0.00015
-0.00018
-0.00015
-0.00015
-0.00018
-0.00015
-0.00012
-0.00015
-0.00015
-0.00009
-0.00009
-0.00015
-0.00012
-0.00009
-0.00012
-0.00012
-0.00018
-0.00012
-0.00012
-0.00018
-0.00018
-0.00012
-0.00015
-0.00018
-0.00012
-0.00012
-0.00018
-0.00018
-0.00018
-0.00015
-0.00015
-0.00012
-0.00009
-0.00012
-0.00012
-0.00018
-0.00018
-0.00018
-0.00021
-0.00021
-0.00015
-0.00015
-0.00018
-0.00015
-0.00009
-0.00009
-0.00012
-0.00009
-0.00009
-0.00012
-0.00015
-0.00015
-0.00021
-0.00021
-0.00021
-0.00021
-0.00018
-0.00018
-0.00015
-0.00012
-0.00009
-0.00012
-0.00015
-0.00015
-0.00015
-0.00021
-0.00021
-0.00018
-0.00018
-0.00015
-0.00015
-0.00015
-0.00015
-0.00015
-0.00012
-0.00012
-0.00012
-0.00012
-0.00012
-0.00015
-0.00015
-0.00018
-0.00018
-0.00015
-0.00015
-0.00018
-0.00018
-0.00015
-0.00015
-0.00015
-0.00018
-0.00015
-0.00012
-0.00012
-0.00015
-0.00018
-0.00015
-0.00015
-0.00018
-0.00012
-0.00012
-0.00015
-0.00015
-0.00009
-0.00009
-0.00015
-0.00018
-0.00018
-0.00012
-0.00015
-0.00018
-0.00015
-0.00012
-0.00012
-0.00015
-0.00012
-0.00012
-0.00015
-0.00015
-0.00012
-0.00012
-0.00012
-0.00012
-0.00009
-0.00012
-0.00018
-0.00015
-0.00015
-0.00018
-0.00018
-0.00015
-0.00012
-0.00009
-0.00009
-0.00009
-0.00009
-0.00012
-0.00018
-0.00018
-0.00012
-0.00015
-0.00015
-0.00009
-0.00009
-0.00012
-0.00015
-0.00015
-0.00012
-0.00012
-0.00012
-0.00012
-0.00009
-0.00012
-0.00012
-0.00012
-0.00009
-0.00015
-0.00015
-0.00012
-0.00015
-0.00015
-0.00015
-0.00015
-0.00021
-0.00027
-0.00015
-0.00015
-0.00015
-0.00012
-0.00006
-0.00009
-0.00009
-0.00009
-0.00012
-0.00012
-0.00018
-0.00021
-0.00018
-0.00009
-0.00027
-0.00003
-0.00037
-0.00128
-0.01361
-0.01950
-0.01346
-0.01099
-0.00824
-0.00897
-0.00925
0.00958
0.02756
0.01929
0.00916
0.00525
-0.00165
-0.00351
-0.00082
-0.00311
-0.00214
-0.00165
-0.00531
0.00140
0.01193
0.00806
0.00000
-0.00034
0.00101
0.00116
0.00125
-0.00128
-0.00082
0.00119
-0.00073
-0.00253
0.00000
0.00165
0.00113
0.00299
0.00348
0.00262
0.00131
0.00027
0.00070
0.00119
0.00058
-0.00064
-0.00009
0.00168
0.00177
-0.00003
-0.00137
-0.00085
0.00055
0.00134
0.00125
0.00082
0.00101
0.00107
0.00058
0.00012
0.00049
0.00067
-0.00024
-0.00021
0.00079
0.00107
0.00021
-0.00076
-0.00006
0.00021
-0.00024
-0.00043
0.00031
0.00073
0.00037
-0.00043
-0.00085
-0.00031
-0.00040
-0.00037
-0.00046
-0.00049
-0.00076
-0.00024
0.00067
0.00015
-0.00061
-0.00116
-0.00098
-0.00055
-0.00046
-0.00049
-0.00058
-0.00070
-0.00055
-0.00015
0.00000
0.00000
0.00000
0.00000
0.00000
0.00000
0.00000
0.00000
0.00000
0.00000
0.00000
0.00000
0.00000
0.00000
0.00000
0.00000
0.00000
0.00000
0.00000
0.00000
0.00000
0.00000
0.00000
0.00000
0.00000
0.00000
0.00000
0.00000
0.00000
0.00000
0.00000
0.00000
0.00000
0.00000
0.00000
0.00000
0.00000
0.00000
0.00000
0.00000
0.00000
0.00000
0.00000
0.00000
0.00000
0.00000
0.00000
0.00000
0.00000
0.00000
0.00000
0.00000
0.00000
0.00000
0.00000
0.00000
0.00000
0.00000
0.00000
0.00000
0.00000
0.00000
0.00000
0.00000
0.00000
0.00000
0.00000
0.00000
0.00000
0.00000
0.00000
0.00000
0.00000
0.00000
0.00000
0.00000
0.00000
0.00000
0.00000
0.00000
0.00000
0.00000
0.00000
0.00000
0.00000
0.00000
0.00000
0.00000
0.00000
0.00000
0.00000
0.00000
0.00000
0.00000
0.00000
0.00000
0.00000
0.00000
0.00000
0.00000
0.00000
0.00000
0.00000
0.00000
0.00000
0.00000
0.00000
0.00000
0.00000
0.00000
0.00000
0.00000
0.00000
0.00000
0.00000
0.00000
0.00000
0.00000
0.00000
0.00000
0.00000
0.00000
0.00000
0.00000
0.00000
0.00000
0.00000
0.00000
0.00000
0.00000
0.00000
0.00000
0.00000
0.00000
0.00000
0.00000
0.00000
0.00000
0.00000
0.00000
0.00000
0.00000
0.00000
0.00000
0.00000
0.00000
0.00000
0.00000
0.00000
0.00000
0.00000
0.00000
0.00000
0.00000
0.00000
0.00000
0.00000
0.00000
0.00000
0.00000
0.00000
0.00000
0.00000
0.00000
0.00000
0.00000
0.00000
0.00000
0.00000
0.00000
0.00000
0.00000
0.00000
0.00000
0.00000
0.00000
0.00000
0.00000
0.00000
0.00000
0.00000
0.00000
0.00000
0.00000
0.00000
0.00000
0.00000
0.00000
0.00000
0.00000
0.00000
0.00000
0.00000
0.00000
0.00000
0.00000
0.00000
0.00000
0.00000
0.00000
0.00000
0.00000
0.00000
0.00000
0.00000
0.00000
0.00000
0.00000
0.00000
0.00000
0.00000
0.00000
0.00000
0.00000
0.00000
0.00000
