-0.00006
-0.00009
-0.00006
-0.00006
0.00000
-0.00003
-0.00003
-0.00006
-0.00006
-0.00006
0.00000
-0.00003
-0.00003
0.00000
-0.00003
-0.00006
-0.00003
0.00000
-0.00003
-0.00006
-0.00003
-0.00003
-0.00006
-0.00003
-0.00003
-0.00009
-0.00006
0.00000
-0.00003
0.00000
0.00000
-0.00003
-0.00003
-0.00003
-0.00006
-0.00012
-0.00012
-0.00003
-0.00009
-0.00009
0.00000
-0.00006
-0.00003
0.00000
-0.00003
-0.00003
0.00000
0.00000
-0.00003
-0.00003
-0.00006
-0.00009
0.00000
0.00000
-0.00015
0.00000
-0.00003
-0.00012
-0.00003
-0.00006
-0.00006
-0.00003
0.00000
0.00000
-0.00006
-0.00003
-0.00003
-0.00006
-0.00006
-0.00006
-0.00006
-0.00009
-0.00003
0.00000
-0.00006
-0.00003
-0.00006
-0.00012
-0.00009
-0.00006
-0.00006
-0.00006
0.00000
-0.00003
-0.00012
-0.00015
-0.00012
-0.00009
-0.00006
-0.00006
-0.00003
0.00000
0.00000
-0.00009
-0.00015
-0.00009
-0.00009
-0.00015
-0.00012
-0.00006
-0.00015
-0.00012
-0.00003
-0.00009
-0.00009
-0.00006
-0.00009
-0.00009
-0.00006
-0.00009
-0.00012
-0.00009
-0.00009
-0.00009
-0.00009
-0.00006
-0.00006
-0.00012
-0.00012
-0.00012
-0.00012
-0.00018
-0.00009
-0.00006
-0.00006
-0.00003
-0.00006
-0.00009
-0.00006
-0.00009
-0.00012
-0.00006
-0.00006
-0.00012
-0.00012
-0.00009
-0.00009
-0.00009
-0.00003
-0.00009
-0.00006
-0.00009
-0.00012
-0.00006
-0.00006
-0.00012
-0.00012
-0.00006
-0.00006
-0.00006
0.00000
0.00000
-0.00006
-0.00012
-0.00012
-0.00009
-0.00009
-0.00009
-0.00012
-0.00006
-0.00009
-0.00015
-0.00009
-0.00006
-0.00009
-0.00009
-0.00009
-0.00003
-0.00009
-0.00006
-0.00009
0.00006
-0.00018
-0.00006
0.00000
-0.00046
0.00052
-0.00140
0.00204
-0.00348
-0.01025
-0.14542
-0.13168
0.00790
0.03467
0.07712
0.08871
0.07648
0.06464
0.03265
-0.02798
-0.04974
-0.04135
-0.02606
-0.00119
0.03995
0.01260
-0.01837
-0.00098
0.00159
-0.00253
0.01651
-0.00009
-0.00928
0.00482
0.00674
0.00775
0.01511
0.01108
-0.00522
-0.00272
-0.00320
-0.01208
-0.01221
-0.00177
0.00104
0.00259
0.00714
0.00940
0.00778
0.00510
0.00436
0.00040
-0.00406
-0.00543
-0.00531
-0.00171
0.00253
0.00156
-0.00073
-0.00043
0.00421
0.00183
0.00266
0.00470
0.00171
-0.00076
0.00089
0.00046
-0.00043
-0.00128
-0.00146
-0.00244
-0.00293
-0.00238
-0.00293
-0.00089
0.00098
0.00043
0.00134
0.00223
0.00247
0.00076
0.00107
0.00195
-0.00006
-0.00177
-0.00244
-0.00269
-0.00162
-0.00146
-0.00101
-0.00180
-0.00174
-0.00208
-0.00223
-0.00150
-0.00107
-0.00061
0.00140
0.00153
0.00204
0.00241
0.00241
0.00049
-0.00134
-0.00311
-0.00500
-0.00409
-0.00278
-0.00214
-0.00064
-0.00098
-0.00098
0.00003
-0.00043
-0.00107
-0.00034
0.00125
0.00162
0.00119
0.00055
0.00009
-0.00067
-0.00180
-0.00266
-0.00293
-0.00299
-0.00269
-0.00180
-0.00143
-0.00119
-0.00031
0.00031
0.00085
0.00128
0.00116
0.00052
-0.00018
-0.00113
-0.00195
-0.00198
-0.00186
-0.00180
-0.00156
-0.00153
-0.00165
-0.00162
-0.00067
0.00000
0.00000
0.00006
-0.00021
-0.00082
-0.00067
0.00009
0.00092
0.00034
-0.00031
-0.00101
-0.00076
-0.00003
-0.00046
0.00046
0.00162
0.00259
0.00320
0.00226
0.00162
0.00049
-0.00134
-0.00134
-0.00143
-0.00183
-0.00119
-0.00055
-0.00021
-0.00018
-0.00015
-0.00031
-0.00064
-0.00049
-0.00012
-0.00012
0.00037
0.00104
0.00082
0.00079
0.00067
0.00000
-0.00021
0.00021
-0.00009
-0.00159
-0.00223
-0.00232
-0.00220
-0.00125
0.00031
0.00189
0.00195
0.00244
0.00308
0.00296
0.00095
-0.00128
-0.00296
-0.00412
-0.00388
-0.00174
0.00192
0.00311
0.00348
0.00244
0.00122
-0.00021
-0.00140
-0.00046
-0.00009
0.00000
-0.00024
0.00055
0.00046
-0.00232
-0.00427
-0.00491
-0.00354
-0.00107
0.00217
0.00552
0.00552
0.00610
0.00568
0.00363
-0.00174
-0.00458
-0.00406
-0.00452
-0.00308
-0.00134
0.00000
-0.00137
-0.00143
-0.00140
-0.00186
-0.00089
0.00012
0.00201
0.00424
0.00574
0.00360
0.00220
0.00171
-0.00180
-0.00446
-0.00485
-0.00348
-0.00394
-0.00165
0.00137
0.00043
0.00183
0.00208
0.00186
0.00238
0.00470
0.00461
0.00116
0.00070
-0.00296
-0.00500
-0.00333
-0.00287
-0.00189
-0.00113
0.00153
0.00156
-0.00027
-0.00024
-0.00092
-0.00027
0.00006
-0.00046
0.00040
0.00043
0.00052
-0.00052
-0.00073
-0.00046
-0.00101
-0.00082
-0.00079
-0.00089
-0.00217
-0.00180
-0.00159
-0.00101
-0.00079
-0.00128
-0.00079
0.00000
0.00000
0.00000
0.00000
0.00000
0.00000
0.00000
0.00000
0.00000
0.00000
0.00000
0.00000
0.00000
0.00000
0.00000
0.00000
0.00000
0.00000
0.00000
0.00000
0.00000
0.00000
0.00000
0.00000
0.00000
0.00000
0.00000
0.00000
0.00000
0.00000
0.00000
0.00000
0.00000
0.00000
0.00000
0.00000
0.00000
0.00000
0.00000
0.00000
0.00000
0.00000
