-0.00015
-0.00009
-0.00003
-0.00009
-0.00006
-0.00009
-0.00015
-0.00015
-0.00012
-0.00012
-0.00015
-0.00015
-0.00018
-0.00018
-0.00012
-0.00012
-0.00012
-0.00009
-0.00006
-0.00015
-0.00018
-0.00018
-0.00018
-0.00018
-0.00018
-0.00015
-0.00015
-0.00009
-0.00006
-0.00012
-0.00015
-0.00018
-0.00018
-0.00012
-0.00012
-0.00012
-0.00012
-0.00009
-0.00012
-0.00012
-0.00009
-0.00015
-0.00012
-0.00012
-0.00012
-0.00009
-0.00009
-0.00015
-0.00012
-0.00015
-0.00015
-0.00015
-0.00009
-0.00009
-0.00009
-0.00009
-0.00012
-0.00015
-0.00018
-0.00018
-0.00015
-0.00015
-0.00021
-0.00012
-0.00015
-0.00012
-0.00009
-0.00009
-0.00012
-0.00015
-0.00012
-0.00015
-0.00021
-0.00018
-0.00018
-0.00018
-0.00012
-0.00012
-0.00009
-0.00006
-0.00009
-0.00018
-0.00024
-0.00021
-0.00021
-0.00012
-0.00006
-0.00006
-0.00006
-0.00009
-0.00009
-0.00021
-0.00024
-0.00021
-0.00018
-0.00015
-0.00012
-0.00012
-0.00012
-0.00009
-0.00006
-0.00009
-0.00009
-0.00009
-0.00018
-0.00018
-0.00015
-0.00012
-0.00018
-0.00012
-0.00012
-0.00015
-0.00009
-0.00009
-0.00012
-0.00015
-0.00012
-0.00015
-0.00015
-0.00009
-0.00009
-0.00009
-0.00009
-0.00015
-0.00021
-0.00021
-0.00018
-0.00012
-0.00006
-0.00003
-0.00009
-0.00018
-0.00018
-0.00012
-0.00009
-0.00009
-0.00006
-0.00009
-0.00015
-0.00021
-0.00021
-0.00021
-0.00018
-0.00009
-0.00009
-0.00012
-0.00012
-0.00018
-0.00021
-0.00015
-0.00015
-0.00018
-0.00015
-0.00012
-0.00018
-0.00018
-0.00015
-0.00015
-0.00012
-0.00012
-0.00012
-0.00012
-0.00015
-0.00015
-0.00018
-0.00015
-0.00018
-0.00015
-0.00015
-0.00012
-0.00012
-0.00018
-0.00018
-0.00018
-0.00018
-0.00018
-0.00018
-0.00012
-0.00018
-0.00003
-0.00015
0.00000
-0.00024
-0.00031
-0.00003
-0.00067
0.00073
-0.00150
-0.00491
-0.06549
-0.06564
-0.05011
-0.00467
0.07010
0.07190
0.04956
0.01523
0.01779
-0.00565
-0.02594
-0.02835
-0.01837
0.00140
0.01620
0.00375
0.00351
0.00259
-0.00626
0.00098
0.01172
0.00516
-0.00543
-0.00064
0.00125
0.00272
0.00360
0.00113
-0.00290
0.00040
-0.00305
-0.00433
-0.00021
0.00192
0.00000
0.00211
0.00577
0.00494
0.00409
0.00415
0.00214
-0.00183
-0.00241
-0.00223
-0.00098
-0.00085
0.00079
0.00104
0.00165
0.00137
0.00168
0.00143
0.00272
0.00241
0.00098
0.00110
0.00092
-0.00070
-0.00104
-0.00018
-0.00024
-0.00082
-0.00031
0.00018
-0.00031
0.00037
-0.00012
0.00009
0.00049
0.00000
0.00034
0.00006
0.00067
0.00043
0.00006
0.00009
-0.00076
-0.00156
-0.00134
-0.00095
-0.00021
-0.00101
-0.00058
-0.00070
-0.00082
-0.00070
-0.00064
-0.00143
-0.00082
-0.00107
-0.00043
0.00000
0.00000
0.00000
0.00000
0.00000
0.00000
0.00000
0.00000
0.00000
0.00000
0.00000
0.00000
0.00000
0.00000
0.00000
0.00000
0.00000
0.00000
0.00000
0.00000
0.00000
0.00000
0.00000
0.00000
0.00000
0.00000
0.00000
0.00000
0.00000
0.00000
0.00000
0.00000
0.00000
0.00000
0.00000
0.00000
0.00000
0.00000
0.00000
0.00000
0.00000
0.00000
0.00000
0.00000
0.00000
0.00000
0.00000
0.00000
0.00000
0.00000
0.00000
0.00000
0.00000
0.00000
0.00000
0.00000
0.00000
0.00000
0.00000
0.00000
0.00000
0.00000
0.00000
0.00000
0.00000
0.00000
0.00000
0.00000
0.00000
0.00000
0.00000
0.00000
0.00000
0.00000
0.00000
0.00000
0.00000
0.00000
0.00000
0.00000
0.00000
0.00000
0.00000
0.00000
0.00000
0.00000
0.00000
0.00000
0.00000
0.00000
0.00000
0.00000
0.00000
0.00000
0.00000
0.00000
0.00000
0.00000
0.00000
0.00000
0.00000
0.00000
0.00000
0.00000
0.00000
0.00000
0.00000
0.00000
0.00000
0.00000
0.00000
0.00000
0.00000
0.00000
0.00000
0.00000
0.00000
0.00000
0.00000
0.00000
0.00000
0.00000
0.00000
0.00000
0.00000
0.00000
0.00000
0.00000
0.00000
0.00000
0.00000
0.00000
0.00000
0.00000
0.00000
0.00000
0.00000
0.00000
0.00000
0.00000
0.00000
0.00000
0.00000
0.00000
0.00000
0.00000
0.00000
0.00000
0.00000
0.00000
0.00000
0.00000
0.00000
0.00000
0.00000
0.00000
0.00000
0.00000
0.00000
0.00000
0.00000
0.00000
0.00000
0.00000
0.00000
0.00000
0.00000
0.00000
0.00000
0.00000
0.00000
0.00000
0.00000
0.00000
0.00000
0.00000
0.00000
0.00000
0.00000
0.00000
0.00000
0.00000
0.00000
0.00000
0.00000
0.00000
0.00000
0.00000
0.00000
0.00000
0.00000
0.00000
0.00000
0.00000
0.00000
0.00000
0.00000
0.00000
0.00000
0.00000
0.00000
0.00000
0.00000
0.00000
0.00000
0.00000
0.00000
0.00000
0.00000
0.00000
0.00000
0.00000
0.00000
0.00000
0.00000
0.00000
0.00000
0.00000
0.00000
0.00000
0.00000
0.00000
0.00000
0.00000
0.00000
0.00000
0.00000
0.00000
0.00000
0.00000
0.00000
0.00000
