0.00000
0.00006
0.00009
0.00003
0.00000
0.00000
0.00000
0.00000
0.00000
0.00000
0.00000
0.00003
0.00003
0.00000
0.00000
0.00003
0.00000
0.00000
0.00006
0.00003
0.00003
0.00006
0.00000
0.00000
-0.00003
-0.00003
-0.00003
-0.00003
-0.00003
0.00000
0.00000
0.00000
-0.00003
-0.00003
0.00000
-0.00003
-0.00003
0.00000
-0.00003
-0.00006
-0.00003
-0.00003
-0.00003
-0.00003
-0.00006
-0.00009
0.00000
0.00000
-0.00006
-0.00006
-0.00009
-0.00012
-0.00012
-0.00012
-0.00009
-0.00003
-0.00024
-0.00009
0.00000
0.00000
0.00003
-0.00003
-0.00009
-0.00021
-0.00015
-0.00015
-0.00018
-0.00012
-0.00003
-0.00006
-0.00012
-0.00012
-0.00015
-0.00015
-0.00006
-0.00003
-0.00009
-0.00006
-0.00006
-0.00009
-0.00009
-0.00012
-0.00015
-0.00018
-0.00009
-0.00015
-0.00018
-0.00015
-0.00015
-0.00015
-0.00003
-0.00012
-0.00021
-0.00015
-0.00009
-0.00015
-0.00018
-0.00009
-0.00006
-0.00009
-0.00021
-0.00021
-0.00031
-0.00031
-0.00012
-0.00012
-0.00012
-0.00012
-0.00021
-0.00027
-0.00021
-0.00018
-0.00018
-0.00006
-0.00003
-0.00012
-0.00018
-0.00021
-0.00031
-0.00031
-0.00021
-0.00021
-0.00021
-0.00024
-0.00024
-0.00024
-0.00021
-0.00018
-0.00015
-0.00015
-0.00018
-0.00021
-0.00027
-0.00024
-0.00021
-0.00018
-0.00018
-0.00018
-0.00018
-0.00027
-0.00018
-0.00021
-0.00021
-0.00024
-0.00027
-0.00031
-0.00024
-0.00018
-0.00021
-0.00012
-0.00015
-0.00018
-0.00021
-0.00031
-0.00031
-0.00027
-0.00021
-0.00024
-0.00027
-0.00024
-0.00031
-0.00021
-0.00021
-0.00027
-0.00027
-0.00031
-0.00021
-0.00018
-0.00018
-0.00015
-0.00015
-0.00021
-0.00034
-0.00031
-0.00043
-0.00058
0.00000
-0.00107
0.00101
-0.00226
0.00299
-0.00488
-0.00357
-0.13486
-0.15463
-0.01923
0.03787
0.13431
0.10632
0.07736
0.03873
0.02808
-0.02679
-0.07526
-0.04898
-0.02979
0.00665
0.03320
0.01181
-0.00922
0.00256
0.00000
0.00592
0.02676
0.00885
-0.02097
-0.00189
0.00580
0.00446
0.00613
0.00565
-0.00327
-0.00101
-0.00348
-0.01031
-0.00607
-0.00034
0.00027
0.00177
0.00879
0.00711
0.00549
0.00537
0.00516
-0.00201
-0.00647
-0.00772
-0.00494
-0.00226
0.00244
0.00162
-0.00043
0.00021
0.00430
0.00415
0.00473
0.00461
-0.00009
-0.00171
-0.00064
-0.00131
-0.00143
-0.00098
-0.00073
-0.00165
-0.00174
-0.00092
-0.00204
-0.00104
0.00003
0.00027
0.00095
0.00067
0.00165
0.00024
0.00064
0.00128
0.00006
-0.00073
-0.00247
-0.00381
-0.00278
-0.00183
-0.00046
-0.00171
-0.00134
-0.00143
-0.00186
-0.00092
-0.00140
-0.00171
-0.00061
0.00076
0.00204
0.00235
0.00275
0.00146
-0.00131
-0.00275
-0.00540
-0.00537
-0.00424
-0.00211
-0.00098
-0.00052
0.00037
0.00012
-0.00018
-0.00116
-0.00134
-0.00006
0.00101
0.00098
0.00082
0.00049
-0.00122
-0.00259
-0.00290
-0.00287
-0.00317
-0.00269
-0.00177
-0.00150
-0.00098
-0.00061
-0.00003
0.00055
0.00113
0.00110
0.00000
-0.00079
-0.00165
-0.00214
-0.00217
-0.00189
-0.00153
-0.00174
-0.00171
-0.00180
-0.00195
-0.00116
-0.00027
0.00015
-0.00031
-0.00079
-0.00076
-0.00012
0.00079
0.00031
-0.00027
-0.00107
-0.00073
-0.00015
0.00003
0.00049
0.00098
0.00214
0.00278
0.00189
0.00131
0.00027
-0.00119
-0.00171
-0.00211
-0.00198
-0.00128
-0.00046
-0.00018
-0.00006
-0.00006
-0.00049
-0.00076
-0.00049
-0.00018
-0.00027
-0.00006
0.00027
0.00040
0.00031
0.00037
0.00009
0.00000
0.00027
0.00012
-0.00049
-0.00076
-0.00064
-0.00052
-0.00024
-0.00055
-0.00125
-0.00183
-0.00189
-0.00153
-0.00024
0.00116
0.00162
0.00189
0.00232
0.00238
0.00131
0.00015
-0.00082
-0.00208
-0.00269
-0.00198
-0.00043
0.00058
0.00143
0.00183
0.00137
0.00070
0.00000
-0.00015
-0.00006
-0.00021
-0.00052
-0.00055
-0.00073
-0.00131
-0.00168
-0.00168
-0.00107
-0.00049
-0.00003
0.00040
0.00034
0.00119
0.00076
0.00067
0.00027
0.00000
-0.00003
-0.00082
0.00015
-0.00006
0.00070
0.00162
0.00131
-0.00031
-0.00061
0.00107
-0.00064
-0.00089
0.00006
-0.00095
-0.00168
-0.00092
-0.00079
-0.00177
-0.00192
-0.00119
-0.00003
0.00192
0.00171
0.00186
0.00275
0.00070
-0.00049
0.00089
0.00046
-0.00085
0.00146
0.00201
-0.00040
-0.00113
-0.00162
-0.00256
-0.00256
-0.00082
-0.00055
-0.00095
0.00070
0.00092
0.00137
0.00150
0.00076
0.00018
-0.00058
-0.00085
-0.00165
-0.00195
-0.00183
-0.00156
-0.00079
-0.00055
-0.00031
-0.00034
-0.00021
0.00000
0.00000
0.00000
0.00000
0.00000
0.00000
0.00000
0.00000
0.00000
0.00000
0.00000
0.00000
0.00000
0.00000
0.00000
0.00000
0.00000
0.00000
0.00000
0.00000
0.00000
0.00000
0.00000
0.00000
0.00000
0.00000
0.00000
0.00000
0.00000
0.00000
0.00000
0.00000
0.00000
0.00000
0.00000
0.00000
0.00000
0.00000
0.00000
0.00000
0.00000
0.00000
0.00000
