-0.00009
-0.00009
-0.00009
-0.00009
-0.00006
-0.00009
-0.00009
-0.00006
-0.00009
-0.00009
-0.00006
-0.00006
-0.00006
-0.00006
-0.00009
-0.00009
-0.00009
-0.00012
-0.00009
-0.00009
-0.00009
-0.00009
-0.00006
-0.00006
-0.00006
-0.00009
-0.00009
-0.00009
-0.00009
-0.00009
-0.00009
-0.00009
-0.00006
0.00000
-0.00003
-0.00009
-0.00012
-0.00012
-0.00015
-0.00012
-0.00006
-0.00006
-0.00003
-0.00009
-0.00012
-0.00012
-0.00012
-0.00012
-0.00012
-0.00009
-0.00012
-0.00009
-0.00006
-0.00006
-0.00012
-0.00012
-0.00009
-0.00009
-0.00012
-0.00009
-0.00009
-0.00009
-0.00009
-0.00012
-0.00018
-0.00012
-0.00012
-0.00009
-0.00006
-0.00009
-0.00018
-0.00015
-0.00018
-0.00018
-0.00012
-0.00006
-0.00003
-0.00012
-0.00012
-0.00012
-0.00012
-0.00015
-0.00018
-0.00012
-0.00009
-0.00012
-0.00009
-0.00009
-0.00012
-0.00015
-0.00009
-0.00006
-0.00015
-0.00018
-0.00015
-0.00021
-0.00021
-0.00015
-0.00006
-0.00006
-0.00009
-0.00012
-0.00015
-0.00015
-0.00018
-0.00018
-0.00012
-0.00012
-0.00015
-0.00009
-0.00009
-0.00015
-0.00015
-0.00009
-0.00012
-0.00012
-0.00015
-0.00012
-0.00015
-0.00015
-0.00012
-0.00009
-0.00015
-0.00015
-0.00012
-0.00009
-0.00009
-0.00012
-0.00012
-0.00012
-0.00015
-0.00018
-0.00018
-0.00015
-0.00012
-0.00009
-0.00006
-0.00003
-0.00006
-0.00012
-0.00012
-0.00015
-0.00015
-0.00012
-0.00012
-0.00012
-0.00012
-0.00009
-0.00012
-0.00012
-0.00012
-0.00012
-0.00012
-0.00009
-0.00006
-0.00006
-0.00012
-0.00015
-0.00012
-0.00012
-0.00015
-0.00012
-0.00012
-0.00012
-0.00012
-0.00012
-0.00012
-0.00012
-0.00012
-0.00012
-0.00009
-0.00015
-0.00015
-0.00009
-0.00009
-0.00009
-0.00006
-0.00006
-0.00006
-0.00018
-0.00018
-0.00009
-0.00015
-0.00018
-0.00015
-0.00003
-0.00006
-0.00009
-0.00006
-0.00012
-0.00003
-0.00034
-0.00003
-0.00037
0.00040
-0.00061
0.00003
-0.01617
-0.03024
-0.03043
-0.02234
0.00363
0.01645
0.02127
0.01758
0.01608
0.00882
-0.00461
-0.01041
-0.00760
-0.00281
0.00485
0.00537
0.00403
0.00433
-0.00098
-0.00214
0.00037
0.00253
0.00143
0.00201
0.00354
0.00385
0.00323
0.00189
0.00073
0.00131
0.00098
-0.00085
-0.00119
-0.00046
-0.00031
0.00058
0.00204
0.00195
0.00134
0.00189
0.00336
0.00317
0.00235
0.00125
0.00031
-0.00064
-0.00128
-0.00058
0.00021
0.00000
0.00107
0.00104
0.00128
0.00171
0.00162
0.00137
0.00113
0.00098
0.00000
-0.00024
0.00000
0.00000
0.00031
0.00055
0.00037
0.00027
0.00015
-0.00021
-0.00009
0.00015
0.00012
-0.00021
-0.00009
-0.00006
0.00009
0.00000
0.00000
0.00000
0.00000
0.00000
0.00000
0.00000
0.00000
0.00000
0.00000
0.00000
0.00000
0.00000
0.00000
0.00000
0.00000
0.00000
0.00000
0.00000
0.00000
0.00000
0.00000
0.00000
0.00000
0.00000
0.00000
0.00000
0.00000
0.00000
0.00000
0.00000
0.00000
0.00000
0.00000
0.00000
0.00000
0.00000
0.00000
0.00000
0.00000
0.00000
0.00000
0.00000
0.00000
0.00000
0.00000
0.00000
0.00000
0.00000
0.00000
0.00000
0.00000
0.00000
0.00000
0.00000
0.00000
0.00000
0.00000
0.00000
0.00000
0.00000
0.00000
0.00000
0.00000
0.00000
0.00000
0.00000
0.00000
0.00000
0.00000
0.00000
0.00000
0.00000
0.00000
0.00000
0.00000
0.00000
0.00000
0.00000
0.00000
0.00000
0.00000
0.00000
0.00000
0.00000
0.00000
0.00000
0.00000
0.00000
0.00000
0.00000
0.00000
0.00000
0.00000
0.00000
0.00000
0.00000
0.00000
0.00000
0.00000
0.00000
0.00000
0.00000
0.00000
0.00000
0.00000
0.00000
0.00000
0.00000
0.00000
0.00000
0.00000
0.00000
0.00000
0.00000
0.00000
0.00000
0.00000
0.00000
0.00000
0.00000
0.00000
0.00000
0.00000
0.00000
0.00000
0.00000
0.00000
0.00000
0.00000
0.00000
0.00000
0.00000
0.00000
0.00000
0.00000
0.00000
0.00000
0.00000
0.00000
0.00000
0.00000
0.00000
0.00000
0.00000
0.00000
0.00000
0.00000
0.00000
0.00000
0.00000
0.00000
0.00000
0.00000
0.00000
0.00000
0.00000
0.00000
0.00000
0.00000
0.00000
0.00000
0.00000
0.00000
0.00000
0.00000
0.00000
0.00000
0.00000
0.00000
0.00000
0.00000
0.00000
0.00000
0.00000
0.00000
0.00000
0.00000
0.00000
0.00000
0.00000
0.00000
0.00000
0.00000
0.00000
0.00000
0.00000
0.00000
0.00000
0.00000
0.00000
0.00000
0.00000
0.00000
0.00000
0.00000
0.00000
0.00000
0.00000
0.00000
0.00000
0.00000
0.00000
0.00000
0.00000
0.00000
0.00000
0.00000
0.00000
0.00000
0.00000
0.00000
0.00000
0.00000
0.00000
0.00000
0.00000
0.00000
0.00000
0.00000
0.00000
0.00000
0.00000
0.00000
0.00000
0.00000
0.00000
0.00000
0.00000
0.00000
0.00000
0.00000
0.00000
0.00000
0.00000
0.00000
0.00000
0.00000
0.00000
0.00000
