0.00006
0.00006
0.00003
0.00006
0.00012
0.00012
0.00012
0.00009
0.00003
0.00000
0.00006
0.00003
0.00000
0.00006
0.00009
0.00000
0.00000
0.00006
0.00003
0.00009
0.00009
0.00006
0.00006
0.00009
0.00006
0.00000
0.00000
0.00000
0.00000
0.00009
0.00012
0.00006
0.00006
0.00003
0.00000
0.00000
0.00000
0.00003
0.00003
0.00006
0.00009
0.00003
0.00000
0.00003
0.00000
0.00003
0.00000
0.00000
0.00000
0.00000
0.00003
0.00009
0.00000
0.00009
0.00000
-0.00006
0.00006
0.00000
0.00000
-0.00003
-0.00003
0.00003
0.00003
0.00003
0.00006
0.00000
0.00000
0.00000
-0.00003
0.00000
0.00006
0.00006
0.00006
0.00006
0.00000
-0.00006
-0.00003
-0.00006
-0.00006
-0.00003
0.00000
0.00000
0.00000
0.00003
-0.00003
-0.00006
-0.00003
0.00000
0.00000
0.00000
-0.00006
-0.00003
-0.00003
-0.00006
-0.00009
-0.00006
0.00000
0.00000
-0.00006
0.00000
0.00000
-0.00009
0.00000
0.00000
-0.00015
-0.00012
-0.00006
-0.00006
-0.00003
0.00003
0.00000
0.00000
-0.00003
-0.00012
-0.00015
-0.00012
-0.00012
-0.00015
-0.00006
0.00000
-0.00006
-0.00009
-0.00003
-0.00009
-0.00018
-0.00012
-0.00012
-0.00012
-0.00003
-0.00006
-0.00009
-0.00009
-0.00006
-0.00012
-0.00015
-0.00009
-0.00012
-0.00015
-0.00009
-0.00012
-0.00015
-0.00006
-0.00015
-0.00018
-0.00012
-0.00012
-0.00018
-0.00012
-0.00006
-0.00012
-0.00015
-0.00009
-0.00009
-0.00015
-0.00015
-0.00012
-0.00021
-0.00021
-0.00024
-0.00021
-0.00015
-0.00015
-0.00018
-0.00018
-0.00015
-0.00015
-0.00018
-0.00018
-0.00012
-0.00024
-0.00012
-0.00031
0.00003
-0.00073
0.00052
-0.00119
0.00116
-0.00211
0.00229
-0.00357
0.00327
-0.06668
-0.18555
-0.05872
0.02997
0.06305
0.09732
0.08792
0.07190
0.04953
0.00027
-0.05011
-0.05328
-0.03510
-0.01520
0.02444
0.03629
-0.00916
-0.01495
0.00562
-0.00537
0.00266
0.01752
-0.00650
-0.00153
0.01001
0.00830
0.00833
0.01132
0.00052
-0.00574
-0.00220
-0.00787
-0.01324
-0.00629
0.00146
0.00006
0.00342
0.00974
0.00995
0.00528
0.00653
0.00250
-0.00342
-0.00729
-0.00598
-0.00415
0.00089
0.00235
-0.00034
-0.00156
0.00293
0.00388
0.00168
0.00436
0.00366
-0.00119
-0.00061
0.00070
-0.00027
-0.00113
-0.00122
-0.00143
-0.00302
-0.00247
-0.00256
-0.00287
-0.00015
0.00034
0.00031
0.00143
0.00262
0.00159
0.00049
0.00156
0.00079
-0.00140
-0.00201
-0.00293
-0.00284
-0.00198
-0.00125
-0.00146
-0.00211
-0.00192
-0.00217
-0.00189
-0.00125
-0.00150
-0.00037
0.00134
0.00143
0.00204
0.00247
0.00229
-0.00055
-0.00204
-0.00400
-0.00623
-0.00461
-0.00259
-0.00156
-0.00021
-0.00067
-0.00037
-0.00006
-0.00064
-0.00143
-0.00070
0.00110
0.00125
0.00089
0.00040
-0.00052
-0.00165
-0.00259
-0.00293
-0.00342
-0.00330
-0.00223
-0.00171
-0.00131
-0.00092
-0.00015
0.00043
0.00070
0.00101
0.00070
-0.00021
-0.00110
-0.00183
-0.00208
-0.00204
-0.00217
-0.00204
-0.00180
-0.00183
-0.00208
-0.00174
-0.00052
0.00000
0.00000
-0.00043
-0.00107
-0.00092
-0.00024
0.00076
0.00031
-0.00021
-0.00098
-0.00092
-0.00006
-0.00037
0.00021
0.00113
0.00226
0.00314
0.00208
0.00140
0.00043
-0.00156
-0.00171
-0.00177
-0.00201
-0.00134
-0.00067
-0.00037
-0.00037
-0.00043
-0.00055
-0.00082
-0.00061
-0.00031
-0.00037
0.00003
0.00067
0.00064
0.00058
0.00055
-0.00018
-0.00055
0.00009
0.00000
-0.00073
-0.00110
-0.00159
-0.00201
-0.00226
-0.00165
-0.00098
0.00049
0.00159
0.00168
0.00272
0.00330
0.00204
-0.00049
-0.00174
-0.00293
-0.00394
-0.00296
0.00012
0.00186
0.00211
0.00266
0.00192
0.00076
-0.00079
-0.00089
-0.00034
-0.00027
-0.00040
-0.00024
0.00067
-0.00098
-0.00360
-0.00424
-0.00360
-0.00174
0.00000
0.00381
0.00482
0.00446
0.00504
0.00381
0.00058
-0.00403
-0.00320
-0.00311
-0.00323
-0.00192
-0.00165
-0.00211
-0.00235
-0.00009
-0.00006
-0.00003
0.00192
0.00272
0.00381
0.00488
0.00430
0.00049
-0.00107
-0.00159
-0.00455
-0.00537
-0.00366
-0.00299
-0.00323
0.00101
0.00262
0.00229
0.00354
0.00305
0.00153
0.00177
0.00378
0.00107
-0.00067
0.00000
-0.00266
-0.00348
-0.00174
-0.00073
-0.00134
-0.00119
0.00052
-0.00110
-0.00137
0.00034
-0.00037
0.00037
0.00128
0.00143
0.00082
0.00024
0.00015
-0.00143
-0.00146
-0.00143
-0.00146
-0.00122
-0.00116
-0.00150
-0.00186
-0.00131
-0.00131
-0.00122
0.00000
0.00000
0.00000
0.00000
0.00000
0.00000
0.00000
0.00000
0.00000
0.00000
0.00000
0.00000
0.00000
0.00000
0.00000
0.00000
0.00000
0.00000
0.00000
0.00000
0.00000
0.00000
0.00000
0.00000
0.00000
0.00000
0.00000
0.00000
0.00000
0.00000
0.00000
0.00000
0.00000
0.00000
0.00000
0.00000
0.00000
0.00000
0.00000
0.00000
0.00000
0.00000
0.00000
