0.00000
0.00000
0.00000
0.00000
0.00000
0.00003
0.00003
0.00006
0.00003
0.00000
0.00000
0.00000
0.00000
0.00000
0.00000
0.00000
0.00000
0.00000
0.00003
0.00003
0.00000
0.00000
0.00000
-0.00006
-0.00003
0.00000
0.00000
0.00000
0.00000
0.00000
-0.00003
-0.00006
-0.00006
-0.00003
0.00000
0.00000
0.00000
0.00003
0.00000
-0.00006
-0.00006
-0.00009
-0.00003
0.00000
0.00000
-0.00003
-0.00003
-0.00006
-0.00006
-0.00006
-0.00009
-0.00003
0.00000
-0.00003
-0.00003
-0.00006
-0.00006
-0.00009
-0.00009
-0.00009
-0.00009
-0.00006
-0.00003
-0.00003
-0.00006
-0.00006
-0.00009
-0.00012
-0.00012
-0.00009
-0.00009
-0.00009
-0.00006
-0.00006
-0.00009
-0.00009
-0.00009
-0.00012
-0.00012
-0.00012
-0.00012
-0.00012
-0.00009
-0.00012
-0.00012
-0.00012
-0.00015
-0.00018
-0.00018
-0.00018
-0.00015
-0.00012
-0.00012
-0.00012
-0.00012
-0.00018
-0.00018
-0.00012
-0.00012
-0.00015
-0.00015
-0.00015
-0.00018
-0.00018
-0.00015
-0.00018
-0.00021
-0.00021
-0.00021
-0.00018
-0.00015
-0.00015
-0.00018
-0.00018
-0.00018
-0.00021
-0.00015
-0.00018
-0.00021
-0.00024
-0.00024
-0.00021
-0.00021
-0.00018
-0.00015
-0.00018
-0.00015
-0.00018
-0.00021
-0.00021
-0.00018
-0.00018
-0.00018
-0.00018
-0.00018
-0.00024
-0.00021
-0.00021
-0.00021
-0.00021
-0.00018
-0.00018
-0.00021
-0.00021
-0.00021
-0.00021
-0.00018
-0.00018
-0.00021
-0.00021
-0.00021
-0.00021
-0.00021
-0.00021
-0.00024
-0.00024
-0.00024
-0.00024
-0.00024
-0.00024
-0.00021
-0.00021
-0.00021
-0.00024
-0.00021
-0.00021
-0.00021
-0.00021
-0.00021
-0.00021
-0.00024
-0.00024
-0.00024
-0.00024
-0.00024
-0.00021
-0.00021
-0.00024
-0.00024
-0.00024
-0.00031
-0.00024
-0.00021
-0.00021
-0.00018
-0.00021
-0.00027
-0.00034
-0.00031
-0.00021
-0.00040
-0.00009
-0.00055
0.00021
-0.00076
-0.00034
-0.01978
-0.03311
-0.03159
-0.02191
0.00824
0.02234
0.02490
0.01865
0.01703
0.00845
-0.00769
-0.01318
-0.01038
-0.00528
0.00299
0.00232
0.00272
0.00543
0.00049
-0.00101
0.00272
0.00351
-0.00006
0.00110
0.00314
0.00342
0.00363
0.00250
-0.00009
0.00006
0.00012
-0.00116
-0.00003
0.00058
-0.00073
-0.00027
0.00153
0.00195
0.00204
0.00208
0.00208
0.00140
0.00125
0.00089
0.00079
0.00043
0.00006
-0.00052
-0.00107
-0.00018
0.00018
0.00052
0.00168
0.00174
0.00116
0.00113
0.00150
0.00052
0.00000
0.00000
-0.00043
-0.00076
-0.00073
-0.00027
-0.00006
0.00021
0.00043
0.00031
0.00027
0.00000
0.00000
0.00000
0.00000
0.00000
0.00000
0.00000
0.00000
0.00000
0.00000
0.00000
0.00000
0.00000
0.00000
0.00000
0.00000
0.00000
0.00000
0.00000
0.00000
0.00000
0.00000
0.00000
0.00000
0.00000
0.00000
0.00000
0.00000
0.00000
0.00000
0.00000
0.00000
0.00000
0.00000
0.00000
0.00000
0.00000
0.00000
0.00000
0.00000
0.00000
0.00000
0.00000
0.00000
0.00000
0.00000
0.00000
0.00000
0.00000
0.00000
0.00000
0.00000
0.00000
0.00000
0.00000
0.00000
0.00000
0.00000
0.00000
0.00000
0.00000
0.00000
0.00000
0.00000
0.00000
0.00000
0.00000
0.00000
0.00000
0.00000
0.00000
0.00000
0.00000
0.00000
0.00000
0.00000
0.00000
0.00000
0.00000
0.00000
0.00000
0.00000
0.00000
0.00000
0.00000
0.00000
0.00000
0.00000
0.00000
0.00000
0.00000
0.00000
0.00000
0.00000
0.00000
0.00000
0.00000
0.00000
0.00000
0.00000
0.00000
0.00000
0.00000
0.00000
0.00000
0.00000
0.00000
0.00000
0.00000
0.00000
0.00000
0.00000
0.00000
0.00000
0.00000
0.00000
0.00000
0.00000
0.00000
0.00000
0.00000
0.00000
0.00000
0.00000
0.00000
0.00000
0.00000
0.00000
0.00000
0.00000
0.00000
0.00000
0.00000
0.00000
0.00000
0.00000
0.00000
0.00000
0.00000
0.00000
0.00000
0.00000
0.00000
0.00000
0.00000
0.00000
0.00000
0.00000
0.00000
0.00000
0.00000
0.00000
0.00000
0.00000
0.00000
0.00000
0.00000
0.00000
0.00000
0.00000
0.00000
0.00000
0.00000
0.00000
0.00000
0.00000
0.00000
0.00000
0.00000
0.00000
0.00000
0.00000
0.00000
0.00000
0.00000
0.00000
0.00000
0.00000
0.00000
0.00000
0.00000
0.00000
0.00000
0.00000
0.00000
0.00000
0.00000
0.00000
0.00000
0.00000
0.00000
0.00000
0.00000
0.00000
0.00000
0.00000
0.00000
0.00000
0.00000
0.00000
0.00000
0.00000
0.00000
0.00000
0.00000
0.00000
0.00000
0.00000
0.00000
0.00000
0.00000
0.00000
0.00000
0.00000
0.00000
0.00000
0.00000
0.00000
0.00000
0.00000
0.00000
0.00000
0.00000
0.00000
0.00000
0.00000
0.00000
0.00000
0.00000
0.00000
0.00000
0.00000
0.00000
0.00000
0.00000
0.00000
0.00000
0.00000
0.00000
0.00000
0.00000
0.00000
0.00000
0.00000
0.00000
0.00000
0.00000
