-0.00015
-0.00015
-0.00018
-0.00018
-0.00021
-0.00021
-0.00015
-0.00015
-0.00018
-0.00015
-0.00012
-0.00015
-0.00015
-0.00015
-0.00015
-0.00018
-0.00015
-0.00012
-0.00015
-0.00012
-0.00012
-0.00015
-0.00015
-0.00012
-0.00015
-0.00018
-0.00015
-0.00015
-0.00015
-0.00015
-0.00012
-0.00015
-0.00012
-0.00012
-0.00015
-0.00012
-0.00015
-0.00012
-0.00015
-0.00018
-0.00012
-0.00015
-0.00012
-0.00009
-0.00015
-0.00012
-0.00006
-0.00012
-0.00012
-0.00012
-0.00015
-0.00015
-0.00015
-0.00015
-0.00012
-0.00012
-0.00009
-0.00012
-0.00018
-0.00012
-0.00018
-0.00012
-0.00009
-0.00012
-0.00012
-0.00012
-0.00012
-0.00015
-0.00015
-0.00015
-0.00012
-0.00015
-0.00012
-0.00006
-0.00009
-0.00012
-0.00009
-0.00012
-0.00018
-0.00015
-0.00012
-0.00015
-0.00015
-0.00015
-0.00015
-0.00012
-0.00009
-0.00015
-0.00015
-0.00012
-0.00015
-0.00018
-0.00012
-0.00012
-0.00015
-0.00012
-0.00009
-0.00012
-0.00015
-0.00012
-0.00015
-0.00018
-0.00015
-0.00012
-0.00012
-0.00012
-0.00009
-0.00012
-0.00015
-0.00015
-0.00015
-0.00012
-0.00012
-0.00015
-0.00015
-0.00012
-0.00012
-0.00015
-0.00012
-0.00015
-0.00015
-0.00012
-0.00009
-0.00012
-0.00012
-0.00009
-0.00009
-0.00012
-0.00015
-0.00012
-0.00015
-0.00012
-0.00012
-0.00012
-0.00012
-0.00012
-0.00012
-0.00009
-0.00012
-0.00012
-0.00015
-0.00009
-0.00006
-0.00012
-0.00009
-0.00009
-0.00012
-0.00015
-0.00015
-0.00015
-0.00015
-0.00015
-0.00012
-0.00009
-0.00009
-0.00012
-0.00006
-0.00006
-0.00012
-0.00012
-0.00009
-0.00015
-0.00015
-0.00012
-0.00012
-0.00015
-0.00015
-0.00015
-0.00009
-0.00009
-0.00015
-0.00009
-0.00012
-0.00009
-0.00018
0.00000
-0.00027
0.00000
-0.00031
0.00000
-0.00024
-0.00043
0.00037
-0.00128
-0.00912
-0.08203
-0.06488
-0.03604
-0.01190
0.04178
0.05051
0.04462
0.04922
0.04626
0.00836
-0.00839
-0.02618
-0.02737
-0.01181
0.00812
-0.00021
0.00189
0.01172
-0.00198
0.00247
0.01117
0.00311
0.00186
0.00494
0.00085
-0.00238
-0.00085
-0.00430
-0.00510
0.00125
-0.00116
-0.00217
0.00327
0.00519
0.00320
0.00293
0.00330
0.00232
0.00040
0.00101
0.00073
0.00027
0.00143
0.00000
-0.00125
-0.00113
-0.00082
-0.00214
-0.00174
-0.00085
0.00040
0.00143
0.00345
0.00388
0.00253
0.00223
0.00208
0.00052
-0.00024
-0.00092
-0.00140
-0.00119
-0.00046
-0.00012
-0.00098
-0.00046
-0.00061
-0.00061
0.00000
0.00012
0.00000
-0.00015
0.00076
0.00098
0.00061
0.00061
-0.00043
-0.00165
-0.00168
-0.00180
-0.00153
-0.00131
-0.00110
-0.00119
-0.00131
-0.00131
-0.00140
-0.00153
0.00018
-0.00043
0.00058
0.00183
0.00146
0.00150
0.00055
-0.00021
-0.00259
-0.00308
-0.00345
-0.00327
-0.00183
-0.00211
-0.00058
0.00000
-0.00018
-0.00021
-0.00034
0.00000
-0.00012
0.00015
0.00000
-0.00031
-0.00052
-0.00101
-0.00098
-0.00128
-0.00211
-0.00211
-0.00171
-0.00168
-0.00143
-0.00107
-0.00073
-0.00031
0.00012
0.00037
0.00012
-0.00015
-0.00046
-0.00089
-0.00101
-0.00143
-0.00180
-0.00174
-0.00168
-0.00183
-0.00201
-0.00150
-0.00098
-0.00067
-0.00064
-0.00034
-0.00018
-0.00018
0.00012
0.00018
0.00000
-0.00003
-0.00003
0.00000
0.00000
0.00000
0.00000
0.00000
0.00000
0.00000
0.00000
0.00000
0.00000
0.00000
0.00000
0.00000
0.00000
0.00000
0.00000
0.00000
0.00000
0.00000
0.00000
0.00000
0.00000
0.00000
0.00000
0.00000
0.00000
0.00000
0.00000
0.00000
0.00000
0.00000
0.00000
0.00000
0.00000
0.00000
0.00000
0.00000
0.00000
0.00000
0.00000
0.00000
0.00000
0.00000
0.00000
0.00000
0.00000
0.00000
0.00000
0.00000
0.00000
0.00000
0.00000
0.00000
0.00000
0.00000
0.00000
0.00000
0.00000
0.00000
0.00000
0.00000
0.00000
0.00000
0.00000
0.00000
0.00000
0.00000
0.00000
0.00000
0.00000
0.00000
0.00000
0.00000
0.00000
0.00000
0.00000
0.00000
0.00000
0.00000
0.00000
0.00000
0.00000
0.00000
0.00000
0.00000
0.00000
0.00000
0.00000
0.00000
0.00000
0.00000
0.00000
0.00000
0.00000
0.00000
0.00000
0.00000
0.00000
0.00000
0.00000
0.00000
0.00000
0.00000
0.00000
0.00000
0.00000
0.00000
0.00000
0.00000
0.00000
0.00000
0.00000
0.00000
0.00000
0.00000
0.00000
0.00000
0.00000
0.00000
0.00000
0.00000
0.00000
0.00000
0.00000
0.00000
0.00000
0.00000
0.00000
0.00000
0.00000
0.00000
0.00000
0.00000
0.00000
0.00000
0.00000
0.00000
0.00000
0.00000
0.00000
0.00000
0.00000
0.00000
0.00000
0.00000
0.00000
0.00000
0.00000
0.00000
0.00000
0.00000
0.00000
0.00000
0.00000
0.00000
0.00000
0.00000
0.00000
0.00000
0.00000
0.00000
0.00000
0.00000
0.00000
0.00000
0.00000
0.00000
0.00000
0.00000
0.00000
0.00000
0.00000
0.00000
0.00000
0.00000
0.00000
0.00000
0.00000
