-0.00034
-0.00037
-0.00034
-0.00034
-0.00027
-0.00021
-0.00024
-0.00021
-0.00021
-0.00031
-0.00031
-0.00021
-0.00018
-0.00015
-0.00012
-0.00018
-0.00027
-0.00034
-0.00034
-0.00037
-0.00034
-0.00027
-0.00021
-0.00018
-0.00012
-0.00009
-0.00015
-0.00021
-0.00031
-0.00034
-0.00034
-0.00027
-0.00018
-0.00015
-0.00012
-0.00015
-0.00021
-0.00024
-0.00027
-0.00034
-0.00031
-0.00027
-0.00018
-0.00015
-0.00015
-0.00009
-0.00018
-0.00021
-0.00018
-0.00015
-0.00018
-0.00021
-0.00015
-0.00018
-0.00018
-0.00018
-0.00006
-0.00027
-0.00021
-0.00024
-0.00031
-0.00021
-0.00031
-0.00024
-0.00018
-0.00009
-0.00015
-0.00009
0.00000
-0.00012
-0.00015
-0.00015
-0.00024
-0.00031
-0.00027
-0.00021
-0.00021
-0.00018
-0.00006
-0.00003
-0.00003
-0.00006
-0.00012
-0.00015
-0.00018
-0.00015
-0.00021
-0.00021
-0.00015
-0.00018
-0.00015
-0.00003
-0.00012
-0.00024
-0.00018
-0.00018
-0.00027
-0.00018
-0.00009
-0.00012
-0.00012
-0.00009
-0.00012
-0.00015
-0.00006
-0.00009
-0.00021
-0.00015
-0.00015
-0.00024
-0.00024
-0.00012
-0.00009
-0.00006
0.00000
-0.00015
-0.00024
-0.00021
-0.00021
-0.00018
-0.00003
-0.00003
-0.00015
-0.00015
-0.00015
-0.00021
-0.00015
-0.00006
-0.00006
-0.00006
-0.00003
-0.00012
-0.00015
-0.00018
-0.00018
-0.00009
-0.00006
-0.00009
-0.00006
-0.00003
-0.00015
-0.00015
-0.00018
-0.00021
-0.00021
-0.00021
-0.00012
-0.00009
-0.00006
-0.00012
-0.00012
-0.00012
-0.00006
0.00000
0.00000
0.00000
-0.00012
-0.00018
-0.00015
-0.00021
-0.00018
-0.00009
0.00003
0.00000
0.00000
0.00000
-0.00003
-0.00003
-0.00003
-0.00006
-0.00012
-0.00012
-0.00009
-0.00009
-0.00015
-0.00003
-0.00037
0.00049
-0.00107
0.00153
-0.00281
0.00394
-0.00592
0.00259
-0.11591
-0.14560
-0.03857
0.01831
0.13635
0.11050
0.07950
0.03021
0.03259
-0.02100
-0.07407
-0.05090
-0.03387
0.00168
0.03540
0.01465
0.00024
0.01230
-0.00464
-0.00018
0.01950
0.00919
-0.01880
-0.00162
0.00647
0.00412
0.00745
0.00616
-0.00406
0.00110
-0.00363
-0.01074
-0.00381
0.00143
-0.00043
0.00085
0.00882
0.00595
0.00586
0.00665
0.00516
-0.00235
-0.00552
-0.00732
-0.00427
-0.00198
0.00317
0.00168
0.00113
0.00153
0.00418
0.00427
0.00491
0.00388
-0.00027
-0.00067
0.00037
-0.00095
-0.00134
-0.00049
-0.00018
-0.00122
-0.00110
0.00006
-0.00204
-0.00089
0.00049
0.00085
0.00186
0.00092
0.00146
0.00000
0.00113
0.00156
0.00052
0.00040
-0.00180
-0.00348
-0.00220
-0.00146
-0.00009
-0.00119
-0.00046
-0.00089
-0.00125
-0.00037
-0.00137
-0.00162
-0.00085
0.00061
0.00247
0.00269
0.00351
0.00214
-0.00043
-0.00150
-0.00351
-0.00491
-0.00421
-0.00220
-0.00156
0.00000
0.00092
0.00061
-0.00024
-0.00046
-0.00079
0.00027
0.00128
0.00073
0.00119
0.00092
-0.00058
-0.00198
-0.00229
-0.00220
-0.00287
-0.00220
-0.00131
-0.00113
-0.00079
-0.00043
0.00040
0.00098
0.00150
0.00134
0.00040
-0.00037
-0.00110
-0.00140
-0.00150
-0.00146
-0.00125
-0.00146
-0.00153
-0.00156
-0.00153
-0.00076
0.00003
0.00021
-0.00024
-0.00061
-0.00027
0.00076
0.00122
0.00070
-0.00024
-0.00067
0.00006
0.00046
0.00079
0.00101
0.00165
0.00278
0.00262
0.00171
0.00107
-0.00031
-0.00122
-0.00143
-0.00137
-0.00110
-0.00064
-0.00018
0.00003
0.00031
0.00015
-0.00012
-0.00012
-0.00003
0.00000
0.00003
0.00040
0.00067
0.00070
0.00058
0.00055
0.00031
0.00037
0.00061
0.00031
-0.00003
-0.00018
0.00000
0.00009
0.00021
0.00000
-0.00061
-0.00110
-0.00137
-0.00122
-0.00055
0.00040
0.00128
0.00168
0.00195
0.00223
0.00195
0.00134
0.00067
-0.00018
-0.00134
-0.00201
-0.00143
-0.00018
0.00082
0.00171
0.00198
0.00153
0.00082
0.00021
0.00024
0.00003
-0.00015
-0.00021
0.00003
0.00018
-0.00031
-0.00052
-0.00070
-0.00061
-0.00098
-0.00137
-0.00168
-0.00198
0.00018
0.00250
0.00433
0.00345
0.00229
0.00098
-0.00073
0.00012
0.00067
-0.00058
-0.00128
0.00092
0.00113
0.00006
0.00055
-0.00067
-0.00223
-0.00024
0.00015
-0.00116
-0.00046
-0.00049
-0.00165
0.00043
0.00241
0.00110
0.00247
0.00281
0.00092
0.00031
0.00049
-0.00043
-0.00107
0.00003
0.00003
0.00067
0.00070
-0.00027
-0.00067
-0.00146
-0.00076
-0.00037
-0.00040
0.00055
0.00201
0.00192
0.00015
0.00034
-0.00034
-0.00128
-0.00098
-0.00067
-0.00092
-0.00089
0.00006
-0.00003
-0.00037
-0.00012
-0.00034
0.00021
0.00018
0.00000
0.00000
0.00000
0.00000
0.00000
0.00000
0.00000
0.00000
0.00000
0.00000
0.00000
0.00000
0.00000
0.00000
0.00000
0.00000
0.00000
0.00000
0.00000
0.00000
0.00000
0.00000
0.00000
0.00000
0.00000
0.00000
0.00000
0.00000
0.00000
0.00000
0.00000
0.00000
0.00000
0.00000
0.00000
0.00000
0.00000
0.00000
0.00000
0.00000
0.00000
0.00000
