-0.00034
-0.00040
-0.00040
-0.00034
-0.00031
-0.00031
-0.00027
-0.00027
-0.00031
-0.00037
-0.00031
-0.00027
-0.00027
-0.00027
-0.00027
-0.00027
-0.00034
-0.00034
-0.00031
-0.00031
-0.00031
-0.00027
-0.00031
-0.00031
-0.00027
-0.00027
-0.00024
-0.00024
-0.00027
-0.00027
-0.00027
-0.00031
-0.00031
-0.00027
-0.00027
-0.00031
-0.00027
-0.00024
-0.00031
-0.00034
-0.00027
-0.00027
-0.00031
-0.00027
-0.00027
-0.00031
-0.00027
-0.00027
-0.00024
-0.00027
-0.00027
-0.00024
-0.00024
-0.00024
-0.00027
-0.00024
-0.00024
-0.00027
-0.00027
-0.00027
-0.00024
-0.00027
-0.00031
-0.00027
-0.00024
-0.00031
-0.00034
-0.00031
-0.00031
-0.00031
-0.00024
-0.00018
-0.00018
-0.00027
-0.00027
-0.00024
-0.00024
-0.00024
-0.00021
-0.00021
-0.00021
-0.00021
-0.00024
-0.00031
-0.00031
-0.00027
-0.00024
-0.00018
-0.00018
-0.00018
-0.00018
-0.00018
-0.00021
-0.00021
-0.00018
-0.00021
-0.00027
-0.00024
-0.00021
-0.00024
-0.00018
-0.00015
-0.00021
-0.00024
-0.00024
-0.00021
-0.00018
-0.00018
-0.00015
-0.00021
-0.00024
-0.00024
-0.00024
-0.00021
-0.00021
-0.00015
-0.00009
-0.00009
-0.00015
-0.00015
-0.00015
-0.00018
-0.00018
-0.00012
-0.00015
-0.00018
-0.00015
-0.00015
-0.00015
-0.00012
-0.00009
-0.00009
-0.00012
-0.00012
-0.00015
-0.00015
-0.00015
-0.00015
-0.00012
-0.00009
-0.00015
-0.00012
-0.00012
-0.00012
-0.00015
-0.00009
-0.00006
-0.00009
-0.00009
-0.00006
-0.00009
-0.00009
-0.00006
-0.00012
-0.00012
-0.00006
-0.00006
-0.00009
-0.00009
-0.00009
-0.00012
-0.00012
-0.00009
-0.00006
-0.00003
-0.00003
-0.00003
-0.00006
-0.00009
-0.00009
-0.00006
-0.00006
-0.00006
-0.00003
-0.00003
-0.00006
-0.00006
-0.00009
-0.00009
-0.00012
0.00000
-0.00009
-0.00012
-0.00006
-0.00012
-0.00012
-0.00012
-0.00006
0.00000
0.00000
-0.00009
-0.00018
-0.00012
0.00000
-0.00003
0.00024
-0.00006
0.00031
-0.00070
-0.00360
-0.03537
-0.05255
-0.02518
0.00098
0.01602
0.02115
0.02145
0.02133
0.02484
0.01086
-0.00717
-0.01038
-0.00842
-0.00491
0.00439
0.00598
-0.00058
-0.00165
0.00015
-0.00003
0.00363
0.00262
-0.00156
0.00098
0.00449
0.00323
0.00339
0.00513
0.00192
-0.00031
-0.00037
-0.00223
-0.00287
-0.00021
0.00150
0.00214
0.00330
0.00385
0.00363
0.00293
0.00317
0.00095
-0.00107
-0.00089
-0.00104
-0.00046
0.00046
0.00095
0.00018
0.00000
0.00095
0.00107
0.00134
0.00208
0.00247
0.00153
0.00119
0.00134
0.00076
0.00018
-0.00003
-0.00018
-0.00031
-0.00034
-0.00027
-0.00031
0.00003
0.00024
0.00000
0.00015
0.00046
0.00021
0.00000
0.00000
0.00000
0.00000
0.00000
0.00000
0.00000
0.00000
0.00000
0.00000
0.00000
0.00000
0.00000
0.00000
0.00000
0.00000
0.00000
0.00000
0.00000
0.00000
0.00000
0.00000
0.00000
0.00000
0.00000
0.00000
0.00000
0.00000
0.00000
0.00000
0.00000
0.00000
0.00000
0.00000
0.00000
0.00000
0.00000
0.00000
0.00000
0.00000
0.00000
0.00000
0.00000
0.00000
0.00000
0.00000
0.00000
0.00000
0.00000
0.00000
0.00000
0.00000
0.00000
0.00000
0.00000
0.00000
0.00000
0.00000
0.00000
0.00000
0.00000
0.00000
0.00000
0.00000
0.00000
0.00000
0.00000
0.00000
0.00000
0.00000
0.00000
0.00000
0.00000
0.00000
0.00000
0.00000
0.00000
0.00000
0.00000
0.00000
0.00000
0.00000
0.00000
0.00000
0.00000
0.00000
0.00000
0.00000
0.00000
0.00000
0.00000
0.00000
0.00000
0.00000
0.00000
0.00000
0.00000
0.00000
0.00000
0.00000
0.00000
0.00000
0.00000
0.00000
0.00000
0.00000
0.00000
0.00000
0.00000
0.00000
0.00000
0.00000
0.00000
0.00000
0.00000
0.00000
0.00000
0.00000
0.00000
0.00000
0.00000
0.00000
0.00000
0.00000
0.00000
0.00000
0.00000
0.00000
0.00000
0.00000
0.00000
0.00000
0.00000
0.00000
0.00000
0.00000
0.00000
0.00000
0.00000
0.00000
0.00000
0.00000
0.00000
0.00000
0.00000
0.00000
0.00000
0.00000
0.00000
0.00000
0.00000
0.00000
0.00000
0.00000
0.00000
0.00000
0.00000
0.00000
0.00000
0.00000
0.00000
0.00000
0.00000
0.00000
0.00000
0.00000
0.00000
0.00000
0.00000
0.00000
0.00000
0.00000
0.00000
0.00000
0.00000
0.00000
0.00000
0.00000
0.00000
0.00000
0.00000
0.00000
0.00000
0.00000
0.00000
0.00000
0.00000
0.00000
0.00000
0.00000
0.00000
0.00000
0.00000
0.00000
0.00000
0.00000
0.00000
0.00000
0.00000
0.00000
0.00000
0.00000
0.00000
0.00000
0.00000
0.00000
0.00000
0.00000
0.00000
0.00000
0.00000
0.00000
0.00000
0.00000
0.00000
0.00000
0.00000
0.00000
0.00000
0.00000
0.00000
0.00000
0.00000
0.00000
0.00000
0.00000
0.00000
0.00000
0.00000
0.00000
0.00000
0.00000
0.00000
0.00000
0.00000
0.00000
0.00000
0.00000
0.00000
0.00000
