-0.00015
-0.00012
-0.00012
-0.00015
-0.00015
-0.00015
-0.00015
-0.00012
-0.00012
-0.00009
-0.00003
-0.00012
-0.00018
-0.00015
-0.00015
-0.00018
-0.00012
-0.00009
-0.00006
-0.00006
-0.00006
-0.00009
-0.00009
-0.00009
-0.00012
-0.00015
-0.00021
-0.00027
-0.00027
-0.00018
-0.00021
-0.00021
-0.00018
-0.00012
-0.00015
-0.00015
-0.00012
-0.00012
-0.00018
-0.00021
-0.00018
-0.00024
-0.00024
-0.00021
-0.00018
-0.00015
-0.00015
-0.00018
-0.00015
-0.00018
-0.00018
-0.00015
-0.00012
-0.00018
-0.00018
-0.00018
-0.00021
-0.00018
-0.00018
-0.00018
-0.00021
-0.00024
-0.00024
-0.00021
-0.00018
-0.00018
-0.00015
-0.00012
-0.00015
-0.00018
-0.00015
-0.00015
-0.00018
-0.00018
-0.00012
-0.00012
-0.00015
-0.00012
-0.00012
-0.00021
-0.00024
-0.00018
-0.00021
-0.00024
-0.00018
-0.00015
-0.00015
-0.00018
-0.00018
-0.00018
-0.00018
-0.00021
-0.00018
-0.00018
-0.00021
-0.00027
-0.00027
-0.00024
-0.00024
-0.00027
-0.00021
-0.00015
-0.00015
-0.00015
-0.00009
-0.00009
-0.00018
-0.00021
-0.00015
-0.00018
-0.00024
-0.00015
-0.00009
-0.00012
-0.00018
-0.00012
-0.00015
-0.00024
-0.00024
-0.00024
-0.00024
-0.00024
-0.00027
-0.00027
-0.00024
-0.00024
-0.00024
-0.00021
-0.00021
-0.00024
-0.00027
-0.00024
-0.00024
-0.00024
-0.00021
-0.00018
-0.00015
-0.00012
-0.00015
-0.00018
-0.00018
-0.00024
-0.00027
-0.00024
-0.00021
-0.00021
-0.00018
-0.00018
-0.00018
-0.00015
-0.00018
-0.00021
-0.00021
-0.00021
-0.00021
-0.00018
-0.00018
-0.00021
-0.00024
-0.00024
-0.00027
-0.00027
-0.00024
-0.00021
-0.00021
-0.00021
-0.00021
-0.00021
-0.00018
-0.00012
-0.00012
-0.00018
-0.00024
-0.00027
-0.00031
-0.00031
-0.00031
-0.00024
-0.00021
-0.00021
-0.00012
-0.00021
-0.00031
-0.00027
-0.00027
-0.00024
-0.00027
-0.00024
-0.00018
-0.00021
-0.00027
-0.00034
-0.00031
-0.00027
-0.00015
-0.00012
0.00000
-0.00021
-0.00015
-0.00616
-0.03058
-0.04999
-0.03128
0.00201
0.01535
0.02023
0.02036
0.02042
0.02344
0.01053
-0.00552
-0.01059
-0.00854
-0.00272
0.00281
0.00528
-0.00040
-0.00388
0.00031
0.00089
0.00275
0.00266
-0.00006
0.00125
0.00388
0.00357
0.00275
0.00354
0.00186
-0.00082
-0.00140
-0.00171
-0.00259
-0.00085
0.00137
0.00208
0.00290
0.00348
0.00372
0.00336
0.00284
0.00095
-0.00156
-0.00131
-0.00131
-0.00073
0.00024
0.00067
0.00018
-0.00021
0.00067
0.00098
0.00134
0.00165
0.00208
0.00146
0.00070
0.00089
0.00049
-0.00003
-0.00021
-0.00024
-0.00031
-0.00061
-0.00052
-0.00031
-0.00015
0.00009
-0.00024
-0.00034
0.00009
0.00000
0.00000
0.00000
0.00000
0.00000
0.00000
0.00000
0.00000
0.00000
0.00000
0.00000
0.00000
0.00000
0.00000
0.00000
0.00000
0.00000
0.00000
0.00000
0.00000
0.00000
0.00000
0.00000
0.00000
0.00000
0.00000
0.00000
0.00000
0.00000
0.00000
0.00000
0.00000
0.00000
0.00000
0.00000
0.00000
0.00000
0.00000
0.00000
0.00000
0.00000
0.00000
0.00000
0.00000
0.00000
0.00000
0.00000
0.00000
0.00000
0.00000
0.00000
0.00000
0.00000
0.00000
0.00000
0.00000
0.00000
0.00000
0.00000
0.00000
0.00000
0.00000
0.00000
0.00000
0.00000
0.00000
0.00000
0.00000
0.00000
0.00000
0.00000
0.00000
0.00000
0.00000
0.00000
0.00000
0.00000
0.00000
0.00000
0.00000
0.00000
0.00000
0.00000
0.00000
0.00000
0.00000
0.00000
0.00000
0.00000
0.00000
0.00000
0.00000
0.00000
0.00000
0.00000
0.00000
0.00000
0.00000
0.00000
0.00000
0.00000
0.00000
0.00000
0.00000
0.00000
0.00000
0.00000
0.00000
0.00000
0.00000
0.00000
0.00000
0.00000
0.00000
0.00000
0.00000
0.00000
0.00000
0.00000
0.00000
0.00000
0.00000
0.00000
0.00000
0.00000
0.00000
0.00000
0.00000
0.00000
0.00000
0.00000
0.00000
0.00000
0.00000
0.00000
0.00000
0.00000
0.00000
0.00000
0.00000
0.00000
0.00000
0.00000
0.00000
0.00000
0.00000
0.00000
0.00000
0.00000
0.00000
0.00000
0.00000
0.00000
0.00000
0.00000
0.00000
0.00000
0.00000
0.00000
0.00000
0.00000
0.00000
0.00000
0.00000
0.00000
0.00000
0.00000
0.00000
0.00000
0.00000
0.00000
0.00000
0.00000
0.00000
0.00000
0.00000
0.00000
0.00000
0.00000
0.00000
0.00000
0.00000
0.00000
0.00000
0.00000
0.00000
0.00000
0.00000
0.00000
0.00000
0.00000
0.00000
0.00000
0.00000
0.00000
0.00000
0.00000
0.00000
0.00000
0.00000
0.00000
0.00000
0.00000
0.00000
0.00000
0.00000
0.00000
0.00000
0.00000
0.00000
0.00000
0.00000
0.00000
0.00000
0.00000
0.00000
0.00000
0.00000
0.00000
0.00000
0.00000
0.00000
0.00000
0.00000
0.00000
0.00000
0.00000
0.00000
0.00000
0.00000
0.00000
0.00000
0.00000
0.00000
0.00000
0.00000
0.00000
0.00000
0.00000
0.00000
0.00000
