-0.00040
-0.00040
-0.00040
-0.00040
-0.00037
-0.00040
-0.00040
-0.00046
-0.00046
-0.00046
-0.00043
-0.00043
-0.00040
-0.00037
-0.00040
-0.00043
-0.00043
-0.00043
-0.00046
-0.00043
-0.00043
-0.00046
-0.00043
-0.00043
-0.00043
-0.00046
-0.00046
-0.00043
-0.00043
-0.00040
-0.00043
-0.00040
-0.00043
-0.00046
-0.00049
-0.00046
-0.00046
-0.00046
-0.00043
-0.00046
-0.00040
-0.00043
-0.00040
-0.00037
-0.00043
-0.00043
-0.00043
-0.00049
-0.00049
-0.00046
-0.00049
-0.00043
-0.00040
-0.00037
-0.00055
-0.00043
-0.00043
-0.00055
-0.00043
-0.00049
-0.00046
-0.00040
-0.00040
-0.00043
-0.00040
-0.00040
-0.00043
-0.00046
-0.00043
-0.00043
-0.00046
-0.00049
-0.00043
-0.00040
-0.00049
-0.00043
-0.00040
-0.00046
-0.00043
-0.00043
-0.00043
-0.00043
-0.00043
-0.00046
-0.00046
-0.00040
-0.00040
-0.00043
-0.00034
-0.00043
-0.00046
-0.00040
-0.00040
-0.00046
-0.00046
-0.00040
-0.00043
-0.00040
-0.00034
-0.00031
-0.00040
-0.00043
-0.00037
-0.00040
-0.00046
-0.00043
-0.00040
-0.00037
-0.00037
-0.00037
-0.00037
-0.00034
-0.00040
-0.00043
-0.00040
-0.00040
-0.00046
-0.00043
-0.00034
-0.00034
-0.00037
-0.00034
-0.00031
-0.00040
-0.00040
-0.00037
-0.00037
-0.00037
-0.00034
-0.00031
-0.00031
-0.00034
-0.00037
-0.00034
-0.00031
-0.00031
-0.00037
-0.00034
-0.00031
-0.00037
-0.00034
-0.00031
-0.00040
-0.00040
-0.00037
-0.00031
-0.00031
-0.00031
-0.00027
-0.00027
-0.00027
-0.00034
-0.00031
-0.00031
-0.00034
-0.00031
-0.00027
-0.00027
-0.00034
-0.00031
-0.00027
-0.00037
-0.00034
-0.00031
-0.00027
-0.00027
-0.00034
-0.00034
-0.00027
-0.00027
-0.00027
-0.00024
-0.00018
-0.00049
0.00015
-0.00113
0.00110
-0.00244
0.00293
-0.00513
0.00037
-0.09790
-0.10513
-0.00681
-0.02094
0.03857
0.05838
0.05792
0.06366
0.06219
0.00702
-0.02448
-0.02579
-0.02911
-0.01749
0.01584
0.00397
-0.01483
0.01312
0.00443
-0.00052
0.01392
0.00177
-0.00461
0.00858
0.00626
-0.00235
0.00381
0.00385
-0.00720
-0.00113
0.00018
-0.00735
-0.00436
0.00256
0.00308
0.00180
0.00574
0.00458
0.00308
0.00494
0.00592
0.00009
-0.00192
-0.00305
-0.00412
-0.00381
0.00052
-0.00003
-0.00070
0.00140
0.00333
0.00153
0.00272
0.00406
0.00119
-0.00031
0.00067
-0.00137
-0.00171
-0.00098
-0.00107
-0.00095
-0.00021
0.00034
-0.00104
-0.00058
0.00003
-0.00067
-0.00009
0.00015
0.00076
0.00024
0.00095
0.00140
0.00015
-0.00040
-0.00061
-0.00168
-0.00134
-0.00162
-0.00137
-0.00156
-0.00110
-0.00119
-0.00208
-0.00177
-0.00143
-0.00122
0.00012
0.00031
0.00095
0.00189
0.00177
0.00140
0.00052
-0.00049
-0.00198
-0.00287
-0.00253
-0.00351
-0.00320
-0.00241
-0.00229
-0.00040
0.00067
0.00082
0.00037
0.00082
0.00107
0.00034
0.00052
-0.00006
-0.00104
-0.00113
-0.00143
-0.00159
-0.00189
-0.00204
-0.00186
-0.00186
-0.00140
-0.00079
-0.00003
0.00052
0.00070
0.00085
0.00067
-0.00009
-0.00061
-0.00107
-0.00128
-0.00137
-0.00159
-0.00140
-0.00143
-0.00131
-0.00146
-0.00116
-0.00058
-0.00034
0.00009
0.00000
-0.00046
-0.00015
0.00043
0.00052
0.00006
-0.00009
-0.00043
-0.00027
-0.00003
0.00018
0.00143
0.00201
0.00272
0.00339
0.00247
0.00168
-0.00006
-0.00159
-0.00122
-0.00168
-0.00165
-0.00076
-0.00024
0.00018
0.00006
0.00021
0.00006
-0.00055
-0.00040
-0.00006
0.00003
0.00046
0.00095
0.00085
0.00058
0.00000
0.00000
0.00000
0.00000
0.00000
0.00000
0.00000
0.00000
0.00000
0.00000
0.00000
0.00000
0.00000
0.00000
0.00000
0.00000
0.00000
0.00000
0.00000
0.00000
0.00000
0.00000
0.00000
0.00000
0.00000
0.00000
0.00000
0.00000
0.00000
0.00000
0.00000
0.00000
0.00000
0.00000
0.00000
0.00000
0.00000
0.00000
0.00000
0.00000
0.00000
0.00000
0.00000
0.00000
0.00000
0.00000
0.00000
0.00000
0.00000
0.00000
0.00000
0.00000
0.00000
0.00000
0.00000
0.00000
0.00000
0.00000
0.00000
0.00000
0.00000
0.00000
0.00000
0.00000
0.00000
0.00000
0.00000
0.00000
0.00000
0.00000
0.00000
0.00000
0.00000
0.00000
0.00000
0.00000
0.00000
0.00000
0.00000
0.00000
0.00000
0.00000
0.00000
0.00000
0.00000
0.00000
0.00000
0.00000
0.00000
0.00000
0.00000
0.00000
0.00000
0.00000
0.00000
0.00000
0.00000
0.00000
0.00000
0.00000
0.00000
0.00000
0.00000
0.00000
0.00000
0.00000
0.00000
0.00000
0.00000
0.00000
0.00000
0.00000
0.00000
0.00000
0.00000
0.00000
0.00000
0.00000
0.00000
0.00000
0.00000
0.00000
0.00000
0.00000
0.00000
0.00000
0.00000
0.00000
0.00000
0.00000
0.00000
0.00000
0.00000
0.00000
0.00000
0.00000
0.00000
0.00000
0.00000
0.00000
0.00000
0.00000
0.00000
0.00000
0.00000
0.00000
0.00000
0.00000
0.00000
0.00000
0.00000
0.00000
0.00000
0.00000
