-0.00021
-0.00015
-0.00012
-0.00015
-0.00015
-0.00018
-0.00018
-0.00021
-0.00021
-0.00024
-0.00021
-0.00012
-0.00015
-0.00015
-0.00012
-0.00015
-0.00018
-0.00015
-0.00012
-0.00015
-0.00015
-0.00018
-0.00021
-0.00024
-0.00027
-0.00027
-0.00021
-0.00018
-0.00015
-0.00009
-0.00012
-0.00012
-0.00018
-0.00018
-0.00021
-0.00024
-0.00021
-0.00015
-0.00015
-0.00015
-0.00015
-0.00015
-0.00012
-0.00012
-0.00012
-0.00015
-0.00015
-0.00018
-0.00018
-0.00018
-0.00021
-0.00021
-0.00018
-0.00015
-0.00021
-0.00021
-0.00015
-0.00012
-0.00012
-0.00009
-0.00009
-0.00009
-0.00012
-0.00015
-0.00012
-0.00018
-0.00018
-0.00018
-0.00021
-0.00018
-0.00018
-0.00018
-0.00015
-0.00018
-0.00018
-0.00015
-0.00012
-0.00015
-0.00015
-0.00012
-0.00012
-0.00015
-0.00015
-0.00012
-0.00012
-0.00015
-0.00012
-0.00012
-0.00021
-0.00021
-0.00018
-0.00018
-0.00018
-0.00018
-0.00012
-0.00012
-0.00012
-0.00012
-0.00012
-0.00012
-0.00015
-0.00015
-0.00015
-0.00015
-0.00021
-0.00024
-0.00018
-0.00018
-0.00018
-0.00009
-0.00006
-0.00012
-0.00015
-0.00015
-0.00015
-0.00015
-0.00012
-0.00009
-0.00009
-0.00012
-0.00015
-0.00015
-0.00015
-0.00018
-0.00012
-0.00009
-0.00009
-0.00006
-0.00003
-0.00006
-0.00012
-0.00012
-0.00012
-0.00015
-0.00015
-0.00012
-0.00012
-0.00015
-0.00009
-0.00006
-0.00006
-0.00003
-0.00006
-0.00009
-0.00009
-0.00012
-0.00012
-0.00009
-0.00009
-0.00009
-0.00009
-0.00003
-0.00006
-0.00009
-0.00009
-0.00006
-0.00006
-0.00006
-0.00006
-0.00003
-0.00003
-0.00006
-0.00003
-0.00006
-0.00009
-0.00006
-0.00003
-0.00003
-0.00006
-0.00003
-0.00003
-0.00003
-0.00003
-0.00006
-0.00009
-0.00009
-0.00009
-0.00012
-0.00009
-0.00006
-0.00006
-0.00003
0.00000
-0.00012
-0.00024
-0.00003
-0.00037
0.00027
-0.00043
0.00095
-0.00125
-0.00079
-0.03583
-0.04834
-0.02261
-0.01672
0.00357
0.02264
0.02972
0.02887
0.03088
0.01407
-0.00012
-0.00888
-0.01443
-0.01062
0.00159
0.00458
-0.00006
0.00427
0.00220
-0.00015
0.00388
0.00391
-0.00067
0.00055
0.00146
-0.00061
0.00113
0.00262
0.00067
0.00061
0.00027
-0.00269
-0.00381
-0.00125
-0.00009
0.00000
0.00266
0.00540
0.00531
0.00461
0.00522
0.00305
0.00070
-0.00070
-0.00183
-0.00238
-0.00076
-0.00034
-0.00018
0.00070
0.00174
0.00143
0.00159
0.00272
0.00211
0.00134
0.00153
0.00134
0.00040
-0.00003
0.00006
-0.00055
-0.00070
-0.00037
-0.00040
-0.00018
0.00009
0.00024
0.00012
0.00027
0.00049
0.00000
0.00024
0.00058
0.00031
0.00000
-0.00018
0.00000
0.00000
0.00000
0.00000
0.00000
0.00000
0.00000
0.00000
0.00000
0.00000
0.00000
0.00000
0.00000
0.00000
0.00000
0.00000
0.00000
0.00000
0.00000
0.00000
0.00000
0.00000
0.00000
0.00000
0.00000
0.00000
0.00000
0.00000
0.00000
0.00000
0.00000
0.00000
0.00000
0.00000
0.00000
0.00000
0.00000
0.00000
0.00000
0.00000
0.00000
0.00000
0.00000
0.00000
0.00000
0.00000
0.00000
0.00000
0.00000
0.00000
0.00000
0.00000
0.00000
0.00000
0.00000
0.00000
0.00000
0.00000
0.00000
0.00000
0.00000
0.00000
0.00000
0.00000
0.00000
0.00000
0.00000
0.00000
0.00000
0.00000
0.00000
0.00000
0.00000
0.00000
0.00000
0.00000
0.00000
0.00000
0.00000
0.00000
0.00000
0.00000
0.00000
0.00000
0.00000
0.00000
0.00000
0.00000
0.00000
0.00000
0.00000
0.00000
0.00000
0.00000
0.00000
0.00000
0.00000
0.00000
0.00000
0.00000
0.00000
0.00000
0.00000
0.00000
0.00000
0.00000
0.00000
0.00000
0.00000
0.00000
0.00000
0.00000
0.00000
0.00000
0.00000
0.00000
0.00000
0.00000
0.00000
0.00000
0.00000
0.00000
0.00000
0.00000
0.00000
0.00000
0.00000
0.00000
0.00000
0.00000
0.00000
0.00000
0.00000
0.00000
0.00000
0.00000
0.00000
0.00000
0.00000
0.00000
0.00000
0.00000
0.00000
0.00000
0.00000
0.00000
0.00000
0.00000
0.00000
0.00000
0.00000
0.00000
0.00000
0.00000
0.00000
0.00000
0.00000
0.00000
0.00000
0.00000
0.00000
0.00000
0.00000
0.00000
0.00000
0.00000
0.00000
0.00000
0.00000
0.00000
0.00000
0.00000
0.00000
0.00000
0.00000
0.00000
0.00000
0.00000
0.00000
0.00000
0.00000
0.00000
0.00000
0.00000
0.00000
0.00000
0.00000
0.00000
0.00000
0.00000
0.00000
0.00000
0.00000
0.00000
0.00000
0.00000
0.00000
0.00000
0.00000
0.00000
0.00000
0.00000
0.00000
0.00000
0.00000
0.00000
0.00000
0.00000
0.00000
0.00000
0.00000
0.00000
0.00000
0.00000
0.00000
0.00000
0.00000
0.00000
0.00000
0.00000
0.00000
0.00000
0.00000
0.00000
0.00000
0.00000
0.00000
0.00000
0.00000
0.00000
0.00000
0.00000
0.00000
0.00000
0.00000
0.00000
0.00000
0.00000
0.00000
0.00000
0.00000
0.00000
0.00000
