0.00006
-0.00006
-0.00006
0.00000
0.00000
0.00000
0.00003
0.00000
-0.00003
0.00000
-0.00003
-0.00006
0.00000
0.00000
-0.00009
-0.00006
-0.00003
-0.00006
-0.00006
0.00000
0.00000
-0.00003
0.00000
0.00003
0.00000
-0.00003
-0.00003
-0.00003
-0.00006
-0.00009
-0.00012
-0.00006
-0.00003
-0.00009
-0.00009
-0.00003
-0.00003
-0.00006
-0.00003
0.00000
-0.00003
-0.00012
-0.00009
-0.00006
-0.00012
-0.00006
0.00000
-0.00006
-0.00009
-0.00003
-0.00006
-0.00006
-0.00006
0.00000
-0.00018
-0.00012
0.00000
-0.00015
-0.00006
-0.00006
-0.00009
-0.00006
-0.00003
-0.00006
-0.00009
-0.00009
-0.00006
-0.00006
-0.00012
-0.00009
-0.00012
-0.00018
-0.00012
0.00000
-0.00006
0.00000
0.00000
-0.00009
-0.00009
-0.00012
-0.00018
-0.00018
-0.00009
-0.00012
-0.00018
-0.00009
-0.00003
-0.00009
-0.00009
-0.00012
-0.00021
-0.00018
-0.00012
-0.00015
-0.00018
-0.00012
-0.00006
-0.00009
-0.00009
-0.00006
-0.00015
-0.00018
-0.00012
-0.00012
-0.00012
-0.00009
-0.00015
-0.00012
-0.00009
-0.00015
-0.00015
-0.00012
-0.00018
-0.00024
-0.00015
-0.00018
-0.00021
-0.00015
-0.00012
-0.00015
-0.00009
-0.00012
-0.00015
-0.00018
-0.00015
-0.00021
-0.00021
-0.00015
-0.00012
-0.00015
-0.00012
-0.00015
-0.00018
-0.00018
-0.00015
-0.00015
-0.00012
-0.00018
-0.00021
-0.00018
-0.00015
-0.00015
-0.00021
-0.00012
-0.00015
-0.00021
-0.00018
-0.00012
-0.00018
-0.00021
-0.00015
-0.00018
-0.00018
-0.00018
-0.00018
-0.00018
-0.00021
-0.00015
-0.00015
-0.00018
-0.00021
-0.00031
-0.00024
-0.00021
-0.00021
-0.00015
-0.00015
-0.00018
-0.00018
-0.00027
-0.00012
-0.00034
0.00000
-0.00073
0.00055
-0.00146
0.00146
-0.00262
0.00327
-0.00507
0.00409
-0.07751
-0.14682
-0.01410
-0.00256
0.03024
0.06683
0.06561
0.06784
0.06360
0.01151
-0.03085
-0.02921
-0.03241
-0.02261
0.01819
0.02048
-0.01648
0.00027
0.00793
-0.00406
0.01285
0.00769
-0.00827
0.00537
0.00439
-0.00287
0.00494
0.01141
-0.00067
0.00015
0.00302
-0.00760
-0.01120
-0.00522
0.00092
0.00214
0.00504
0.00644
0.00607
0.00345
0.00555
0.00223
-0.00134
-0.00354
-0.00363
-0.00388
0.00070
0.00092
-0.00220
-0.00140
0.00327
0.00156
0.00125
0.00497
0.00339
0.00012
0.00168
0.00034
-0.00223
-0.00235
-0.00275
-0.00275
-0.00156
-0.00073
-0.00183
-0.00098
0.00067
-0.00040
0.00043
0.00119
0.00089
0.00000
0.00046
0.00140
0.00076
-0.00089
-0.00146
-0.00211
-0.00168
-0.00186
-0.00168
-0.00165
-0.00201
-0.00168
-0.00171
-0.00186
-0.00143
-0.00162
-0.00021
0.00043
0.00079
0.00177
0.00189
0.00128
-0.00104
-0.00095
-0.00223
-0.00320
-0.00256
-0.00287
-0.00330
-0.00250
-0.00195
-0.00162
-0.00085
0.00031
0.00043
0.00070
0.00113
0.00058
0.00018
0.00024
-0.00098
-0.00186
-0.00180
-0.00220
-0.00250
-0.00232
-0.00192
-0.00201
-0.00180
-0.00143
-0.00092
0.00027
0.00085
0.00073
0.00058
0.00006
-0.00089
-0.00159
-0.00153
-0.00171
-0.00198
-0.00189
-0.00186
-0.00168
-0.00174
-0.00153
-0.00085
-0.00052
-0.00024
-0.00037
-0.00085
-0.00070
0.00009
0.00070
0.00024
-0.00027
-0.00076
-0.00073
-0.00012
-0.00021
0.00055
0.00146
0.00214
0.00314
0.00238
0.00168
0.00031
-0.00183
-0.00174
-0.00174
-0.00201
-0.00128
-0.00064
-0.00018
-0.00009
-0.00021
-0.00040
-0.00085
-0.00073
-0.00024
-0.00009
0.00018
0.00061
0.00058
0.00052
0.00061
-0.00031
-0.00183
-0.00229
-0.00253
-0.00211
-0.00061
0.00153
0.00314
0.00323
0.00339
0.00323
0.00140
-0.00168
-0.00418
-0.00565
-0.00522
-0.00363
0.00024
0.00397
0.00491
0.00433
0.00214
0.00040
-0.00195
-0.00275
-0.00134
-0.00034
0.00037
0.00076
0.00165
-0.00006
-0.00464
-0.00708
-0.00671
-0.00323
0.00058
0.00629
0.00949
0.00845
0.00769
0.00613
0.00113
-0.00464
-0.00452
-0.00522
-0.00620
-0.00388
-0.00150
-0.00095
-0.00058
0.00089
-0.00049
-0.00229
-0.00150
0.00055
0.00107
0.00223
0.00256
0.00156
0.00018
-0.00131
-0.00214
-0.00302
-0.00168
-0.00006
0.00302
0.00482
0.00302
0.00134
-0.00070
-0.00165
-0.00217
0.00418
0.00558
0.00308
0.00165
-0.00113
-0.00336
-0.00589
-0.00397
-0.00247
-0.00204
-0.00098
-0.00012
-0.00046
-0.00156
-0.00058
0.00110
0.00174
0.00143
0.00095
0.00009
0.00000
-0.00085
-0.00031
0.00021
0.00040
0.00073
-0.00070
-0.00128
-0.00226
-0.00317
-0.00302
-0.00128
-0.00058
-0.00003
0.00116
0.00177
0.00125
0.00018
0.00000
0.00000
0.00000
0.00000
0.00000
0.00000
0.00000
0.00000
0.00000
0.00000
0.00000
0.00000
0.00000
0.00000
0.00000
0.00000
0.00000
0.00000
0.00000
0.00000
0.00000
0.00000
0.00000
0.00000
0.00000
0.00000
0.00000
0.00000
0.00000
0.00000
0.00000
0.00000
0.00000
0.00000
0.00000
0.00000
0.00000
0.00000
0.00000
0.00000
0.00000
0.00000
0.00000
