-0.00027
-0.00027
-0.00024
-0.00018
-0.00015
-0.00018
-0.00021
-0.00018
-0.00027
-0.00027
-0.00021
-0.00018
-0.00015
-0.00012
-0.00015
-0.00018
-0.00018
-0.00018
-0.00021
-0.00024
-0.00021
-0.00021
-0.00012
-0.00012
-0.00018
-0.00015
-0.00012
-0.00021
-0.00027
-0.00024
-0.00021
-0.00021
-0.00012
-0.00009
-0.00015
-0.00021
-0.00024
-0.00021
-0.00024
-0.00021
-0.00012
-0.00012
-0.00015
-0.00012
-0.00015
-0.00018
-0.00012
-0.00018
-0.00024
-0.00021
-0.00018
-0.00018
-0.00015
-0.00015
-0.00021
-0.00018
-0.00003
-0.00027
-0.00021
-0.00018
-0.00024
-0.00015
-0.00021
-0.00018
-0.00015
0.00000
-0.00006
-0.00009
-0.00009
-0.00018
-0.00021
-0.00024
-0.00024
-0.00018
-0.00015
-0.00012
-0.00012
-0.00024
-0.00018
-0.00015
-0.00015
-0.00009
-0.00009
-0.00006
-0.00012
-0.00009
-0.00015
-0.00027
-0.00031
-0.00024
-0.00012
-0.00006
-0.00009
-0.00009
-0.00006
-0.00006
-0.00012
-0.00012
-0.00015
-0.00021
-0.00015
-0.00015
-0.00012
-0.00021
-0.00024
-0.00012
-0.00012
-0.00012
-0.00009
-0.00003
-0.00009
-0.00006
-0.00006
-0.00012
-0.00009
-0.00012
-0.00015
-0.00009
-0.00015
-0.00021
-0.00012
-0.00003
-0.00003
0.00000
-0.00003
-0.00006
-0.00006
-0.00009
-0.00012
-0.00012
-0.00009
-0.00012
-0.00003
-0.00009
-0.00015
-0.00006
-0.00003
-0.00012
-0.00009
-0.00009
-0.00015
-0.00006
0.00000
0.00000
-0.00003
-0.00009
-0.00012
-0.00015
-0.00012
-0.00018
-0.00012
-0.00003
-0.00003
-0.00003
-0.00003
0.00000
-0.00003
-0.00009
-0.00006
-0.00018
-0.00015
-0.00015
-0.00003
-0.00003
-0.00009
-0.00006
-0.00009
-0.00003
-0.00003
-0.00003
-0.00003
0.00000
0.00000
0.00000
-0.00006
0.00006
-0.00049
0.00055
-0.00128
0.00168
-0.00302
0.00415
-0.00620
0.00494
-0.10101
-0.14325
-0.04739
0.00467
0.12924
0.11407
0.08200
0.02893
0.03247
-0.01434
-0.07190
-0.05240
-0.03580
0.00073
0.03442
0.01703
0.00421
0.01263
-0.00824
-0.00336
0.01813
0.01199
-0.01788
-0.00238
0.00604
0.00446
0.00687
0.00595
-0.00345
0.00079
-0.00336
-0.01028
-0.00336
0.00101
-0.00073
0.00031
0.00867
0.00613
0.00562
0.00601
0.00510
-0.00226
-0.00513
-0.00677
-0.00394
-0.00244
0.00269
0.00195
0.00159
0.00168
0.00339
0.00351
0.00461
0.00421
0.00034
-0.00034
0.00031
-0.00119
-0.00146
-0.00015
0.00006
-0.00134
-0.00146
-0.00021
-0.00217
-0.00061
0.00067
0.00085
0.00174
0.00064
0.00119
-0.00012
0.00110
0.00131
0.00034
0.00040
-0.00177
-0.00348
-0.00214
-0.00140
-0.00003
-0.00095
-0.00046
-0.00098
-0.00159
-0.00073
-0.00146
-0.00143
-0.00079
0.00037
0.00214
0.00247
0.00314
0.00204
-0.00055
-0.00134
-0.00327
-0.00513
-0.00421
-0.00217
-0.00165
-0.00003
0.00079
0.00021
-0.00055
-0.00040
-0.00085
0.00018
0.00107
0.00058
0.00125
0.00104
-0.00040
-0.00201
-0.00238
-0.00229
-0.00290
-0.00214
-0.00143
-0.00137
-0.00104
-0.00067
0.00012
0.00061
0.00107
0.00113
0.00046
-0.00031
-0.00092
-0.00128
-0.00162
-0.00162
-0.00143
-0.00168
-0.00183
-0.00165
-0.00159
-0.00089
-0.00018
-0.00009
-0.00043
-0.00070
-0.00043
0.00043
0.00085
0.00046
-0.00040
-0.00070
0.00006
0.00046
0.00061
0.00070
0.00131
0.00244
0.00244
0.00156
0.00101
-0.00024
-0.00113
-0.00137
-0.00150
-0.00143
-0.00104
-0.00034
0.00003
0.00021
0.00003
-0.00031
-0.00043
-0.00031
-0.00012
-0.00009
0.00018
0.00043
0.00052
0.00049
0.00043
0.00015
0.00015
0.00043
0.00012
-0.00018
-0.00027
-0.00015
-0.00012
0.00000
-0.00006
-0.00046
-0.00082
-0.00110
-0.00125
-0.00092
-0.00034
0.00015
0.00085
0.00119
0.00146
0.00180
0.00192
0.00162
0.00061
-0.00037
-0.00146
-0.00183
-0.00131
-0.00024
0.00058
0.00107
0.00128
0.00098
0.00058
0.00037
0.00031
0.00003
-0.00021
-0.00018
-0.00006
-0.00018
0.00000
0.00000
0.00000
0.00000
0.00000
0.00000
0.00000
0.00000
0.00000
0.00000
0.00000
0.00000
0.00000
0.00000
0.00000
0.00000
0.00000
0.00000
0.00000
0.00000
0.00000
0.00000
0.00000
0.00000
0.00000
0.00000
0.00000
0.00000
0.00000
0.00000
0.00000
0.00000
0.00000
0.00000
0.00000
0.00000
0.00000
0.00000
0.00000
0.00000
0.00000
0.00000
0.00000
0.00000
0.00000
0.00000
0.00000
0.00000
0.00000
0.00000
0.00000
0.00000
0.00000
0.00000
0.00000
0.00000
0.00000
0.00000
0.00000
0.00000
0.00000
0.00000
0.00000
0.00000
0.00000
0.00000
0.00000
0.00000
0.00000
0.00000
0.00000
0.00000
0.00000
0.00000
0.00000
0.00000
0.00000
0.00000
0.00000
0.00000
0.00000
0.00000
0.00000
0.00000
0.00000
0.00000
0.00000
0.00000
0.00000
0.00000
0.00000
0.00000
0.00000
0.00000
0.00000
0.00000
0.00000
0.00000
0.00000
0.00000
0.00000
0.00000
0.00000
0.00000
0.00000
0.00000
0.00000
0.00000
0.00000
0.00000
