-0.00021
-0.00024
-0.00024
-0.00027
-0.00027
-0.00024
-0.00021
-0.00024
-0.00027
-0.00024
-0.00024
-0.00027
-0.00024
-0.00027
-0.00027
-0.00027
-0.00021
-0.00024
-0.00024
-0.00024
-0.00021
-0.00018
-0.00021
-0.00021
-0.00024
-0.00024
-0.00024
-0.00021
-0.00021
-0.00018
-0.00018
-0.00018
-0.00018
-0.00018
-0.00027
-0.00024
-0.00024
-0.00027
-0.00021
-0.00021
-0.00018
-0.00018
-0.00018
-0.00018
-0.00021
-0.00021
-0.00021
-0.00021
-0.00021
-0.00021
-0.00018
-0.00018
-0.00015
-0.00018
-0.00018
-0.00018
-0.00018
-0.00018
-0.00018
-0.00021
-0.00018
-0.00018
-0.00018
-0.00012
-0.00015
-0.00018
-0.00021
-0.00024
-0.00024
-0.00024
-0.00024
-0.00024
-0.00021
-0.00018
-0.00015
-0.00012
-0.00012
-0.00015
-0.00018
-0.00018
-0.00015
-0.00018
-0.00018
-0.00015
-0.00018
-0.00021
-0.00021
-0.00024
-0.00021
-0.00024
-0.00021
-0.00018
-0.00012
-0.00012
-0.00009
-0.00009
-0.00012
-0.00015
-0.00012
-0.00018
-0.00021
-0.00024
-0.00021
-0.00015
-0.00015
-0.00012
-0.00012
-0.00012
-0.00012
-0.00012
-0.00015
-0.00021
-0.00015
-0.00015
-0.00015
-0.00015
-0.00012
-0.00012
-0.00015
-0.00015
-0.00015
-0.00012
-0.00012
-0.00012
-0.00012
-0.00009
-0.00009
-0.00012
-0.00012
-0.00012
-0.00012
-0.00012
-0.00009
-0.00009
-0.00009
-0.00009
-0.00012
-0.00009
-0.00009
-0.00012
-0.00009
-0.00009
-0.00012
-0.00009
-0.00003
-0.00003
-0.00009
-0.00012
-0.00009
-0.00009
-0.00009
-0.00009
-0.00009
-0.00006
-0.00009
-0.00009
-0.00003
-0.00006
-0.00009
-0.00006
-0.00006
-0.00006
-0.00003
-0.00003
-0.00003
-0.00006
-0.00003
0.00000
-0.00003
-0.00003
-0.00006
-0.00006
-0.00006
-0.00012
-0.00009
-0.00006
-0.00006
-0.00006
-0.00006
-0.00003
0.00000
-0.00003
0.00003
-0.00009
0.00006
-0.00049
0.00034
-0.00098
0.00076
-0.00153
0.00131
-0.02737
-0.04755
-0.03137
-0.03186
0.01648
0.03690
0.03909
0.02539
0.01315
0.01376
0.01288
0.00122
-0.01816
-0.02216
-0.01828
-0.00861
0.00320
0.02017
0.01242
0.00055
-0.00290
-0.00070
0.00336
0.00262
-0.00266
-0.00183
0.00208
0.00165
0.00012
0.00189
0.00217
-0.00015
-0.00052
0.00049
0.00269
0.00122
-0.00070
0.00049
0.00397
0.00449
0.00372
0.00110
-0.00040
-0.00092
-0.00034
-0.00031
-0.00037
-0.00018
-0.00024
0.00031
0.00156
0.00238
0.00238
0.00284
0.00217
0.00027
0.00058
0.00061
0.00027
0.00089
0.00009
-0.00104
-0.00131
-0.00031
-0.00003
0.00021
0.00024
0.00012
0.00064
-0.00024
0.00000
0.00000
0.00000
0.00000
0.00000
0.00000
0.00000
0.00000
0.00000
0.00000
0.00000
0.00000
0.00000
0.00000
0.00000
0.00000
0.00000
0.00000
0.00000
0.00000
0.00000
0.00000
0.00000
0.00000
0.00000
0.00000
0.00000
0.00000
0.00000
0.00000
0.00000
0.00000
0.00000
0.00000
0.00000
0.00000
0.00000
0.00000
0.00000
0.00000
0.00000
0.00000
0.00000
0.00000
0.00000
0.00000
0.00000
0.00000
0.00000
0.00000
0.00000
0.00000
0.00000
0.00000
0.00000
0.00000
0.00000
0.00000
0.00000
0.00000
0.00000
0.00000
0.00000
0.00000
0.00000
0.00000
0.00000
0.00000
0.00000
0.00000
0.00000
0.00000
0.00000
0.00000
0.00000
0.00000
0.00000
0.00000
0.00000
0.00000
0.00000
0.00000
0.00000
0.00000
0.00000
0.00000
0.00000
0.00000
0.00000
0.00000
0.00000
0.00000
0.00000
0.00000
0.00000
0.00000
0.00000
0.00000
0.00000
0.00000
0.00000
0.00000
0.00000
0.00000
0.00000
0.00000
0.00000
0.00000
0.00000
0.00000
0.00000
0.00000
0.00000
0.00000
0.00000
0.00000
0.00000
0.00000
0.00000
0.00000
0.00000
0.00000
0.00000
0.00000
0.00000
0.00000
0.00000
0.00000
0.00000
0.00000
0.00000
0.00000
0.00000
0.00000
0.00000
0.00000
0.00000
0.00000
0.00000
0.00000
0.00000
0.00000
0.00000
0.00000
0.00000
0.00000
0.00000
0.00000
0.00000
0.00000
0.00000
0.00000
0.00000
0.00000
0.00000
0.00000
0.00000
0.00000
0.00000
0.00000
0.00000
0.00000
0.00000
0.00000
0.00000
0.00000
0.00000
0.00000
0.00000
0.00000
0.00000
0.00000
0.00000
0.00000
0.00000
0.00000
0.00000
0.00000
0.00000
0.00000
0.00000
0.00000
0.00000
0.00000
0.00000
0.00000
0.00000
0.00000
0.00000
0.00000
0.00000
0.00000
0.00000
0.00000
0.00000
0.00000
0.00000
0.00000
0.00000
0.00000
0.00000
0.00000
0.00000
0.00000
0.00000
0.00000
0.00000
0.00000
0.00000
0.00000
0.00000
0.00000
0.00000
0.00000
0.00000
0.00000
0.00000
0.00000
0.00000
0.00000
0.00000
0.00000
0.00000
0.00000
0.00000
0.00000
0.00000
0.00000
0.00000
0.00000
0.00000
0.00000
0.00000
0.00000
0.00000
0.00000
0.00000
0.00000
0.00000
0.00000
0.00000
0.00000
0.00000
0.00000
0.00000
0.00000
0.00000
0.00000
0.00000
0.00000
0.00000
