-0.00015
-0.00018
-0.00021
-0.00021
-0.00018
-0.00018
-0.00021
-0.00018
-0.00015
-0.00015
-0.00018
-0.00012
-0.00009
-0.00012
-0.00012
-0.00012
-0.00015
-0.00021
-0.00018
-0.00015
-0.00021
-0.00018
-0.00018
-0.00018
-0.00021
-0.00018
-0.00018
-0.00021
-0.00018
-0.00015
-0.00009
-0.00006
-0.00009
-0.00009
-0.00021
-0.00012
-0.00018
-0.00021
-0.00015
-0.00018
-0.00015
-0.00015
-0.00009
-0.00012
-0.00015
-0.00015
-0.00015
-0.00018
-0.00018
-0.00012
-0.00015
-0.00015
-0.00012
-0.00012
-0.00015
-0.00012
-0.00009
-0.00009
-0.00009
-0.00006
-0.00009
-0.00012
-0.00015
-0.00018
-0.00018
-0.00018
-0.00021
-0.00021
-0.00021
-0.00018
-0.00015
-0.00012
-0.00012
-0.00012
-0.00012
-0.00009
-0.00009
-0.00012
-0.00012
-0.00012
-0.00015
-0.00015
-0.00015
-0.00012
-0.00012
-0.00012
-0.00012
-0.00009
-0.00006
-0.00006
-0.00012
-0.00012
-0.00009
-0.00012
-0.00012
-0.00012
-0.00012
-0.00015
-0.00012
-0.00009
-0.00009
-0.00009
-0.00009
-0.00009
-0.00009
-0.00009
-0.00015
-0.00018
-0.00021
-0.00018
-0.00015
-0.00012
-0.00009
-0.00006
-0.00006
-0.00006
-0.00006
-0.00006
-0.00009
-0.00012
-0.00012
-0.00012
-0.00009
-0.00012
-0.00018
-0.00015
-0.00012
-0.00009
-0.00009
-0.00006
-0.00003
-0.00003
-0.00006
-0.00006
-0.00009
-0.00015
-0.00015
-0.00018
-0.00018
-0.00018
-0.00015
-0.00009
-0.00003
-0.00003
0.00000
0.00000
-0.00003
-0.00012
-0.00015
-0.00015
-0.00015
-0.00015
-0.00015
-0.00009
-0.00009
-0.00009
-0.00006
-0.00006
-0.00009
-0.00012
-0.00009
-0.00009
-0.00009
-0.00009
-0.00009
-0.00012
-0.00009
-0.00009
-0.00009
-0.00012
-0.00012
-0.00009
-0.00006
-0.00003
-0.00006
-0.00006
-0.00006
-0.00006
-0.00012
-0.00012
-0.00012
-0.00015
-0.00009
-0.00012
-0.00003
-0.00003
-0.00003
-0.00012
-0.00006
-0.00037
0.00000
-0.00037
0.00043
-0.00064
0.00012
-0.01544
-0.03442
-0.02182
-0.01514
-0.01447
-0.00418
0.01770
0.03134
0.02740
0.01440
0.00629
0.00977
0.00446
-0.00989
-0.01202
-0.00592
-0.00546
-0.00311
0.00458
0.00705
0.00470
0.00073
-0.00336
0.00098
0.00644
0.00171
-0.00131
0.00070
0.00128
-0.00104
-0.00159
-0.00034
-0.00070
0.00076
0.00180
0.00192
0.00354
0.00366
0.00171
0.00125
0.00296
0.00253
0.00082
0.00003
-0.00043
-0.00092
-0.00079
-0.00012
0.00003
0.00040
0.00116
0.00058
0.00061
0.00214
0.00278
0.00174
0.00089
0.00073
0.00064
0.00024
0.00000
0.00006
0.00015
-0.00037
-0.00110
-0.00067
0.00064
0.00079
0.00012
-0.00021
-0.00018
-0.00012
0.00009
0.00064
0.00085
0.00049
-0.00006
-0.00031
-0.00034
-0.00122
-0.00137
0.00003
0.00027
-0.00040
-0.00070
-0.00082
0.00009
0.00006
-0.00098
-0.00168
-0.00153
-0.00079
-0.00052
0.00058
0.00095
0.00031
-0.00018
-0.00076
-0.00052
-0.00046
-0.00095
-0.00174
-0.00180
-0.00104
-0.00092
-0.00107
-0.00082
-0.00031
0.00003
0.00009
0.00015
0.00024
-0.00006
-0.00089
-0.00137
-0.00092
-0.00046
-0.00049
-0.00082
-0.00098
-0.00122
-0.00128
-0.00104
-0.00079
-0.00064
-0.00067
-0.00055
-0.00024
-0.00003
-0.00024
-0.00052
-0.00070
-0.00076
0.00000
0.00000
0.00000
0.00000
0.00000
0.00000
0.00000
0.00000
0.00000
0.00000
0.00000
0.00000
0.00000
0.00000
0.00000
0.00000
0.00000
0.00000
0.00000
0.00000
0.00000
0.00000
0.00000
0.00000
0.00000
0.00000
0.00000
0.00000
0.00000
0.00000
0.00000
0.00000
0.00000
0.00000
0.00000
0.00000
0.00000
0.00000
0.00000
0.00000
0.00000
0.00000
0.00000
0.00000
0.00000
0.00000
0.00000
0.00000
0.00000
0.00000
0.00000
0.00000
0.00000
0.00000
0.00000
0.00000
0.00000
0.00000
0.00000
0.00000
0.00000
0.00000
0.00000
0.00000
0.00000
0.00000
0.00000
0.00000
0.00000
0.00000
0.00000
0.00000
0.00000
0.00000
0.00000
0.00000
0.00000
0.00000
0.00000
0.00000
0.00000
0.00000
0.00000
0.00000
0.00000
0.00000
0.00000
0.00000
0.00000
0.00000
0.00000
0.00000
0.00000
0.00000
0.00000
0.00000
0.00000
0.00000
0.00000
0.00000
0.00000
0.00000
0.00000
0.00000
0.00000
0.00000
0.00000
0.00000
0.00000
0.00000
0.00000
0.00000
0.00000
0.00000
0.00000
0.00000
0.00000
0.00000
0.00000
0.00000
0.00000
0.00000
0.00000
0.00000
0.00000
0.00000
0.00000
0.00000
0.00000
0.00000
0.00000
0.00000
0.00000
0.00000
0.00000
0.00000
0.00000
0.00000
0.00000
0.00000
0.00000
0.00000
0.00000
0.00000
0.00000
0.00000
0.00000
0.00000
0.00000
0.00000
0.00000
0.00000
0.00000
0.00000
0.00000
0.00000
0.00000
0.00000
0.00000
0.00000
0.00000
0.00000
0.00000
0.00000
0.00000
0.00000
0.00000
0.00000
0.00000
0.00000
0.00000
0.00000
0.00000
0.00000
0.00000
0.00000
0.00000
0.00000
0.00000
0.00000
0.00000
0.00000
0.00000
0.00000
