0.00009
0.00006
0.00006
0.00009
0.00006
0.00003
0.00009
0.00012
0.00009
0.00012
0.00012
0.00009
0.00012
0.00009
0.00006
0.00006
0.00012
0.00009
0.00009
0.00009
0.00009
0.00009
0.00006
0.00009
0.00006
0.00009
0.00006
0.00009
0.00009
0.00006
0.00006
0.00006
0.00003
0.00006
0.00000
0.00003
0.00006
0.00009
0.00009
0.00003
0.00003
0.00009
0.00012
0.00006
0.00000
0.00003
0.00006
0.00003
0.00006
0.00009
0.00006
0.00003
0.00000
0.00003
0.00006
0.00003
0.00000
0.00006
0.00000
0.00006
0.00003
0.00000
0.00000
0.00000
0.00003
0.00006
0.00003
0.00003
0.00009
0.00009
0.00006
0.00003
0.00006
0.00000
0.00000
0.00000
0.00006
0.00000
0.00000
0.00000
0.00000
0.00000
0.00000
0.00000
0.00003
0.00003
0.00006
0.00003
0.00003
0.00000
0.00000
0.00000
-0.00003
-0.00003
0.00000
0.00003
0.00000
0.00000
0.00003
0.00006
0.00003
0.00000
0.00000
0.00000
-0.00003
-0.00003
0.00000
0.00000
0.00000
0.00000
0.00003
0.00000
0.00000
0.00003
-0.00003
-0.00006
-0.00006
-0.00006
-0.00003
-0.00006
-0.00003
0.00000
0.00000
0.00000
0.00000
0.00000
-0.00003
-0.00006
-0.00003
-0.00003
-0.00006
-0.00006
-0.00003
-0.00003
-0.00003
-0.00003
0.00000
-0.00003
-0.00006
-0.00003
-0.00003
-0.00009
-0.00009
-0.00006
-0.00003
-0.00006
-0.00009
-0.00006
-0.00006
-0.00006
-0.00009
-0.00006
-0.00006
-0.00009
-0.00009
-0.00003
-0.00006
-0.00012
-0.00009
-0.00006
-0.00009
-0.00012
-0.00012
-0.00006
-0.00012
-0.00012
-0.00009
-0.00009
-0.00009
-0.00012
-0.00012
-0.00009
-0.00012
-0.00009
-0.00009
-0.00006
-0.00018
-0.00012
-0.00009
-0.00027
0.00009
-0.00076
0.00058
-0.00162
-0.00403
-0.05154
-0.04602
-0.02563
-0.03415
-0.00610
0.00894
0.04901
0.05722
0.04901
0.02594
0.00906
0.00507
-0.01474
-0.02075
-0.01709
-0.01694
-0.00970
0.00647
0.01129
0.01443
0.01312
-0.00012
-0.00314
0.00192
0.00021
-0.00311
-0.00098
0.00012
-0.00174
0.00034
-0.00055
0.00043
0.00381
0.00327
0.00079
0.00021
0.00162
0.00085
0.00089
0.00143
0.00247
0.00259
0.00079
-0.00073
-0.00165
-0.00281
-0.00305
-0.00262
-0.00131
0.00015
0.00153
0.00162
0.00308
0.00436
0.00375
0.00244
0.00101
0.00012
-0.00095
-0.00143
-0.00061
-0.00067
-0.00098
-0.00107
-0.00134
-0.00064
-0.00009
0.00031
0.00012
-0.00027
-0.00031
-0.00104
0.00015
0.00113
0.00061
0.00003
-0.00073
-0.00104
-0.00113
-0.00119
-0.00092
-0.00143
-0.00140
-0.00131
-0.00137
-0.00116
-0.00113
-0.00192
-0.00006
-0.00037
-0.00134
0.00043
0.00052
0.00159
0.00150
0.00037
-0.00064
-0.00153
-0.00229
-0.00348
-0.00302
-0.00284
-0.00220
-0.00092
-0.00061
-0.00021
0.00006
0.00018
-0.00012
0.00012
0.00018
-0.00021
-0.00079
-0.00125
-0.00134
-0.00128
-0.00162
-0.00165
-0.00143
-0.00183
-0.00220
-0.00204
-0.00131
-0.00079
-0.00037
0.00006
0.00021
0.00009
-0.00043
-0.00079
-0.00085
-0.00089
-0.00122
-0.00183
-0.00217
-0.00211
-0.00171
-0.00131
-0.00131
-0.00150
-0.00134
-0.00089
-0.00070
-0.00046
-0.00015
0.00015
0.00000
-0.00046
-0.00009
0.00049
0.00018
0.00003
0.00055
0.00113
0.00128
0.00082
0.00104
0.00076
-0.00058
-0.00131
-0.00204
-0.00217
-0.00143
-0.00134
-0.00095
-0.00040
-0.00058
-0.00067
-0.00055
-0.00021
-0.00024
-0.00043
-0.00015
-0.00024
-0.00043
-0.00012
0.00003
-0.00006
-0.00012
-0.00015
-0.00031
-0.00046
-0.00031
-0.00027
-0.00027
-0.00024
-0.00055
-0.00076
-0.00082
-0.00098
-0.00101
-0.00085
-0.00082
-0.00107
-0.00107
-0.00070
-0.00037
-0.00006
0.00000
0.00000
0.00000
0.00000
0.00000
0.00000
0.00000
0.00000
0.00000
0.00000
0.00000
0.00000
0.00000
0.00000
0.00000
0.00000
0.00000
0.00000
0.00000
0.00000
0.00000
0.00000
0.00000
0.00000
0.00000
0.00000
0.00000
0.00000
0.00000
0.00000
0.00000
0.00000
0.00000
0.00000
0.00000
0.00000
0.00000
0.00000
0.00000
0.00000
0.00000
0.00000
0.00000
0.00000
0.00000
0.00000
0.00000
0.00000
0.00000
0.00000
0.00000
0.00000
0.00000
0.00000
0.00000
0.00000
0.00000
0.00000
0.00000
0.00000
0.00000
0.00000
0.00000
0.00000
0.00000
0.00000
0.00000
0.00000
0.00000
0.00000
0.00000
0.00000
0.00000
0.00000
0.00000
0.00000
0.00000
0.00000
0.00000
0.00000
0.00000
0.00000
0.00000
0.00000
0.00000
0.00000
0.00000
0.00000
0.00000
0.00000
0.00000
0.00000
0.00000
0.00000
0.00000
0.00000
0.00000
0.00000
0.00000
0.00000
0.00000
0.00000
0.00000
0.00000
0.00000
0.00000
0.00000
0.00000
0.00000
0.00000
0.00000
0.00000
0.00000
0.00000
0.00000
0.00000
0.00000
0.00000
0.00000
0.00000
0.00000
0.00000
0.00000
0.00000
0.00000
0.00000
0.00000
0.00000
0.00000
