-0.00006
-0.00003
-0.00003
-0.00006
-0.00003
0.00000
0.00000
0.00000
-0.00003
0.00000
0.00000
0.00000
0.00000
0.00000
0.00000
0.00000
0.00000
0.00000
0.00000
0.00000
0.00003
0.00000
0.00003
0.00003
0.00003
0.00000
0.00000
0.00003
0.00000
0.00000
0.00006
0.00009
0.00006
0.00006
0.00000
0.00003
0.00006
0.00003
0.00003
0.00000
0.00003
0.00000
0.00006
0.00006
0.00006
0.00012
0.00012
0.00009
0.00006
0.00006
0.00003
0.00000
0.00000
0.00003
0.00009
0.00012
0.00012
0.00015
0.00012
0.00006
0.00003
0.00003
0.00003
0.00006
0.00006
0.00009
0.00012
0.00009
0.00006
0.00006
0.00009
0.00006
0.00003
0.00009
0.00009
0.00009
0.00012
0.00012
0.00009
0.00012
0.00012
0.00012
0.00012
0.00009
0.00006
0.00000
0.00003
0.00006
0.00003
0.00006
0.00012
0.00012
0.00012
0.00015
0.00009
0.00006
0.00006
0.00006
0.00003
0.00006
0.00009
0.00009
0.00012
0.00012
0.00009
0.00006
0.00012
0.00009
0.00009
0.00009
0.00009
0.00006
0.00006
0.00009
0.00006
0.00009
0.00009
0.00006
0.00006
0.00006
0.00006
0.00009
0.00006
0.00006
0.00006
0.00009
0.00009
0.00003
0.00003
0.00003
0.00003
0.00003
0.00009
0.00012
0.00012
0.00012
0.00009
0.00006
0.00006
0.00006
0.00009
0.00009
0.00009
0.00006
0.00006
0.00006
0.00003
0.00006
0.00006
0.00006
0.00006
0.00009
0.00009
0.00012
0.00009
0.00006
0.00003
0.00003
0.00003
0.00003
0.00003
0.00003
0.00006
0.00006
0.00009
0.00006
0.00006
0.00006
0.00003
0.00003
0.00006
0.00003
0.00006
0.00006
0.00006
0.00009
0.00006
0.00006
0.00009
0.00009
0.00006
-0.00003
0.00009
-0.00009
0.00009
-0.00024
0.00018
-0.00043
0.00043
-0.00021
0.00040
-0.01199
-0.04947
-0.03104
-0.01248
-0.01312
-0.00793
0.01816
0.04675
0.03955
0.02094
0.00381
0.00830
0.00757
-0.01334
-0.02176
-0.00577
-0.00253
-0.00430
0.00565
0.00958
0.00906
0.00293
-0.00635
-0.00327
0.00586
0.00403
-0.00293
0.00095
0.00339
-0.00009
-0.00049
0.00082
0.00055
0.00015
0.00046
-0.00272
-0.00113
0.00104
0.00162
0.00165
0.00388
0.00497
0.00369
0.00272
0.00082
-0.00116
-0.00171
-0.00119
-0.00140
-0.00089
0.00079
0.00168
0.00122
0.00214
0.00320
0.00208
0.00110
0.00101
0.00085
0.00015
-0.00034
-0.00009
-0.00006
-0.00015
-0.00101
-0.00143
-0.00003
0.00046
-0.00006
-0.00037
0.00043
0.00055
0.00000
0.00040
0.00082
0.00049
-0.00012
-0.00058
-0.00043
-0.00034
-0.00055
-0.00058
-0.00177
-0.00134
-0.00046
-0.00095
-0.00018
-0.00027
-0.00027
0.00015
-0.00021
-0.00061
-0.00113
-0.00040
-0.00031
0.00015
0.00067
0.00009
-0.00034
-0.00113
-0.00192
-0.00204
-0.00165
-0.00162
-0.00153
-0.00110
-0.00052
0.00018
0.00058
0.00037
0.00003
-0.00015
-0.00061
-0.00085
-0.00085
-0.00061
-0.00070
-0.00110
-0.00131
-0.00134
-0.00150
-0.00183
-0.00171
-0.00089
-0.00015
0.00006
0.00012
0.00009
-0.00009
-0.00055
-0.00064
-0.00037
-0.00061
-0.00153
-0.00226
-0.00204
-0.00180
-0.00217
-0.00211
-0.00159
-0.00076
-0.00031
-0.00034
0.00000
0.00040
0.00085
0.00113
0.00113
0.00143
0.00153
0.00098
0.00064
0.00043
0.00058
0.00021
-0.00110
-0.00146
-0.00156
-0.00150
-0.00125
-0.00146
-0.00131
-0.00067
-0.00018
0.00003
0.00027
0.00058
0.00006
-0.00055
-0.00031
0.00003
-0.00027
-0.00061
-0.00064
-0.00061
-0.00052
-0.00040
-0.00012
0.00000
0.00018
0.00009
0.00006
0.00046
0.00040
0.00000
-0.00012
-0.00021
-0.00052
-0.00076
-0.00079
-0.00073
-0.00067
-0.00046
-0.00034
-0.00043
-0.00052
-0.00064
-0.00058
-0.00012
0.00000
0.00000
0.00000
0.00000
0.00000
0.00000
0.00000
0.00000
0.00000
0.00000
0.00000
0.00000
0.00000
0.00000
0.00000
0.00000
0.00000
0.00000
0.00000
0.00000
0.00000
0.00000
0.00000
0.00000
0.00000
0.00000
0.00000
0.00000
0.00000
0.00000
0.00000
0.00000
0.00000
0.00000
0.00000
0.00000
0.00000
0.00000
0.00000
0.00000
0.00000
0.00000
0.00000
0.00000
0.00000
0.00000
0.00000
0.00000
0.00000
0.00000
0.00000
0.00000
0.00000
0.00000
0.00000
0.00000
0.00000
0.00000
0.00000
0.00000
0.00000
0.00000
0.00000
0.00000
0.00000
0.00000
0.00000
0.00000
0.00000
0.00000
0.00000
0.00000
0.00000
0.00000
0.00000
0.00000
0.00000
0.00000
0.00000
0.00000
0.00000
0.00000
0.00000
0.00000
0.00000
0.00000
0.00000
0.00000
0.00000
0.00000
0.00000
0.00000
0.00000
0.00000
0.00000
0.00000
0.00000
0.00000
0.00000
0.00000
0.00000
0.00000
0.00000
0.00000
0.00000
0.00000
0.00000
0.00000
0.00000
0.00000
0.00000
0.00000
0.00000
0.00000
0.00000
0.00000
0.00000
0.00000
0.00000
0.00000
0.00000
0.00000
