-0.00009
-0.00009
-0.00003
0.00000
0.00000
0.00000
0.00000
0.00000
-0.00003
-0.00009
-0.00012
-0.00006
-0.00006
-0.00006
-0.00006
-0.00006
-0.00009
-0.00012
-0.00012
-0.00012
-0.00012
-0.00009
-0.00009
-0.00006
-0.00006
-0.00006
-0.00006
-0.00006
-0.00006
-0.00009
-0.00009
-0.00009
-0.00012
-0.00012
-0.00021
-0.00012
-0.00012
-0.00015
-0.00012
-0.00012
-0.00012
-0.00012
-0.00015
-0.00015
-0.00015
-0.00015
-0.00012
-0.00012
-0.00012
-0.00012
-0.00015
-0.00015
-0.00015
-0.00018
-0.00018
-0.00018
-0.00018
-0.00018
-0.00012
-0.00012
-0.00015
-0.00009
-0.00021
-0.00021
-0.00021
-0.00024
-0.00015
-0.00021
-0.00015
-0.00021
-0.00021
-0.00015
-0.00015
-0.00018
-0.00018
-0.00018
-0.00018
-0.00018
-0.00012
-0.00012
-0.00018
-0.00021
-0.00024
-0.00024
-0.00024
-0.00027
-0.00024
-0.00024
-0.00021
-0.00021
-0.00015
-0.00015
-0.00018
-0.00021
-0.00021
-0.00024
-0.00024
-0.00021
-0.00024
-0.00027
-0.00024
-0.00021
-0.00024
-0.00024
-0.00024
-0.00024
-0.00027
-0.00024
-0.00021
-0.00021
-0.00021
-0.00024
-0.00021
-0.00024
-0.00027
-0.00031
-0.00024
-0.00027
-0.00027
-0.00024
-0.00024
-0.00027
-0.00031
-0.00027
-0.00024
-0.00027
-0.00027
-0.00024
-0.00024
-0.00024
-0.00024
-0.00024
-0.00024
-0.00031
-0.00031
-0.00027
-0.00027
-0.00027
-0.00027
-0.00027
-0.00027
-0.00024
-0.00024
-0.00024
-0.00024
-0.00031
-0.00031
-0.00034
-0.00031
-0.00027
-0.00027
-0.00024
-0.00034
-0.00031
-0.00027
-0.00031
-0.00034
-0.00034
-0.00027
-0.00031
-0.00031
-0.00031
-0.00027
-0.00031
-0.00034
-0.00031
-0.00031
-0.00027
-0.00031
-0.00034
-0.00034
-0.00037
-0.00034
-0.00031
-0.00031
-0.00034
-0.00037
-0.00037
-0.00034
-0.00040
-0.00027
-0.00049
0.00000
-0.00085
0.00040
-0.00159
0.00119
-0.00330
0.00143
-0.04236
-0.06293
-0.03467
-0.03659
0.03763
0.05386
0.05261
0.02618
0.01035
0.01328
0.00873
-0.00122
-0.02771
-0.02795
-0.02280
-0.00748
0.01215
0.02701
0.01193
-0.00354
-0.00351
0.00043
0.00406
0.00397
-0.00201
-0.00146
0.00089
-0.00040
-0.00180
-0.00031
-0.00156
-0.00333
-0.00134
0.00092
0.00296
0.00031
0.00131
0.00354
0.00540
0.00317
0.00153
-0.00058
-0.00064
-0.00101
-0.00098
-0.00116
-0.00085
-0.00113
-0.00113
0.00055
0.00214
0.00201
0.00104
0.00238
0.00269
0.00195
0.00052
-0.00061
-0.00092
0.00000
-0.00034
-0.00244
-0.00259
-0.00104
-0.00018
0.00079
0.00101
0.00009
-0.00027
-0.00122
-0.00098
0.00012
0.00128
0.00064
-0.00043
-0.00082
-0.00073
-0.00064
-0.00085
-0.00183
-0.00134
-0.00089
-0.00104
-0.00067
-0.00049
-0.00049
-0.00131
-0.00159
-0.00195
-0.00165
-0.00085
0.00000
0.00000
0.00000
0.00000
0.00000
0.00000
0.00000
0.00000
0.00000
0.00000
0.00000
0.00000
0.00000
0.00000
0.00000
0.00000
0.00000
0.00000
0.00000
0.00000
0.00000
0.00000
0.00000
0.00000
0.00000
0.00000
0.00000
0.00000
0.00000
0.00000
0.00000
0.00000
0.00000
0.00000
0.00000
0.00000
0.00000
0.00000
0.00000
0.00000
0.00000
0.00000
0.00000
0.00000
0.00000
0.00000
0.00000
0.00000
0.00000
0.00000
0.00000
0.00000
0.00000
0.00000
0.00000
0.00000
0.00000
0.00000
0.00000
0.00000
0.00000
0.00000
0.00000
0.00000
0.00000
0.00000
0.00000
0.00000
0.00000
0.00000
0.00000
0.00000
0.00000
0.00000
0.00000
0.00000
0.00000
0.00000
0.00000
0.00000
0.00000
0.00000
0.00000
0.00000
0.00000
0.00000
0.00000
0.00000
0.00000
0.00000
0.00000
0.00000
0.00000
0.00000
0.00000
0.00000
0.00000
0.00000
0.00000
0.00000
0.00000
0.00000
0.00000
0.00000
0.00000
0.00000
0.00000
0.00000
0.00000
0.00000
0.00000
0.00000
0.00000
0.00000
0.00000
0.00000
0.00000
0.00000
0.00000
0.00000
0.00000
0.00000
0.00000
0.00000
0.00000
0.00000
0.00000
0.00000
0.00000
0.00000
0.00000
0.00000
0.00000
0.00000
0.00000
0.00000
0.00000
0.00000
0.00000
0.00000
0.00000
0.00000
0.00000
0.00000
0.00000
0.00000
0.00000
0.00000
0.00000
0.00000
0.00000
0.00000
0.00000
0.00000
0.00000
0.00000
0.00000
0.00000
0.00000
0.00000
0.00000
0.00000
0.00000
0.00000
0.00000
0.00000
0.00000
0.00000
0.00000
0.00000
0.00000
0.00000
0.00000
0.00000
0.00000
0.00000
0.00000
0.00000
0.00000
0.00000
0.00000
0.00000
0.00000
0.00000
0.00000
0.00000
0.00000
0.00000
0.00000
0.00000
0.00000
0.00000
0.00000
0.00000
0.00000
0.00000
0.00000
0.00000
0.00000
0.00000
0.00000
0.00000
0.00000
0.00000
0.00000
0.00000
0.00000
0.00000
0.00000
0.00000
0.00000
0.00000
0.00000
0.00000
0.00000
0.00000
0.00000
0.00000
0.00000
0.00000
0.00000
0.00000
0.00000
0.00000
0.00000
0.00000
0.00000
0.00000
0.00000
0.00000
0.00000
0.00000
