0.00000
0.00000
0.00000
0.00000
-0.00003
0.00000
0.00000
0.00000
-0.00003
0.00000
0.00000
0.00000
0.00000
0.00000
0.00000
-0.00006
-0.00003
-0.00003
-0.00003
-0.00003
-0.00003
0.00000
0.00000
0.00000
0.00000
0.00000
-0.00003
-0.00006
-0.00003
-0.00003
-0.00006
-0.00006
-0.00003
0.00000
-0.00009
0.00000
0.00000
-0.00006
-0.00003
-0.00006
0.00000
-0.00003
-0.00006
-0.00003
0.00000
-0.00003
-0.00006
-0.00009
-0.00012
-0.00018
-0.00018
-0.00009
-0.00009
-0.00009
-0.00003
-0.00003
-0.00006
-0.00006
-0.00009
-0.00009
-0.00015
-0.00015
-0.00012
-0.00012
-0.00009
-0.00006
-0.00006
-0.00006
-0.00009
-0.00012
-0.00012
-0.00015
-0.00018
-0.00018
-0.00015
-0.00015
-0.00015
-0.00012
-0.00015
-0.00018
-0.00018
-0.00018
-0.00021
-0.00021
-0.00018
-0.00012
-0.00009
-0.00012
-0.00009
-0.00009
-0.00018
-0.00024
-0.00024
-0.00021
-0.00024
-0.00027
-0.00018
-0.00018
-0.00018
-0.00018
-0.00018
-0.00018
-0.00024
-0.00027
-0.00024
-0.00024
-0.00027
-0.00021
-0.00018
-0.00021
-0.00024
-0.00018
-0.00021
-0.00027
-0.00027
-0.00024
-0.00027
-0.00031
-0.00027
-0.00024
-0.00027
-0.00031
-0.00027
-0.00024
-0.00031
-0.00031
-0.00027
-0.00027
-0.00027
-0.00027
-0.00027
-0.00024
-0.00024
-0.00024
-0.00024
-0.00024
-0.00027
-0.00031
-0.00031
-0.00031
-0.00034
-0.00034
-0.00034
-0.00034
-0.00031
-0.00027
-0.00027
-0.00031
-0.00034
-0.00037
-0.00037
-0.00037
-0.00034
-0.00037
-0.00034
-0.00034
-0.00034
-0.00031
-0.00031
-0.00034
-0.00037
-0.00037
-0.00037
-0.00034
-0.00031
-0.00034
-0.00034
-0.00037
-0.00037
-0.00037
-0.00040
-0.00037
-0.00040
-0.00040
-0.00040
-0.00037
-0.00034
-0.00034
-0.00034
-0.00034
-0.00034
-0.00043
-0.00046
-0.00043
-0.00046
-0.00040
-0.00037
-0.00037
-0.00031
-0.00040
-0.00031
-0.00061
-0.00040
-0.00079
-0.00006
-0.00052
0.00012
-0.00836
-0.02554
-0.02396
-0.02634
-0.00778
0.01022
0.01688
0.01855
0.01089
0.01096
0.00879
0.00339
-0.00522
-0.01105
-0.01086
-0.00705
-0.00208
0.00876
0.00848
0.00317
0.00171
0.00027
0.00095
0.00116
0.00021
0.00244
0.00443
0.00241
-0.00043
-0.00021
0.00055
-0.00095
-0.00092
-0.00150
-0.00104
0.00040
0.00082
0.00180
0.00333
0.00226
0.00110
0.00156
0.00150
0.00061
0.00000
-0.00040
-0.00092
-0.00101
-0.00137
0.00034
0.00076
0.00055
0.00040
0.00076
0.00162
0.00137
0.00070
0.00018
0.00043
0.00043
-0.00006
-0.00070
-0.00165
-0.00143
-0.00024
0.00046
0.00034
0.00000
-0.00021
-0.00070
-0.00021
0.00018
0.00003
-0.00027
-0.00043
-0.00046
-0.00009
-0.00034
-0.00104
-0.00092
-0.00146
-0.00214
-0.00058
-0.00055
-0.00095
-0.00043
-0.00027
0.00000
0.00000
0.00000
0.00000
0.00000
0.00000
0.00000
0.00000
0.00000
0.00000
0.00000
0.00000
0.00000
0.00000
0.00000
0.00000
0.00000
0.00000
0.00000
0.00000
0.00000
0.00000
0.00000
0.00000
0.00000
0.00000
0.00000
0.00000
0.00000
0.00000
0.00000
0.00000
0.00000
0.00000
0.00000
0.00000
0.00000
0.00000
0.00000
0.00000
0.00000
0.00000
0.00000
0.00000
0.00000
0.00000
0.00000
0.00000
0.00000
0.00000
0.00000
0.00000
0.00000
0.00000
0.00000
0.00000
0.00000
0.00000
0.00000
0.00000
0.00000
0.00000
0.00000
0.00000
0.00000
0.00000
0.00000
0.00000
0.00000
0.00000
0.00000
0.00000
0.00000
0.00000
0.00000
0.00000
0.00000
0.00000
0.00000
0.00000
0.00000
0.00000
0.00000
0.00000
0.00000
0.00000
0.00000
0.00000
0.00000
0.00000
0.00000
0.00000
0.00000
0.00000
0.00000
0.00000
0.00000
0.00000
0.00000
0.00000
0.00000
0.00000
0.00000
0.00000
0.00000
0.00000
0.00000
0.00000
0.00000
0.00000
0.00000
0.00000
0.00000
0.00000
0.00000
0.00000
0.00000
0.00000
0.00000
0.00000
0.00000
0.00000
0.00000
0.00000
0.00000
0.00000
0.00000
0.00000
0.00000
0.00000
0.00000
0.00000
0.00000
0.00000
0.00000
0.00000
0.00000
0.00000
0.00000
0.00000
0.00000
0.00000
0.00000
0.00000
0.00000
0.00000
0.00000
0.00000
0.00000
0.00000
0.00000
0.00000
0.00000
0.00000
0.00000
0.00000
0.00000
0.00000
0.00000
0.00000
0.00000
0.00000
0.00000
0.00000
0.00000
0.00000
0.00000
0.00000
0.00000
0.00000
0.00000
0.00000
0.00000
0.00000
0.00000
0.00000
0.00000
0.00000
0.00000
0.00000
0.00000
0.00000
0.00000
0.00000
0.00000
0.00000
0.00000
0.00000
0.00000
0.00000
0.00000
0.00000
0.00000
0.00000
0.00000
0.00000
0.00000
0.00000
0.00000
0.00000
0.00000
0.00000
0.00000
0.00000
0.00000
0.00000
0.00000
0.00000
0.00000
0.00000
0.00000
0.00000
0.00000
0.00000
0.00000
0.00000
0.00000
0.00000
0.00000
0.00000
0.00000
0.00000
0.00000
0.00000
0.00000
0.00000
0.00000
0.00000
