-0.00009
-0.00009
-0.00012
-0.00012
-0.00009
-0.00006
-0.00006
-0.00009
-0.00009
-0.00003
-0.00006
-0.00006
-0.00006
-0.00006
-0.00006
-0.00006
-0.00006
-0.00009
-0.00012
-0.00012
-0.00015
-0.00018
-0.00018
-0.00012
-0.00012
-0.00012
-0.00009
-0.00009
-0.00015
-0.00015
-0.00012
-0.00012
-0.00015
-0.00009
-0.00015
-0.00012
-0.00009
-0.00012
-0.00009
-0.00012
-0.00009
-0.00012
-0.00012
-0.00015
-0.00018
-0.00018
-0.00018
-0.00018
-0.00018
-0.00015
-0.00015
-0.00012
-0.00012
-0.00012
-0.00015
-0.00018
-0.00021
-0.00021
-0.00024
-0.00021
-0.00021
-0.00021
-0.00015
-0.00012
-0.00012
-0.00015
-0.00015
-0.00021
-0.00027
-0.00024
-0.00024
-0.00024
-0.00018
-0.00015
-0.00021
-0.00018
-0.00018
-0.00021
-0.00024
-0.00018
-0.00021
-0.00024
-0.00024
-0.00021
-0.00021
-0.00024
-0.00024
-0.00024
-0.00024
-0.00024
-0.00021
-0.00021
-0.00021
-0.00021
-0.00021
-0.00021
-0.00021
-0.00024
-0.00021
-0.00021
-0.00027
-0.00024
-0.00024
-0.00027
-0.00031
-0.00027
-0.00021
-0.00021
-0.00021
-0.00018
-0.00015
-0.00021
-0.00024
-0.00024
-0.00024
-0.00031
-0.00034
-0.00031
-0.00024
-0.00021
-0.00024
-0.00024
-0.00018
-0.00024
-0.00024
-0.00024
-0.00024
-0.00027
-0.00027
-0.00027
-0.00024
-0.00024
-0.00024
-0.00024
-0.00027
-0.00027
-0.00024
-0.00024
-0.00027
-0.00027
-0.00027
-0.00027
-0.00024
-0.00031
-0.00027
-0.00024
-0.00027
-0.00027
-0.00031
-0.00031
-0.00031
-0.00031
-0.00034
-0.00034
-0.00027
-0.00021
-0.00021
-0.00021
-0.00024
-0.00031
-0.00031
-0.00034
-0.00037
-0.00037
-0.00034
-0.00031
-0.00027
-0.00027
-0.00024
-0.00024
-0.00031
-0.00034
-0.00027
-0.00031
-0.00031
-0.00027
-0.00027
-0.00034
-0.00024
-0.00043
-0.00015
-0.00061
-0.00003
-0.00113
0.00037
-0.00146
0.00034
-0.02304
-0.05704
-0.03662
-0.02084
-0.00952
-0.00610
0.02728
0.05774
0.05093
0.02979
0.00381
0.00449
0.00040
-0.01645
-0.02527
-0.01340
-0.00323
-0.00186
0.00662
0.01407
0.01181
0.00418
-0.00540
-0.00528
0.00266
0.00308
-0.00394
-0.00021
0.00388
-0.00021
-0.00259
-0.00049
0.00085
0.00192
0.00333
-0.00064
-0.00073
0.00131
0.00070
0.00034
0.00238
0.00211
-0.00049
-0.00171
-0.00137
-0.00107
-0.00064
-0.00079
-0.00040
0.00076
0.00208
0.00162
0.00067
0.00198
0.00281
0.00156
0.00009
0.00021
0.00021
-0.00061
-0.00052
-0.00003
-0.00021
-0.00067
-0.00189
-0.00177
-0.00009
0.00040
-0.00034
-0.00085
0.00000
-0.00015
-0.00052
0.00034
0.00058
0.00024
-0.00040
-0.00079
-0.00049
-0.00079
-0.00150
-0.00189
-0.00159
-0.00095
-0.00085
-0.00189
-0.00092
-0.00049
-0.00150
-0.00049
-0.00095
0.00009
0.00089
0.00031
0.00049
0.00064
0.00024
-0.00165
-0.00226
-0.00241
-0.00256
-0.00211
-0.00201
-0.00159
-0.00098
-0.00079
-0.00073
0.00009
0.00034
-0.00015
-0.00018
-0.00018
-0.00034
-0.00073
-0.00110
-0.00101
-0.00095
-0.00146
-0.00195
-0.00201
-0.00198
-0.00208
-0.00153
-0.00067
-0.00015
0.00003
-0.00003
-0.00021
-0.00043
-0.00034
-0.00027
-0.00043
-0.00092
-0.00168
-0.00195
-0.00198
-0.00208
-0.00201
-0.00168
-0.00140
-0.00125
-0.00110
-0.00046
0.00000
0.00000
-0.00006
0.00012
0.00076
0.00082
0.00024
0.00052
0.00134
0.00116
0.00061
0.00058
0.00110
0.00058
-0.00101
-0.00137
-0.00140
-0.00174
-0.00131
-0.00113
-0.00076
-0.00040
-0.00046
-0.00049
-0.00046
-0.00006
0.00015
-0.00003
0.00003
0.00012
-0.00024
-0.00040
-0.00052
-0.00049
-0.00015
0.00009
0.00009
-0.00003
0.00000
-0.00009
-0.00003
0.00024
0.00018
-0.00024
-0.00055
-0.00049
-0.00058
-0.00076
-0.00079
-0.00079
-0.00064
-0.00043
-0.00037
-0.00034
0.00000
0.00000
0.00000
0.00000
0.00000
0.00000
0.00000
0.00000
0.00000
0.00000
0.00000
0.00000
0.00000
0.00000
0.00000
0.00000
0.00000
0.00000
0.00000
0.00000
0.00000
0.00000
0.00000
0.00000
0.00000
0.00000
0.00000
0.00000
0.00000
0.00000
0.00000
0.00000
0.00000
0.00000
0.00000
0.00000
0.00000
0.00000
0.00000
0.00000
0.00000
0.00000
0.00000
0.00000
0.00000
0.00000
0.00000
0.00000
0.00000
0.00000
0.00000
0.00000
0.00000
0.00000
0.00000
0.00000
0.00000
0.00000
0.00000
0.00000
0.00000
0.00000
0.00000
0.00000
0.00000
0.00000
0.00000
0.00000
0.00000
0.00000
0.00000
0.00000
0.00000
0.00000
0.00000
0.00000
0.00000
0.00000
0.00000
0.00000
0.00000
0.00000
0.00000
0.00000
0.00000
0.00000
0.00000
0.00000
0.00000
0.00000
0.00000
0.00000
0.00000
0.00000
0.00000
0.00000
0.00000
0.00000
0.00000
0.00000
0.00000
0.00000
0.00000
0.00000
0.00000
0.00000
0.00000
0.00000
0.00000
0.00000
0.00000
0.00000
0.00000
0.00000
0.00000
0.00000
0.00000
0.00000
0.00000
0.00000
0.00000
0.00000
0.00000
0.00000
0.00000
0.00000
0.00000
0.00000
