-0.00006
-0.00009
-0.00006
-0.00006
-0.00009
-0.00009
-0.00012
-0.00009
-0.00009
-0.00003
-0.00006
-0.00012
-0.00009
-0.00006
-0.00009
-0.00009
-0.00003
-0.00006
-0.00006
-0.00003
-0.00003
-0.00006
-0.00009
-0.00012
-0.00015
-0.00015
-0.00012
-0.00012
-0.00009
-0.00003
-0.00003
0.00000
-0.00003
-0.00006
-0.00012
-0.00012
-0.00018
-0.00015
-0.00006
-0.00009
-0.00009
-0.00009
0.00000
-0.00003
-0.00009
-0.00009
-0.00003
-0.00006
-0.00012
-0.00009
-0.00003
-0.00006
-0.00006
-0.00009
-0.00012
-0.00003
-0.00012
-0.00015
-0.00006
-0.00006
-0.00009
-0.00006
-0.00006
-0.00012
-0.00012
-0.00009
-0.00006
-0.00009
-0.00003
-0.00003
-0.00006
-0.00009
-0.00003
-0.00009
-0.00015
-0.00009
-0.00009
-0.00009
-0.00006
-0.00003
-0.00006
-0.00006
-0.00009
-0.00012
-0.00009
-0.00003
-0.00009
-0.00009
-0.00003
-0.00009
-0.00009
-0.00009
-0.00012
-0.00015
-0.00009
-0.00003
-0.00003
-0.00003
-0.00003
-0.00006
-0.00015
-0.00012
-0.00009
-0.00015
-0.00015
-0.00009
-0.00006
-0.00009
-0.00006
-0.00006
-0.00009
-0.00012
-0.00015
-0.00021
-0.00015
-0.00015
-0.00015
-0.00009
-0.00003
-0.00009
-0.00009
-0.00006
-0.00006
-0.00015
-0.00018
-0.00012
-0.00015
-0.00018
-0.00012
-0.00009
-0.00006
-0.00009
-0.00009
-0.00012
-0.00009
-0.00009
-0.00018
-0.00018
-0.00015
-0.00015
-0.00012
-0.00012
-0.00012
-0.00012
-0.00012
-0.00015
-0.00015
-0.00012
-0.00018
-0.00015
-0.00009
-0.00009
-0.00012
-0.00015
-0.00015
-0.00018
-0.00021
-0.00018
-0.00015
-0.00012
-0.00018
-0.00018
-0.00018
-0.00021
-0.00024
-0.00021
-0.00021
-0.00015
-0.00018
-0.00012
-0.00018
0.00000
-0.00037
0.00000
-0.00049
0.00000
-0.00052
-0.00006
-0.00037
-0.00043
-0.01691
-0.08337
-0.03430
-0.00150
-0.04523
-0.02505
0.03650
0.06921
0.05563
0.04047
0.02118
0.03119
0.00638
-0.03534
-0.03271
0.00290
-0.01636
-0.02393
0.00940
0.01611
0.01382
0.01041
-0.00296
0.00229
0.01486
-0.00153
-0.01163
0.00293
0.00198
-0.00906
-0.00372
-0.00070
-0.00009
0.00223
0.00574
0.00427
0.00497
0.00278
-0.00027
-0.00085
0.00134
0.00259
0.00052
-0.00031
0.00000
-0.00095
-0.00162
-0.00018
-0.00095
-0.00244
-0.00027
0.00058
-0.00168
0.00146
0.00403
0.00095
0.00034
0.00259
0.00153
-0.00110
-0.00089
0.00009
-0.00067
-0.00058
-0.00204
-0.00201
0.00040
-0.00027
-0.00180
-0.00076
0.00064
-0.00018
-0.00079
0.00067
0.00146
0.00037
-0.00061
-0.00076
-0.00052
-0.00085
-0.00214
-0.00208
-0.00171
-0.00165
-0.00229
-0.00226
-0.00125
-0.00098
-0.00110
-0.00034
-0.00018
0.00037
0.00055
-0.00006
0.00107
0.00037
-0.00064
-0.00095
-0.00281
-0.00165
-0.00211
-0.00351
-0.00302
-0.00220
-0.00140
-0.00119
-0.00034
0.00046
0.00128
0.00064
-0.00027
0.00049
0.00009
-0.00150
-0.00204
-0.00128
-0.00140
-0.00183
-0.00220
-0.00214
-0.00180
-0.00204
-0.00198
-0.00119
-0.00040
-0.00009
0.00021
0.00040
0.00009
-0.00024
-0.00070
-0.00098
-0.00140
-0.00192
-0.00208
-0.00211
-0.00189
-0.00140
-0.00067
-0.00046
-0.00085
-0.00095
-0.00107
-0.00107
-0.00089
-0.00061
-0.00009
0.00000
0.00006
-0.00015
-0.00024
-0.00012
-0.00064
-0.00024
0.00085
0.00122
0.00150
0.00153
0.00186
0.00171
-0.00006
-0.00085
-0.00137
-0.00198
-0.00168
-0.00143
-0.00119
-0.00082
-0.00061
-0.00031
-0.00021
-0.00006
-0.00024
-0.00070
-0.00040
0.00003
0.00012
0.00046
0.00064
0.00049
0.00037
0.00021
-0.00024
-0.00064
-0.00031
-0.00031
-0.00076
-0.00082
-0.00076
-0.00119
-0.00159
-0.00146
-0.00128
-0.00098
-0.00052
-0.00009
0.00000
0.00000
0.00000
0.00000
0.00000
0.00000
0.00000
0.00000
0.00000
0.00000
0.00000
0.00000
0.00000
0.00000
0.00000
0.00000
0.00000
0.00000
0.00000
0.00000
0.00000
0.00000
0.00000
0.00000
0.00000
0.00000
0.00000
0.00000
0.00000
0.00000
0.00000
0.00000
0.00000
0.00000
0.00000
0.00000
0.00000
0.00000
0.00000
0.00000
0.00000
0.00000
0.00000
0.00000
0.00000
0.00000
0.00000
0.00000
0.00000
0.00000
0.00000
0.00000
0.00000
0.00000
0.00000
0.00000
0.00000
0.00000
0.00000
0.00000
0.00000
0.00000
0.00000
0.00000
0.00000
0.00000
0.00000
0.00000
0.00000
0.00000
0.00000
0.00000
0.00000
0.00000
0.00000
0.00000
0.00000
0.00000
0.00000
0.00000
0.00000
0.00000
0.00000
0.00000
0.00000
0.00000
0.00000
0.00000
0.00000
0.00000
0.00000
0.00000
0.00000
0.00000
0.00000
0.00000
0.00000
0.00000
0.00000
0.00000
0.00000
0.00000
0.00000
0.00000
0.00000
0.00000
0.00000
0.00000
0.00000
0.00000
0.00000
0.00000
0.00000
0.00000
0.00000
0.00000
0.00000
0.00000
0.00000
0.00000
0.00000
0.00000
0.00000
0.00000
0.00000
0.00000
0.00000
0.00000
0.00000
0.00000
0.00000
0.00000
0.00000
0.00000
0.00000
0.00000
