-0.00021
-0.00021
-0.00021
-0.00021
-0.00018
-0.00018
-0.00021
-0.00018
-0.00021
-0.00021
-0.00024
-0.00024
-0.00024
-0.00024
-0.00021
-0.00021
-0.00024
-0.00021
-0.00018
-0.00021
-0.00021
-0.00015
-0.00015
-0.00021
-0.00018
-0.00018
-0.00021
-0.00021
-0.00024
-0.00021
-0.00021
-0.00021
-0.00024
-0.00018
-0.00024
-0.00018
-0.00018
-0.00018
-0.00018
-0.00024
-0.00021
-0.00021
-0.00018
-0.00021
-0.00024
-0.00021
-0.00021
-0.00024
-0.00021
-0.00018
-0.00018
-0.00018
-0.00024
-0.00024
-0.00021
-0.00021
-0.00024
-0.00021
-0.00021
-0.00021
-0.00021
-0.00021
-0.00021
-0.00027
-0.00024
-0.00021
-0.00024
-0.00021
-0.00018
-0.00021
-0.00021
-0.00021
-0.00021
-0.00021
-0.00021
-0.00021
-0.00021
-0.00021
-0.00021
-0.00027
-0.00031
-0.00027
-0.00031
-0.00031
-0.00024
-0.00018
-0.00018
-0.00018
-0.00015
-0.00018
-0.00021
-0.00021
-0.00021
-0.00027
-0.00027
-0.00024
-0.00021
-0.00024
-0.00021
-0.00021
-0.00024
-0.00024
-0.00024
-0.00024
-0.00021
-0.00021
-0.00021
-0.00018
-0.00021
-0.00021
-0.00018
-0.00018
-0.00021
-0.00024
-0.00021
-0.00024
-0.00024
-0.00021
-0.00021
-0.00024
-0.00021
-0.00021
-0.00021
-0.00021
-0.00024
-0.00024
-0.00024
-0.00021
-0.00024
-0.00024
-0.00018
-0.00018
-0.00021
-0.00021
-0.00018
-0.00021
-0.00021
-0.00018
-0.00021
-0.00021
-0.00021
-0.00024
-0.00024
-0.00024
-0.00024
-0.00021
-0.00021
-0.00021
-0.00021
-0.00021
-0.00021
-0.00024
-0.00024
-0.00024
-0.00027
-0.00027
-0.00024
-0.00024
-0.00027
-0.00024
-0.00018
-0.00021
-0.00024
-0.00021
-0.00021
-0.00024
-0.00021
-0.00021
-0.00021
-0.00024
-0.00024
-0.00024
-0.00021
-0.00021
-0.00024
-0.00027
-0.00024
-0.00024
-0.00027
-0.00024
-0.00024
-0.00027
-0.00027
-0.00027
-0.00021
-0.00027
-0.00024
-0.00027
-0.00027
-0.00031
-0.00031
-0.00015
-0.00012
0.00012
-0.00046
-0.00275
-0.02426
-0.03082
-0.01810
-0.01611
-0.01175
0.00351
0.02371
0.02963
0.02216
0.00934
0.00720
0.00946
-0.00073
-0.01199
-0.01038
-0.00583
-0.00583
0.00073
0.00659
0.00592
0.00391
-0.00140
-0.00247
0.00354
0.00470
-0.00085
-0.00162
0.00165
-0.00040
-0.00131
-0.00049
-0.00058
0.00101
0.00293
0.00250
0.00195
0.00256
0.00125
0.00055
0.00208
0.00269
0.00128
0.00040
-0.00034
-0.00046
-0.00055
-0.00034
0.00000
-0.00037
0.00021
0.00055
0.00067
0.00143
0.00241
0.00204
0.00079
0.00040
0.00055
0.00037
0.00006
0.00006
0.00027
-0.00006
-0.00101
-0.00125
0.00006
0.00085
0.00018
-0.00058
-0.00073
-0.00018
0.00006
0.00027
0.00058
0.00067
0.00009
-0.00037
-0.00046
-0.00089
-0.00146
-0.00046
0.00034
-0.00046
-0.00073
-0.00113
-0.00046
0.00021
-0.00085
-0.00174
-0.00183
-0.00079
-0.00067
0.00000
0.00064
0.00000
-0.00024
-0.00076
-0.00073
-0.00046
-0.00073
-0.00150
-0.00183
-0.00125
-0.00113
-0.00125
-0.00116
-0.00064
-0.00021
0.00009
-0.00003
0.00000
-0.00009
-0.00082
-0.00143
-0.00110
-0.00043
-0.00040
-0.00089
-0.00122
-0.00125
-0.00125
-0.00116
-0.00125
-0.00113
-0.00092
-0.00061
-0.00031
-0.00018
-0.00034
-0.00055
-0.00055
0.00000
0.00000
0.00000
0.00000
0.00000
0.00000
0.00000
0.00000
0.00000
0.00000
0.00000
0.00000
0.00000
0.00000
0.00000
0.00000
0.00000
0.00000
0.00000
0.00000
0.00000
0.00000
0.00000
0.00000
0.00000
0.00000
0.00000
0.00000
0.00000
0.00000
0.00000
0.00000
0.00000
0.00000
0.00000
0.00000
0.00000
0.00000
0.00000
0.00000
0.00000
0.00000
0.00000
0.00000
0.00000
0.00000
0.00000
0.00000
0.00000
0.00000
0.00000
0.00000
0.00000
0.00000
0.00000
0.00000
0.00000
0.00000
0.00000
0.00000
0.00000
0.00000
0.00000
0.00000
0.00000
0.00000
0.00000
0.00000
0.00000
0.00000
0.00000
0.00000
0.00000
0.00000
0.00000
0.00000
0.00000
0.00000
0.00000
0.00000
0.00000
0.00000
0.00000
0.00000
0.00000
0.00000
0.00000
0.00000
0.00000
0.00000
0.00000
0.00000
0.00000
0.00000
0.00000
0.00000
0.00000
0.00000
0.00000
0.00000
0.00000
0.00000
0.00000
0.00000
0.00000
0.00000
0.00000
0.00000
0.00000
0.00000
0.00000
0.00000
0.00000
0.00000
0.00000
0.00000
0.00000
0.00000
0.00000
0.00000
0.00000
0.00000
0.00000
0.00000
0.00000
0.00000
0.00000
0.00000
0.00000
0.00000
0.00000
0.00000
0.00000
0.00000
0.00000
0.00000
0.00000
0.00000
0.00000
0.00000
0.00000
0.00000
0.00000
0.00000
0.00000
0.00000
0.00000
0.00000
0.00000
0.00000
0.00000
0.00000
0.00000
0.00000
0.00000
0.00000
0.00000
0.00000
0.00000
0.00000
0.00000
0.00000
0.00000
0.00000
0.00000
0.00000
0.00000
0.00000
0.00000
0.00000
0.00000
0.00000
0.00000
0.00000
0.00000
0.00000
0.00000
0.00000
0.00000
0.00000
0.00000
0.00000
0.00000
0.00000
0.00000
