-0.00024
-0.00027
-0.00031
-0.00034
-0.00034
-0.00037
-0.00037
-0.00037
-0.00037
-0.00037
-0.00034
-0.00034
-0.00034
-0.00031
-0.00034
-0.00037
-0.00037
-0.00031
-0.00034
-0.00034
-0.00034
-0.00034
-0.00037
-0.00037
-0.00034
-0.00037
-0.00040
-0.00037
-0.00031
-0.00031
-0.00037
-0.00037
-0.00034
-0.00034
-0.00043
-0.00037
-0.00034
-0.00034
-0.00034
-0.00037
-0.00031
-0.00037
-0.00040
-0.00037
-0.00034
-0.00037
-0.00037
-0.00034
-0.00034
-0.00040
-0.00040
-0.00040
-0.00040
-0.00040
-0.00037
-0.00034
-0.00031
-0.00027
-0.00031
-0.00034
-0.00034
-0.00040
-0.00040
-0.00037
-0.00040
-0.00040
-0.00037
-0.00037
-0.00037
-0.00037
-0.00037
-0.00040
-0.00043
-0.00037
-0.00037
-0.00037
-0.00037
-0.00034
-0.00037
-0.00037
-0.00040
-0.00037
-0.00037
-0.00040
-0.00043
-0.00040
-0.00040
-0.00043
-0.00043
-0.00040
-0.00043
-0.00040
-0.00037
-0.00037
-0.00040
-0.00040
-0.00040
-0.00040
-0.00043
-0.00040
-0.00040
-0.00043
-0.00043
-0.00040
-0.00037
-0.00037
-0.00040
-0.00040
-0.00037
-0.00040
-0.00043
-0.00040
-0.00040
-0.00040
-0.00043
-0.00037
-0.00037
-0.00037
-0.00037
-0.00037
-0.00037
-0.00040
-0.00043
-0.00040
-0.00040
-0.00040
-0.00040
-0.00037
-0.00040
-0.00040
-0.00040
-0.00037
-0.00040
-0.00040
-0.00037
-0.00037
-0.00037
-0.00037
-0.00037
-0.00037
-0.00037
-0.00037
-0.00040
-0.00037
-0.00040
-0.00037
-0.00034
-0.00034
-0.00034
-0.00034
-0.00037
-0.00037
-0.00037
-0.00043
-0.00043
-0.00040
-0.00034
-0.00034
-0.00027
-0.00024
-0.00027
-0.00031
-0.00034
-0.00034
-0.00037
-0.00037
-0.00034
-0.00034
-0.00031
-0.00031
-0.00031
-0.00031
-0.00031
-0.00034
-0.00031
-0.00024
-0.00027
-0.00031
-0.00027
-0.00031
-0.00034
-0.00037
-0.00040
-0.00037
-0.00034
-0.00031
-0.00031
-0.00021
-0.00024
-0.00018
-0.00043
-0.00031
-0.00061
-0.00018
-0.00015
0.00000
-0.00540
-0.02567
-0.02521
-0.02710
-0.01300
0.01096
0.01825
0.02148
0.01300
0.01117
0.01062
0.00595
-0.00397
-0.01242
-0.01392
-0.00964
-0.00418
0.00720
0.00977
0.00391
0.00159
0.00131
0.00223
0.00278
0.00009
0.00070
0.00433
0.00479
0.00098
-0.00113
-0.00064
-0.00116
-0.00055
-0.00049
-0.00027
0.00006
0.00000
0.00110
0.00381
0.00427
0.00204
0.00043
0.00046
0.00092
0.00098
0.00018
-0.00061
-0.00055
-0.00055
-0.00101
0.00058
0.00192
0.00082
0.00095
0.00125
0.00140
0.00137
0.00079
0.00015
0.00037
0.00064
0.00003
-0.00095
-0.00140
-0.00125
0.00000
0.00095
0.00064
0.00024
0.00000
-0.00058
0.00018
0.00092
0.00067
-0.00018
-0.00061
-0.00037
0.00003
-0.00015
-0.00101
-0.00085
-0.00064
-0.00220
-0.00076
-0.00006
-0.00046
0.00021
0.00000
0.00000
0.00000
0.00000
0.00000
0.00000
0.00000
0.00000
0.00000
0.00000
0.00000
0.00000
0.00000
0.00000
0.00000
0.00000
0.00000
0.00000
0.00000
0.00000
0.00000
0.00000
0.00000
0.00000
0.00000
0.00000
0.00000
0.00000
0.00000
0.00000
0.00000
0.00000
0.00000
0.00000
0.00000
0.00000
0.00000
0.00000
0.00000
0.00000
0.00000
0.00000
0.00000
0.00000
0.00000
0.00000
0.00000
0.00000
0.00000
0.00000
0.00000
0.00000
0.00000
0.00000
0.00000
0.00000
0.00000
0.00000
0.00000
0.00000
0.00000
0.00000
0.00000
0.00000
0.00000
0.00000
0.00000
0.00000
0.00000
0.00000
0.00000
0.00000
0.00000
0.00000
0.00000
0.00000
0.00000
0.00000
0.00000
0.00000
0.00000
0.00000
0.00000
0.00000
0.00000
0.00000
0.00000
0.00000
0.00000
0.00000
0.00000
0.00000
0.00000
0.00000
0.00000
0.00000
0.00000
0.00000
0.00000
0.00000
0.00000
0.00000
0.00000
0.00000
0.00000
0.00000
0.00000
0.00000
0.00000
0.00000
0.00000
0.00000
0.00000
0.00000
0.00000
0.00000
0.00000
0.00000
0.00000
0.00000
0.00000
0.00000
0.00000
0.00000
0.00000
0.00000
0.00000
0.00000
0.00000
0.00000
0.00000
0.00000
0.00000
0.00000
0.00000
0.00000
0.00000
0.00000
0.00000
0.00000
0.00000
0.00000
0.00000
0.00000
0.00000
0.00000
0.00000
0.00000
0.00000
0.00000
0.00000
0.00000
0.00000
0.00000
0.00000
0.00000
0.00000
0.00000
0.00000
0.00000
0.00000
0.00000
0.00000
0.00000
0.00000
0.00000
0.00000
0.00000
0.00000
0.00000
0.00000
0.00000
0.00000
0.00000
0.00000
0.00000
0.00000
0.00000
0.00000
0.00000
0.00000
0.00000
0.00000
0.00000
0.00000
0.00000
0.00000
0.00000
0.00000
0.00000
0.00000
0.00000
0.00000
0.00000
0.00000
0.00000
0.00000
0.00000
0.00000
0.00000
0.00000
0.00000
0.00000
0.00000
0.00000
0.00000
0.00000
0.00000
0.00000
0.00000
0.00000
0.00000
0.00000
0.00000
0.00000
0.00000
0.00000
0.00000
0.00000
0.00000
0.00000
0.00000
0.00000
0.00000
0.00000
0.00000
0.00000
0.00000
0.00000
