-0.00021
-0.00018
-0.00021
-0.00018
-0.00015
-0.00012
-0.00018
-0.00021
-0.00018
-0.00018
-0.00018
-0.00015
-0.00015
-0.00024
-0.00015
-0.00021
-0.00027
-0.00024
-0.00018
-0.00018
-0.00015
-0.00015
-0.00018
-0.00012
-0.00018
-0.00021
-0.00018
-0.00015
-0.00015
-0.00018
-0.00021
-0.00021
-0.00021
-0.00018
-0.00018
-0.00021
-0.00021
-0.00021
-0.00021
-0.00021
-0.00018
-0.00015
-0.00015
-0.00018
-0.00018
-0.00021
-0.00021
-0.00021
-0.00015
-0.00018
-0.00018
-0.00024
-0.00021
-0.00024
-0.00012
-0.00021
-0.00027
-0.00006
-0.00031
-0.00031
-0.00034
-0.00018
-0.00021
-0.00024
-0.00021
-0.00012
-0.00015
-0.00018
-0.00021
-0.00018
-0.00012
-0.00018
-0.00021
-0.00024
-0.00024
-0.00027
-0.00031
-0.00018
-0.00021
-0.00024
-0.00024
-0.00018
-0.00021
-0.00021
-0.00015
-0.00021
-0.00021
-0.00018
-0.00021
-0.00024
-0.00021
-0.00024
-0.00018
-0.00018
-0.00021
-0.00027
-0.00015
-0.00015
-0.00027
-0.00031
-0.00018
-0.00021
-0.00027
-0.00012
-0.00012
-0.00021
-0.00024
-0.00018
-0.00018
-0.00021
-0.00018
-0.00018
-0.00018
-0.00018
-0.00021
-0.00024
-0.00024
-0.00021
-0.00021
-0.00012
-0.00006
-0.00009
-0.00018
-0.00018
-0.00018
-0.00024
-0.00021
-0.00015
-0.00012
-0.00009
-0.00009
-0.00015
-0.00021
-0.00018
-0.00021
-0.00024
-0.00015
-0.00003
-0.00012
-0.00009
-0.00006
-0.00018
-0.00018
-0.00018
-0.00015
-0.00018
-0.00009
-0.00015
-0.00021
-0.00009
-0.00009
-0.00015
-0.00012
-0.00009
-0.00018
-0.00021
-0.00015
-0.00012
-0.00015
-0.00018
-0.00012
-0.00006
-0.00015
-0.00009
-0.00009
-0.00015
-0.00015
-0.00015
-0.00015
-0.00003
-0.00015
0.00000
-0.00040
0.00024
-0.00079
0.00076
-0.00137
0.00137
-0.00198
0.00183
-0.00208
0.00186
-0.03400
-0.16867
-0.03104
-0.01804
-0.01443
0.02716
0.13190
0.14609
0.04526
-0.01840
-0.06158
-0.01596
-0.00836
-0.01410
-0.02576
0.04129
0.00992
0.00818
0.00891
-0.01740
-0.01135
0.01086
-0.00024
0.00436
0.02560
0.01089
-0.02124
0.00180
0.01547
-0.00992
-0.00565
-0.00256
-0.00952
-0.00488
0.00522
-0.00259
0.00735
0.01288
0.00485
-0.00250
0.00864
0.00217
-0.00644
-0.00198
-0.00018
-0.00262
-0.00226
-0.00150
-0.00159
0.00195
0.00333
0.00253
0.00043
0.00424
0.00317
0.00223
0.00180
0.00098
-0.00107
-0.00189
-0.00195
0.00034
-0.00156
-0.00162
-0.00208
-0.00177
-0.00012
-0.00150
-0.00064
-0.00043
0.00085
0.00055
0.00003
0.00201
0.00137
-0.00024
-0.00018
0.00000
0.00000
0.00000
0.00000
0.00000
0.00000
0.00000
0.00000
0.00000
0.00000
0.00000
0.00000
0.00000
0.00000
0.00000
0.00000
0.00000
0.00000
0.00000
0.00000
0.00000
0.00000
0.00000
0.00000
0.00000
0.00000
0.00000
0.00000
0.00000
0.00000
0.00000
0.00000
0.00000
0.00000
0.00000
0.00000
0.00000
0.00000
0.00000
0.00000
0.00000
0.00000
0.00000
0.00000
0.00000
0.00000
0.00000
0.00000
0.00000
0.00000
0.00000
0.00000
0.00000
0.00000
0.00000
0.00000
0.00000
0.00000
0.00000
0.00000
0.00000
0.00000
0.00000
0.00000
0.00000
0.00000
0.00000
0.00000
0.00000
0.00000
0.00000
0.00000
0.00000
0.00000
0.00000
0.00000
0.00000
0.00000
0.00000
0.00000
0.00000
0.00000
0.00000
0.00000
0.00000
0.00000
0.00000
0.00000
0.00000
0.00000
0.00000
0.00000
0.00000
0.00000
0.00000
0.00000
0.00000
0.00000
0.00000
0.00000
0.00000
0.00000
0.00000
0.00000
0.00000
0.00000
0.00000
0.00000
0.00000
0.00000
0.00000
0.00000
0.00000
0.00000
0.00000
0.00000
0.00000
0.00000
0.00000
0.00000
0.00000
0.00000
0.00000
0.00000
0.00000
0.00000
0.00000
0.00000
0.00000
0.00000
0.00000
0.00000
0.00000
0.00000
0.00000
0.00000
0.00000
0.00000
0.00000
0.00000
0.00000
0.00000
0.00000
0.00000
0.00000
0.00000
0.00000
0.00000
0.00000
0.00000
0.00000
0.00000
0.00000
0.00000
0.00000
0.00000
0.00000
0.00000
0.00000
0.00000
0.00000
0.00000
0.00000
0.00000
0.00000
0.00000
0.00000
0.00000
0.00000
0.00000
0.00000
0.00000
0.00000
0.00000
0.00000
0.00000
0.00000
0.00000
0.00000
0.00000
0.00000
0.00000
0.00000
0.00000
0.00000
0.00000
0.00000
0.00000
0.00000
0.00000
0.00000
0.00000
0.00000
0.00000
0.00000
0.00000
0.00000
0.00000
0.00000
0.00000
0.00000
0.00000
0.00000
0.00000
0.00000
0.00000
0.00000
0.00000
0.00000
0.00000
0.00000
0.00000
0.00000
0.00000
0.00000
0.00000
0.00000
0.00000
0.00000
0.00000
0.00000
0.00000
0.00000
0.00000
0.00000
0.00000
0.00000
0.00000
0.00000
0.00000
0.00000
0.00000
0.00000
0.00000
0.00000
0.00000
0.00000
0.00000
0.00000
0.00000
0.00000
0.00000
0.00000
0.00000
0.00000
0.00000
0.00000
0.00000
0.00000
0.00000
0.00000
0.00000
0.00000
