-0.00003
-0.00009
-0.00009
-0.00003
-0.00006
-0.00003
0.00000
-0.00006
-0.00003
0.00000
-0.00003
0.00000
0.00000
-0.00003
-0.00009
-0.00003
0.00000
0.00000
0.00000
0.00000
0.00000
0.00000
-0.00003
-0.00009
-0.00009
-0.00006
-0.00006
-0.00003
0.00000
0.00000
0.00000
0.00003
0.00000
0.00000
0.00000
-0.00003
-0.00003
0.00000
0.00000
0.00000
0.00000
-0.00003
0.00000
0.00000
0.00000
0.00003
0.00003
-0.00003
-0.00003
0.00000
0.00000
0.00000
0.00000
0.00000
0.00000
0.00003
0.00000
0.00003
0.00003
0.00000
0.00000
0.00003
0.00000
0.00000
0.00000
0.00003
0.00000
-0.00003
0.00003
0.00003
0.00000
0.00003
0.00000
0.00000
0.00006
0.00006
0.00003
0.00012
0.00009
0.00000
0.00006
0.00003
0.00000
0.00003
0.00006
0.00003
0.00006
0.00003
0.00003
0.00006
0.00003
0.00000
0.00000
0.00000
0.00006
0.00012
0.00009
0.00009
0.00006
0.00003
0.00006
0.00006
0.00009
0.00009
0.00012
0.00009
0.00006
0.00009
0.00003
0.00003
0.00006
0.00003
0.00003
0.00006
0.00009
0.00003
0.00006
0.00009
0.00006
0.00006
0.00009
0.00012
0.00009
0.00009
0.00012
0.00009
0.00003
0.00006
0.00003
0.00003
0.00009
0.00012
0.00009
0.00009
0.00012
0.00006
0.00009
0.00009
0.00003
0.00006
0.00006
0.00000
0.00003
0.00006
0.00009
0.00006
0.00003
0.00006
0.00009
0.00012
0.00006
0.00012
0.00012
0.00006
0.00003
0.00003
0.00003
0.00000
0.00006
0.00006
0.00015
0.00012
0.00012
0.00018
0.00012
0.00003
0.00003
0.00006
0.00003
0.00000
0.00006
0.00009
0.00012
0.00009
0.00009
0.00009
0.00003
0.00003
0.00006
0.00006
0.00006
0.00003
0.00006
0.00000
0.00015
0.00006
0.00003
0.00018
-0.00021
0.00049
-0.00061
0.00119
-0.00156
-0.00006
-0.04321
-0.04327
-0.01889
-0.02982
-0.00952
0.03391
0.05145
0.04282
0.04294
0.00296
-0.00754
-0.00504
-0.03079
-0.02603
0.00186
0.00259
0.00543
0.01743
0.00674
-0.00537
0.00134
-0.00305
-0.00800
0.00876
0.00644
-0.00391
0.00708
0.00659
-0.00113
0.00360
0.00217
-0.00360
-0.00143
-0.00024
-0.00323
0.00089
0.00613
0.00394
0.00275
0.00351
0.00177
0.00000
-0.00003
-0.00131
-0.00299
-0.00287
0.00052
0.00177
0.00226
0.00314
0.00238
0.00049
0.00128
0.00250
0.00168
0.00089
0.00116
0.00055
0.00027
0.00089
0.00064
-0.00003
-0.00006
-0.00058
-0.00098
0.00027
0.00058
0.00009
0.00012
0.00024
-0.00006
-0.00027
0.00098
0.00104
0.00049
0.00070
0.00067
-0.00058
0.00000
0.00000
0.00000
0.00000
0.00000
0.00000
0.00000
0.00000
0.00000
0.00000
0.00000
0.00000
0.00000
0.00000
0.00000
0.00000
0.00000
0.00000
0.00000
0.00000
0.00000
0.00000
0.00000
0.00000
0.00000
0.00000
0.00000
0.00000
0.00000
0.00000
0.00000
0.00000
0.00000
0.00000
0.00000
0.00000
0.00000
0.00000
0.00000
0.00000
0.00000
0.00000
0.00000
0.00000
0.00000
0.00000
0.00000
0.00000
0.00000
0.00000
0.00000
0.00000
0.00000
0.00000
0.00000
0.00000
0.00000
0.00000
0.00000
0.00000
0.00000
0.00000
0.00000
0.00000
0.00000
0.00000
0.00000
0.00000
0.00000
0.00000
0.00000
0.00000
0.00000
0.00000
0.00000
0.00000
0.00000
0.00000
0.00000
0.00000
0.00000
0.00000
0.00000
0.00000
0.00000
0.00000
0.00000
0.00000
0.00000
0.00000
0.00000
0.00000
0.00000
0.00000
0.00000
0.00000
0.00000
0.00000
0.00000
0.00000
0.00000
0.00000
0.00000
0.00000
0.00000
0.00000
0.00000
0.00000
0.00000
0.00000
0.00000
0.00000
0.00000
0.00000
0.00000
0.00000
0.00000
0.00000
0.00000
0.00000
0.00000
0.00000
0.00000
0.00000
0.00000
0.00000
0.00000
0.00000
0.00000
0.00000
0.00000
0.00000
0.00000
0.00000
0.00000
0.00000
0.00000
0.00000
0.00000
0.00000
0.00000
0.00000
0.00000
0.00000
0.00000
0.00000
0.00000
0.00000
0.00000
0.00000
0.00000
0.00000
0.00000
0.00000
0.00000
0.00000
0.00000
0.00000
0.00000
0.00000
0.00000
0.00000
0.00000
0.00000
0.00000
0.00000
0.00000
0.00000
0.00000
0.00000
0.00000
0.00000
0.00000
0.00000
0.00000
0.00000
0.00000
0.00000
0.00000
0.00000
0.00000
0.00000
0.00000
0.00000
0.00000
0.00000
0.00000
0.00000
0.00000
0.00000
0.00000
0.00000
0.00000
0.00000
0.00000
0.00000
0.00000
0.00000
0.00000
0.00000
0.00000
0.00000
0.00000
0.00000
0.00000
0.00000
0.00000
0.00000
0.00000
0.00000
0.00000
0.00000
0.00000
0.00000
0.00000
0.00000
0.00000
0.00000
0.00000
0.00000
0.00000
0.00000
0.00000
0.00000
0.00000
0.00000
0.00000
0.00000
0.00000
0.00000
0.00000
0.00000
0.00000
0.00000
0.00000
0.00000
0.00000
0.00000
0.00000
0.00000
