0.00000
0.00006
0.00009
0.00003
0.00006
0.00003
0.00000
-0.00006
0.00000
0.00003
0.00003
0.00000
0.00003
0.00009
0.00015
0.00015
0.00012
0.00009
0.00003
0.00003
0.00000
0.00003
0.00003
0.00003
0.00009
0.00009
0.00006
0.00003
0.00003
0.00003
0.00000
0.00000
0.00000
0.00006
0.00006
0.00003
0.00006
0.00006
0.00000
0.00000
0.00006
0.00003
0.00012
0.00012
0.00009
0.00006
0.00006
0.00003
0.00003
0.00009
0.00006
0.00012
0.00012
0.00015
0.00012
0.00021
0.00000
0.00012
0.00006
-0.00003
0.00000
0.00000
0.00015
0.00003
0.00003
0.00009
0.00009
0.00000
0.00006
0.00003
0.00000
0.00009
0.00009
0.00006
0.00009
0.00012
0.00000
0.00012
0.00024
0.00009
0.00018
0.00015
0.00009
0.00000
0.00006
0.00003
-0.00003
0.00003
0.00015
0.00006
0.00012
0.00012
0.00012
0.00012
0.00012
0.00009
0.00006
0.00015
0.00012
0.00003
0.00000
0.00015
0.00006
0.00000
0.00012
0.00009
0.00000
0.00003
0.00015
0.00009
0.00012
0.00015
0.00012
0.00012
0.00012
0.00006
0.00006
0.00009
0.00003
0.00003
0.00012
0.00012
0.00003
0.00003
0.00009
0.00003
0.00009
0.00012
0.00009
0.00015
0.00012
0.00006
0.00003
0.00006
0.00000
0.00000
0.00003
0.00006
0.00009
0.00006
0.00009
0.00003
0.00006
0.00003
0.00003
0.00012
0.00003
0.00000
-0.00009
-0.00003
0.00006
0.00003
0.00009
0.00018
0.00021
0.00003
-0.00003
0.00000
-0.00015
-0.00015
-0.00012
0.00003
0.00003
0.00003
0.00018
0.00012
0.00000
-0.00006
-0.00009
-0.00012
-0.00006
-0.00012
0.00000
-0.00018
0.00037
-0.00061
0.00122
-0.00201
0.00299
-0.00479
0.00681
-0.01007
0.01132
-0.11069
-0.13235
0.00046
-0.04114
0.01746
0.06131
0.17450
0.11145
0.01816
-0.05081
-0.04132
-0.02530
-0.01532
-0.02716
0.00314
0.03952
0.00803
0.01199
-0.00528
-0.01349
-0.00446
0.00555
0.00751
0.01175
0.01700
0.00110
-0.01752
0.01132
0.00800
-0.01248
-0.00671
-0.00317
-0.01138
-0.00244
0.00821
0.00208
0.00949
0.01227
0.00098
-0.00302
0.00970
-0.00250
-0.00687
-0.00122
0.00058
-0.00504
-0.00082
-0.00089
-0.00018
0.00186
0.00491
0.00012
0.00143
0.00497
0.00305
0.00153
0.00150
-0.00040
-0.00229
-0.00272
-0.00021
-0.00031
-0.00238
-0.00201
-0.00262
-0.00073
-0.00027
-0.00140
-0.00073
-0.00055
0.00150
0.00027
0.00110
0.00192
0.00000
-0.00110
-0.00043
0.00000
0.00000
0.00000
0.00000
0.00000
0.00000
0.00000
0.00000
0.00000
0.00000
0.00000
0.00000
0.00000
0.00000
0.00000
0.00000
0.00000
0.00000
0.00000
0.00000
0.00000
0.00000
0.00000
0.00000
0.00000
0.00000
0.00000
0.00000
0.00000
0.00000
0.00000
0.00000
0.00000
0.00000
0.00000
0.00000
0.00000
0.00000
0.00000
0.00000
0.00000
0.00000
0.00000
0.00000
0.00000
0.00000
0.00000
0.00000
0.00000
0.00000
0.00000
0.00000
0.00000
0.00000
0.00000
0.00000
0.00000
0.00000
0.00000
0.00000
0.00000
0.00000
0.00000
0.00000
0.00000
0.00000
0.00000
0.00000
0.00000
0.00000
0.00000
0.00000
0.00000
0.00000
0.00000
0.00000
0.00000
0.00000
0.00000
0.00000
0.00000
0.00000
0.00000
0.00000
0.00000
0.00000
0.00000
0.00000
0.00000
0.00000
0.00000
0.00000
0.00000
0.00000
0.00000
0.00000
0.00000
0.00000
0.00000
0.00000
0.00000
0.00000
0.00000
0.00000
0.00000
0.00000
0.00000
0.00000
0.00000
0.00000
0.00000
0.00000
0.00000
0.00000
0.00000
0.00000
0.00000
0.00000
0.00000
0.00000
0.00000
0.00000
0.00000
0.00000
0.00000
0.00000
0.00000
0.00000
0.00000
0.00000
0.00000
0.00000
0.00000
0.00000
0.00000
0.00000
0.00000
0.00000
0.00000
0.00000
0.00000
0.00000
0.00000
0.00000
0.00000
0.00000
0.00000
0.00000
0.00000
0.00000
0.00000
0.00000
0.00000
0.00000
0.00000
0.00000
0.00000
0.00000
0.00000
0.00000
0.00000
0.00000
0.00000
0.00000
0.00000
0.00000
0.00000
0.00000
0.00000
0.00000
0.00000
0.00000
0.00000
0.00000
0.00000
0.00000
0.00000
0.00000
0.00000
0.00000
0.00000
0.00000
0.00000
0.00000
0.00000
0.00000
0.00000
0.00000
0.00000
0.00000
0.00000
0.00000
0.00000
0.00000
0.00000
0.00000
0.00000
0.00000
0.00000
0.00000
0.00000
0.00000
0.00000
0.00000
0.00000
0.00000
0.00000
0.00000
0.00000
0.00000
0.00000
0.00000
0.00000
0.00000
0.00000
0.00000
0.00000
0.00000
0.00000
0.00000
0.00000
0.00000
0.00000
0.00000
0.00000
0.00000
0.00000
0.00000
0.00000
0.00000
0.00000
0.00000
0.00000
0.00000
0.00000
0.00000
0.00000
0.00000
0.00000
0.00000
0.00000
0.00000
0.00000
0.00000
0.00000
0.00000
0.00000
0.00000
0.00000
0.00000
0.00000
0.00000
