0.00000
-0.00012
-0.00018
-0.00018
-0.00021
-0.00012
0.00000
0.00000
0.00000
0.00003
-0.00003
-0.00006
-0.00006
-0.00012
-0.00012
-0.00009
-0.00006
-0.00009
-0.00003
-0.00003
-0.00012
-0.00015
-0.00006
0.00000
-0.00006
0.00000
0.00000
-0.00003
-0.00009
-0.00006
-0.00009
-0.00012
-0.00006
-0.00003
-0.00009
-0.00012
-0.00009
-0.00012
-0.00015
-0.00018
-0.00015
-0.00015
-0.00009
0.00000
0.00000
0.00000
0.00000
-0.00006
-0.00009
-0.00012
-0.00018
-0.00018
-0.00015
-0.00012
-0.00006
-0.00006
-0.00003
0.00000
-0.00009
-0.00015
-0.00009
-0.00015
-0.00021
-0.00012
-0.00027
-0.00021
-0.00015
-0.00021
-0.00015
-0.00006
-0.00006
-0.00003
-0.00003
-0.00009
-0.00009
-0.00012
-0.00018
-0.00021
-0.00012
-0.00012
-0.00018
-0.00018
-0.00015
-0.00015
-0.00018
-0.00009
-0.00009
-0.00018
-0.00015
-0.00015
-0.00015
-0.00024
-0.00021
-0.00015
-0.00015
-0.00018
-0.00021
-0.00024
-0.00021
-0.00018
-0.00021
-0.00018
-0.00015
-0.00018
-0.00015
-0.00018
-0.00021
-0.00024
-0.00024
-0.00018
-0.00018
-0.00024
-0.00024
-0.00021
-0.00021
-0.00024
-0.00021
-0.00018
-0.00021
-0.00018
-0.00015
-0.00015
-0.00012
-0.00009
-0.00015
-0.00021
-0.00031
-0.00034
-0.00031
-0.00027
-0.00024
-0.00021
-0.00015
-0.00027
-0.00034
-0.00027
-0.00037
-0.00034
-0.00024
-0.00015
-0.00009
0.00000
-0.00015
-0.00027
-0.00034
-0.00043
-0.00046
-0.00037
-0.00024
-0.00027
-0.00021
-0.00018
-0.00027
-0.00031
-0.00031
-0.00034
-0.00031
-0.00021
-0.00027
-0.00021
-0.00015
-0.00018
-0.00024
-0.00027
-0.00031
-0.00034
-0.00031
-0.00031
-0.00027
-0.00015
-0.00015
-0.00024
-0.00031
-0.00034
-0.00043
-0.00046
-0.00037
-0.00027
-0.00024
-0.00024
-0.00015
-0.00027
-0.00031
-0.00058
0.00003
-0.00110
0.00073
-0.00192
0.00223
-0.00427
0.00354
-0.06015
-0.07022
-0.01688
-0.03842
-0.01331
0.06549
0.08188
0.05838
0.05569
-0.02295
-0.01526
-0.00186
-0.04178
-0.03912
0.00446
0.00708
0.00290
0.02243
0.01105
-0.00497
0.00784
-0.00211
-0.01239
0.01416
0.00391
-0.01694
0.00473
0.00574
-0.00662
0.00275
0.00378
-0.00168
0.00067
0.00052
-0.00388
0.00201
0.00766
0.00290
0.00262
0.00397
0.00192
-0.00153
-0.00101
-0.00143
-0.00275
-0.00314
0.00027
-0.00107
-0.00140
0.00098
0.00201
0.00107
0.00360
0.00433
0.00174
0.00037
0.00150
-0.00021
-0.00116
-0.00006
-0.00082
-0.00146
-0.00031
-0.00055
-0.00101
0.00012
0.00055
-0.00067
-0.00076
0.00009
0.00027
0.00018
0.00067
0.00052
0.00034
0.00000
-0.00012
0.00000
0.00000
0.00000
0.00000
0.00000
0.00000
0.00000
0.00000
0.00000
0.00000
0.00000
0.00000
0.00000
0.00000
0.00000
0.00000
0.00000
0.00000
0.00000
0.00000
0.00000
0.00000
0.00000
0.00000
0.00000
0.00000
0.00000
0.00000
0.00000
0.00000
0.00000
0.00000
0.00000
0.00000
0.00000
0.00000
0.00000
0.00000
0.00000
0.00000
0.00000
0.00000
0.00000
0.00000
0.00000
0.00000
0.00000
0.00000
0.00000
0.00000
0.00000
0.00000
0.00000
0.00000
0.00000
0.00000
0.00000
0.00000
0.00000
0.00000
0.00000
0.00000
0.00000
0.00000
0.00000
0.00000
0.00000
0.00000
0.00000
0.00000
0.00000
0.00000
0.00000
0.00000
0.00000
0.00000
0.00000
0.00000
0.00000
0.00000
0.00000
0.00000
0.00000
0.00000
0.00000
0.00000
0.00000
0.00000
0.00000
0.00000
0.00000
0.00000
0.00000
0.00000
0.00000
0.00000
0.00000
0.00000
0.00000
0.00000
0.00000
0.00000
0.00000
0.00000
0.00000
0.00000
0.00000
0.00000
0.00000
0.00000
0.00000
0.00000
0.00000
0.00000
0.00000
0.00000
0.00000
0.00000
0.00000
0.00000
0.00000
0.00000
0.00000
0.00000
0.00000
0.00000
0.00000
0.00000
0.00000
0.00000
0.00000
0.00000
0.00000
0.00000
0.00000
0.00000
0.00000
0.00000
0.00000
0.00000
0.00000
0.00000
0.00000
0.00000
0.00000
0.00000
0.00000
0.00000
0.00000
0.00000
0.00000
0.00000
0.00000
0.00000
0.00000
0.00000
0.00000
0.00000
0.00000
0.00000
0.00000
0.00000
0.00000
0.00000
0.00000
0.00000
0.00000
0.00000
0.00000
0.00000
0.00000
0.00000
0.00000
0.00000
0.00000
0.00000
0.00000
0.00000
0.00000
0.00000
0.00000
0.00000
0.00000
0.00000
0.00000
0.00000
0.00000
0.00000
0.00000
0.00000
0.00000
0.00000
0.00000
0.00000
0.00000
0.00000
0.00000
0.00000
0.00000
0.00000
0.00000
0.00000
0.00000
0.00000
0.00000
0.00000
0.00000
0.00000
0.00000
0.00000
0.00000
0.00000
0.00000
0.00000
0.00000
0.00000
0.00000
0.00000
0.00000
0.00000
0.00000
0.00000
0.00000
0.00000
0.00000
0.00000
0.00000
0.00000
0.00000
0.00000
0.00000
0.00000
0.00000
0.00000
0.00000
0.00000
0.00000
0.00000
0.00000
0.00000
0.00000
0.00000
0.00000
0.00000
