0.00012
0.00018
0.00015
0.00018
0.00021
0.00015
0.00015
0.00015
0.00018
0.00018
0.00015
0.00018
0.00021
0.00018
0.00018
0.00018
0.00015
0.00015
0.00018
0.00021
0.00018
0.00021
0.00021
0.00018
0.00018
0.00021
0.00015
0.00021
0.00024
0.00021
0.00024
0.00024
0.00018
0.00024
0.00024
0.00021
0.00021
0.00024
0.00021
0.00018
0.00027
0.00021
0.00021
0.00027
0.00027
0.00024
0.00024
0.00024
0.00024
0.00024
0.00024
0.00027
0.00024
0.00024
0.00027
0.00027
0.00024
0.00027
0.00024
0.00024
0.00027
0.00031
0.00027
0.00021
0.00034
0.00024
0.00018
0.00027
0.00027
0.00021
0.00034
0.00024
0.00024
0.00031
0.00027
0.00024
0.00027
0.00027
0.00031
0.00027
0.00024
0.00031
0.00024
0.00018
0.00027
0.00021
0.00021
0.00024
0.00027
0.00021
0.00021
0.00024
0.00027
0.00027
0.00031
0.00024
0.00021
0.00027
0.00021
0.00021
0.00027
0.00024
0.00018
0.00024
0.00031
0.00021
0.00021
0.00027
0.00031
0.00018
0.00024
0.00027
0.00018
0.00021
0.00024
0.00021
0.00027
0.00031
0.00024
0.00027
0.00024
0.00021
0.00018
0.00021
0.00024
0.00021
0.00024
0.00024
0.00027
0.00027
0.00021
0.00024
0.00021
0.00018
0.00021
0.00027
0.00031
0.00024
0.00024
0.00031
0.00021
0.00015
0.00018
0.00024
0.00024
0.00018
0.00018
0.00024
0.00018
0.00018
0.00018
0.00021
0.00021
0.00021
0.00018
0.00024
0.00024
0.00018
0.00018
0.00021
0.00021
0.00018
0.00021
0.00021
0.00015
0.00015
0.00018
0.00015
0.00021
0.00018
0.00018
0.00021
0.00018
0.00015
0.00018
0.00015
0.00021
0.00018
0.00021
0.00006
0.00040
-0.00006
0.00052
-0.00021
0.00046
-0.00015
0.00018
0.00031
-0.00052
-0.01077
-0.10043
-0.04846
-0.02078
-0.04828
0.02933
0.10834
0.08380
0.07849
0.01990
-0.05164
-0.00357
-0.01953
-0.05261
-0.01865
0.01614
-0.00061
0.01654
0.02478
-0.00470
-0.00430
0.01364
-0.00742
0.00165
0.02142
-0.01163
-0.00903
0.01199
-0.00586
-0.00540
0.00375
-0.00439
-0.00311
0.00525
0.00101
-0.00171
0.00882
0.00684
0.00388
0.00482
0.00363
0.00000
-0.00208
-0.00232
-0.00256
-0.00314
-0.00089
0.00125
-0.00024
0.00125
0.00244
0.00128
0.00046
0.00327
0.00421
0.00150
0.00165
0.00180
-0.00101
-0.00070
-0.00006
-0.00067
-0.00055
0.00000
-0.00125
-0.00116
0.00098
0.00037
-0.00003
0.00092
0.00089
-0.00031
-0.00003
0.00125
0.00073
-0.00024
0.00082
0.00021
0.00000
0.00000
0.00000
0.00000
0.00000
0.00000
0.00000
0.00000
0.00000
0.00000
0.00000
0.00000
0.00000
0.00000
0.00000
0.00000
0.00000
0.00000
0.00000
0.00000
0.00000
0.00000
0.00000
0.00000
0.00000
0.00000
0.00000
0.00000
0.00000
0.00000
0.00000
0.00000
0.00000
0.00000
0.00000
0.00000
0.00000
0.00000
0.00000
0.00000
0.00000
0.00000
0.00000
0.00000
0.00000
0.00000
0.00000
0.00000
0.00000
0.00000
0.00000
0.00000
0.00000
0.00000
0.00000
0.00000
0.00000
0.00000
0.00000
0.00000
0.00000
0.00000
0.00000
0.00000
0.00000
0.00000
0.00000
0.00000
0.00000
0.00000
0.00000
0.00000
0.00000
0.00000
0.00000
0.00000
0.00000
0.00000
0.00000
0.00000
0.00000
0.00000
0.00000
0.00000
0.00000
0.00000
0.00000
0.00000
0.00000
0.00000
0.00000
0.00000
0.00000
0.00000
0.00000
0.00000
0.00000
0.00000
0.00000
0.00000
0.00000
0.00000
0.00000
0.00000
0.00000
0.00000
0.00000
0.00000
0.00000
0.00000
0.00000
0.00000
0.00000
0.00000
0.00000
0.00000
0.00000
0.00000
0.00000
0.00000
0.00000
0.00000
0.00000
0.00000
0.00000
0.00000
0.00000
0.00000
0.00000
0.00000
0.00000
0.00000
0.00000
0.00000
0.00000
0.00000
0.00000
0.00000
0.00000
0.00000
0.00000
0.00000
0.00000
0.00000
0.00000
0.00000
0.00000
0.00000
0.00000
0.00000
0.00000
0.00000
0.00000
0.00000
0.00000
0.00000
0.00000
0.00000
0.00000
0.00000
0.00000
0.00000
0.00000
0.00000
0.00000
0.00000
0.00000
0.00000
0.00000
0.00000
0.00000
0.00000
0.00000
0.00000
0.00000
0.00000
0.00000
0.00000
0.00000
0.00000
0.00000
0.00000
0.00000
0.00000
0.00000
0.00000
0.00000
0.00000
0.00000
0.00000
0.00000
0.00000
0.00000
0.00000
0.00000
0.00000
0.00000
0.00000
0.00000
0.00000
0.00000
0.00000
0.00000
0.00000
0.00000
0.00000
0.00000
0.00000
0.00000
0.00000
0.00000
0.00000
0.00000
0.00000
0.00000
0.00000
0.00000
0.00000
0.00000
0.00000
0.00000
0.00000
0.00000
0.00000
0.00000
0.00000
0.00000
0.00000
0.00000
0.00000
0.00000
0.00000
0.00000
0.00000
0.00000
0.00000
0.00000
0.00000
0.00000
0.00000
0.00000
0.00000
0.00000
0.00000
0.00000
