-0.00018
-0.00012
-0.00012
-0.00018
-0.00012
-0.00003
-0.00009
-0.00012
-0.00015
-0.00018
-0.00021
-0.00018
-0.00009
-0.00012
-0.00012
-0.00009
-0.00006
-0.00009
-0.00012
-0.00012
-0.00015
-0.00015
-0.00018
-0.00018
-0.00018
-0.00015
-0.00015
-0.00012
-0.00015
-0.00018
-0.00018
-0.00018
-0.00021
-0.00018
-0.00018
-0.00021
-0.00024
-0.00021
-0.00021
-0.00021
-0.00015
-0.00015
-0.00009
-0.00009
-0.00015
-0.00015
-0.00018
-0.00021
-0.00015
-0.00015
-0.00018
-0.00015
-0.00018
-0.00024
-0.00018
-0.00015
-0.00021
-0.00018
-0.00015
-0.00015
-0.00021
-0.00021
-0.00031
-0.00031
-0.00027
-0.00024
-0.00012
-0.00012
-0.00012
-0.00018
-0.00024
-0.00024
-0.00027
-0.00024
-0.00021
-0.00018
-0.00021
-0.00018
-0.00018
-0.00031
-0.00034
-0.00027
-0.00027
-0.00021
-0.00018
-0.00018
-0.00021
-0.00024
-0.00031
-0.00034
-0.00031
-0.00027
-0.00031
-0.00024
-0.00018
-0.00021
-0.00018
-0.00024
-0.00024
-0.00024
-0.00021
-0.00024
-0.00031
-0.00034
-0.00037
-0.00034
-0.00027
-0.00021
-0.00021
-0.00021
-0.00024
-0.00031
-0.00031
-0.00031
-0.00031
-0.00031
-0.00031
-0.00031
-0.00034
-0.00027
-0.00027
-0.00024
-0.00021
-0.00027
-0.00027
-0.00027
-0.00027
-0.00027
-0.00024
-0.00027
-0.00024
-0.00024
-0.00027
-0.00031
-0.00031
-0.00031
-0.00034
-0.00031
-0.00027
-0.00027
-0.00027
-0.00031
-0.00031
-0.00031
-0.00031
-0.00034
-0.00027
-0.00027
-0.00034
-0.00034
-0.00037
-0.00034
-0.00034
-0.00027
-0.00027
-0.00024
-0.00027
-0.00027
-0.00024
-0.00024
-0.00021
-0.00024
-0.00027
-0.00034
-0.00040
-0.00040
-0.00037
-0.00034
-0.00034
-0.00031
-0.00024
-0.00027
-0.00027
-0.00021
-0.00024
-0.00027
-0.00031
-0.00037
-0.00040
-0.00040
-0.00024
-0.00040
0.00000
-0.00076
0.00046
-0.00150
0.00143
-0.00323
0.00104
-0.04916
-0.06656
-0.03018
-0.03293
0.00015
0.02328
0.05988
0.06082
0.03427
0.00378
-0.00909
0.01425
0.00565
-0.01727
-0.01794
-0.00797
0.00073
0.00800
0.00009
0.00134
0.00925
0.00363
-0.00201
0.00299
0.00641
-0.00272
-0.00342
0.00281
0.00189
-0.00089
-0.00272
-0.00095
0.00195
-0.00027
-0.00269
-0.00226
0.00357
0.00504
0.00272
0.00229
0.00360
0.00085
-0.00162
-0.00064
-0.00015
-0.00162
-0.00153
-0.00119
-0.00122
-0.00015
0.00128
0.00085
0.00198
0.00424
0.00320
0.00174
0.00125
0.00015
-0.00018
-0.00006
0.00003
-0.00110
-0.00171
-0.00128
-0.00156
-0.00082
-0.00015
-0.00049
-0.00037
-0.00012
0.00107
0.00073
0.00079
0.00070
-0.00012
-0.00027
0.00000
0.00000
0.00000
0.00000
0.00000
0.00000
0.00000
0.00000
0.00000
0.00000
0.00000
0.00000
0.00000
0.00000
0.00000
0.00000
0.00000
0.00000
0.00000
0.00000
0.00000
0.00000
0.00000
0.00000
0.00000
0.00000
0.00000
0.00000
0.00000
0.00000
0.00000
0.00000
0.00000
0.00000
0.00000
0.00000
0.00000
0.00000
0.00000
0.00000
0.00000
0.00000
0.00000
0.00000
0.00000
0.00000
0.00000
0.00000
0.00000
0.00000
0.00000
0.00000
0.00000
0.00000
0.00000
0.00000
0.00000
0.00000
0.00000
0.00000
0.00000
0.00000
0.00000
0.00000
0.00000
0.00000
0.00000
0.00000
0.00000
0.00000
0.00000
0.00000
0.00000
0.00000
0.00000
0.00000
0.00000
0.00000
0.00000
0.00000
0.00000
0.00000
0.00000
0.00000
0.00000
0.00000
0.00000
0.00000
0.00000
0.00000
0.00000
0.00000
0.00000
0.00000
0.00000
0.00000
0.00000
0.00000
0.00000
0.00000
0.00000
0.00000
0.00000
0.00000
0.00000
0.00000
0.00000
0.00000
0.00000
0.00000
0.00000
0.00000
0.00000
0.00000
0.00000
0.00000
0.00000
0.00000
0.00000
0.00000
0.00000
0.00000
0.00000
0.00000
0.00000
0.00000
0.00000
0.00000
0.00000
0.00000
0.00000
0.00000
0.00000
0.00000
0.00000
0.00000
0.00000
0.00000
0.00000
0.00000
0.00000
0.00000
0.00000
0.00000
0.00000
0.00000
0.00000
0.00000
0.00000
0.00000
0.00000
0.00000
0.00000
0.00000
0.00000
0.00000
0.00000
0.00000
0.00000
0.00000
0.00000
0.00000
0.00000
0.00000
0.00000
0.00000
0.00000
0.00000
0.00000
0.00000
0.00000
0.00000
0.00000
0.00000
0.00000
0.00000
0.00000
0.00000
0.00000
0.00000
0.00000
0.00000
0.00000
0.00000
0.00000
0.00000
0.00000
0.00000
0.00000
0.00000
0.00000
0.00000
0.00000
0.00000
0.00000
0.00000
0.00000
0.00000
0.00000
0.00000
0.00000
0.00000
0.00000
0.00000
0.00000
0.00000
0.00000
0.00000
0.00000
0.00000
0.00000
0.00000
0.00000
0.00000
0.00000
0.00000
0.00000
0.00000
0.00000
0.00000
0.00000
0.00000
0.00000
0.00000
0.00000
0.00000
0.00000
0.00000
0.00000
0.00000
0.00000
0.00000
0.00000
0.00000
0.00000
0.00000
0.00000
0.00000
0.00000
0.00000
0.00000
0.00000
0.00000
0.00000
0.00000
0.00000
0.00000
