-0.00015
-0.00009
-0.00006
-0.00009
-0.00009
-0.00006
-0.00009
-0.00012
-0.00015
-0.00015
-0.00015
-0.00015
-0.00015
-0.00015
-0.00015
-0.00015
-0.00018
-0.00018
-0.00015
-0.00018
-0.00018
-0.00012
-0.00009
-0.00012
-0.00015
-0.00015
-0.00021
-0.00024
-0.00021
-0.00018
-0.00018
-0.00021
-0.00018
-0.00012
-0.00009
-0.00012
-0.00012
-0.00012
-0.00018
-0.00024
-0.00018
-0.00015
-0.00024
-0.00018
-0.00018
-0.00024
-0.00027
-0.00027
-0.00024
-0.00024
-0.00031
-0.00027
-0.00021
-0.00018
-0.00018
-0.00015
-0.00015
-0.00024
-0.00031
-0.00031
-0.00027
-0.00031
-0.00027
-0.00021
-0.00015
-0.00021
-0.00021
-0.00021
-0.00027
-0.00031
-0.00024
-0.00021
-0.00021
-0.00027
-0.00027
-0.00027
-0.00027
-0.00031
-0.00024
-0.00024
-0.00027
-0.00024
-0.00024
-0.00024
-0.00021
-0.00021
-0.00021
-0.00027
-0.00027
-0.00024
-0.00024
-0.00027
-0.00034
-0.00034
-0.00034
-0.00037
-0.00034
-0.00027
-0.00024
-0.00027
-0.00024
-0.00021
-0.00027
-0.00031
-0.00034
-0.00031
-0.00031
-0.00031
-0.00027
-0.00024
-0.00024
-0.00024
-0.00021
-0.00018
-0.00024
-0.00027
-0.00024
-0.00024
-0.00031
-0.00034
-0.00027
-0.00031
-0.00034
-0.00031
-0.00024
-0.00027
-0.00027
-0.00024
-0.00027
-0.00034
-0.00031
-0.00024
-0.00024
-0.00024
-0.00021
-0.00021
-0.00024
-0.00027
-0.00027
-0.00024
-0.00021
-0.00027
-0.00027
-0.00024
-0.00024
-0.00024
-0.00018
-0.00015
-0.00024
-0.00027
-0.00024
-0.00027
-0.00031
-0.00027
-0.00024
-0.00021
-0.00024
-0.00031
-0.00024
-0.00021
-0.00027
-0.00024
-0.00018
-0.00021
-0.00024
-0.00018
-0.00018
-0.00024
-0.00031
-0.00031
-0.00031
-0.00031
-0.00034
-0.00027
-0.00018
-0.00021
-0.00024
-0.00024
-0.00024
-0.00021
-0.00024
-0.00024
-0.00027
-0.00027
-0.00031
-0.00021
-0.00012
-0.00034
-0.00018
-0.00037
-0.00021
-0.00049
-0.00037
-0.00031
-0.00015
-0.00394
-0.02344
-0.02435
-0.02570
-0.02292
-0.01077
-0.00089
0.01419
0.02280
0.02454
0.01941
0.01547
0.01270
0.00552
-0.00327
-0.00909
-0.00980
-0.00583
-0.00165
-0.00201
0.00095
0.00455
0.00287
0.00266
0.00357
0.00275
0.00089
0.00037
0.00134
0.00140
0.00070
-0.00043
-0.00076
-0.00064
-0.00119
-0.00217
-0.00122
0.00052
0.00125
0.00134
0.00238
0.00333
0.00311
0.00269
0.00226
0.00162
0.00052
-0.00113
-0.00241
-0.00198
-0.00021
0.00092
0.00110
0.00131
0.00146
0.00131
0.00174
0.00204
0.00153
0.00061
-0.00006
-0.00018
-0.00024
-0.00024
-0.00015
-0.00031
-0.00049
-0.00082
-0.00058
-0.00015
0.00000
0.00009
0.00027
0.00052
0.00043
0.00040
0.00046
0.00000
0.00000
0.00000
0.00000
0.00000
0.00000
0.00000
0.00000
0.00000
0.00000
0.00000
0.00000
0.00000
0.00000
0.00000
0.00000
0.00000
0.00000
0.00000
0.00000
0.00000
0.00000
0.00000
0.00000
0.00000
0.00000
0.00000
0.00000
0.00000
0.00000
0.00000
0.00000
0.00000
0.00000
0.00000
0.00000
0.00000
0.00000
0.00000
0.00000
0.00000
0.00000
0.00000
0.00000
0.00000
0.00000
0.00000
0.00000
0.00000
0.00000
0.00000
0.00000
0.00000
0.00000
0.00000
0.00000
0.00000
0.00000
0.00000
0.00000
0.00000
0.00000
0.00000
0.00000
0.00000
0.00000
0.00000
0.00000
0.00000
0.00000
0.00000
0.00000
0.00000
0.00000
0.00000
0.00000
0.00000
0.00000
0.00000
0.00000
0.00000
0.00000
0.00000
0.00000
0.00000
0.00000
0.00000
0.00000
0.00000
0.00000
0.00000
0.00000
0.00000
0.00000
0.00000
0.00000
0.00000
0.00000
0.00000
0.00000
0.00000
0.00000
0.00000
0.00000
0.00000
0.00000
0.00000
0.00000
0.00000
0.00000
0.00000
0.00000
0.00000
0.00000
0.00000
0.00000
0.00000
0.00000
0.00000
0.00000
0.00000
0.00000
0.00000
0.00000
0.00000
0.00000
0.00000
0.00000
0.00000
0.00000
0.00000
0.00000
0.00000
0.00000
0.00000
0.00000
0.00000
0.00000
0.00000
0.00000
0.00000
0.00000
0.00000
0.00000
0.00000
0.00000
0.00000
0.00000
0.00000
0.00000
0.00000
0.00000
0.00000
0.00000
0.00000
0.00000
0.00000
0.00000
0.00000
0.00000
0.00000
0.00000
0.00000
0.00000
0.00000
0.00000
0.00000
0.00000
0.00000
0.00000
0.00000
0.00000
0.00000
0.00000
0.00000
0.00000
0.00000
0.00000
0.00000
0.00000
0.00000
0.00000
0.00000
0.00000
0.00000
0.00000
0.00000
0.00000
0.00000
0.00000
0.00000
0.00000
0.00000
0.00000
0.00000
0.00000
0.00000
0.00000
0.00000
0.00000
0.00000
0.00000
0.00000
0.00000
0.00000
0.00000
0.00000
0.00000
0.00000
0.00000
0.00000
0.00000
0.00000
0.00000
0.00000
0.00000
0.00000
0.00000
0.00000
0.00000
0.00000
0.00000
0.00000
0.00000
0.00000
0.00000
0.00000
0.00000
0.00000
0.00000
0.00000
0.00000
0.00000
0.00000
0.00000
0.00000
0.00000
0.00000
0.00000
0.00000
