0.00000
0.00000
0.00003
0.00003
0.00003
0.00000
0.00000
-0.00006
-0.00012
-0.00009
-0.00003
-0.00006
-0.00003
0.00000
0.00000
0.00000
-0.00003
-0.00006
-0.00006
-0.00006
-0.00006
0.00000
0.00003
0.00000
-0.00003
-0.00003
-0.00009
-0.00012
-0.00012
-0.00009
-0.00009
-0.00006
-0.00003
-0.00003
-0.00003
-0.00006
-0.00009
-0.00009
-0.00006
-0.00006
-0.00003
-0.00009
-0.00012
-0.00012
-0.00012
-0.00012
-0.00006
-0.00003
-0.00012
-0.00012
-0.00006
-0.00009
-0.00015
-0.00009
-0.00012
-0.00015
-0.00015
-0.00012
-0.00012
-0.00012
-0.00012
-0.00015
-0.00018
-0.00018
-0.00018
-0.00015
-0.00009
-0.00006
-0.00009
-0.00009
-0.00012
-0.00015
-0.00018
-0.00018
-0.00015
-0.00015
-0.00015
-0.00009
-0.00012
-0.00015
-0.00015
-0.00015
-0.00015
-0.00021
-0.00012
-0.00006
-0.00009
-0.00012
-0.00015
-0.00015
-0.00015
-0.00015
-0.00015
-0.00015
-0.00021
-0.00021
-0.00018
-0.00021
-0.00018
-0.00015
-0.00012
-0.00012
-0.00015
-0.00012
-0.00009
-0.00015
-0.00015
-0.00018
-0.00024
-0.00024
-0.00024
-0.00024
-0.00024
-0.00021
-0.00024
-0.00021
-0.00018
-0.00018
-0.00015
-0.00015
-0.00018
-0.00018
-0.00018
-0.00018
-0.00024
-0.00024
-0.00021
-0.00024
-0.00024
-0.00018
-0.00015
-0.00015
-0.00015
-0.00018
-0.00021
-0.00024
-0.00024
-0.00021
-0.00018
-0.00018
-0.00018
-0.00015
-0.00021
-0.00024
-0.00024
-0.00027
-0.00031
-0.00027
-0.00018
-0.00015
-0.00018
-0.00012
-0.00012
-0.00018
-0.00021
-0.00018
-0.00021
-0.00024
-0.00021
-0.00024
-0.00027
-0.00024
-0.00018
-0.00018
-0.00015
-0.00015
-0.00021
-0.00024
-0.00024
-0.00021
-0.00021
-0.00015
-0.00012
-0.00015
-0.00018
-0.00021
-0.00024
-0.00021
-0.00018
-0.00015
-0.00021
-0.00024
-0.00031
-0.00027
-0.00015
-0.00031
-0.00021
-0.00027
-0.00018
-0.00021
-0.00015
-0.00021
-0.00024
-0.00043
-0.00024
-0.00037
-0.00003
-0.00568
-0.02341
-0.02859
-0.02414
-0.01880
-0.00696
0.00604
0.01434
0.01883
0.02368
0.02158
0.01355
0.00833
-0.00128
-0.00784
-0.00748
-0.00900
-0.00568
0.00174
0.00415
0.00214
0.00406
0.00391
0.00174
0.00351
0.00305
-0.00027
-0.00055
-0.00037
-0.00146
0.00070
0.00186
-0.00085
-0.00189
-0.00089
-0.00171
-0.00104
0.00174
0.00281
0.00290
0.00418
0.00430
0.00296
0.00168
-0.00003
-0.00171
-0.00137
-0.00037
-0.00024
-0.00052
-0.00018
0.00009
0.00043
0.00168
0.00241
0.00189
0.00134
0.00098
0.00064
0.00052
0.00067
0.00046
-0.00031
-0.00067
-0.00085
-0.00104
-0.00085
-0.00064
-0.00034
0.00012
0.00049
0.00058
0.00034
0.00015
0.00000
0.00000
0.00000
0.00000
0.00000
0.00000
0.00000
0.00000
0.00000
0.00000
0.00000
0.00000
0.00000
0.00000
0.00000
0.00000
0.00000
0.00000
0.00000
0.00000
0.00000
0.00000
0.00000
0.00000
0.00000
0.00000
0.00000
0.00000
0.00000
0.00000
0.00000
0.00000
0.00000
0.00000
0.00000
0.00000
0.00000
0.00000
0.00000
0.00000
0.00000
0.00000
0.00000
0.00000
0.00000
0.00000
0.00000
0.00000
0.00000
0.00000
0.00000
0.00000
0.00000
0.00000
0.00000
0.00000
0.00000
0.00000
0.00000
0.00000
0.00000
0.00000
0.00000
0.00000
0.00000
0.00000
0.00000
0.00000
0.00000
0.00000
0.00000
0.00000
0.00000
0.00000
0.00000
0.00000
0.00000
0.00000
0.00000
0.00000
0.00000
0.00000
0.00000
0.00000
0.00000
0.00000
0.00000
0.00000
0.00000
0.00000
0.00000
0.00000
0.00000
0.00000
0.00000
0.00000
0.00000
0.00000
0.00000
0.00000
0.00000
0.00000
0.00000
0.00000
0.00000
0.00000
0.00000
0.00000
0.00000
0.00000
0.00000
0.00000
0.00000
0.00000
0.00000
0.00000
0.00000
0.00000
0.00000
0.00000
0.00000
0.00000
0.00000
0.00000
0.00000
0.00000
0.00000
0.00000
0.00000
0.00000
0.00000
0.00000
0.00000
0.00000
0.00000
0.00000
0.00000
0.00000
0.00000
0.00000
0.00000
0.00000
0.00000
0.00000
0.00000
0.00000
0.00000
0.00000
0.00000
0.00000
0.00000
0.00000
0.00000
0.00000
0.00000
0.00000
0.00000
0.00000
0.00000
0.00000
0.00000
0.00000
0.00000
0.00000
0.00000
0.00000
0.00000
0.00000
0.00000
0.00000
0.00000
0.00000
0.00000
0.00000
0.00000
0.00000
0.00000
0.00000
0.00000
0.00000
0.00000
0.00000
0.00000
0.00000
0.00000
0.00000
0.00000
0.00000
0.00000
0.00000
0.00000
0.00000
0.00000
0.00000
0.00000
0.00000
0.00000
0.00000
0.00000
0.00000
0.00000
0.00000
0.00000
0.00000
0.00000
0.00000
0.00000
0.00000
0.00000
0.00000
0.00000
0.00000
0.00000
0.00000
0.00000
0.00000
0.00000
0.00000
0.00000
0.00000
0.00000
0.00000
0.00000
0.00000
0.00000
0.00000
0.00000
0.00000
0.00000
0.00000
0.00000
0.00000
0.00000
0.00000
0.00000
0.00000
0.00000
0.00000
0.00000
0.00000
0.00000
