-0.00043
-0.00046
-0.00049
-0.00046
-0.00043
-0.00034
-0.00031
-0.00031
-0.00031
-0.00031
-0.00034
-0.00037
-0.00034
-0.00037
-0.00037
-0.00043
-0.00040
-0.00037
-0.00040
-0.00040
-0.00040
-0.00040
-0.00046
-0.00046
-0.00043
-0.00037
-0.00031
-0.00027
-0.00027
-0.00031
-0.00034
-0.00037
-0.00043
-0.00043
-0.00043
-0.00046
-0.00037
-0.00034
-0.00037
-0.00037
-0.00027
-0.00034
-0.00043
-0.00037
-0.00034
-0.00037
-0.00037
-0.00034
-0.00034
-0.00040
-0.00040
-0.00034
-0.00031
-0.00034
-0.00031
-0.00031
-0.00037
-0.00037
-0.00034
-0.00034
-0.00034
-0.00034
-0.00037
-0.00037
-0.00037
-0.00037
-0.00034
-0.00034
-0.00037
-0.00037
-0.00031
-0.00034
-0.00037
-0.00034
-0.00037
-0.00034
-0.00031
-0.00031
-0.00034
-0.00031
-0.00027
-0.00027
-0.00031
-0.00031
-0.00031
-0.00034
-0.00031
-0.00024
-0.00027
-0.00031
-0.00027
-0.00031
-0.00034
-0.00031
-0.00031
-0.00031
-0.00031
-0.00027
-0.00027
-0.00024
-0.00021
-0.00018
-0.00021
-0.00018
-0.00024
-0.00027
-0.00031
-0.00031
-0.00034
-0.00034
-0.00031
-0.00027
-0.00024
-0.00027
-0.00024
-0.00024
-0.00027
-0.00031
-0.00034
-0.00031
-0.00031
-0.00027
-0.00018
-0.00015
-0.00018
-0.00021
-0.00024
-0.00027
-0.00027
-0.00027
-0.00024
-0.00027
-0.00027
-0.00024
-0.00024
-0.00024
-0.00021
-0.00015
-0.00018
-0.00024
-0.00021
-0.00021
-0.00027
-0.00024
-0.00024
-0.00024
-0.00021
-0.00021
-0.00024
-0.00024
-0.00024
-0.00027
-0.00024
-0.00018
-0.00018
-0.00021
-0.00015
-0.00015
-0.00018
-0.00021
-0.00021
-0.00027
-0.00031
-0.00027
-0.00024
-0.00024
-0.00018
-0.00012
-0.00015
-0.00021
-0.00021
-0.00024
-0.00027
-0.00024
-0.00021
-0.00015
-0.00015
-0.00015
-0.00012
-0.00009
-0.00012
-0.00015
-0.00009
-0.00027
-0.00021
-0.00021
-0.00027
-0.00018
-0.00021
-0.00009
-0.00021
-0.00003
-0.00031
0.00009
-0.00037
0.00006
-0.00079
0.00015
-0.01102
-0.02393
-0.01724
-0.01788
-0.01135
0.00034
0.00531
0.00845
0.01865
0.01807
0.00745
0.00000
-0.00705
-0.01309
-0.00333
0.00275
0.00259
0.01361
0.01273
0.00555
0.00198
-0.00012
-0.00516
-0.00235
0.00119
-0.00098
0.00134
0.00320
-0.00024
0.00198
0.00510
0.00055
-0.00220
-0.00107
-0.00116
-0.00095
0.00089
0.00055
0.00073
0.00241
0.00333
0.00323
0.00348
0.00183
-0.00031
-0.00085
-0.00031
0.00024
0.00018
0.00049
0.00085
0.00079
0.00113
0.00143
0.00107
0.00082
0.00104
0.00095
0.00061
0.00095
0.00101
0.00064
0.00058
0.00067
0.00031
0.00006
-0.00009
-0.00064
-0.00073
-0.00012
0.00040
0.00049
0.00006
0.00009
0.00021
0.00000
-0.00018
0.00000
0.00000
0.00000
0.00000
0.00000
0.00000
0.00000
0.00000
0.00000
0.00000
0.00000
0.00000
0.00000
0.00000
0.00000
0.00000
0.00000
0.00000
0.00000
0.00000
0.00000
0.00000
0.00000
0.00000
0.00000
0.00000
0.00000
0.00000
0.00000
0.00000
0.00000
0.00000
0.00000
0.00000
0.00000
0.00000
0.00000
0.00000
0.00000
0.00000
0.00000
0.00000
0.00000
0.00000
0.00000
0.00000
0.00000
0.00000
0.00000
0.00000
0.00000
0.00000
0.00000
0.00000
0.00000
0.00000
0.00000
0.00000
0.00000
0.00000
0.00000
0.00000
0.00000
0.00000
0.00000
0.00000
0.00000
0.00000
0.00000
0.00000
0.00000
0.00000
0.00000
0.00000
0.00000
0.00000
0.00000
0.00000
0.00000
0.00000
0.00000
0.00000
0.00000
0.00000
0.00000
0.00000
0.00000
0.00000
0.00000
0.00000
0.00000
0.00000
0.00000
0.00000
0.00000
0.00000
0.00000
0.00000
0.00000
0.00000
0.00000
0.00000
0.00000
0.00000
0.00000
0.00000
0.00000
0.00000
0.00000
0.00000
0.00000
0.00000
0.00000
0.00000
0.00000
0.00000
0.00000
0.00000
0.00000
0.00000
0.00000
0.00000
0.00000
0.00000
0.00000
0.00000
0.00000
0.00000
0.00000
0.00000
0.00000
0.00000
0.00000
0.00000
0.00000
0.00000
0.00000
0.00000
0.00000
0.00000
0.00000
0.00000
0.00000
0.00000
0.00000
0.00000
0.00000
0.00000
0.00000
0.00000
0.00000
0.00000
0.00000
0.00000
0.00000
0.00000
0.00000
0.00000
0.00000
0.00000
0.00000
0.00000
0.00000
0.00000
0.00000
0.00000
0.00000
0.00000
0.00000
0.00000
0.00000
0.00000
0.00000
0.00000
0.00000
0.00000
0.00000
0.00000
0.00000
0.00000
0.00000
0.00000
0.00000
0.00000
0.00000
0.00000
0.00000
0.00000
0.00000
0.00000
0.00000
0.00000
0.00000
0.00000
0.00000
0.00000
0.00000
0.00000
0.00000
0.00000
0.00000
0.00000
0.00000
0.00000
0.00000
0.00000
0.00000
0.00000
0.00000
0.00000
0.00000
0.00000
0.00000
0.00000
0.00000
0.00000
0.00000
0.00000
0.00000
0.00000
0.00000
0.00000
0.00000
0.00000
0.00000
0.00000
0.00000
0.00000
0.00000
0.00000
0.00000
0.00000
0.00000
0.00000
0.00000
0.00000
0.00000
