-0.00006
-0.00006
-0.00006
-0.00003
-0.00003
-0.00006
-0.00003
-0.00003
-0.00003
-0.00009
-0.00006
-0.00003
-0.00012
-0.00009
-0.00012
-0.00009
-0.00006
-0.00003
-0.00003
-0.00003
-0.00003
-0.00006
-0.00009
-0.00009
-0.00003
-0.00003
-0.00003
-0.00006
-0.00006
0.00000
-0.00006
0.00000
0.00000
0.00000
0.00000
-0.00003
-0.00012
-0.00015
-0.00009
-0.00006
-0.00003
0.00000
0.00000
-0.00006
-0.00012
-0.00012
-0.00009
-0.00006
-0.00006
-0.00006
-0.00009
-0.00009
-0.00006
-0.00006
-0.00003
0.00006
0.00000
-0.00006
0.00003
-0.00009
-0.00018
-0.00021
-0.00012
-0.00012
-0.00012
-0.00006
-0.00009
0.00000
0.00000
-0.00003
-0.00006
-0.00006
-0.00006
-0.00012
-0.00015
-0.00006
-0.00012
-0.00012
-0.00009
-0.00006
-0.00006
-0.00003
0.00000
-0.00006
-0.00006
-0.00003
-0.00009
-0.00006
-0.00003
-0.00003
-0.00012
-0.00015
-0.00012
-0.00006
-0.00003
0.00000
0.00000
0.00000
0.00000
-0.00012
-0.00015
-0.00009
-0.00006
-0.00012
-0.00003
0.00000
-0.00006
-0.00009
-0.00003
0.00000
-0.00006
0.00000
0.00000
-0.00006
-0.00003
-0.00003
-0.00009
-0.00012
-0.00006
-0.00009
-0.00009
-0.00009
-0.00009
-0.00006
-0.00003
-0.00003
-0.00006
-0.00006
-0.00006
-0.00006
-0.00006
-0.00003
-0.00003
-0.00003
0.00003
0.00003
-0.00003
-0.00012
-0.00012
-0.00018
-0.00021
-0.00015
-0.00009
0.00000
0.00000
0.00009
0.00003
0.00000
-0.00009
-0.00012
-0.00006
-0.00012
-0.00006
-0.00006
-0.00006
-0.00003
-0.00003
-0.00003
-0.00006
-0.00003
-0.00006
-0.00009
0.00000
-0.00009
-0.00009
-0.00009
-0.00006
-0.00009
-0.00012
-0.00006
-0.00003
-0.00012
0.00000
-0.00015
0.00024
-0.00040
0.00055
-0.00079
0.00079
-0.00116
0.00101
-0.00131
0.00113
-0.02664
-0.11969
-0.02802
-0.01328
-0.02426
-0.00003
0.05673
0.10678
0.04962
0.01907
-0.05090
0.00705
0.03693
-0.00507
-0.01196
-0.00766
0.00125
0.00989
-0.00323
-0.00922
-0.00342
0.01636
0.00000
-0.00101
0.01736
-0.00235
-0.01218
-0.00006
0.00739
0.00424
-0.00027
-0.00607
0.00000
0.00064
0.00110
-0.00476
0.00012
0.00763
0.00497
0.00137
0.00314
0.00369
-0.00125
-0.00305
0.00073
-0.00046
-0.00226
0.00079
-0.00037
-0.00070
0.00089
0.00192
-0.00113
0.00284
0.00449
0.00171
0.00104
0.00150
-0.00040
-0.00119
0.00018
0.00037
-0.00128
-0.00055
-0.00168
-0.00241
-0.00082
-0.00089
-0.00043
-0.00125
0.00024
0.00034
0.00000
0.00195
0.00089
0.00043
-0.00009
0.00000
0.00000
0.00000
0.00000
0.00000
0.00000
0.00000
0.00000
0.00000
0.00000
0.00000
0.00000
0.00000
0.00000
0.00000
0.00000
0.00000
0.00000
0.00000
0.00000
0.00000
0.00000
0.00000
0.00000
0.00000
0.00000
0.00000
0.00000
0.00000
0.00000
0.00000
0.00000
0.00000
0.00000
0.00000
0.00000
0.00000
0.00000
0.00000
0.00000
0.00000
0.00000
0.00000
0.00000
0.00000
0.00000
0.00000
0.00000
0.00000
0.00000
0.00000
0.00000
0.00000
0.00000
0.00000
0.00000
0.00000
0.00000
0.00000
0.00000
0.00000
0.00000
0.00000
0.00000
0.00000
0.00000
0.00000
0.00000
0.00000
0.00000
0.00000
0.00000
0.00000
0.00000
0.00000
0.00000
0.00000
0.00000
0.00000
0.00000
0.00000
0.00000
0.00000
0.00000
0.00000
0.00000
0.00000
0.00000
0.00000
0.00000
0.00000
0.00000
0.00000
0.00000
0.00000
0.00000
0.00000
0.00000
0.00000
0.00000
0.00000
0.00000
0.00000
0.00000
0.00000
0.00000
0.00000
0.00000
0.00000
0.00000
0.00000
0.00000
0.00000
0.00000
0.00000
0.00000
0.00000
0.00000
0.00000
0.00000
0.00000
0.00000
0.00000
0.00000
0.00000
0.00000
0.00000
0.00000
0.00000
0.00000
0.00000
0.00000
0.00000
0.00000
0.00000
0.00000
0.00000
0.00000
0.00000
0.00000
0.00000
0.00000
0.00000
0.00000
0.00000
0.00000
0.00000
0.00000
0.00000
0.00000
0.00000
0.00000
0.00000
0.00000
0.00000
0.00000
0.00000
0.00000
0.00000
0.00000
0.00000
0.00000
0.00000
0.00000
0.00000
0.00000
0.00000
0.00000
0.00000
0.00000
0.00000
0.00000
0.00000
0.00000
0.00000
0.00000
0.00000
0.00000
0.00000
0.00000
0.00000
0.00000
0.00000
0.00000
0.00000
0.00000
0.00000
0.00000
0.00000
0.00000
0.00000
0.00000
0.00000
0.00000
0.00000
0.00000
0.00000
0.00000
0.00000
0.00000
0.00000
0.00000
0.00000
0.00000
0.00000
0.00000
0.00000
0.00000
0.00000
0.00000
0.00000
0.00000
0.00000
0.00000
0.00000
0.00000
0.00000
0.00000
0.00000
0.00000
0.00000
0.00000
0.00000
0.00000
0.00000
0.00000
0.00000
0.00000
0.00000
0.00000
0.00000
0.00000
0.00000
0.00000
0.00000
0.00000
0.00000
0.00000
0.00000
0.00000
0.00000
0.00000
0.00000
0.00000
0.00000
0.00000
0.00000
0.00000
0.00000
0.00000
0.00000
0.00000
