-0.00034
-0.00021
-0.00018
-0.00015
-0.00006
-0.00003
-0.00018
-0.00021
-0.00018
-0.00018
-0.00015
-0.00015
-0.00018
-0.00027
-0.00015
-0.00031
-0.00031
-0.00024
-0.00009
-0.00009
-0.00006
0.00000
-0.00003
0.00000
-0.00009
-0.00018
-0.00027
-0.00027
-0.00021
-0.00021
-0.00015
-0.00012
-0.00009
-0.00009
-0.00009
-0.00012
-0.00012
0.00000
-0.00009
-0.00009
-0.00012
-0.00015
-0.00015
-0.00012
-0.00009
-0.00012
-0.00012
-0.00018
-0.00018
-0.00012
-0.00006
-0.00003
0.00000
0.00000
0.00000
-0.00012
-0.00034
-0.00015
-0.00027
-0.00021
-0.00012
0.00003
0.00000
-0.00003
-0.00006
-0.00021
-0.00015
-0.00021
-0.00018
-0.00018
-0.00009
-0.00006
-0.00006
-0.00006
0.00000
-0.00003
-0.00009
0.00000
-0.00006
-0.00006
-0.00006
-0.00003
-0.00009
-0.00009
0.00000
-0.00009
-0.00006
-0.00003
-0.00006
-0.00012
-0.00009
-0.00018
-0.00015
-0.00006
-0.00006
-0.00012
0.00003
0.00003
-0.00006
-0.00006
0.00000
0.00003
-0.00009
-0.00009
-0.00009
-0.00012
-0.00018
-0.00003
0.00000
0.00000
0.00000
0.00000
-0.00003
-0.00009
-0.00009
-0.00012
-0.00009
0.00000
0.00000
0.00000
0.00003
0.00000
0.00000
0.00003
0.00006
-0.00009
-0.00006
0.00000
0.00000
0.00000
0.00003
0.00003
0.00003
0.00009
0.00000
-0.00003
-0.00006
-0.00003
-0.00012
-0.00009
0.00003
0.00000
0.00000
0.00000
0.00009
0.00000
-0.00003
-0.00003
-0.00006
0.00000
0.00000
0.00000
0.00000
0.00003
0.00000
-0.00006
0.00003
0.00000
-0.00003
0.00003
0.00000
0.00000
0.00000
0.00003
0.00000
0.00003
0.00003
-0.00003
-0.00006
0.00000
-0.00003
0.00006
-0.00006
0.00034
-0.00021
0.00055
-0.00024
0.00021
0.00012
-0.00085
0.00189
-0.00369
-0.01108
-0.15234
-0.05280
-0.00073
-0.02512
0.01221
0.08957
0.14160
0.04715
0.00836
-0.07132
-0.00601
0.01724
-0.00623
-0.02835
0.02621
0.01495
-0.00146
0.00992
-0.01151
-0.01199
0.01016
0.00436
-0.00043
0.02762
0.00336
-0.02237
0.00589
0.01447
-0.00964
-0.00073
-0.00143
-0.00592
-0.00232
0.00354
-0.00388
0.00333
0.00909
0.00259
0.00131
0.00665
0.00397
-0.00146
0.00055
-0.00171
-0.00256
-0.00412
-0.00027
-0.00040
0.00116
0.00143
0.00412
-0.00024
0.00238
0.00473
0.00308
0.00085
0.00162
0.00000
-0.00116
-0.00079
0.00027
-0.00122
-0.00101
-0.00156
-0.00241
-0.00006
-0.00079
-0.00137
-0.00070
0.00153
0.00104
-0.00079
0.00110
0.00131
0.00058
0.00006
0.00000
0.00000
0.00000
0.00000
0.00000
0.00000
0.00000
0.00000
0.00000
0.00000
0.00000
0.00000
0.00000
0.00000
0.00000
0.00000
0.00000
0.00000
0.00000
0.00000
0.00000
0.00000
0.00000
0.00000
0.00000
0.00000
0.00000
0.00000
0.00000
0.00000
0.00000
0.00000
0.00000
0.00000
0.00000
0.00000
0.00000
0.00000
0.00000
0.00000
0.00000
0.00000
0.00000
0.00000
0.00000
0.00000
0.00000
0.00000
0.00000
0.00000
0.00000
0.00000
0.00000
0.00000
0.00000
0.00000
0.00000
0.00000
0.00000
0.00000
0.00000
0.00000
0.00000
0.00000
0.00000
0.00000
0.00000
0.00000
0.00000
0.00000
0.00000
0.00000
0.00000
0.00000
0.00000
0.00000
0.00000
0.00000
0.00000
0.00000
0.00000
0.00000
0.00000
0.00000
0.00000
0.00000
0.00000
0.00000
0.00000
0.00000
0.00000
0.00000
0.00000
0.00000
0.00000
0.00000
0.00000
0.00000
0.00000
0.00000
0.00000
0.00000
0.00000
0.00000
0.00000
0.00000
0.00000
0.00000
0.00000
0.00000
0.00000
0.00000
0.00000
0.00000
0.00000
0.00000
0.00000
0.00000
0.00000
0.00000
0.00000
0.00000
0.00000
0.00000
0.00000
0.00000
0.00000
0.00000
0.00000
0.00000
0.00000
0.00000
0.00000
0.00000
0.00000
0.00000
0.00000
0.00000
0.00000
0.00000
0.00000
0.00000
0.00000
0.00000
0.00000
0.00000
0.00000
0.00000
0.00000
0.00000
0.00000
0.00000
0.00000
0.00000
0.00000
0.00000
0.00000
0.00000
0.00000
0.00000
0.00000
0.00000
0.00000
0.00000
0.00000
0.00000
0.00000
0.00000
0.00000
0.00000
0.00000
0.00000
0.00000
0.00000
0.00000
0.00000
0.00000
0.00000
0.00000
0.00000
0.00000
0.00000
0.00000
0.00000
0.00000
0.00000
0.00000
0.00000
0.00000
0.00000
0.00000
0.00000
0.00000
0.00000
0.00000
0.00000
0.00000
0.00000
0.00000
0.00000
0.00000
0.00000
0.00000
0.00000
0.00000
0.00000
0.00000
0.00000
0.00000
0.00000
0.00000
0.00000
0.00000
0.00000
0.00000
0.00000
0.00000
0.00000
0.00000
0.00000
0.00000
0.00000
0.00000
0.00000
0.00000
0.00000
0.00000
0.00000
0.00000
0.00000
0.00000
0.00000
0.00000
0.00000
0.00000
0.00000
0.00000
0.00000
0.00000
0.00000
0.00000
0.00000
0.00000
0.00000
0.00000
0.00000
0.00000
0.00000
0.00000
0.00000
0.00000
0.00000
0.00000
