-0.00006
-0.00009
-0.00009
-0.00003
0.00000
0.00000
-0.00003
-0.00006
-0.00006
-0.00006
0.00000
0.00009
0.00015
0.00009
0.00003
-0.00003
-0.00012
-0.00012
-0.00012
-0.00009
-0.00003
0.00000
-0.00009
-0.00006
0.00000
-0.00003
0.00000
0.00000
0.00000
0.00000
0.00000
0.00000
-0.00006
-0.00003
-0.00003
-0.00012
-0.00015
-0.00015
-0.00015
-0.00018
-0.00009
-0.00006
-0.00003
0.00000
0.00000
0.00000
-0.00003
-0.00009
-0.00015
-0.00015
-0.00018
-0.00018
-0.00012
-0.00006
-0.00006
-0.00009
-0.00006
-0.00006
-0.00003
0.00000
-0.00003
-0.00003
-0.00003
-0.00006
-0.00009
-0.00012
-0.00012
-0.00015
-0.00021
-0.00018
-0.00018
-0.00018
-0.00012
-0.00006
-0.00009
-0.00003
-0.00003
-0.00015
-0.00012
-0.00009
-0.00015
-0.00018
-0.00018
-0.00018
-0.00021
-0.00024
-0.00015
-0.00015
-0.00018
-0.00015
-0.00012
-0.00018
-0.00021
-0.00015
-0.00012
-0.00012
-0.00009
-0.00003
-0.00009
-0.00015
-0.00021
-0.00024
-0.00021
-0.00024
-0.00024
-0.00018
-0.00021
-0.00024
-0.00018
-0.00015
-0.00018
-0.00018
-0.00012
-0.00012
-0.00018
-0.00021
-0.00024
-0.00027
-0.00027
-0.00021
-0.00015
-0.00015
-0.00021
-0.00024
-0.00021
-0.00018
-0.00018
-0.00018
-0.00009
-0.00009
-0.00012
-0.00018
-0.00021
-0.00024
-0.00031
-0.00024
-0.00012
-0.00018
-0.00021
-0.00015
-0.00012
-0.00018
-0.00018
-0.00018
-0.00024
-0.00031
-0.00031
-0.00027
-0.00024
-0.00024
-0.00024
-0.00021
-0.00024
-0.00027
-0.00027
-0.00027
-0.00027
-0.00027
-0.00021
-0.00027
-0.00034
-0.00024
-0.00024
-0.00021
-0.00024
-0.00024
-0.00021
-0.00031
-0.00037
-0.00034
-0.00027
-0.00024
-0.00021
-0.00015
-0.00018
-0.00027
-0.00027
-0.00024
-0.00027
-0.00024
-0.00027
-0.00027
-0.00031
-0.00027
-0.00037
-0.00034
-0.00043
-0.00024
-0.00067
-0.00003
-0.00058
0.00006
-0.00067
0.00015
-0.00876
-0.04620
-0.03018
-0.02280
-0.02579
0.00027
0.03619
0.04117
0.04071
0.03302
-0.00119
-0.00534
-0.01129
-0.02948
-0.01697
0.00159
0.00101
0.00916
0.01303
0.00067
-0.00299
0.00018
-0.00555
-0.00180
0.01096
0.00406
-0.00165
0.00711
0.00223
-0.00101
0.00284
-0.00098
-0.00330
-0.00192
-0.00153
-0.00201
0.00287
0.00479
0.00214
0.00208
0.00275
0.00076
-0.00079
-0.00162
-0.00186
-0.00247
-0.00067
0.00183
0.00110
0.00089
0.00177
0.00079
0.00015
0.00156
0.00180
0.00027
0.00049
0.00137
0.00067
0.00043
0.00070
-0.00027
-0.00110
-0.00085
-0.00085
-0.00067
0.00009
0.00000
-0.00052
-0.00034
-0.00021
-0.00076
-0.00015
0.00073
0.00067
0.00015
0.00006
0.00000
0.00000
0.00000
0.00000
0.00000
0.00000
0.00000
0.00000
0.00000
0.00000
0.00000
0.00000
0.00000
0.00000
0.00000
0.00000
0.00000
0.00000
0.00000
0.00000
0.00000
0.00000
0.00000
0.00000
0.00000
0.00000
0.00000
0.00000
0.00000
0.00000
0.00000
0.00000
0.00000
0.00000
0.00000
0.00000
0.00000
0.00000
0.00000
0.00000
0.00000
0.00000
0.00000
0.00000
0.00000
0.00000
0.00000
0.00000
0.00000
0.00000
0.00000
0.00000
0.00000
0.00000
0.00000
0.00000
0.00000
0.00000
0.00000
0.00000
0.00000
0.00000
0.00000
0.00000
0.00000
0.00000
0.00000
0.00000
0.00000
0.00000
0.00000
0.00000
0.00000
0.00000
0.00000
0.00000
0.00000
0.00000
0.00000
0.00000
0.00000
0.00000
0.00000
0.00000
0.00000
0.00000
0.00000
0.00000
0.00000
0.00000
0.00000
0.00000
0.00000
0.00000
0.00000
0.00000
0.00000
0.00000
0.00000
0.00000
0.00000
0.00000
0.00000
0.00000
0.00000
0.00000
0.00000
0.00000
0.00000
0.00000
0.00000
0.00000
0.00000
0.00000
0.00000
0.00000
0.00000
0.00000
0.00000
0.00000
0.00000
0.00000
0.00000
0.00000
0.00000
0.00000
0.00000
0.00000
0.00000
0.00000
0.00000
0.00000
0.00000
0.00000
0.00000
0.00000
0.00000
0.00000
0.00000
0.00000
0.00000
0.00000
0.00000
0.00000
0.00000
0.00000
0.00000
0.00000
0.00000
0.00000
0.00000
0.00000
0.00000
0.00000
0.00000
0.00000
0.00000
0.00000
0.00000
0.00000
0.00000
0.00000
0.00000
0.00000
0.00000
0.00000
0.00000
0.00000
0.00000
0.00000
0.00000
0.00000
0.00000
0.00000
0.00000
0.00000
0.00000
0.00000
0.00000
0.00000
0.00000
0.00000
0.00000
0.00000
0.00000
0.00000
0.00000
0.00000
0.00000
0.00000
0.00000
0.00000
0.00000
0.00000
0.00000
0.00000
0.00000
0.00000
0.00000
0.00000
0.00000
0.00000
0.00000
0.00000
0.00000
0.00000
0.00000
0.00000
0.00000
0.00000
0.00000
0.00000
0.00000
0.00000
0.00000
0.00000
0.00000
0.00000
0.00000
0.00000
0.00000
0.00000
0.00000
0.00000
0.00000
0.00000
0.00000
0.00000
0.00000
0.00000
0.00000
0.00000
0.00000
0.00000
0.00000
0.00000
0.00000
0.00000
0.00000
0.00000
0.00000
