0.00009
0.00012
0.00006
-0.00003
0.00000
0.00000
0.00000
0.00000
0.00006
0.00006
0.00000
0.00000
0.00000
0.00000
0.00000
0.00003
0.00006
0.00003
0.00006
0.00006
0.00006
0.00003
0.00000
0.00003
0.00000
-0.00003
-0.00003
0.00000
0.00003
0.00003
0.00009
0.00006
0.00003
0.00006
0.00003
0.00000
0.00006
0.00012
0.00006
0.00006
0.00006
0.00000
0.00000
0.00000
-0.00003
0.00000
0.00009
0.00012
0.00015
0.00015
0.00009
0.00006
0.00003
0.00000
0.00000
0.00009
0.00006
0.00006
0.00009
0.00006
0.00003
0.00000
0.00003
0.00000
0.00003
0.00006
0.00009
0.00015
0.00018
0.00018
0.00012
0.00009
0.00003
0.00000
0.00000
0.00003
0.00006
0.00003
0.00006
0.00009
0.00009
0.00009
0.00015
0.00015
0.00009
0.00009
0.00009
0.00009
0.00009
0.00012
0.00015
0.00012
0.00006
0.00003
0.00009
0.00006
0.00006
0.00006
0.00009
0.00009
0.00009
0.00015
0.00015
0.00012
0.00009
0.00012
0.00012
0.00006
0.00006
0.00012
0.00012
0.00009
0.00012
0.00015
0.00009
0.00006
0.00012
0.00009
0.00006
0.00009
0.00015
0.00015
0.00012
0.00012
0.00012
0.00006
0.00006
0.00015
0.00015
0.00009
0.00009
0.00009
0.00000
0.00000
0.00009
0.00012
0.00015
0.00018
0.00012
0.00015
0.00012
0.00003
0.00006
0.00009
0.00003
0.00000
0.00003
0.00003
0.00003
0.00012
0.00018
0.00015
0.00012
0.00009
0.00003
0.00009
0.00003
0.00003
0.00006
0.00006
0.00003
0.00006
0.00012
0.00009
0.00009
0.00006
0.00000
0.00000
0.00003
0.00009
0.00015
0.00012
0.00006
0.00006
0.00003
0.00003
0.00006
0.00009
0.00009
0.00003
0.00003
0.00000
0.00003
-0.00003
0.00012
0.00012
0.00006
0.00006
0.00003
0.00012
0.00003
0.00006
0.00015
0.00000
0.00012
-0.00027
0.00031
-0.00034
-0.00095
-0.01627
-0.02679
-0.02103
-0.02164
-0.01025
0.00104
0.00739
0.01318
0.02219
0.02185
0.01456
0.01050
0.00055
-0.00241
-0.00247
-0.00806
-0.00473
0.00146
0.00330
0.00214
0.00400
0.00375
0.00110
0.00385
0.00272
-0.00040
-0.00040
-0.00076
-0.00052
0.00272
0.00229
-0.00040
-0.00076
-0.00082
-0.00082
-0.00064
0.00052
0.00195
0.00351
0.00436
0.00443
0.00375
0.00177
-0.00003
-0.00046
-0.00031
0.00034
0.00021
-0.00040
-0.00052
0.00000
0.00058
0.00143
0.00256
0.00235
0.00137
0.00116
0.00131
0.00128
0.00110
0.00073
0.00024
-0.00015
-0.00046
-0.00067
-0.00052
-0.00037
-0.00021
0.00003
0.00046
0.00079
0.00052
0.00052
0.00040
-0.00012
-0.00052
-0.00055
0.00000
0.00000
0.00000
0.00000
0.00000
0.00000
0.00000
0.00000
0.00000
0.00000
0.00000
0.00000
0.00000
0.00000
0.00000
0.00000
0.00000
0.00000
0.00000
0.00000
0.00000
0.00000
0.00000
0.00000
0.00000
0.00000
0.00000
0.00000
0.00000
0.00000
0.00000
0.00000
0.00000
0.00000
0.00000
0.00000
0.00000
0.00000
0.00000
0.00000
0.00000
0.00000
0.00000
0.00000
0.00000
0.00000
0.00000
0.00000
0.00000
0.00000
0.00000
0.00000
0.00000
0.00000
0.00000
0.00000
0.00000
0.00000
0.00000
0.00000
0.00000
0.00000
0.00000
0.00000
0.00000
0.00000
0.00000
0.00000
0.00000
0.00000
0.00000
0.00000
0.00000
0.00000
0.00000
0.00000
0.00000
0.00000
0.00000
0.00000
0.00000
0.00000
0.00000
0.00000
0.00000
0.00000
0.00000
0.00000
0.00000
0.00000
0.00000
0.00000
0.00000
0.00000
0.00000
0.00000
0.00000
0.00000
0.00000
0.00000
0.00000
0.00000
0.00000
0.00000
0.00000
0.00000
0.00000
0.00000
0.00000
0.00000
0.00000
0.00000
0.00000
0.00000
0.00000
0.00000
0.00000
0.00000
0.00000
0.00000
0.00000
0.00000
0.00000
0.00000
0.00000
0.00000
0.00000
0.00000
0.00000
0.00000
0.00000
0.00000
0.00000
0.00000
0.00000
0.00000
0.00000
0.00000
0.00000
0.00000
0.00000
0.00000
0.00000
0.00000
0.00000
0.00000
0.00000
0.00000
0.00000
0.00000
0.00000
0.00000
0.00000
0.00000
0.00000
0.00000
0.00000
0.00000
0.00000
0.00000
0.00000
0.00000
0.00000
0.00000
0.00000
0.00000
0.00000
0.00000
0.00000
0.00000
0.00000
0.00000
0.00000
0.00000
0.00000
0.00000
0.00000
0.00000
0.00000
0.00000
0.00000
0.00000
0.00000
0.00000
0.00000
0.00000
0.00000
0.00000
0.00000
0.00000
0.00000
0.00000
0.00000
0.00000
0.00000
0.00000
0.00000
0.00000
0.00000
0.00000
0.00000
0.00000
0.00000
0.00000
0.00000
0.00000
0.00000
0.00000
0.00000
0.00000
0.00000
0.00000
0.00000
0.00000
0.00000
0.00000
0.00000
0.00000
0.00000
0.00000
0.00000
0.00000
0.00000
0.00000
0.00000
0.00000
0.00000
0.00000
0.00000
0.00000
0.00000
0.00000
0.00000
0.00000
0.00000
0.00000
