-0.00009
-0.00006
-0.00009
0.00000
0.00000
-0.00006
-0.00003
-0.00009
-0.00015
-0.00012
-0.00009
-0.00006
-0.00006
-0.00006
-0.00006
-0.00015
-0.00015
-0.00015
-0.00018
-0.00012
-0.00015
-0.00012
-0.00003
0.00000
-0.00006
0.00000
-0.00006
-0.00018
-0.00012
-0.00018
-0.00027
-0.00012
-0.00009
-0.00003
0.00000
0.00003
-0.00009
-0.00018
-0.00021
-0.00034
-0.00021
-0.00009
-0.00012
-0.00006
0.00000
-0.00012
-0.00015
-0.00015
-0.00024
-0.00018
-0.00015
-0.00012
-0.00009
-0.00006
-0.00015
-0.00015
-0.00012
-0.00012
-0.00018
-0.00003
-0.00018
-0.00021
-0.00006
-0.00024
-0.00024
-0.00018
-0.00021
-0.00009
-0.00006
-0.00021
-0.00018
-0.00018
-0.00018
-0.00009
-0.00006
-0.00006
-0.00009
-0.00018
-0.00018
-0.00018
-0.00027
-0.00024
-0.00012
-0.00012
-0.00012
-0.00009
-0.00009
-0.00009
-0.00003
-0.00015
-0.00024
-0.00018
-0.00024
-0.00031
-0.00012
-0.00009
-0.00018
-0.00012
-0.00018
-0.00024
-0.00018
-0.00012
-0.00009
-0.00006
-0.00006
0.00000
-0.00012
-0.00031
-0.00027
-0.00027
-0.00027
-0.00018
-0.00009
-0.00009
-0.00015
-0.00018
-0.00015
-0.00015
-0.00021
-0.00024
-0.00021
-0.00018
-0.00021
-0.00024
-0.00024
-0.00024
-0.00021
-0.00021
-0.00018
-0.00012
-0.00015
-0.00018
-0.00018
-0.00015
-0.00024
-0.00031
-0.00024
-0.00024
-0.00021
-0.00015
-0.00012
-0.00021
-0.00018
-0.00024
-0.00027
-0.00027
-0.00024
-0.00018
-0.00024
-0.00024
-0.00015
-0.00024
-0.00031
-0.00027
-0.00027
-0.00018
-0.00003
-0.00006
-0.00015
-0.00018
-0.00027
-0.00037
-0.00034
-0.00021
-0.00021
-0.00015
-0.00003
-0.00024
-0.00027
-0.00018
-0.00024
-0.00031
-0.00015
-0.00012
-0.00009
-0.00021
-0.00003
-0.00037
0.00012
-0.00085
0.00073
-0.00165
0.00159
-0.00275
0.00317
-0.00458
0.00543
-0.04761
-0.13208
-0.01822
-0.04816
-0.03326
0.08246
0.12430
0.11850
0.08133
-0.03436
-0.05658
-0.01291
-0.05121
-0.04520
0.01215
0.01520
0.00409
0.02817
0.01590
-0.01639
-0.00208
0.00323
-0.01260
0.02142
0.01669
-0.01401
0.00638
0.00739
-0.00821
-0.00140
-0.00372
-0.01221
-0.00348
0.00064
-0.00153
0.00360
0.01172
0.00690
0.00674
0.00577
0.00201
-0.00156
-0.00226
-0.00397
-0.00467
-0.00461
-0.00027
-0.00009
0.00153
0.00323
0.00256
0.00079
0.00049
0.00375
0.00403
0.00134
0.00131
-0.00110
-0.00290
-0.00168
-0.00101
0.00006
0.00018
-0.00104
-0.00204
-0.00076
0.00092
-0.00061
-0.00003
0.00073
0.00064
0.00006
0.00049
0.00122
0.00012
-0.00052
-0.00003
0.00000
0.00000
0.00000
0.00000
0.00000
0.00000
0.00000
0.00000
0.00000
0.00000
0.00000
0.00000
0.00000
0.00000
0.00000
0.00000
0.00000
0.00000
0.00000
0.00000
0.00000
0.00000
0.00000
0.00000
0.00000
0.00000
0.00000
0.00000
0.00000
0.00000
0.00000
0.00000
0.00000
0.00000
0.00000
0.00000
0.00000
0.00000
0.00000
0.00000
0.00000
0.00000
0.00000
0.00000
0.00000
0.00000
0.00000
0.00000
0.00000
0.00000
0.00000
0.00000
0.00000
0.00000
0.00000
0.00000
0.00000
0.00000
0.00000
0.00000
0.00000
0.00000
0.00000
0.00000
0.00000
0.00000
0.00000
0.00000
0.00000
0.00000
0.00000
0.00000
0.00000
0.00000
0.00000
0.00000
0.00000
0.00000
0.00000
0.00000
0.00000
0.00000
0.00000
0.00000
0.00000
0.00000
0.00000
0.00000
0.00000
0.00000
0.00000
0.00000
0.00000
0.00000
0.00000
0.00000
0.00000
0.00000
0.00000
0.00000
0.00000
0.00000
0.00000
0.00000
0.00000
0.00000
0.00000
0.00000
0.00000
0.00000
0.00000
0.00000
0.00000
0.00000
0.00000
0.00000
0.00000
0.00000
0.00000
0.00000
0.00000
0.00000
0.00000
0.00000
0.00000
0.00000
0.00000
0.00000
0.00000
0.00000
0.00000
0.00000
0.00000
0.00000
0.00000
0.00000
0.00000
0.00000
0.00000
0.00000
0.00000
0.00000
0.00000
0.00000
0.00000
0.00000
0.00000
0.00000
0.00000
0.00000
0.00000
0.00000
0.00000
0.00000
0.00000
0.00000
0.00000
0.00000
0.00000
0.00000
0.00000
0.00000
0.00000
0.00000
0.00000
0.00000
0.00000
0.00000
0.00000
0.00000
0.00000
0.00000
0.00000
0.00000
0.00000
0.00000
0.00000
0.00000
0.00000
0.00000
0.00000
0.00000
0.00000
0.00000
0.00000
0.00000
0.00000
0.00000
0.00000
0.00000
0.00000
0.00000
0.00000
0.00000
0.00000
0.00000
0.00000
0.00000
0.00000
0.00000
0.00000
0.00000
0.00000
0.00000
0.00000
0.00000
0.00000
0.00000
0.00000
0.00000
0.00000
0.00000
0.00000
0.00000
0.00000
0.00000
0.00000
0.00000
0.00000
0.00000
0.00000
0.00000
0.00000
0.00000
0.00000
0.00000
0.00000
0.00000
0.00000
0.00000
0.00000
0.00000
0.00000
0.00000
0.00000
0.00000
0.00000
0.00000
0.00000
0.00000
0.00000
0.00000
0.00000
0.00000
0.00000
0.00000
0.00000
0.00000
