-0.00021
-0.00018
-0.00009
-0.00015
-0.00018
-0.00012
-0.00012
-0.00012
-0.00015
-0.00015
-0.00009
-0.00009
-0.00009
-0.00012
-0.00009
-0.00009
-0.00012
-0.00012
-0.00012
-0.00021
-0.00021
-0.00015
-0.00012
-0.00012
-0.00006
0.00000
-0.00006
-0.00012
-0.00009
-0.00009
-0.00009
-0.00003
-0.00003
-0.00006
-0.00012
-0.00012
-0.00012
-0.00009
-0.00012
-0.00012
-0.00006
-0.00012
-0.00009
-0.00003
-0.00009
-0.00009
-0.00009
-0.00012
-0.00015
-0.00015
-0.00012
-0.00012
-0.00009
-0.00009
-0.00012
-0.00003
0.00000
0.00000
0.00000
0.00000
-0.00003
-0.00012
-0.00015
-0.00015
-0.00015
-0.00012
-0.00006
-0.00006
-0.00006
-0.00006
-0.00003
-0.00006
-0.00009
-0.00003
-0.00003
-0.00006
-0.00003
0.00000
-0.00003
-0.00003
-0.00003
-0.00003
0.00000
0.00000
-0.00003
0.00000
0.00000
-0.00003
-0.00006
-0.00003
0.00000
0.00000
0.00000
0.00003
0.00000
-0.00009
-0.00006
-0.00009
-0.00012
-0.00006
0.00000
0.00003
0.00006
0.00003
0.00006
0.00000
-0.00003
-0.00006
0.00000
-0.00003
-0.00006
0.00003
0.00003
-0.00003
-0.00003
0.00000
0.00000
-0.00003
0.00000
0.00006
0.00009
0.00003
0.00000
0.00000
0.00000
-0.00009
-0.00003
0.00000
0.00000
0.00000
0.00000
0.00000
-0.00003
0.00000
0.00003
0.00003
0.00000
0.00006
0.00006
0.00000
0.00003
0.00000
0.00000
0.00000
0.00000
0.00000
0.00009
0.00009
0.00006
0.00003
0.00003
0.00000
0.00000
0.00000
0.00000
0.00000
0.00000
0.00000
0.00003
0.00003
0.00003
0.00009
0.00009
0.00003
0.00003
0.00003
0.00000
0.00003
0.00006
0.00003
0.00000
0.00000
0.00000
0.00003
0.00012
0.00012
0.00009
0.00006
0.00000
-0.00003
-0.00006
0.00000
0.00006
0.00003
0.00024
0.00009
0.00000
0.00003
0.00000
0.00009
0.00000
0.00015
-0.00009
0.00031
-0.00006
0.00043
-0.00031
0.00046
-0.00671
-0.02112
-0.01672
-0.01651
-0.01318
-0.00504
0.00287
0.00497
0.01318
0.01770
0.01059
0.00513
-0.00330
-0.00729
-0.00284
0.00281
0.00311
0.00977
0.01178
0.00555
0.00223
-0.00052
-0.00482
-0.00253
0.00089
0.00027
0.00177
0.00296
0.00095
0.00229
0.00433
0.00125
-0.00150
-0.00137
-0.00064
-0.00055
0.00009
0.00024
0.00137
0.00269
0.00360
0.00415
0.00354
0.00162
0.00006
-0.00049
-0.00003
0.00076
0.00049
0.00015
0.00079
0.00092
0.00089
0.00150
0.00134
0.00095
0.00113
0.00128
0.00107
0.00122
0.00150
0.00116
0.00085
0.00070
0.00027
0.00000
-0.00018
-0.00040
-0.00067
-0.00006
0.00052
0.00046
0.00037
0.00046
0.00049
0.00003
0.00000
0.00000
0.00000
0.00000
0.00000
0.00000
0.00000
0.00000
0.00000
0.00000
0.00000
0.00000
0.00000
0.00000
0.00000
0.00000
0.00000
0.00000
0.00000
0.00000
0.00000
0.00000
0.00000
0.00000
0.00000
0.00000
0.00000
0.00000
0.00000
0.00000
0.00000
0.00000
0.00000
0.00000
0.00000
0.00000
0.00000
0.00000
0.00000
0.00000
0.00000
0.00000
0.00000
0.00000
0.00000
0.00000
0.00000
0.00000
0.00000
0.00000
0.00000
0.00000
0.00000
0.00000
0.00000
0.00000
0.00000
0.00000
0.00000
0.00000
0.00000
0.00000
0.00000
0.00000
0.00000
0.00000
0.00000
0.00000
0.00000
0.00000
0.00000
0.00000
0.00000
0.00000
0.00000
0.00000
0.00000
0.00000
0.00000
0.00000
0.00000
0.00000
0.00000
0.00000
0.00000
0.00000
0.00000
0.00000
0.00000
0.00000
0.00000
0.00000
0.00000
0.00000
0.00000
0.00000
0.00000
0.00000
0.00000
0.00000
0.00000
0.00000
0.00000
0.00000
0.00000
0.00000
0.00000
0.00000
0.00000
0.00000
0.00000
0.00000
0.00000
0.00000
0.00000
0.00000
0.00000
0.00000
0.00000
0.00000
0.00000
0.00000
0.00000
0.00000
0.00000
0.00000
0.00000
0.00000
0.00000
0.00000
0.00000
0.00000
0.00000
0.00000
0.00000
0.00000
0.00000
0.00000
0.00000
0.00000
0.00000
0.00000
0.00000
0.00000
0.00000
0.00000
0.00000
0.00000
0.00000
0.00000
0.00000
0.00000
0.00000
0.00000
0.00000
0.00000
0.00000
0.00000
0.00000
0.00000
0.00000
0.00000
0.00000
0.00000
0.00000
0.00000
0.00000
0.00000
0.00000
0.00000
0.00000
0.00000
0.00000
0.00000
0.00000
0.00000
0.00000
0.00000
0.00000
0.00000
0.00000
0.00000
0.00000
0.00000
0.00000
0.00000
0.00000
0.00000
0.00000
0.00000
0.00000
0.00000
0.00000
0.00000
0.00000
0.00000
0.00000
0.00000
0.00000
0.00000
0.00000
0.00000
0.00000
0.00000
0.00000
0.00000
0.00000
0.00000
0.00000
0.00000
0.00000
0.00000
0.00000
0.00000
0.00000
0.00000
0.00000
0.00000
0.00000
0.00000
0.00000
0.00000
0.00000
0.00000
0.00000
0.00000
0.00000
0.00000
0.00000
0.00000
0.00000
0.00000
0.00000
0.00000
0.00000
0.00000
0.00000
0.00000
