0.00006
0.00009
0.00006
0.00006
0.00000
0.00000
-0.00003
-0.00003
0.00006
0.00009
0.00015
0.00015
0.00012
0.00006
0.00003
0.00000
0.00000
0.00003
0.00003
0.00000
0.00000
0.00000
-0.00003
-0.00003
0.00000
0.00000
0.00006
0.00012
0.00012
0.00009
0.00006
0.00003
0.00000
0.00000
-0.00006
0.00000
0.00000
0.00000
0.00006
0.00003
0.00006
0.00003
0.00006
0.00003
0.00000
-0.00003
-0.00009
-0.00006
-0.00006
-0.00003
0.00000
0.00006
0.00009
0.00006
0.00003
0.00003
0.00000
0.00000
-0.00009
0.00003
0.00000
-0.00009
-0.00003
-0.00003
-0.00003
-0.00012
-0.00003
-0.00006
-0.00003
0.00006
0.00006
0.00000
0.00000
0.00006
0.00000
-0.00009
-0.00003
-0.00003
-0.00012
-0.00006
0.00000
-0.00009
-0.00012
-0.00009
-0.00012
-0.00012
0.00000
0.00000
-0.00006
-0.00003
-0.00012
-0.00021
-0.00018
-0.00015
-0.00015
-0.00009
-0.00003
-0.00009
-0.00012
-0.00009
-0.00015
-0.00018
-0.00018
-0.00012
-0.00015
-0.00018
-0.00012
-0.00012
-0.00012
-0.00015
-0.00015
-0.00021
-0.00018
-0.00021
-0.00024
-0.00021
-0.00018
-0.00021
-0.00021
-0.00021
-0.00021
-0.00021
-0.00018
-0.00015
-0.00015
-0.00015
-0.00015
-0.00018
-0.00027
-0.00024
-0.00024
-0.00024
-0.00021
-0.00018
-0.00018
-0.00018
-0.00018
-0.00024
-0.00027
-0.00027
-0.00031
-0.00040
-0.00034
-0.00027
-0.00021
-0.00018
-0.00015
-0.00015
-0.00024
-0.00021
-0.00027
-0.00024
-0.00031
-0.00040
-0.00037
-0.00034
-0.00024
-0.00021
-0.00018
-0.00021
-0.00027
-0.00031
-0.00037
-0.00031
-0.00034
-0.00034
-0.00024
-0.00027
-0.00027
-0.00031
-0.00034
-0.00031
-0.00031
-0.00031
-0.00034
-0.00024
-0.00027
-0.00034
0.00006
-0.00082
0.00067
-0.00201
0.00238
-0.00455
-0.00009
-0.08691
-0.07333
-0.00281
-0.03378
-0.01331
0.02072
0.09708
0.06827
0.04324
-0.02188
-0.02820
0.03888
0.01239
-0.01688
-0.01407
-0.00473
0.00607
0.00549
-0.00919
-0.01038
0.01239
0.01309
-0.01083
0.00986
0.01132
-0.01138
-0.00534
0.00891
0.00342
0.00098
-0.00409
-0.00519
0.00034
0.00357
-0.00439
-0.00516
0.00854
0.00589
0.00055
0.00226
0.00446
-0.00046
-0.00229
-0.00095
-0.00024
-0.00201
0.00052
-0.00052
-0.00092
-0.00031
0.00055
-0.00043
0.00125
0.00427
0.00220
0.00095
0.00177
0.00040
-0.00140
-0.00070
0.00061
-0.00082
-0.00122
-0.00095
-0.00253
-0.00162
-0.00122
-0.00107
-0.00128
-0.00064
0.00082
0.00003
0.00159
0.00104
-0.00012
-0.00009
0.00000
0.00000
0.00000
0.00000
0.00000
0.00000
0.00000
0.00000
0.00000
0.00000
0.00000
0.00000
0.00000
0.00000
0.00000
0.00000
0.00000
0.00000
0.00000
0.00000
0.00000
0.00000
0.00000
0.00000
0.00000
0.00000
0.00000
0.00000
0.00000
0.00000
0.00000
0.00000
0.00000
0.00000
0.00000
0.00000
0.00000
0.00000
0.00000
0.00000
0.00000
0.00000
0.00000
0.00000
0.00000
0.00000
0.00000
0.00000
0.00000
0.00000
0.00000
0.00000
0.00000
0.00000
0.00000
0.00000
0.00000
0.00000
0.00000
0.00000
0.00000
0.00000
0.00000
0.00000
0.00000
0.00000
0.00000
0.00000
0.00000
0.00000
0.00000
0.00000
0.00000
0.00000
0.00000
0.00000
0.00000
0.00000
0.00000
0.00000
0.00000
0.00000
0.00000
0.00000
0.00000
0.00000
0.00000
0.00000
0.00000
0.00000
0.00000
0.00000
0.00000
0.00000
0.00000
0.00000
0.00000
0.00000
0.00000
0.00000
0.00000
0.00000
0.00000
0.00000
0.00000
0.00000
0.00000
0.00000
0.00000
0.00000
0.00000
0.00000
0.00000
0.00000
0.00000
0.00000
0.00000
0.00000
0.00000
0.00000
0.00000
0.00000
0.00000
0.00000
0.00000
0.00000
0.00000
0.00000
0.00000
0.00000
0.00000
0.00000
0.00000
0.00000
0.00000
0.00000
0.00000
0.00000
0.00000
0.00000
0.00000
0.00000
0.00000
0.00000
0.00000
0.00000
0.00000
0.00000
0.00000
0.00000
0.00000
0.00000
0.00000
0.00000
0.00000
0.00000
0.00000
0.00000
0.00000
0.00000
0.00000
0.00000
0.00000
0.00000
0.00000
0.00000
0.00000
0.00000
0.00000
0.00000
0.00000
0.00000
0.00000
0.00000
0.00000
0.00000
0.00000
0.00000
0.00000
0.00000
0.00000
0.00000
0.00000
0.00000
0.00000
0.00000
0.00000
0.00000
0.00000
0.00000
0.00000
0.00000
0.00000
0.00000
0.00000
0.00000
0.00000
0.00000
0.00000
0.00000
0.00000
0.00000
0.00000
0.00000
0.00000
0.00000
0.00000
0.00000
0.00000
0.00000
0.00000
0.00000
0.00000
0.00000
0.00000
0.00000
0.00000
0.00000
0.00000
0.00000
0.00000
0.00000
0.00000
0.00000
0.00000
0.00000
0.00000
0.00000
0.00000
0.00000
0.00000
0.00000
0.00000
0.00000
0.00000
0.00000
0.00000
0.00000
0.00000
0.00000
0.00000
0.00000
0.00000
0.00000
0.00000
0.00000
0.00000
0.00000
0.00000
0.00000
0.00000
