-0.00027
-0.00024
-0.00024
-0.00037
-0.00037
-0.00040
-0.00043
-0.00034
-0.00031
-0.00027
-0.00034
-0.00034
-0.00027
-0.00024
-0.00024
-0.00027
-0.00031
-0.00031
-0.00037
-0.00037
-0.00037
-0.00037
-0.00031
-0.00034
-0.00027
-0.00027
-0.00031
-0.00031
-0.00024
-0.00027
-0.00034
-0.00027
-0.00034
-0.00031
-0.00034
-0.00037
-0.00034
-0.00027
-0.00031
-0.00031
-0.00018
-0.00024
-0.00034
-0.00027
-0.00037
-0.00049
-0.00034
-0.00031
-0.00034
-0.00027
-0.00021
-0.00027
-0.00031
-0.00027
-0.00034
-0.00034
-0.00034
-0.00037
-0.00040
-0.00040
-0.00034
-0.00037
-0.00024
-0.00031
-0.00027
-0.00024
-0.00037
-0.00031
-0.00024
-0.00031
-0.00031
-0.00037
-0.00049
-0.00037
-0.00040
-0.00037
-0.00027
-0.00027
-0.00024
-0.00021
-0.00024
-0.00031
-0.00037
-0.00043
-0.00037
-0.00034
-0.00040
-0.00034
-0.00027
-0.00027
-0.00031
-0.00031
-0.00034
-0.00040
-0.00040
-0.00037
-0.00037
-0.00027
-0.00034
-0.00034
-0.00031
-0.00031
-0.00037
-0.00031
-0.00031
-0.00040
-0.00037
-0.00034
-0.00031
-0.00040
-0.00037
-0.00024
-0.00024
-0.00031
-0.00034
-0.00034
-0.00037
-0.00034
-0.00031
-0.00027
-0.00024
-0.00031
-0.00037
-0.00031
-0.00027
-0.00037
-0.00031
-0.00021
-0.00024
-0.00027
-0.00027
-0.00027
-0.00031
-0.00027
-0.00024
-0.00024
-0.00027
-0.00027
-0.00031
-0.00031
-0.00031
-0.00027
-0.00024
-0.00021
-0.00021
-0.00021
-0.00031
-0.00024
-0.00027
-0.00031
-0.00021
-0.00024
-0.00027
-0.00027
-0.00021
-0.00031
-0.00027
-0.00024
-0.00024
-0.00018
-0.00015
-0.00015
-0.00021
-0.00018
-0.00021
-0.00031
-0.00027
-0.00024
-0.00015
-0.00012
-0.00021
-0.00024
-0.00027
-0.00034
-0.00031
-0.00018
-0.00015
-0.00009
-0.00018
-0.00015
-0.00024
0.00000
-0.00064
0.00040
-0.00119
0.00125
-0.00226
0.00284
-0.00455
0.00540
-0.04651
-0.08795
-0.01950
-0.03745
-0.02515
0.05951
0.09592
0.06357
0.06717
-0.01651
-0.02856
0.00296
-0.03729
-0.04590
-0.00107
0.01065
0.00070
0.02173
0.01501
-0.00665
0.00677
0.00558
-0.01389
0.01166
0.01019
-0.01740
0.00095
0.00757
-0.00720
0.00006
0.00323
-0.00308
0.00168
0.00302
-0.00351
0.00107
0.00885
0.00412
0.00348
0.00436
0.00253
-0.00174
-0.00128
-0.00140
-0.00204
-0.00342
0.00009
0.00031
-0.00043
0.00073
0.00201
0.00064
0.00201
0.00485
0.00339
0.00104
0.00180
0.00031
-0.00131
-0.00012
0.00000
-0.00119
-0.00043
-0.00043
-0.00119
0.00024
0.00122
0.00009
0.00000
0.00040
0.00009
-0.00009
0.00110
0.00104
0.00031
0.00024
0.00055
0.00000
0.00000
0.00000
0.00000
0.00000
0.00000
0.00000
0.00000
0.00000
0.00000
0.00000
0.00000
0.00000
0.00000
0.00000
0.00000
0.00000
0.00000
0.00000
0.00000
0.00000
0.00000
0.00000
0.00000
0.00000
0.00000
0.00000
0.00000
0.00000
0.00000
0.00000
0.00000
0.00000
0.00000
0.00000
0.00000
0.00000
0.00000
0.00000
0.00000
0.00000
0.00000
0.00000
0.00000
0.00000
0.00000
0.00000
0.00000
0.00000
0.00000
0.00000
0.00000
0.00000
0.00000
0.00000
0.00000
0.00000
0.00000
0.00000
0.00000
0.00000
0.00000
0.00000
0.00000
0.00000
0.00000
0.00000
0.00000
0.00000
0.00000
0.00000
0.00000
0.00000
0.00000
0.00000
0.00000
0.00000
0.00000
0.00000
0.00000
0.00000
0.00000
0.00000
0.00000
0.00000
0.00000
0.00000
0.00000
0.00000
0.00000
0.00000
0.00000
0.00000
0.00000
0.00000
0.00000
0.00000
0.00000
0.00000
0.00000
0.00000
0.00000
0.00000
0.00000
0.00000
0.00000
0.00000
0.00000
0.00000
0.00000
0.00000
0.00000
0.00000
0.00000
0.00000
0.00000
0.00000
0.00000
0.00000
0.00000
0.00000
0.00000
0.00000
0.00000
0.00000
0.00000
0.00000
0.00000
0.00000
0.00000
0.00000
0.00000
0.00000
0.00000
0.00000
0.00000
0.00000
0.00000
0.00000
0.00000
0.00000
0.00000
0.00000
0.00000
0.00000
0.00000
0.00000
0.00000
0.00000
0.00000
0.00000
0.00000
0.00000
0.00000
0.00000
0.00000
0.00000
0.00000
0.00000
0.00000
0.00000
0.00000
0.00000
0.00000
0.00000
0.00000
0.00000
0.00000
0.00000
0.00000
0.00000
0.00000
0.00000
0.00000
0.00000
0.00000
0.00000
0.00000
0.00000
0.00000
0.00000
0.00000
0.00000
0.00000
0.00000
0.00000
0.00000
0.00000
0.00000
0.00000
0.00000
0.00000
0.00000
0.00000
0.00000
0.00000
0.00000
0.00000
0.00000
0.00000
0.00000
0.00000
0.00000
0.00000
0.00000
0.00000
0.00000
0.00000
0.00000
0.00000
0.00000
0.00000
0.00000
0.00000
0.00000
0.00000
0.00000
0.00000
0.00000
0.00000
0.00000
0.00000
0.00000
0.00000
0.00000
0.00000
0.00000
0.00000
0.00000
0.00000
0.00000
0.00000
0.00000
0.00000
0.00000
0.00000
0.00000
0.00000
0.00000
0.00000
0.00000
0.00000
0.00000
0.00000
0.00000
