-0.00031
-0.00031
-0.00037
-0.00037
-0.00021
-0.00012
-0.00012
-0.00021
-0.00024
-0.00027
-0.00027
-0.00027
-0.00021
-0.00021
-0.00009
-0.00012
-0.00018
-0.00015
-0.00009
-0.00024
-0.00031
-0.00031
-0.00034
-0.00024
-0.00015
-0.00009
-0.00009
-0.00009
-0.00009
-0.00015
-0.00018
-0.00018
-0.00015
-0.00015
-0.00021
-0.00024
-0.00027
-0.00027
-0.00031
-0.00021
-0.00009
-0.00009
-0.00003
-0.00003
-0.00012
-0.00018
-0.00024
-0.00024
-0.00012
-0.00009
-0.00009
-0.00009
-0.00006
-0.00018
-0.00003
-0.00015
-0.00024
-0.00003
-0.00015
-0.00012
-0.00009
0.00000
-0.00009
-0.00012
-0.00009
-0.00012
-0.00009
0.00000
-0.00009
-0.00018
-0.00003
-0.00006
-0.00015
-0.00009
0.00000
-0.00006
-0.00006
0.00000
-0.00009
-0.00012
-0.00009
-0.00003
-0.00012
-0.00015
-0.00009
-0.00012
-0.00012
-0.00009
-0.00009
-0.00009
-0.00006
-0.00006
0.00000
-0.00003
-0.00003
0.00000
0.00006
0.00000
-0.00003
-0.00009
-0.00003
-0.00003
-0.00009
-0.00003
0.00000
0.00000
0.00000
0.00003
0.00000
-0.00009
-0.00009
-0.00006
-0.00003
0.00000
0.00003
0.00003
0.00000
-0.00003
-0.00006
-0.00009
-0.00012
-0.00009
-0.00003
0.00000
0.00006
0.00000
0.00003
0.00000
0.00000
0.00000
0.00006
0.00012
0.00009
0.00012
0.00000
-0.00009
-0.00009
0.00000
0.00000
0.00009
0.00015
0.00006
0.00003
-0.00003
0.00000
-0.00009
-0.00006
-0.00003
0.00000
0.00003
0.00000
0.00000
0.00000
0.00000
-0.00003
0.00000
0.00009
0.00006
0.00006
0.00006
0.00009
0.00000
-0.00006
0.00006
0.00003
0.00000
0.00000
0.00000
0.00000
0.00000
-0.00009
0.00009
-0.00021
0.00049
-0.00061
0.00119
-0.00146
0.00198
-0.00262
0.00323
-0.00400
0.00494
-0.04568
-0.15991
-0.01572
-0.01828
-0.01205
0.02277
0.13022
0.12262
0.03790
-0.01874
-0.06433
0.00360
0.00687
-0.01544
-0.01886
0.03497
0.00458
0.00861
0.00375
-0.01480
-0.00818
0.01254
-0.00238
0.00977
0.02475
-0.00320
-0.01807
0.01279
0.00851
-0.01218
0.00101
-0.00293
-0.00647
-0.00201
0.00214
-0.00247
0.00702
0.00772
0.00299
0.00204
0.00812
0.00079
-0.00119
-0.00082
-0.00092
-0.00330
-0.00333
-0.00082
0.00046
0.00082
0.00256
0.00363
0.00003
0.00320
0.00427
0.00293
0.00076
0.00146
-0.00018
-0.00153
-0.00092
0.00024
-0.00177
-0.00125
-0.00195
-0.00174
-0.00015
-0.00104
-0.00089
-0.00031
0.00189
0.00049
-0.00052
0.00140
0.00153
0.00027
0.00000
-0.00034
0.00000
0.00000
0.00000
0.00000
0.00000
0.00000
0.00000
0.00000
0.00000
0.00000
0.00000
0.00000
0.00000
0.00000
0.00000
0.00000
0.00000
0.00000
0.00000
0.00000
0.00000
0.00000
0.00000
0.00000
0.00000
0.00000
0.00000
0.00000
0.00000
0.00000
0.00000
0.00000
0.00000
0.00000
0.00000
0.00000
0.00000
0.00000
0.00000
0.00000
0.00000
0.00000
0.00000
0.00000
0.00000
0.00000
0.00000
0.00000
0.00000
0.00000
0.00000
0.00000
0.00000
0.00000
0.00000
0.00000
0.00000
0.00000
0.00000
0.00000
0.00000
0.00000
0.00000
0.00000
0.00000
0.00000
0.00000
0.00000
0.00000
0.00000
0.00000
0.00000
0.00000
0.00000
0.00000
0.00000
0.00000
0.00000
0.00000
0.00000
0.00000
0.00000
0.00000
0.00000
0.00000
0.00000
0.00000
0.00000
0.00000
0.00000
0.00000
0.00000
0.00000
0.00000
0.00000
0.00000
0.00000
0.00000
0.00000
0.00000
0.00000
0.00000
0.00000
0.00000
0.00000
0.00000
0.00000
0.00000
0.00000
0.00000
0.00000
0.00000
0.00000
0.00000
0.00000
0.00000
0.00000
0.00000
0.00000
0.00000
0.00000
0.00000
0.00000
0.00000
0.00000
0.00000
0.00000
0.00000
0.00000
0.00000
0.00000
0.00000
0.00000
0.00000
0.00000
0.00000
0.00000
0.00000
0.00000
0.00000
0.00000
0.00000
0.00000
0.00000
0.00000
0.00000
0.00000
0.00000
0.00000
0.00000
0.00000
0.00000
0.00000
0.00000
0.00000
0.00000
0.00000
0.00000
0.00000
0.00000
0.00000
0.00000
0.00000
0.00000
0.00000
0.00000
0.00000
0.00000
0.00000
0.00000
0.00000
0.00000
0.00000
0.00000
0.00000
0.00000
0.00000
0.00000
0.00000
0.00000
0.00000
0.00000
0.00000
0.00000
0.00000
0.00000
0.00000
0.00000
0.00000
0.00000
0.00000
0.00000
0.00000
0.00000
0.00000
0.00000
0.00000
0.00000
0.00000
0.00000
0.00000
0.00000
0.00000
0.00000
0.00000
0.00000
0.00000
0.00000
0.00000
0.00000
0.00000
0.00000
0.00000
0.00000
0.00000
0.00000
0.00000
0.00000
0.00000
0.00000
0.00000
0.00000
0.00000
0.00000
0.00000
0.00000
0.00000
0.00000
0.00000
0.00000
0.00000
0.00000
0.00000
0.00000
0.00000
0.00000
0.00000
0.00000
0.00000
0.00000
0.00000
0.00000
0.00000
0.00000
0.00000
0.00000
0.00000
0.00000
0.00000
0.00000
0.00000
0.00000
