0.00006
0.00003
0.00000
0.00006
0.00006
0.00000
0.00006
0.00009
0.00003
0.00000
0.00006
0.00003
0.00006
0.00015
0.00015
0.00009
0.00018
0.00012
0.00006
0.00012
0.00006
0.00000
-0.00006
-0.00003
-0.00006
-0.00009
-0.00006
0.00000
0.00000
0.00009
0.00018
0.00021
0.00024
0.00021
0.00003
0.00000
0.00000
0.00000
0.00000
0.00000
0.00000
0.00000
0.00003
0.00003
0.00003
0.00003
0.00000
0.00000
0.00003
0.00000
-0.00003
0.00000
0.00000
-0.00003
0.00000
0.00003
0.00006
0.00006
0.00000
-0.00009
-0.00006
0.00000
0.00000
0.00009
0.00018
0.00012
0.00012
0.00000
-0.00003
0.00000
0.00000
-0.00003
0.00006
0.00003
0.00000
0.00006
0.00000
-0.00003
-0.00006
-0.00003
0.00003
0.00000
-0.00003
0.00000
0.00000
-0.00009
-0.00003
0.00000
-0.00003
0.00000
0.00000
-0.00009
0.00000
0.00000
0.00000
0.00009
0.00015
0.00006
0.00000
0.00006
0.00000
-0.00009
-0.00006
-0.00009
-0.00009
0.00000
0.00000
0.00000
0.00000
0.00000
0.00000
-0.00003
0.00000
0.00000
0.00000
0.00000
0.00006
0.00006
0.00000
0.00000
-0.00006
-0.00003
-0.00003
-0.00003
0.00000
0.00000
0.00000
0.00000
0.00009
0.00012
0.00012
0.00018
0.00003
-0.00009
-0.00018
-0.00021
-0.00018
-0.00012
-0.00003
0.00006
0.00003
0.00000
0.00000
-0.00003
-0.00006
-0.00012
-0.00009
-0.00003
0.00006
0.00009
0.00006
0.00012
0.00006
-0.00009
-0.00018
-0.00009
-0.00018
-0.00012
0.00000
0.00000
0.00000
0.00003
0.00006
0.00000
-0.00006
-0.00009
-0.00018
-0.00018
-0.00018
-0.00018
-0.00009
-0.00006
0.00000
0.00000
-0.00003
-0.00012
-0.00006
-0.00003
-0.00006
-0.00003
0.00000
-0.00012
0.00006
-0.00021
0.00015
-0.00040
0.00009
-0.00055
-0.00003
-0.00009
-0.00049
-0.00827
-0.07379
-0.04276
-0.02069
-0.03580
0.00803
0.07407
0.06375
0.05902
0.03320
-0.02594
-0.00192
-0.01352
-0.04532
-0.02402
0.00983
0.00241
0.00974
0.02151
0.00439
-0.00214
0.00592
-0.00967
-0.00439
0.01535
-0.00604
-0.01080
0.01019
0.00128
-0.00311
0.00629
0.00192
-0.00253
0.00009
-0.00107
-0.00351
0.00488
0.00623
0.00168
0.00333
0.00485
0.00076
-0.00128
-0.00116
-0.00137
-0.00287
-0.00201
-0.00055
-0.00186
-0.00006
0.00232
0.00269
0.00278
0.00354
0.00247
0.00061
0.00089
0.00146
-0.00046
-0.00070
-0.00043
-0.00095
-0.00070
0.00006
-0.00046
-0.00073
0.00046
0.00000
-0.00107
-0.00021
0.00079
0.00024
-0.00003
0.00049
0.00079
0.00015
-0.00012
-0.00043
0.00000
0.00000
0.00000
0.00000
0.00000
0.00000
0.00000
0.00000
0.00000
0.00000
0.00000
0.00000
0.00000
0.00000
0.00000
0.00000
0.00000
0.00000
0.00000
0.00000
0.00000
0.00000
0.00000
0.00000
0.00000
0.00000
0.00000
0.00000
0.00000
0.00000
0.00000
0.00000
0.00000
0.00000
0.00000
0.00000
0.00000
0.00000
0.00000
0.00000
0.00000
0.00000
0.00000
0.00000
0.00000
0.00000
0.00000
0.00000
0.00000
0.00000
0.00000
0.00000
0.00000
0.00000
0.00000
0.00000
0.00000
0.00000
0.00000
0.00000
0.00000
0.00000
0.00000
0.00000
0.00000
0.00000
0.00000
0.00000
0.00000
0.00000
0.00000
0.00000
0.00000
0.00000
0.00000
0.00000
0.00000
0.00000
0.00000
0.00000
0.00000
0.00000
0.00000
0.00000
0.00000
0.00000
0.00000
0.00000
0.00000
0.00000
0.00000
0.00000
0.00000
0.00000
0.00000
0.00000
0.00000
0.00000
0.00000
0.00000
0.00000
0.00000
0.00000
0.00000
0.00000
0.00000
0.00000
0.00000
0.00000
0.00000
0.00000
0.00000
0.00000
0.00000
0.00000
0.00000
0.00000
0.00000
0.00000
0.00000
0.00000
0.00000
0.00000
0.00000
0.00000
0.00000
0.00000
0.00000
0.00000
0.00000
0.00000
0.00000
0.00000
0.00000
0.00000
0.00000
0.00000
0.00000
0.00000
0.00000
0.00000
0.00000
0.00000
0.00000
0.00000
0.00000
0.00000
0.00000
0.00000
0.00000
0.00000
0.00000
0.00000
0.00000
0.00000
0.00000
0.00000
0.00000
0.00000
0.00000
0.00000
0.00000
0.00000
0.00000
0.00000
0.00000
0.00000
0.00000
0.00000
0.00000
0.00000
0.00000
0.00000
0.00000
0.00000
0.00000
0.00000
0.00000
0.00000
0.00000
0.00000
0.00000
0.00000
0.00000
0.00000
0.00000
0.00000
0.00000
0.00000
0.00000
0.00000
0.00000
0.00000
0.00000
0.00000
0.00000
0.00000
0.00000
0.00000
0.00000
0.00000
0.00000
0.00000
0.00000
0.00000
0.00000
0.00000
0.00000
0.00000
0.00000
0.00000
0.00000
0.00000
0.00000
0.00000
0.00000
0.00000
0.00000
0.00000
0.00000
0.00000
0.00000
0.00000
0.00000
0.00000
0.00000
0.00000
0.00000
0.00000
0.00000
0.00000
0.00000
0.00000
0.00000
0.00000
0.00000
0.00000
0.00000
0.00000
0.00000
0.00000
0.00000
0.00000
