0.00000
-0.00012
-0.00018
-0.00024
-0.00021
-0.00018
-0.00012
-0.00003
0.00000
0.00003
0.00003
0.00000
-0.00006
-0.00009
-0.00015
-0.00009
-0.00006
-0.00003
-0.00003
-0.00003
0.00000
-0.00003
-0.00006
-0.00009
-0.00012
-0.00009
-0.00003
-0.00006
-0.00003
0.00000
-0.00003
0.00000
-0.00003
0.00000
0.00000
0.00000
0.00000
0.00000
-0.00006
-0.00009
-0.00009
-0.00012
-0.00006
-0.00009
-0.00006
-0.00006
-0.00003
0.00003
0.00012
0.00006
0.00000
0.00000
-0.00009
-0.00015
-0.00015
0.00000
0.00000
0.00009
0.00006
-0.00009
0.00012
-0.00009
-0.00012
0.00000
-0.00003
0.00000
-0.00003
0.00000
0.00000
-0.00006
-0.00006
-0.00003
-0.00009
-0.00006
0.00006
0.00003
0.00006
0.00012
0.00003
0.00000
0.00003
-0.00003
-0.00009
-0.00009
-0.00006
-0.00006
-0.00003
0.00009
0.00003
0.00000
0.00006
0.00003
0.00000
0.00000
0.00003
0.00006
0.00006
0.00012
0.00006
0.00000
0.00006
0.00000
-0.00006
0.00003
0.00009
-0.00003
0.00000
0.00003
0.00000
0.00000
0.00003
0.00006
0.00000
0.00003
0.00006
0.00003
0.00003
0.00003
0.00000
0.00000
0.00003
0.00000
0.00000
0.00006
0.00009
0.00003
0.00006
0.00012
0.00000
0.00003
0.00009
0.00000
-0.00003
-0.00003
-0.00006
-0.00006
0.00003
0.00003
0.00000
0.00000
0.00000
0.00000
0.00000
0.00006
0.00003
0.00009
0.00006
0.00009
0.00006
-0.00003
-0.00006
-0.00009
-0.00003
-0.00003
0.00006
0.00009
0.00009
0.00012
0.00000
0.00000
-0.00006
-0.00006
-0.00003
-0.00003
0.00012
0.00006
0.00003
0.00006
0.00000
-0.00009
-0.00012
0.00000
0.00012
0.00003
0.00024
-0.00006
0.00027
-0.00040
0.00049
-0.00070
0.00040
-0.00024
-0.00024
0.00113
-0.00235
-0.01706
-0.15497
-0.04938
-0.02924
-0.03931
0.05865
0.10333
0.17804
0.08072
-0.00946
-0.05817
-0.03287
-0.04327
-0.04535
-0.00546
0.01215
0.02615
0.02612
0.01303
-0.00909
-0.01074
-0.00247
0.00107
0.01273
0.01080
-0.00076
0.00031
0.00064
0.00647
0.00430
-0.00894
-0.01044
-0.00317
-0.00839
-0.00110
0.00552
0.00595
0.00964
0.01031
0.00369
0.00089
0.00406
-0.00214
-0.00589
-0.00235
-0.00284
-0.00452
0.00003
0.00159
0.00183
0.00259
0.00378
0.00021
0.00232
0.00577
0.00217
0.00064
0.00082
-0.00073
-0.00220
-0.00195
-0.00052
-0.00208
-0.00232
-0.00137
-0.00131
0.00055
-0.00024
0.00018
0.00058
0.00125
0.00162
0.00003
0.00143
0.00061
-0.00079
-0.00027
0.00000
0.00000
0.00000
0.00000
0.00000
0.00000
0.00000
0.00000
0.00000
0.00000
0.00000
0.00000
0.00000
0.00000
0.00000
0.00000
0.00000
0.00000
0.00000
0.00000
0.00000
0.00000
0.00000
0.00000
0.00000
0.00000
0.00000
0.00000
0.00000
0.00000
0.00000
0.00000
0.00000
0.00000
0.00000
0.00000
0.00000
0.00000
0.00000
0.00000
0.00000
0.00000
0.00000
0.00000
0.00000
0.00000
0.00000
0.00000
0.00000
0.00000
0.00000
0.00000
0.00000
0.00000
0.00000
0.00000
0.00000
0.00000
0.00000
0.00000
0.00000
0.00000
0.00000
0.00000
0.00000
0.00000
0.00000
0.00000
0.00000
0.00000
0.00000
0.00000
0.00000
0.00000
0.00000
0.00000
0.00000
0.00000
0.00000
0.00000
0.00000
0.00000
0.00000
0.00000
0.00000
0.00000
0.00000
0.00000
0.00000
0.00000
0.00000
0.00000
0.00000
0.00000
0.00000
0.00000
0.00000
0.00000
0.00000
0.00000
0.00000
0.00000
0.00000
0.00000
0.00000
0.00000
0.00000
0.00000
0.00000
0.00000
0.00000
0.00000
0.00000
0.00000
0.00000
0.00000
0.00000
0.00000
0.00000
0.00000
0.00000
0.00000
0.00000
0.00000
0.00000
0.00000
0.00000
0.00000
0.00000
0.00000
0.00000
0.00000
0.00000
0.00000
0.00000
0.00000
0.00000
0.00000
0.00000
0.00000
0.00000
0.00000
0.00000
0.00000
0.00000
0.00000
0.00000
0.00000
0.00000
0.00000
0.00000
0.00000
0.00000
0.00000
0.00000
0.00000
0.00000
0.00000
0.00000
0.00000
0.00000
0.00000
0.00000
0.00000
0.00000
0.00000
0.00000
0.00000
0.00000
0.00000
0.00000
0.00000
0.00000
0.00000
0.00000
0.00000
0.00000
0.00000
0.00000
0.00000
0.00000
0.00000
0.00000
0.00000
0.00000
0.00000
0.00000
0.00000
0.00000
0.00000
0.00000
0.00000
0.00000
0.00000
0.00000
0.00000
0.00000
0.00000
0.00000
0.00000
0.00000
0.00000
0.00000
0.00000
0.00000
0.00000
0.00000
0.00000
0.00000
0.00000
0.00000
0.00000
0.00000
0.00000
0.00000
0.00000
0.00000
0.00000
0.00000
0.00000
0.00000
0.00000
0.00000
0.00000
0.00000
0.00000
0.00000
0.00000
0.00000
0.00000
0.00000
0.00000
0.00000
0.00000
0.00000
0.00000
0.00000
0.00000
0.00000
0.00000
0.00000
0.00000
0.00000
0.00000
0.00000
0.00000
0.00000
0.00000
0.00000
0.00000
