-0.00018
-0.00018
-0.00021
-0.00018
-0.00027
-0.00037
-0.00040
-0.00046
-0.00049
-0.00043
-0.00034
-0.00031
-0.00027
-0.00024
-0.00024
-0.00031
-0.00040
-0.00043
-0.00049
-0.00049
-0.00043
-0.00037
-0.00034
-0.00034
-0.00037
-0.00037
-0.00040
-0.00043
-0.00040
-0.00037
-0.00037
-0.00037
-0.00031
-0.00034
-0.00037
-0.00037
-0.00040
-0.00037
-0.00043
-0.00049
-0.00049
-0.00052
-0.00052
-0.00043
-0.00040
-0.00040
-0.00037
-0.00037
-0.00034
-0.00037
-0.00040
-0.00040
-0.00040
-0.00043
-0.00046
-0.00040
-0.00037
-0.00043
-0.00040
-0.00037
-0.00043
-0.00046
-0.00043
-0.00049
-0.00052
-0.00043
-0.00037
-0.00040
-0.00040
-0.00037
-0.00037
-0.00040
-0.00043
-0.00043
-0.00043
-0.00043
-0.00043
-0.00043
-0.00037
-0.00043
-0.00043
-0.00043
-0.00040
-0.00043
-0.00043
-0.00040
-0.00040
-0.00043
-0.00046
-0.00043
-0.00040
-0.00049
-0.00043
-0.00040
-0.00040
-0.00040
-0.00037
-0.00034
-0.00040
-0.00046
-0.00046
-0.00043
-0.00040
-0.00040
-0.00037
-0.00034
-0.00040
-0.00046
-0.00043
-0.00040
-0.00037
-0.00043
-0.00040
-0.00037
-0.00043
-0.00046
-0.00037
-0.00037
-0.00040
-0.00037
-0.00037
-0.00043
-0.00046
-0.00040
-0.00043
-0.00040
-0.00034
-0.00034
-0.00037
-0.00037
-0.00043
-0.00040
-0.00037
-0.00040
-0.00040
-0.00031
-0.00034
-0.00040
-0.00040
-0.00037
-0.00040
-0.00040
-0.00037
-0.00040
-0.00040
-0.00034
-0.00031
-0.00037
-0.00037
-0.00037
-0.00040
-0.00037
-0.00034
-0.00037
-0.00037
-0.00037
-0.00037
-0.00037
-0.00037
-0.00037
-0.00043
-0.00037
-0.00027
-0.00031
-0.00034
-0.00031
-0.00034
-0.00040
-0.00034
-0.00034
-0.00037
-0.00031
-0.00034
-0.00034
-0.00031
-0.00031
-0.00034
-0.00031
-0.00034
-0.00037
-0.00034
-0.00031
-0.00034
-0.00040
-0.00021
-0.00037
-0.00037
-0.00034
-0.00031
-0.00021
-0.00031
-0.00021
-0.00031
-0.00031
-0.00037
-0.00046
-0.00021
-0.00055
-0.00183
-0.01462
-0.01889
-0.01797
-0.01929
-0.01163
-0.00320
0.00238
0.00635
0.01596
0.01636
0.01163
0.00919
0.00034
-0.00217
0.00378
-0.00110
-0.00256
0.00397
0.00513
0.00174
-0.00043
0.00021
-0.00107
0.00153
0.00168
-0.00040
0.00150
0.00116
-0.00082
0.00214
0.00305
-0.00070
-0.00189
-0.00040
-0.00061
-0.00107
-0.00015
0.00073
0.00238
0.00443
0.00439
0.00284
0.00183
0.00031
-0.00073
-0.00003
0.00073
0.00006
-0.00049
-0.00012
-0.00009
0.00021
0.00128
0.00156
0.00116
0.00119
0.00119
0.00116
0.00150
0.00153
0.00079
0.00037
0.00015
-0.00037
-0.00064
-0.00049
-0.00049
-0.00052
-0.00024
0.00031
0.00043
0.00037
0.00043
0.00027
-0.00015
-0.00049
-0.00031
0.00000
0.00000
0.00000
0.00000
0.00000
0.00000
0.00000
0.00000
0.00000
0.00000
0.00000
0.00000
0.00000
0.00000
0.00000
0.00000
0.00000
0.00000
0.00000
0.00000
0.00000
0.00000
0.00000
0.00000
0.00000
0.00000
0.00000
0.00000
0.00000
0.00000
0.00000
0.00000
0.00000
0.00000
0.00000
0.00000
0.00000
0.00000
0.00000
0.00000
0.00000
0.00000
0.00000
0.00000
0.00000
0.00000
0.00000
0.00000
0.00000
0.00000
0.00000
0.00000
0.00000
0.00000
0.00000
0.00000
0.00000
0.00000
0.00000
0.00000
0.00000
0.00000
0.00000
0.00000
0.00000
0.00000
0.00000
0.00000
0.00000
0.00000
0.00000
0.00000
0.00000
0.00000
0.00000
0.00000
0.00000
0.00000
0.00000
0.00000
0.00000
0.00000
0.00000
0.00000
0.00000
0.00000
0.00000
0.00000
0.00000
0.00000
0.00000
0.00000
0.00000
0.00000
0.00000
0.00000
0.00000
0.00000
0.00000
0.00000
0.00000
0.00000
0.00000
0.00000
0.00000
0.00000
0.00000
0.00000
0.00000
0.00000
0.00000
0.00000
0.00000
0.00000
0.00000
0.00000
0.00000
0.00000
0.00000
0.00000
0.00000
0.00000
0.00000
0.00000
0.00000
0.00000
0.00000
0.00000
0.00000
0.00000
0.00000
0.00000
0.00000
0.00000
0.00000
0.00000
0.00000
0.00000
0.00000
0.00000
0.00000
0.00000
0.00000
0.00000
0.00000
0.00000
0.00000
0.00000
0.00000
0.00000
0.00000
0.00000
0.00000
0.00000
0.00000
0.00000
0.00000
0.00000
0.00000
0.00000
0.00000
0.00000
0.00000
0.00000
0.00000
0.00000
0.00000
0.00000
0.00000
0.00000
0.00000
0.00000
0.00000
0.00000
0.00000
0.00000
0.00000
0.00000
0.00000
0.00000
0.00000
0.00000
0.00000
0.00000
0.00000
0.00000
0.00000
0.00000
0.00000
0.00000
0.00000
0.00000
0.00000
0.00000
0.00000
0.00000
0.00000
0.00000
0.00000
0.00000
0.00000
0.00000
0.00000
0.00000
0.00000
0.00000
0.00000
0.00000
0.00000
0.00000
0.00000
0.00000
0.00000
0.00000
0.00000
0.00000
0.00000
0.00000
0.00000
0.00000
0.00000
0.00000
0.00000
0.00000
0.00000
0.00000
0.00000
0.00000
0.00000
0.00000
0.00000
0.00000
0.00000
0.00000
0.00000
0.00000
