-0.00006
0.00000
0.00000
0.00003
0.00009
0.00018
0.00018
0.00018
0.00015
0.00006
0.00009
0.00000
-0.00003
-0.00003
0.00003
0.00003
0.00000
0.00000
0.00000
0.00000
-0.00003
0.00000
0.00006
0.00015
0.00018
0.00015
0.00015
0.00015
0.00006
-0.00003
-0.00003
-0.00009
-0.00015
-0.00003
0.00003
0.00003
0.00003
0.00006
0.00003
-0.00003
-0.00003
-0.00006
-0.00003
-0.00006
0.00000
0.00000
-0.00006
-0.00012
-0.00009
-0.00006
-0.00009
-0.00003
0.00000
0.00000
0.00006
0.00006
-0.00015
0.00003
-0.00003
-0.00006
-0.00009
-0.00003
-0.00006
-0.00015
-0.00006
-0.00009
0.00000
0.00000
0.00000
-0.00003
-0.00006
-0.00003
-0.00009
-0.00015
-0.00009
-0.00012
-0.00018
-0.00003
-0.00006
-0.00012
-0.00006
-0.00009
-0.00018
-0.00027
-0.00015
-0.00015
-0.00015
-0.00006
-0.00012
-0.00015
-0.00015
-0.00021
-0.00021
-0.00006
-0.00003
-0.00018
-0.00018
-0.00015
-0.00024
-0.00024
-0.00021
-0.00009
-0.00015
-0.00018
-0.00012
-0.00012
-0.00015
-0.00018
-0.00015
-0.00018
-0.00012
-0.00012
-0.00015
-0.00018
-0.00018
-0.00024
-0.00024
-0.00018
-0.00018
-0.00024
-0.00021
-0.00018
-0.00018
-0.00021
-0.00015
-0.00012
-0.00006
-0.00012
-0.00021
-0.00031
-0.00031
-0.00027
-0.00027
-0.00021
-0.00018
-0.00024
-0.00031
-0.00027
-0.00034
-0.00037
-0.00021
-0.00018
-0.00015
-0.00015
-0.00015
-0.00015
-0.00015
-0.00018
-0.00027
-0.00021
-0.00034
-0.00040
-0.00037
-0.00034
-0.00031
-0.00031
-0.00018
-0.00018
-0.00018
-0.00015
-0.00018
-0.00021
-0.00031
-0.00034
-0.00027
-0.00027
-0.00027
-0.00031
-0.00031
-0.00027
-0.00040
-0.00037
-0.00040
-0.00003
-0.00040
0.00006
-0.00012
-0.00046
0.00040
-0.00177
0.00241
-0.00482
-0.00549
-0.13055
-0.06223
0.00214
-0.02988
0.00620
0.05457
0.12570
0.05447
0.02441
-0.06302
-0.01044
0.03262
-0.00339
-0.01456
0.00525
0.00919
0.00171
0.00528
-0.01373
-0.00504
0.01050
0.00262
-0.00165
0.02454
0.00177
-0.02084
0.00040
0.00824
0.00000
0.00076
-0.00543
-0.00195
0.00031
0.00104
-0.00354
0.00098
0.00583
0.00241
0.00272
0.00293
0.00479
-0.00049
-0.00162
-0.00146
-0.00064
-0.00430
-0.00043
0.00006
-0.00079
-0.00037
0.00330
-0.00003
0.00122
0.00433
0.00229
0.00037
0.00125
-0.00009
-0.00162
-0.00070
-0.00003
-0.00150
-0.00146
-0.00143
-0.00278
-0.00082
-0.00128
-0.00165
-0.00119
0.00012
0.00055
-0.00140
0.00055
0.00098
0.00049
-0.00003
-0.00031
0.00000
0.00000
0.00000
0.00000
0.00000
0.00000
0.00000
0.00000
0.00000
0.00000
0.00000
0.00000
0.00000
0.00000
0.00000
0.00000
0.00000
0.00000
0.00000
0.00000
0.00000
0.00000
0.00000
0.00000
0.00000
0.00000
0.00000
0.00000
0.00000
0.00000
0.00000
0.00000
0.00000
0.00000
0.00000
0.00000
0.00000
0.00000
0.00000
0.00000
0.00000
0.00000
0.00000
0.00000
0.00000
0.00000
0.00000
0.00000
0.00000
0.00000
0.00000
0.00000
0.00000
0.00000
0.00000
0.00000
0.00000
0.00000
0.00000
0.00000
0.00000
0.00000
0.00000
0.00000
0.00000
0.00000
0.00000
0.00000
0.00000
0.00000
0.00000
0.00000
0.00000
0.00000
0.00000
0.00000
0.00000
0.00000
0.00000
0.00000
0.00000
0.00000
0.00000
0.00000
0.00000
0.00000
0.00000
0.00000
0.00000
0.00000
0.00000
0.00000
0.00000
0.00000
0.00000
0.00000
0.00000
0.00000
0.00000
0.00000
0.00000
0.00000
0.00000
0.00000
0.00000
0.00000
0.00000
0.00000
0.00000
0.00000
0.00000
0.00000
0.00000
0.00000
0.00000
0.00000
0.00000
0.00000
0.00000
0.00000
0.00000
0.00000
0.00000
0.00000
0.00000
0.00000
0.00000
0.00000
0.00000
0.00000
0.00000
0.00000
0.00000
0.00000
0.00000
0.00000
0.00000
0.00000
0.00000
0.00000
0.00000
0.00000
0.00000
0.00000
0.00000
0.00000
0.00000
0.00000
0.00000
0.00000
0.00000
0.00000
0.00000
0.00000
0.00000
0.00000
0.00000
0.00000
0.00000
0.00000
0.00000
0.00000
0.00000
0.00000
0.00000
0.00000
0.00000
0.00000
0.00000
0.00000
0.00000
0.00000
0.00000
0.00000
0.00000
0.00000
0.00000
0.00000
0.00000
0.00000
0.00000
0.00000
0.00000
0.00000
0.00000
0.00000
0.00000
0.00000
0.00000
0.00000
0.00000
0.00000
0.00000
0.00000
0.00000
0.00000
0.00000
0.00000
0.00000
0.00000
0.00000
0.00000
0.00000
0.00000
0.00000
0.00000
0.00000
0.00000
0.00000
0.00000
0.00000
0.00000
0.00000
0.00000
0.00000
0.00000
0.00000
0.00000
0.00000
0.00000
0.00000
0.00000
0.00000
0.00000
0.00000
0.00000
0.00000
0.00000
0.00000
0.00000
0.00000
0.00000
0.00000
0.00000
0.00000
0.00000
0.00000
0.00000
0.00000
0.00000
0.00000
0.00000
0.00000
0.00000
0.00000
0.00000
0.00000
0.00000
0.00000
0.00000
0.00000
0.00000
