0.00006
0.00009
0.00012
0.00006
0.00009
0.00012
0.00006
0.00006
0.00009
0.00012
0.00009
0.00012
0.00015
0.00009
0.00006
0.00009
0.00006
0.00003
0.00006
0.00000
0.00003
0.00012
0.00009
0.00006
0.00009
0.00012
0.00009
0.00006
0.00006
0.00006
0.00006
0.00003
0.00003
0.00009
0.00009
0.00012
0.00009
0.00006
0.00009
0.00006
0.00003
0.00003
0.00006
0.00006
0.00009
0.00012
0.00015
0.00009
0.00006
0.00000
-0.00003
-0.00003
0.00000
0.00006
0.00012
0.00012
0.00009
0.00003
0.00000
0.00000
0.00000
0.00000
0.00000
0.00000
0.00000
0.00000
0.00003
0.00006
0.00012
0.00012
0.00003
0.00006
0.00003
-0.00006
-0.00003
-0.00003
0.00000
0.00000
0.00003
0.00003
0.00003
0.00006
0.00006
0.00003
0.00003
0.00000
0.00000
-0.00003
0.00000
-0.00003
0.00000
0.00000
-0.00003
0.00000
0.00000
-0.00003
0.00000
0.00000
0.00000
0.00003
0.00000
0.00000
0.00000
0.00000
-0.00006
-0.00006
-0.00003
-0.00003
-0.00003
0.00003
0.00000
-0.00003
-0.00003
0.00000
0.00000
0.00000
0.00000
0.00000
0.00000
0.00000
-0.00003
0.00000
0.00000
-0.00003
-0.00003
-0.00003
-0.00009
-0.00009
-0.00003
0.00000
0.00000
0.00000
0.00003
0.00000
-0.00006
-0.00009
-0.00006
-0.00006
-0.00003
0.00000
0.00000
0.00000
0.00000
-0.00003
-0.00009
-0.00009
-0.00003
0.00000
0.00000
0.00000
0.00000
0.00000
-0.00006
-0.00009
-0.00009
-0.00009
-0.00009
-0.00006
0.00000
0.00000
0.00000
0.00003
0.00006
0.00000
0.00000
-0.00003
-0.00009
-0.00015
-0.00009
-0.00003
0.00000
-0.00003
-0.00003
-0.00003
-0.00003
-0.00006
0.00000
0.00000
0.00000
-0.00003
0.00000
-0.00006
-0.00006
-0.00021
-0.00018
0.00000
-0.00015
-0.00015
-0.00006
0.00000
0.00000
-0.00003
0.00021
-0.00024
0.00027
-0.00064
-0.00018
-0.01761
-0.02991
-0.02151
-0.01910
-0.01224
0.00647
0.01932
0.02502
0.02881
0.01779
0.00290
-0.00684
-0.01328
-0.01907
-0.00684
-0.00009
0.00421
0.01089
0.00934
0.00351
0.00259
0.00177
-0.00040
0.00305
0.00418
0.00009
0.00012
0.00150
-0.00076
0.00070
0.00229
0.00024
-0.00049
-0.00049
-0.00143
-0.00070
0.00192
0.00247
0.00098
0.00101
0.00177
0.00195
0.00250
0.00226
0.00082
-0.00095
-0.00070
-0.00040
-0.00009
0.00076
0.00140
0.00098
0.00116
0.00162
0.00143
0.00137
0.00174
0.00098
0.00003
0.00000
0.00024
0.00021
0.00021
0.00021
0.00000
0.00018
0.00024
-0.00046
-0.00079
-0.00034
0.00058
0.00089
0.00043
0.00009
-0.00009
-0.00027
-0.00018
-0.00015
0.00000
0.00000
0.00000
0.00000
0.00000
0.00000
0.00000
0.00000
0.00000
0.00000
0.00000
0.00000
0.00000
0.00000
0.00000
0.00000
0.00000
0.00000
0.00000
0.00000
0.00000
0.00000
0.00000
0.00000
0.00000
0.00000
0.00000
0.00000
0.00000
0.00000
0.00000
0.00000
0.00000
0.00000
0.00000
0.00000
0.00000
0.00000
0.00000
0.00000
0.00000
0.00000
0.00000
0.00000
0.00000
0.00000
0.00000
0.00000
0.00000
0.00000
0.00000
0.00000
0.00000
0.00000
0.00000
0.00000
0.00000
0.00000
0.00000
0.00000
0.00000
0.00000
0.00000
0.00000
0.00000
0.00000
0.00000
0.00000
0.00000
0.00000
0.00000
0.00000
0.00000
0.00000
0.00000
0.00000
0.00000
0.00000
0.00000
0.00000
0.00000
0.00000
0.00000
0.00000
0.00000
0.00000
0.00000
0.00000
0.00000
0.00000
0.00000
0.00000
0.00000
0.00000
0.00000
0.00000
0.00000
0.00000
0.00000
0.00000
0.00000
0.00000
0.00000
0.00000
0.00000
0.00000
0.00000
0.00000
0.00000
0.00000
0.00000
0.00000
0.00000
0.00000
0.00000
0.00000
0.00000
0.00000
0.00000
0.00000
0.00000
0.00000
0.00000
0.00000
0.00000
0.00000
0.00000
0.00000
0.00000
0.00000
0.00000
0.00000
0.00000
0.00000
0.00000
0.00000
0.00000
0.00000
0.00000
0.00000
0.00000
0.00000
0.00000
0.00000
0.00000
0.00000
0.00000
0.00000
0.00000
0.00000
0.00000
0.00000
0.00000
0.00000
0.00000
0.00000
0.00000
0.00000
0.00000
0.00000
0.00000
0.00000
0.00000
0.00000
0.00000
0.00000
0.00000
0.00000
0.00000
0.00000
0.00000
0.00000
0.00000
0.00000
0.00000
0.00000
0.00000
0.00000
0.00000
0.00000
0.00000
0.00000
0.00000
0.00000
0.00000
0.00000
0.00000
0.00000
0.00000
0.00000
0.00000
0.00000
0.00000
0.00000
0.00000
0.00000
0.00000
0.00000
0.00000
0.00000
0.00000
0.00000
0.00000
0.00000
0.00000
0.00000
0.00000
0.00000
0.00000
0.00000
0.00000
0.00000
0.00000
0.00000
0.00000
0.00000
0.00000
0.00000
0.00000
0.00000
0.00000
0.00000
0.00000
0.00000
0.00000
0.00000
0.00000
0.00000
0.00000
0.00000
0.00000
0.00000
0.00000
0.00000
0.00000
0.00000
0.00000
