-0.00009
-0.00012
-0.00009
-0.00003
-0.00012
-0.00012
-0.00006
-0.00012
-0.00018
-0.00015
-0.00015
-0.00018
-0.00015
-0.00009
-0.00009
-0.00006
-0.00006
-0.00006
-0.00012
-0.00012
-0.00012
-0.00024
-0.00018
-0.00015
-0.00018
-0.00015
-0.00012
-0.00009
-0.00009
-0.00009
-0.00012
-0.00015
-0.00015
-0.00012
-0.00012
-0.00012
-0.00012
-0.00012
-0.00012
-0.00015
-0.00015
-0.00018
-0.00015
-0.00012
-0.00012
-0.00015
-0.00015
-0.00015
-0.00018
-0.00018
-0.00012
-0.00012
-0.00015
-0.00009
-0.00009
-0.00015
-0.00018
-0.00015
-0.00009
-0.00009
-0.00009
-0.00018
-0.00006
-0.00015
-0.00015
-0.00012
-0.00018
-0.00015
-0.00018
-0.00012
-0.00018
-0.00018
-0.00009
-0.00006
-0.00009
-0.00012
-0.00006
-0.00009
-0.00018
-0.00012
-0.00012
-0.00018
-0.00015
-0.00015
-0.00015
-0.00012
-0.00012
-0.00012
-0.00012
-0.00012
-0.00015
-0.00012
-0.00006
-0.00012
-0.00015
-0.00012
-0.00012
-0.00015
-0.00012
-0.00006
-0.00009
-0.00015
-0.00015
-0.00012
-0.00018
-0.00018
-0.00006
-0.00009
-0.00009
-0.00012
-0.00012
-0.00009
-0.00012
-0.00015
-0.00012
-0.00009
-0.00018
-0.00018
-0.00012
-0.00015
-0.00018
-0.00018
-0.00012
-0.00012
-0.00015
-0.00012
-0.00006
-0.00006
-0.00015
-0.00012
-0.00009
-0.00018
-0.00018
-0.00015
-0.00015
-0.00015
-0.00015
-0.00012
-0.00012
-0.00009
-0.00015
-0.00015
-0.00009
-0.00012
-0.00018
-0.00015
-0.00021
-0.00024
-0.00021
-0.00015
-0.00015
-0.00012
-0.00006
-0.00012
-0.00015
-0.00015
-0.00012
-0.00012
-0.00012
-0.00009
-0.00012
-0.00015
-0.00015
-0.00015
-0.00015
-0.00018
-0.00015
-0.00015
-0.00015
-0.00012
-0.00015
-0.00009
-0.00012
-0.00015
-0.00009
-0.00009
-0.00003
-0.00012
0.00000
-0.00018
-0.00003
-0.00024
-0.00024
0.00003
-0.00070
0.00082
-0.00183
-0.00720
-0.07477
-0.04871
-0.02600
-0.04074
0.01202
0.03192
0.07684
0.06143
0.02887
-0.01477
-0.00317
0.02707
-0.00528
-0.01859
-0.01590
-0.00821
0.00693
0.00317
-0.00583
0.00583
0.01416
-0.00198
-0.00229
0.01215
0.00259
-0.00659
0.00055
0.00357
0.00101
-0.00018
-0.00595
-0.00034
0.00476
-0.00140
-0.00513
0.00046
0.00592
0.00342
0.00284
0.00378
0.00327
0.00000
-0.00150
-0.00101
-0.00027
-0.00089
-0.00064
-0.00156
-0.00128
-0.00015
0.00150
0.00116
0.00275
0.00381
0.00217
0.00201
0.00143
0.00015
0.00027
0.00037
0.00012
-0.00116
-0.00137
-0.00195
-0.00235
-0.00034
-0.00027
-0.00024
-0.00009
0.00018
0.00125
0.00061
0.00116
0.00058
0.00000
0.00000
0.00000
0.00000
0.00000
0.00000
0.00000
0.00000
0.00000
0.00000
0.00000
0.00000
0.00000
0.00000
0.00000
0.00000
0.00000
0.00000
0.00000
0.00000
0.00000
0.00000
0.00000
0.00000
0.00000
0.00000
0.00000
0.00000
0.00000
0.00000
0.00000
0.00000
0.00000
0.00000
0.00000
0.00000
0.00000
0.00000
0.00000
0.00000
0.00000
0.00000
0.00000
0.00000
0.00000
0.00000
0.00000
0.00000
0.00000
0.00000
0.00000
0.00000
0.00000
0.00000
0.00000
0.00000
0.00000
0.00000
0.00000
0.00000
0.00000
0.00000
0.00000
0.00000
0.00000
0.00000
0.00000
0.00000
0.00000
0.00000
0.00000
0.00000
0.00000
0.00000
0.00000
0.00000
0.00000
0.00000
0.00000
0.00000
0.00000
0.00000
0.00000
0.00000
0.00000
0.00000
0.00000
0.00000
0.00000
0.00000
0.00000
0.00000
0.00000
0.00000
0.00000
0.00000
0.00000
0.00000
0.00000
0.00000
0.00000
0.00000
0.00000
0.00000
0.00000
0.00000
0.00000
0.00000
0.00000
0.00000
0.00000
0.00000
0.00000
0.00000
0.00000
0.00000
0.00000
0.00000
0.00000
0.00000
0.00000
0.00000
0.00000
0.00000
0.00000
0.00000
0.00000
0.00000
0.00000
0.00000
0.00000
0.00000
0.00000
0.00000
0.00000
0.00000
0.00000
0.00000
0.00000
0.00000
0.00000
0.00000
0.00000
0.00000
0.00000
0.00000
0.00000
0.00000
0.00000
0.00000
0.00000
0.00000
0.00000
0.00000
0.00000
0.00000
0.00000
0.00000
0.00000
0.00000
0.00000
0.00000
0.00000
0.00000
0.00000
0.00000
0.00000
0.00000
0.00000
0.00000
0.00000
0.00000
0.00000
0.00000
0.00000
0.00000
0.00000
0.00000
0.00000
0.00000
0.00000
0.00000
0.00000
0.00000
0.00000
0.00000
0.00000
0.00000
0.00000
0.00000
0.00000
0.00000
0.00000
0.00000
0.00000
0.00000
0.00000
0.00000
0.00000
0.00000
0.00000
0.00000
0.00000
0.00000
0.00000
0.00000
0.00000
0.00000
0.00000
0.00000
0.00000
0.00000
0.00000
0.00000
0.00000
0.00000
0.00000
0.00000
0.00000
0.00000
0.00000
0.00000
0.00000
0.00000
0.00000
0.00000
0.00000
0.00000
0.00000
0.00000
0.00000
0.00000
0.00000
0.00000
0.00000
0.00000
0.00000
0.00000
0.00000
0.00000
0.00000
0.00000
0.00000
0.00000
0.00000
0.00000
0.00000
0.00000
0.00000
0.00000
