0.00000
0.00009
0.00015
0.00009
0.00012
0.00009
0.00009
0.00003
0.00000
-0.00006
-0.00003
0.00000
0.00000
0.00000
0.00009
0.00012
0.00003
0.00006
0.00009
0.00003
0.00000
0.00006
0.00006
0.00003
0.00003
0.00000
0.00000
-0.00003
-0.00003
0.00000
0.00000
0.00009
0.00006
0.00009
0.00009
-0.00009
-0.00006
-0.00006
-0.00006
-0.00003
-0.00006
-0.00012
-0.00003
0.00000
-0.00006
-0.00003
0.00000
0.00000
-0.00003
0.00000
0.00000
-0.00003
-0.00009
-0.00015
-0.00012
0.00000
-0.00024
-0.00003
0.00003
-0.00003
0.00000
-0.00009
0.00000
-0.00006
0.00000
-0.00009
-0.00006
0.00000
-0.00003
0.00000
-0.00003
0.00000
-0.00012
-0.00018
-0.00009
-0.00012
-0.00021
-0.00021
-0.00009
-0.00009
-0.00006
0.00003
0.00003
-0.00009
-0.00009
-0.00015
-0.00027
-0.00024
-0.00012
-0.00015
-0.00006
-0.00009
-0.00006
0.00000
-0.00003
-0.00015
-0.00024
-0.00015
-0.00018
-0.00021
-0.00012
0.00000
-0.00006
-0.00009
0.00003
-0.00006
-0.00018
-0.00018
-0.00021
-0.00031
-0.00024
-0.00018
-0.00018
-0.00009
-0.00009
-0.00015
-0.00015
-0.00012
-0.00018
-0.00018
-0.00015
-0.00021
-0.00021
-0.00018
-0.00015
-0.00015
-0.00009
-0.00012
-0.00018
-0.00012
-0.00015
-0.00021
-0.00024
-0.00021
-0.00027
-0.00027
-0.00024
-0.00018
-0.00015
-0.00018
-0.00012
-0.00018
-0.00015
-0.00012
-0.00018
-0.00015
-0.00021
-0.00021
-0.00037
-0.00034
-0.00027
-0.00024
-0.00018
-0.00012
-0.00012
-0.00018
-0.00015
-0.00015
-0.00027
-0.00027
-0.00031
-0.00021
-0.00027
-0.00027
-0.00015
-0.00021
-0.00024
-0.00031
-0.00031
-0.00024
-0.00018
-0.00018
-0.00018
-0.00021
-0.00009
-0.00070
0.00064
-0.00180
0.00220
-0.00412
0.00558
-0.00897
0.00824
-0.11594
-0.09552
0.05112
-0.02481
-0.00195
-0.01450
0.05582
0.07935
0.10165
0.04932
-0.02084
-0.01566
-0.06738
-0.02481
0.02164
0.00772
-0.02118
-0.00690
0.00278
0.01163
0.03812
0.00674
-0.02457
-0.00482
0.00583
0.00558
0.01541
0.00650
-0.01300
-0.00650
-0.00275
-0.00687
-0.00394
0.00357
0.00519
0.00079
0.00494
0.00354
0.00113
0.00037
0.00412
0.00150
-0.00006
-0.00143
-0.00339
-0.00391
0.00180
-0.00034
-0.00418
-0.00244
0.00320
0.00253
0.00143
0.00372
0.00113
0.00015
0.00186
0.00153
0.00089
-0.00076
-0.00223
-0.00415
-0.00259
-0.00027
-0.00241
-0.00217
-0.00150
-0.00101
0.00079
0.00101
0.00140
-0.00174
-0.00089
0.00046
0.00043
0.00101
-0.00046
0.00000
0.00000
0.00000
0.00000
0.00000
0.00000
0.00000
0.00000
0.00000
0.00000
0.00000
0.00000
0.00000
0.00000
0.00000
0.00000
0.00000
0.00000
0.00000
0.00000
0.00000
0.00000
0.00000
0.00000
0.00000
0.00000
0.00000
0.00000
0.00000
0.00000
0.00000
0.00000
0.00000
0.00000
0.00000
0.00000
0.00000
0.00000
0.00000
0.00000
0.00000
0.00000
0.00000
0.00000
0.00000
0.00000
0.00000
0.00000
0.00000
0.00000
0.00000
0.00000
0.00000
0.00000
0.00000
0.00000
0.00000
0.00000
0.00000
0.00000
0.00000
0.00000
0.00000
0.00000
0.00000
0.00000
0.00000
0.00000
0.00000
0.00000
0.00000
0.00000
0.00000
0.00000
0.00000
0.00000
0.00000
0.00000
0.00000
0.00000
0.00000
0.00000
0.00000
0.00000
0.00000
0.00000
0.00000
0.00000
0.00000
0.00000
0.00000
0.00000
0.00000
0.00000
0.00000
0.00000
0.00000
0.00000
0.00000
0.00000
0.00000
0.00000
0.00000
0.00000
0.00000
0.00000
0.00000
0.00000
0.00000
0.00000
0.00000
0.00000
0.00000
0.00000
0.00000
0.00000
0.00000
0.00000
0.00000
0.00000
0.00000
0.00000
0.00000
0.00000
0.00000
0.00000
0.00000
0.00000
0.00000
0.00000
0.00000
0.00000
0.00000
0.00000
0.00000
0.00000
0.00000
0.00000
0.00000
0.00000
0.00000
0.00000
0.00000
0.00000
0.00000
0.00000
0.00000
0.00000
0.00000
0.00000
0.00000
0.00000
0.00000
0.00000
0.00000
0.00000
0.00000
0.00000
0.00000
0.00000
0.00000
0.00000
0.00000
0.00000
0.00000
0.00000
0.00000
0.00000
0.00000
0.00000
0.00000
0.00000
0.00000
0.00000
0.00000
0.00000
0.00000
0.00000
0.00000
0.00000
0.00000
0.00000
0.00000
0.00000
0.00000
0.00000
0.00000
0.00000
0.00000
0.00000
0.00000
0.00000
0.00000
0.00000
0.00000
0.00000
0.00000
0.00000
0.00000
0.00000
0.00000
0.00000
0.00000
0.00000
0.00000
0.00000
0.00000
0.00000
0.00000
0.00000
0.00000
0.00000
0.00000
0.00000
0.00000
0.00000
0.00000
0.00000
0.00000
0.00000
0.00000
0.00000
0.00000
0.00000
0.00000
0.00000
0.00000
0.00000
0.00000
0.00000
0.00000
0.00000
0.00000
0.00000
0.00000
0.00000
0.00000
0.00000
0.00000
0.00000
0.00000
0.00000
0.00000
0.00000
0.00000
0.00000
0.00000
0.00000
0.00000
0.00000
0.00000
0.00000
