-0.00031
-0.00031
-0.00031
-0.00031
-0.00034
-0.00037
-0.00034
-0.00040
-0.00046
-0.00046
-0.00043
-0.00043
-0.00037
-0.00031
-0.00031
-0.00031
-0.00037
-0.00043
-0.00043
-0.00040
-0.00043
-0.00046
-0.00040
-0.00046
-0.00043
-0.00037
-0.00037
-0.00034
-0.00034
-0.00031
-0.00031
-0.00031
-0.00034
-0.00034
-0.00034
-0.00052
-0.00043
-0.00037
-0.00037
-0.00040
-0.00037
-0.00037
-0.00037
-0.00037
-0.00043
-0.00043
-0.00043
-0.00046
-0.00043
-0.00037
-0.00034
-0.00037
-0.00037
-0.00031
-0.00027
-0.00034
-0.00037
-0.00037
-0.00043
-0.00037
-0.00043
-0.00037
-0.00027
-0.00043
-0.00037
-0.00040
-0.00040
-0.00040
-0.00043
-0.00034
-0.00034
-0.00034
-0.00024
-0.00027
-0.00031
-0.00034
-0.00037
-0.00040
-0.00037
-0.00037
-0.00034
-0.00031
-0.00031
-0.00034
-0.00034
-0.00037
-0.00034
-0.00037
-0.00037
-0.00034
-0.00037
-0.00037
-0.00034
-0.00031
-0.00031
-0.00031
-0.00031
-0.00027
-0.00031
-0.00027
-0.00027
-0.00027
-0.00024
-0.00031
-0.00031
-0.00031
-0.00034
-0.00037
-0.00034
-0.00034
-0.00037
-0.00037
-0.00034
-0.00027
-0.00024
-0.00027
-0.00024
-0.00027
-0.00031
-0.00031
-0.00034
-0.00034
-0.00031
-0.00027
-0.00027
-0.00024
-0.00024
-0.00024
-0.00027
-0.00024
-0.00024
-0.00024
-0.00024
-0.00021
-0.00021
-0.00024
-0.00027
-0.00031
-0.00027
-0.00027
-0.00027
-0.00024
-0.00018
-0.00021
-0.00015
-0.00015
-0.00018
-0.00021
-0.00027
-0.00024
-0.00031
-0.00034
-0.00031
-0.00031
-0.00024
-0.00024
-0.00018
-0.00018
-0.00021
-0.00024
-0.00027
-0.00024
-0.00024
-0.00024
-0.00024
-0.00018
-0.00018
-0.00024
-0.00015
-0.00018
-0.00024
-0.00024
-0.00021
-0.00021
-0.00021
-0.00021
-0.00009
-0.00031
-0.00009
-0.00061
0.00024
-0.00110
0.00082
-0.00180
0.00183
-0.00302
0.00284
-0.03497
-0.07401
-0.00586
-0.03262
-0.00677
0.00140
0.01254
0.04898
0.03296
0.04471
0.04950
0.00864
-0.01364
-0.02249
-0.00922
-0.00601
-0.01758
-0.01099
-0.00366
0.00800
0.00668
0.00937
0.01205
0.00482
-0.00159
0.00439
0.00113
0.00146
-0.00204
-0.00592
-0.00369
0.00214
-0.00162
-0.00397
0.00333
0.00177
-0.00092
0.00412
0.00366
0.00146
0.00381
0.00101
0.00034
0.00101
0.00064
-0.00327
-0.00177
-0.00024
-0.00125
-0.00223
-0.00076
0.00064
0.00204
0.00333
0.00256
0.00159
0.00241
0.00250
0.00101
-0.00092
-0.00134
-0.00082
-0.00171
-0.00082
-0.00055
-0.00070
-0.00143
-0.00131
0.00049
0.00131
0.00134
0.00000
-0.00034
0.00140
0.00027
-0.00064
-0.00018
0.00000
0.00000
0.00000
0.00000
0.00000
0.00000
0.00000
0.00000
0.00000
0.00000
0.00000
0.00000
0.00000
0.00000
0.00000
0.00000
0.00000
0.00000
0.00000
0.00000
0.00000
0.00000
0.00000
0.00000
0.00000
0.00000
0.00000
0.00000
0.00000
0.00000
0.00000
0.00000
0.00000
0.00000
0.00000
0.00000
0.00000
0.00000
0.00000
0.00000
0.00000
0.00000
0.00000
0.00000
0.00000
0.00000
0.00000
0.00000
0.00000
0.00000
0.00000
0.00000
0.00000
0.00000
0.00000
0.00000
0.00000
0.00000
0.00000
0.00000
0.00000
0.00000
0.00000
0.00000
0.00000
0.00000
0.00000
0.00000
0.00000
0.00000
0.00000
0.00000
0.00000
0.00000
0.00000
0.00000
0.00000
0.00000
0.00000
0.00000
0.00000
0.00000
0.00000
0.00000
0.00000
0.00000
0.00000
0.00000
0.00000
0.00000
0.00000
0.00000
0.00000
0.00000
0.00000
0.00000
0.00000
0.00000
0.00000
0.00000
0.00000
0.00000
0.00000
0.00000
0.00000
0.00000
0.00000
0.00000
0.00000
0.00000
0.00000
0.00000
0.00000
0.00000
0.00000
0.00000
0.00000
0.00000
0.00000
0.00000
0.00000
0.00000
0.00000
0.00000
0.00000
0.00000
0.00000
0.00000
0.00000
0.00000
0.00000
0.00000
0.00000
0.00000
0.00000
0.00000
0.00000
0.00000
0.00000
0.00000
0.00000
0.00000
0.00000
0.00000
0.00000
0.00000
0.00000
0.00000
0.00000
0.00000
0.00000
0.00000
0.00000
0.00000
0.00000
0.00000
0.00000
0.00000
0.00000
0.00000
0.00000
0.00000
0.00000
0.00000
0.00000
0.00000
0.00000
0.00000
0.00000
0.00000
0.00000
0.00000
0.00000
0.00000
0.00000
0.00000
0.00000
0.00000
0.00000
0.00000
0.00000
0.00000
0.00000
0.00000
0.00000
0.00000
0.00000
0.00000
0.00000
0.00000
0.00000
0.00000
0.00000
0.00000
0.00000
0.00000
0.00000
0.00000
0.00000
0.00000
0.00000
0.00000
0.00000
0.00000
0.00000
0.00000
0.00000
0.00000
0.00000
0.00000
0.00000
0.00000
0.00000
0.00000
0.00000
0.00000
0.00000
0.00000
0.00000
0.00000
0.00000
0.00000
0.00000
0.00000
0.00000
0.00000
0.00000
0.00000
0.00000
0.00000
0.00000
0.00000
0.00000
0.00000
0.00000
0.00000
0.00000
0.00000
0.00000
0.00000
0.00000
0.00000
0.00000
0.00000
0.00000
0.00000
0.00000
0.00000
