-0.00018
-0.00018
-0.00021
-0.00024
-0.00021
-0.00015
-0.00018
-0.00021
-0.00018
-0.00021
-0.00015
-0.00009
-0.00006
-0.00009
-0.00009
-0.00009
-0.00018
-0.00024
-0.00021
-0.00021
-0.00027
-0.00024
-0.00021
-0.00021
-0.00018
-0.00018
-0.00018
-0.00015
-0.00021
-0.00024
-0.00021
-0.00024
-0.00027
-0.00024
-0.00015
-0.00027
-0.00021
-0.00015
-0.00018
-0.00021
-0.00021
-0.00024
-0.00024
-0.00021
-0.00024
-0.00021
-0.00021
-0.00027
-0.00027
-0.00031
-0.00027
-0.00024
-0.00027
-0.00021
-0.00024
-0.00024
-0.00024
-0.00027
-0.00024
-0.00027
-0.00027
-0.00024
-0.00027
-0.00021
-0.00018
-0.00024
-0.00021
-0.00024
-0.00031
-0.00031
-0.00034
-0.00027
-0.00024
-0.00031
-0.00027
-0.00027
-0.00027
-0.00031
-0.00034
-0.00031
-0.00031
-0.00031
-0.00031
-0.00021
-0.00021
-0.00027
-0.00024
-0.00024
-0.00027
-0.00031
-0.00024
-0.00024
-0.00027
-0.00027
-0.00027
-0.00034
-0.00034
-0.00034
-0.00037
-0.00031
-0.00027
-0.00024
-0.00024
-0.00027
-0.00031
-0.00037
-0.00034
-0.00034
-0.00037
-0.00031
-0.00027
-0.00031
-0.00031
-0.00027
-0.00034
-0.00034
-0.00034
-0.00031
-0.00034
-0.00031
-0.00027
-0.00027
-0.00027
-0.00027
-0.00031
-0.00037
-0.00040
-0.00040
-0.00037
-0.00034
-0.00034
-0.00027
-0.00024
-0.00027
-0.00027
-0.00027
-0.00031
-0.00034
-0.00034
-0.00034
-0.00034
-0.00034
-0.00034
-0.00027
-0.00031
-0.00034
-0.00031
-0.00034
-0.00040
-0.00037
-0.00037
-0.00034
-0.00031
-0.00027
-0.00024
-0.00024
-0.00034
-0.00043
-0.00043
-0.00043
-0.00043
-0.00034
-0.00024
-0.00024
-0.00027
-0.00024
-0.00027
-0.00037
-0.00034
-0.00040
-0.00040
-0.00040
-0.00040
-0.00037
-0.00034
-0.00034
-0.00034
-0.00034
-0.00037
-0.00037
-0.00031
-0.00034
-0.00034
-0.00037
-0.00031
-0.00021
-0.00055
0.00009
-0.00101
0.00064
-0.00217
-0.00232
-0.05167
-0.04605
-0.00314
-0.01468
0.00482
0.00256
0.01385
0.03464
0.02835
0.03824
0.02130
-0.00574
-0.01395
-0.02316
-0.00085
-0.00305
-0.00601
-0.00177
-0.00159
0.00354
0.01086
0.00995
0.00186
-0.00186
-0.00064
0.00232
0.00052
0.00000
-0.00339
-0.00302
0.00201
0.00043
-0.00177
-0.00034
0.00070
-0.00037
0.00201
0.00510
0.00192
0.00098
0.00143
0.00018
0.00049
-0.00003
-0.00208
-0.00308
-0.00064
0.00015
-0.00052
-0.00012
0.00165
0.00171
0.00211
0.00305
0.00241
0.00146
0.00156
0.00049
-0.00095
-0.00146
-0.00061
-0.00101
-0.00107
0.00009
0.00006
-0.00034
-0.00076
-0.00089
-0.00024
0.00003
0.00055
0.00031
0.00067
0.00055
-0.00092
-0.00064
-0.00055
-0.00134
-0.00165
-0.00128
-0.00009
0.00000
0.00000
0.00000
0.00000
0.00000
0.00000
0.00000
0.00000
0.00000
0.00000
0.00000
0.00000
0.00000
0.00000
0.00000
0.00000
0.00000
0.00000
0.00000
0.00000
0.00000
0.00000
0.00000
0.00000
0.00000
0.00000
0.00000
0.00000
0.00000
0.00000
0.00000
0.00000
0.00000
0.00000
0.00000
0.00000
0.00000
0.00000
0.00000
0.00000
0.00000
0.00000
0.00000
0.00000
0.00000
0.00000
0.00000
0.00000
0.00000
0.00000
0.00000
0.00000
0.00000
0.00000
0.00000
0.00000
0.00000
0.00000
0.00000
0.00000
0.00000
0.00000
0.00000
0.00000
0.00000
0.00000
0.00000
0.00000
0.00000
0.00000
0.00000
0.00000
0.00000
0.00000
0.00000
0.00000
0.00000
0.00000
0.00000
0.00000
0.00000
0.00000
0.00000
0.00000
0.00000
0.00000
0.00000
0.00000
0.00000
0.00000
0.00000
0.00000
0.00000
0.00000
0.00000
0.00000
0.00000
0.00000
0.00000
0.00000
0.00000
0.00000
0.00000
0.00000
0.00000
0.00000
0.00000
0.00000
0.00000
0.00000
0.00000
0.00000
0.00000
0.00000
0.00000
0.00000
0.00000
0.00000
0.00000
0.00000
0.00000
0.00000
0.00000
0.00000
0.00000
0.00000
0.00000
0.00000
0.00000
0.00000
0.00000
0.00000
0.00000
0.00000
0.00000
0.00000
0.00000
0.00000
0.00000
0.00000
0.00000
0.00000
0.00000
0.00000
0.00000
0.00000
0.00000
0.00000
0.00000
0.00000
0.00000
0.00000
0.00000
0.00000
0.00000
0.00000
0.00000
0.00000
0.00000
0.00000
0.00000
0.00000
0.00000
0.00000
0.00000
0.00000
0.00000
0.00000
0.00000
0.00000
0.00000
0.00000
0.00000
0.00000
0.00000
0.00000
0.00000
0.00000
0.00000
0.00000
0.00000
0.00000
0.00000
0.00000
0.00000
0.00000
0.00000
0.00000
0.00000
0.00000
0.00000
0.00000
0.00000
0.00000
0.00000
0.00000
0.00000
0.00000
0.00000
0.00000
0.00000
0.00000
0.00000
0.00000
0.00000
0.00000
0.00000
0.00000
0.00000
0.00000
0.00000
0.00000
0.00000
0.00000
0.00000
0.00000
0.00000
0.00000
0.00000
0.00000
0.00000
0.00000
0.00000
0.00000
0.00000
0.00000
0.00000
0.00000
0.00000
0.00000
0.00000
0.00000
0.00000
0.00000
0.00000
0.00000
0.00000
0.00000
0.00000
