-0.00012
-0.00012
-0.00012
-0.00018
-0.00018
-0.00012
-0.00012
-0.00006
0.00000
0.00000
0.00000
0.00003
-0.00003
-0.00009
-0.00015
-0.00015
-0.00021
-0.00018
-0.00015
-0.00015
-0.00012
-0.00015
-0.00009
-0.00012
-0.00006
-0.00006
-0.00009
-0.00003
-0.00006
-0.00006
-0.00012
-0.00009
-0.00021
-0.00021
-0.00009
-0.00027
-0.00012
-0.00006
-0.00009
-0.00012
-0.00009
-0.00009
-0.00012
-0.00003
-0.00006
-0.00009
-0.00003
-0.00006
-0.00015
-0.00021
-0.00024
-0.00027
-0.00024
-0.00024
-0.00015
-0.00012
-0.00003
0.00000
-0.00003
-0.00006
-0.00009
-0.00037
-0.00012
-0.00027
-0.00024
-0.00027
-0.00031
-0.00003
-0.00015
-0.00012
-0.00009
-0.00009
-0.00018
-0.00015
-0.00012
-0.00021
-0.00018
-0.00015
-0.00018
-0.00012
-0.00009
-0.00021
-0.00024
-0.00024
-0.00024
-0.00024
-0.00024
-0.00018
-0.00024
-0.00015
-0.00018
-0.00015
-0.00015
-0.00018
-0.00021
-0.00024
-0.00031
-0.00021
-0.00027
-0.00031
-0.00031
-0.00037
-0.00031
-0.00024
-0.00021
-0.00021
-0.00012
-0.00012
-0.00021
-0.00018
-0.00021
-0.00024
-0.00031
-0.00034
-0.00037
-0.00034
-0.00031
-0.00024
-0.00018
-0.00018
-0.00018
-0.00024
-0.00024
-0.00024
-0.00031
-0.00031
-0.00024
-0.00021
-0.00031
-0.00024
-0.00027
-0.00024
-0.00034
-0.00037
-0.00031
-0.00037
-0.00037
-0.00034
-0.00024
-0.00018
-0.00021
-0.00024
-0.00021
-0.00021
-0.00037
-0.00034
-0.00043
-0.00034
-0.00037
-0.00031
-0.00021
-0.00024
-0.00024
-0.00031
-0.00024
-0.00034
-0.00037
-0.00031
-0.00031
-0.00031
-0.00031
-0.00031
-0.00034
-0.00040
-0.00034
-0.00034
-0.00027
-0.00031
-0.00034
-0.00027
-0.00031
-0.00027
-0.00037
-0.00040
-0.00037
-0.00043
-0.00037
-0.00040
-0.00034
-0.00034
-0.00058
0.00040
-0.00165
0.00217
-0.00458
0.00626
-0.01062
0.00778
-0.13202
-0.05920
0.00677
-0.02539
0.04388
-0.02448
0.12595
0.13095
0.06763
-0.03046
-0.03619
-0.03256
-0.06961
-0.02527
0.00247
-0.01489
0.01749
0.00433
0.00742
0.05618
0.02286
-0.03598
-0.01694
0.00476
0.00189
0.00931
0.00104
-0.00552
0.00452
0.00119
-0.01981
0.00119
0.00540
-0.00797
0.00491
0.01038
0.00165
0.00381
0.00696
-0.00089
0.00327
0.00385
-0.00394
-0.00775
-0.00174
-0.00488
-0.00162
-0.00031
0.00055
0.00006
0.00595
0.00314
0.00204
0.00125
0.00211
0.00070
-0.00220
-0.00092
0.00195
-0.00278
-0.00232
-0.00122
0.00076
-0.00085
-0.00314
-0.00049
-0.00012
0.00186
0.00131
-0.00104
0.00211
-0.00140
-0.00143
-0.00046
0.00000
0.00000
0.00000
0.00000
0.00000
0.00000
0.00000
0.00000
0.00000
0.00000
0.00000
0.00000
0.00000
0.00000
0.00000
0.00000
0.00000
0.00000
0.00000
0.00000
0.00000
0.00000
0.00000
0.00000
0.00000
0.00000
0.00000
0.00000
0.00000
0.00000
0.00000
0.00000
0.00000
0.00000
0.00000
0.00000
0.00000
0.00000
0.00000
0.00000
0.00000
0.00000
0.00000
0.00000
0.00000
0.00000
0.00000
0.00000
0.00000
0.00000
0.00000
0.00000
0.00000
0.00000
0.00000
0.00000
0.00000
0.00000
0.00000
0.00000
0.00000
0.00000
0.00000
0.00000
0.00000
0.00000
0.00000
0.00000
0.00000
0.00000
0.00000
0.00000
0.00000
0.00000
0.00000
0.00000
0.00000
0.00000
0.00000
0.00000
0.00000
0.00000
0.00000
0.00000
0.00000
0.00000
0.00000
0.00000
0.00000
0.00000
0.00000
0.00000
0.00000
0.00000
0.00000
0.00000
0.00000
0.00000
0.00000
0.00000
0.00000
0.00000
0.00000
0.00000
0.00000
0.00000
0.00000
0.00000
0.00000
0.00000
0.00000
0.00000
0.00000
0.00000
0.00000
0.00000
0.00000
0.00000
0.00000
0.00000
0.00000
0.00000
0.00000
0.00000
0.00000
0.00000
0.00000
0.00000
0.00000
0.00000
0.00000
0.00000
0.00000
0.00000
0.00000
0.00000
0.00000
0.00000
0.00000
0.00000
0.00000
0.00000
0.00000
0.00000
0.00000
0.00000
0.00000
0.00000
0.00000
0.00000
0.00000
0.00000
0.00000
0.00000
0.00000
0.00000
0.00000
0.00000
0.00000
0.00000
0.00000
0.00000
0.00000
0.00000
0.00000
0.00000
0.00000
0.00000
0.00000
0.00000
0.00000
0.00000
0.00000
0.00000
0.00000
0.00000
0.00000
0.00000
0.00000
0.00000
0.00000
0.00000
0.00000
0.00000
0.00000
0.00000
0.00000
0.00000
0.00000
0.00000
0.00000
0.00000
0.00000
0.00000
0.00000
0.00000
0.00000
0.00000
0.00000
0.00000
0.00000
0.00000
0.00000
0.00000
0.00000
0.00000
0.00000
0.00000
0.00000
0.00000
0.00000
0.00000
0.00000
0.00000
0.00000
0.00000
0.00000
0.00000
0.00000
0.00000
0.00000
0.00000
0.00000
0.00000
0.00000
0.00000
0.00000
0.00000
0.00000
0.00000
0.00000
0.00000
0.00000
0.00000
0.00000
0.00000
0.00000
0.00000
0.00000
0.00000
0.00000
0.00000
0.00000
0.00000
0.00000
0.00000
0.00000
0.00000
0.00000
0.00000
