-0.00015
-0.00012
-0.00015
-0.00018
-0.00021
-0.00021
-0.00018
-0.00015
-0.00012
-0.00009
-0.00009
-0.00006
-0.00015
-0.00021
-0.00024
-0.00031
-0.00024
-0.00015
-0.00015
-0.00012
-0.00009
-0.00009
-0.00012
-0.00015
-0.00021
-0.00015
-0.00018
-0.00015
-0.00012
-0.00009
-0.00012
-0.00009
-0.00012
-0.00015
-0.00006
-0.00024
-0.00015
-0.00015
-0.00018
-0.00018
-0.00018
-0.00012
-0.00015
-0.00015
-0.00015
-0.00012
-0.00012
-0.00012
-0.00012
-0.00015
-0.00015
-0.00012
-0.00006
-0.00006
-0.00006
-0.00003
-0.00006
-0.00009
-0.00012
-0.00018
-0.00018
-0.00015
-0.00018
-0.00012
-0.00015
-0.00009
-0.00012
-0.00015
-0.00006
-0.00015
-0.00006
-0.00015
-0.00015
-0.00009
-0.00009
-0.00012
-0.00015
-0.00009
-0.00009
-0.00009
-0.00009
-0.00012
-0.00015
-0.00021
-0.00018
-0.00018
-0.00018
-0.00015
-0.00009
-0.00009
-0.00006
-0.00009
-0.00009
-0.00006
-0.00006
-0.00006
-0.00012
-0.00009
-0.00009
-0.00009
-0.00006
-0.00012
-0.00018
-0.00018
-0.00021
-0.00018
-0.00015
-0.00015
-0.00012
-0.00009
-0.00012
-0.00015
-0.00012
-0.00018
-0.00015
-0.00015
-0.00009
-0.00009
-0.00012
-0.00009
-0.00006
-0.00003
-0.00003
-0.00006
-0.00006
-0.00009
-0.00012
-0.00015
-0.00018
-0.00018
-0.00018
-0.00021
-0.00015
-0.00012
-0.00012
-0.00009
-0.00012
-0.00009
-0.00012
-0.00012
-0.00009
-0.00012
-0.00009
-0.00009
-0.00009
-0.00009
-0.00012
-0.00012
-0.00009
-0.00012
-0.00012
-0.00015
-0.00015
-0.00015
-0.00018
-0.00012
-0.00015
-0.00015
-0.00012
-0.00009
-0.00006
-0.00009
-0.00006
-0.00009
-0.00015
-0.00015
-0.00021
-0.00018
-0.00012
-0.00009
-0.00012
-0.00009
-0.00006
-0.00015
-0.00015
-0.00018
-0.00021
-0.00018
-0.00018
-0.00015
-0.00006
-0.00006
0.00000
-0.00015
0.00009
-0.00037
0.00015
-0.00089
0.00037
-0.00107
0.00052
-0.00089
0.00070
-0.01657
-0.07336
-0.01212
-0.02347
0.00092
0.00824
-0.00781
0.06506
0.08057
0.03748
-0.01465
-0.00531
-0.02426
-0.04022
-0.01675
-0.00705
-0.00241
0.01627
-0.00381
0.00525
0.03793
0.00970
-0.01990
-0.00455
-0.00336
-0.00443
0.00519
0.00372
0.00073
0.01007
0.00034
-0.01086
0.00528
0.00345
-0.00543
0.00143
0.00461
-0.00064
0.00348
0.00430
0.00009
0.00162
0.00211
-0.00226
-0.00302
-0.00159
-0.00262
-0.00189
0.00049
0.00241
0.00281
0.00327
0.00201
0.00256
0.00192
0.00174
0.00034
-0.00146
0.00052
0.00116
-0.00189
-0.00143
0.00058
0.00085
-0.00143
-0.00171
0.00015
0.00046
0.00128
0.00006
0.00018
0.00116
-0.00031
-0.00082
-0.00015
0.00095
0.00009
-0.00137
-0.00009
0.00012
0.00000
0.00000
0.00000
0.00000
0.00000
0.00000
0.00000
0.00000
0.00000
0.00000
0.00000
0.00000
0.00000
0.00000
0.00000
0.00000
0.00000
0.00000
0.00000
0.00000
0.00000
0.00000
0.00000
0.00000
0.00000
0.00000
0.00000
0.00000
0.00000
0.00000
0.00000
0.00000
0.00000
0.00000
0.00000
0.00000
0.00000
0.00000
0.00000
0.00000
0.00000
0.00000
0.00000
0.00000
0.00000
0.00000
0.00000
0.00000
0.00000
0.00000
0.00000
0.00000
0.00000
0.00000
0.00000
0.00000
0.00000
0.00000
0.00000
0.00000
0.00000
0.00000
0.00000
0.00000
0.00000
0.00000
0.00000
0.00000
0.00000
0.00000
0.00000
0.00000
0.00000
0.00000
0.00000
0.00000
0.00000
0.00000
0.00000
0.00000
0.00000
0.00000
0.00000
0.00000
0.00000
0.00000
0.00000
0.00000
0.00000
0.00000
0.00000
0.00000
0.00000
0.00000
0.00000
0.00000
0.00000
0.00000
0.00000
0.00000
0.00000
0.00000
0.00000
0.00000
0.00000
0.00000
0.00000
0.00000
0.00000
0.00000
0.00000
0.00000
0.00000
0.00000
0.00000
0.00000
0.00000
0.00000
0.00000
0.00000
0.00000
0.00000
0.00000
0.00000
0.00000
0.00000
0.00000
0.00000
0.00000
0.00000
0.00000
0.00000
0.00000
0.00000
0.00000
0.00000
0.00000
0.00000
0.00000
0.00000
0.00000
0.00000
0.00000
0.00000
0.00000
0.00000
0.00000
0.00000
0.00000
0.00000
0.00000
0.00000
0.00000
0.00000
0.00000
0.00000
0.00000
0.00000
0.00000
0.00000
0.00000
0.00000
0.00000
0.00000
0.00000
0.00000
0.00000
0.00000
0.00000
0.00000
0.00000
0.00000
0.00000
0.00000
0.00000
0.00000
0.00000
0.00000
0.00000
0.00000
0.00000
0.00000
0.00000
0.00000
0.00000
0.00000
0.00000
0.00000
0.00000
0.00000
0.00000
0.00000
0.00000
0.00000
0.00000
0.00000
0.00000
0.00000
0.00000
0.00000
0.00000
0.00000
0.00000
0.00000
0.00000
0.00000
0.00000
0.00000
0.00000
0.00000
0.00000
0.00000
0.00000
0.00000
0.00000
0.00000
0.00000
0.00000
0.00000
0.00000
0.00000
0.00000
0.00000
0.00000
0.00000
0.00000
0.00000
0.00000
0.00000
0.00000
0.00000
0.00000
0.00000
0.00000
0.00000
0.00000
0.00000
0.00000
0.00000
