0.00000
0.00000
0.00000
-0.00006
-0.00009
-0.00006
-0.00006
-0.00003
0.00000
0.00000
0.00006
0.00009
0.00012
0.00006
0.00000
0.00000
-0.00006
-0.00006
-0.00006
-0.00006
-0.00003
0.00003
0.00003
0.00003
0.00006
0.00003
0.00003
0.00003
0.00006
0.00009
0.00006
0.00006
0.00000
0.00003
0.00006
-0.00012
0.00000
0.00000
0.00000
0.00000
0.00000
0.00006
0.00003
0.00006
0.00006
0.00006
0.00006
0.00000
0.00000
0.00000
-0.00003
0.00000
0.00000
0.00000
0.00006
0.00015
-0.00009
0.00015
0.00021
0.00000
0.00000
-0.00006
0.00006
0.00000
0.00000
0.00006
0.00000
0.00000
0.00000
0.00012
0.00012
0.00012
0.00009
0.00003
0.00009
0.00006
0.00000
0.00003
0.00000
0.00000
0.00003
0.00009
0.00012
0.00003
0.00006
0.00003
0.00000
0.00003
0.00000
0.00000
0.00000
0.00000
0.00000
0.00006
0.00012
0.00006
0.00006
0.00012
0.00009
0.00003
0.00006
0.00009
0.00000
0.00000
0.00009
0.00003
0.00000
0.00000
0.00003
0.00000
0.00003
0.00009
0.00009
0.00012
0.00012
0.00012
0.00009
0.00003
0.00000
0.00000
0.00000
0.00000
0.00000
0.00003
0.00012
0.00009
0.00003
0.00003
0.00000
0.00003
0.00000
0.00003
0.00006
0.00003
0.00009
0.00006
0.00006
0.00006
0.00006
0.00000
0.00006
0.00003
0.00009
0.00009
0.00003
0.00009
0.00003
0.00000
0.00000
0.00000
0.00003
0.00006
0.00009
0.00009
0.00012
0.00009
0.00012
0.00009
0.00000
0.00003
-0.00003
-0.00003
0.00000
0.00000
0.00012
0.00009
0.00015
0.00012
0.00009
0.00012
0.00006
0.00003
0.00003
-0.00006
0.00015
-0.00043
0.00085
-0.00140
0.00247
-0.00369
0.00562
-0.00824
0.00833
-0.10785
-0.09000
0.04819
-0.02667
-0.00058
-0.02112
0.04590
0.08173
0.08224
0.05966
-0.01297
-0.01367
-0.04965
-0.02756
0.02353
0.00528
-0.02191
-0.01401
0.00140
0.01349
0.03528
0.01004
-0.01794
-0.00885
0.00754
0.00681
0.01068
0.00815
-0.01276
-0.00848
-0.00104
-0.00186
-0.00317
0.00409
0.00595
-0.00171
0.00372
0.00388
0.00043
0.00034
0.00412
0.00180
0.00140
0.00125
-0.00275
-0.00388
0.00162
-0.00049
-0.00452
-0.00232
0.00327
0.00214
0.00208
0.00418
0.00201
0.00061
0.00214
0.00171
0.00107
-0.00070
-0.00192
-0.00333
-0.00208
0.00000
-0.00232
-0.00211
-0.00089
-0.00076
0.00140
0.00116
0.00134
-0.00128
-0.00052
0.00113
0.00027
0.00134
0.00018
0.00000
0.00000
0.00000
0.00000
0.00000
0.00000
0.00000
0.00000
0.00000
0.00000
0.00000
0.00000
0.00000
0.00000
0.00000
0.00000
0.00000
0.00000
0.00000
0.00000
0.00000
0.00000
0.00000
0.00000
0.00000
0.00000
0.00000
0.00000
0.00000
0.00000
0.00000
0.00000
0.00000
0.00000
0.00000
0.00000
0.00000
0.00000
0.00000
0.00000
0.00000
0.00000
0.00000
0.00000
0.00000
0.00000
0.00000
0.00000
0.00000
0.00000
0.00000
0.00000
0.00000
0.00000
0.00000
0.00000
0.00000
0.00000
0.00000
0.00000
0.00000
0.00000
0.00000
0.00000
0.00000
0.00000
0.00000
0.00000
0.00000
0.00000
0.00000
0.00000
0.00000
0.00000
0.00000
0.00000
0.00000
0.00000
0.00000
0.00000
0.00000
0.00000
0.00000
0.00000
0.00000
0.00000
0.00000
0.00000
0.00000
0.00000
0.00000
0.00000
0.00000
0.00000
0.00000
0.00000
0.00000
0.00000
0.00000
0.00000
0.00000
0.00000
0.00000
0.00000
0.00000
0.00000
0.00000
0.00000
0.00000
0.00000
0.00000
0.00000
0.00000
0.00000
0.00000
0.00000
0.00000
0.00000
0.00000
0.00000
0.00000
0.00000
0.00000
0.00000
0.00000
0.00000
0.00000
0.00000
0.00000
0.00000
0.00000
0.00000
0.00000
0.00000
0.00000
0.00000
0.00000
0.00000
0.00000
0.00000
0.00000
0.00000
0.00000
0.00000
0.00000
0.00000
0.00000
0.00000
0.00000
0.00000
0.00000
0.00000
0.00000
0.00000
0.00000
0.00000
0.00000
0.00000
0.00000
0.00000
0.00000
0.00000
0.00000
0.00000
0.00000
0.00000
0.00000
0.00000
0.00000
0.00000
0.00000
0.00000
0.00000
0.00000
0.00000
0.00000
0.00000
0.00000
0.00000
0.00000
0.00000
0.00000
0.00000
0.00000
0.00000
0.00000
0.00000
0.00000
0.00000
0.00000
0.00000
0.00000
0.00000
0.00000
0.00000
0.00000
0.00000
0.00000
0.00000
0.00000
0.00000
0.00000
0.00000
0.00000
0.00000
0.00000
0.00000
0.00000
0.00000
0.00000
0.00000
0.00000
0.00000
0.00000
0.00000
0.00000
0.00000
0.00000
0.00000
0.00000
0.00000
0.00000
0.00000
0.00000
0.00000
0.00000
0.00000
0.00000
0.00000
0.00000
0.00000
0.00000
0.00000
0.00000
0.00000
0.00000
0.00000
0.00000
0.00000
0.00000
0.00000
0.00000
0.00000
0.00000
0.00000
0.00000
0.00000
0.00000
0.00000
0.00000
0.00000
0.00000
