-0.00052
-0.00049
-0.00040
-0.00040
-0.00037
-0.00037
-0.00034
-0.00034
-0.00034
-0.00040
-0.00037
-0.00037
-0.00040
-0.00040
-0.00034
-0.00031
-0.00031
-0.00031
-0.00027
-0.00027
-0.00034
-0.00037
-0.00037
-0.00043
-0.00043
-0.00037
-0.00034
-0.00034
-0.00031
-0.00031
-0.00034
-0.00031
-0.00037
-0.00040
-0.00034
-0.00049
-0.00040
-0.00031
-0.00034
-0.00031
-0.00031
-0.00031
-0.00034
-0.00037
-0.00037
-0.00037
-0.00037
-0.00037
-0.00034
-0.00034
-0.00031
-0.00034
-0.00034
-0.00031
-0.00034
-0.00043
-0.00043
-0.00040
-0.00037
-0.00037
-0.00034
-0.00034
-0.00040
-0.00034
-0.00034
-0.00031
-0.00037
-0.00040
-0.00043
-0.00043
-0.00040
-0.00034
-0.00034
-0.00027
-0.00024
-0.00024
-0.00027
-0.00027
-0.00031
-0.00037
-0.00040
-0.00040
-0.00040
-0.00037
-0.00037
-0.00037
-0.00037
-0.00031
-0.00031
-0.00031
-0.00027
-0.00027
-0.00031
-0.00031
-0.00031
-0.00034
-0.00034
-0.00034
-0.00031
-0.00034
-0.00031
-0.00031
-0.00031
-0.00024
-0.00027
-0.00027
-0.00027
-0.00021
-0.00024
-0.00021
-0.00021
-0.00024
-0.00031
-0.00034
-0.00037
-0.00037
-0.00037
-0.00034
-0.00027
-0.00021
-0.00018
-0.00018
-0.00015
-0.00021
-0.00021
-0.00024
-0.00027
-0.00034
-0.00034
-0.00031
-0.00027
-0.00027
-0.00021
-0.00018
-0.00018
-0.00021
-0.00024
-0.00027
-0.00027
-0.00031
-0.00024
-0.00021
-0.00018
-0.00018
-0.00021
-0.00024
-0.00027
-0.00024
-0.00021
-0.00027
-0.00024
-0.00021
-0.00024
-0.00024
-0.00021
-0.00024
-0.00027
-0.00027
-0.00024
-0.00024
-0.00024
-0.00024
-0.00024
-0.00024
-0.00024
-0.00021
-0.00021
-0.00018
-0.00021
-0.00021
-0.00024
-0.00024
-0.00021
-0.00024
-0.00024
-0.00018
-0.00018
-0.00015
-0.00018
-0.00009
-0.00034
-0.00009
-0.00027
-0.00012
-0.00003
-0.00058
0.00067
-0.00189
-0.00439
-0.06305
-0.04214
-0.01797
-0.01285
0.00235
0.00128
0.03064
0.03711
0.03510
0.05334
0.02710
-0.00919
-0.01508
-0.02573
-0.00513
-0.00806
-0.01358
-0.00699
0.00470
0.00708
0.00900
0.01532
0.00623
-0.00314
0.00320
0.00052
-0.00015
0.00195
-0.00366
-0.00668
0.00024
0.00067
-0.00345
0.00153
0.00266
-0.00140
0.00287
0.00507
0.00107
0.00238
0.00241
0.00131
0.00110
0.00055
-0.00186
-0.00232
-0.00113
-0.00137
-0.00180
-0.00125
0.00092
0.00146
0.00256
0.00354
0.00317
0.00171
0.00162
0.00107
0.00049
0.00000
0.00006
-0.00204
-0.00266
-0.00122
-0.00037
-0.00027
-0.00009
0.00027
0.00034
0.00024
0.00037
0.00006
0.00061
0.00046
-0.00052
0.00021
0.00043
-0.00052
-0.00174
-0.00186
-0.00027
0.00000
0.00000
0.00000
0.00000
0.00000
0.00000
0.00000
0.00000
0.00000
0.00000
0.00000
0.00000
0.00000
0.00000
0.00000
0.00000
0.00000
0.00000
0.00000
0.00000
0.00000
0.00000
0.00000
0.00000
0.00000
0.00000
0.00000
0.00000
0.00000
0.00000
0.00000
0.00000
0.00000
0.00000
0.00000
0.00000
0.00000
0.00000
0.00000
0.00000
0.00000
0.00000
0.00000
0.00000
0.00000
0.00000
0.00000
0.00000
0.00000
0.00000
0.00000
0.00000
0.00000
0.00000
0.00000
0.00000
0.00000
0.00000
0.00000
0.00000
0.00000
0.00000
0.00000
0.00000
0.00000
0.00000
0.00000
0.00000
0.00000
0.00000
0.00000
0.00000
0.00000
0.00000
0.00000
0.00000
0.00000
0.00000
0.00000
0.00000
0.00000
0.00000
0.00000
0.00000
0.00000
0.00000
0.00000
0.00000
0.00000
0.00000
0.00000
0.00000
0.00000
0.00000
0.00000
0.00000
0.00000
0.00000
0.00000
0.00000
0.00000
0.00000
0.00000
0.00000
0.00000
0.00000
0.00000
0.00000
0.00000
0.00000
0.00000
0.00000
0.00000
0.00000
0.00000
0.00000
0.00000
0.00000
0.00000
0.00000
0.00000
0.00000
0.00000
0.00000
0.00000
0.00000
0.00000
0.00000
0.00000
0.00000
0.00000
0.00000
0.00000
0.00000
0.00000
0.00000
0.00000
0.00000
0.00000
0.00000
0.00000
0.00000
0.00000
0.00000
0.00000
0.00000
0.00000
0.00000
0.00000
0.00000
0.00000
0.00000
0.00000
0.00000
0.00000
0.00000
0.00000
0.00000
0.00000
0.00000
0.00000
0.00000
0.00000
0.00000
0.00000
0.00000
0.00000
0.00000
0.00000
0.00000
0.00000
0.00000
0.00000
0.00000
0.00000
0.00000
0.00000
0.00000
0.00000
0.00000
0.00000
0.00000
0.00000
0.00000
0.00000
0.00000
0.00000
0.00000
0.00000
0.00000
0.00000
0.00000
0.00000
0.00000
0.00000
0.00000
0.00000
0.00000
0.00000
0.00000
0.00000
0.00000
0.00000
0.00000
0.00000
0.00000
0.00000
0.00000
0.00000
0.00000
0.00000
0.00000
0.00000
0.00000
0.00000
0.00000
0.00000
0.00000
0.00000
0.00000
0.00000
0.00000
0.00000
0.00000
0.00000
0.00000
0.00000
0.00000
0.00000
0.00000
0.00000
0.00000
0.00000
0.00000
0.00000
0.00000
0.00000
0.00000
0.00000
0.00000
0.00000
0.00000
