-0.00021
-0.00015
-0.00018
-0.00018
-0.00015
-0.00015
-0.00015
-0.00015
-0.00012
-0.00012
-0.00015
-0.00018
-0.00018
-0.00015
-0.00012
-0.00018
-0.00015
-0.00012
-0.00012
-0.00018
-0.00018
-0.00018
-0.00024
-0.00021
-0.00015
-0.00018
-0.00021
-0.00015
-0.00015
-0.00012
-0.00012
-0.00012
-0.00015
-0.00018
-0.00012
-0.00031
-0.00024
-0.00021
-0.00024
-0.00021
-0.00015
-0.00018
-0.00015
-0.00012
-0.00015
-0.00018
-0.00018
-0.00021
-0.00021
-0.00021
-0.00024
-0.00021
-0.00018
-0.00015
-0.00015
-0.00015
-0.00015
-0.00015
-0.00015
-0.00027
-0.00012
-0.00015
-0.00021
-0.00015
-0.00021
-0.00015
-0.00021
-0.00021
-0.00018
-0.00021
-0.00015
-0.00015
-0.00015
-0.00012
-0.00012
-0.00018
-0.00018
-0.00015
-0.00018
-0.00024
-0.00015
-0.00018
-0.00021
-0.00021
-0.00021
-0.00018
-0.00021
-0.00018
-0.00015
-0.00018
-0.00015
-0.00015
-0.00015
-0.00015
-0.00021
-0.00018
-0.00015
-0.00018
-0.00021
-0.00021
-0.00012
-0.00015
-0.00018
-0.00012
-0.00009
-0.00018
-0.00015
-0.00012
-0.00018
-0.00021
-0.00021
-0.00018
-0.00018
-0.00015
-0.00015
-0.00012
-0.00018
-0.00018
-0.00018
-0.00018
-0.00018
-0.00018
-0.00015
-0.00015
-0.00015
-0.00018
-0.00018
-0.00012
-0.00018
-0.00021
-0.00018
-0.00021
-0.00021
-0.00021
-0.00021
-0.00015
-0.00015
-0.00012
-0.00015
-0.00009
-0.00006
-0.00018
-0.00024
-0.00018
-0.00021
-0.00024
-0.00024
-0.00021
-0.00015
-0.00018
-0.00018
-0.00015
-0.00012
-0.00018
-0.00024
-0.00018
-0.00015
-0.00018
-0.00021
-0.00018
-0.00018
-0.00018
-0.00012
-0.00015
-0.00012
-0.00012
-0.00018
-0.00015
-0.00021
-0.00018
-0.00018
-0.00024
-0.00018
-0.00018
-0.00015
-0.00015
-0.00012
-0.00015
-0.00024
0.00006
-0.00073
0.00067
-0.00168
0.00211
-0.00366
-0.00021
-0.07230
-0.05222
0.01041
-0.04172
-0.00488
-0.00192
0.03522
0.05487
0.03271
0.05484
0.02841
0.00113
-0.01950
-0.02087
0.00931
-0.01651
-0.02231
-0.01035
0.00513
0.01132
0.00751
0.00729
0.00290
0.00436
0.00385
0.00412
0.00186
0.00180
-0.00604
-0.00595
0.00064
0.00073
-0.00418
-0.00067
0.00415
-0.00076
0.00150
0.00461
0.00067
0.00201
0.00412
0.00125
0.00061
0.00092
-0.00177
-0.00293
0.00055
-0.00070
-0.00201
-0.00107
0.00031
0.00012
0.00195
0.00357
0.00201
0.00113
0.00247
0.00177
0.00067
-0.00085
-0.00104
-0.00195
-0.00281
-0.00089
-0.00034
0.00031
-0.00067
-0.00153
-0.00003
0.00079
0.00122
-0.00034
0.00031
0.00165
-0.00015
-0.00009
-0.00049
0.00000
0.00000
0.00000
0.00000
0.00000
0.00000
0.00000
0.00000
0.00000
0.00000
0.00000
0.00000
0.00000
0.00000
0.00000
0.00000
0.00000
0.00000
0.00000
0.00000
0.00000
0.00000
0.00000
0.00000
0.00000
0.00000
0.00000
0.00000
0.00000
0.00000
0.00000
0.00000
0.00000
0.00000
0.00000
0.00000
0.00000
0.00000
0.00000
0.00000
0.00000
0.00000
0.00000
0.00000
0.00000
0.00000
0.00000
0.00000
0.00000
0.00000
0.00000
0.00000
0.00000
0.00000
0.00000
0.00000
0.00000
0.00000
0.00000
0.00000
0.00000
0.00000
0.00000
0.00000
0.00000
0.00000
0.00000
0.00000
0.00000
0.00000
0.00000
0.00000
0.00000
0.00000
0.00000
0.00000
0.00000
0.00000
0.00000
0.00000
0.00000
0.00000
0.00000
0.00000
0.00000
0.00000
0.00000
0.00000
0.00000
0.00000
0.00000
0.00000
0.00000
0.00000
0.00000
0.00000
0.00000
0.00000
0.00000
0.00000
0.00000
0.00000
0.00000
0.00000
0.00000
0.00000
0.00000
0.00000
0.00000
0.00000
0.00000
0.00000
0.00000
0.00000
0.00000
0.00000
0.00000
0.00000
0.00000
0.00000
0.00000
0.00000
0.00000
0.00000
0.00000
0.00000
0.00000
0.00000
0.00000
0.00000
0.00000
0.00000
0.00000
0.00000
0.00000
0.00000
0.00000
0.00000
0.00000
0.00000
0.00000
0.00000
0.00000
0.00000
0.00000
0.00000
0.00000
0.00000
0.00000
0.00000
0.00000
0.00000
0.00000
0.00000
0.00000
0.00000
0.00000
0.00000
0.00000
0.00000
0.00000
0.00000
0.00000
0.00000
0.00000
0.00000
0.00000
0.00000
0.00000
0.00000
0.00000
0.00000
0.00000
0.00000
0.00000
0.00000
0.00000
0.00000
0.00000
0.00000
0.00000
0.00000
0.00000
0.00000
0.00000
0.00000
0.00000
0.00000
0.00000
0.00000
0.00000
0.00000
0.00000
0.00000
0.00000
0.00000
0.00000
0.00000
0.00000
0.00000
0.00000
0.00000
0.00000
0.00000
0.00000
0.00000
0.00000
0.00000
0.00000
0.00000
0.00000
0.00000
0.00000
0.00000
0.00000
0.00000
0.00000
0.00000
0.00000
0.00000
0.00000
0.00000
0.00000
0.00000
0.00000
0.00000
0.00000
0.00000
0.00000
0.00000
0.00000
0.00000
0.00000
0.00000
0.00000
0.00000
0.00000
0.00000
0.00000
0.00000
0.00000
0.00000
0.00000
0.00000
0.00000
0.00000
0.00000
0.00000
0.00000
