-0.00021
-0.00021
-0.00021
-0.00027
-0.00031
-0.00018
-0.00009
-0.00006
-0.00003
-0.00006
-0.00003
-0.00006
-0.00018
-0.00021
-0.00021
-0.00018
-0.00024
-0.00018
-0.00012
-0.00012
-0.00012
-0.00012
-0.00021
-0.00021
-0.00006
-0.00009
-0.00012
-0.00006
-0.00006
-0.00009
-0.00015
-0.00018
-0.00024
-0.00024
-0.00021
-0.00037
-0.00021
-0.00003
-0.00009
-0.00009
-0.00003
-0.00009
-0.00015
-0.00015
-0.00012
-0.00015
-0.00018
-0.00015
-0.00015
-0.00015
-0.00012
-0.00009
-0.00012
-0.00012
-0.00012
-0.00003
-0.00027
-0.00006
0.00000
-0.00018
-0.00006
-0.00012
-0.00009
-0.00009
0.00000
-0.00009
-0.00012
-0.00015
-0.00015
-0.00009
-0.00015
-0.00009
-0.00003
-0.00003
0.00003
0.00003
-0.00012
-0.00006
-0.00009
-0.00027
-0.00021
-0.00012
-0.00009
-0.00012
-0.00003
-0.00006
-0.00012
-0.00003
0.00000
-0.00009
-0.00015
-0.00015
-0.00012
-0.00003
-0.00003
-0.00006
-0.00006
-0.00006
-0.00003
-0.00003
-0.00006
0.00000
-0.00006
-0.00012
-0.00003
-0.00006
-0.00006
0.00000
0.00000
-0.00003
0.00000
0.00000
-0.00012
-0.00009
-0.00009
-0.00009
-0.00012
-0.00006
-0.00006
-0.00006
0.00000
0.00000
0.00000
0.00000
0.00000
-0.00003
-0.00003
-0.00003
-0.00003
0.00000
-0.00003
-0.00003
-0.00003
-0.00003
-0.00006
-0.00009
-0.00006
0.00000
0.00000
0.00000
0.00000
0.00003
0.00000
-0.00003
-0.00006
0.00000
-0.00003
-0.00003
-0.00003
0.00000
0.00000
0.00000
0.00003
0.00000
0.00000
-0.00006
-0.00003
-0.00003
-0.00003
0.00000
0.00000
0.00000
0.00000
-0.00006
0.00000
0.00003
0.00003
0.00000
0.00003
0.00000
0.00000
0.00000
0.00009
-0.00006
0.00012
-0.00052
0.00098
-0.00168
0.00256
-0.00394
0.00598
-0.00882
0.00912
-0.11432
-0.10779
0.05179
-0.01874
-0.00531
-0.00821
0.06171
0.08203
0.11539
0.04373
-0.02292
-0.02203
-0.07666
-0.02527
0.02005
0.01279
-0.02322
-0.00244
0.00586
0.01505
0.03568
0.00793
-0.02689
-0.00665
0.00824
0.00638
0.01569
0.00620
-0.01321
-0.00351
-0.00189
-0.00745
-0.00620
0.00250
0.00653
0.00159
0.00739
0.00488
0.00241
0.00000
0.00510
0.00180
-0.00012
-0.00201
-0.00467
-0.00409
0.00214
0.00122
-0.00330
-0.00159
0.00452
0.00299
0.00137
0.00388
0.00140
0.00009
0.00256
0.00259
0.00110
-0.00037
-0.00262
-0.00388
-0.00204
0.00052
-0.00223
-0.00165
-0.00046
-0.00018
0.00098
0.00137
0.00195
-0.00146
-0.00064
0.00089
0.00110
0.00140
-0.00012
0.00000
0.00000
0.00000
0.00000
0.00000
0.00000
0.00000
0.00000
0.00000
0.00000
0.00000
0.00000
0.00000
0.00000
0.00000
0.00000
0.00000
0.00000
0.00000
0.00000
0.00000
0.00000
0.00000
0.00000
0.00000
0.00000
0.00000
0.00000
0.00000
0.00000
0.00000
0.00000
0.00000
0.00000
0.00000
0.00000
0.00000
0.00000
0.00000
0.00000
0.00000
0.00000
0.00000
0.00000
0.00000
0.00000
0.00000
0.00000
0.00000
0.00000
0.00000
0.00000
0.00000
0.00000
0.00000
0.00000
0.00000
0.00000
0.00000
0.00000
0.00000
0.00000
0.00000
0.00000
0.00000
0.00000
0.00000
0.00000
0.00000
0.00000
0.00000
0.00000
0.00000
0.00000
0.00000
0.00000
0.00000
0.00000
0.00000
0.00000
0.00000
0.00000
0.00000
0.00000
0.00000
0.00000
0.00000
0.00000
0.00000
0.00000
0.00000
0.00000
0.00000
0.00000
0.00000
0.00000
0.00000
0.00000
0.00000
0.00000
0.00000
0.00000
0.00000
0.00000
0.00000
0.00000
0.00000
0.00000
0.00000
0.00000
0.00000
0.00000
0.00000
0.00000
0.00000
0.00000
0.00000
0.00000
0.00000
0.00000
0.00000
0.00000
0.00000
0.00000
0.00000
0.00000
0.00000
0.00000
0.00000
0.00000
0.00000
0.00000
0.00000
0.00000
0.00000
0.00000
0.00000
0.00000
0.00000
0.00000
0.00000
0.00000
0.00000
0.00000
0.00000
0.00000
0.00000
0.00000
0.00000
0.00000
0.00000
0.00000
0.00000
0.00000
0.00000
0.00000
0.00000
0.00000
0.00000
0.00000
0.00000
0.00000
0.00000
0.00000
0.00000
0.00000
0.00000
0.00000
0.00000
0.00000
0.00000
0.00000
0.00000
0.00000
0.00000
0.00000
0.00000
0.00000
0.00000
0.00000
0.00000
0.00000
0.00000
0.00000
0.00000
0.00000
0.00000
0.00000
0.00000
0.00000
0.00000
0.00000
0.00000
0.00000
0.00000
0.00000
0.00000
0.00000
0.00000
0.00000
0.00000
0.00000
0.00000
0.00000
0.00000
0.00000
0.00000
0.00000
0.00000
0.00000
0.00000
0.00000
0.00000
0.00000
0.00000
0.00000
0.00000
0.00000
0.00000
0.00000
0.00000
0.00000
0.00000
0.00000
0.00000
0.00000
0.00000
0.00000
0.00000
0.00000
0.00000
0.00000
0.00000
0.00000
0.00000
0.00000
0.00000
0.00000
0.00000
0.00000
0.00000
0.00000
0.00000
0.00000
0.00000
0.00000
0.00000
0.00000
0.00000
0.00000
0.00000
0.00000
