-0.00009
-0.00012
-0.00009
-0.00009
-0.00012
-0.00012
-0.00012
-0.00009
-0.00012
-0.00009
-0.00006
-0.00009
-0.00012
-0.00012
-0.00015
-0.00012
-0.00012
-0.00012
-0.00009
-0.00006
-0.00009
-0.00009
-0.00009
-0.00009
-0.00009
-0.00009
-0.00003
-0.00003
-0.00006
-0.00006
-0.00012
-0.00012
-0.00009
-0.00012
-0.00006
-0.00018
-0.00006
-0.00006
-0.00009
-0.00006
-0.00003
0.00000
-0.00003
0.00000
0.00000
-0.00003
-0.00006
-0.00012
-0.00012
-0.00015
-0.00018
-0.00009
-0.00003
0.00000
0.00000
0.00000
0.00000
-0.00003
-0.00009
-0.00006
-0.00006
-0.00006
-0.00003
0.00000
0.00000
0.00000
0.00000
0.00000
-0.00006
-0.00003
-0.00006
-0.00003
0.00000
-0.00009
-0.00003
0.00000
0.00000
0.00000
0.00000
0.00000
-0.00003
-0.00003
-0.00003
0.00000
0.00000
0.00000
0.00000
0.00000
0.00000
0.00000
0.00000
0.00000
0.00000
-0.00003
-0.00003
-0.00003
-0.00003
0.00000
0.00000
0.00000
0.00000
0.00003
0.00006
0.00000
0.00000
0.00000
-0.00009
-0.00009
-0.00006
0.00000
0.00000
0.00000
0.00003
0.00003
0.00000
0.00000
0.00003
0.00000
-0.00003
-0.00003
-0.00003
-0.00006
-0.00006
-0.00006
0.00000
0.00000
0.00000
0.00003
0.00003
0.00000
0.00000
0.00000
0.00000
0.00000
0.00000
0.00000
0.00000
0.00000
0.00000
0.00000
-0.00003
0.00000
0.00000
0.00000
0.00000
-0.00003
0.00000
0.00000
0.00000
0.00000
0.00000
-0.00003
-0.00003
-0.00006
-0.00003
-0.00009
-0.00009
-0.00003
0.00000
0.00000
0.00000
0.00000
0.00000
0.00000
-0.00003
0.00000
0.00000
0.00000
0.00000
0.00000
0.00000
-0.00003
-0.00006
-0.00006
-0.00009
-0.00006
0.00000
0.00000
0.00003
0.00000
0.00000
0.00000
-0.00003
-0.00003
0.00000
-0.00006
-0.00009
-0.00021
0.00012
-0.00058
0.00073
-0.00134
0.00204
-0.00287
0.00195
-0.04529
-0.04044
-0.00833
-0.02005
0.01260
-0.01273
0.01923
0.06412
0.06186
0.00949
-0.00833
-0.00790
-0.03333
-0.02368
-0.00571
-0.00711
0.00589
0.00580
-0.00641
0.02005
0.02817
-0.00778
-0.01337
-0.00037
-0.00198
0.00433
0.00729
0.00043
0.00311
0.00751
-0.00687
-0.00470
0.00476
-0.00323
-0.00345
0.00452
0.00330
0.00098
0.00449
0.00110
0.00061
0.00211
0.00009
-0.00305
-0.00168
-0.00070
0.00000
0.00003
0.00113
0.00137
0.00305
0.00275
0.00208
0.00092
0.00003
0.00116
0.00119
0.00082
0.00168
-0.00015
-0.00214
-0.00131
0.00009
-0.00027
-0.00082
0.00012
0.00003
0.00021
0.00125
0.00027
0.00052
-0.00015
-0.00064
-0.00027
0.00058
0.00119
0.00000
-0.00058
-0.00046
0.00000
0.00000
0.00000
0.00000
0.00000
0.00000
0.00000
0.00000
0.00000
0.00000
0.00000
0.00000
0.00000
0.00000
0.00000
0.00000
0.00000
0.00000
0.00000
0.00000
0.00000
0.00000
0.00000
0.00000
0.00000
0.00000
0.00000
0.00000
0.00000
0.00000
0.00000
0.00000
0.00000
0.00000
0.00000
0.00000
0.00000
0.00000
0.00000
0.00000
0.00000
0.00000
0.00000
0.00000
0.00000
0.00000
0.00000
0.00000
0.00000
0.00000
0.00000
0.00000
0.00000
0.00000
0.00000
0.00000
0.00000
0.00000
0.00000
0.00000
0.00000
0.00000
0.00000
0.00000
0.00000
0.00000
0.00000
0.00000
0.00000
0.00000
0.00000
0.00000
0.00000
0.00000
0.00000
0.00000
0.00000
0.00000
0.00000
0.00000
0.00000
0.00000
0.00000
0.00000
0.00000
0.00000
0.00000
0.00000
0.00000
0.00000
0.00000
0.00000
0.00000
0.00000
0.00000
0.00000
0.00000
0.00000
0.00000
0.00000
0.00000
0.00000
0.00000
0.00000
0.00000
0.00000
0.00000
0.00000
0.00000
0.00000
0.00000
0.00000
0.00000
0.00000
0.00000
0.00000
0.00000
0.00000
0.00000
0.00000
0.00000
0.00000
0.00000
0.00000
0.00000
0.00000
0.00000
0.00000
0.00000
0.00000
0.00000
0.00000
0.00000
0.00000
0.00000
0.00000
0.00000
0.00000
0.00000
0.00000
0.00000
0.00000
0.00000
0.00000
0.00000
0.00000
0.00000
0.00000
0.00000
0.00000
0.00000
0.00000
0.00000
0.00000
0.00000
0.00000
0.00000
0.00000
0.00000
0.00000
0.00000
0.00000
0.00000
0.00000
0.00000
0.00000
0.00000
0.00000
0.00000
0.00000
0.00000
0.00000
0.00000
0.00000
0.00000
0.00000
0.00000
0.00000
0.00000
0.00000
0.00000
0.00000
0.00000
0.00000
0.00000
0.00000
0.00000
0.00000
0.00000
0.00000
0.00000
0.00000
0.00000
0.00000
0.00000
0.00000
0.00000
0.00000
0.00000
0.00000
0.00000
0.00000
0.00000
0.00000
0.00000
0.00000
0.00000
0.00000
0.00000
0.00000
0.00000
0.00000
0.00000
0.00000
0.00000
0.00000
0.00000
0.00000
0.00000
0.00000
0.00000
0.00000
0.00000
0.00000
0.00000
0.00000
0.00000
0.00000
0.00000
0.00000
0.00000
0.00000
0.00000
0.00000
0.00000
0.00000
0.00000
0.00000
