-0.00006
0.00000
0.00003
0.00000
0.00000
0.00000
0.00000
-0.00003
-0.00006
-0.00009
-0.00009
-0.00006
-0.00003
0.00000
0.00003
0.00006
0.00000
0.00000
0.00000
0.00000
-0.00003
0.00000
0.00000
0.00003
0.00000
-0.00003
0.00000
-0.00003
-0.00003
0.00000
0.00000
0.00003
0.00000
0.00000
0.00012
-0.00012
-0.00003
0.00000
-0.00003
-0.00003
0.00000
0.00000
0.00000
0.00000
0.00000
0.00000
0.00000
0.00000
0.00000
0.00009
0.00009
0.00006
0.00003
0.00003
0.00003
0.00009
-0.00009
0.00000
0.00009
-0.00006
0.00003
-0.00003
0.00006
0.00003
0.00003
0.00012
0.00000
0.00003
0.00006
0.00009
0.00006
0.00006
0.00006
0.00003
0.00012
0.00009
0.00006
0.00006
0.00006
0.00003
0.00003
0.00003
0.00000
-0.00006
0.00003
0.00009
0.00006
0.00015
0.00015
0.00012
0.00009
0.00000
0.00000
0.00003
0.00003
0.00000
0.00000
0.00015
0.00018
0.00006
0.00012
0.00018
0.00006
0.00000
0.00012
0.00006
0.00003
0.00003
0.00006
0.00003
0.00000
0.00006
0.00006
0.00012
0.00012
0.00009
0.00006
0.00006
0.00003
0.00000
0.00003
0.00000
0.00000
0.00003
0.00012
0.00012
0.00003
0.00006
0.00006
0.00006
0.00003
0.00000
0.00003
0.00006
0.00006
0.00003
0.00000
0.00006
0.00006
-0.00003
0.00006
0.00006
0.00000
0.00000
0.00000
0.00009
0.00000
0.00003
0.00000
0.00003
0.00009
0.00000
0.00003
0.00003
0.00000
0.00000
0.00000
0.00006
0.00000
0.00000
0.00000
0.00000
0.00000
-0.00003
0.00006
0.00003
0.00003
0.00000
0.00000
0.00000
0.00000
-0.00006
0.00003
-0.00021
0.00021
-0.00064
0.00104
-0.00162
0.00247
-0.00357
0.00519
-0.00714
0.00882
-0.08090
-0.10699
0.04172
-0.02094
-0.00497
-0.02368
0.02597
0.08685
0.06339
0.07162
0.00168
-0.01508
-0.03012
-0.03427
0.01819
0.01025
-0.02286
-0.02332
0.00211
0.01492
0.02591
0.01819
-0.01218
-0.01154
0.00687
0.00809
0.00784
0.00705
-0.00980
-0.01297
0.00336
0.00214
-0.00528
0.00189
0.00699
-0.00330
0.00238
0.00589
-0.00012
0.00055
0.00327
0.00150
0.00284
0.00296
-0.00235
-0.00504
0.00070
0.00043
-0.00296
-0.00238
0.00180
0.00256
0.00186
0.00357
0.00241
0.00076
0.00214
0.00217
0.00153
-0.00101
-0.00134
-0.00220
-0.00241
-0.00040
-0.00183
-0.00238
-0.00061
-0.00076
0.00119
0.00092
0.00150
-0.00089
-0.00089
0.00183
0.00073
0.00125
0.00046
0.00000
0.00000
0.00000
0.00000
0.00000
0.00000
0.00000
0.00000
0.00000
0.00000
0.00000
0.00000
0.00000
0.00000
0.00000
0.00000
0.00000
0.00000
0.00000
0.00000
0.00000
0.00000
0.00000
0.00000
0.00000
0.00000
0.00000
0.00000
0.00000
0.00000
0.00000
0.00000
0.00000
0.00000
0.00000
0.00000
0.00000
0.00000
0.00000
0.00000
0.00000
0.00000
0.00000
0.00000
0.00000
0.00000
0.00000
0.00000
0.00000
0.00000
0.00000
0.00000
0.00000
0.00000
0.00000
0.00000
0.00000
0.00000
0.00000
0.00000
0.00000
0.00000
0.00000
0.00000
0.00000
0.00000
0.00000
0.00000
0.00000
0.00000
0.00000
0.00000
0.00000
0.00000
0.00000
0.00000
0.00000
0.00000
0.00000
0.00000
0.00000
0.00000
0.00000
0.00000
0.00000
0.00000
0.00000
0.00000
0.00000
0.00000
0.00000
0.00000
0.00000
0.00000
0.00000
0.00000
0.00000
0.00000
0.00000
0.00000
0.00000
0.00000
0.00000
0.00000
0.00000
0.00000
0.00000
0.00000
0.00000
0.00000
0.00000
0.00000
0.00000
0.00000
0.00000
0.00000
0.00000
0.00000
0.00000
0.00000
0.00000
0.00000
0.00000
0.00000
0.00000
0.00000
0.00000
0.00000
0.00000
0.00000
0.00000
0.00000
0.00000
0.00000
0.00000
0.00000
0.00000
0.00000
0.00000
0.00000
0.00000
0.00000
0.00000
0.00000
0.00000
0.00000
0.00000
0.00000
0.00000
0.00000
0.00000
0.00000
0.00000
0.00000
0.00000
0.00000
0.00000
0.00000
0.00000
0.00000
0.00000
0.00000
0.00000
0.00000
0.00000
0.00000
0.00000
0.00000
0.00000
0.00000
0.00000
0.00000
0.00000
0.00000
0.00000
0.00000
0.00000
0.00000
0.00000
0.00000
0.00000
0.00000
0.00000
0.00000
0.00000
0.00000
0.00000
0.00000
0.00000
0.00000
0.00000
0.00000
0.00000
0.00000
0.00000
0.00000
0.00000
0.00000
0.00000
0.00000
0.00000
0.00000
0.00000
0.00000
0.00000
0.00000
0.00000
0.00000
0.00000
0.00000
0.00000
0.00000
0.00000
0.00000
0.00000
0.00000
0.00000
0.00000
0.00000
0.00000
0.00000
0.00000
0.00000
0.00000
0.00000
0.00000
0.00000
0.00000
0.00000
0.00000
0.00000
0.00000
0.00000
0.00000
0.00000
0.00000
0.00000
0.00000
0.00000
0.00000
0.00000
0.00000
0.00000
0.00000
0.00000
0.00000
0.00000
0.00000
0.00000
0.00000
0.00000
0.00000
