-0.00021
-0.00024
-0.00018
-0.00018
-0.00021
-0.00021
-0.00015
-0.00018
-0.00021
-0.00018
-0.00015
-0.00021
-0.00024
-0.00021
-0.00027
-0.00021
-0.00021
-0.00021
-0.00018
-0.00018
-0.00012
-0.00009
-0.00012
-0.00015
-0.00018
-0.00018
-0.00021
-0.00021
-0.00018
-0.00012
-0.00021
-0.00018
-0.00018
-0.00015
-0.00009
-0.00024
-0.00018
-0.00018
-0.00021
-0.00021
-0.00018
-0.00015
-0.00012
-0.00015
-0.00009
-0.00009
-0.00015
-0.00012
-0.00015
-0.00015
-0.00018
-0.00018
-0.00012
-0.00012
-0.00015
0.00000
-0.00012
-0.00015
0.00000
-0.00015
-0.00009
-0.00021
-0.00015
-0.00009
-0.00015
0.00000
-0.00012
-0.00012
-0.00009
-0.00009
-0.00006
-0.00009
-0.00009
-0.00012
-0.00009
-0.00003
-0.00009
-0.00009
-0.00003
-0.00009
-0.00015
-0.00012
-0.00003
-0.00012
-0.00015
-0.00003
-0.00009
-0.00009
-0.00003
-0.00003
0.00000
-0.00006
-0.00006
0.00000
0.00000
-0.00006
-0.00015
-0.00009
-0.00009
-0.00012
-0.00006
0.00000
0.00000
-0.00006
0.00000
0.00000
-0.00003
-0.00006
-0.00006
-0.00003
-0.00009
-0.00003
0.00000
0.00000
-0.00003
-0.00006
0.00000
0.00000
-0.00009
-0.00009
0.00000
-0.00003
-0.00009
-0.00006
0.00000
0.00000
-0.00003
0.00000
0.00000
-0.00003
0.00000
-0.00003
0.00000
0.00000
0.00000
0.00000
0.00000
0.00000
0.00000
0.00000
0.00000
0.00000
0.00000
0.00000
-0.00003
0.00003
0.00000
0.00003
0.00000
-0.00006
0.00006
0.00000
-0.00003
0.00000
0.00003
0.00000
0.00003
0.00009
0.00003
0.00006
0.00006
0.00000
0.00003
-0.00006
0.00000
0.00000
0.00000
0.00003
0.00003
0.00006
0.00012
0.00003
0.00021
-0.00015
0.00040
-0.00058
0.00098
-0.00128
0.00183
-0.00238
0.00302
-0.00375
0.00494
-0.04480
-0.12466
0.02130
-0.00409
-0.01538
-0.01730
-0.00024
0.08884
0.05469
0.07413
0.02344
-0.01715
-0.01407
-0.03894
0.00620
0.01913
-0.02148
-0.02802
-0.00223
0.01437
0.02057
0.02197
-0.00418
-0.01379
0.00449
0.01041
0.00424
0.00748
-0.00650
-0.01526
0.00415
0.00531
-0.00595
-0.00092
0.00708
-0.00208
0.00061
0.00662
0.00085
0.00031
0.00262
0.00143
0.00366
0.00369
-0.00180
-0.00500
-0.00092
0.00134
-0.00104
-0.00269
0.00009
0.00299
0.00186
0.00275
0.00323
0.00113
0.00186
0.00256
0.00201
-0.00067
-0.00140
-0.00119
-0.00266
-0.00070
-0.00110
-0.00220
-0.00049
-0.00076
0.00073
0.00089
0.00125
-0.00003
0.00000
0.00000
0.00000
0.00000
0.00000
0.00000
0.00000
0.00000
0.00000
0.00000
0.00000
0.00000
0.00000
0.00000
0.00000
0.00000
0.00000
0.00000
0.00000
0.00000
0.00000
0.00000
0.00000
0.00000
0.00000
0.00000
0.00000
0.00000
0.00000
0.00000
0.00000
0.00000
0.00000
0.00000
0.00000
0.00000
0.00000
0.00000
0.00000
0.00000
0.00000
0.00000
0.00000
0.00000
0.00000
0.00000
0.00000
0.00000
0.00000
0.00000
0.00000
0.00000
0.00000
0.00000
0.00000
0.00000
0.00000
0.00000
0.00000
0.00000
0.00000
0.00000
0.00000
0.00000
0.00000
0.00000
0.00000
0.00000
0.00000
0.00000
0.00000
0.00000
0.00000
0.00000
0.00000
0.00000
0.00000
0.00000
0.00000
0.00000
0.00000
0.00000
0.00000
0.00000
0.00000
0.00000
0.00000
0.00000
0.00000
0.00000
0.00000
0.00000
0.00000
0.00000
0.00000
0.00000
0.00000
0.00000
0.00000
0.00000
0.00000
0.00000
0.00000
0.00000
0.00000
0.00000
0.00000
0.00000
0.00000
0.00000
0.00000
0.00000
0.00000
0.00000
0.00000
0.00000
0.00000
0.00000
0.00000
0.00000
0.00000
0.00000
0.00000
0.00000
0.00000
0.00000
0.00000
0.00000
0.00000
0.00000
0.00000
0.00000
0.00000
0.00000
0.00000
0.00000
0.00000
0.00000
0.00000
0.00000
0.00000
0.00000
0.00000
0.00000
0.00000
0.00000
0.00000
0.00000
0.00000
0.00000
0.00000
0.00000
0.00000
0.00000
0.00000
0.00000
0.00000
0.00000
0.00000
0.00000
0.00000
0.00000
0.00000
0.00000
0.00000
0.00000
0.00000
0.00000
0.00000
0.00000
0.00000
0.00000
0.00000
0.00000
0.00000
0.00000
0.00000
0.00000
0.00000
0.00000
0.00000
0.00000
0.00000
0.00000
0.00000
0.00000
0.00000
0.00000
0.00000
0.00000
0.00000
0.00000
0.00000
0.00000
0.00000
0.00000
0.00000
0.00000
0.00000
0.00000
0.00000
0.00000
0.00000
0.00000
0.00000
0.00000
0.00000
0.00000
0.00000
0.00000
0.00000
0.00000
0.00000
0.00000
0.00000
0.00000
0.00000
0.00000
0.00000
0.00000
0.00000
0.00000
0.00000
0.00000
0.00000
0.00000
0.00000
0.00000
0.00000
0.00000
0.00000
0.00000
0.00000
0.00000
0.00000
0.00000
0.00000
0.00000
0.00000
0.00000
0.00000
0.00000
0.00000
0.00000
0.00000
0.00000
0.00000
0.00000
0.00000
0.00000
0.00000
0.00000
0.00000
0.00000
0.00000
0.00000
0.00000
