-0.00027
-0.00031
-0.00034
-0.00027
-0.00021
-0.00018
-0.00015
-0.00015
-0.00015
-0.00012
-0.00021
-0.00027
-0.00024
-0.00031
-0.00027
-0.00027
-0.00027
-0.00027
-0.00018
-0.00015
-0.00018
-0.00015
-0.00018
-0.00018
-0.00024
-0.00024
-0.00027
-0.00021
-0.00021
-0.00024
-0.00024
-0.00018
-0.00018
-0.00024
-0.00012
-0.00031
-0.00021
-0.00015
-0.00021
-0.00021
-0.00024
-0.00027
-0.00027
-0.00027
-0.00027
-0.00027
-0.00031
-0.00027
-0.00027
-0.00027
-0.00021
-0.00021
-0.00018
-0.00015
-0.00012
-0.00015
-0.00024
-0.00021
-0.00024
-0.00031
-0.00024
-0.00021
-0.00024
-0.00015
-0.00031
-0.00024
-0.00021
-0.00031
-0.00021
-0.00034
-0.00021
-0.00021
-0.00031
-0.00034
-0.00031
-0.00027
-0.00027
-0.00021
-0.00018
-0.00021
-0.00015
-0.00015
-0.00015
-0.00012
-0.00024
-0.00024
-0.00021
-0.00027
-0.00024
-0.00034
-0.00027
-0.00027
-0.00027
-0.00027
-0.00031
-0.00021
-0.00027
-0.00021
-0.00018
-0.00024
-0.00015
-0.00012
-0.00012
-0.00012
-0.00018
-0.00021
-0.00024
-0.00021
-0.00034
-0.00031
-0.00024
-0.00031
-0.00021
-0.00018
-0.00012
-0.00015
-0.00015
-0.00012
-0.00012
-0.00012
-0.00018
-0.00018
-0.00015
-0.00018
-0.00021
-0.00027
-0.00027
-0.00021
-0.00021
-0.00015
-0.00009
-0.00012
-0.00015
-0.00015
-0.00015
-0.00018
-0.00024
-0.00015
-0.00015
-0.00012
-0.00015
-0.00018
-0.00018
-0.00024
-0.00024
-0.00024
-0.00021
-0.00018
-0.00012
-0.00012
-0.00003
-0.00003
-0.00012
-0.00009
-0.00012
-0.00018
-0.00031
-0.00027
-0.00021
-0.00021
-0.00018
-0.00015
-0.00012
-0.00009
-0.00015
-0.00015
-0.00018
-0.00018
-0.00027
-0.00024
-0.00021
-0.00027
-0.00015
-0.00009
-0.00003
-0.00003
-0.00009
-0.00009
-0.00006
-0.00018
-0.00009
-0.00037
0.00000
-0.00079
0.00058
-0.00162
0.00177
-0.00302
0.00354
-0.00537
0.00616
-0.05231
-0.08490
0.00705
-0.03778
0.02820
-0.00613
0.02255
0.11264
0.07870
0.01001
-0.02451
-0.01117
-0.04364
-0.04453
-0.00342
-0.01343
0.00146
0.01865
-0.00720
0.03134
0.04425
-0.01462
-0.02466
0.00464
-0.00369
-0.00040
0.00342
-0.00623
0.00000
0.01199
-0.00705
-0.00580
0.01166
-0.00378
-0.00568
0.00900
0.00662
-0.00092
0.00433
-0.00021
0.00031
0.00430
0.00128
-0.00595
-0.00305
-0.00177
-0.00156
-0.00128
0.00037
0.00018
0.00275
0.00397
0.00278
0.00177
0.00110
0.00327
0.00177
-0.00085
0.00098
-0.00156
-0.00394
-0.00085
0.00070
0.00040
-0.00134
-0.00058
0.00021
0.00018
0.00180
-0.00079
0.00064
0.00098
-0.00092
-0.00031
0.00092
0.00168
-0.00092
-0.00272
-0.00085
-0.00156
-0.00034
0.00000
0.00000
0.00000
0.00000
0.00000
0.00000
0.00000
0.00000
0.00000
0.00000
0.00000
0.00000
0.00000
0.00000
0.00000
0.00000
0.00000
0.00000
0.00000
0.00000
0.00000
0.00000
0.00000
0.00000
0.00000
0.00000
0.00000
0.00000
0.00000
0.00000
0.00000
0.00000
0.00000
0.00000
0.00000
0.00000
0.00000
0.00000
0.00000
0.00000
0.00000
0.00000
0.00000
0.00000
0.00000
0.00000
0.00000
0.00000
0.00000
0.00000
0.00000
0.00000
0.00000
0.00000
0.00000
0.00000
0.00000
0.00000
0.00000
0.00000
0.00000
0.00000
0.00000
0.00000
0.00000
0.00000
0.00000
0.00000
0.00000
0.00000
0.00000
0.00000
0.00000
0.00000
0.00000
0.00000
0.00000
0.00000
0.00000
0.00000
0.00000
0.00000
0.00000
0.00000
0.00000
0.00000
0.00000
0.00000
0.00000
0.00000
0.00000
0.00000
0.00000
0.00000
0.00000
0.00000
0.00000
0.00000
0.00000
0.00000
0.00000
0.00000
0.00000
0.00000
0.00000
0.00000
0.00000
0.00000
0.00000
0.00000
0.00000
0.00000
0.00000
0.00000
0.00000
0.00000
0.00000
0.00000
0.00000
0.00000
0.00000
0.00000
0.00000
0.00000
0.00000
0.00000
0.00000
0.00000
0.00000
0.00000
0.00000
0.00000
0.00000
0.00000
0.00000
0.00000
0.00000
0.00000
0.00000
0.00000
0.00000
0.00000
0.00000
0.00000
0.00000
0.00000
0.00000
0.00000
0.00000
0.00000
0.00000
0.00000
0.00000
0.00000
0.00000
0.00000
0.00000
0.00000
0.00000
0.00000
0.00000
0.00000
0.00000
0.00000
0.00000
0.00000
0.00000
0.00000
0.00000
0.00000
0.00000
0.00000
0.00000
0.00000
0.00000
0.00000
0.00000
0.00000
0.00000
0.00000
0.00000
0.00000
0.00000
0.00000
0.00000
0.00000
0.00000
0.00000
0.00000
0.00000
0.00000
0.00000
0.00000
0.00000
0.00000
0.00000
0.00000
0.00000
0.00000
0.00000
0.00000
0.00000
0.00000
0.00000
0.00000
0.00000
0.00000
0.00000
0.00000
0.00000
0.00000
0.00000
0.00000
0.00000
0.00000
0.00000
0.00000
0.00000
0.00000
0.00000
0.00000
0.00000
0.00000
0.00000
0.00000
0.00000
0.00000
0.00000
0.00000
0.00000
0.00000
0.00000
0.00000
0.00000
0.00000
0.00000
0.00000
0.00000
0.00000
0.00000
