-0.00021
-0.00021
-0.00024
-0.00027
-0.00024
-0.00021
-0.00018
-0.00015
-0.00015
-0.00018
-0.00021
-0.00024
-0.00031
-0.00031
-0.00027
-0.00027
-0.00018
-0.00018
-0.00021
-0.00024
-0.00018
-0.00021
-0.00027
-0.00027
-0.00024
-0.00027
-0.00034
-0.00031
-0.00024
-0.00021
-0.00024
-0.00018
-0.00018
-0.00018
-0.00012
-0.00034
-0.00024
-0.00031
-0.00034
-0.00034
-0.00027
-0.00024
-0.00024
-0.00015
-0.00021
-0.00024
-0.00021
-0.00024
-0.00027
-0.00027
-0.00024
-0.00021
-0.00021
-0.00024
-0.00021
-0.00024
-0.00024
-0.00027
-0.00027
-0.00024
-0.00027
-0.00024
-0.00024
-0.00024
-0.00024
-0.00024
-0.00034
-0.00018
-0.00027
-0.00027
-0.00018
-0.00027
-0.00018
-0.00021
-0.00021
-0.00027
-0.00024
-0.00024
-0.00024
-0.00024
-0.00024
-0.00021
-0.00024
-0.00031
-0.00031
-0.00027
-0.00031
-0.00024
-0.00024
-0.00021
-0.00021
-0.00027
-0.00021
-0.00024
-0.00027
-0.00031
-0.00031
-0.00027
-0.00027
-0.00024
-0.00021
-0.00027
-0.00018
-0.00018
-0.00021
-0.00021
-0.00027
-0.00027
-0.00024
-0.00024
-0.00031
-0.00024
-0.00024
-0.00024
-0.00021
-0.00018
-0.00021
-0.00031
-0.00031
-0.00027
-0.00031
-0.00031
-0.00024
-0.00021
-0.00024
-0.00024
-0.00021
-0.00024
-0.00024
-0.00027
-0.00031
-0.00024
-0.00024
-0.00031
-0.00024
-0.00024
-0.00021
-0.00021
-0.00021
-0.00021
-0.00031
-0.00027
-0.00027
-0.00031
-0.00027
-0.00027
-0.00027
-0.00024
-0.00021
-0.00027
-0.00021
-0.00024
-0.00024
-0.00027
-0.00024
-0.00021
-0.00027
-0.00024
-0.00031
-0.00027
-0.00024
-0.00024
-0.00024
-0.00027
-0.00024
-0.00027
-0.00024
-0.00018
-0.00024
-0.00021
-0.00021
-0.00018
-0.00021
-0.00024
-0.00021
-0.00027
-0.00027
-0.00024
-0.00021
-0.00018
-0.00018
-0.00015
-0.00015
-0.00021
-0.00015
-0.00040
0.00012
-0.00113
0.00095
-0.00241
0.00287
-0.00491
0.00333
-0.06485
-0.04849
-0.00436
-0.02658
0.02594
-0.01651
0.03946
0.09122
0.06384
-0.00113
-0.01529
-0.01141
-0.04230
-0.02954
-0.00708
-0.01208
0.01343
0.00922
-0.00595
0.03210
0.02917
-0.01669
-0.01349
0.00180
-0.00711
0.00018
0.00351
-0.00168
0.00714
0.00964
-0.01071
-0.00269
0.00870
-0.00436
-0.00122
0.00671
0.00055
-0.00040
0.00500
0.00128
0.00101
0.00275
-0.00076
-0.00439
-0.00095
-0.00220
-0.00247
-0.00174
0.00110
0.00226
0.00430
0.00272
0.00189
0.00189
0.00232
0.00229
-0.00067
-0.00168
0.00101
-0.00113
-0.00235
-0.00031
0.00150
0.00006
-0.00201
-0.00092
-0.00027
0.00089
0.00122
-0.00085
0.00104
0.00027
-0.00049
-0.00015
0.00079
0.00070
-0.00159
-0.00150
0.00012
-0.00073
0.00000
0.00000
0.00000
0.00000
0.00000
0.00000
0.00000
0.00000
0.00000
0.00000
0.00000
0.00000
0.00000
0.00000
0.00000
0.00000
0.00000
0.00000
0.00000
0.00000
0.00000
0.00000
0.00000
0.00000
0.00000
0.00000
0.00000
0.00000
0.00000
0.00000
0.00000
0.00000
0.00000
0.00000
0.00000
0.00000
0.00000
0.00000
0.00000
0.00000
0.00000
0.00000
0.00000
0.00000
0.00000
0.00000
0.00000
0.00000
0.00000
0.00000
0.00000
0.00000
0.00000
0.00000
0.00000
0.00000
0.00000
0.00000
0.00000
0.00000
0.00000
0.00000
0.00000
0.00000
0.00000
0.00000
0.00000
0.00000
0.00000
0.00000
0.00000
0.00000
0.00000
0.00000
0.00000
0.00000
0.00000
0.00000
0.00000
0.00000
0.00000
0.00000
0.00000
0.00000
0.00000
0.00000
0.00000
0.00000
0.00000
0.00000
0.00000
0.00000
0.00000
0.00000
0.00000
0.00000
0.00000
0.00000
0.00000
0.00000
0.00000
0.00000
0.00000
0.00000
0.00000
0.00000
0.00000
0.00000
0.00000
0.00000
0.00000
0.00000
0.00000
0.00000
0.00000
0.00000
0.00000
0.00000
0.00000
0.00000
0.00000
0.00000
0.00000
0.00000
0.00000
0.00000
0.00000
0.00000
0.00000
0.00000
0.00000
0.00000
0.00000
0.00000
0.00000
0.00000
0.00000
0.00000
0.00000
0.00000
0.00000
0.00000
0.00000
0.00000
0.00000
0.00000
0.00000
0.00000
0.00000
0.00000
0.00000
0.00000
0.00000
0.00000
0.00000
0.00000
0.00000
0.00000
0.00000
0.00000
0.00000
0.00000
0.00000
0.00000
0.00000
0.00000
0.00000
0.00000
0.00000
0.00000
0.00000
0.00000
0.00000
0.00000
0.00000
0.00000
0.00000
0.00000
0.00000
0.00000
0.00000
0.00000
0.00000
0.00000
0.00000
0.00000
0.00000
0.00000
0.00000
0.00000
0.00000
0.00000
0.00000
0.00000
0.00000
0.00000
0.00000
0.00000
0.00000
0.00000
0.00000
0.00000
0.00000
0.00000
0.00000
0.00000
0.00000
0.00000
0.00000
0.00000
0.00000
0.00000
0.00000
0.00000
0.00000
0.00000
0.00000
0.00000
0.00000
0.00000
0.00000
0.00000
0.00000
0.00000
0.00000
0.00000
0.00000
0.00000
0.00000
0.00000
0.00000
0.00000
0.00000
0.00000
0.00000
0.00000
0.00000
0.00000
0.00000
