0.00006
0.00006
0.00003
0.00000
0.00003
0.00003
0.00000
0.00003
0.00009
0.00009
0.00009
0.00012
0.00015
0.00009
0.00006
0.00006
0.00006
0.00003
0.00006
0.00003
0.00006
0.00006
0.00009
0.00012
0.00015
0.00015
0.00012
0.00009
0.00006
0.00006
0.00006
0.00009
0.00006
0.00012
0.00018
0.00000
0.00006
0.00012
0.00009
0.00006
0.00009
0.00009
0.00006
0.00006
0.00009
0.00009
0.00009
0.00012
0.00012
0.00009
0.00009
0.00012
0.00012
0.00006
0.00009
0.00012
0.00015
0.00018
0.00015
0.00018
0.00015
0.00009
0.00000
0.00000
0.00003
0.00000
0.00003
0.00012
0.00018
0.00018
0.00021
0.00021
0.00021
0.00006
0.00003
0.00000
-0.00003
0.00000
0.00000
0.00003
0.00003
0.00009
0.00015
0.00015
0.00012
0.00015
0.00012
0.00009
0.00006
0.00006
0.00006
0.00006
0.00006
0.00006
0.00009
0.00006
0.00006
0.00006
0.00003
0.00000
0.00009
0.00012
0.00009
0.00015
0.00015
0.00012
0.00006
0.00006
0.00006
0.00003
0.00006
0.00003
0.00006
0.00012
0.00006
0.00006
0.00012
0.00012
0.00009
0.00006
0.00006
0.00006
0.00000
0.00000
0.00006
0.00003
0.00003
0.00009
0.00015
0.00015
0.00012
0.00012
0.00006
0.00000
0.00003
0.00003
0.00006
0.00009
0.00009
0.00015
0.00009
0.00009
0.00009
0.00006
0.00003
0.00003
0.00003
0.00003
0.00006
0.00009
0.00012
0.00006
0.00009
0.00006
0.00006
0.00003
0.00000
0.00000
0.00003
0.00003
0.00003
0.00000
0.00006
0.00003
0.00000
0.00000
0.00009
0.00009
0.00003
0.00006
0.00009
0.00006
0.00003
0.00003
0.00003
0.00000
-0.00003
-0.00003
0.00000
0.00003
0.00000
0.00000
0.00003
0.00000
0.00003
0.00000
0.00003
-0.00009
0.00018
-0.00031
0.00043
-0.00055
0.00079
-0.00110
0.00125
-0.01794
-0.03696
-0.01318
-0.01425
-0.00546
-0.00391
-0.00299
0.01434
0.02072
0.02353
0.02579
0.01447
0.00452
-0.00635
-0.00589
-0.00275
-0.00522
-0.00455
-0.00580
-0.00333
0.00375
0.00519
0.00415
0.00302
0.00253
0.00375
0.00192
0.00061
-0.00027
-0.00012
0.00137
0.00000
-0.00180
-0.00153
0.00037
0.00119
0.00024
0.00116
0.00085
0.00040
0.00208
0.00223
0.00238
0.00180
0.00098
0.00034
0.00037
-0.00024
-0.00119
-0.00101
0.00113
0.00217
0.00125
0.00052
0.00052
0.00122
0.00238
0.00262
0.00186
0.00040
-0.00021
-0.00064
-0.00104
-0.00085
-0.00107
-0.00067
-0.00015
-0.00018
0.00018
0.00003
0.00058
0.00040
-0.00009
0.00021
-0.00006
0.00009
0.00040
0.00003
0.00000
0.00000
0.00000
0.00000
0.00000
0.00000
0.00000
0.00000
0.00000
0.00000
0.00000
0.00000
0.00000
0.00000
0.00000
0.00000
0.00000
0.00000
0.00000
0.00000
0.00000
0.00000
0.00000
0.00000
0.00000
0.00000
0.00000
0.00000
0.00000
0.00000
0.00000
0.00000
0.00000
0.00000
0.00000
0.00000
0.00000
0.00000
0.00000
0.00000
0.00000
0.00000
0.00000
0.00000
0.00000
0.00000
0.00000
0.00000
0.00000
0.00000
0.00000
0.00000
0.00000
0.00000
0.00000
0.00000
0.00000
0.00000
0.00000
0.00000
0.00000
0.00000
0.00000
0.00000
0.00000
0.00000
0.00000
0.00000
0.00000
0.00000
0.00000
0.00000
0.00000
0.00000
0.00000
0.00000
0.00000
0.00000
0.00000
0.00000
0.00000
0.00000
0.00000
0.00000
0.00000
0.00000
0.00000
0.00000
0.00000
0.00000
0.00000
0.00000
0.00000
0.00000
0.00000
0.00000
0.00000
0.00000
0.00000
0.00000
0.00000
0.00000
0.00000
0.00000
0.00000
0.00000
0.00000
0.00000
0.00000
0.00000
0.00000
0.00000
0.00000
0.00000
0.00000
0.00000
0.00000
0.00000
0.00000
0.00000
0.00000
0.00000
0.00000
0.00000
0.00000
0.00000
0.00000
0.00000
0.00000
0.00000
0.00000
0.00000
0.00000
0.00000
0.00000
0.00000
0.00000
0.00000
0.00000
0.00000
0.00000
0.00000
0.00000
0.00000
0.00000
0.00000
0.00000
0.00000
0.00000
0.00000
0.00000
0.00000
0.00000
0.00000
0.00000
0.00000
0.00000
0.00000
0.00000
0.00000
0.00000
0.00000
0.00000
0.00000
0.00000
0.00000
0.00000
0.00000
0.00000
0.00000
0.00000
0.00000
0.00000
0.00000
0.00000
0.00000
0.00000
0.00000
0.00000
0.00000
0.00000
0.00000
0.00000
0.00000
0.00000
0.00000
0.00000
0.00000
0.00000
0.00000
0.00000
0.00000
0.00000
0.00000
0.00000
0.00000
0.00000
0.00000
0.00000
0.00000
0.00000
0.00000
0.00000
0.00000
0.00000
0.00000
0.00000
0.00000
0.00000
0.00000
0.00000
0.00000
0.00000
0.00000
0.00000
0.00000
0.00000
0.00000
0.00000
0.00000
0.00000
0.00000
0.00000
0.00000
0.00000
0.00000
0.00000
0.00000
0.00000
0.00000
0.00000
0.00000
0.00000
0.00000
0.00000
0.00000
0.00000
0.00000
0.00000
