-0.00006
0.00000
0.00000
0.00000
0.00000
0.00003
0.00000
0.00000
-0.00003
-0.00003
-0.00009
-0.00009
-0.00006
-0.00006
-0.00006
-0.00003
0.00000
0.00000
0.00000
0.00000
0.00000
-0.00003
-0.00006
-0.00006
-0.00006
-0.00003
0.00000
0.00000
0.00000
0.00003
0.00000
0.00003
0.00000
-0.00003
0.00000
-0.00012
0.00000
0.00000
0.00000
0.00000
0.00000
-0.00003
-0.00003
-0.00006
-0.00009
-0.00012
-0.00009
-0.00006
-0.00006
-0.00006
-0.00006
-0.00003
0.00000
-0.00003
-0.00003
-0.00009
-0.00009
-0.00009
-0.00006
-0.00006
-0.00006
-0.00003
-0.00003
-0.00003
-0.00003
-0.00009
-0.00012
-0.00009
-0.00009
-0.00012
-0.00003
0.00000
-0.00006
-0.00003
-0.00006
-0.00009
-0.00009
-0.00012
-0.00012
-0.00009
-0.00009
-0.00012
-0.00012
-0.00009
-0.00009
-0.00012
-0.00012
-0.00012
-0.00015
-0.00015
-0.00015
-0.00015
-0.00015
-0.00012
-0.00015
-0.00015
-0.00012
-0.00015
-0.00018
-0.00018
-0.00018
-0.00018
-0.00018
-0.00015
-0.00018
-0.00021
-0.00021
-0.00024
-0.00024
-0.00018
-0.00015
-0.00018
-0.00015
-0.00015
-0.00021
-0.00024
-0.00024
-0.00024
-0.00031
-0.00027
-0.00018
-0.00018
-0.00018
-0.00012
-0.00021
-0.00024
-0.00024
-0.00027
-0.00031
-0.00027
-0.00027
-0.00031
-0.00027
-0.00024
-0.00024
-0.00024
-0.00021
-0.00024
-0.00024
-0.00018
-0.00018
-0.00024
-0.00024
-0.00024
-0.00034
-0.00037
-0.00034
-0.00034
-0.00031
-0.00031
-0.00027
-0.00024
-0.00031
-0.00027
-0.00021
-0.00024
-0.00027
-0.00027
-0.00021
-0.00027
-0.00031
-0.00031
-0.00034
-0.00034
-0.00040
-0.00040
-0.00037
-0.00037
-0.00040
-0.00034
-0.00027
-0.00027
-0.00027
-0.00024
-0.00027
-0.00037
-0.00037
-0.00037
-0.00037
-0.00040
-0.00037
-0.00031
-0.00027
-0.00024
-0.00024
-0.00024
-0.00027
-0.00034
-0.00052
-0.00034
-0.00058
-0.00012
-0.00073
0.00006
-0.00104
0.00021
-0.01303
-0.02832
-0.01443
-0.01855
-0.01321
-0.00549
-0.00397
0.01184
0.01672
0.01874
0.02643
0.02097
0.00851
-0.00385
-0.00583
-0.00540
-0.00854
-0.00690
-0.00711
-0.00400
0.00327
0.00311
0.00476
0.00757
0.00351
0.00192
0.00082
0.00128
0.00098
-0.00009
-0.00150
-0.00278
-0.00113
-0.00027
0.00009
-0.00055
-0.00174
-0.00046
0.00189
0.00259
0.00317
0.00259
0.00174
0.00150
0.00107
0.00034
-0.00089
-0.00192
-0.00095
0.00049
0.00085
-0.00052
-0.00119
0.00037
0.00223
0.00287
0.00232
0.00153
0.00085
0.00009
-0.00055
-0.00061
-0.00113
-0.00137
-0.00110
-0.00058
0.00000
-0.00009
-0.00040
-0.00055
-0.00012
0.00027
0.00003
0.00024
0.00043
0.00012
-0.00006
0.00000
0.00000
0.00000
0.00000
0.00000
0.00000
0.00000
0.00000
0.00000
0.00000
0.00000
0.00000
0.00000
0.00000
0.00000
0.00000
0.00000
0.00000
0.00000
0.00000
0.00000
0.00000
0.00000
0.00000
0.00000
0.00000
0.00000
0.00000
0.00000
0.00000
0.00000
0.00000
0.00000
0.00000
0.00000
0.00000
0.00000
0.00000
0.00000
0.00000
0.00000
0.00000
0.00000
0.00000
0.00000
0.00000
0.00000
0.00000
0.00000
0.00000
0.00000
0.00000
0.00000
0.00000
0.00000
0.00000
0.00000
0.00000
0.00000
0.00000
0.00000
0.00000
0.00000
0.00000
0.00000
0.00000
0.00000
0.00000
0.00000
0.00000
0.00000
0.00000
0.00000
0.00000
0.00000
0.00000
0.00000
0.00000
0.00000
0.00000
0.00000
0.00000
0.00000
0.00000
0.00000
0.00000
0.00000
0.00000
0.00000
0.00000
0.00000
0.00000
0.00000
0.00000
0.00000
0.00000
0.00000
0.00000
0.00000
0.00000
0.00000
0.00000
0.00000
0.00000
0.00000
0.00000
0.00000
0.00000
0.00000
0.00000
0.00000
0.00000
0.00000
0.00000
0.00000
0.00000
0.00000
0.00000
0.00000
0.00000
0.00000
0.00000
0.00000
0.00000
0.00000
0.00000
0.00000
0.00000
0.00000
0.00000
0.00000
0.00000
0.00000
0.00000
0.00000
0.00000
0.00000
0.00000
0.00000
0.00000
0.00000
0.00000
0.00000
0.00000
0.00000
0.00000
0.00000
0.00000
0.00000
0.00000
0.00000
0.00000
0.00000
0.00000
0.00000
0.00000
0.00000
0.00000
0.00000
0.00000
0.00000
0.00000
0.00000
0.00000
0.00000
0.00000
0.00000
0.00000
0.00000
0.00000
0.00000
0.00000
0.00000
0.00000
0.00000
0.00000
0.00000
0.00000
0.00000
0.00000
0.00000
0.00000
0.00000
0.00000
0.00000
0.00000
0.00000
0.00000
0.00000
0.00000
0.00000
0.00000
0.00000
0.00000
0.00000
0.00000
0.00000
0.00000
0.00000
0.00000
0.00000
0.00000
0.00000
0.00000
0.00000
0.00000
0.00000
0.00000
0.00000
0.00000
0.00000
0.00000
0.00000
0.00000
0.00000
0.00000
0.00000
0.00000
0.00000
0.00000
0.00000
0.00000
0.00000
0.00000
0.00000
0.00000
0.00000
0.00000
0.00000
0.00000
0.00000
0.00000
0.00000
0.00000
0.00000
0.00000
0.00000
0.00000
0.00000
