-0.00018
-0.00018
-0.00018
-0.00021
-0.00024
-0.00021
-0.00018
-0.00021
-0.00018
-0.00015
-0.00015
-0.00015
-0.00018
-0.00015
-0.00015
-0.00012
-0.00018
-0.00018
-0.00012
-0.00018
-0.00021
-0.00012
-0.00018
-0.00031
-0.00021
-0.00018
-0.00024
-0.00021
-0.00018
-0.00015
-0.00018
-0.00009
-0.00015
-0.00012
-0.00006
-0.00031
-0.00027
-0.00024
-0.00024
-0.00027
-0.00021
-0.00015
-0.00015
-0.00015
-0.00009
-0.00009
-0.00021
-0.00018
-0.00015
-0.00021
-0.00027
-0.00021
-0.00021
-0.00021
-0.00021
-0.00009
-0.00037
-0.00021
-0.00012
-0.00031
-0.00018
-0.00021
-0.00012
-0.00018
-0.00009
-0.00012
-0.00015
-0.00015
-0.00018
-0.00012
-0.00018
-0.00015
-0.00012
-0.00015
-0.00009
-0.00012
-0.00021
-0.00018
-0.00018
-0.00027
-0.00024
-0.00012
-0.00003
-0.00015
-0.00012
-0.00009
-0.00018
-0.00018
-0.00012
-0.00015
-0.00015
-0.00015
-0.00015
-0.00006
-0.00003
-0.00006
-0.00015
-0.00012
-0.00012
-0.00024
-0.00018
-0.00009
-0.00015
-0.00015
0.00000
-0.00003
-0.00006
-0.00003
-0.00009
-0.00018
-0.00015
-0.00012
-0.00018
-0.00015
-0.00015
-0.00015
-0.00009
-0.00009
-0.00012
-0.00012
-0.00006
-0.00012
-0.00015
-0.00012
-0.00009
-0.00012
-0.00012
-0.00012
-0.00012
-0.00006
-0.00006
-0.00012
-0.00015
-0.00009
-0.00012
-0.00018
-0.00015
-0.00009
-0.00009
-0.00015
-0.00006
-0.00012
-0.00012
-0.00012
-0.00018
-0.00015
-0.00018
-0.00012
-0.00018
-0.00012
-0.00012
-0.00015
-0.00012
-0.00015
-0.00012
-0.00021
-0.00015
-0.00009
-0.00015
-0.00009
-0.00012
-0.00012
-0.00012
-0.00018
-0.00009
-0.00015
-0.00015
-0.00015
-0.00015
-0.00018
-0.00012
-0.00009
-0.00003
-0.00021
0.00012
-0.00073
0.00095
-0.00192
0.00253
-0.00427
0.00580
-0.00888
0.00977
-0.10440
-0.11475
0.05023
-0.01797
-0.00534
-0.01166
0.05389
0.08054
0.10800
0.05481
-0.02264
-0.01581
-0.07245
-0.02939
0.01913
0.01263
-0.02106
-0.00665
0.00540
0.01151
0.03577
0.01147
-0.02576
-0.00763
0.00732
0.00513
0.01572
0.00769
-0.01331
-0.00507
-0.00223
-0.00720
-0.00555
0.00238
0.00653
0.00122
0.00620
0.00424
0.00214
0.00012
0.00439
0.00208
-0.00009
-0.00177
-0.00394
-0.00427
0.00140
0.00104
-0.00363
-0.00244
0.00369
0.00320
0.00119
0.00378
0.00146
-0.00009
0.00220
0.00220
0.00095
-0.00034
-0.00229
-0.00403
-0.00262
0.00018
-0.00211
-0.00192
-0.00082
-0.00067
0.00085
0.00122
0.00180
-0.00150
-0.00107
0.00064
0.00067
0.00122
-0.00018
0.00000
0.00000
0.00000
0.00000
0.00000
0.00000
0.00000
0.00000
0.00000
0.00000
0.00000
0.00000
0.00000
0.00000
0.00000
0.00000
0.00000
0.00000
0.00000
0.00000
0.00000
0.00000
0.00000
0.00000
0.00000
0.00000
0.00000
0.00000
0.00000
0.00000
0.00000
0.00000
0.00000
0.00000
0.00000
0.00000
0.00000
0.00000
0.00000
0.00000
0.00000
0.00000
0.00000
0.00000
0.00000
0.00000
0.00000
0.00000
0.00000
0.00000
0.00000
0.00000
0.00000
0.00000
0.00000
0.00000
0.00000
0.00000
0.00000
0.00000
0.00000
0.00000
0.00000
0.00000
0.00000
0.00000
0.00000
0.00000
0.00000
0.00000
0.00000
0.00000
0.00000
0.00000
0.00000
0.00000
0.00000
0.00000
0.00000
0.00000
0.00000
0.00000
0.00000
0.00000
0.00000
0.00000
0.00000
0.00000
0.00000
0.00000
0.00000
0.00000
0.00000
0.00000
0.00000
0.00000
0.00000
0.00000
0.00000
0.00000
0.00000
0.00000
0.00000
0.00000
0.00000
0.00000
0.00000
0.00000
0.00000
0.00000
0.00000
0.00000
0.00000
0.00000
0.00000
0.00000
0.00000
0.00000
0.00000
0.00000
0.00000
0.00000
0.00000
0.00000
0.00000
0.00000
0.00000
0.00000
0.00000
0.00000
0.00000
0.00000
0.00000
0.00000
0.00000
0.00000
0.00000
0.00000
0.00000
0.00000
0.00000
0.00000
0.00000
0.00000
0.00000
0.00000
0.00000
0.00000
0.00000
0.00000
0.00000
0.00000
0.00000
0.00000
0.00000
0.00000
0.00000
0.00000
0.00000
0.00000
0.00000
0.00000
0.00000
0.00000
0.00000
0.00000
0.00000
0.00000
0.00000
0.00000
0.00000
0.00000
0.00000
0.00000
0.00000
0.00000
0.00000
0.00000
0.00000
0.00000
0.00000
0.00000
0.00000
0.00000
0.00000
0.00000
0.00000
0.00000
0.00000
0.00000
0.00000
0.00000
0.00000
0.00000
0.00000
0.00000
0.00000
0.00000
0.00000
0.00000
0.00000
0.00000
0.00000
0.00000
0.00000
0.00000
0.00000
0.00000
0.00000
0.00000
0.00000
0.00000
0.00000
0.00000
0.00000
0.00000
0.00000
0.00000
0.00000
0.00000
0.00000
0.00000
0.00000
0.00000
0.00000
0.00000
0.00000
0.00000
0.00000
0.00000
0.00000
0.00000
0.00000
0.00000
0.00000
0.00000
0.00000
0.00000
0.00000
0.00000
0.00000
0.00000
0.00000
0.00000
0.00000
0.00000
0.00000
0.00000
0.00000
0.00000
0.00000
0.00000
