-0.00009
-0.00009
-0.00009
-0.00015
-0.00018
-0.00018
-0.00021
-0.00024
-0.00021
-0.00024
-0.00021
-0.00018
-0.00018
-0.00012
-0.00012
-0.00015
-0.00012
-0.00018
-0.00024
-0.00021
-0.00015
-0.00018
-0.00018
-0.00018
-0.00018
-0.00021
-0.00024
-0.00024
-0.00024
-0.00021
-0.00021
-0.00021
-0.00015
-0.00015
-0.00012
-0.00034
-0.00024
-0.00021
-0.00027
-0.00031
-0.00027
-0.00024
-0.00021
-0.00018
-0.00018
-0.00015
-0.00015
-0.00018
-0.00021
-0.00027
-0.00027
-0.00031
-0.00027
-0.00027
-0.00027
-0.00024
-0.00015
-0.00031
-0.00034
-0.00018
-0.00031
-0.00031
-0.00034
-0.00024
-0.00024
-0.00031
-0.00021
-0.00031
-0.00031
-0.00027
-0.00031
-0.00027
-0.00024
-0.00021
-0.00027
-0.00021
-0.00021
-0.00034
-0.00037
-0.00034
-0.00031
-0.00031
-0.00027
-0.00021
-0.00027
-0.00027
-0.00027
-0.00031
-0.00037
-0.00034
-0.00034
-0.00034
-0.00037
-0.00027
-0.00024
-0.00031
-0.00034
-0.00034
-0.00031
-0.00031
-0.00037
-0.00034
-0.00034
-0.00037
-0.00037
-0.00031
-0.00031
-0.00037
-0.00034
-0.00027
-0.00031
-0.00034
-0.00031
-0.00031
-0.00034
-0.00037
-0.00034
-0.00031
-0.00031
-0.00034
-0.00031
-0.00027
-0.00031
-0.00031
-0.00034
-0.00034
-0.00037
-0.00037
-0.00031
-0.00034
-0.00027
-0.00027
-0.00027
-0.00024
-0.00024
-0.00024
-0.00031
-0.00027
-0.00031
-0.00031
-0.00027
-0.00027
-0.00027
-0.00031
-0.00027
-0.00034
-0.00034
-0.00037
-0.00037
-0.00037
-0.00031
-0.00024
-0.00031
-0.00024
-0.00021
-0.00024
-0.00024
-0.00031
-0.00027
-0.00034
-0.00034
-0.00034
-0.00031
-0.00021
-0.00031
-0.00024
-0.00021
-0.00024
-0.00027
-0.00031
-0.00027
-0.00027
-0.00040
-0.00021
-0.00046
-0.00003
-0.00076
0.00046
-0.00128
0.00122
-0.00232
0.00232
-0.00391
0.00409
-0.04190
-0.09784
0.00977
-0.01074
-0.02609
-0.01901
0.01859
0.06491
0.04495
0.05536
0.03284
0.00412
-0.00476
-0.03787
0.00674
0.01105
-0.03012
-0.02032
-0.00366
0.01251
0.01312
0.01550
-0.00171
-0.00345
0.00699
0.00146
0.00085
0.00793
-0.00266
-0.00986
-0.00107
0.00177
-0.00330
-0.00101
0.00272
-0.00021
0.00067
0.00443
0.00165
0.00079
0.00308
0.00140
0.00119
0.00064
0.00024
-0.00415
-0.00134
0.00085
-0.00125
-0.00232
0.00018
0.00058
0.00085
0.00299
0.00247
0.00076
0.00211
0.00247
0.00089
-0.00113
-0.00131
-0.00116
-0.00247
-0.00180
-0.00177
-0.00104
-0.00049
-0.00119
0.00009
0.00104
0.00134
-0.00006
-0.00107
0.00107
0.00040
-0.00003
0.00000
0.00000
0.00000
0.00000
0.00000
0.00000
0.00000
0.00000
0.00000
0.00000
0.00000
0.00000
0.00000
0.00000
0.00000
0.00000
0.00000
0.00000
0.00000
0.00000
0.00000
0.00000
0.00000
0.00000
0.00000
0.00000
0.00000
0.00000
0.00000
0.00000
0.00000
0.00000
0.00000
0.00000
0.00000
0.00000
0.00000
0.00000
0.00000
0.00000
0.00000
0.00000
0.00000
0.00000
0.00000
0.00000
0.00000
0.00000
0.00000
0.00000
0.00000
0.00000
0.00000
0.00000
0.00000
0.00000
0.00000
0.00000
0.00000
0.00000
0.00000
0.00000
0.00000
0.00000
0.00000
0.00000
0.00000
0.00000
0.00000
0.00000
0.00000
0.00000
0.00000
0.00000
0.00000
0.00000
0.00000
0.00000
0.00000
0.00000
0.00000
0.00000
0.00000
0.00000
0.00000
0.00000
0.00000
0.00000
0.00000
0.00000
0.00000
0.00000
0.00000
0.00000
0.00000
0.00000
0.00000
0.00000
0.00000
0.00000
0.00000
0.00000
0.00000
0.00000
0.00000
0.00000
0.00000
0.00000
0.00000
0.00000
0.00000
0.00000
0.00000
0.00000
0.00000
0.00000
0.00000
0.00000
0.00000
0.00000
0.00000
0.00000
0.00000
0.00000
0.00000
0.00000
0.00000
0.00000
0.00000
0.00000
0.00000
0.00000
0.00000
0.00000
0.00000
0.00000
0.00000
0.00000
0.00000
0.00000
0.00000
0.00000
0.00000
0.00000
0.00000
0.00000
0.00000
0.00000
0.00000
0.00000
0.00000
0.00000
0.00000
0.00000
0.00000
0.00000
0.00000
0.00000
0.00000
0.00000
0.00000
0.00000
0.00000
0.00000
0.00000
0.00000
0.00000
0.00000
0.00000
0.00000
0.00000
0.00000
0.00000
0.00000
0.00000
0.00000
0.00000
0.00000
0.00000
0.00000
0.00000
0.00000
0.00000
0.00000
0.00000
0.00000
0.00000
0.00000
0.00000
0.00000
0.00000
0.00000
0.00000
0.00000
0.00000
0.00000
0.00000
0.00000
0.00000
0.00000
0.00000
0.00000
0.00000
0.00000
0.00000
0.00000
0.00000
0.00000
0.00000
0.00000
0.00000
0.00000
0.00000
0.00000
0.00000
0.00000
0.00000
0.00000
0.00000
0.00000
0.00000
0.00000
0.00000
0.00000
0.00000
0.00000
0.00000
0.00000
0.00000
0.00000
0.00000
0.00000
0.00000
0.00000
0.00000
0.00000
0.00000
0.00000
0.00000
0.00000
0.00000
0.00000
0.00000
0.00000
0.00000
0.00000
0.00000
0.00000
0.00000
0.00000
0.00000
0.00000
