0.00000
0.00003
0.00006
0.00006
0.00009
0.00006
0.00006
0.00003
0.00003
0.00003
0.00003
0.00003
0.00009
0.00012
0.00015
0.00012
0.00009
0.00003
0.00000
-0.00003
-0.00003
0.00000
0.00000
0.00000
0.00006
0.00009
0.00012
0.00012
0.00006
0.00009
0.00006
0.00006
0.00006
0.00009
0.00015
-0.00003
0.00003
0.00006
0.00006
0.00003
0.00003
0.00003
0.00003
0.00006
0.00003
0.00006
0.00009
0.00003
0.00006
0.00009
0.00006
0.00006
0.00006
0.00009
0.00012
0.00006
0.00003
0.00009
0.00009
0.00003
0.00000
0.00003
0.00003
0.00003
0.00006
0.00009
0.00009
0.00006
0.00006
0.00009
0.00006
0.00000
0.00003
0.00006
0.00009
0.00009
0.00009
0.00009
0.00012
0.00012
0.00012
0.00012
0.00012
0.00009
0.00006
0.00006
0.00003
0.00003
0.00006
0.00009
0.00009
0.00012
0.00018
0.00015
0.00009
0.00009
0.00006
0.00003
0.00000
0.00003
0.00006
0.00009
0.00009
0.00009
0.00012
0.00012
0.00012
0.00012
0.00012
0.00012
0.00009
0.00003
0.00003
0.00003
0.00003
0.00003
0.00006
0.00009
0.00009
0.00006
0.00009
0.00006
0.00003
0.00000
0.00000
0.00003
0.00003
0.00009
0.00012
0.00006
0.00009
0.00009
0.00006
0.00003
0.00000
0.00003
0.00003
0.00000
-0.00003
0.00000
0.00000
0.00000
0.00000
0.00009
0.00009
0.00003
0.00000
0.00006
0.00003
0.00000
0.00000
0.00000
0.00000
-0.00003
0.00000
0.00003
0.00000
0.00000
-0.00003
-0.00003
0.00000
0.00000
-0.00003
0.00000
0.00000
0.00000
0.00000
0.00000
0.00000
-0.00003
-0.00006
-0.00009
-0.00012
-0.00006
-0.00006
-0.00006
-0.00006
0.00000
0.00000
0.00000
0.00000
0.00000
0.00000
-0.00009
-0.00009
-0.00012
-0.00009
-0.00009
-0.00003
-0.00006
0.00000
-0.00015
0.00000
-0.00012
-0.00003
-0.00009
-0.00012
-0.00470
-0.02756
-0.01999
-0.01392
-0.00922
-0.00067
-0.00787
0.00302
0.02875
0.03601
0.01248
0.00369
-0.00595
-0.01950
-0.00977
-0.00302
-0.00180
0.00662
0.00281
-0.00110
0.01279
0.01645
0.00174
-0.00339
-0.00262
-0.00406
-0.00015
0.00159
-0.00204
0.00256
0.00525
-0.00171
-0.00104
0.00211
-0.00110
-0.00131
0.00098
-0.00027
0.00003
0.00204
0.00168
0.00214
0.00372
0.00259
-0.00046
-0.00128
-0.00003
0.00095
-0.00015
-0.00174
-0.00125
0.00049
0.00211
0.00311
0.00247
0.00165
0.00098
-0.00037
-0.00040
0.00043
-0.00021
-0.00159
-0.00104
0.00085
0.00107
-0.00015
-0.00107
-0.00095
0.00058
0.00134
0.00018
-0.00043
-0.00009
-0.00049
-0.00037
-0.00006
-0.00034
0.00000
0.00000
0.00000
0.00000
0.00000
0.00000
0.00000
0.00000
0.00000
0.00000
0.00000
0.00000
0.00000
0.00000
0.00000
0.00000
0.00000
0.00000
0.00000
0.00000
0.00000
0.00000
0.00000
0.00000
0.00000
0.00000
0.00000
0.00000
0.00000
0.00000
0.00000
0.00000
0.00000
0.00000
0.00000
0.00000
0.00000
0.00000
0.00000
0.00000
0.00000
0.00000
0.00000
0.00000
0.00000
0.00000
0.00000
0.00000
0.00000
0.00000
0.00000
0.00000
0.00000
0.00000
0.00000
0.00000
0.00000
0.00000
0.00000
0.00000
0.00000
0.00000
0.00000
0.00000
0.00000
0.00000
0.00000
0.00000
0.00000
0.00000
0.00000
0.00000
0.00000
0.00000
0.00000
0.00000
0.00000
0.00000
0.00000
0.00000
0.00000
0.00000
0.00000
0.00000
0.00000
0.00000
0.00000
0.00000
0.00000
0.00000
0.00000
0.00000
0.00000
0.00000
0.00000
0.00000
0.00000
0.00000
0.00000
0.00000
0.00000
0.00000
0.00000
0.00000
0.00000
0.00000
0.00000
0.00000
0.00000
0.00000
0.00000
0.00000
0.00000
0.00000
0.00000
0.00000
0.00000
0.00000
0.00000
0.00000
0.00000
0.00000
0.00000
0.00000
0.00000
0.00000
0.00000
0.00000
0.00000
0.00000
0.00000
0.00000
0.00000
0.00000
0.00000
0.00000
0.00000
0.00000
0.00000
0.00000
0.00000
0.00000
0.00000
0.00000
0.00000
0.00000
0.00000
0.00000
0.00000
0.00000
0.00000
0.00000
0.00000
0.00000
0.00000
0.00000
0.00000
0.00000
0.00000
0.00000
0.00000
0.00000
0.00000
0.00000
0.00000
0.00000
0.00000
0.00000
0.00000
0.00000
0.00000
0.00000
0.00000
0.00000
0.00000
0.00000
0.00000
0.00000
0.00000
0.00000
0.00000
0.00000
0.00000
0.00000
0.00000
0.00000
0.00000
0.00000
0.00000
0.00000
0.00000
0.00000
0.00000
0.00000
0.00000
0.00000
0.00000
0.00000
0.00000
0.00000
0.00000
0.00000
0.00000
0.00000
0.00000
0.00000
0.00000
0.00000
0.00000
0.00000
0.00000
0.00000
0.00000
0.00000
0.00000
0.00000
0.00000
0.00000
0.00000
0.00000
0.00000
0.00000
0.00000
0.00000
0.00000
0.00000
0.00000
0.00000
0.00000
0.00000
0.00000
0.00000
0.00000
0.00000
0.00000
0.00000
0.00000
0.00000
