-0.00027
-0.00031
-0.00027
-0.00027
-0.00031
-0.00034
-0.00034
-0.00031
-0.00027
-0.00024
-0.00018
-0.00015
-0.00021
-0.00021
-0.00021
-0.00027
-0.00034
-0.00037
-0.00034
-0.00034
-0.00031
-0.00027
-0.00027
-0.00031
-0.00034
-0.00034
-0.00024
-0.00021
-0.00024
-0.00018
-0.00021
-0.00021
-0.00024
-0.00024
-0.00018
-0.00043
-0.00034
-0.00021
-0.00024
-0.00021
-0.00015
-0.00018
-0.00021
-0.00018
-0.00018
-0.00021
-0.00024
-0.00021
-0.00018
-0.00018
-0.00021
-0.00021
-0.00018
-0.00021
-0.00024
-0.00024
-0.00018
-0.00018
-0.00024
-0.00018
-0.00015
-0.00018
-0.00018
-0.00015
-0.00015
-0.00015
-0.00015
-0.00015
-0.00015
-0.00018
-0.00018
-0.00015
-0.00015
-0.00015
-0.00018
-0.00015
-0.00015
-0.00015
-0.00015
-0.00015
-0.00015
-0.00018
-0.00015
-0.00012
-0.00012
-0.00012
-0.00012
-0.00009
-0.00012
-0.00012
-0.00006
-0.00012
-0.00012
-0.00009
-0.00012
-0.00012
-0.00015
-0.00012
-0.00012
-0.00012
-0.00012
-0.00012
-0.00009
-0.00009
-0.00015
-0.00012
-0.00009
-0.00009
-0.00012
-0.00009
-0.00006
-0.00012
-0.00012
-0.00009
-0.00006
-0.00006
-0.00003
-0.00003
-0.00003
-0.00006
-0.00006
-0.00009
-0.00009
-0.00012
-0.00012
-0.00012
-0.00009
-0.00006
-0.00006
-0.00003
-0.00006
-0.00006
-0.00006
-0.00006
-0.00009
-0.00009
-0.00009
-0.00009
-0.00012
-0.00009
-0.00006
-0.00009
-0.00006
-0.00006
-0.00003
0.00000
0.00000
0.00000
0.00000
0.00000
0.00000
-0.00003
-0.00006
-0.00009
-0.00006
-0.00006
-0.00006
-0.00003
-0.00003
0.00000
-0.00003
-0.00006
-0.00006
-0.00003
-0.00006
-0.00006
-0.00003
0.00000
0.00000
0.00003
0.00003
0.00000
0.00000
-0.00003
-0.00003
0.00000
-0.00003
-0.00003
0.00000
0.00000
-0.00003
0.00000
-0.00006
-0.00006
0.00000
-0.00006
-0.00003
0.00000
0.00003
0.00000
0.00006
-0.00006
0.00003
-0.00015
0.00015
-0.00024
0.00037
-0.00049
0.00027
-0.00946
-0.01999
-0.01450
-0.01584
-0.00790
-0.00696
-0.00851
-0.00034
0.01526
0.02188
0.01746
0.01544
0.00534
-0.00391
-0.00299
-0.00131
0.00076
0.00333
-0.00241
-0.00391
0.00504
0.00476
0.00055
0.00040
-0.00070
-0.00192
0.00146
0.00439
0.00369
0.00363
0.00082
-0.00284
-0.00085
-0.00043
-0.00281
-0.00153
0.00165
0.00284
0.00400
0.00366
0.00256
0.00220
0.00128
0.00043
0.00119
0.00180
0.00027
-0.00162
-0.00162
-0.00043
0.00159
0.00266
0.00232
0.00116
0.00018
0.00034
0.00146
0.00208
0.00128
0.00043
-0.00006
0.00012
0.00085
0.00015
-0.00101
-0.00101
0.00052
0.00092
0.00000
-0.00009
0.00052
0.00122
0.00095
-0.00006
-0.00037
-0.00024
-0.00006
0.00015
0.00000
0.00000
0.00000
0.00000
0.00000
0.00000
0.00000
0.00000
0.00000
0.00000
0.00000
0.00000
0.00000
0.00000
0.00000
0.00000
0.00000
0.00000
0.00000
0.00000
0.00000
0.00000
0.00000
0.00000
0.00000
0.00000
0.00000
0.00000
0.00000
0.00000
0.00000
0.00000
0.00000
0.00000
0.00000
0.00000
0.00000
0.00000
0.00000
0.00000
0.00000
0.00000
0.00000
0.00000
0.00000
0.00000
0.00000
0.00000
0.00000
0.00000
0.00000
0.00000
0.00000
0.00000
0.00000
0.00000
0.00000
0.00000
0.00000
0.00000
0.00000
0.00000
0.00000
0.00000
0.00000
0.00000
0.00000
0.00000
0.00000
0.00000
0.00000
0.00000
0.00000
0.00000
0.00000
0.00000
0.00000
0.00000
0.00000
0.00000
0.00000
0.00000
0.00000
0.00000
0.00000
0.00000
0.00000
0.00000
0.00000
0.00000
0.00000
0.00000
0.00000
0.00000
0.00000
0.00000
0.00000
0.00000
0.00000
0.00000
0.00000
0.00000
0.00000
0.00000
0.00000
0.00000
0.00000
0.00000
0.00000
0.00000
0.00000
0.00000
0.00000
0.00000
0.00000
0.00000
0.00000
0.00000
0.00000
0.00000
0.00000
0.00000
0.00000
0.00000
0.00000
0.00000
0.00000
0.00000
0.00000
0.00000
0.00000
0.00000
0.00000
0.00000
0.00000
0.00000
0.00000
0.00000
0.00000
0.00000
0.00000
0.00000
0.00000
0.00000
0.00000
0.00000
0.00000
0.00000
0.00000
0.00000
0.00000
0.00000
0.00000
0.00000
0.00000
0.00000
0.00000
0.00000
0.00000
0.00000
0.00000
0.00000
0.00000
0.00000
0.00000
0.00000
0.00000
0.00000
0.00000
0.00000
0.00000
0.00000
0.00000
0.00000
0.00000
0.00000
0.00000
0.00000
0.00000
0.00000
0.00000
0.00000
0.00000
0.00000
0.00000
0.00000
0.00000
0.00000
0.00000
0.00000
0.00000
0.00000
0.00000
0.00000
0.00000
0.00000
0.00000
0.00000
0.00000
0.00000
0.00000
0.00000
0.00000
0.00000
0.00000
0.00000
0.00000
0.00000
0.00000
0.00000
0.00000
0.00000
0.00000
0.00000
0.00000
0.00000
0.00000
0.00000
0.00000
0.00000
0.00000
0.00000
0.00000
0.00000
0.00000
0.00000
0.00000
0.00000
0.00000
0.00000
0.00000
0.00000
0.00000
0.00000
0.00000
