-0.00006
-0.00009
0.00000
-0.00006
-0.00015
-0.00009
-0.00003
-0.00006
-0.00012
-0.00018
-0.00018
-0.00009
-0.00018
-0.00012
-0.00009
-0.00003
-0.00006
-0.00006
-0.00009
-0.00006
-0.00006
-0.00012
-0.00009
-0.00006
-0.00006
-0.00009
-0.00012
-0.00012
-0.00012
-0.00009
-0.00003
0.00000
-0.00006
0.00000
0.00006
-0.00012
-0.00015
-0.00021
-0.00021
-0.00024
-0.00018
-0.00009
0.00000
0.00003
0.00003
0.00006
0.00003
0.00000
-0.00006
-0.00012
-0.00015
-0.00012
-0.00009
-0.00006
-0.00006
0.00000
0.00000
-0.00027
-0.00006
-0.00009
-0.00031
-0.00027
-0.00021
-0.00021
-0.00009
0.00000
0.00000
0.00009
0.00006
0.00012
0.00000
-0.00009
-0.00009
-0.00015
-0.00021
-0.00006
0.00000
-0.00009
0.00000
0.00000
-0.00006
-0.00012
-0.00012
-0.00012
-0.00009
-0.00003
-0.00009
-0.00006
-0.00006
-0.00009
-0.00015
-0.00012
-0.00012
0.00000
0.00009
0.00006
-0.00003
-0.00006
-0.00006
-0.00009
-0.00021
-0.00024
-0.00006
-0.00015
-0.00012
0.00003
0.00006
-0.00009
-0.00012
-0.00015
-0.00012
-0.00009
-0.00009
-0.00006
0.00000
0.00006
0.00000
-0.00009
-0.00009
-0.00018
-0.00027
-0.00018
-0.00003
0.00000
0.00003
0.00012
0.00006
0.00000
-0.00006
-0.00009
-0.00018
-0.00018
-0.00015
-0.00006
0.00000
-0.00003
0.00000
-0.00006
-0.00006
-0.00012
-0.00018
-0.00009
-0.00009
-0.00009
-0.00006
-0.00003
0.00000
0.00006
0.00000
-0.00003
-0.00003
-0.00015
-0.00021
-0.00015
-0.00009
-0.00009
-0.00006
0.00000
0.00000
-0.00006
-0.00003
-0.00009
-0.00003
-0.00009
-0.00009
0.00000
0.00000
0.00000
0.00000
-0.00009
-0.00009
-0.00006
0.00000
-0.00003
0.00012
-0.00015
0.00003
0.00021
-0.00052
0.00107
-0.00204
0.00339
-0.00555
-0.00299
-0.14560
-0.08603
0.04520
-0.00858
-0.01364
0.02982
0.08578
0.12387
0.11752
-0.01053
-0.03522
-0.06674
-0.07330
-0.01627
0.02539
0.00034
-0.01807
0.00912
0.01944
0.03494
0.03625
-0.01538
-0.03912
-0.00357
0.00986
0.01108
0.01010
-0.00043
-0.00974
-0.00201
-0.00201
-0.00336
-0.00250
0.00177
0.00256
0.00223
0.00681
0.00809
0.00125
-0.00006
0.00455
0.00076
-0.00095
-0.00244
-0.00537
-0.00439
0.00159
-0.00070
-0.00125
0.00211
0.00574
0.00146
0.00104
0.00330
0.00079
0.00021
0.00272
0.00217
0.00000
-0.00308
-0.00385
-0.00226
-0.00027
0.00006
-0.00189
-0.00189
-0.00076
0.00040
0.00119
0.00137
0.00052
-0.00110
0.00034
0.00159
0.00150
0.00079
-0.00064
0.00000
0.00000
0.00000
0.00000
0.00000
0.00000
0.00000
0.00000
0.00000
0.00000
0.00000
0.00000
0.00000
0.00000
0.00000
0.00000
0.00000
0.00000
0.00000
0.00000
0.00000
0.00000
0.00000
0.00000
0.00000
0.00000
0.00000
0.00000
0.00000
0.00000
0.00000
0.00000
0.00000
0.00000
0.00000
0.00000
0.00000
0.00000
0.00000
0.00000
0.00000
0.00000
0.00000
0.00000
0.00000
0.00000
0.00000
0.00000
0.00000
0.00000
0.00000
0.00000
0.00000
0.00000
0.00000
0.00000
0.00000
0.00000
0.00000
0.00000
0.00000
0.00000
0.00000
0.00000
0.00000
0.00000
0.00000
0.00000
0.00000
0.00000
0.00000
0.00000
0.00000
0.00000
0.00000
0.00000
0.00000
0.00000
0.00000
0.00000
0.00000
0.00000
0.00000
0.00000
0.00000
0.00000
0.00000
0.00000
0.00000
0.00000
0.00000
0.00000
0.00000
0.00000
0.00000
0.00000
0.00000
0.00000
0.00000
0.00000
0.00000
0.00000
0.00000
0.00000
0.00000
0.00000
0.00000
0.00000
0.00000
0.00000
0.00000
0.00000
0.00000
0.00000
0.00000
0.00000
0.00000
0.00000
0.00000
0.00000
0.00000
0.00000
0.00000
0.00000
0.00000
0.00000
0.00000
0.00000
0.00000
0.00000
0.00000
0.00000
0.00000
0.00000
0.00000
0.00000
0.00000
0.00000
0.00000
0.00000
0.00000
0.00000
0.00000
0.00000
0.00000
0.00000
0.00000
0.00000
0.00000
0.00000
0.00000
0.00000
0.00000
0.00000
0.00000
0.00000
0.00000
0.00000
0.00000
0.00000
0.00000
0.00000
0.00000
0.00000
0.00000
0.00000
0.00000
0.00000
0.00000
0.00000
0.00000
0.00000
0.00000
0.00000
0.00000
0.00000
0.00000
0.00000
0.00000
0.00000
0.00000
0.00000
0.00000
0.00000
0.00000
0.00000
0.00000
0.00000
0.00000
0.00000
0.00000
0.00000
0.00000
0.00000
0.00000
0.00000
0.00000
0.00000
0.00000
0.00000
0.00000
0.00000
0.00000
0.00000
0.00000
0.00000
0.00000
0.00000
0.00000
0.00000
0.00000
0.00000
0.00000
0.00000
0.00000
0.00000
0.00000
0.00000
0.00000
0.00000
0.00000
0.00000
0.00000
0.00000
0.00000
0.00000
0.00000
0.00000
0.00000
0.00000
0.00000
0.00000
0.00000
0.00000
0.00000
0.00000
0.00000
0.00000
0.00000
0.00000
0.00000
0.00000
0.00000
0.00000
0.00000
0.00000
0.00000
0.00000
0.00000
0.00000
0.00000
