-0.00006
-0.00009
-0.00006
-0.00003
-0.00009
-0.00012
-0.00009
-0.00009
-0.00012
-0.00006
-0.00003
-0.00006
-0.00003
-0.00003
-0.00003
-0.00003
-0.00006
-0.00009
-0.00009
-0.00009
-0.00009
-0.00012
-0.00006
-0.00006
-0.00012
-0.00006
0.00000
-0.00003
-0.00012
-0.00015
-0.00012
-0.00015
-0.00012
-0.00009
-0.00003
-0.00006
-0.00009
-0.00006
-0.00012
-0.00015
-0.00012
-0.00018
-0.00009
-0.00006
-0.00012
-0.00015
-0.00012
-0.00012
-0.00015
-0.00012
-0.00006
-0.00009
-0.00009
-0.00009
-0.00006
-0.00009
-0.00012
-0.00027
-0.00021
-0.00009
-0.00024
-0.00015
-0.00015
-0.00015
-0.00012
-0.00003
0.00000
-0.00012
-0.00012
-0.00012
-0.00015
-0.00015
-0.00015
-0.00012
-0.00015
-0.00012
-0.00012
-0.00015
-0.00012
-0.00009
-0.00018
-0.00018
-0.00021
-0.00021
-0.00021
-0.00021
-0.00015
-0.00018
-0.00015
-0.00009
-0.00015
-0.00015
-0.00015
-0.00021
-0.00021
-0.00015
-0.00012
-0.00018
-0.00015
-0.00012
-0.00018
-0.00021
-0.00018
-0.00018
-0.00024
-0.00012
-0.00012
-0.00012
-0.00012
-0.00021
-0.00021
-0.00021
-0.00018
-0.00021
-0.00018
-0.00012
-0.00018
-0.00018
-0.00015
-0.00021
-0.00024
-0.00021
-0.00018
-0.00018
-0.00024
-0.00021
-0.00018
-0.00021
-0.00024
-0.00027
-0.00024
-0.00021
-0.00021
-0.00018
-0.00015
-0.00015
-0.00021
-0.00024
-0.00024
-0.00021
-0.00027
-0.00018
-0.00015
-0.00024
-0.00018
-0.00021
-0.00021
-0.00024
-0.00018
-0.00021
-0.00024
-0.00018
-0.00024
-0.00024
-0.00027
-0.00024
-0.00018
-0.00018
-0.00021
-0.00027
-0.00027
-0.00027
-0.00021
-0.00015
-0.00024
-0.00018
-0.00015
-0.00024
-0.00018
-0.00021
-0.00027
-0.00024
-0.00031
-0.00018
-0.00037
0.00003
-0.00073
0.00046
-0.00125
0.00116
-0.00217
0.00232
-0.00363
0.00400
-0.04272
-0.10974
-0.01178
-0.01199
0.00214
0.01517
0.01837
0.02454
0.02734
0.06503
0.03491
0.01651
-0.00403
-0.02106
0.00336
-0.00592
-0.03674
-0.01276
0.01422
0.01157
0.01056
0.01993
0.00360
-0.00781
-0.00110
-0.00214
-0.00122
0.00394
-0.00421
-0.00485
0.00720
0.00201
-0.00436
-0.00027
0.00375
-0.00223
-0.00226
0.00400
0.00555
0.00363
0.00635
0.00549
0.00116
-0.00156
-0.00214
-0.00171
-0.00192
-0.00250
-0.00473
-0.00418
-0.00049
0.00092
0.00046
0.00345
0.00400
0.00085
0.00095
0.00342
0.00214
-0.00040
0.00058
0.00070
-0.00171
-0.00223
-0.00134
-0.00140
-0.00064
-0.00146
-0.00110
-0.00037
-0.00021
-0.00061
-0.00058
0.00140
0.00082
-0.00140
-0.00043
-0.00040
-0.00116
-0.00082
-0.00034
-0.00015
-0.00208
-0.00183
-0.00256
-0.00177
-0.00082
-0.00125
0.00012
0.00021
0.00012
0.00037
0.00024
-0.00003
-0.00168
-0.00137
-0.00150
-0.00247
-0.00204
-0.00217
-0.00162
-0.00143
-0.00165
-0.00092
-0.00110
-0.00079
-0.00037
-0.00009
0.00061
0.00055
0.00040
0.00049
-0.00012
-0.00040
-0.00055
-0.00040
-0.00076
-0.00168
-0.00156
-0.00189
-0.00241
-0.00217
-0.00159
-0.00098
-0.00085
-0.00037
0.00009
0.00015
0.00000
-0.00052
-0.00052
-0.00073
-0.00140
-0.00153
-0.00143
-0.00143
-0.00165
-0.00134
-0.00046
-0.00015
0.00000
0.00024
0.00049
0.00043
0.00034
0.00046
0.00031
0.00012
-0.00024
-0.00052
-0.00031
-0.00052
-0.00082
-0.00098
-0.00092
-0.00079
-0.00079
-0.00046
-0.00034
-0.00040
-0.00018
0.00015
0.00046
0.00040
0.00024
0.00043
0.00031
0.00000
-0.00024
-0.00034
-0.00043
-0.00073
-0.00055
-0.00024
0.00000
0.00006
0.00000
0.00037
0.00000
-0.00043
-0.00055
-0.00043
-0.00006
0.00006
0.00082
0.00110
0.00082
0.00064
0.00000
0.00000
0.00000
0.00000
0.00000
0.00000
0.00000
0.00000
0.00000
0.00000
0.00000
0.00000
0.00000
0.00000
0.00000
0.00000
0.00000
0.00000
0.00000
0.00000
0.00000
0.00000
0.00000
0.00000
0.00000
0.00000
0.00000
0.00000
0.00000
0.00000
0.00000
0.00000
0.00000
0.00000
0.00000
0.00000
0.00000
0.00000
0.00000
0.00000
0.00000
0.00000
0.00000
0.00000
0.00000
0.00000
0.00000
0.00000
0.00000
0.00000
0.00000
0.00000
0.00000
0.00000
0.00000
0.00000
0.00000
0.00000
0.00000
0.00000
0.00000
0.00000
0.00000
0.00000
0.00000
0.00000
0.00000
0.00000
0.00000
0.00000
0.00000
0.00000
0.00000
0.00000
0.00000
0.00000
0.00000
0.00000
0.00000
0.00000
0.00000
0.00000
0.00000
0.00000
0.00000
0.00000
0.00000
0.00000
0.00000
0.00000
0.00000
0.00000
0.00000
0.00000
0.00000
0.00000
0.00000
0.00000
0.00000
0.00000
0.00000
0.00000
0.00000
0.00000
0.00000
0.00000
0.00000
0.00000
0.00000
0.00000
0.00000
0.00000
0.00000
0.00000
0.00000
0.00000
0.00000
0.00000
0.00000
0.00000
0.00000
0.00000
0.00000
0.00000
0.00000
0.00000
0.00000
0.00000
0.00000
0.00000
0.00000
0.00000
0.00000
0.00000
0.00000
0.00000
0.00000
0.00000
0.00000
0.00000
