-0.00027
-0.00027
-0.00034
-0.00024
-0.00024
-0.00021
-0.00024
-0.00024
-0.00021
-0.00027
-0.00027
-0.00024
-0.00024
-0.00027
-0.00031
-0.00027
-0.00024
-0.00024
-0.00018
-0.00021
-0.00027
-0.00027
-0.00031
-0.00021
-0.00021
-0.00021
-0.00018
-0.00015
-0.00015
-0.00024
-0.00021
-0.00021
-0.00024
-0.00024
-0.00018
-0.00015
-0.00018
-0.00021
-0.00021
-0.00021
-0.00021
-0.00021
-0.00018
-0.00009
-0.00015
-0.00018
-0.00015
-0.00015
-0.00015
-0.00018
-0.00018
-0.00015
-0.00021
-0.00018
-0.00015
-0.00012
-0.00012
-0.00012
-0.00009
-0.00012
-0.00018
-0.00021
-0.00024
-0.00018
-0.00015
-0.00015
-0.00012
-0.00012
-0.00018
-0.00015
-0.00015
-0.00015
-0.00015
-0.00015
-0.00012
-0.00021
-0.00018
-0.00012
-0.00015
-0.00015
-0.00006
-0.00006
-0.00009
-0.00015
-0.00015
-0.00018
-0.00018
-0.00012
-0.00015
-0.00015
-0.00012
-0.00003
0.00000
-0.00003
-0.00006
-0.00009
-0.00003
-0.00009
-0.00012
-0.00006
-0.00009
-0.00009
-0.00003
-0.00003
-0.00006
-0.00012
-0.00009
-0.00006
-0.00006
-0.00006
-0.00006
-0.00003
-0.00006
-0.00009
-0.00012
-0.00009
-0.00009
-0.00009
-0.00003
0.00000
0.00006
0.00000
-0.00003
-0.00003
-0.00009
-0.00012
-0.00009
-0.00006
-0.00006
0.00000
0.00000
0.00000
-0.00003
-0.00006
-0.00012
-0.00009
-0.00006
-0.00003
0.00000
-0.00003
-0.00003
0.00000
-0.00003
-0.00003
-0.00006
-0.00006
-0.00003
-0.00003
-0.00003
0.00000
0.00000
-0.00006
-0.00012
-0.00006
-0.00003
-0.00006
-0.00006
0.00000
0.00000
-0.00003
-0.00006
0.00000
-0.00003
-0.00009
-0.00006
-0.00003
-0.00003
0.00000
0.00003
0.00000
0.00000
0.00000
-0.00003
-0.00006
-0.00006
-0.00009
-0.00003
0.00000
0.00000
0.00000
0.00003
0.00003
-0.00003
0.00000
-0.00015
0.00006
-0.00037
0.00024
-0.00061
0.00089
-0.00125
0.00052
-0.02658
-0.05704
-0.03265
-0.02856
-0.02002
0.01227
0.04269
0.05923
0.04291
0.03314
0.01218
-0.01340
-0.01895
-0.02530
-0.00473
0.00583
-0.00421
0.00052
0.00842
0.00461
0.00076
0.00427
0.00336
0.00079
0.00082
-0.00012
-0.00098
0.00345
0.00314
-0.00073
0.00134
-0.00159
-0.00580
-0.00439
-0.00095
-0.00079
-0.00049
0.00272
0.00461
0.00449
0.00485
0.00491
0.00354
0.00220
0.00101
-0.00058
-0.00146
-0.00156
-0.00146
-0.00153
-0.00015
0.00055
-0.00006
0.00177
0.00418
0.00351
0.00284
0.00311
0.00220
0.00043
-0.00021
-0.00021
-0.00119
-0.00177
-0.00131
-0.00153
-0.00107
-0.00021
0.00034
0.00104
0.00171
0.00119
0.00037
0.00122
0.00110
-0.00101
-0.00079
-0.00015
-0.00107
-0.00122
-0.00070
-0.00049
-0.00031
-0.00040
-0.00089
-0.00089
-0.00024
-0.00027
0.00012
0.00076
0.00055
0.00037
0.00015
-0.00009
-0.00064
-0.00085
-0.00098
-0.00159
-0.00180
-0.00201
-0.00192
-0.00140
-0.00101
-0.00009
0.00015
0.00000
0.00000
-0.00003
0.00012
0.00018
0.00049
0.00052
0.00031
0.00006
-0.00052
-0.00098
-0.00153
-0.00174
-0.00146
-0.00131
-0.00116
-0.00119
-0.00104
-0.00073
-0.00040
0.00000
0.00012
0.00018
0.00006
-0.00024
-0.00055
-0.00079
-0.00125
-0.00150
-0.00140
-0.00122
-0.00113
-0.00095
-0.00043
-0.00003
0.00018
0.00040
0.00058
0.00055
0.00021
0.00003
0.00000
-0.00015
-0.00031
-0.00034
-0.00037
-0.00046
-0.00046
-0.00055
-0.00055
-0.00052
-0.00055
-0.00040
-0.00034
-0.00015
-0.00003
0.00003
0.00034
0.00031
0.00024
0.00018
0.00000
-0.00012
0.00000
0.00000
0.00000
0.00000
0.00000
0.00000
0.00000
0.00000
0.00000
0.00000
0.00000
0.00000
0.00000
0.00000
0.00000
0.00000
0.00000
0.00000
0.00000
0.00000
0.00000
0.00000
0.00000
0.00000
0.00000
0.00000
0.00000
0.00000
0.00000
0.00000
0.00000
0.00000
0.00000
0.00000
0.00000
0.00000
0.00000
0.00000
0.00000
0.00000
0.00000
0.00000
0.00000
0.00000
0.00000
0.00000
0.00000
0.00000
0.00000
0.00000
0.00000
0.00000
0.00000
0.00000
0.00000
0.00000
0.00000
0.00000
0.00000
0.00000
0.00000
0.00000
0.00000
0.00000
0.00000
0.00000
0.00000
0.00000
0.00000
0.00000
0.00000
0.00000
0.00000
0.00000
0.00000
0.00000
0.00000
0.00000
0.00000
0.00000
0.00000
0.00000
0.00000
0.00000
0.00000
0.00000
0.00000
0.00000
0.00000
0.00000
0.00000
0.00000
0.00000
0.00000
0.00000
0.00000
0.00000
0.00000
0.00000
0.00000
0.00000
0.00000
0.00000
0.00000
0.00000
0.00000
0.00000
0.00000
0.00000
0.00000
0.00000
0.00000
0.00000
0.00000
0.00000
0.00000
0.00000
0.00000
0.00000
0.00000
0.00000
0.00000
0.00000
0.00000
0.00000
0.00000
0.00000
0.00000
0.00000
0.00000
0.00000
0.00000
0.00000
0.00000
0.00000
0.00000
0.00000
0.00000
0.00000
0.00000
0.00000
0.00000
0.00000
0.00000
0.00000
0.00000
0.00000
0.00000
0.00000
0.00000
0.00000
0.00000
