-0.00018
-0.00018
-0.00018
-0.00018
-0.00021
-0.00018
-0.00021
-0.00015
-0.00012
-0.00018
-0.00021
-0.00021
-0.00018
-0.00018
-0.00018
-0.00024
-0.00024
-0.00021
-0.00024
-0.00018
-0.00012
-0.00009
-0.00012
-0.00009
-0.00009
-0.00015
-0.00018
-0.00015
-0.00018
-0.00021
-0.00021
-0.00015
-0.00021
-0.00021
-0.00018
-0.00015
-0.00021
-0.00015
-0.00009
-0.00015
-0.00012
-0.00018
-0.00024
-0.00015
-0.00015
-0.00015
-0.00009
-0.00012
-0.00015
-0.00024
-0.00024
-0.00021
-0.00018
-0.00009
-0.00012
-0.00015
-0.00018
-0.00021
-0.00021
-0.00018
-0.00015
-0.00012
-0.00012
-0.00015
-0.00015
-0.00021
-0.00024
-0.00021
-0.00012
-0.00006
-0.00012
-0.00015
-0.00012
-0.00018
-0.00012
-0.00009
-0.00018
-0.00015
-0.00018
-0.00021
-0.00021
-0.00015
-0.00018
-0.00015
-0.00009
-0.00015
-0.00018
-0.00012
-0.00009
-0.00018
-0.00018
-0.00021
-0.00021
-0.00024
-0.00021
-0.00012
-0.00009
-0.00012
-0.00015
-0.00015
-0.00018
-0.00018
-0.00015
-0.00018
-0.00015
-0.00015
-0.00015
-0.00012
-0.00015
-0.00021
-0.00018
-0.00015
-0.00015
-0.00015
-0.00012
-0.00009
-0.00015
-0.00018
-0.00024
-0.00024
-0.00021
-0.00018
-0.00015
-0.00012
-0.00006
-0.00012
-0.00015
-0.00021
-0.00021
-0.00021
-0.00015
0.00000
-0.00003
-0.00009
-0.00009
-0.00012
-0.00018
-0.00024
-0.00018
-0.00015
-0.00015
-0.00012
-0.00012
-0.00012
-0.00012
-0.00012
-0.00015
-0.00012
-0.00015
-0.00015
-0.00006
-0.00009
-0.00012
-0.00009
-0.00006
-0.00012
-0.00018
-0.00015
-0.00012
-0.00015
-0.00015
-0.00009
-0.00009
-0.00006
-0.00009
-0.00009
-0.00006
-0.00012
-0.00015
-0.00012
-0.00012
-0.00015
-0.00012
-0.00006
-0.00009
-0.00015
-0.00012
-0.00015
-0.00018
-0.00018
-0.00027
-0.00006
-0.00003
-0.00015
-0.00009
-0.00006
-0.00009
-0.00009
-0.00009
-0.00009
-0.00009
-0.00015
-0.00018
-0.00006
-0.00015
-0.00015
-0.00031
-0.00009
-0.00018
0.00000
0.00009
-0.00015
-0.00406
-0.02219
-0.01996
-0.02744
-0.01617
0.01096
0.02240
0.02579
0.01160
0.00861
-0.00433
-0.01462
-0.02130
-0.01590
-0.00363
0.00681
0.01202
0.01620
0.01456
0.00732
0.00381
0.00095
-0.00256
-0.00494
-0.00269
0.00070
0.00308
0.00296
0.00229
0.00128
0.00204
0.00128
0.00095
0.00046
0.00018
-0.00031
0.00040
0.00232
0.00201
0.00195
0.00180
0.00189
0.00070
-0.00009
-0.00037
-0.00018
0.00006
0.00043
0.00067
0.00079
0.00043
0.00107
0.00116
0.00174
0.00168
0.00076
0.00079
0.00079
0.00046
-0.00037
0.00003
0.00043
-0.00040
-0.00098
0.00058
0.00131
0.00040
0.00113
0.00134
0.00021
0.00000
0.00024
-0.00095
-0.00107
-0.00040
-0.00070
-0.00040
0.00000
-0.00067
-0.00021
0.00031
-0.00024
-0.00073
-0.00046
-0.00046
-0.00101
-0.00055
-0.00021
-0.00037
-0.00006
-0.00034
-0.00037
-0.00055
-0.00089
-0.00101
-0.00122
-0.00089
-0.00067
-0.00046
-0.00040
-0.00079
-0.00073
-0.00076
-0.00085
-0.00089
-0.00089
-0.00058
-0.00049
-0.00064
-0.00089
-0.00095
-0.00061
-0.00034
-0.00018
-0.00037
-0.00058
-0.00070
-0.00070
-0.00055
-0.00058
-0.00061
-0.00082
-0.00095
-0.00073
-0.00061
-0.00067
-0.00079
-0.00070
-0.00043
-0.00037
-0.00058
-0.00085
-0.00113
-0.00122
-0.00085
-0.00043
-0.00049
-0.00079
-0.00082
-0.00073
-0.00064
-0.00046
-0.00021
-0.00024
-0.00043
-0.00027
-0.00018
-0.00021
-0.00031
-0.00037
-0.00027
-0.00034
-0.00034
-0.00018
-0.00018
-0.00021
-0.00027
-0.00034
-0.00040
-0.00040
-0.00031
-0.00027
-0.00012
0.00000
0.00000
-0.00006
-0.00021
-0.00018
-0.00006
-0.00009
0.00000
0.00000
0.00000
0.00000
0.00000
0.00000
0.00000
0.00000
0.00000
0.00000
0.00000
0.00000
0.00000
0.00000
0.00000
0.00000
0.00000
0.00000
0.00000
0.00000
0.00000
0.00000
0.00000
0.00000
0.00000
0.00000
0.00000
0.00000
0.00000
0.00000
0.00000
0.00000
0.00000
0.00000
0.00000
0.00000
0.00000
0.00000
0.00000
0.00000
0.00000
0.00000
0.00000
0.00000
0.00000
0.00000
0.00000
0.00000
0.00000
0.00000
0.00000
0.00000
0.00000
0.00000
0.00000
0.00000
0.00000
0.00000
0.00000
0.00000
0.00000
0.00000
0.00000
0.00000
0.00000
0.00000
0.00000
0.00000
0.00000
0.00000
0.00000
0.00000
0.00000
0.00000
0.00000
0.00000
0.00000
0.00000
0.00000
0.00000
0.00000
0.00000
0.00000
0.00000
0.00000
0.00000
0.00000
0.00000
0.00000
0.00000
0.00000
0.00000
0.00000
0.00000
0.00000
0.00000
0.00000
0.00000
0.00000
0.00000
0.00000
0.00000
0.00000
0.00000
0.00000
0.00000
0.00000
0.00000
0.00000
0.00000
0.00000
0.00000
0.00000
0.00000
0.00000
0.00000
0.00000
0.00000
0.00000
0.00000
0.00000
0.00000
0.00000
0.00000
0.00000
0.00000
0.00000
0.00000
0.00000
0.00000
0.00000
0.00000
0.00000
0.00000
0.00000
0.00000
0.00000
0.00000
0.00000
0.00000
