0.00009
0.00015
0.00009
0.00003
0.00006
0.00009
0.00009
0.00009
0.00018
0.00015
0.00012
0.00018
0.00015
0.00009
0.00009
0.00009
0.00012
0.00015
0.00018
0.00009
0.00015
0.00015
0.00009
0.00012
0.00012
0.00009
0.00012
0.00009
0.00012
0.00009
0.00015
0.00012
0.00009
0.00015
0.00012
0.00006
0.00009
0.00015
0.00015
0.00009
0.00015
0.00018
0.00021
0.00021
0.00015
0.00015
0.00021
0.00015
0.00018
0.00015
0.00015
0.00009
0.00009
0.00012
0.00027
0.00018
0.00018
0.00037
0.00012
0.00021
0.00018
0.00018
0.00012
0.00009
0.00012
0.00009
0.00018
0.00021
0.00018
0.00015
0.00018
0.00012
0.00009
0.00015
0.00021
0.00015
0.00018
0.00024
0.00009
0.00009
0.00003
0.00003
0.00006
0.00018
0.00027
0.00018
0.00018
0.00021
0.00015
0.00009
0.00009
0.00012
0.00018
0.00018
0.00018
0.00009
0.00009
0.00012
0.00015
0.00021
0.00024
0.00021
0.00015
0.00021
0.00015
0.00003
0.00009
0.00006
0.00003
0.00006
0.00009
0.00006
0.00009
0.00006
0.00006
0.00012
0.00015
0.00012
0.00012
0.00015
0.00012
0.00012
0.00006
0.00003
0.00009
0.00012
0.00015
0.00015
0.00018
0.00012
0.00009
0.00003
0.00003
0.00009
0.00012
0.00012
0.00015
0.00021
0.00009
0.00015
0.00018
0.00009
0.00009
0.00000
0.00009
0.00009
0.00003
0.00003
0.00006
0.00009
0.00006
0.00018
0.00018
0.00012
0.00012
0.00003
0.00000
-0.00003
0.00000
0.00003
0.00009
0.00018
0.00006
0.00009
0.00012
0.00006
0.00003
0.00003
0.00000
0.00003
0.00000
0.00021
-0.00015
0.00043
-0.00064
0.00116
-0.00137
0.00208
-0.00247
0.00323
-0.00403
0.00531
-0.04758
-0.15247
-0.00479
-0.00247
0.02621
0.04816
0.01877
0.01688
0.02823
0.06198
0.00827
0.00504
-0.00900
-0.00247
0.01834
0.00940
-0.04224
-0.01733
0.01193
-0.00690
0.00986
0.02945
0.00418
-0.00446
0.00830
0.00156
0.00092
0.00284
-0.01013
-0.01297
0.00793
-0.00214
-0.00821
0.00394
0.01093
0.00345
0.00378
0.00473
-0.00009
-0.00031
0.00363
0.00281
-0.00024
0.00107
-0.00043
0.00171
0.00162
-0.00015
-0.00436
-0.00473
-0.00180
-0.00079
-0.00137
0.00323
0.00470
0.00177
0.00296
0.00476
0.00241
-0.00156
-0.00049
-0.00024
-0.00308
-0.00302
-0.00153
-0.00180
-0.00024
-0.00070
-0.00037
0.00024
0.00012
-0.00027
-0.00027
0.00217
0.00104
-0.00119
-0.00076
-0.00098
-0.00247
-0.00168
-0.00040
-0.00058
-0.00143
-0.00079
-0.00116
-0.00027
-0.00043
-0.00153
-0.00104
-0.00031
-0.00116
0.00018
0.00055
0.00012
-0.00061
-0.00104
-0.00156
-0.00305
-0.00235
-0.00253
-0.00183
-0.00092
-0.00156
-0.00049
-0.00070
-0.00107
-0.00064
-0.00027
0.00043
0.00092
0.00073
0.00070
0.00000
-0.00058
-0.00101
-0.00092
-0.00101
-0.00186
-0.00159
-0.00159
-0.00226
-0.00195
-0.00125
-0.00079
-0.00070
-0.00018
0.00003
-0.00018
-0.00043
-0.00095
-0.00089
-0.00076
-0.00146
-0.00174
-0.00140
-0.00150
-0.00168
-0.00134
-0.00034
-0.00003
-0.00009
0.00009
0.00046
0.00061
0.00037
0.00055
0.00046
0.00000
-0.00052
-0.00046
-0.00018
-0.00058
-0.00101
-0.00095
-0.00101
-0.00107
-0.00098
-0.00055
-0.00031
-0.00040
-0.00012
0.00015
0.00027
0.00012
0.00012
0.00034
0.00021
-0.00006
-0.00021
-0.00043
-0.00061
-0.00092
-0.00070
-0.00046
-0.00031
-0.00006
0.00000
0.00058
0.00064
0.00070
0.00076
0.00055
0.00003
0.00000
0.00000
0.00000
0.00000
0.00000
0.00000
0.00000
0.00000
0.00000
0.00000
0.00000
0.00000
0.00000
0.00000
0.00000
0.00000
0.00000
0.00000
0.00000
0.00000
0.00000
0.00000
0.00000
0.00000
0.00000
0.00000
0.00000
0.00000
0.00000
0.00000
0.00000
0.00000
0.00000
0.00000
0.00000
0.00000
0.00000
0.00000
0.00000
0.00000
0.00000
0.00000
0.00000
0.00000
0.00000
0.00000
0.00000
0.00000
0.00000
0.00000
0.00000
0.00000
0.00000
0.00000
0.00000
0.00000
0.00000
0.00000
0.00000
0.00000
0.00000
0.00000
0.00000
0.00000
0.00000
0.00000
0.00000
0.00000
0.00000
0.00000
0.00000
0.00000
0.00000
0.00000
0.00000
0.00000
0.00000
0.00000
0.00000
0.00000
0.00000
0.00000
0.00000
0.00000
0.00000
0.00000
0.00000
0.00000
0.00000
0.00000
0.00000
0.00000
0.00000
0.00000
0.00000
0.00000
0.00000
0.00000
0.00000
0.00000
0.00000
0.00000
0.00000
0.00000
0.00000
0.00000
0.00000
0.00000
0.00000
0.00000
0.00000
0.00000
0.00000
0.00000
0.00000
0.00000
0.00000
0.00000
0.00000
0.00000
0.00000
0.00000
0.00000
0.00000
0.00000
0.00000
0.00000
0.00000
0.00000
0.00000
0.00000
0.00000
0.00000
0.00000
0.00000
0.00000
0.00000
0.00000
0.00000
0.00000
0.00000
0.00000
0.00000
0.00000
0.00000
0.00000
0.00000
