-0.00043
-0.00049
-0.00046
-0.00043
-0.00040
-0.00034
-0.00027
-0.00024
-0.00024
-0.00021
-0.00024
-0.00027
-0.00031
-0.00037
-0.00034
-0.00031
-0.00027
-0.00024
-0.00027
-0.00021
-0.00018
-0.00027
-0.00027
-0.00031
-0.00040
-0.00043
-0.00037
-0.00031
-0.00027
-0.00031
-0.00027
-0.00024
-0.00024
-0.00027
-0.00031
-0.00031
-0.00034
-0.00034
-0.00031
-0.00037
-0.00040
-0.00046
-0.00040
-0.00037
-0.00034
-0.00024
-0.00012
-0.00015
-0.00021
-0.00021
-0.00027
-0.00034
-0.00034
-0.00034
-0.00027
-0.00027
-0.00027
-0.00027
-0.00021
-0.00024
-0.00034
-0.00031
-0.00027
-0.00031
-0.00040
-0.00027
-0.00027
-0.00037
-0.00034
-0.00037
-0.00040
-0.00040
-0.00040
-0.00034
-0.00034
-0.00037
-0.00040
-0.00040
-0.00037
-0.00040
-0.00037
-0.00037
-0.00040
-0.00027
-0.00027
-0.00024
-0.00021
-0.00027
-0.00031
-0.00037
-0.00040
-0.00040
-0.00037
-0.00037
-0.00034
-0.00027
-0.00031
-0.00034
-0.00027
-0.00024
-0.00024
-0.00027
-0.00031
-0.00037
-0.00037
-0.00037
-0.00034
-0.00027
-0.00027
-0.00027
-0.00024
-0.00027
-0.00031
-0.00034
-0.00037
-0.00043
-0.00043
-0.00034
-0.00031
-0.00031
-0.00024
-0.00015
-0.00024
-0.00031
-0.00037
-0.00037
-0.00034
-0.00034
-0.00021
-0.00018
-0.00012
-0.00015
-0.00015
-0.00021
-0.00037
-0.00037
-0.00031
-0.00027
-0.00031
-0.00031
-0.00031
-0.00034
-0.00031
-0.00027
-0.00024
-0.00027
-0.00031
-0.00024
-0.00018
-0.00012
-0.00012
-0.00015
-0.00021
-0.00024
-0.00034
-0.00037
-0.00034
-0.00031
-0.00024
-0.00015
-0.00009
-0.00012
-0.00009
-0.00015
-0.00018
-0.00018
-0.00021
-0.00027
-0.00031
-0.00031
-0.00034
-0.00031
-0.00024
-0.00024
-0.00031
-0.00027
-0.00021
-0.00012
-0.00009
-0.00012
-0.00012
-0.00018
-0.00018
-0.00034
0.00000
-0.00043
0.00015
-0.00095
0.00082
-0.00162
0.00006
-0.03375
-0.05637
-0.03220
-0.03293
-0.01614
0.01160
0.04343
0.05939
0.04623
0.03821
0.01349
-0.01282
-0.02310
-0.02597
-0.00467
0.00400
-0.00330
0.00177
0.00821
0.00342
0.00095
0.00369
0.00354
0.00150
0.00116
-0.00070
-0.00116
0.00327
0.00208
0.00024
0.00247
-0.00021
-0.00500
-0.00485
-0.00186
-0.00180
-0.00018
0.00327
0.00397
0.00302
0.00375
0.00348
0.00220
0.00085
0.00027
0.00027
0.00031
-0.00046
-0.00150
-0.00165
-0.00012
-0.00018
-0.00003
0.00204
0.00317
0.00314
0.00323
0.00363
0.00244
0.00000
-0.00049
-0.00058
-0.00116
-0.00140
-0.00177
-0.00146
-0.00119
-0.00143
0.00006
0.00070
0.00140
0.00159
0.00095
0.00113
0.00082
-0.00015
-0.00098
-0.00098
-0.00082
-0.00165
-0.00116
-0.00043
-0.00092
-0.00049
-0.00049
-0.00085
-0.00055
-0.00027
0.00018
0.00027
0.00043
0.00040
0.00034
0.00000
-0.00061
-0.00076
-0.00098
-0.00159
-0.00186
-0.00198
-0.00180
-0.00159
-0.00122
-0.00034
0.00000
0.00006
0.00018
-0.00006
0.00009
0.00021
0.00058
0.00101
0.00055
0.00006
-0.00027
-0.00073
-0.00128
-0.00198
-0.00189
-0.00159
-0.00159
-0.00122
-0.00089
-0.00052
-0.00015
0.00027
0.00052
0.00031
0.00003
-0.00034
-0.00055
-0.00076
-0.00107
-0.00113
-0.00107
-0.00104
-0.00116
-0.00104
-0.00058
-0.00015
0.00021
0.00052
0.00076
0.00076
0.00055
0.00034
0.00027
0.00003
-0.00024
-0.00040
-0.00031
-0.00037
-0.00052
-0.00037
-0.00034
-0.00037
-0.00034
-0.00021
-0.00006
-0.00006
0.00012
0.00040
0.00052
0.00055
0.00043
0.00031
0.00009
-0.00003
-0.00012
-0.00006
-0.00003
-0.00046
-0.00067
-0.00082
-0.00058
-0.00027
0.00012
0.00000
0.00000
0.00000
0.00000
0.00000
0.00000
0.00000
0.00000
0.00000
0.00000
0.00000
0.00000
0.00000
0.00000
0.00000
0.00000
0.00000
0.00000
0.00000
0.00000
0.00000
0.00000
0.00000
0.00000
0.00000
0.00000
0.00000
0.00000
0.00000
0.00000
0.00000
0.00000
0.00000
0.00000
0.00000
0.00000
0.00000
0.00000
0.00000
0.00000
0.00000
0.00000
0.00000
0.00000
0.00000
0.00000
0.00000
0.00000
0.00000
0.00000
0.00000
0.00000
0.00000
0.00000
0.00000
0.00000
0.00000
0.00000
0.00000
0.00000
0.00000
0.00000
0.00000
0.00000
0.00000
0.00000
0.00000
0.00000
0.00000
0.00000
0.00000
0.00000
0.00000
0.00000
0.00000
0.00000
0.00000
0.00000
0.00000
0.00000
0.00000
0.00000
0.00000
0.00000
0.00000
0.00000
0.00000
0.00000
0.00000
0.00000
0.00000
0.00000
0.00000
0.00000
0.00000
0.00000
0.00000
0.00000
0.00000
0.00000
0.00000
0.00000
0.00000
0.00000
0.00000
0.00000
0.00000
0.00000
0.00000
0.00000
0.00000
0.00000
0.00000
0.00000
0.00000
0.00000
0.00000
0.00000
0.00000
0.00000
0.00000
0.00000
0.00000
0.00000
0.00000
0.00000
0.00000
0.00000
0.00000
0.00000
0.00000
0.00000
0.00000
0.00000
0.00000
0.00000
0.00000
0.00000
0.00000
0.00000
0.00000
0.00000
0.00000
0.00000
