-0.00018
-0.00015
-0.00012
-0.00012
-0.00015
-0.00015
-0.00018
-0.00018
-0.00021
-0.00021
-0.00018
-0.00018
-0.00015
-0.00015
-0.00015
-0.00015
-0.00018
-0.00018
-0.00018
-0.00018
-0.00018
-0.00012
-0.00018
-0.00015
-0.00015
-0.00021
-0.00018
-0.00015
-0.00012
-0.00012
-0.00012
-0.00018
-0.00018
-0.00018
-0.00018
-0.00018
-0.00018
-0.00015
-0.00012
-0.00012
-0.00012
-0.00018
-0.00018
-0.00018
-0.00018
-0.00018
-0.00015
-0.00015
-0.00009
-0.00012
-0.00015
-0.00012
-0.00015
-0.00018
-0.00015
-0.00012
-0.00012
-0.00018
-0.00018
-0.00021
-0.00024
-0.00015
-0.00015
-0.00012
-0.00006
-0.00009
-0.00012
-0.00015
-0.00018
-0.00015
-0.00018
-0.00015
-0.00015
-0.00018
-0.00015
-0.00009
-0.00009
-0.00009
-0.00009
-0.00015
-0.00018
-0.00015
-0.00012
-0.00015
-0.00009
-0.00012
-0.00018
-0.00012
-0.00012
-0.00015
-0.00012
-0.00003
-0.00006
-0.00012
-0.00009
-0.00009
-0.00009
-0.00009
-0.00012
-0.00009
-0.00009
-0.00012
-0.00018
-0.00012
-0.00012
-0.00015
-0.00009
0.00000
-0.00003
-0.00006
-0.00006
-0.00006
-0.00012
-0.00015
-0.00012
-0.00006
-0.00012
-0.00006
-0.00003
-0.00003
-0.00009
-0.00012
-0.00003
-0.00003
-0.00006
-0.00006
-0.00006
-0.00003
-0.00006
-0.00006
-0.00003
-0.00009
-0.00012
-0.00012
-0.00009
-0.00009
-0.00012
-0.00009
-0.00006
-0.00009
-0.00009
-0.00003
-0.00006
-0.00009
-0.00006
-0.00003
-0.00006
-0.00009
-0.00009
-0.00009
-0.00012
-0.00006
-0.00006
-0.00012
-0.00006
-0.00009
-0.00006
-0.00006
-0.00006
-0.00006
0.00000
0.00000
-0.00006
-0.00006
-0.00003
-0.00006
-0.00009
-0.00006
0.00000
-0.00006
-0.00006
0.00000
-0.00009
-0.00012
-0.00009
-0.00009
-0.00006
-0.00009
-0.00003
-0.00006
0.00003
-0.00021
0.00006
-0.00031
0.00015
-0.00031
0.00009
-0.00027
0.00000
-0.01074
-0.06061
-0.03918
-0.03119
-0.03366
0.00024
0.02051
0.05157
0.05341
0.05179
0.03659
0.00513
-0.01584
-0.03146
-0.01880
0.00070
-0.00436
0.00027
0.00848
0.00653
0.00183
0.00214
0.00186
0.00116
0.00372
0.00195
0.00021
-0.00006
0.00113
-0.00055
0.00189
0.00302
-0.00174
-0.00266
-0.00082
-0.00171
-0.00296
0.00082
0.00409
0.00333
0.00394
0.00406
0.00140
0.00043
-0.00055
-0.00137
-0.00146
-0.00076
-0.00070
-0.00058
0.00076
0.00064
-0.00052
0.00104
0.00247
0.00262
0.00284
0.00357
0.00351
0.00156
0.00024
-0.00037
-0.00128
-0.00180
-0.00186
-0.00159
-0.00098
-0.00101
-0.00116
-0.00058
0.00061
0.00052
0.00046
0.00189
0.00153
0.00061
0.00012
-0.00064
-0.00174
-0.00143
-0.00156
-0.00119
-0.00110
-0.00128
-0.00040
-0.00027
-0.00046
-0.00098
-0.00037
0.00037
-0.00018
0.00012
-0.00003
-0.00021
-0.00021
-0.00085
-0.00095
-0.00119
-0.00146
-0.00177
-0.00220
-0.00180
-0.00171
-0.00101
-0.00058
-0.00061
0.00009
0.00021
0.00009
0.00000
0.00000
0.00037
0.00024
0.00021
0.00000
-0.00064
-0.00098
-0.00146
-0.00174
-0.00165
-0.00201
-0.00198
-0.00162
-0.00119
-0.00064
-0.00037
0.00012
0.00040
0.00040
0.00006
-0.00055
-0.00095
-0.00137
-0.00162
-0.00150
-0.00134
-0.00122
-0.00113
-0.00073
-0.00043
-0.00027
-0.00006
0.00024
0.00049
0.00043
0.00031
0.00021
0.00003
-0.00021
-0.00034
-0.00031
-0.00034
-0.00073
-0.00095
-0.00092
-0.00079
-0.00064
-0.00064
-0.00034
-0.00018
0.00000
0.00015
0.00018
0.00031
0.00018
0.00021
0.00018
-0.00015
-0.00040
-0.00052
-0.00049
-0.00046
-0.00052
-0.00064
-0.00076
-0.00092
-0.00079
0.00000
0.00000
0.00000
0.00000
0.00000
0.00000
0.00000
0.00000
0.00000
0.00000
0.00000
0.00000
0.00000
0.00000
0.00000
0.00000
0.00000
0.00000
0.00000
0.00000
0.00000
0.00000
0.00000
0.00000
0.00000
0.00000
0.00000
0.00000
0.00000
0.00000
0.00000
0.00000
0.00000
0.00000
0.00000
0.00000
0.00000
0.00000
0.00000
0.00000
0.00000
0.00000
0.00000
0.00000
0.00000
0.00000
0.00000
0.00000
0.00000
0.00000
0.00000
0.00000
0.00000
0.00000
0.00000
0.00000
0.00000
0.00000
0.00000
0.00000
0.00000
0.00000
0.00000
0.00000
0.00000
0.00000
0.00000
0.00000
0.00000
0.00000
0.00000
0.00000
0.00000
0.00000
0.00000
0.00000
0.00000
0.00000
0.00000
0.00000
0.00000
0.00000
0.00000
0.00000
0.00000
0.00000
0.00000
0.00000
0.00000
0.00000
0.00000
0.00000
0.00000
0.00000
0.00000
0.00000
0.00000
0.00000
0.00000
0.00000
0.00000
0.00000
0.00000
0.00000
0.00000
0.00000
0.00000
0.00000
0.00000
0.00000
0.00000
0.00000
0.00000
0.00000
0.00000
0.00000
0.00000
0.00000
0.00000
0.00000
0.00000
0.00000
0.00000
0.00000
0.00000
0.00000
0.00000
0.00000
0.00000
0.00000
0.00000
0.00000
0.00000
0.00000
0.00000
0.00000
0.00000
0.00000
0.00000
0.00000
0.00000
0.00000
0.00000
0.00000
0.00000
0.00000
