0.00000
-0.00006
-0.00003
-0.00006
-0.00009
-0.00006
-0.00006
-0.00012
-0.00009
-0.00006
-0.00006
-0.00006
-0.00006
0.00000
-0.00003
-0.00006
-0.00006
-0.00003
-0.00006
-0.00006
-0.00003
-0.00006
-0.00006
-0.00003
-0.00003
0.00000
-0.00003
-0.00003
-0.00003
-0.00003
-0.00009
-0.00009
-0.00003
0.00000
-0.00003
0.00000
-0.00003
0.00000
-0.00003
-0.00012
-0.00003
-0.00009
-0.00009
0.00000
0.00003
0.00000
-0.00009
-0.00003
-0.00003
-0.00003
-0.00006
0.00000
-0.00003
0.00012
-0.00012
-0.00006
0.00003
-0.00018
-0.00009
-0.00003
-0.00003
0.00000
0.00006
0.00000
-0.00003
-0.00006
0.00000
0.00000
0.00000
0.00000
-0.00003
-0.00009
-0.00009
-0.00006
-0.00012
0.00000
0.00009
-0.00003
-0.00003
-0.00006
-0.00006
-0.00009
-0.00003
0.00000
-0.00003
-0.00003
0.00000
0.00000
0.00003
0.00000
-0.00009
-0.00003
-0.00003
-0.00012
-0.00009
0.00000
0.00000
0.00000
-0.00009
0.00000
-0.00003
-0.00012
0.00003
0.00000
0.00000
0.00000
0.00000
-0.00012
-0.00012
-0.00003
0.00000
0.00000
0.00003
0.00000
-0.00006
-0.00006
-0.00003
-0.00003
0.00000
-0.00003
-0.00006
-0.00006
0.00000
0.00000
0.00000
0.00009
0.00003
0.00000
-0.00003
-0.00009
-0.00015
-0.00006
-0.00003
0.00000
0.00003
0.00003
0.00003
-0.00006
-0.00003
-0.00009
-0.00009
0.00000
0.00000
0.00003
0.00003
0.00006
-0.00003
-0.00003
-0.00009
-0.00012
-0.00009
0.00000
0.00000
0.00003
0.00006
0.00003
-0.00003
-0.00003
-0.00009
0.00000
-0.00003
-0.00015
-0.00015
-0.00009
-0.00006
0.00000
0.00006
0.00000
0.00003
-0.00006
0.00012
-0.00027
0.00052
-0.00098
0.00162
-0.00247
0.00351
-0.00510
0.00708
-0.01007
0.01343
-0.09869
-0.18124
0.02127
0.01175
0.05557
0.07178
0.04932
0.00818
0.07159
0.01910
-0.03159
-0.01849
-0.01929
0.00943
0.02811
0.01935
-0.04547
-0.00067
0.01581
-0.02036
0.01349
0.02631
-0.01678
0.00266
0.01797
0.00217
0.00220
0.00836
-0.01343
-0.00986
0.00839
-0.00403
-0.00577
0.00787
0.00568
-0.00809
0.00381
0.00433
0.00317
0.00177
0.00903
0.00195
-0.00201
0.00027
0.00003
-0.00061
0.00195
-0.00003
-0.00494
-0.00464
-0.00067
0.00021
0.00024
0.00687
0.00424
-0.00006
0.00296
0.00433
0.00049
-0.00119
0.00018
-0.00131
-0.00348
-0.00253
-0.00186
-0.00339
-0.00034
-0.00101
-0.00049
0.00037
0.00125
-0.00012
0.00095
0.00238
0.00122
-0.00125
-0.00070
-0.00143
-0.00232
-0.00119
-0.00079
-0.00220
-0.00323
-0.00143
-0.00034
0.00079
0.00058
-0.00003
-0.00034
0.00006
-0.00058
-0.00082
-0.00037
-0.00058
-0.00162
-0.00110
-0.00192
-0.00259
-0.00214
-0.00159
-0.00137
-0.00125
-0.00110
-0.00079
-0.00043
-0.00043
0.00000
0.00000
0.00021
0.00089
0.00079
0.00143
0.00015
-0.00085
-0.00122
-0.00137
-0.00171
-0.00201
-0.00165
-0.00180
-0.00269
-0.00177
-0.00061
-0.00021
0.00024
0.00092
0.00058
-0.00018
-0.00085
-0.00122
-0.00113
-0.00104
-0.00162
-0.00165
-0.00143
-0.00168
-0.00153
-0.00076
0.00021
0.00046
0.00040
0.00055
0.00058
0.00034
0.00046
0.00070
0.00052
0.00003
-0.00046
-0.00046
-0.00012
-0.00043
-0.00089
-0.00085
-0.00095
-0.00101
-0.00085
-0.00037
-0.00006
0.00003
0.00043
0.00061
0.00046
0.00012
0.00009
0.00031
0.00009
-0.00018
-0.00027
-0.00049
-0.00076
-0.00076
-0.00034
-0.00012
0.00006
0.00018
0.00040
0.00076
0.00067
0.00076
0.00104
0.00085
0.00021
-0.00012
-0.00027
0.00000
0.00000
0.00000
0.00000
0.00000
0.00000
0.00000
0.00000
0.00000
0.00000
0.00000
0.00000
0.00000
0.00000
0.00000
0.00000
0.00000
0.00000
0.00000
0.00000
0.00000
0.00000
0.00000
0.00000
0.00000
0.00000
0.00000
0.00000
0.00000
0.00000
0.00000
0.00000
0.00000
0.00000
0.00000
0.00000
0.00000
0.00000
0.00000
0.00000
0.00000
0.00000
0.00000
0.00000
0.00000
0.00000
0.00000
0.00000
0.00000
0.00000
0.00000
0.00000
0.00000
0.00000
0.00000
0.00000
0.00000
0.00000
0.00000
0.00000
0.00000
0.00000
0.00000
0.00000
0.00000
0.00000
0.00000
0.00000
0.00000
0.00000
0.00000
0.00000
0.00000
0.00000
0.00000
0.00000
0.00000
0.00000
0.00000
0.00000
0.00000
0.00000
0.00000
0.00000
0.00000
0.00000
0.00000
0.00000
0.00000
0.00000
0.00000
0.00000
0.00000
0.00000
0.00000
0.00000
0.00000
0.00000
0.00000
0.00000
0.00000
0.00000
0.00000
0.00000
0.00000
0.00000
0.00000
0.00000
0.00000
0.00000
0.00000
0.00000
0.00000
0.00000
0.00000
0.00000
0.00000
0.00000
0.00000
0.00000
0.00000
0.00000
0.00000
0.00000
0.00000
0.00000
0.00000
0.00000
0.00000
0.00000
0.00000
0.00000
0.00000
0.00000
0.00000
0.00000
0.00000
0.00000
0.00000
0.00000
0.00000
0.00000
0.00000
0.00000
0.00000
0.00000
