-0.00003
-0.00006
-0.00003
-0.00006
-0.00003
-0.00006
-0.00003
-0.00006
-0.00006
-0.00009
-0.00009
-0.00006
-0.00006
-0.00009
-0.00003
-0.00003
-0.00003
-0.00003
0.00000
-0.00003
-0.00003
-0.00006
-0.00006
-0.00006
-0.00003
-0.00003
-0.00003
0.00000
-0.00006
-0.00009
-0.00003
0.00000
-0.00006
-0.00003
0.00000
-0.00006
-0.00006
-0.00006
-0.00006
-0.00009
-0.00003
-0.00003
-0.00003
0.00000
-0.00006
-0.00009
-0.00006
-0.00006
-0.00003
0.00000
0.00000
0.00000
-0.00003
-0.00006
-0.00009
-0.00009
-0.00003
-0.00003
-0.00006
-0.00003
-0.00003
-0.00006
-0.00006
-0.00006
-0.00006
-0.00006
-0.00009
0.00000
-0.00009
-0.00006
-0.00003
-0.00006
-0.00009
-0.00012
0.00000
-0.00003
-0.00006
-0.00006
-0.00003
-0.00009
-0.00009
-0.00003
-0.00006
-0.00006
0.00000
-0.00006
-0.00009
-0.00003
-0.00009
-0.00009
-0.00006
-0.00009
-0.00012
-0.00006
0.00000
-0.00006
-0.00009
-0.00006
-0.00006
-0.00009
-0.00006
-0.00006
-0.00009
-0.00012
-0.00006
-0.00006
-0.00006
-0.00006
-0.00009
-0.00006
-0.00003
-0.00003
-0.00009
-0.00006
-0.00006
-0.00012
-0.00006
-0.00003
-0.00009
-0.00009
0.00000
-0.00003
-0.00006
-0.00009
-0.00003
-0.00006
-0.00006
-0.00003
-0.00006
-0.00006
-0.00006
-0.00006
-0.00006
-0.00009
-0.00006
-0.00009
-0.00006
-0.00009
-0.00009
-0.00006
-0.00006
-0.00006
-0.00006
-0.00006
-0.00009
-0.00009
-0.00012
-0.00006
-0.00006
-0.00006
0.00000
-0.00006
-0.00009
-0.00009
-0.00006
-0.00003
-0.00006
-0.00003
-0.00006
-0.00003
-0.00006
-0.00006
-0.00006
-0.00006
-0.00006
-0.00006
-0.00006
-0.00009
-0.00009
-0.00003
-0.00003
-0.00003
-0.00006
0.00000
-0.00006
-0.00006
-0.00003
-0.00003
-0.00003
-0.00006
-0.00009
0.00000
-0.00012
0.00006
-0.00027
0.00021
-0.00043
0.00003
-0.00043
-0.00009
0.00021
-0.00061
-0.01169
-0.07846
-0.04193
-0.06097
-0.01120
0.08423
0.08469
0.06149
0.00061
0.01941
-0.01202
-0.02609
-0.03220
-0.01962
0.00479
0.01013
-0.00092
0.00946
0.01294
-0.00732
0.00000
0.01312
0.00220
-0.00742
-0.00076
0.00049
0.00311
0.00415
0.00058
-0.00589
0.00095
-0.00342
-0.00604
-0.00070
0.00220
0.00021
0.00333
0.00946
0.00513
0.00281
0.00357
0.00415
-0.00058
-0.00012
-0.00174
-0.00134
-0.00143
0.00076
0.00082
-0.00040
-0.00085
-0.00131
-0.00040
0.00446
0.00513
0.00296
0.00360
0.00269
0.00015
-0.00211
-0.00015
0.00040
-0.00204
-0.00186
-0.00070
-0.00089
-0.00043
0.00049
0.00159
0.00162
0.00046
0.00046
-0.00024
0.00052
-0.00058
-0.00024
0.00000
0.00034
-0.00116
-0.00119
-0.00031
0.00040
-0.00012
-0.00079
-0.00070
-0.00183
-0.00131
-0.00021
0.00085
0.00104
0.00009
0.00089
0.00009
-0.00049
-0.00134
-0.00186
-0.00134
-0.00198
-0.00201
-0.00168
-0.00119
-0.00021
-0.00058
0.00046
0.00040
-0.00031
-0.00018
-0.00058
-0.00058
-0.00021
0.00061
0.00073
-0.00024
-0.00076
-0.00073
-0.00079
-0.00092
-0.00134
-0.00125
-0.00153
-0.00192
-0.00171
-0.00089
-0.00015
0.00027
0.00079
0.00073
-0.00018
-0.00089
-0.00107
-0.00073
-0.00079
-0.00146
-0.00159
-0.00143
-0.00119
-0.00092
-0.00027
0.00031
0.00031
0.00027
0.00031
0.00009
-0.00034
-0.00043
0.00015
0.00043
0.00021
-0.00027
-0.00076
-0.00082
-0.00079
-0.00037
-0.00009
-0.00043
-0.00085
-0.00092
-0.00031
0.00009
0.00012
0.00021
0.00024
0.00015
0.00000
0.00000
0.00003
-0.00024
-0.00046
-0.00031
-0.00024
-0.00024
-0.00027
-0.00006
0.00009
0.00003
0.00012
0.00012
0.00027
0.00034
0.00055
0.00076
0.00052
0.00015
-0.00012
-0.00018
-0.00003
0.00000
0.00000
0.00000
0.00000
0.00000
0.00000
0.00000
0.00000
0.00000
0.00000
0.00000
0.00000
0.00000
0.00000
0.00000
0.00000
0.00000
0.00000
0.00000
0.00000
0.00000
0.00000
0.00000
0.00000
0.00000
0.00000
0.00000
0.00000
0.00000
0.00000
0.00000
0.00000
0.00000
0.00000
0.00000
0.00000
0.00000
0.00000
0.00000
0.00000
0.00000
0.00000
0.00000
0.00000
0.00000
0.00000
0.00000
0.00000
0.00000
0.00000
0.00000
0.00000
0.00000
0.00000
0.00000
0.00000
0.00000
0.00000
0.00000
0.00000
0.00000
0.00000
0.00000
0.00000
0.00000
0.00000
0.00000
0.00000
0.00000
0.00000
0.00000
0.00000
0.00000
0.00000
0.00000
0.00000
0.00000
0.00000
0.00000
0.00000
0.00000
0.00000
0.00000
0.00000
0.00000
0.00000
0.00000
0.00000
0.00000
0.00000
0.00000
0.00000
0.00000
0.00000
0.00000
0.00000
0.00000
0.00000
0.00000
0.00000
0.00000
0.00000
0.00000
0.00000
0.00000
0.00000
0.00000
0.00000
0.00000
0.00000
0.00000
0.00000
0.00000
0.00000
0.00000
0.00000
0.00000
0.00000
0.00000
0.00000
0.00000
0.00000
0.00000
0.00000
0.00000
0.00000
0.00000
0.00000
0.00000
0.00000
0.00000
0.00000
0.00000
0.00000
