0.00000
0.00000
0.00000
0.00000
0.00000
-0.00003
-0.00003
-0.00006
-0.00009
-0.00003
-0.00003
-0.00003
-0.00003
-0.00006
-0.00006
-0.00009
-0.00009
-0.00003
0.00000
0.00000
0.00000
0.00000
0.00000
0.00000
-0.00003
-0.00003
-0.00003
0.00000
0.00000
0.00000
-0.00003
-0.00006
-0.00006
0.00000
0.00000
0.00000
-0.00003
-0.00003
-0.00003
-0.00006
-0.00006
-0.00006
-0.00003
-0.00003
-0.00003
0.00000
-0.00003
-0.00006
-0.00003
-0.00003
-0.00003
-0.00003
0.00000
0.00000
0.00000
0.00003
0.00000
-0.00006
-0.00006
-0.00006
-0.00009
-0.00003
0.00000
0.00000
0.00000
-0.00003
-0.00006
-0.00006
-0.00003
-0.00003
-0.00006
-0.00003
0.00000
0.00000
0.00000
0.00003
0.00000
-0.00003
-0.00003
-0.00003
0.00000
-0.00006
-0.00006
-0.00009
-0.00009
-0.00006
-0.00006
0.00000
0.00000
0.00006
0.00009
0.00003
0.00000
-0.00003
-0.00012
-0.00012
-0.00006
-0.00003
0.00000
0.00009
0.00009
0.00003
0.00000
0.00000
0.00000
0.00000
0.00000
0.00000
0.00000
-0.00003
-0.00003
-0.00006
-0.00003
-0.00003
0.00000
0.00006
0.00003
0.00000
0.00000
0.00006
0.00003
0.00000
0.00000
0.00000
-0.00003
-0.00003
0.00000
0.00000
0.00000
0.00000
0.00003
0.00003
0.00006
0.00006
0.00000
0.00000
0.00000
-0.00003
0.00000
0.00000
0.00000
0.00000
-0.00003
0.00000
0.00000
0.00003
0.00006
0.00000
0.00000
-0.00006
-0.00006
-0.00009
-0.00006
0.00000
0.00000
0.00003
0.00003
0.00000
0.00000
0.00000
-0.00003
0.00000
0.00000
-0.00003
-0.00003
0.00000
0.00000
0.00000
0.00000
-0.00003
-0.00003
-0.00003
-0.00006
-0.00006
0.00000
-0.00003
-0.00006
0.00000
-0.00003
-0.00003
0.00000
0.00000
-0.00006
0.00003
-0.00003
-0.00012
-0.00009
-0.00015
-0.00009
0.00000
-0.00006
-0.00003
-0.00009
-0.00003
-0.00021
0.00006
-0.00021
0.00024
-0.00043
0.00012
-0.00864
-0.02481
-0.01962
-0.01935
-0.01755
-0.00278
0.01614
0.02820
0.02228
0.01440
0.00797
-0.00031
-0.00589
-0.01047
-0.00601
0.00006
-0.00156
-0.00192
0.00012
-0.00119
-0.00278
-0.00058
0.00061
0.00180
0.00378
0.00543
0.00568
0.00565
0.00461
0.00192
0.00095
-0.00043
-0.00208
-0.00113
0.00012
0.00082
0.00140
0.00250
0.00351
0.00259
0.00235
0.00174
0.00116
0.00073
0.00000
0.00015
0.00006
0.00015
0.00024
0.00000
0.00003
0.00006
-0.00018
0.00049
0.00156
0.00180
0.00195
0.00235
0.00214
0.00061
-0.00037
-0.00006
-0.00027
0.00021
0.00049
0.00015
0.00021
-0.00021
-0.00037
-0.00021
-0.00027
-0.00073
-0.00009
0.00064
0.00079
0.00064
0.00061
0.00052
0.00037
-0.00009
-0.00098
-0.00061
-0.00070
-0.00116
-0.00101
-0.00061
-0.00046
-0.00040
-0.00015
-0.00021
-0.00040
-0.00046
-0.00046
-0.00037
-0.00034
-0.00040
-0.00034
-0.00073
-0.00119
-0.00131
-0.00122
-0.00107
-0.00116
-0.00082
-0.00046
-0.00037
-0.00046
-0.00046
-0.00034
-0.00006
0.00003
0.00003
-0.00009
-0.00052
-0.00064
-0.00067
-0.00073
-0.00092
-0.00113
-0.00116
-0.00131
-0.00137
-0.00119
-0.00082
-0.00049
-0.00024
0.00000
0.00018
0.00006
-0.00021
-0.00055
-0.00073
-0.00070
-0.00070
-0.00098
-0.00122
-0.00140
-0.00128
-0.00089
-0.00046
-0.00024
-0.00018
-0.00009
0.00015
0.00018
-0.00006
-0.00009
-0.00012
-0.00024
-0.00031
-0.00024
-0.00034
-0.00058
-0.00073
-0.00070
-0.00064
-0.00049
-0.00034
-0.00012
0.00003
0.00003
0.00000
0.00009
0.00009
-0.00003
0.00000
-0.00006
-0.00006
0.00000
0.00000
0.00000
0.00000
0.00000
0.00000
0.00000
0.00000
0.00000
0.00000
0.00000
0.00000
0.00000
0.00000
0.00000
0.00000
0.00000
0.00000
0.00000
0.00000
0.00000
0.00000
0.00000
0.00000
0.00000
0.00000
0.00000
0.00000
0.00000
0.00000
0.00000
0.00000
0.00000
0.00000
0.00000
0.00000
0.00000
0.00000
0.00000
0.00000
0.00000
0.00000
0.00000
0.00000
0.00000
0.00000
0.00000
0.00000
0.00000
0.00000
0.00000
0.00000
0.00000
0.00000
0.00000
0.00000
0.00000
0.00000
0.00000
0.00000
0.00000
0.00000
0.00000
0.00000
0.00000
0.00000
0.00000
0.00000
0.00000
0.00000
0.00000
0.00000
0.00000
0.00000
0.00000
0.00000
0.00000
0.00000
0.00000
0.00000
0.00000
0.00000
0.00000
0.00000
0.00000
0.00000
0.00000
0.00000
0.00000
0.00000
0.00000
0.00000
0.00000
0.00000
0.00000
0.00000
0.00000
0.00000
0.00000
0.00000
0.00000
0.00000
0.00000
0.00000
0.00000
0.00000
0.00000
0.00000
0.00000
0.00000
0.00000
0.00000
0.00000
0.00000
0.00000
0.00000
0.00000
0.00000
0.00000
0.00000
0.00000
0.00000
0.00000
0.00000
0.00000
0.00000
0.00000
0.00000
0.00000
0.00000
0.00000
0.00000
0.00000
0.00000
0.00000
0.00000
0.00000
0.00000
0.00000
0.00000
0.00000
0.00000
0.00000
0.00000
