-0.00003
-0.00009
-0.00003
-0.00003
-0.00006
0.00000
0.00000
-0.00006
0.00000
0.00003
0.00003
0.00006
0.00009
0.00003
0.00000
0.00000
-0.00006
-0.00003
0.00000
-0.00003
-0.00009
-0.00003
0.00000
-0.00003
0.00006
0.00006
0.00000
-0.00006
-0.00006
-0.00009
-0.00003
0.00003
0.00003
0.00009
0.00003
-0.00003
0.00000
0.00000
-0.00003
-0.00003
0.00003
-0.00003
-0.00012
-0.00006
-0.00006
-0.00006
0.00000
0.00006
0.00009
0.00003
-0.00003
-0.00003
0.00000
-0.00006
-0.00003
0.00006
-0.00003
0.00006
0.00000
-0.00003
0.00003
-0.00012
-0.00006
-0.00003
0.00003
0.00000
0.00000
0.00009
0.00009
0.00003
0.00000
0.00003
0.00000
-0.00006
-0.00003
0.00000
-0.00006
0.00000
0.00000
0.00000
0.00000
0.00000
0.00003
0.00000
0.00000
0.00000
0.00000
0.00000
0.00000
0.00000
0.00003
-0.00003
-0.00006
-0.00003
0.00000
0.00000
-0.00006
0.00003
0.00003
0.00000
0.00000
0.00006
0.00003
0.00006
0.00012
0.00006
0.00000
0.00000
-0.00003
-0.00012
-0.00012
-0.00009
-0.00003
0.00000
0.00000
0.00003
0.00009
0.00009
0.00003
0.00000
0.00003
-0.00003
-0.00009
0.00000
0.00000
-0.00003
0.00000
0.00003
0.00003
0.00006
0.00006
0.00006
0.00003
0.00000
0.00000
0.00000
0.00000
0.00000
-0.00006
-0.00009
-0.00003
-0.00009
0.00000
0.00000
0.00000
0.00003
-0.00003
-0.00003
-0.00003
0.00003
0.00003
0.00000
0.00000
-0.00003
-0.00006
-0.00006
-0.00003
-0.00003
0.00000
0.00003
0.00000
0.00012
0.00003
0.00000
0.00000
-0.00003
-0.00009
-0.00015
-0.00018
-0.00012
-0.00006
0.00000
-0.00003
0.00009
-0.00003
-0.00009
0.00031
-0.00067
0.00122
-0.00220
0.00342
-0.00552
0.00092
-0.10928
-0.07553
0.01105
-0.01300
0.03665
0.01178
0.02664
0.01343
0.05209
0.04944
0.01370
0.00906
-0.01486
-0.00076
0.01263
-0.02365
-0.03680
0.00302
0.00891
0.00589
0.02158
0.01779
-0.00391
-0.00198
0.00195
-0.00339
0.00208
-0.00058
-0.01059
0.00104
0.00613
-0.00491
-0.00333
0.00662
0.00546
-0.00211
0.00323
0.00351
0.00116
0.00262
0.00580
0.00238
0.00137
-0.00040
-0.00104
0.00000
-0.00034
-0.00348
-0.00568
-0.00333
-0.00049
-0.00034
0.00168
0.00491
0.00314
0.00153
0.00284
0.00311
0.00040
-0.00125
0.00024
-0.00061
-0.00226
-0.00186
-0.00153
-0.00073
-0.00061
-0.00137
-0.00012
-0.00021
0.00009
-0.00076
0.00067
0.00134
-0.00043
-0.00104
-0.00116
-0.00098
-0.00098
-0.00156
0.00034
-0.00070
-0.00201
-0.00134
-0.00098
-0.00128
-0.00192
-0.00082
-0.00015
-0.00034
0.00021
0.00021
0.00034
-0.00018
-0.00162
-0.00156
-0.00232
-0.00235
-0.00214
-0.00214
-0.00113
-0.00171
-0.00125
-0.00085
-0.00131
-0.00061
-0.00043
0.00006
0.00070
0.00064
0.00064
0.00012
-0.00049
-0.00082
-0.00098
-0.00070
-0.00153
-0.00165
-0.00125
-0.00192
-0.00229
-0.00198
-0.00131
-0.00101
-0.00064
-0.00015
-0.00027
-0.00015
-0.00052
-0.00079
-0.00049
-0.00107
-0.00168
-0.00168
-0.00165
-0.00168
-0.00180
-0.00089
-0.00027
-0.00015
-0.00006
0.00000
0.00040
0.00034
0.00049
0.00061
0.00031
-0.00006
-0.00058
-0.00052
-0.00061
-0.00101
-0.00107
-0.00110
-0.00104
-0.00110
-0.00089
-0.00037
-0.00037
-0.00037
-0.00009
0.00018
0.00027
0.00006
0.00015
0.00015
-0.00012
-0.00024
-0.00046
-0.00049
-0.00073
-0.00082
-0.00043
-0.00031
-0.00003
0.00000
0.00024
0.00055
0.00024
0.00037
0.00009
0.00000
0.00000
0.00000
0.00000
0.00000
0.00000
0.00000
0.00000
0.00000
0.00000
0.00000
0.00000
0.00000
0.00000
0.00000
0.00000
0.00000
0.00000
0.00000
0.00000
0.00000
0.00000
0.00000
0.00000
0.00000
0.00000
0.00000
0.00000
0.00000
0.00000
0.00000
0.00000
0.00000
0.00000
0.00000
0.00000
0.00000
0.00000
0.00000
0.00000
0.00000
0.00000
0.00000
0.00000
0.00000
0.00000
0.00000
0.00000
0.00000
0.00000
0.00000
0.00000
0.00000
0.00000
0.00000
0.00000
0.00000
0.00000
0.00000
0.00000
0.00000
0.00000
0.00000
0.00000
0.00000
0.00000
0.00000
0.00000
0.00000
0.00000
0.00000
0.00000
0.00000
0.00000
0.00000
0.00000
0.00000
0.00000
0.00000
0.00000
0.00000
0.00000
0.00000
0.00000
0.00000
0.00000
0.00000
0.00000
0.00000
0.00000
0.00000
0.00000
0.00000
0.00000
0.00000
0.00000
0.00000
0.00000
0.00000
0.00000
0.00000
0.00000
0.00000
0.00000
0.00000
0.00000
0.00000
0.00000
0.00000
0.00000
0.00000
0.00000
0.00000
0.00000
0.00000
0.00000
0.00000
0.00000
0.00000
0.00000
0.00000
0.00000
0.00000
0.00000
0.00000
0.00000
0.00000
0.00000
0.00000
0.00000
0.00000
0.00000
0.00000
0.00000
0.00000
0.00000
0.00000
0.00000
0.00000
0.00000
0.00000
0.00000
0.00000
0.00000
0.00000
0.00000
0.00000
0.00000
