-0.00018
-0.00018
-0.00021
-0.00021
-0.00012
-0.00006
-0.00009
-0.00018
-0.00021
-0.00018
-0.00021
-0.00021
-0.00021
-0.00024
-0.00031
-0.00027
-0.00015
-0.00021
-0.00009
-0.00003
-0.00009
-0.00012
-0.00015
-0.00027
-0.00034
-0.00027
-0.00027
-0.00012
-0.00015
-0.00015
-0.00015
-0.00021
-0.00021
-0.00021
-0.00024
-0.00024
-0.00024
-0.00024
-0.00015
-0.00006
-0.00006
-0.00012
-0.00015
-0.00018
-0.00018
-0.00015
-0.00021
-0.00024
-0.00015
-0.00015
-0.00018
-0.00012
-0.00012
-0.00021
-0.00003
0.00003
0.00006
-0.00024
-0.00018
-0.00018
-0.00046
-0.00027
-0.00031
-0.00027
-0.00012
0.00003
-0.00003
0.00000
0.00000
-0.00012
-0.00018
-0.00024
-0.00015
-0.00006
-0.00012
-0.00003
-0.00006
-0.00024
-0.00027
-0.00021
-0.00027
-0.00024
-0.00015
-0.00012
-0.00009
0.00000
-0.00009
-0.00018
-0.00009
-0.00009
-0.00015
-0.00015
-0.00021
-0.00027
-0.00027
-0.00018
-0.00009
-0.00006
-0.00006
-0.00003
-0.00006
-0.00015
-0.00003
-0.00015
-0.00021
-0.00012
-0.00015
-0.00024
-0.00024
-0.00021
-0.00015
-0.00006
-0.00003
-0.00006
-0.00009
-0.00015
-0.00021
-0.00018
-0.00012
-0.00003
-0.00006
-0.00009
-0.00018
-0.00027
-0.00034
-0.00021
-0.00009
0.00000
0.00000
-0.00003
-0.00012
-0.00018
-0.00015
-0.00021
-0.00021
-0.00012
-0.00003
-0.00006
-0.00015
-0.00009
-0.00018
-0.00018
-0.00018
-0.00009
-0.00009
-0.00018
-0.00009
-0.00009
-0.00012
-0.00009
-0.00012
-0.00024
-0.00021
-0.00003
-0.00006
-0.00006
-0.00006
-0.00012
-0.00015
-0.00012
-0.00009
-0.00015
-0.00009
-0.00012
-0.00021
-0.00018
-0.00021
-0.00015
0.00003
0.00015
0.00009
0.00006
0.00000
-0.00012
-0.00031
0.00000
-0.00073
0.00085
-0.00162
0.00223
-0.00372
0.00494
-0.00790
0.00595
-0.12860
-0.19196
-0.02887
0.01294
0.13382
0.16858
0.11774
0.02609
0.01181
-0.03937
-0.07828
-0.04758
-0.03827
0.00449
0.04065
0.02191
-0.01227
0.00528
0.00851
-0.00714
0.02533
0.02335
-0.02078
-0.00226
0.00687
-0.00061
0.00058
0.00647
-0.00687
-0.00671
-0.00107
-0.00833
-0.00372
0.00681
0.00626
-0.00137
0.00803
0.00769
0.00400
0.00140
0.00528
-0.00235
-0.00699
-0.00366
-0.00107
0.00012
0.00351
0.00235
-0.00308
-0.00455
-0.00089
-0.00034
0.00186
0.00778
0.00531
0.00177
0.00275
0.00192
-0.00156
-0.00217
-0.00113
-0.00262
-0.00378
-0.00162
-0.00064
-0.00104
0.00119
0.00134
0.00171
0.00021
0.00012
-0.00070
0.00027
0.00153
0.00034
-0.00140
-0.00125
-0.00256
-0.00333
-0.00146
-0.00009
-0.00134
-0.00223
-0.00186
-0.00058
0.00110
0.00146
0.00137
0.00119
0.00024
-0.00055
-0.00052
-0.00244
-0.00220
-0.00232
-0.00143
-0.00153
-0.00269
-0.00195
-0.00156
-0.00040
-0.00067
-0.00034
0.00107
-0.00031
-0.00122
-0.00064
-0.00027
0.00046
0.00183
0.00192
0.00159
0.00000
-0.00192
-0.00247
-0.00211
-0.00223
-0.00235
-0.00186
-0.00177
-0.00189
-0.00082
-0.00009
0.00018
0.00122
0.00192
0.00089
-0.00021
-0.00113
-0.00189
-0.00192
-0.00186
-0.00204
-0.00186
-0.00162
-0.00125
-0.00070
0.00031
0.00125
0.00137
0.00104
0.00067
0.00040
-0.00012
-0.00006
0.00034
0.00027
-0.00018
-0.00082
-0.00085
-0.00067
-0.00082
-0.00089
-0.00092
-0.00095
-0.00082
-0.00040
0.00034
0.00061
0.00076
0.00089
0.00082
0.00055
0.00015
0.00000
-0.00018
-0.00049
-0.00052
-0.00055
-0.00076
-0.00079
-0.00052
0.00012
0.00046
0.00070
0.00079
0.00092
0.00101
0.00089
0.00107
0.00110
0.00055
-0.00027
-0.00055
-0.00052
-0.00058
-0.00079
-0.00073
-0.00049
-0.00043
-0.00009
0.00046
0.00082
0.00073
0.00037
0.00031
0.00046
0.00043
0.00055
0.00076
0.00000
0.00000
0.00000
0.00000
0.00000
0.00000
0.00000
0.00000
0.00000
0.00000
0.00000
0.00000
0.00000
0.00000
0.00000
0.00000
0.00000
0.00000
0.00000
0.00000
0.00000
0.00000
0.00000
0.00000
0.00000
0.00000
0.00000
0.00000
0.00000
0.00000
0.00000
0.00000
0.00000
0.00000
0.00000
0.00000
0.00000
0.00000
0.00000
0.00000
0.00000
0.00000
0.00000
0.00000
0.00000
0.00000
0.00000
0.00000
0.00000
0.00000
0.00000
0.00000
0.00000
0.00000
0.00000
0.00000
0.00000
0.00000
0.00000
0.00000
0.00000
0.00000
0.00000
0.00000
0.00000
0.00000
0.00000
0.00000
0.00000
0.00000
0.00000
0.00000
0.00000
0.00000
0.00000
0.00000
0.00000
0.00000
0.00000
0.00000
0.00000
0.00000
0.00000
0.00000
0.00000
0.00000
0.00000
0.00000
0.00000
0.00000
0.00000
0.00000
0.00000
0.00000
0.00000
0.00000
0.00000
0.00000
0.00000
0.00000
0.00000
0.00000
0.00000
0.00000
0.00000
0.00000
0.00000
0.00000
0.00000
0.00000
0.00000
0.00000
0.00000
0.00000
0.00000
0.00000
0.00000
0.00000
0.00000
0.00000
0.00000
0.00000
0.00000
0.00000
0.00000
0.00000
0.00000
0.00000
