-0.00018
-0.00021
-0.00018
-0.00012
-0.00018
-0.00015
-0.00009
-0.00012
-0.00021
-0.00018
-0.00015
-0.00021
-0.00021
-0.00021
-0.00024
-0.00018
-0.00015
-0.00018
-0.00021
-0.00021
-0.00021
-0.00015
-0.00018
-0.00018
-0.00018
-0.00021
-0.00027
-0.00024
-0.00018
-0.00018
-0.00012
-0.00018
-0.00018
-0.00018
-0.00027
-0.00024
-0.00027
-0.00021
-0.00027
-0.00027
-0.00018
-0.00021
-0.00021
-0.00021
-0.00021
-0.00027
-0.00027
-0.00021
-0.00018
-0.00018
-0.00015
-0.00018
-0.00027
-0.00027
-0.00024
-0.00024
-0.00027
-0.00027
-0.00027
-0.00021
-0.00018
-0.00021
-0.00021
-0.00021
-0.00024
-0.00024
-0.00024
-0.00021
-0.00021
-0.00024
-0.00024
-0.00018
-0.00024
-0.00024
-0.00018
-0.00024
-0.00021
-0.00012
-0.00021
-0.00027
-0.00027
-0.00031
-0.00027
-0.00024
-0.00024
-0.00024
-0.00018
-0.00018
-0.00021
-0.00018
-0.00018
-0.00027
-0.00024
-0.00024
-0.00024
-0.00027
-0.00021
-0.00021
-0.00031
-0.00027
-0.00024
-0.00024
-0.00034
-0.00027
-0.00024
-0.00027
-0.00024
-0.00024
-0.00024
-0.00024
-0.00024
-0.00024
-0.00034
-0.00031
-0.00027
-0.00027
-0.00024
-0.00018
-0.00021
-0.00024
-0.00024
-0.00031
-0.00031
-0.00021
-0.00018
-0.00021
-0.00021
-0.00021
-0.00034
-0.00043
-0.00040
-0.00034
-0.00024
-0.00018
-0.00018
-0.00015
-0.00015
-0.00021
-0.00027
-0.00031
-0.00031
-0.00034
-0.00027
-0.00021
-0.00024
-0.00024
-0.00018
-0.00021
-0.00027
-0.00031
-0.00027
-0.00031
-0.00031
-0.00027
-0.00024
-0.00024
-0.00024
-0.00027
-0.00031
-0.00027
-0.00024
-0.00021
-0.00015
-0.00021
-0.00027
-0.00024
-0.00027
-0.00027
-0.00018
-0.00018
-0.00024
-0.00021
-0.00021
-0.00024
-0.00018
-0.00018
-0.00024
-0.00018
-0.00018
-0.00027
-0.00037
-0.00027
-0.00024
-0.00037
-0.00027
-0.00027
-0.00021
-0.00024
-0.00027
-0.00021
-0.00015
-0.00018
-0.00024
-0.00018
-0.00018
-0.00031
-0.00031
-0.00037
-0.00024
-0.00046
-0.00009
-0.00049
0.00006
-0.00082
0.00027
-0.01190
-0.01947
-0.02115
-0.02524
-0.00125
0.01172
0.01794
0.00735
-0.00159
-0.00574
-0.00983
-0.00476
0.00171
0.01126
0.01379
0.01193
0.00882
0.00513
-0.00168
-0.00620
-0.00394
-0.00018
0.00067
0.00198
0.00250
0.00296
0.00269
0.00204
0.00162
0.00183
0.00122
-0.00055
-0.00055
0.00092
0.00140
-0.00003
0.00131
0.00134
0.00061
0.00092
0.00180
0.00104
0.00024
0.00052
0.00021
0.00073
0.00107
0.00092
0.00131
0.00104
0.00061
-0.00003
-0.00031
0.00012
0.00018
0.00052
0.00076
0.00107
0.00089
0.00046
0.00031
0.00046
0.00107
0.00061
0.00067
0.00095
0.00000
-0.00015
0.00037
-0.00055
-0.00156
-0.00101
-0.00034
-0.00009
0.00012
0.00003
0.00012
0.00040
-0.00012
-0.00055
-0.00018
-0.00027
-0.00085
-0.00082
-0.00061
-0.00101
-0.00079
-0.00027
-0.00027
-0.00046
-0.00061
-0.00061
-0.00076
-0.00073
-0.00055
-0.00031
-0.00027
-0.00055
-0.00067
-0.00089
-0.00122
-0.00131
-0.00113
-0.00052
-0.00052
-0.00079
-0.00098
-0.00104
-0.00095
-0.00058
-0.00003
0.00006
-0.00015
-0.00031
-0.00034
-0.00031
-0.00034
-0.00040
-0.00055
-0.00079
-0.00089
-0.00082
-0.00092
-0.00113
-0.00098
-0.00055
-0.00034
-0.00037
-0.00058
-0.00079
-0.00095
-0.00079
-0.00037
-0.00024
-0.00061
-0.00089
-0.00098
-0.00098
-0.00089
-0.00055
-0.00037
-0.00037
-0.00043
-0.00037
-0.00021
-0.00018
-0.00003
0.00000
-0.00003
-0.00021
-0.00018
-0.00003
0.00000
-0.00006
-0.00018
-0.00040
-0.00049
-0.00043
-0.00040
-0.00034
-0.00018
-0.00006
-0.00003
-0.00006
0.00003
0.00018
0.00015
-0.00006
-0.00027
-0.00024
-0.00012
-0.00003
0.00009
0.00012
0.00000
0.00000
0.00000
0.00000
0.00000
0.00000
0.00000
0.00000
0.00000
0.00000
0.00000
0.00000
0.00000
0.00000
0.00000
0.00000
0.00000
0.00000
0.00000
0.00000
0.00000
0.00000
0.00000
0.00000
0.00000
0.00000
0.00000
0.00000
0.00000
0.00000
0.00000
0.00000
0.00000
0.00000
0.00000
0.00000
0.00000
0.00000
0.00000
0.00000
0.00000
0.00000
0.00000
0.00000
0.00000
0.00000
0.00000
0.00000
0.00000
0.00000
0.00000
0.00000
0.00000
0.00000
0.00000
0.00000
0.00000
0.00000
0.00000
0.00000
0.00000
0.00000
0.00000
0.00000
0.00000
0.00000
0.00000
0.00000
0.00000
0.00000
0.00000
0.00000
0.00000
0.00000
0.00000
0.00000
0.00000
0.00000
0.00000
0.00000
0.00000
0.00000
0.00000
0.00000
0.00000
0.00000
0.00000
0.00000
0.00000
0.00000
0.00000
0.00000
0.00000
0.00000
0.00000
0.00000
0.00000
0.00000
0.00000
0.00000
0.00000
0.00000
0.00000
0.00000
0.00000
0.00000
0.00000
0.00000
0.00000
0.00000
0.00000
0.00000
0.00000
0.00000
0.00000
0.00000
0.00000
0.00000
0.00000
0.00000
0.00000
0.00000
0.00000
0.00000
0.00000
0.00000
0.00000
0.00000
0.00000
0.00000
0.00000
0.00000
0.00000
