0.00006
-0.00003
-0.00003
0.00000
-0.00003
-0.00012
-0.00012
-0.00009
0.00000
0.00009
0.00009
0.00009
0.00003
0.00000
-0.00003
-0.00009
-0.00006
-0.00006
-0.00003
-0.00003
0.00000
0.00003
0.00000
-0.00006
-0.00006
-0.00003
-0.00006
-0.00003
0.00003
0.00003
0.00000
-0.00003
-0.00006
-0.00009
-0.00003
0.00003
0.00000
0.00000
0.00000
0.00000
0.00000
0.00000
0.00000
0.00006
0.00009
0.00006
0.00000
-0.00009
-0.00015
-0.00018
-0.00012
-0.00009
-0.00006
-0.00003
0.00000
0.00000
0.00000
0.00006
0.00009
0.00003
0.00000
0.00000
0.00000
-0.00003
-0.00003
-0.00003
-0.00006
-0.00006
-0.00006
-0.00003
-0.00003
-0.00003
-0.00003
-0.00006
-0.00003
0.00000
0.00000
0.00000
0.00000
-0.00003
-0.00006
-0.00003
-0.00006
-0.00012
-0.00006
0.00000
0.00000
0.00000
0.00000
-0.00006
-0.00009
-0.00006
0.00000
0.00000
0.00000
0.00000
-0.00012
-0.00024
-0.00024
-0.00012
-0.00003
-0.00003
-0.00003
-0.00003
-0.00006
-0.00012
-0.00009
-0.00006
-0.00009
-0.00009
-0.00006
-0.00003
-0.00006
-0.00012
-0.00009
-0.00012
-0.00009
-0.00012
-0.00015
-0.00009
-0.00009
-0.00015
-0.00015
-0.00009
-0.00006
-0.00009
-0.00009
-0.00012
-0.00018
-0.00018
-0.00015
-0.00012
-0.00012
-0.00012
-0.00009
-0.00015
-0.00015
-0.00009
-0.00006
-0.00003
-0.00006
-0.00012
-0.00015
-0.00012
-0.00012
-0.00015
-0.00018
-0.00015
-0.00012
-0.00015
-0.00015
-0.00015
-0.00009
-0.00012
-0.00009
-0.00012
-0.00018
-0.00015
-0.00015
-0.00015
-0.00015
-0.00021
-0.00024
-0.00015
-0.00006
-0.00009
-0.00003
-0.00003
-0.00018
-0.00018
-0.00009
-0.00009
-0.00012
-0.00009
-0.00015
-0.00018
-0.00012
-0.00015
-0.00018
-0.00018
-0.00024
-0.00024
-0.00018
-0.00012
-0.00015
-0.00012
-0.00015
-0.00021
-0.00006
-0.00021
-0.00003
-0.00031
0.00003
-0.00043
0.00031
-0.00052
0.00012
-0.00958
-0.03671
-0.02570
-0.02200
-0.02118
0.00049
0.02362
0.04044
0.02917
0.01993
0.00934
-0.00323
-0.00836
-0.01532
-0.00830
0.00208
-0.00070
0.00049
0.00552
0.00281
0.00012
0.00180
0.00174
-0.00217
-0.00394
-0.00320
-0.00388
-0.00003
0.00223
0.00076
0.00330
0.00500
0.00394
0.00262
0.00220
0.00043
-0.00101
0.00153
0.00314
0.00214
0.00238
0.00287
0.00168
0.00027
0.00009
-0.00027
-0.00076
-0.00015
-0.00034
-0.00031
0.00067
0.00070
-0.00006
0.00061
0.00177
0.00146
0.00125
0.00201
0.00186
0.00046
0.00000
0.00000
-0.00067
-0.00098
-0.00037
-0.00003
0.00085
0.00061
0.00000
0.00027
0.00018
-0.00076
-0.00140
-0.00037
-0.00024
0.00000
-0.00003
0.00000
0.00046
0.00031
0.00018
-0.00034
-0.00079
-0.00104
-0.00089
-0.00079
-0.00076
-0.00073
-0.00037
-0.00015
-0.00034
-0.00027
-0.00058
-0.00064
-0.00089
-0.00110
-0.00092
-0.00107
-0.00116
-0.00107
-0.00092
-0.00082
-0.00110
-0.00107
-0.00092
-0.00092
-0.00067
-0.00061
-0.00049
-0.00040
-0.00021
0.00015
0.00012
0.00000
-0.00046
-0.00076
-0.00089
-0.00134
-0.00146
-0.00134
-0.00125
-0.00122
-0.00140
-0.00137
-0.00119
-0.00082
-0.00031
-0.00009
-0.00012
-0.00040
-0.00067
-0.00073
-0.00079
-0.00089
-0.00098
-0.00113
-0.00122
-0.00107
-0.00070
-0.00052
-0.00040
-0.00034
-0.00031
-0.00024
-0.00018
-0.00018
-0.00040
-0.00031
-0.00027
-0.00040
-0.00040
-0.00052
-0.00064
-0.00073
-0.00073
-0.00064
-0.00073
-0.00073
-0.00064
-0.00055
-0.00031
-0.00012
0.00000
0.00006
0.00000
-0.00003
-0.00006
0.00000
0.00000
0.00000
0.00000
0.00000
0.00000
0.00000
0.00000
0.00000
0.00000
0.00000
0.00000
0.00000
0.00000
0.00000
0.00000
0.00000
0.00000
0.00000
0.00000
0.00000
0.00000
0.00000
0.00000
0.00000
0.00000
0.00000
0.00000
0.00000
0.00000
0.00000
0.00000
0.00000
0.00000
0.00000
0.00000
0.00000
0.00000
0.00000
0.00000
0.00000
0.00000
0.00000
0.00000
0.00000
0.00000
0.00000
0.00000
0.00000
0.00000
0.00000
0.00000
0.00000
0.00000
0.00000
0.00000
0.00000
0.00000
0.00000
0.00000
0.00000
0.00000
0.00000
0.00000
0.00000
0.00000
0.00000
0.00000
0.00000
0.00000
0.00000
0.00000
0.00000
0.00000
0.00000
0.00000
0.00000
0.00000
0.00000
0.00000
0.00000
0.00000
0.00000
0.00000
0.00000
0.00000
0.00000
0.00000
0.00000
0.00000
0.00000
0.00000
0.00000
0.00000
0.00000
0.00000
0.00000
0.00000
0.00000
0.00000
0.00000
0.00000
0.00000
0.00000
0.00000
0.00000
0.00000
0.00000
0.00000
0.00000
0.00000
0.00000
0.00000
0.00000
0.00000
0.00000
0.00000
0.00000
0.00000
0.00000
0.00000
0.00000
0.00000
0.00000
0.00000
0.00000
0.00000
0.00000
0.00000
0.00000
0.00000
0.00000
0.00000
0.00000
0.00000
0.00000
0.00000
0.00000
0.00000
0.00000
0.00000
0.00000
0.00000
0.00000
0.00000
0.00000
0.00000
0.00000
