-0.00009
-0.00009
-0.00009
-0.00006
-0.00009
-0.00009
-0.00009
-0.00012
-0.00021
-0.00021
-0.00015
-0.00015
-0.00018
-0.00015
-0.00012
-0.00012
-0.00015
-0.00015
-0.00018
-0.00015
-0.00015
-0.00015
-0.00015
-0.00018
-0.00018
-0.00012
-0.00009
-0.00015
-0.00018
-0.00015
-0.00015
-0.00021
-0.00021
-0.00015
-0.00018
-0.00021
-0.00015
-0.00015
-0.00018
-0.00018
-0.00015
-0.00015
-0.00012
-0.00012
-0.00018
-0.00021
-0.00021
-0.00031
-0.00024
-0.00018
-0.00021
-0.00021
-0.00015
-0.00018
-0.00027
-0.00031
-0.00024
-0.00021
-0.00018
-0.00018
-0.00018
-0.00015
-0.00021
-0.00024
-0.00027
-0.00034
-0.00031
-0.00021
-0.00021
-0.00018
-0.00012
-0.00018
-0.00015
-0.00021
-0.00027
-0.00027
-0.00037
-0.00034
-0.00027
-0.00024
-0.00021
-0.00021
-0.00015
-0.00021
-0.00027
-0.00027
-0.00024
-0.00031
-0.00027
-0.00024
-0.00027
-0.00024
-0.00021
-0.00021
-0.00024
-0.00027
-0.00027
-0.00027
-0.00031
-0.00031
-0.00024
-0.00021
-0.00021
-0.00024
-0.00027
-0.00027
-0.00031
-0.00031
-0.00021
-0.00018
-0.00021
-0.00024
-0.00018
-0.00021
-0.00031
-0.00031
-0.00031
-0.00027
-0.00021
-0.00021
-0.00027
-0.00024
-0.00027
-0.00031
-0.00031
-0.00027
-0.00031
-0.00034
-0.00027
-0.00024
-0.00031
-0.00027
-0.00024
-0.00027
-0.00024
-0.00021
-0.00021
-0.00027
-0.00031
-0.00031
-0.00031
-0.00024
-0.00024
-0.00027
-0.00027
-0.00034
-0.00034
-0.00031
-0.00031
-0.00027
-0.00027
-0.00021
-0.00027
-0.00027
-0.00031
-0.00031
-0.00034
-0.00037
-0.00034
-0.00027
-0.00027
-0.00024
-0.00027
-0.00031
-0.00034
-0.00034
-0.00034
-0.00027
-0.00027
-0.00027
-0.00031
-0.00034
-0.00031
-0.00027
-0.00021
-0.00031
-0.00037
-0.00040
-0.00040
-0.00037
-0.00031
-0.00027
-0.00031
-0.00024
-0.00034
-0.00034
-0.00031
-0.00027
-0.00034
-0.00024
-0.00021
-0.00021
-0.00046
-0.00031
-0.00055
-0.00018
-0.00055
0.00000
-0.00046
0.00000
-0.00797
-0.03146
-0.02429
-0.03397
-0.01193
0.02307
0.03470
0.03079
0.01019
0.01117
-0.00208
-0.00980
-0.01407
-0.01038
-0.00366
-0.00345
-0.00687
-0.00058
0.00275
-0.00116
0.00327
0.01077
0.01025
0.00659
0.00513
0.00162
-0.00073
-0.00107
-0.00116
-0.00113
0.00150
-0.00076
-0.00168
0.00085
0.00232
0.00125
0.00162
0.00259
0.00122
0.00098
0.00256
0.00256
0.00085
0.00046
-0.00110
-0.00070
-0.00006
0.00012
-0.00015
-0.00021
-0.00037
-0.00043
0.00000
0.00171
0.00226
0.00211
0.00253
0.00220
0.00116
-0.00031
-0.00037
-0.00040
-0.00137
-0.00131
-0.00052
-0.00046
-0.00156
-0.00018
0.00171
0.00076
0.00131
0.00113
0.00018
0.00089
0.00076
-0.00067
-0.00119
-0.00061
-0.00208
-0.00156
-0.00073
-0.00076
-0.00052
0.00000
-0.00064
-0.00098
-0.00034
-0.00024
-0.00037
-0.00009
-0.00018
-0.00037
0.00000
-0.00037
-0.00107
-0.00104
-0.00125
-0.00156
-0.00180
-0.00180
-0.00146
-0.00067
-0.00018
0.00003
0.00012
-0.00031
-0.00085
-0.00113
-0.00110
-0.00082
-0.00018
0.00003
-0.00021
-0.00058
-0.00101
-0.00119
-0.00113
-0.00101
-0.00098
-0.00110
-0.00110
-0.00110
-0.00082
-0.00040
-0.00031
-0.00031
-0.00024
-0.00018
-0.00027
-0.00073
-0.00104
-0.00092
-0.00082
-0.00085
-0.00101
-0.00122
-0.00143
-0.00125
-0.00058
-0.00009
-0.00006
-0.00024
-0.00031
-0.00034
-0.00040
-0.00021
-0.00006
-0.00021
-0.00043
-0.00043
-0.00037
-0.00055
-0.00067
-0.00061
-0.00058
-0.00058
-0.00049
-0.00018
0.00006
0.00009
0.00009
0.00006
0.00000
-0.00018
-0.00027
-0.00021
-0.00018
-0.00015
-0.00012
-0.00031
-0.00049
-0.00040
0.00000
0.00015
0.00000
0.00000
0.00000
0.00015
0.00040
0.00043
0.00031
0.00012
-0.00009
-0.00024
-0.00009
-0.00009
-0.00031
-0.00037
-0.00027
-0.00037
-0.00037
-0.00031
-0.00021
0.00000
0.00000
0.00000
0.00000
0.00000
0.00000
0.00000
0.00000
0.00000
0.00000
0.00000
0.00000
0.00000
0.00000
0.00000
0.00000
0.00000
0.00000
0.00000
0.00000
0.00000
0.00000
0.00000
0.00000
0.00000
0.00000
0.00000
0.00000
0.00000
0.00000
0.00000
0.00000
0.00000
0.00000
0.00000
0.00000
0.00000
0.00000
0.00000
0.00000
0.00000
0.00000
0.00000
0.00000
0.00000
0.00000
0.00000
0.00000
0.00000
0.00000
0.00000
0.00000
0.00000
0.00000
0.00000
0.00000
0.00000
0.00000
0.00000
0.00000
0.00000
0.00000
0.00000
0.00000
0.00000
0.00000
0.00000
0.00000
0.00000
0.00000
0.00000
0.00000
0.00000
0.00000
0.00000
0.00000
0.00000
0.00000
0.00000
0.00000
0.00000
0.00000
0.00000
0.00000
0.00000
0.00000
0.00000
0.00000
0.00000
0.00000
0.00000
0.00000
0.00000
0.00000
0.00000
0.00000
0.00000
0.00000
0.00000
0.00000
0.00000
0.00000
0.00000
0.00000
0.00000
0.00000
0.00000
0.00000
0.00000
0.00000
0.00000
0.00000
0.00000
0.00000
0.00000
0.00000
0.00000
0.00000
0.00000
