-0.00012
-0.00018
-0.00015
-0.00015
-0.00015
-0.00012
-0.00012
-0.00018
-0.00021
-0.00021
-0.00024
-0.00021
-0.00015
-0.00015
-0.00015
-0.00006
-0.00003
-0.00018
-0.00021
-0.00018
-0.00018
-0.00018
-0.00009
-0.00018
-0.00024
-0.00024
-0.00027
-0.00031
-0.00024
-0.00012
-0.00012
-0.00003
0.00000
-0.00003
-0.00012
-0.00018
-0.00027
-0.00034
-0.00034
-0.00031
-0.00018
-0.00003
-0.00006
-0.00006
-0.00012
-0.00015
-0.00018
-0.00021
-0.00018
-0.00015
-0.00012
-0.00018
-0.00024
-0.00024
-0.00021
-0.00018
-0.00018
-0.00018
-0.00009
-0.00006
-0.00009
-0.00018
-0.00003
-0.00018
-0.00037
-0.00018
-0.00034
-0.00009
-0.00006
-0.00006
-0.00012
-0.00012
-0.00009
-0.00024
-0.00021
-0.00021
-0.00027
-0.00027
-0.00021
-0.00009
-0.00009
-0.00009
-0.00003
-0.00006
-0.00018
-0.00024
-0.00024
-0.00021
-0.00027
-0.00024
-0.00024
-0.00018
0.00000
-0.00009
-0.00015
-0.00012
-0.00018
-0.00024
-0.00018
-0.00015
-0.00009
-0.00021
-0.00021
-0.00021
-0.00018
-0.00018
-0.00018
-0.00015
-0.00015
-0.00021
-0.00021
-0.00012
-0.00021
-0.00027
-0.00021
-0.00021
-0.00021
-0.00015
-0.00009
-0.00012
-0.00012
-0.00012
-0.00018
-0.00015
-0.00024
-0.00031
-0.00024
-0.00021
-0.00018
-0.00006
0.00000
-0.00006
-0.00012
-0.00018
-0.00024
-0.00027
-0.00024
-0.00024
-0.00015
-0.00009
-0.00015
-0.00024
-0.00024
-0.00021
-0.00021
-0.00018
-0.00021
-0.00012
-0.00009
-0.00021
-0.00009
-0.00015
-0.00024
-0.00027
-0.00015
-0.00009
-0.00012
-0.00012
-0.00027
-0.00018
-0.00015
-0.00027
-0.00024
-0.00012
-0.00009
-0.00018
-0.00012
-0.00012
-0.00021
-0.00024
-0.00031
-0.00015
-0.00018
-0.00018
-0.00012
-0.00012
-0.00012
-0.00006
-0.00015
-0.00012
-0.00043
0.00000
-0.00073
0.00043
-0.00113
0.00085
-0.00153
0.00110
-0.00146
0.00119
-0.02625
-0.11548
-0.04227
-0.07666
0.02789
0.12946
0.11172
0.05173
-0.02396
0.02057
-0.02585
-0.03198
-0.04214
-0.01181
0.01492
0.01614
-0.00751
0.01065
0.01260
-0.01285
0.00165
0.02084
0.00159
-0.01028
-0.00012
0.00116
0.00253
0.00323
-0.00125
-0.00616
0.00693
-0.00162
-0.00485
-0.00031
0.00140
-0.00665
-0.00104
0.00586
0.00140
0.00235
0.00763
0.00745
-0.00024
0.00000
-0.00192
-0.00055
-0.00131
0.00110
-0.00067
-0.00183
-0.00247
-0.00162
0.00058
0.00693
0.00525
0.00201
0.00278
0.00250
0.00000
-0.00238
0.00070
-0.00037
-0.00397
-0.00253
0.00015
-0.00092
-0.00055
0.00040
0.00159
0.00052
-0.00089
-0.00018
-0.00012
0.00186
0.00040
-0.00021
0.00070
-0.00067
-0.00400
-0.00168
-0.00049
0.00003
-0.00128
-0.00015
-0.00058
-0.00067
0.00000
-0.00089
0.00015
-0.00009
-0.00082
0.00021
0.00021
0.00049
-0.00085
-0.00107
-0.00165
-0.00345
-0.00244
-0.00266
-0.00229
-0.00067
-0.00021
0.00143
0.00021
-0.00043
-0.00049
-0.00055
-0.00067
-0.00040
0.00089
0.00146
0.00015
-0.00064
-0.00101
-0.00150
-0.00214
-0.00247
-0.00174
-0.00156
-0.00174
-0.00137
-0.00058
-0.00037
-0.00040
0.00043
0.00082
0.00003
-0.00049
-0.00085
-0.00076
-0.00143
-0.00214
-0.00198
-0.00165
-0.00128
-0.00101
-0.00046
0.00006
-0.00003
0.00003
0.00040
0.00037
-0.00012
-0.00031
0.00018
0.00021
-0.00021
-0.00055
-0.00052
-0.00037
-0.00055
-0.00049
-0.00064
-0.00137
-0.00168
-0.00113
-0.00003
0.00037
0.00027
0.00049
0.00040
0.00012
-0.00015
-0.00021
-0.00012
-0.00046
-0.00049
-0.00037
-0.00052
-0.00058
-0.00064
-0.00021
0.00000
0.00000
0.00009
0.00015
0.00049
0.00037
0.00067
0.00089
0.00052
0.00003
-0.00027
-0.00024
-0.00043
-0.00061
-0.00046
-0.00052
-0.00070
-0.00049
-0.00006
0.00000
0.00000
0.00000
0.00000
0.00000
0.00000
0.00000
0.00000
0.00000
0.00000
0.00000
0.00000
0.00000
0.00000
0.00000
0.00000
0.00000
0.00000
0.00000
0.00000
0.00000
0.00000
0.00000
0.00000
0.00000
0.00000
0.00000
0.00000
0.00000
0.00000
0.00000
0.00000
0.00000
0.00000
0.00000
0.00000
0.00000
0.00000
0.00000
0.00000
0.00000
0.00000
0.00000
0.00000
0.00000
0.00000
0.00000
0.00000
0.00000
0.00000
0.00000
0.00000
0.00000
0.00000
0.00000
0.00000
0.00000
0.00000
0.00000
0.00000
0.00000
0.00000
0.00000
0.00000
0.00000
0.00000
0.00000
0.00000
0.00000
0.00000
0.00000
0.00000
0.00000
0.00000
0.00000
0.00000
0.00000
0.00000
0.00000
0.00000
0.00000
0.00000
0.00000
0.00000
0.00000
0.00000
0.00000
0.00000
0.00000
0.00000
0.00000
0.00000
0.00000
0.00000
0.00000
0.00000
0.00000
0.00000
0.00000
0.00000
0.00000
0.00000
0.00000
0.00000
0.00000
0.00000
0.00000
0.00000
0.00000
0.00000
0.00000
0.00000
0.00000
0.00000
0.00000
0.00000
0.00000
0.00000
0.00000
0.00000
0.00000
0.00000
0.00000
0.00000
0.00000
0.00000
0.00000
0.00000
0.00000
0.00000
