0.00000
0.00006
0.00012
0.00000
0.00006
0.00015
0.00006
0.00000
0.00003
0.00003
-0.00003
0.00003
0.00009
0.00009
0.00012
0.00015
0.00012
0.00003
0.00003
0.00000
0.00000
0.00000
0.00003
0.00006
0.00009
0.00006
0.00003
0.00009
0.00009
0.00003
0.00006
0.00009
0.00006
0.00000
0.00003
0.00009
0.00015
0.00018
0.00012
0.00003
0.00006
0.00003
0.00000
0.00006
0.00006
0.00009
0.00012
0.00015
0.00012
0.00012
0.00009
0.00003
0.00003
0.00006
0.00003
0.00003
0.00009
0.00006
0.00009
0.00000
0.00006
0.00015
0.00009
0.00009
0.00012
0.00012
0.00006
0.00012
0.00015
0.00006
0.00006
0.00012
0.00015
0.00012
0.00009
0.00012
0.00009
0.00009
0.00012
0.00006
0.00012
0.00018
0.00009
0.00015
0.00015
0.00009
0.00000
0.00009
0.00012
0.00006
0.00012
0.00021
0.00021
0.00015
0.00006
0.00012
0.00018
0.00009
0.00006
0.00009
0.00012
0.00006
0.00015
0.00018
0.00015
0.00006
0.00006
0.00015
0.00015
0.00006
0.00009
0.00018
0.00015
0.00012
0.00018
0.00015
0.00009
0.00009
0.00012
0.00009
0.00012
0.00009
0.00009
0.00015
0.00015
0.00012
0.00012
0.00018
0.00015
0.00012
0.00015
0.00015
0.00012
0.00006
0.00006
0.00009
0.00009
0.00012
0.00012
0.00009
0.00012
0.00015
0.00012
0.00015
0.00018
0.00015
0.00015
0.00009
0.00009
0.00006
0.00003
0.00006
0.00006
0.00009
0.00009
0.00018
0.00015
0.00009
0.00009
0.00006
0.00000
0.00003
0.00006
0.00003
0.00009
0.00015
0.00009
0.00009
0.00009
0.00003
0.00003
0.00006
0.00006
0.00006
0.00006
0.00012
0.00003
0.00021
-0.00021
0.00052
-0.00070
0.00119
-0.00162
0.00238
-0.00339
0.00351
-0.05142
-0.08313
-0.00729
-0.02188
-0.01328
0.01068
0.02573
0.03049
0.04205
0.06650
0.03519
0.00949
-0.01407
-0.02811
-0.00272
-0.01053
-0.02621
0.00229
0.02017
0.00867
0.00778
0.01111
-0.00278
-0.00656
0.00146
-0.00180
0.00098
0.00665
-0.00119
-0.00040
0.00632
-0.00070
-0.00580
-0.00214
0.00128
-0.00223
0.00098
0.00723
0.00717
0.00433
0.00500
0.00287
-0.00101
-0.00247
-0.00189
-0.00189
-0.00171
-0.00134
-0.00262
-0.00192
0.00116
0.00031
-0.00043
0.00262
0.00299
0.00082
0.00275
0.00497
0.00327
0.00082
0.00092
0.00043
-0.00171
-0.00201
-0.00125
-0.00113
-0.00095
-0.00189
-0.00101
0.00000
0.00015
0.00006
0.00018
0.00128
0.00128
-0.00085
-0.00006
0.00031
-0.00018
-0.00027
-0.00058
-0.00131
-0.00333
-0.00204
-0.00143
-0.00079
0.00003
-0.00046
0.00095
0.00073
0.00021
-0.00027
-0.00021
0.00000
-0.00131
-0.00137
-0.00153
-0.00171
-0.00140
-0.00186
-0.00159
-0.00156
-0.00146
-0.00061
-0.00079
-0.00049
0.00000
0.00015
0.00049
0.00021
0.00043
0.00058
0.00027
0.00018
-0.00009
-0.00046
-0.00122
-0.00186
-0.00174
-0.00183
-0.00208
-0.00192
-0.00146
-0.00082
-0.00061
-0.00003
0.00034
0.00024
-0.00006
-0.00058
-0.00040
-0.00067
-0.00128
-0.00140
-0.00140
-0.00140
-0.00165
-0.00116
-0.00031
-0.00012
0.00000
0.00021
0.00043
0.00040
0.00034
0.00055
0.00037
-0.00003
-0.00046
-0.00046
-0.00031
-0.00052
-0.00067
-0.00073
-0.00073
-0.00079
-0.00089
-0.00052
-0.00037
-0.00034
-0.00006
0.00027
0.00055
0.00037
0.00024
0.00031
0.00015
-0.00006
-0.00040
-0.00046
-0.00055
-0.00070
-0.00040
-0.00018
-0.00012
-0.00037
-0.00076
-0.00064
-0.00076
-0.00027
0.00000
0.00000
0.00000
0.00000
0.00000
0.00000
0.00000
0.00000
0.00000
0.00000
0.00000
0.00000
0.00000
0.00000
0.00000
0.00000
0.00000
0.00000
0.00000
0.00000
0.00000
0.00000
0.00000
0.00000
0.00000
0.00000
0.00000
0.00000
0.00000
0.00000
0.00000
0.00000
0.00000
0.00000
0.00000
0.00000
0.00000
0.00000
0.00000
0.00000
0.00000
0.00000
0.00000
0.00000
0.00000
0.00000
0.00000
0.00000
0.00000
0.00000
0.00000
0.00000
0.00000
0.00000
0.00000
0.00000
0.00000
0.00000
0.00000
0.00000
0.00000
0.00000
0.00000
0.00000
0.00000
0.00000
0.00000
0.00000
0.00000
0.00000
0.00000
0.00000
0.00000
0.00000
0.00000
0.00000
0.00000
0.00000
0.00000
0.00000
0.00000
0.00000
0.00000
0.00000
0.00000
0.00000
0.00000
0.00000
0.00000
0.00000
0.00000
0.00000
0.00000
0.00000
0.00000
0.00000
0.00000
0.00000
0.00000
0.00000
0.00000
0.00000
0.00000
0.00000
0.00000
0.00000
0.00000
0.00000
0.00000
0.00000
0.00000
0.00000
0.00000
0.00000
0.00000
0.00000
0.00000
0.00000
0.00000
0.00000
0.00000
0.00000
0.00000
0.00000
0.00000
0.00000
0.00000
0.00000
0.00000
0.00000
0.00000
0.00000
0.00000
0.00000
0.00000
0.00000
0.00000
0.00000
0.00000
0.00000
0.00000
0.00000
0.00000
0.00000
0.00000
0.00000
