-0.00043
-0.00034
-0.00034
-0.00031
-0.00027
-0.00024
-0.00034
-0.00040
-0.00034
-0.00037
-0.00040
-0.00034
-0.00027
-0.00031
-0.00027
-0.00034
-0.00043
-0.00043
-0.00037
-0.00040
-0.00034
-0.00031
-0.00031
-0.00024
-0.00027
-0.00034
-0.00034
-0.00037
-0.00040
-0.00046
-0.00043
-0.00043
-0.00043
-0.00034
-0.00034
-0.00034
-0.00037
-0.00037
-0.00034
-0.00037
-0.00034
-0.00034
-0.00037
-0.00040
-0.00037
-0.00040
-0.00037
-0.00040
-0.00040
-0.00046
-0.00040
-0.00040
-0.00040
-0.00043
-0.00027
-0.00043
-0.00046
-0.00024
-0.00046
-0.00040
-0.00043
-0.00046
-0.00046
-0.00040
-0.00037
-0.00046
-0.00046
-0.00043
-0.00034
-0.00037
-0.00040
-0.00037
-0.00043
-0.00043
-0.00031
-0.00031
-0.00037
-0.00034
-0.00043
-0.00049
-0.00049
-0.00046
-0.00052
-0.00043
-0.00034
-0.00043
-0.00037
-0.00034
-0.00040
-0.00037
-0.00031
-0.00043
-0.00043
-0.00040
-0.00037
-0.00046
-0.00043
-0.00043
-0.00046
-0.00043
-0.00043
-0.00046
-0.00046
-0.00034
-0.00043
-0.00043
-0.00037
-0.00037
-0.00046
-0.00046
-0.00037
-0.00040
-0.00037
-0.00037
-0.00043
-0.00043
-0.00040
-0.00040
-0.00043
-0.00037
-0.00037
-0.00037
-0.00034
-0.00037
-0.00043
-0.00043
-0.00037
-0.00043
-0.00040
-0.00034
-0.00037
-0.00043
-0.00040
-0.00034
-0.00037
-0.00037
-0.00037
-0.00034
-0.00040
-0.00040
-0.00040
-0.00040
-0.00034
-0.00043
-0.00034
-0.00037
-0.00040
-0.00040
-0.00037
-0.00034
-0.00040
-0.00034
-0.00034
-0.00037
-0.00034
-0.00034
-0.00034
-0.00040
-0.00037
-0.00040
-0.00040
-0.00034
-0.00046
-0.00040
-0.00037
-0.00034
-0.00031
-0.00031
-0.00034
-0.00031
-0.00046
-0.00024
-0.00061
0.00000
-0.00122
0.00067
-0.00192
0.00156
-0.00296
0.00272
-0.00415
0.00470
-0.04623
-0.16211
-0.00690
0.00101
0.02747
0.05435
0.02298
0.01419
0.02994
0.06052
0.00162
0.00061
-0.01147
-0.00040
0.01974
0.01324
-0.04208
-0.01785
0.01291
-0.00980
0.00656
0.02982
0.00333
-0.00543
0.00995
0.00296
0.00027
0.00409
-0.01080
-0.01514
0.00693
-0.00235
-0.00882
0.00497
0.01163
0.00211
0.00311
0.00522
-0.00055
-0.00143
0.00385
0.00259
-0.00085
0.00082
-0.00098
0.00089
0.00195
0.00043
-0.00461
-0.00470
-0.00171
-0.00052
-0.00189
0.00290
0.00394
0.00137
0.00302
0.00439
0.00232
-0.00137
-0.00073
-0.00046
-0.00311
-0.00333
-0.00192
-0.00226
-0.00052
-0.00092
-0.00040
0.00015
0.00006
-0.00021
-0.00052
0.00195
0.00104
-0.00128
-0.00104
-0.00095
-0.00238
-0.00214
-0.00061
-0.00040
-0.00201
-0.00055
-0.00104
-0.00043
-0.00034
-0.00131
-0.00113
-0.00058
-0.00110
-0.00037
0.00046
0.00000
-0.00095
-0.00079
-0.00146
-0.00284
-0.00250
-0.00247
-0.00195
-0.00113
-0.00137
-0.00055
-0.00058
-0.00085
-0.00067
-0.00031
0.00043
0.00101
0.00089
0.00082
0.00000
-0.00058
-0.00101
-0.00095
-0.00104
-0.00174
-0.00159
-0.00165
-0.00244
-0.00208
-0.00107
-0.00061
-0.00040
0.00018
0.00031
-0.00003
-0.00037
-0.00085
-0.00076
-0.00082
-0.00140
-0.00168
-0.00143
-0.00137
-0.00150
-0.00101
-0.00012
0.00015
0.00006
0.00012
0.00052
0.00055
0.00052
0.00076
0.00070
0.00024
-0.00037
-0.00043
-0.00009
-0.00040
-0.00085
-0.00082
-0.00076
-0.00082
-0.00079
-0.00031
-0.00009
-0.00024
0.00000
0.00037
0.00055
0.00034
0.00024
0.00049
0.00031
0.00003
-0.00012
-0.00021
-0.00040
-0.00067
-0.00037
-0.00015
0.00000
0.00021
0.00034
0.00085
0.00082
0.00082
0.00092
0.00082
0.00015
0.00000
0.00000
0.00000
0.00000
0.00000
0.00000
0.00000
0.00000
0.00000
0.00000
0.00000
0.00000
0.00000
0.00000
0.00000
0.00000
0.00000
0.00000
0.00000
0.00000
0.00000
0.00000
0.00000
0.00000
0.00000
0.00000
0.00000
0.00000
0.00000
0.00000
0.00000
0.00000
0.00000
0.00000
0.00000
0.00000
0.00000
0.00000
0.00000
0.00000
0.00000
0.00000
0.00000
0.00000
0.00000
0.00000
0.00000
0.00000
0.00000
0.00000
0.00000
0.00000
0.00000
0.00000
0.00000
0.00000
0.00000
0.00000
0.00000
0.00000
0.00000
0.00000
0.00000
0.00000
0.00000
0.00000
0.00000
0.00000
0.00000
0.00000
0.00000
0.00000
0.00000
0.00000
0.00000
0.00000
0.00000
0.00000
0.00000
0.00000
0.00000
0.00000
0.00000
0.00000
0.00000
0.00000
0.00000
0.00000
0.00000
0.00000
0.00000
0.00000
0.00000
0.00000
0.00000
0.00000
0.00000
0.00000
0.00000
0.00000
0.00000
0.00000
0.00000
0.00000
0.00000
0.00000
0.00000
0.00000
0.00000
0.00000
0.00000
0.00000
0.00000
0.00000
0.00000
0.00000
0.00000
0.00000
0.00000
0.00000
0.00000
0.00000
0.00000
0.00000
0.00000
0.00000
0.00000
0.00000
0.00000
0.00000
0.00000
0.00000
0.00000
0.00000
0.00000
0.00000
0.00000
0.00000
0.00000
0.00000
0.00000
0.00000
0.00000
0.00000
0.00000
0.00000
0.00000
