-0.00012
-0.00012
-0.00012
-0.00015
-0.00015
-0.00015
-0.00015
-0.00009
-0.00009
-0.00012
-0.00015
-0.00012
-0.00012
-0.00018
-0.00018
-0.00015
-0.00009
-0.00012
-0.00012
-0.00009
-0.00009
-0.00015
-0.00015
-0.00012
-0.00015
-0.00015
-0.00015
-0.00015
-0.00012
-0.00015
-0.00018
-0.00015
-0.00012
-0.00012
-0.00037
0.00000
-0.00009
-0.00015
-0.00006
-0.00015
-0.00012
-0.00021
-0.00018
-0.00021
-0.00021
-0.00018
-0.00018
-0.00015
-0.00012
-0.00009
-0.00012
-0.00012
-0.00009
-0.00012
-0.00009
-0.00012
-0.00012
-0.00009
-0.00009
-0.00012
-0.00015
-0.00015
-0.00021
-0.00021
-0.00018
-0.00015
-0.00015
-0.00009
-0.00003
-0.00009
-0.00012
-0.00012
-0.00015
-0.00018
-0.00021
-0.00018
-0.00015
-0.00021
-0.00015
-0.00012
-0.00009
-0.00009
-0.00012
-0.00012
-0.00012
-0.00012
-0.00018
-0.00015
-0.00015
-0.00018
-0.00021
-0.00018
-0.00012
-0.00018
-0.00018
-0.00015
-0.00015
-0.00018
-0.00015
-0.00018
-0.00018
-0.00018
-0.00015
-0.00012
-0.00015
-0.00018
-0.00018
-0.00018
-0.00015
-0.00015
-0.00018
-0.00015
-0.00021
-0.00027
-0.00021
-0.00018
-0.00021
-0.00018
-0.00018
-0.00018
-0.00018
-0.00015
-0.00018
-0.00021
-0.00018
-0.00024
-0.00021
-0.00018
-0.00015
-0.00015
-0.00015
-0.00018
-0.00018
-0.00018
-0.00018
-0.00018
-0.00015
-0.00018
-0.00018
-0.00018
-0.00021
-0.00024
-0.00024
-0.00027
-0.00027
-0.00024
-0.00024
-0.00015
-0.00009
-0.00009
-0.00009
-0.00012
-0.00012
-0.00018
-0.00021
-0.00018
-0.00021
-0.00018
-0.00015
-0.00015
-0.00015
-0.00018
-0.00021
-0.00018
-0.00018
-0.00018
-0.00018
-0.00018
-0.00015
-0.00018
-0.00015
-0.00015
-0.00018
-0.00021
-0.00021
-0.00018
-0.00018
-0.00015
-0.00012
-0.00012
-0.00012
-0.00012
-0.00015
-0.00012
-0.00018
-0.00024
-0.00021
-0.00037
-0.00015
-0.00073
0.00031
-0.00119
-0.00195
-0.03809
-0.04300
-0.01236
-0.01834
-0.02075
-0.00232
0.02112
0.04715
0.04868
0.02203
0.02130
0.01328
-0.00766
-0.02380
-0.01199
-0.00854
-0.01221
-0.00433
-0.00198
0.00970
0.01581
0.00421
-0.00342
0.00549
0.00427
-0.00119
-0.00037
0.00092
-0.00009
-0.00110
-0.00351
-0.00403
-0.00089
-0.00052
-0.00348
-0.00241
0.00027
0.00259
0.00418
0.00418
0.00540
0.00488
0.00375
0.00171
0.00067
-0.00082
-0.00186
-0.00311
-0.00314
-0.00119
0.00055
-0.00037
-0.00018
0.00247
0.00333
0.00284
0.00235
0.00275
0.00244
0.00058
-0.00085
-0.00104
-0.00119
-0.00214
-0.00262
-0.00201
-0.00021
0.00070
-0.00021
0.00076
0.00162
0.00018
0.00040
0.00052
0.00040
-0.00009
-0.00046
-0.00116
-0.00107
-0.00070
-0.00153
-0.00104
-0.00067
-0.00110
-0.00082
-0.00034
-0.00052
-0.00082
-0.00006
0.00024
0.00024
0.00012
-0.00034
-0.00009
-0.00006
-0.00085
-0.00192
-0.00208
-0.00137
-0.00128
-0.00140
-0.00180
-0.00140
-0.00067
-0.00058
-0.00064
-0.00021
0.00034
0.00027
0.00012
0.00012
0.00018
-0.00006
-0.00070
-0.00092
-0.00061
-0.00076
-0.00137
-0.00159
-0.00140
-0.00150
-0.00165
-0.00159
-0.00134
-0.00079
-0.00037
0.00009
0.00037
0.00006
-0.00040
-0.00073
-0.00079
-0.00107
-0.00143
-0.00171
-0.00174
-0.00137
-0.00079
-0.00021
-0.00009
-0.00018
0.00000
0.00040
0.00046
0.00012
-0.00006
0.00000
-0.00006
-0.00024
-0.00027
-0.00031
-0.00076
-0.00113
-0.00079
-0.00034
-0.00055
-0.00110
-0.00101
-0.00046
-0.00018
-0.00015
0.00012
0.00049
0.00049
0.00024
0.00000
-0.00027
-0.00049
-0.00046
-0.00046
-0.00058
-0.00052
-0.00031
-0.00012
-0.00012
-0.00012
0.00012
0.00055
0.00064
0.00046
0.00040
0.00027
0.00024
0.00027
0.00031
0.00003
-0.00043
-0.00058
-0.00043
-0.00034
-0.00046
-0.00043
-0.00006
0.00024
0.00031
0.00012
-0.00006
-0.00024
-0.00061
-0.00089
-0.00079
-0.00055
-0.00018
-0.00031
-0.00031
-0.00027
-0.00027
0.00000
0.00000
0.00000
0.00000
0.00000
0.00000
0.00000
0.00000
0.00000
0.00000
0.00000
0.00000
0.00000
0.00000
0.00000
0.00000
0.00000
0.00000
0.00000
0.00000
0.00000
0.00000
0.00000
0.00000
0.00000
0.00000
0.00000
0.00000
0.00000
0.00000
0.00000
0.00000
0.00000
0.00000
0.00000
0.00000
0.00000
0.00000
0.00000
0.00000
0.00000
0.00000
0.00000
0.00000
0.00000
0.00000
0.00000
0.00000
0.00000
0.00000
0.00000
0.00000
0.00000
0.00000
0.00000
0.00000
0.00000
0.00000
0.00000
0.00000
0.00000
0.00000
0.00000
0.00000
0.00000
0.00000
0.00000
0.00000
0.00000
0.00000
0.00000
0.00000
0.00000
0.00000
0.00000
0.00000
0.00000
0.00000
0.00000
0.00000
0.00000
0.00000
0.00000
0.00000
0.00000
0.00000
0.00000
0.00000
0.00000
0.00000
0.00000
0.00000
0.00000
0.00000
0.00000
0.00000
0.00000
0.00000
0.00000
0.00000
0.00000
0.00000
0.00000
0.00000
0.00000
0.00000
0.00000
0.00000
0.00000
0.00000
0.00000
0.00000
