-0.00024
-0.00027
-0.00031
-0.00024
-0.00018
-0.00012
-0.00015
-0.00018
-0.00015
-0.00027
-0.00027
-0.00024
-0.00024
-0.00031
-0.00031
-0.00024
-0.00024
-0.00024
-0.00024
-0.00024
-0.00027
-0.00031
-0.00031
-0.00024
-0.00024
-0.00024
-0.00024
-0.00021
-0.00024
-0.00027
-0.00018
-0.00021
-0.00024
-0.00024
-0.00049
-0.00015
-0.00031
-0.00031
-0.00027
-0.00027
-0.00024
-0.00031
-0.00021
-0.00024
-0.00027
-0.00031
-0.00031
-0.00034
-0.00037
-0.00031
-0.00027
-0.00031
-0.00027
-0.00024
-0.00027
-0.00027
-0.00027
-0.00021
-0.00024
-0.00031
-0.00031
-0.00031
-0.00031
-0.00027
-0.00037
-0.00034
-0.00027
-0.00043
-0.00024
-0.00024
-0.00024
-0.00034
-0.00037
-0.00027
-0.00040
-0.00037
-0.00037
-0.00031
-0.00031
-0.00024
-0.00015
-0.00024
-0.00034
-0.00037
-0.00040
-0.00040
-0.00040
-0.00040
-0.00031
-0.00027
-0.00024
-0.00021
-0.00021
-0.00021
-0.00031
-0.00034
-0.00037
-0.00040
-0.00037
-0.00031
-0.00037
-0.00034
-0.00024
-0.00021
-0.00031
-0.00031
-0.00024
-0.00027
-0.00027
-0.00024
-0.00027
-0.00037
-0.00031
-0.00031
-0.00037
-0.00031
-0.00031
-0.00031
-0.00027
-0.00021
-0.00021
-0.00021
-0.00031
-0.00037
-0.00040
-0.00037
-0.00040
-0.00043
-0.00034
-0.00024
-0.00027
-0.00031
-0.00027
-0.00031
-0.00037
-0.00037
-0.00034
-0.00031
-0.00034
-0.00037
-0.00037
-0.00031
-0.00034
-0.00027
-0.00024
-0.00024
-0.00021
-0.00031
-0.00027
-0.00034
-0.00040
-0.00034
-0.00037
-0.00034
-0.00037
-0.00031
-0.00027
-0.00034
-0.00037
-0.00040
-0.00034
-0.00037
-0.00034
-0.00031
-0.00027
-0.00027
-0.00034
-0.00027
-0.00031
-0.00034
-0.00031
-0.00031
-0.00024
-0.00040
-0.00040
-0.00037
-0.00040
-0.00040
-0.00034
-0.00037
-0.00024
-0.00040
0.00000
-0.00064
0.00034
-0.00128
0.00070
-0.00198
0.00137
-0.00278
0.00192
-0.03366
-0.09659
-0.02148
-0.04944
0.02823
0.07642
0.06644
0.04016
-0.00351
0.03400
0.00732
-0.00571
-0.04279
-0.03293
-0.02423
-0.00903
0.00461
0.03351
0.03046
-0.00635
-0.00949
0.00287
0.00998
0.00009
-0.00574
-0.00320
0.00110
0.00247
-0.00156
-0.00464
0.00314
0.00034
-0.00467
-0.00430
0.00226
-0.00049
-0.00278
0.00293
0.00616
0.00522
0.00540
0.00369
-0.00092
0.00082
-0.00067
-0.00180
-0.00369
-0.00113
-0.00162
-0.00107
0.00061
0.00076
0.00128
0.00381
0.00385
0.00162
0.00223
0.00323
0.00180
-0.00110
-0.00110
-0.00162
-0.00452
-0.00385
-0.00110
0.00009
0.00092
0.00070
0.00085
0.00006
-0.00015
0.00076
0.00125
0.00204
-0.00015
-0.00162
-0.00089
-0.00049
-0.00150
-0.00159
-0.00195
-0.00067
-0.00150
-0.00073
0.00079
0.00031
-0.00018
-0.00031
0.00003
-0.00095
-0.00092
0.00000
-0.00037
-0.00015
-0.00159
-0.00146
-0.00037
-0.00153
-0.00253
-0.00269
-0.00150
-0.00049
-0.00043
0.00003
-0.00052
-0.00027
0.00027
0.00006
0.00012
0.00003
-0.00021
-0.00012
-0.00034
-0.00043
-0.00089
-0.00140
-0.00146
-0.00122
-0.00082
-0.00159
-0.00223
-0.00171
-0.00067
0.00003
-0.00012
0.00012
0.00018
-0.00009
-0.00027
-0.00052
-0.00073
-0.00156
-0.00201
-0.00186
-0.00168
-0.00146
-0.00104
0.00000
0.00089
0.00067
0.00031
0.00006
0.00003
0.00000
0.00009
0.00043
-0.00021
-0.00085
-0.00067
0.00006
0.00034
-0.00061
-0.00150
-0.00140
-0.00067
0.00000
0.00012
0.00000
-0.00043
-0.00046
0.00021
0.00079
0.00073
0.00015
-0.00018
-0.00015
-0.00037
-0.00043
-0.00037
-0.00027
0.00000
0.00000
0.00000
0.00000
0.00000
0.00000
0.00000
0.00000
0.00000
0.00000
0.00000
0.00000
0.00000
0.00000
0.00000
0.00000
0.00000
0.00000
0.00000
0.00000
0.00000
0.00000
0.00000
0.00000
0.00000
0.00000
0.00000
0.00000
0.00000
0.00000
0.00000
0.00000
0.00000
0.00000
0.00000
0.00000
0.00000
0.00000
0.00000
0.00000
0.00000
0.00000
0.00000
0.00000
0.00000
0.00000
0.00000
0.00000
0.00000
0.00000
0.00000
0.00000
0.00000
0.00000
0.00000
0.00000
0.00000
0.00000
0.00000
0.00000
0.00000
0.00000
0.00000
0.00000
0.00000
0.00000
0.00000
0.00000
0.00000
0.00000
0.00000
0.00000
0.00000
0.00000
0.00000
0.00000
0.00000
0.00000
0.00000
0.00000
0.00000
0.00000
0.00000
0.00000
0.00000
0.00000
0.00000
0.00000
0.00000
0.00000
0.00000
0.00000
0.00000
0.00000
0.00000
0.00000
0.00000
0.00000
0.00000
0.00000
0.00000
0.00000
0.00000
0.00000
0.00000
0.00000
0.00000
0.00000
0.00000
0.00000
0.00000
0.00000
0.00000
0.00000
0.00000
0.00000
0.00000
0.00000
0.00000
0.00000
0.00000
0.00000
0.00000
0.00000
0.00000
0.00000
0.00000
0.00000
0.00000
0.00000
0.00000
0.00000
0.00000
0.00000
0.00000
0.00000
0.00000
0.00000
0.00000
0.00000
0.00000
0.00000
0.00000
0.00000
0.00000
0.00000
0.00000
0.00000
0.00000
0.00000
0.00000
