-0.00009
-0.00015
-0.00018
-0.00021
-0.00018
-0.00031
-0.00027
-0.00018
-0.00012
-0.00009
-0.00009
-0.00003
-0.00003
-0.00006
-0.00021
-0.00021
-0.00024
-0.00027
-0.00015
-0.00003
0.00000
0.00000
0.00003
0.00000
-0.00006
-0.00012
-0.00018
-0.00024
-0.00024
-0.00021
-0.00018
-0.00015
-0.00015
-0.00015
-0.00037
0.00003
-0.00003
-0.00012
-0.00012
-0.00018
-0.00015
-0.00024
-0.00024
-0.00034
-0.00027
-0.00021
-0.00015
-0.00009
-0.00009
-0.00003
-0.00009
-0.00012
-0.00015
-0.00015
-0.00015
-0.00006
-0.00021
-0.00027
-0.00018
-0.00024
-0.00027
-0.00034
-0.00027
-0.00037
-0.00034
-0.00018
-0.00015
-0.00015
-0.00018
-0.00015
-0.00024
-0.00015
-0.00006
-0.00015
-0.00024
-0.00024
-0.00031
-0.00040
-0.00031
-0.00031
-0.00034
-0.00034
-0.00031
-0.00027
-0.00024
-0.00009
-0.00012
-0.00015
-0.00015
-0.00021
-0.00024
-0.00021
-0.00027
-0.00040
-0.00040
-0.00031
-0.00034
-0.00027
-0.00024
-0.00024
-0.00027
-0.00021
-0.00021
-0.00031
-0.00031
-0.00027
-0.00034
-0.00040
-0.00037
-0.00034
-0.00037
-0.00031
-0.00021
-0.00027
-0.00027
-0.00027
-0.00034
-0.00027
-0.00027
-0.00037
-0.00037
-0.00027
-0.00024
-0.00037
-0.00031
-0.00027
-0.00040
-0.00037
-0.00031
-0.00031
-0.00034
-0.00037
-0.00040
-0.00043
-0.00037
-0.00034
-0.00031
-0.00027
-0.00024
-0.00027
-0.00024
-0.00021
-0.00037
-0.00040
-0.00046
-0.00049
-0.00046
-0.00043
-0.00037
-0.00031
-0.00031
-0.00031
-0.00024
-0.00021
-0.00021
-0.00034
-0.00040
-0.00043
-0.00052
-0.00052
-0.00049
-0.00037
-0.00031
-0.00034
-0.00031
-0.00027
-0.00031
-0.00040
-0.00040
-0.00043
-0.00043
-0.00052
-0.00027
-0.00046
0.00000
-0.00089
0.00034
-0.00143
0.00089
-0.00217
0.00180
-0.00320
0.00305
-0.04324
-0.16031
-0.07263
-0.00677
0.04187
0.08096
0.12161
0.10138
0.00861
0.00003
0.00198
-0.00018
-0.05176
-0.08310
-0.06052
0.00940
0.03436
0.03766
0.04422
0.01959
-0.00879
-0.01474
0.00403
0.00449
-0.00150
-0.00592
-0.01123
0.00070
0.01071
-0.00400
-0.00839
0.00201
0.00266
-0.00540
0.00354
0.00671
-0.00269
0.00049
0.00757
0.00333
0.00317
0.00516
-0.00464
-0.00674
-0.00070
-0.00015
-0.00302
-0.00131
-0.00253
-0.00418
0.00064
0.00290
-0.00064
0.00171
0.00708
0.00403
0.00012
0.00198
0.00424
0.00006
-0.00369
-0.00385
-0.00507
-0.00534
-0.00238
0.00009
0.00241
0.00128
-0.00061
-0.00137
-0.00012
0.00143
0.00000
0.00052
0.00070
-0.00113
-0.00186
-0.00137
-0.00143
-0.00272
-0.00272
-0.00113
-0.00195
-0.00259
-0.00232
-0.00040
0.00113
0.00021
0.00015
0.00037
-0.00012
0.00024
0.00000
-0.00140
-0.00226
-0.00287
-0.00311
-0.00305
-0.00305
-0.00226
-0.00104
-0.00027
-0.00098
-0.00049
-0.00012
-0.00122
-0.00055
0.00015
0.00031
0.00021
0.00006
0.00046
0.00000
-0.00076
-0.00189
-0.00220
-0.00201
-0.00256
-0.00211
-0.00208
-0.00293
-0.00284
-0.00070
0.00128
0.00085
0.00009
-0.00037
-0.00061
-0.00070
-0.00101
-0.00113
-0.00168
-0.00266
-0.00336
-0.00293
-0.00165
-0.00070
0.00000
0.00104
0.00122
0.00034
-0.00058
-0.00040
0.00012
0.00012
0.00018
-0.00006
-0.00058
-0.00101
-0.00076
-0.00018
-0.00070
-0.00189
-0.00229
-0.00128
-0.00009
-0.00015
-0.00061
-0.00067
-0.00043
0.00009
0.00095
0.00125
0.00040
-0.00076
-0.00095
-0.00076
-0.00082
-0.00076
-0.00055
-0.00049
-0.00085
-0.00092
-0.00079
-0.00015
0.00049
0.00085
0.00095
0.00012
-0.00037
-0.00043
-0.00003
-0.00021
-0.00052
-0.00015
-0.00027
0.00000
0.00000
0.00000
0.00000
0.00000
0.00000
0.00000
0.00000
0.00000
0.00000
0.00000
0.00000
0.00000
0.00000
0.00000
0.00000
0.00000
0.00000
0.00000
0.00000
0.00000
0.00000
0.00000
0.00000
0.00000
0.00000
0.00000
0.00000
0.00000
0.00000
0.00000
0.00000
0.00000
0.00000
0.00000
0.00000
0.00000
0.00000
0.00000
0.00000
0.00000
0.00000
0.00000
0.00000
0.00000
0.00000
0.00000
0.00000
0.00000
0.00000
0.00000
0.00000
0.00000
0.00000
0.00000
0.00000
0.00000
0.00000
0.00000
0.00000
0.00000
0.00000
0.00000
0.00000
0.00000
0.00000
0.00000
0.00000
0.00000
0.00000
0.00000
0.00000
0.00000
0.00000
0.00000
0.00000
0.00000
0.00000
0.00000
0.00000
0.00000
0.00000
0.00000
0.00000
0.00000
0.00000
0.00000
0.00000
0.00000
0.00000
0.00000
0.00000
0.00000
0.00000
0.00000
0.00000
0.00000
0.00000
0.00000
0.00000
0.00000
0.00000
0.00000
0.00000
0.00000
0.00000
0.00000
0.00000
0.00000
0.00000
0.00000
0.00000
0.00000
0.00000
0.00000
0.00000
0.00000
0.00000
0.00000
0.00000
0.00000
0.00000
0.00000
0.00000
0.00000
0.00000
0.00000
0.00000
0.00000
0.00000
0.00000
0.00000
0.00000
0.00000
0.00000
0.00000
0.00000
0.00000
0.00000
0.00000
0.00000
0.00000
0.00000
