-0.00037
-0.00031
-0.00024
-0.00027
-0.00027
-0.00027
-0.00027
-0.00031
-0.00027
-0.00027
-0.00031
-0.00024
-0.00021
-0.00027
-0.00031
-0.00031
-0.00027
-0.00034
-0.00034
-0.00031
-0.00031
-0.00024
-0.00027
-0.00031
-0.00031
-0.00034
-0.00027
-0.00034
-0.00027
-0.00024
-0.00021
-0.00024
-0.00034
-0.00031
-0.00055
-0.00015
-0.00031
-0.00040
-0.00031
-0.00031
-0.00027
-0.00031
-0.00021
-0.00027
-0.00031
-0.00037
-0.00037
-0.00031
-0.00034
-0.00040
-0.00031
-0.00031
-0.00018
-0.00043
-0.00034
-0.00015
-0.00043
-0.00037
-0.00034
-0.00027
-0.00031
-0.00040
-0.00031
-0.00024
-0.00021
-0.00027
-0.00024
-0.00024
-0.00027
-0.00034
-0.00046
-0.00037
-0.00031
-0.00037
-0.00034
-0.00021
-0.00034
-0.00037
-0.00034
-0.00037
-0.00043
-0.00037
-0.00027
-0.00034
-0.00027
-0.00018
-0.00021
-0.00024
-0.00027
-0.00027
-0.00024
-0.00031
-0.00040
-0.00043
-0.00027
-0.00024
-0.00031
-0.00031
-0.00012
-0.00015
-0.00037
-0.00031
-0.00021
-0.00040
-0.00046
-0.00034
-0.00024
-0.00027
-0.00027
-0.00021
-0.00015
-0.00021
-0.00034
-0.00037
-0.00027
-0.00027
-0.00040
-0.00034
-0.00024
-0.00027
-0.00031
-0.00031
-0.00027
-0.00031
-0.00024
-0.00031
-0.00024
-0.00021
-0.00027
-0.00027
-0.00024
-0.00021
-0.00024
-0.00024
-0.00027
-0.00021
-0.00027
-0.00027
-0.00021
-0.00021
-0.00018
-0.00027
-0.00027
-0.00034
-0.00034
-0.00027
-0.00021
-0.00015
-0.00024
-0.00015
-0.00012
-0.00012
-0.00021
-0.00024
-0.00021
-0.00031
-0.00031
-0.00027
-0.00012
-0.00009
-0.00031
-0.00024
-0.00021
-0.00024
-0.00021
-0.00015
-0.00009
-0.00006
-0.00018
-0.00012
-0.00034
0.00009
-0.00092
0.00073
-0.00180
0.00192
-0.00330
0.00418
-0.00613
0.00662
-0.08859
-0.15085
0.03986
-0.00015
-0.01340
0.04349
0.07361
0.07736
0.02274
-0.00098
0.01190
0.04822
-0.02393
-0.08206
-0.01346
0.02374
-0.00131
0.00729
0.01746
-0.00104
0.00235
-0.00403
-0.01086
0.02301
0.01849
-0.01236
-0.01065
0.01562
0.00171
-0.00632
0.00223
-0.00049
-0.00128
-0.00290
-0.00323
-0.00250
0.00339
0.00659
0.00339
0.00192
0.00574
0.00400
-0.00098
-0.00018
-0.00009
-0.00284
-0.00171
-0.00082
-0.00305
-0.00327
0.00137
0.00009
-0.00174
0.00601
0.00659
0.00058
0.00037
0.00439
0.00354
-0.00156
-0.00244
-0.00168
-0.00363
-0.00354
-0.00290
-0.00027
0.00244
-0.00156
-0.00320
-0.00070
0.00198
0.00128
-0.00003
0.00327
0.00269
-0.00125
-0.00168
-0.00067
-0.00061
-0.00256
-0.00299
-0.00143
-0.00235
-0.00238
-0.00226
0.00012
0.00201
-0.00015
-0.00031
0.00107
0.00000
0.00015
0.00018
-0.00003
-0.00079
-0.00174
-0.00308
-0.00293
-0.00153
-0.00186
-0.00186
-0.00116
-0.00098
0.00006
-0.00049
-0.00082
0.00085
0.00156
0.00046
-0.00040
0.00076
0.00174
0.00000
-0.00143
-0.00131
-0.00015
-0.00095
-0.00272
-0.00217
-0.00150
-0.00232
-0.00195
-0.00003
0.00095
0.00034
-0.00024
-0.00009
0.00049
0.00021
-0.00076
-0.00064
-0.00058
-0.00168
-0.00247
-0.00195
-0.00095
-0.00070
-0.00058
0.00061
0.00098
0.00046
0.00000
0.00043
0.00104
0.00082
0.00043
0.00018
0.00006
-0.00006
0.00006
0.00027
-0.00052
-0.00137
-0.00113
-0.00015
0.00031
-0.00046
-0.00070
-0.00034
-0.00003
0.00058
0.00116
0.00153
0.00085
-0.00009
-0.00040
-0.00037
-0.00006
0.00012
0.00015
-0.00006
-0.00064
-0.00061
-0.00018
0.00052
0.00082
0.00079
0.00110
0.00082
0.00085
0.00107
0.00085
0.00061
0.00046
0.00027
-0.00043
-0.00110
-0.00104
-0.00073
-0.00067
-0.00055
0.00003
0.00055
0.00067
0.00040
-0.00009
0.00015
0.00000
0.00000
0.00000
0.00000
0.00000
0.00000
0.00000
0.00000
0.00000
0.00000
0.00000
0.00000
0.00000
0.00000
0.00000
0.00000
0.00000
0.00000
0.00000
0.00000
0.00000
0.00000
0.00000
0.00000
0.00000
0.00000
0.00000
0.00000
0.00000
0.00000
0.00000
0.00000
0.00000
0.00000
0.00000
0.00000
0.00000
0.00000
0.00000
0.00000
0.00000
0.00000
0.00000
0.00000
0.00000
0.00000
0.00000
0.00000
0.00000
0.00000
0.00000
0.00000
0.00000
0.00000
0.00000
0.00000
0.00000
0.00000
0.00000
0.00000
0.00000
0.00000
0.00000
0.00000
0.00000
0.00000
0.00000
0.00000
0.00000
0.00000
0.00000
0.00000
0.00000
0.00000
0.00000
0.00000
0.00000
0.00000
0.00000
0.00000
0.00000
0.00000
0.00000
0.00000
0.00000
0.00000
0.00000
0.00000
0.00000
0.00000
0.00000
0.00000
0.00000
0.00000
0.00000
0.00000
0.00000
0.00000
0.00000
0.00000
0.00000
0.00000
0.00000
0.00000
0.00000
0.00000
0.00000
0.00000
0.00000
0.00000
0.00000
0.00000
0.00000
0.00000
0.00000
0.00000
0.00000
0.00000
0.00000
0.00000
0.00000
0.00000
0.00000
0.00000
0.00000
0.00000
0.00000
0.00000
0.00000
0.00000
0.00000
0.00000
0.00000
0.00000
0.00000
