-0.00027
-0.00024
-0.00024
-0.00027
-0.00034
-0.00031
-0.00027
-0.00027
-0.00027
-0.00024
-0.00021
-0.00024
-0.00027
-0.00031
-0.00027
-0.00027
-0.00031
-0.00031
-0.00027
-0.00024
-0.00024
-0.00024
-0.00027
-0.00027
-0.00024
-0.00024
-0.00021
-0.00021
-0.00018
-0.00021
-0.00021
-0.00024
-0.00024
-0.00024
-0.00049
-0.00012
-0.00021
-0.00027
-0.00021
-0.00021
-0.00018
-0.00021
-0.00018
-0.00021
-0.00021
-0.00024
-0.00021
-0.00015
-0.00018
-0.00018
-0.00018
-0.00015
-0.00018
-0.00021
-0.00021
-0.00021
-0.00021
-0.00024
-0.00027
-0.00021
-0.00015
-0.00015
-0.00015
-0.00012
-0.00012
-0.00018
-0.00021
-0.00021
-0.00021
-0.00021
-0.00018
-0.00018
-0.00018
-0.00015
-0.00015
-0.00015
-0.00015
-0.00015
-0.00018
-0.00018
-0.00021
-0.00018
-0.00012
-0.00009
-0.00009
-0.00006
-0.00009
-0.00012
-0.00015
-0.00015
-0.00015
-0.00021
-0.00018
-0.00015
-0.00015
-0.00012
-0.00009
-0.00009
-0.00009
-0.00009
-0.00009
-0.00009
-0.00009
-0.00012
-0.00009
-0.00009
-0.00009
-0.00009
-0.00006
-0.00006
-0.00006
-0.00006
-0.00009
-0.00009
-0.00012
-0.00012
-0.00009
-0.00006
-0.00003
-0.00003
-0.00006
-0.00009
-0.00009
-0.00009
-0.00009
-0.00012
-0.00012
-0.00006
-0.00003
-0.00003
0.00000
0.00000
0.00000
-0.00003
-0.00003
-0.00006
-0.00006
-0.00009
-0.00009
-0.00012
-0.00012
-0.00009
-0.00009
-0.00003
-0.00003
0.00000
0.00000
-0.00003
-0.00006
-0.00003
0.00000
-0.00003
-0.00003
0.00000
0.00003
0.00000
0.00000
0.00003
0.00000
0.00000
-0.00003
-0.00003
0.00000
0.00000
0.00000
0.00006
0.00009
0.00006
0.00006
0.00003
-0.00003
-0.00003
-0.00006
-0.00006
-0.00003
0.00000
0.00006
0.00009
0.00009
0.00009
0.00012
0.00009
-0.00006
-0.00003
-0.00003
-0.00003
0.00000
0.00000
0.00000
0.00000
0.00003
0.00006
0.00006
0.00006
0.00000
0.00006
0.00000
0.00000
-0.00003
0.00000
0.00009
-0.00006
-0.00183
-0.01553
-0.01630
-0.01077
-0.00995
-0.00748
-0.00458
0.00470
0.01294
0.01642
0.01337
0.01041
0.00269
-0.00601
-0.00986
-0.00641
-0.00595
-0.00610
-0.00140
0.00198
0.00714
0.00775
0.00558
0.00439
0.00513
0.00415
0.00272
0.00159
-0.00049
-0.00131
-0.00027
0.00012
0.00085
0.00171
0.00064
0.00064
0.00177
0.00223
0.00266
0.00189
0.00061
0.00110
0.00180
0.00131
0.00082
0.00095
0.00040
0.00015
0.00009
-0.00031
0.00034
0.00113
0.00043
0.00031
0.00134
0.00171
0.00165
0.00174
0.00131
0.00052
0.00031
0.00055
0.00116
0.00052
0.00006
0.00009
0.00037
0.00052
-0.00046
-0.00113
-0.00085
0.00037
0.00095
0.00110
0.00137
0.00104
0.00046
0.00000
-0.00043
-0.00067
-0.00089
-0.00067
-0.00043
-0.00012
-0.00024
-0.00024
0.00000
-0.00003
-0.00018
-0.00015
-0.00003
-0.00024
-0.00046
-0.00024
-0.00003
-0.00018
-0.00067
-0.00095
-0.00067
-0.00034
-0.00046
-0.00085
-0.00095
-0.00079
-0.00040
-0.00027
-0.00034
-0.00034
-0.00012
-0.00015
-0.00034
-0.00037
-0.00037
-0.00040
-0.00027
-0.00009
-0.00012
-0.00046
-0.00079
-0.00076
-0.00058
-0.00061
-0.00089
-0.00089
-0.00055
-0.00018
0.00000
-0.00015
-0.00031
-0.00009
0.00012
0.00000
-0.00055
-0.00110
-0.00113
-0.00085
-0.00067
-0.00076
-0.00076
-0.00055
-0.00027
0.00000
0.00009
0.00009
0.00000
-0.00003
-0.00009
-0.00024
-0.00034
-0.00018
0.00003
0.00000
-0.00034
-0.00046
-0.00021
-0.00009
-0.00024
-0.00027
0.00000
0.00000
-0.00015
-0.00018
0.00000
0.00006
0.00000
0.00006
0.00015
0.00003
-0.00015
-0.00006
0.00015
0.00006
0.00000
0.00000
0.00000
0.00000
0.00000
0.00000
0.00000
0.00000
0.00000
0.00000
0.00000
0.00000
0.00000
0.00000
0.00000
0.00000
0.00000
0.00000
0.00000
0.00000
0.00000
0.00000
0.00000
0.00000
0.00000
0.00000
0.00000
0.00000
0.00000
0.00000
0.00000
0.00000
0.00000
0.00000
0.00000
0.00000
0.00000
0.00000
0.00000
0.00000
0.00000
0.00000
0.00000
0.00000
0.00000
0.00000
0.00000
0.00000
0.00000
0.00000
0.00000
0.00000
0.00000
0.00000
0.00000
0.00000
0.00000
0.00000
0.00000
0.00000
0.00000
0.00000
0.00000
0.00000
0.00000
0.00000
0.00000
0.00000
0.00000
0.00000
0.00000
0.00000
0.00000
0.00000
0.00000
0.00000
0.00000
0.00000
0.00000
0.00000
0.00000
0.00000
0.00000
0.00000
0.00000
0.00000
0.00000
0.00000
0.00000
0.00000
0.00000
0.00000
0.00000
0.00000
0.00000
0.00000
0.00000
0.00000
0.00000
0.00000
0.00000
0.00000
0.00000
0.00000
0.00000
0.00000
0.00000
0.00000
0.00000
0.00000
0.00000
0.00000
0.00000
0.00000
0.00000
0.00000
0.00000
0.00000
0.00000
0.00000
0.00000
0.00000
0.00000
0.00000
0.00000
0.00000
0.00000
0.00000
0.00000
0.00000
0.00000
0.00000
0.00000
0.00000
0.00000
0.00000
0.00000
0.00000
