-0.00018
-0.00018
-0.00015
-0.00018
-0.00015
-0.00012
-0.00009
-0.00009
-0.00015
-0.00015
-0.00012
-0.00012
-0.00015
-0.00018
-0.00015
-0.00015
-0.00015
-0.00015
-0.00015
-0.00018
-0.00021
-0.00021
-0.00015
-0.00015
-0.00012
-0.00009
-0.00003
-0.00009
-0.00009
-0.00018
-0.00021
-0.00021
-0.00021
-0.00012
-0.00037
0.00000
-0.00006
-0.00009
-0.00009
-0.00015
-0.00009
-0.00015
-0.00018
-0.00015
-0.00012
-0.00012
-0.00012
-0.00012
-0.00012
-0.00015
-0.00018
-0.00018
-0.00015
-0.00018
-0.00015
-0.00012
-0.00012
-0.00009
-0.00009
-0.00006
-0.00009
-0.00015
-0.00012
-0.00012
-0.00015
-0.00018
-0.00009
-0.00009
-0.00009
-0.00015
-0.00012
-0.00009
-0.00018
-0.00012
-0.00009
-0.00012
-0.00018
-0.00015
-0.00006
-0.00006
-0.00012
-0.00009
-0.00006
-0.00009
-0.00015
-0.00012
-0.00009
-0.00015
-0.00015
-0.00015
-0.00006
-0.00006
-0.00006
-0.00006
-0.00006
-0.00009
-0.00015
-0.00012
-0.00012
-0.00015
-0.00012
-0.00009
-0.00009
-0.00012
-0.00009
-0.00006
-0.00009
-0.00009
-0.00006
-0.00003
-0.00006
-0.00009
-0.00006
-0.00006
-0.00012
-0.00012
-0.00012
-0.00009
-0.00009
-0.00012
-0.00009
-0.00006
-0.00009
-0.00006
0.00000
0.00000
-0.00003
-0.00009
-0.00012
-0.00015
-0.00015
-0.00012
-0.00012
-0.00009
-0.00003
0.00000
-0.00006
-0.00009
-0.00012
-0.00012
-0.00018
-0.00018
-0.00006
0.00000
0.00000
0.00000
0.00000
-0.00003
-0.00012
-0.00015
-0.00012
-0.00012
-0.00015
-0.00009
-0.00003
-0.00006
-0.00009
-0.00006
-0.00003
-0.00009
-0.00009
-0.00006
-0.00006
-0.00012
-0.00012
-0.00009
-0.00012
-0.00012
-0.00012
-0.00009
-0.00006
-0.00009
-0.00009
-0.00009
-0.00009
-0.00006
-0.00009
-0.00006
-0.00006
-0.00009
-0.00012
-0.00012
-0.00012
-0.00018
-0.00018
-0.00006
-0.00024
-0.00006
-0.00031
0.00006
-0.00049
0.00046
-0.00082
0.00095
-0.00140
0.00125
-0.02155
-0.04880
-0.02612
-0.03430
0.00632
0.03531
0.04367
0.02924
0.01202
0.01779
0.00992
-0.00317
-0.02112
-0.02100
-0.01688
-0.00671
-0.00107
0.01575
0.01663
0.00299
-0.00174
0.00177
0.00406
-0.00168
-0.00565
-0.00452
-0.00098
0.00073
-0.00104
-0.00095
0.00470
0.00589
0.00311
0.00134
0.00299
0.00089
-0.00043
0.00092
0.00125
0.00076
0.00198
0.00183
0.00150
0.00226
0.00101
-0.00110
-0.00150
0.00027
-0.00012
0.00000
0.00024
0.00009
0.00079
0.00183
0.00208
0.00201
0.00189
0.00143
0.00061
0.00006
0.00003
-0.00049
-0.00174
-0.00146
0.00070
0.00122
0.00043
-0.00052
-0.00015
-0.00021
-0.00012
0.00015
-0.00082
0.00140
0.00104
-0.00055
0.00095
0.00037
-0.00043
-0.00110
-0.00089
-0.00122
-0.00137
-0.00040
-0.00119
-0.00064
-0.00018
-0.00043
0.00031
0.00037
-0.00040
0.00000
0.00009
-0.00092
-0.00131
-0.00098
-0.00070
-0.00122
-0.00110
-0.00122
-0.00116
-0.00064
-0.00101
-0.00040
-0.00046
-0.00095
-0.00082
-0.00027
0.00034
0.00052
0.00037
0.00000
-0.00040
-0.00049
-0.00104
-0.00150
-0.00128
-0.00085
-0.00052
-0.00104
-0.00171
-0.00174
-0.00119
-0.00049
-0.00024
0.00000
-0.00015
-0.00061
-0.00058
-0.00021
-0.00009
-0.00070
-0.00134
-0.00159
-0.00146
-0.00116
-0.00092
-0.00070
-0.00040
0.00012
0.00058
0.00031
-0.00031
-0.00085
-0.00070
-0.00031
-0.00018
-0.00012
-0.00031
-0.00031
-0.00027
-0.00043
-0.00076
-0.00104
-0.00095
-0.00064
-0.00037
-0.00021
-0.00021
-0.00021
-0.00012
-0.00003
0.00003
-0.00003
-0.00024
-0.00021
-0.00021
-0.00021
0.00000
0.00000
0.00000
0.00000
0.00000
0.00000
0.00000
0.00000
0.00000
0.00000
0.00000
0.00000
0.00000
0.00000
0.00000
0.00000
0.00000
0.00000
0.00000
0.00000
0.00000
0.00000
0.00000
0.00000
0.00000
0.00000
0.00000
0.00000
0.00000
0.00000
0.00000
0.00000
0.00000
0.00000
0.00000
0.00000
0.00000
0.00000
0.00000
0.00000
0.00000
0.00000
0.00000
0.00000
0.00000
0.00000
0.00000
0.00000
0.00000
0.00000
0.00000
0.00000
0.00000
0.00000
0.00000
0.00000
0.00000
0.00000
0.00000
0.00000
0.00000
0.00000
0.00000
0.00000
0.00000
0.00000
0.00000
0.00000
0.00000
0.00000
0.00000
0.00000
0.00000
0.00000
0.00000
0.00000
0.00000
0.00000
0.00000
0.00000
0.00000
0.00000
0.00000
0.00000
0.00000
0.00000
0.00000
0.00000
0.00000
0.00000
0.00000
0.00000
0.00000
0.00000
0.00000
0.00000
0.00000
0.00000
0.00000
0.00000
0.00000
0.00000
0.00000
0.00000
0.00000
0.00000
0.00000
0.00000
0.00000
0.00000
0.00000
0.00000
0.00000
0.00000
0.00000
0.00000
0.00000
0.00000
0.00000
0.00000
0.00000
0.00000
0.00000
0.00000
0.00000
0.00000
0.00000
0.00000
0.00000
0.00000
0.00000
0.00000
0.00000
0.00000
0.00000
0.00000
0.00000
0.00000
0.00000
0.00000
0.00000
0.00000
0.00000
0.00000
0.00000
0.00000
0.00000
0.00000
