-0.00024
-0.00031
-0.00027
-0.00018
-0.00018
-0.00018
-0.00015
-0.00015
-0.00024
-0.00021
-0.00021
-0.00024
-0.00024
-0.00021
-0.00024
-0.00024
-0.00018
-0.00018
-0.00015
-0.00012
-0.00012
-0.00015
-0.00015
-0.00021
-0.00024
-0.00021
-0.00018
-0.00021
-0.00021
-0.00012
-0.00015
-0.00015
-0.00021
-0.00024
-0.00049
-0.00015
-0.00024
-0.00027
-0.00012
-0.00012
-0.00009
-0.00012
-0.00012
-0.00018
-0.00021
-0.00018
-0.00021
-0.00018
-0.00018
-0.00018
-0.00018
-0.00018
-0.00015
-0.00015
-0.00018
-0.00015
-0.00015
-0.00031
-0.00009
-0.00015
-0.00015
-0.00018
-0.00018
-0.00015
-0.00027
-0.00015
-0.00012
-0.00012
-0.00015
-0.00009
-0.00009
-0.00009
-0.00003
-0.00009
-0.00012
-0.00012
-0.00015
-0.00021
-0.00015
-0.00015
-0.00018
-0.00018
-0.00015
-0.00006
-0.00012
-0.00009
-0.00012
-0.00018
-0.00018
-0.00012
-0.00009
-0.00006
-0.00009
-0.00006
-0.00006
0.00000
-0.00003
-0.00006
-0.00012
-0.00015
-0.00015
-0.00009
-0.00003
-0.00009
-0.00009
-0.00003
-0.00003
-0.00012
-0.00009
-0.00006
-0.00015
-0.00012
-0.00006
-0.00006
-0.00006
-0.00006
-0.00006
-0.00003
-0.00009
-0.00012
-0.00006
-0.00003
0.00000
-0.00006
0.00000
0.00000
-0.00009
-0.00009
-0.00012
-0.00006
-0.00006
-0.00006
-0.00003
-0.00009
-0.00006
-0.00003
-0.00003
-0.00003
0.00000
0.00000
-0.00006
0.00000
-0.00003
0.00000
-0.00006
-0.00006
-0.00006
-0.00006
0.00000
0.00000
0.00000
-0.00003
-0.00003
-0.00006
-0.00003
-0.00006
0.00000
0.00003
0.00003
0.00000
0.00000
0.00000
0.00000
-0.00012
-0.00012
-0.00012
-0.00009
0.00000
0.00006
0.00009
0.00003
-0.00003
0.00003
-0.00012
0.00012
-0.00027
0.00021
-0.00021
-0.00003
0.00043
-0.00098
0.00211
-0.00342
-0.01184
-0.14703
-0.09723
-0.02109
0.01898
0.10153
0.10217
0.11829
0.01062
0.00339
0.00580
-0.00330
-0.04245
-0.07904
-0.06262
-0.00769
0.03540
0.04538
0.05228
0.01959
-0.01434
-0.01715
0.00192
0.00562
-0.00406
-0.00488
-0.00391
0.00098
0.01147
0.00034
-0.00696
-0.00204
0.00055
-0.00504
0.00284
0.00854
-0.00229
0.00006
0.00763
0.00696
0.00244
0.00504
-0.00299
-0.00562
-0.00122
0.00037
-0.00287
-0.00204
-0.00174
-0.00320
0.00043
0.00323
0.00049
0.00201
0.00745
0.00592
0.00150
0.00143
0.00378
0.00131
-0.00223
-0.00290
-0.00455
-0.00494
-0.00262
0.00043
0.00305
0.00223
0.00024
-0.00073
-0.00107
0.00140
0.00098
0.00140
0.00128
-0.00031
-0.00116
-0.00076
-0.00064
-0.00180
-0.00256
-0.00076
-0.00159
-0.00256
-0.00192
0.00064
0.00204
0.00070
0.00095
0.00064
0.00021
0.00107
-0.00015
-0.00140
-0.00131
-0.00226
-0.00198
-0.00201
-0.00226
-0.00198
-0.00046
0.00027
-0.00098
0.00000
0.00018
-0.00092
0.00009
0.00064
0.00110
0.00107
0.00046
0.00061
0.00067
0.00006
-0.00143
-0.00204
-0.00137
-0.00171
-0.00143
-0.00159
-0.00250
-0.00229
-0.00061
0.00128
0.00153
0.00104
0.00055
-0.00021
-0.00031
-0.00049
-0.00067
-0.00107
-0.00198
-0.00266
-0.00253
-0.00146
-0.00024
0.00046
0.00143
0.00168
0.00098
0.00021
0.00012
0.00046
0.00024
0.00031
0.00034
0.00003
-0.00031
-0.00031
0.00021
-0.00003
-0.00125
-0.00177
-0.00101
0.00018
0.00031
-0.00003
-0.00012
0.00000
0.00067
0.00125
0.00143
0.00089
-0.00003
-0.00031
-0.00034
-0.00043
-0.00040
-0.00031
-0.00006
-0.00021
-0.00043
-0.00046
-0.00012
0.00064
0.00110
0.00101
0.00049
0.00003
0.00021
0.00024
0.00024
0.00046
0.00024
0.00043
0.00000
0.00000
0.00000
0.00000
0.00000
0.00000
0.00000
0.00000
0.00000
0.00000
0.00000
0.00000
0.00000
0.00000
0.00000
0.00000
0.00000
0.00000
0.00000
0.00000
0.00000
0.00000
0.00000
0.00000
0.00000
0.00000
0.00000
0.00000
0.00000
0.00000
0.00000
0.00000
0.00000
0.00000
0.00000
0.00000
0.00000
0.00000
0.00000
0.00000
0.00000
0.00000
0.00000
0.00000
0.00000
0.00000
0.00000
0.00000
0.00000
0.00000
0.00000
0.00000
0.00000
0.00000
0.00000
0.00000
0.00000
0.00000
0.00000
0.00000
0.00000
0.00000
0.00000
0.00000
0.00000
0.00000
0.00000
0.00000
0.00000
0.00000
0.00000
0.00000
0.00000
0.00000
0.00000
0.00000
0.00000
0.00000
0.00000
0.00000
0.00000
0.00000
0.00000
0.00000
0.00000
0.00000
0.00000
0.00000
0.00000
0.00000
0.00000
0.00000
0.00000
0.00000
0.00000
0.00000
0.00000
0.00000
0.00000
0.00000
0.00000
0.00000
0.00000
0.00000
0.00000
0.00000
0.00000
0.00000
0.00000
0.00000
0.00000
0.00000
0.00000
0.00000
0.00000
0.00000
0.00000
0.00000
0.00000
0.00000
0.00000
0.00000
0.00000
0.00000
0.00000
0.00000
0.00000
0.00000
0.00000
0.00000
0.00000
0.00000
0.00000
0.00000
0.00000
0.00000
0.00000
0.00000
0.00000
0.00000
0.00000
0.00000
0.00000
