-0.00009
-0.00012
-0.00009
-0.00015
-0.00012
-0.00009
-0.00015
-0.00018
-0.00015
-0.00018
-0.00015
-0.00015
-0.00018
-0.00012
-0.00009
-0.00015
-0.00012
-0.00006
-0.00009
-0.00012
-0.00015
-0.00015
-0.00009
-0.00015
-0.00018
-0.00018
-0.00015
-0.00012
-0.00018
-0.00015
-0.00012
-0.00015
-0.00015
-0.00012
-0.00034
0.00000
-0.00015
-0.00018
-0.00009
-0.00018
-0.00012
-0.00015
-0.00012
-0.00009
-0.00012
-0.00012
-0.00012
-0.00012
-0.00012
-0.00015
-0.00015
-0.00009
-0.00031
-0.00012
-0.00012
-0.00021
-0.00015
-0.00021
-0.00015
-0.00015
-0.00018
-0.00009
-0.00012
-0.00009
-0.00009
-0.00015
-0.00012
-0.00006
-0.00015
-0.00015
-0.00012
-0.00015
-0.00021
-0.00009
-0.00012
-0.00021
-0.00015
-0.00018
-0.00015
-0.00021
-0.00015
-0.00009
-0.00015
-0.00015
-0.00015
-0.00012
-0.00015
-0.00021
-0.00018
-0.00015
-0.00015
-0.00018
-0.00012
-0.00006
-0.00012
-0.00015
-0.00018
-0.00012
-0.00018
-0.00021
-0.00015
-0.00012
-0.00012
-0.00009
-0.00003
-0.00009
-0.00009
-0.00015
-0.00018
-0.00015
-0.00021
-0.00021
-0.00018
-0.00015
-0.00015
-0.00015
-0.00012
-0.00012
-0.00015
-0.00012
-0.00015
-0.00018
-0.00012
-0.00015
-0.00018
-0.00012
-0.00012
-0.00012
-0.00009
-0.00009
-0.00009
-0.00018
-0.00015
-0.00012
-0.00015
-0.00018
-0.00012
-0.00015
-0.00012
-0.00015
-0.00015
-0.00012
-0.00018
-0.00021
-0.00018
-0.00015
-0.00015
-0.00021
-0.00015
-0.00012
-0.00012
-0.00018
-0.00012
-0.00009
-0.00015
-0.00015
-0.00018
-0.00009
-0.00012
-0.00021
-0.00012
-0.00015
-0.00015
-0.00018
-0.00018
-0.00012
-0.00018
-0.00015
-0.00018
-0.00006
-0.00018
-0.00021
0.00012
-0.00079
0.00101
-0.00226
0.00317
-0.00519
-0.00015
-0.10806
-0.05896
0.03876
-0.02316
-0.00116
-0.00400
0.02939
0.05170
0.02325
0.00626
0.03543
0.04684
-0.00891
-0.03979
0.01163
0.01663
-0.01263
-0.00687
-0.01212
-0.00275
0.01349
-0.00690
-0.00040
0.02536
0.00970
-0.01627
-0.00333
0.01068
-0.00259
-0.00424
-0.00180
-0.00211
0.00537
0.00543
-0.00293
0.00040
0.00708
0.00049
-0.00146
0.00162
0.00449
0.00037
0.00143
0.00067
-0.00012
-0.00015
-0.00076
-0.00198
-0.00137
-0.00122
-0.00092
-0.00369
-0.00095
0.00592
0.00366
-0.00067
0.00095
0.00317
0.00266
0.00012
-0.00024
-0.00085
-0.00146
-0.00146
-0.00281
-0.00040
0.00107
-0.00259
-0.00278
-0.00040
0.00192
0.00006
-0.00064
0.00101
0.00055
-0.00128
-0.00095
-0.00040
0.00046
-0.00168
-0.00293
-0.00131
-0.00034
-0.00146
-0.00143
-0.00146
0.00009
-0.00018
-0.00089
0.00000
0.00021
-0.00061
-0.00110
-0.00061
-0.00052
-0.00034
-0.00198
-0.00284
-0.00201
-0.00156
-0.00171
-0.00177
-0.00067
-0.00079
-0.00153
-0.00098
0.00015
0.00107
0.00046
-0.00092
0.00000
0.00101
0.00012
-0.00052
-0.00055
-0.00034
-0.00104
-0.00168
-0.00122
-0.00186
-0.00247
-0.00208
-0.00107
-0.00037
-0.00085
-0.00125
-0.00058
0.00040
-0.00003
-0.00082
-0.00040
-0.00012
-0.00098
-0.00171
-0.00174
-0.00092
-0.00067
-0.00070
-0.00055
-0.00052
-0.00055
-0.00046
0.00015
0.00055
0.00052
0.00037
0.00031
0.00043
0.00027
0.00027
0.00003
-0.00089
-0.00128
-0.00085
-0.00027
-0.00049
-0.00113
-0.00101
-0.00058
-0.00021
0.00006
0.00034
0.00046
0.00012
-0.00006
0.00015
0.00018
0.00003
-0.00006
0.00000
-0.00003
-0.00049
-0.00073
-0.00070
0.00000
0.00027
0.00034
0.00034
0.00037
0.00070
0.00079
0.00061
0.00037
0.00034
0.00034
-0.00006
-0.00061
-0.00052
-0.00034
-0.00027
-0.00034
-0.00027
-0.00027
-0.00037
-0.00031
-0.00021
-0.00003
0.00006
0.00031
0.00058
0.00058
0.00043
0.00018
0.00000
0.00000
0.00000
0.00000
0.00000
0.00000
0.00000
0.00000
0.00000
0.00000
0.00000
0.00000
0.00000
0.00000
0.00000
0.00000
0.00000
0.00000
0.00000
0.00000
0.00000
0.00000
0.00000
0.00000
0.00000
0.00000
0.00000
0.00000
0.00000
0.00000
0.00000
0.00000
0.00000
0.00000
0.00000
0.00000
0.00000
0.00000
0.00000
0.00000
0.00000
0.00000
0.00000
0.00000
0.00000
0.00000
0.00000
0.00000
0.00000
0.00000
0.00000
0.00000
0.00000
0.00000
0.00000
0.00000
0.00000
0.00000
0.00000
0.00000
0.00000
0.00000
0.00000
0.00000
0.00000
0.00000
0.00000
0.00000
0.00000
0.00000
0.00000
0.00000
0.00000
0.00000
0.00000
0.00000
0.00000
0.00000
0.00000
0.00000
0.00000
0.00000
0.00000
0.00000
0.00000
0.00000
0.00000
0.00000
0.00000
0.00000
0.00000
0.00000
0.00000
0.00000
0.00000
0.00000
0.00000
0.00000
0.00000
0.00000
0.00000
0.00000
0.00000
0.00000
0.00000
0.00000
0.00000
0.00000
0.00000
0.00000
0.00000
0.00000
0.00000
0.00000
0.00000
0.00000
0.00000
0.00000
0.00000
0.00000
0.00000
0.00000
0.00000
0.00000
0.00000
0.00000
0.00000
0.00000
0.00000
0.00000
