-0.00006
-0.00003
-0.00003
-0.00003
0.00000
-0.00003
-0.00006
-0.00003
0.00000
-0.00003
0.00000
-0.00003
-0.00003
0.00000
-0.00003
-0.00003
-0.00003
-0.00006
-0.00009
-0.00009
-0.00009
-0.00009
-0.00009
-0.00006
-0.00003
-0.00006
-0.00003
-0.00006
-0.00009
-0.00012
-0.00012
-0.00012
-0.00012
-0.00006
-0.00027
0.00006
-0.00003
-0.00006
0.00000
-0.00009
-0.00009
-0.00012
-0.00006
-0.00009
-0.00012
-0.00009
-0.00006
-0.00006
-0.00006
-0.00003
0.00000
-0.00003
-0.00006
-0.00006
-0.00009
-0.00012
-0.00015
-0.00021
-0.00021
-0.00021
-0.00018
-0.00012
-0.00012
-0.00009
-0.00009
-0.00006
-0.00003
-0.00006
-0.00012
-0.00015
-0.00021
-0.00021
-0.00021
-0.00021
-0.00015
-0.00015
-0.00012
-0.00009
-0.00009
-0.00009
-0.00012
-0.00021
-0.00018
-0.00018
-0.00018
-0.00018
-0.00018
-0.00015
-0.00018
-0.00015
-0.00015
-0.00018
-0.00018
-0.00018
-0.00012
-0.00012
-0.00015
-0.00021
-0.00021
-0.00021
-0.00021
-0.00018
-0.00018
-0.00018
-0.00018
-0.00021
-0.00018
-0.00015
-0.00021
-0.00021
-0.00021
-0.00021
-0.00021
-0.00024
-0.00024
-0.00024
-0.00021
-0.00024
-0.00027
-0.00024
-0.00024
-0.00024
-0.00021
-0.00024
-0.00024
-0.00021
-0.00027
-0.00027
-0.00024
-0.00024
-0.00024
-0.00024
-0.00027
-0.00027
-0.00027
-0.00031
-0.00031
-0.00034
-0.00031
-0.00031
-0.00027
-0.00027
-0.00031
-0.00024
-0.00024
-0.00031
-0.00027
-0.00027
-0.00027
-0.00031
-0.00031
-0.00024
-0.00024
-0.00031
-0.00027
-0.00027
-0.00027
-0.00034
-0.00037
-0.00037
-0.00037
-0.00037
-0.00034
-0.00027
-0.00024
-0.00021
-0.00024
-0.00024
-0.00027
-0.00037
-0.00037
-0.00040
-0.00043
-0.00046
-0.00040
-0.00037
-0.00037
-0.00034
-0.00027
-0.00024
-0.00031
-0.00031
-0.00043
-0.00040
-0.00043
-0.00049
-0.00037
-0.00034
-0.00034
-0.00034
-0.00031
-0.00034
-0.00034
-0.00037
-0.00034
-0.00034
-0.00040
-0.00040
-0.00040
-0.00043
-0.00046
-0.00049
-0.00055
-0.00061
-0.00082
-0.00018
-0.00021
-0.00101
-0.01434
-0.01627
-0.01813
-0.02017
-0.00720
-0.00043
0.00497
-0.00146
0.00583
0.01047
0.01208
0.01318
0.00769
0.00403
0.00113
-0.00073
-0.00131
0.00165
-0.00092
-0.00455
-0.00208
0.00201
0.00180
0.00217
0.00308
0.00204
0.00320
0.00311
0.00006
-0.00079
-0.00009
0.00000
-0.00018
0.00031
-0.00040
-0.00140
0.00064
0.00110
0.00067
0.00159
0.00174
0.00040
0.00046
0.00128
0.00122
0.00076
0.00043
0.00003
-0.00006
0.00000
-0.00089
-0.00159
-0.00079
0.00018
0.00031
0.00040
0.00061
0.00076
0.00098
0.00217
0.00256
0.00061
-0.00079
-0.00125
-0.00043
-0.00003
-0.00122
-0.00180
-0.00104
-0.00082
-0.00101
-0.00018
0.00085
0.00052
-0.00018
-0.00064
-0.00009
0.00018
-0.00046
-0.00122
-0.00116
-0.00104
-0.00113
-0.00076
-0.00085
-0.00104
-0.00113
-0.00070
-0.00027
-0.00055
-0.00104
-0.00140
-0.00073
-0.00012
-0.00027
-0.00070
-0.00110
-0.00101
-0.00107
-0.00150
-0.00189
-0.00162
-0.00082
-0.00055
-0.00113
-0.00174
-0.00140
-0.00037
0.00006
-0.00040
-0.00110
-0.00104
-0.00046
-0.00009
-0.00024
-0.00040
-0.00052
-0.00076
-0.00119
-0.00131
-0.00119
-0.00153
-0.00189
-0.00150
-0.00058
-0.00018
-0.00092
-0.00150
-0.00089
-0.00021
-0.00027
-0.00082
-0.00113
-0.00119
-0.00128
-0.00122
-0.00101
-0.00095
-0.00104
-0.00095
-0.00067
-0.00052
-0.00058
-0.00055
-0.00031
-0.00006
-0.00012
-0.00034
-0.00043
-0.00037
-0.00031
-0.00046
-0.00055
-0.00064
-0.00079
-0.00076
-0.00067
-0.00067
-0.00070
-0.00070
-0.00049
-0.00031
-0.00024
-0.00021
-0.00009
0.00000
0.00000
0.00000
0.00000
0.00000
0.00000
0.00000
0.00000
0.00000
0.00000
0.00000
0.00000
0.00000
0.00000
0.00000
0.00000
0.00000
0.00000
0.00000
0.00000
0.00000
0.00000
0.00000
0.00000
0.00000
0.00000
0.00000
0.00000
0.00000
0.00000
0.00000
0.00000
0.00000
0.00000
0.00000
0.00000
0.00000
0.00000
0.00000
0.00000
0.00000
0.00000
0.00000
0.00000
0.00000
0.00000
0.00000
0.00000
0.00000
0.00000
0.00000
0.00000
0.00000
0.00000
0.00000
0.00000
0.00000
0.00000
0.00000
0.00000
0.00000
0.00000
0.00000
0.00000
0.00000
0.00000
0.00000
0.00000
0.00000
0.00000
0.00000
0.00000
0.00000
0.00000
0.00000
0.00000
0.00000
0.00000
0.00000
0.00000
0.00000
0.00000
0.00000
0.00000
0.00000
0.00000
0.00000
0.00000
0.00000
0.00000
0.00000
0.00000
0.00000
0.00000
0.00000
0.00000
0.00000
0.00000
0.00000
0.00000
0.00000
0.00000
0.00000
0.00000
0.00000
0.00000
0.00000
0.00000
0.00000
0.00000
0.00000
0.00000
0.00000
0.00000
0.00000
0.00000
0.00000
0.00000
0.00000
0.00000
0.00000
0.00000
0.00000
0.00000
0.00000
0.00000
0.00000
0.00000
0.00000
0.00000
0.00000
0.00000
0.00000
0.00000
0.00000
0.00000
0.00000
0.00000
0.00000
