-0.00012
-0.00012
-0.00012
-0.00009
-0.00009
-0.00009
-0.00009
-0.00009
-0.00009
-0.00009
-0.00003
-0.00003
0.00000
-0.00006
-0.00009
-0.00009
-0.00009
-0.00009
-0.00012
-0.00012
-0.00015
-0.00012
-0.00012
-0.00012
-0.00012
-0.00012
-0.00015
-0.00015
-0.00015
-0.00012
-0.00003
-0.00006
-0.00012
-0.00006
-0.00031
0.00000
-0.00015
-0.00018
-0.00012
-0.00015
-0.00009
-0.00015
-0.00009
-0.00012
-0.00015
-0.00015
-0.00009
-0.00012
-0.00015
-0.00015
-0.00012
-0.00012
-0.00015
-0.00012
-0.00018
-0.00018
-0.00012
-0.00015
-0.00015
-0.00015
-0.00009
-0.00012
-0.00018
-0.00018
-0.00021
-0.00021
-0.00021
-0.00021
-0.00018
-0.00015
-0.00021
-0.00015
-0.00018
-0.00021
-0.00021
-0.00021
-0.00018
-0.00015
-0.00015
-0.00015
-0.00015
-0.00015
-0.00021
-0.00027
-0.00031
-0.00027
-0.00027
-0.00024
-0.00021
-0.00021
-0.00018
-0.00018
-0.00012
-0.00012
-0.00018
-0.00018
-0.00021
-0.00024
-0.00024
-0.00027
-0.00024
-0.00021
-0.00021
-0.00021
-0.00018
-0.00018
-0.00021
-0.00024
-0.00021
-0.00021
-0.00021
-0.00024
-0.00024
-0.00024
-0.00021
-0.00021
-0.00018
-0.00021
-0.00024
-0.00027
-0.00027
-0.00027
-0.00027
-0.00027
-0.00024
-0.00024
-0.00027
-0.00024
-0.00024
-0.00024
-0.00024
-0.00027
-0.00024
-0.00027
-0.00024
-0.00024
-0.00027
-0.00027
-0.00031
-0.00031
-0.00031
-0.00027
-0.00027
-0.00027
-0.00027
-0.00031
-0.00027
-0.00027
-0.00031
-0.00027
-0.00027
-0.00027
-0.00024
-0.00027
-0.00024
-0.00024
-0.00024
-0.00027
-0.00027
-0.00027
-0.00031
-0.00031
-0.00027
-0.00024
-0.00024
-0.00027
-0.00031
-0.00027
-0.00027
-0.00034
-0.00031
-0.00027
-0.00027
-0.00034
-0.00031
-0.00024
-0.00034
-0.00037
-0.00034
-0.00024
-0.00027
-0.00031
-0.00040
-0.00031
-0.00034
-0.00034
-0.00027
-0.00027
-0.00027
-0.00024
-0.00027
-0.00027
-0.00024
-0.00031
-0.00027
-0.00024
-0.00024
-0.00027
-0.00031
-0.00024
-0.00037
-0.00040
-0.00037
-0.00061
-0.00061
-0.00046
0.00040
-0.00021
-0.00180
-0.01410
-0.01953
-0.02451
-0.02286
-0.00949
-0.00314
0.00705
0.00766
0.01556
0.02084
0.02087
0.01404
0.00244
-0.00418
-0.00610
-0.00546
-0.00406
-0.00119
-0.00031
0.00098
0.00211
0.00381
0.00409
0.00259
0.00153
0.00134
0.00192
0.00180
-0.00055
-0.00064
0.00052
0.00043
-0.00015
-0.00098
-0.00031
0.00031
0.00018
0.00070
0.00159
0.00146
0.00137
0.00125
0.00186
0.00186
0.00119
0.00012
-0.00012
-0.00027
-0.00085
-0.00134
-0.00122
-0.00082
-0.00018
0.00067
0.00073
0.00061
0.00067
0.00177
0.00317
0.00211
0.00067
-0.00058
-0.00095
-0.00009
-0.00089
-0.00186
-0.00150
-0.00095
-0.00101
-0.00058
0.00046
0.00085
0.00024
-0.00015
-0.00034
0.00034
0.00043
-0.00095
-0.00116
-0.00098
-0.00101
-0.00098
-0.00095
-0.00098
-0.00110
-0.00085
-0.00049
-0.00034
-0.00052
-0.00113
-0.00110
-0.00034
0.00012
-0.00024
-0.00082
-0.00098
-0.00064
-0.00082
-0.00159
-0.00208
-0.00162
-0.00082
-0.00073
-0.00119
-0.00162
-0.00116
-0.00024
0.00012
-0.00034
-0.00107
-0.00098
-0.00034
0.00006
-0.00012
-0.00043
-0.00040
-0.00049
-0.00079
-0.00095
-0.00110
-0.00150
-0.00198
-0.00150
-0.00058
-0.00031
-0.00101
-0.00140
-0.00064
-0.00006
-0.00012
-0.00061
-0.00098
-0.00095
-0.00098
-0.00092
-0.00098
-0.00116
-0.00116
-0.00098
-0.00058
-0.00040
-0.00043
-0.00037
-0.00009
0.00003
-0.00003
-0.00012
-0.00021
-0.00024
-0.00024
-0.00034
-0.00037
-0.00049
-0.00070
-0.00073
-0.00061
-0.00046
-0.00058
-0.00070
-0.00049
-0.00031
-0.00018
0.00003
0.00021
0.00000
0.00000
0.00000
0.00000
0.00000
0.00000
0.00000
0.00000
0.00000
0.00000
0.00000
0.00000
0.00000
0.00000
0.00000
0.00000
0.00000
0.00000
0.00000
0.00000
0.00000
0.00000
0.00000
0.00000
0.00000
0.00000
0.00000
0.00000
0.00000
0.00000
0.00000
0.00000
0.00000
0.00000
0.00000
0.00000
0.00000
0.00000
0.00000
0.00000
0.00000
0.00000
0.00000
0.00000
0.00000
0.00000
0.00000
0.00000
0.00000
0.00000
0.00000
0.00000
0.00000
0.00000
0.00000
0.00000
0.00000
0.00000
0.00000
0.00000
0.00000
0.00000
0.00000
0.00000
0.00000
0.00000
0.00000
0.00000
0.00000
0.00000
0.00000
0.00000
0.00000
0.00000
0.00000
0.00000
0.00000
0.00000
0.00000
0.00000
0.00000
0.00000
0.00000
0.00000
0.00000
0.00000
0.00000
0.00000
0.00000
0.00000
0.00000
0.00000
0.00000
0.00000
0.00000
0.00000
0.00000
0.00000
0.00000
0.00000
0.00000
0.00000
0.00000
0.00000
0.00000
0.00000
0.00000
0.00000
0.00000
0.00000
0.00000
0.00000
0.00000
0.00000
0.00000
0.00000
0.00000
0.00000
0.00000
0.00000
0.00000
0.00000
0.00000
0.00000
0.00000
0.00000
0.00000
0.00000
0.00000
0.00000
0.00000
0.00000
0.00000
0.00000
0.00000
0.00000
0.00000
0.00000
0.00000
