-0.00027
-0.00027
-0.00021
-0.00015
-0.00018
-0.00018
-0.00015
-0.00018
-0.00024
-0.00021
-0.00021
-0.00027
-0.00021
-0.00021
-0.00018
-0.00015
-0.00015
-0.00015
-0.00021
-0.00021
-0.00021
-0.00018
-0.00012
-0.00015
-0.00021
-0.00024
-0.00027
-0.00034
-0.00034
-0.00031
-0.00024
-0.00021
-0.00018
-0.00015
-0.00043
-0.00009
-0.00018
-0.00021
-0.00015
-0.00012
-0.00009
-0.00012
-0.00012
-0.00018
-0.00018
-0.00024
-0.00027
-0.00027
-0.00027
-0.00021
-0.00015
-0.00018
-0.00021
-0.00021
-0.00018
-0.00018
-0.00018
-0.00015
-0.00015
-0.00015
-0.00021
-0.00021
-0.00021
-0.00024
-0.00027
-0.00018
-0.00021
-0.00024
-0.00012
-0.00012
-0.00006
-0.00012
-0.00015
-0.00018
-0.00024
-0.00018
-0.00021
-0.00021
-0.00018
-0.00018
-0.00021
-0.00021
-0.00018
-0.00021
-0.00021
-0.00021
-0.00024
-0.00024
-0.00018
-0.00018
-0.00021
-0.00018
-0.00015
-0.00021
-0.00024
-0.00018
-0.00021
-0.00021
-0.00021
-0.00021
-0.00015
-0.00018
-0.00021
-0.00018
-0.00018
-0.00015
-0.00015
-0.00015
-0.00015
-0.00018
-0.00018
-0.00018
-0.00021
-0.00024
-0.00021
-0.00024
-0.00031
-0.00034
-0.00027
-0.00024
-0.00021
-0.00012
-0.00009
-0.00009
-0.00015
-0.00021
-0.00021
-0.00021
-0.00024
-0.00024
-0.00018
-0.00015
-0.00015
-0.00009
-0.00006
-0.00015
-0.00021
-0.00018
-0.00018
-0.00021
-0.00024
-0.00024
-0.00021
-0.00021
-0.00021
-0.00024
-0.00024
-0.00024
-0.00027
-0.00027
-0.00021
-0.00015
-0.00012
-0.00006
-0.00012
-0.00009
-0.00012
-0.00018
-0.00027
-0.00031
-0.00031
-0.00034
-0.00031
-0.00027
-0.00021
-0.00021
-0.00021
-0.00021
-0.00021
-0.00015
-0.00015
-0.00015
-0.00012
-0.00012
-0.00018
-0.00027
-0.00027
-0.00027
-0.00031
-0.00027
-0.00018
-0.00018
-0.00009
-0.00021
-0.00003
-0.00046
0.00006
-0.00079
0.00018
-0.00104
0.00043
-0.00107
0.00058
-0.01950
-0.07214
-0.02713
-0.04227
0.00217
0.05731
0.05389
0.04120
0.00751
0.02704
0.00955
-0.00351
-0.02832
-0.02902
-0.02292
-0.01111
0.00128
0.02264
0.02707
0.00024
-0.00436
0.00159
0.00452
0.00015
-0.00305
-0.00186
0.00052
0.00220
-0.00168
-0.00577
-0.00104
-0.00165
-0.00385
-0.00165
0.00403
0.00424
0.00253
0.00534
0.00546
0.00351
0.00296
0.00174
-0.00171
-0.00061
-0.00143
-0.00174
-0.00201
0.00061
0.00058
-0.00058
0.00058
0.00027
0.00021
0.00278
0.00363
0.00238
0.00235
0.00156
0.00018
-0.00037
0.00021
-0.00070
-0.00360
-0.00330
-0.00092
0.00021
0.00034
0.00046
0.00137
0.00125
0.00037
0.00009
-0.00006
0.00021
-0.00003
-0.00107
-0.00064
0.00073
-0.00125
-0.00153
-0.00098
0.00031
-0.00040
-0.00134
-0.00134
-0.00104
0.00073
-0.00003
-0.00031
-0.00015
-0.00043
0.00015
-0.00034
-0.00046
-0.00085
-0.00089
-0.00140
-0.00250
-0.00183
-0.00143
-0.00082
-0.00043
-0.00076
-0.00006
-0.00027
-0.00067
-0.00046
-0.00021
-0.00024
-0.00031
-0.00006
-0.00012
-0.00034
-0.00021
-0.00027
-0.00070
-0.00104
-0.00137
-0.00137
-0.00186
-0.00253
-0.00208
-0.00064
0.00043
0.00040
0.00009
-0.00024
-0.00070
-0.00070
-0.00046
-0.00046
-0.00110
-0.00177
-0.00177
-0.00150
-0.00125
-0.00116
-0.00067
0.00006
0.00034
0.00040
0.00012
-0.00027
-0.00052
-0.00021
0.00040
0.00018
-0.00061
-0.00104
-0.00082
-0.00052
-0.00058
-0.00058
-0.00064
-0.00079
-0.00067
-0.00034
-0.00015
-0.00055
-0.00076
-0.00012
0.00055
0.00067
0.00024
0.00000
0.00000
0.00000
0.00000
0.00000
0.00000
0.00000
0.00000
0.00000
0.00000
0.00000
0.00000
0.00000
0.00000
0.00000
0.00000
0.00000
0.00000
0.00000
0.00000
0.00000
0.00000
0.00000
0.00000
0.00000
0.00000
0.00000
0.00000
0.00000
0.00000
0.00000
0.00000
0.00000
0.00000
0.00000
0.00000
0.00000
0.00000
0.00000
0.00000
0.00000
0.00000
0.00000
0.00000
0.00000
0.00000
0.00000
0.00000
0.00000
0.00000
0.00000
0.00000
0.00000
0.00000
0.00000
0.00000
0.00000
0.00000
0.00000
0.00000
0.00000
0.00000
0.00000
0.00000
0.00000
0.00000
0.00000
0.00000
0.00000
0.00000
0.00000
0.00000
0.00000
0.00000
0.00000
0.00000
0.00000
0.00000
0.00000
0.00000
0.00000
0.00000
0.00000
0.00000
0.00000
0.00000
0.00000
0.00000
0.00000
0.00000
0.00000
0.00000
0.00000
0.00000
0.00000
0.00000
0.00000
0.00000
0.00000
0.00000
0.00000
0.00000
0.00000
0.00000
0.00000
0.00000
0.00000
0.00000
0.00000
0.00000
0.00000
0.00000
0.00000
0.00000
0.00000
0.00000
0.00000
0.00000
0.00000
0.00000
0.00000
0.00000
0.00000
0.00000
0.00000
0.00000
0.00000
0.00000
0.00000
0.00000
0.00000
0.00000
0.00000
0.00000
0.00000
0.00000
0.00000
0.00000
0.00000
0.00000
0.00000
0.00000
0.00000
0.00000
0.00000
0.00000
0.00000
0.00000
0.00000
0.00000
0.00000
0.00000
0.00000
0.00000
0.00000
