-0.00021
-0.00024
-0.00018
-0.00024
-0.00021
-0.00031
-0.00027
-0.00015
-0.00015
-0.00009
-0.00009
-0.00012
-0.00015
-0.00018
-0.00021
-0.00031
-0.00031
-0.00031
-0.00021
-0.00021
-0.00012
-0.00009
-0.00012
-0.00018
-0.00021
-0.00027
-0.00024
-0.00027
-0.00034
-0.00024
-0.00018
-0.00012
-0.00015
-0.00012
-0.00034
-0.00006
-0.00018
-0.00021
-0.00012
-0.00018
-0.00021
-0.00027
-0.00021
-0.00021
-0.00018
-0.00018
-0.00018
-0.00018
-0.00015
-0.00015
-0.00018
-0.00015
-0.00015
-0.00015
-0.00015
-0.00012
-0.00012
-0.00018
-0.00021
-0.00024
-0.00015
-0.00024
-0.00027
-0.00003
-0.00024
0.00000
-0.00003
-0.00003
-0.00012
-0.00027
-0.00018
-0.00027
-0.00024
-0.00021
-0.00015
-0.00018
-0.00015
-0.00009
-0.00009
-0.00003
-0.00003
-0.00006
-0.00006
0.00000
-0.00015
-0.00018
-0.00018
-0.00021
-0.00027
-0.00027
-0.00012
-0.00024
-0.00015
-0.00009
-0.00012
-0.00009
-0.00006
-0.00006
-0.00006
-0.00012
-0.00009
-0.00012
-0.00009
-0.00012
-0.00015
-0.00015
-0.00015
-0.00012
-0.00018
-0.00012
-0.00015
-0.00018
-0.00018
-0.00012
-0.00015
-0.00018
-0.00006
-0.00003
-0.00012
-0.00018
-0.00012
-0.00012
-0.00009
-0.00009
-0.00009
-0.00012
-0.00018
-0.00018
-0.00018
-0.00015
-0.00015
-0.00015
-0.00009
-0.00009
-0.00006
-0.00006
-0.00006
-0.00012
-0.00015
-0.00018
-0.00018
-0.00012
-0.00006
-0.00003
-0.00012
-0.00003
-0.00003
-0.00012
-0.00006
-0.00012
-0.00012
-0.00015
-0.00012
-0.00012
-0.00012
-0.00009
-0.00018
-0.00021
-0.00021
-0.00015
-0.00018
-0.00012
0.00000
-0.00003
-0.00003
0.00000
0.00003
0.00003
-0.00006
0.00000
-0.00009
-0.00015
-0.00015
-0.00021
-0.00018
-0.00012
-0.00018
0.00000
-0.00018
0.00021
-0.00055
0.00061
-0.00089
0.00076
-0.00116
0.00067
-0.00067
-0.00015
-0.02667
-0.13287
-0.03003
-0.04935
0.03000
0.11700
0.07547
0.05823
-0.01938
0.02911
0.00522
-0.00562
-0.04568
-0.04056
-0.03116
-0.00598
0.01315
0.04089
0.03888
-0.01324
-0.01526
-0.00012
0.01105
0.00424
-0.00430
-0.00037
0.00369
0.00061
-0.00311
-0.00720
0.00150
0.00143
-0.00192
-0.00140
0.00610
0.00241
-0.00443
0.00220
0.00632
0.00223
0.00021
0.00171
-0.00296
0.00162
0.00107
0.00040
-0.00296
0.00046
-0.00009
-0.00137
0.00131
0.00146
-0.00058
0.00247
0.00565
0.00305
0.00238
0.00278
0.00098
-0.00009
0.00049
-0.00125
-0.00549
-0.00452
-0.00049
0.00049
0.00085
0.00055
0.00082
0.00040
-0.00061
0.00104
0.00143
0.00229
0.00012
-0.00125
-0.00009
0.00015
-0.00180
-0.00320
-0.00262
0.00113
-0.00214
-0.00235
0.00040
0.00052
0.00244
0.00125
-0.00113
-0.00031
0.00012
-0.00040
-0.00116
-0.00082
-0.00174
-0.00110
-0.00003
-0.00208
-0.00186
-0.00150
-0.00140
-0.00037
-0.00034
-0.00012
-0.00089
-0.00064
0.00009
0.00055
0.00104
0.00055
0.00009
0.00031
-0.00009
-0.00037
-0.00101
-0.00177
-0.00137
-0.00125
-0.00104
-0.00208
-0.00281
-0.00183
-0.00018
0.00082
0.00067
0.00079
0.00052
-0.00046
-0.00085
-0.00092
-0.00058
-0.00110
-0.00180
-0.00201
-0.00183
-0.00128
-0.00079
0.00003
0.00113
0.00095
0.00021
-0.00015
-0.00009
0.00012
0.00015
0.00043
0.00015
-0.00024
-0.00043
-0.00031
-0.00003
-0.00070
-0.00140
-0.00128
-0.00064
0.00009
0.00015
-0.00006
-0.00052
-0.00061
0.00043
0.00116
0.00101
0.00009
-0.00049
-0.00027
-0.00040
-0.00049
-0.00021
0.00000
-0.00003
-0.00073
-0.00098
-0.00095
-0.00085
-0.00043
0.00003
0.00000
0.00000
0.00000
0.00000
0.00000
0.00000
0.00000
0.00000
0.00000
0.00000
0.00000
0.00000
0.00000
0.00000
0.00000
0.00000
0.00000
0.00000
0.00000
0.00000
0.00000
0.00000
0.00000
0.00000
0.00000
0.00000
0.00000
0.00000
0.00000
0.00000
0.00000
0.00000
0.00000
0.00000
0.00000
0.00000
0.00000
0.00000
0.00000
0.00000
0.00000
0.00000
0.00000
0.00000
0.00000
0.00000
0.00000
0.00000
0.00000
0.00000
0.00000
0.00000
0.00000
0.00000
0.00000
0.00000
0.00000
0.00000
0.00000
0.00000
0.00000
0.00000
0.00000
0.00000
0.00000
0.00000
0.00000
0.00000
0.00000
0.00000
0.00000
0.00000
0.00000
0.00000
0.00000
0.00000
0.00000
0.00000
0.00000
0.00000
0.00000
0.00000
0.00000
0.00000
0.00000
0.00000
0.00000
0.00000
0.00000
0.00000
0.00000
0.00000
0.00000
0.00000
0.00000
0.00000
0.00000
0.00000
0.00000
0.00000
0.00000
0.00000
0.00000
0.00000
0.00000
0.00000
0.00000
0.00000
0.00000
0.00000
0.00000
0.00000
0.00000
0.00000
0.00000
0.00000
0.00000
0.00000
0.00000
0.00000
0.00000
0.00000
0.00000
0.00000
0.00000
0.00000
0.00000
0.00000
0.00000
0.00000
0.00000
0.00000
0.00000
0.00000
0.00000
0.00000
0.00000
0.00000
0.00000
0.00000
0.00000
0.00000
0.00000
0.00000
0.00000
0.00000
0.00000
