-0.00009
-0.00012
-0.00015
-0.00009
-0.00006
-0.00009
-0.00009
-0.00006
-0.00006
-0.00006
-0.00003
-0.00003
-0.00006
-0.00003
0.00000
-0.00006
-0.00009
-0.00006
-0.00003
-0.00003
-0.00003
-0.00006
-0.00003
-0.00003
-0.00006
-0.00009
-0.00009
-0.00009
-0.00012
-0.00006
-0.00003
0.00000
-0.00003
-0.00003
-0.00027
0.00006
0.00000
-0.00003
0.00000
-0.00006
0.00003
0.00003
0.00003
0.00000
-0.00003
-0.00006
-0.00003
-0.00006
-0.00006
-0.00006
-0.00003
-0.00006
-0.00009
0.00000
0.00006
0.00000
0.00006
0.00009
0.00003
0.00003
0.00000
-0.00003
-0.00006
-0.00006
-0.00003
0.00000
0.00000
0.00003
0.00000
0.00006
0.00006
0.00003
0.00003
0.00000
0.00003
0.00000
-0.00003
-0.00003
-0.00006
-0.00003
0.00000
0.00003
0.00015
0.00024
0.00024
0.00015
0.00015
0.00009
0.00003
0.00003
0.00000
0.00000
0.00000
0.00003
0.00006
0.00006
0.00003
0.00000
0.00000
0.00000
0.00006
0.00006
0.00006
0.00009
0.00009
0.00009
0.00012
0.00009
0.00006
0.00009
0.00012
0.00006
0.00006
0.00009
0.00006
0.00003
0.00006
0.00006
0.00009
0.00012
0.00009
0.00009
0.00012
0.00009
0.00009
0.00009
0.00009
0.00009
0.00012
0.00012
0.00015
0.00015
0.00015
0.00021
0.00018
0.00015
0.00012
0.00009
0.00006
0.00006
0.00009
0.00012
0.00012
0.00006
0.00003
0.00006
0.00006
0.00006
0.00012
0.00018
0.00018
0.00018
0.00021
0.00018
0.00012
0.00009
0.00009
0.00009
0.00012
0.00015
0.00018
0.00015
0.00012
0.00012
0.00009
0.00009
0.00012
0.00015
0.00018
0.00015
0.00018
0.00021
0.00018
0.00015
0.00009
0.00009
0.00009
0.00006
0.00009
0.00012
0.00009
0.00006
0.00009
0.00018
0.00015
0.00018
0.00015
0.00021
0.00027
-0.00003
0.00031
-0.00049
0.00089
-0.00119
-0.00189
-0.03973
-0.03793
-0.00720
-0.02167
-0.01260
-0.00018
0.02139
0.04602
0.04080
0.01999
0.02039
0.00916
-0.01151
-0.02032
-0.01004
-0.00763
-0.00964
-0.00339
0.00000
0.01117
0.01523
0.00223
-0.00262
0.00586
0.00296
-0.00046
-0.00040
-0.00024
-0.00195
-0.00177
-0.00317
-0.00363
-0.00150
-0.00232
-0.00107
0.00201
0.00479
0.00552
0.00558
0.00540
0.00537
0.00339
0.00177
-0.00012
-0.00128
-0.00204
-0.00186
-0.00156
-0.00101
0.00000
0.00095
0.00049
0.00125
0.00314
0.00278
0.00223
0.00256
0.00275
0.00195
0.00027
-0.00061
-0.00064
-0.00146
-0.00195
-0.00186
0.00061
0.00110
-0.00027
0.00085
0.00064
0.00150
0.00110
-0.00049
-0.00018
0.00055
0.00009
-0.00101
-0.00034
0.00012
-0.00024
-0.00018
-0.00101
-0.00110
-0.00034
-0.00015
-0.00055
-0.00046
-0.00027
0.00021
0.00095
0.00055
0.00000
-0.00027
-0.00031
-0.00092
-0.00122
-0.00131
-0.00119
-0.00076
-0.00116
-0.00131
-0.00131
-0.00089
-0.00027
-0.00055
-0.00037
0.00031
0.00061
0.00043
0.00000
-0.00006
0.00006
-0.00034
-0.00067
-0.00040
-0.00015
-0.00061
-0.00125
-0.00116
-0.00113
-0.00146
-0.00183
-0.00156
-0.00073
-0.00015
0.00000
-0.00009
0.00000
-0.00009
-0.00049
-0.00061
-0.00067
-0.00095
-0.00131
-0.00153
-0.00116
-0.00064
-0.00040
-0.00034
-0.00024
0.00000
0.00024
0.00037
0.00018
0.00003
-0.00006
-0.00012
-0.00015
-0.00015
-0.00031
-0.00061
-0.00082
-0.00070
-0.00027
-0.00034
-0.00085
-0.00110
-0.00052
-0.00006
-0.00003
-0.00006
0.00000
0.00031
0.00024
-0.00003
-0.00024
-0.00024
-0.00031
-0.00049
-0.00061
-0.00037
-0.00009
-0.00018
-0.00043
-0.00027
0.00009
0.00031
0.00012
0.00003
0.00031
0.00046
0.00027
0.00006
0.00018
0.00024
-0.00009
-0.00055
-0.00052
-0.00040
-0.00052
-0.00061
-0.00034
0.00006
0.00000
0.00000
0.00000
0.00000
0.00000
0.00000
0.00000
0.00000
0.00000
0.00000
0.00000
0.00000
0.00000
0.00000
0.00000
0.00000
0.00000
0.00000
0.00000
0.00000
0.00000
0.00000
0.00000
0.00000
0.00000
0.00000
0.00000
0.00000
0.00000
0.00000
0.00000
0.00000
0.00000
0.00000
0.00000
0.00000
0.00000
0.00000
0.00000
0.00000
0.00000
0.00000
0.00000
0.00000
0.00000
0.00000
0.00000
0.00000
0.00000
0.00000
0.00000
0.00000
0.00000
0.00000
0.00000
0.00000
0.00000
0.00000
0.00000
0.00000
0.00000
0.00000
0.00000
0.00000
0.00000
0.00000
0.00000
0.00000
0.00000
0.00000
0.00000
0.00000
0.00000
0.00000
0.00000
0.00000
0.00000
0.00000
0.00000
0.00000
0.00000
0.00000
0.00000
0.00000
0.00000
0.00000
0.00000
0.00000
0.00000
0.00000
0.00000
0.00000
0.00000
0.00000
0.00000
0.00000
0.00000
0.00000
0.00000
0.00000
0.00000
0.00000
0.00000
0.00000
0.00000
0.00000
0.00000
0.00000
0.00000
0.00000
0.00000
0.00000
0.00000
0.00000
0.00000
0.00000
0.00000
0.00000
0.00000
0.00000
0.00000
0.00000
0.00000
0.00000
