-0.00015
-0.00015
-0.00012
-0.00012
-0.00015
-0.00012
-0.00012
-0.00012
-0.00015
-0.00009
-0.00009
-0.00012
-0.00012
-0.00012
-0.00009
-0.00012
-0.00012
-0.00009
-0.00009
-0.00015
-0.00018
-0.00015
-0.00015
-0.00015
-0.00009
-0.00009
-0.00012
-0.00012
-0.00015
-0.00015
-0.00012
-0.00012
-0.00021
-0.00012
-0.00037
-0.00003
-0.00009
-0.00015
-0.00015
-0.00021
-0.00015
-0.00018
-0.00015
-0.00009
-0.00015
-0.00018
-0.00012
-0.00015
-0.00018
-0.00018
-0.00021
-0.00021
-0.00024
-0.00027
-0.00021
-0.00018
-0.00018
-0.00018
-0.00012
-0.00012
-0.00015
-0.00015
-0.00018
-0.00018
-0.00024
-0.00021
-0.00018
-0.00015
-0.00021
-0.00021
-0.00015
-0.00021
-0.00018
-0.00018
-0.00018
-0.00024
-0.00024
-0.00021
-0.00018
-0.00024
-0.00027
-0.00024
-0.00024
-0.00027
-0.00024
-0.00021
-0.00018
-0.00021
-0.00021
-0.00015
-0.00015
-0.00021
-0.00024
-0.00018
-0.00018
-0.00021
-0.00021
-0.00018
-0.00021
-0.00021
-0.00018
-0.00018
-0.00021
-0.00021
-0.00021
-0.00021
-0.00021
-0.00018
-0.00018
-0.00021
-0.00024
-0.00024
-0.00024
-0.00024
-0.00027
-0.00024
-0.00021
-0.00021
-0.00024
-0.00024
-0.00024
-0.00024
-0.00024
-0.00021
-0.00021
-0.00021
-0.00021
-0.00024
-0.00027
-0.00027
-0.00024
-0.00027
-0.00024
-0.00021
-0.00021
-0.00024
-0.00024
-0.00024
-0.00021
-0.00024
-0.00024
-0.00021
-0.00018
-0.00024
-0.00027
-0.00027
-0.00027
-0.00031
-0.00031
-0.00027
-0.00018
-0.00021
-0.00027
-0.00021
-0.00024
-0.00027
-0.00031
-0.00027
-0.00031
-0.00034
-0.00027
-0.00024
-0.00021
-0.00024
-0.00027
-0.00024
-0.00027
-0.00031
-0.00027
-0.00031
-0.00031
-0.00031
-0.00027
-0.00027
-0.00027
-0.00031
-0.00027
-0.00024
-0.00027
-0.00024
-0.00024
-0.00027
-0.00027
-0.00034
-0.00024
-0.00034
-0.00024
-0.00055
-0.00015
-0.00082
-0.00006
-0.00073
0.00015
-0.00064
0.00000
-0.01291
-0.05469
-0.02951
-0.03680
-0.00513
0.03839
0.04449
0.03854
0.01129
0.02008
0.01022
0.00101
-0.02127
-0.02408
-0.02075
-0.00946
-0.00113
0.01443
0.02054
0.00372
-0.00250
0.00003
0.00510
0.00165
-0.00372
-0.00534
-0.00305
0.00015
-0.00128
-0.00415
-0.00067
0.00269
0.00339
0.00363
0.00464
0.00235
0.00003
0.00143
0.00241
0.00113
0.00089
0.00073
-0.00134
0.00095
0.00156
0.00089
-0.00150
-0.00134
-0.00027
-0.00018
0.00034
0.00018
-0.00015
0.00198
0.00266
0.00110
0.00134
0.00214
0.00104
-0.00037
-0.00061
-0.00067
-0.00208
-0.00223
-0.00116
0.00049
0.00171
0.00079
-0.00018
-0.00067
-0.00076
-0.00046
0.00034
-0.00034
0.00000
0.00070
-0.00064
0.00027
-0.00027
-0.00070
-0.00119
-0.00101
-0.00183
-0.00171
0.00000
-0.00076
-0.00070
-0.00031
-0.00040
-0.00012
0.00000
-0.00012
-0.00055
-0.00027
-0.00153
-0.00177
-0.00110
-0.00122
-0.00153
-0.00150
-0.00116
-0.00076
-0.00079
-0.00079
-0.00079
-0.00058
-0.00070
-0.00095
-0.00055
-0.00012
0.00021
0.00015
-0.00021
-0.00049
-0.00076
-0.00131
-0.00165
-0.00162
-0.00125
-0.00122
-0.00140
-0.00143
-0.00122
-0.00076
-0.00070
-0.00046
-0.00018
-0.00034
-0.00073
-0.00085
-0.00058
-0.00067
-0.00116
-0.00156
-0.00168
-0.00162
-0.00128
-0.00058
0.00003
-0.00006
-0.00027
-0.00003
0.00027
0.00000
-0.00076
-0.00089
-0.00061
-0.00058
-0.00061
-0.00037
-0.00012
-0.00040
-0.00085
-0.00101
-0.00092
-0.00073
-0.00058
-0.00043
-0.00043
-0.00034
-0.00003
0.00012
0.00000
-0.00018
0.00000
0.00000
0.00000
0.00000
0.00000
0.00000
0.00000
0.00000
0.00000
0.00000
0.00000
0.00000
0.00000
0.00000
0.00000
0.00000
0.00000
0.00000
0.00000
0.00000
0.00000
0.00000
0.00000
0.00000
0.00000
0.00000
0.00000
0.00000
0.00000
0.00000
0.00000
0.00000
0.00000
0.00000
0.00000
0.00000
0.00000
0.00000
0.00000
0.00000
0.00000
0.00000
0.00000
0.00000
0.00000
0.00000
0.00000
0.00000
0.00000
0.00000
0.00000
0.00000
0.00000
0.00000
0.00000
0.00000
0.00000
0.00000
0.00000
0.00000
0.00000
0.00000
0.00000
0.00000
0.00000
0.00000
0.00000
0.00000
0.00000
0.00000
0.00000
0.00000
0.00000
0.00000
0.00000
0.00000
0.00000
0.00000
0.00000
0.00000
0.00000
0.00000
0.00000
0.00000
0.00000
0.00000
0.00000
0.00000
0.00000
0.00000
0.00000
0.00000
0.00000
0.00000
0.00000
0.00000
0.00000
0.00000
0.00000
0.00000
0.00000
0.00000
0.00000
0.00000
0.00000
0.00000
0.00000
0.00000
0.00000
0.00000
0.00000
0.00000
0.00000
0.00000
0.00000
0.00000
0.00000
0.00000
0.00000
0.00000
0.00000
0.00000
0.00000
0.00000
0.00000
0.00000
0.00000
0.00000
0.00000
0.00000
0.00000
0.00000
0.00000
0.00000
0.00000
0.00000
0.00000
0.00000
0.00000
0.00000
0.00000
0.00000
0.00000
0.00000
0.00000
0.00000
0.00000
0.00000
0.00000
0.00000
0.00000
0.00000
0.00000
