-0.00009
-0.00003
0.00000
-0.00003
-0.00003
-0.00003
-0.00003
-0.00006
-0.00009
-0.00009
-0.00006
-0.00009
-0.00012
-0.00012
-0.00012
-0.00018
-0.00018
-0.00015
-0.00009
-0.00003
-0.00003
0.00000
0.00000
0.00000
0.00000
-0.00006
-0.00009
-0.00018
-0.00021
-0.00018
-0.00018
-0.00018
-0.00018
-0.00015
-0.00037
0.00000
-0.00009
-0.00009
-0.00006
-0.00012
-0.00003
-0.00006
0.00000
-0.00006
-0.00006
-0.00009
-0.00012
-0.00015
-0.00015
-0.00015
-0.00015
-0.00009
-0.00006
-0.00006
-0.00003
-0.00006
-0.00009
-0.00018
-0.00024
-0.00021
-0.00015
-0.00009
-0.00003
0.00006
0.00006
0.00000
-0.00009
-0.00015
-0.00024
-0.00034
-0.00031
-0.00027
-0.00021
-0.00012
-0.00003
0.00000
0.00000
-0.00003
-0.00012
-0.00018
-0.00024
-0.00024
-0.00018
-0.00015
-0.00009
-0.00006
0.00000
0.00000
-0.00006
-0.00009
-0.00012
-0.00018
-0.00021
-0.00018
-0.00015
-0.00015
-0.00018
-0.00018
-0.00015
-0.00012
-0.00015
-0.00018
-0.00018
-0.00021
-0.00021
-0.00015
-0.00009
-0.00015
-0.00015
-0.00015
-0.00015
-0.00015
-0.00018
-0.00018
-0.00018
-0.00021
-0.00018
-0.00015
-0.00006
-0.00003
-0.00006
-0.00009
-0.00012
-0.00015
-0.00018
-0.00021
-0.00021
-0.00018
-0.00012
-0.00009
-0.00009
-0.00003
-0.00006
-0.00012
-0.00018
-0.00021
-0.00024
-0.00024
-0.00021
-0.00021
-0.00015
-0.00009
-0.00012
-0.00018
-0.00015
-0.00015
-0.00015
-0.00012
-0.00012
-0.00015
-0.00015
-0.00021
-0.00021
-0.00012
-0.00012
-0.00012
-0.00009
-0.00003
-0.00006
-0.00009
-0.00012
-0.00015
-0.00018
-0.00018
-0.00018
-0.00018
-0.00018
-0.00012
-0.00009
-0.00009
-0.00012
-0.00015
-0.00018
-0.00024
-0.00021
-0.00021
-0.00018
-0.00012
-0.00009
-0.00009
-0.00009
-0.00006
-0.00009
-0.00018
-0.00024
-0.00018
-0.00024
-0.00018
-0.00015
-0.00015
-0.00015
-0.00018
-0.00009
-0.00021
-0.00009
-0.00040
-0.00009
-0.00049
0.00015
-0.00067
0.00043
-0.00888
-0.02365
-0.01407
-0.01257
-0.01013
-0.00708
0.00034
0.01337
0.02185
0.01816
0.01410
0.01077
-0.00052
-0.00824
-0.00916
-0.00555
-0.00574
-0.00485
-0.00482
-0.00134
0.00311
0.00323
0.00082
0.00269
0.00290
0.00253
0.00522
0.00485
0.00476
0.00391
0.00034
-0.00272
-0.00217
-0.00092
0.00006
0.00064
0.00070
0.00125
0.00296
0.00253
0.00192
0.00266
0.00214
0.00049
-0.00012
-0.00006
-0.00018
-0.00003
-0.00027
-0.00052
0.00000
0.00018
-0.00037
0.00055
0.00150
0.00107
0.00116
0.00214
0.00253
0.00061
-0.00043
-0.00018
0.00101
0.00064
-0.00122
-0.00061
-0.00021
0.00000
-0.00018
-0.00101
-0.00073
-0.00052
-0.00024
0.00049
0.00195
0.00162
0.00037
-0.00003
-0.00018
-0.00070
-0.00104
-0.00125
-0.00150
-0.00089
-0.00073
-0.00037
-0.00003
-0.00009
-0.00034
-0.00049
-0.00009
-0.00009
-0.00037
-0.00058
-0.00073
-0.00037
-0.00031
-0.00082
-0.00122
-0.00128
-0.00116
-0.00110
-0.00116
-0.00085
-0.00064
-0.00055
-0.00040
-0.00006
0.00000
-0.00031
-0.00043
-0.00034
-0.00027
-0.00061
-0.00098
-0.00089
-0.00052
-0.00043
-0.00089
-0.00134
-0.00156
-0.00125
-0.00070
-0.00055
-0.00073
-0.00076
-0.00043
-0.00012
-0.00009
-0.00037
-0.00049
-0.00027
-0.00027
-0.00058
-0.00076
-0.00107
-0.00146
-0.00150
-0.00101
-0.00046
-0.00027
-0.00046
-0.00043
-0.00006
0.00009
0.00003
-0.00012
-0.00027
-0.00046
-0.00037
-0.00012
-0.00015
-0.00046
-0.00079
-0.00076
-0.00055
-0.00055
-0.00055
-0.00034
-0.00009
-0.00003
-0.00006
-0.00003
0.00000
0.00000
-0.00012
-0.00018
-0.00012
-0.00012
-0.00015
-0.00024
-0.00034
-0.00034
-0.00015
-0.00009
-0.00027
-0.00027
0.00006
0.00037
0.00046
0.00018
0.00006
0.00015
0.00018
0.00000
0.00000
0.00000
0.00000
0.00000
0.00000
0.00000
0.00000
0.00000
0.00000
0.00000
0.00000
0.00000
0.00000
0.00000
0.00000
0.00000
0.00000
0.00000
0.00000
0.00000
0.00000
0.00000
0.00000
0.00000
0.00000
0.00000
0.00000
0.00000
0.00000
0.00000
0.00000
0.00000
0.00000
0.00000
0.00000
0.00000
0.00000
0.00000
0.00000
0.00000
0.00000
0.00000
0.00000
0.00000
0.00000
0.00000
0.00000
0.00000
0.00000
0.00000
0.00000
0.00000
0.00000
0.00000
0.00000
0.00000
0.00000
0.00000
0.00000
0.00000
0.00000
0.00000
0.00000
0.00000
0.00000
0.00000
0.00000
0.00000
0.00000
0.00000
0.00000
0.00000
0.00000
0.00000
0.00000
0.00000
0.00000
0.00000
0.00000
0.00000
0.00000
0.00000
0.00000
0.00000
0.00000
0.00000
0.00000
0.00000
0.00000
0.00000
0.00000
0.00000
0.00000
0.00000
0.00000
0.00000
0.00000
0.00000
0.00000
0.00000
0.00000
0.00000
0.00000
0.00000
0.00000
0.00000
0.00000
0.00000
0.00000
0.00000
0.00000
0.00000
0.00000
0.00000
0.00000
0.00000
0.00000
0.00000
0.00000
0.00000
0.00000
0.00000
0.00000
0.00000
0.00000
0.00000
