-0.00009
-0.00012
-0.00012
-0.00012
-0.00009
-0.00006
-0.00006
-0.00006
-0.00006
-0.00009
-0.00012
-0.00012
-0.00012
-0.00012
-0.00015
-0.00009
-0.00009
-0.00009
-0.00003
-0.00006
-0.00012
-0.00009
-0.00009
-0.00009
-0.00009
-0.00009
-0.00006
-0.00006
-0.00009
-0.00012
-0.00009
-0.00006
-0.00009
-0.00006
-0.00027
0.00009
0.00000
-0.00009
0.00000
-0.00009
-0.00009
-0.00015
-0.00009
-0.00009
-0.00015
-0.00009
-0.00006
-0.00009
-0.00006
-0.00003
0.00000
0.00000
-0.00003
-0.00003
-0.00003
-0.00003
-0.00006
-0.00006
-0.00006
-0.00009
-0.00009
-0.00006
-0.00006
0.00000
0.00000
-0.00003
-0.00003
-0.00003
-0.00003
-0.00006
-0.00012
-0.00009
-0.00006
-0.00012
-0.00009
-0.00003
0.00000
-0.00003
0.00000
-0.00003
-0.00003
-0.00006
-0.00009
-0.00009
-0.00009
-0.00006
-0.00009
-0.00003
-0.00006
-0.00003
-0.00003
-0.00006
-0.00006
-0.00006
-0.00003
0.00000
0.00000
-0.00009
-0.00009
-0.00006
-0.00012
-0.00012
-0.00006
-0.00006
-0.00009
-0.00006
-0.00003
-0.00003
-0.00012
-0.00009
-0.00006
-0.00009
-0.00006
-0.00003
0.00000
-0.00009
-0.00009
-0.00006
-0.00009
-0.00012
-0.00015
-0.00009
-0.00006
-0.00009
-0.00015
-0.00006
-0.00006
-0.00012
-0.00012
-0.00006
-0.00003
-0.00006
-0.00006
0.00000
-0.00006
-0.00006
-0.00006
-0.00003
0.00000
-0.00006
-0.00006
-0.00006
-0.00009
-0.00009
-0.00009
-0.00009
-0.00006
-0.00006
-0.00003
0.00000
0.00000
-0.00003
-0.00006
-0.00009
-0.00012
-0.00012
-0.00009
-0.00006
-0.00003
0.00000
0.00000
0.00000
0.00000
0.00000
-0.00006
-0.00006
-0.00006
-0.00009
-0.00006
-0.00003
0.00000
0.00000
-0.00003
-0.00006
-0.00009
-0.00012
-0.00012
-0.00012
-0.00009
-0.00003
-0.00003
-0.00012
-0.00009
-0.00003
-0.00006
-0.00006
-0.00006
-0.00003
-0.00003
0.00000
-0.00003
0.00000
-0.00009
-0.00006
-0.00006
-0.00003
0.00000
0.00000
0.00000
-0.00006
-0.00003
-0.00012
-0.00031
-0.00037
-0.00027
0.00027
0.00040
-0.00180
-0.00919
-0.01031
-0.01059
-0.02097
-0.02417
-0.02625
-0.01031
0.01279
0.02560
0.02832
0.02097
0.01672
0.00717
0.00146
-0.00385
-0.00735
-0.00940
-0.00980
-0.00418
0.00549
0.01111
0.00668
0.00171
0.00085
0.00183
0.00241
0.00134
0.00034
0.00070
0.00143
0.00076
0.00043
0.00027
-0.00046
-0.00052
0.00012
0.00085
0.00101
0.00064
0.00055
0.00171
0.00272
0.00287
0.00272
0.00171
0.00043
-0.00015
-0.00024
-0.00082
-0.00089
-0.00076
-0.00079
-0.00006
0.00073
0.00070
0.00031
0.00082
0.00275
0.00305
0.00201
0.00116
0.00009
0.00058
0.00015
-0.00162
-0.00195
-0.00128
-0.00101
-0.00098
0.00000
0.00085
0.00101
0.00049
-0.00034
0.00000
0.00070
0.00018
-0.00055
-0.00037
-0.00040
-0.00079
-0.00104
-0.00089
-0.00070
-0.00079
-0.00079
-0.00061
-0.00027
-0.00040
-0.00104
-0.00095
-0.00021
0.00012
0.00003
-0.00046
-0.00046
-0.00037
-0.00052
-0.00116
-0.00165
-0.00168
-0.00128
-0.00089
-0.00079
-0.00104
-0.00110
-0.00055
0.00000
-0.00003
-0.00046
-0.00064
-0.00031
-0.00009
-0.00027
-0.00049
-0.00046
-0.00040
-0.00058
-0.00085
-0.00085
-0.00089
-0.00134
-0.00159
-0.00113
-0.00052
-0.00055
-0.00095
-0.00082
-0.00037
-0.00009
-0.00024
-0.00067
-0.00089
-0.00095
-0.00076
-0.00076
-0.00119
-0.00143
-0.00125
-0.00076
-0.00049
-0.00043
-0.00015
0.00018
0.00021
-0.00015
-0.00027
-0.00006
0.00006
-0.00009
-0.00043
-0.00055
-0.00055
-0.00052
-0.00058
-0.00061
-0.00061
-0.00055
-0.00055
-0.00052
-0.00046
-0.00046
0.00000
0.00000
0.00000
0.00000
0.00000
0.00000
0.00000
0.00000
0.00000
0.00000
0.00000
0.00000
0.00000
0.00000
0.00000
0.00000
0.00000
0.00000
0.00000
0.00000
0.00000
0.00000
0.00000
0.00000
0.00000
0.00000
0.00000
0.00000
0.00000
0.00000
0.00000
0.00000
0.00000
0.00000
0.00000
0.00000
0.00000
0.00000
0.00000
0.00000
0.00000
0.00000
0.00000
0.00000
0.00000
0.00000
0.00000
0.00000
0.00000
0.00000
0.00000
0.00000
0.00000
0.00000
0.00000
0.00000
0.00000
0.00000
0.00000
0.00000
0.00000
0.00000
0.00000
0.00000
0.00000
0.00000
0.00000
0.00000
0.00000
0.00000
0.00000
0.00000
0.00000
0.00000
0.00000
0.00000
0.00000
0.00000
0.00000
0.00000
0.00000
0.00000
0.00000
0.00000
0.00000
0.00000
0.00000
0.00000
0.00000
0.00000
0.00000
0.00000
0.00000
0.00000
0.00000
0.00000
0.00000
0.00000
0.00000
0.00000
0.00000
0.00000
0.00000
0.00000
0.00000
0.00000
0.00000
0.00000
0.00000
0.00000
0.00000
0.00000
0.00000
0.00000
0.00000
0.00000
0.00000
0.00000
0.00000
0.00000
0.00000
0.00000
0.00000
0.00000
0.00000
0.00000
0.00000
0.00000
0.00000
0.00000
0.00000
0.00000
0.00000
0.00000
0.00000
0.00000
0.00000
0.00000
0.00000
0.00000
0.00000
0.00000
