-0.00034
-0.00034
-0.00037
-0.00037
-0.00034
-0.00037
-0.00037
-0.00037
-0.00037
-0.00034
-0.00034
-0.00034
-0.00034
-0.00034
-0.00037
-0.00040
-0.00040
-0.00037
-0.00034
-0.00034
-0.00034
-0.00034
-0.00031
-0.00037
-0.00040
-0.00037
-0.00034
-0.00037
-0.00034
-0.00034
-0.00031
-0.00031
-0.00031
-0.00031
-0.00058
-0.00021
-0.00034
-0.00037
-0.00031
-0.00034
-0.00024
-0.00031
-0.00031
-0.00027
-0.00031
-0.00034
-0.00037
-0.00034
-0.00034
-0.00031
-0.00034
-0.00031
-0.00027
-0.00031
-0.00034
-0.00027
-0.00027
-0.00034
-0.00031
-0.00027
-0.00031
-0.00031
-0.00027
-0.00027
-0.00031
-0.00031
-0.00034
-0.00031
-0.00031
-0.00031
-0.00034
-0.00027
-0.00027
-0.00034
-0.00027
-0.00027
-0.00027
-0.00027
-0.00024
-0.00024
-0.00027
-0.00027
-0.00024
-0.00024
-0.00027
-0.00027
-0.00027
-0.00027
-0.00031
-0.00027
-0.00027
-0.00024
-0.00024
-0.00024
-0.00024
-0.00031
-0.00027
-0.00027
-0.00024
-0.00027
-0.00027
-0.00024
-0.00027
-0.00031
-0.00024
-0.00024
-0.00021
-0.00024
-0.00021
-0.00021
-0.00021
-0.00024
-0.00021
-0.00024
-0.00027
-0.00024
-0.00021
-0.00021
-0.00021
-0.00021
-0.00024
-0.00024
-0.00024
-0.00021
-0.00021
-0.00018
-0.00018
-0.00018
-0.00018
-0.00021
-0.00021
-0.00018
-0.00021
-0.00027
-0.00024
-0.00018
-0.00015
-0.00018
-0.00018
-0.00015
-0.00018
-0.00018
-0.00015
-0.00015
-0.00018
-0.00018
-0.00012
-0.00015
-0.00021
-0.00015
-0.00015
-0.00018
-0.00018
-0.00015
-0.00012
-0.00018
-0.00018
-0.00009
-0.00009
-0.00015
-0.00015
-0.00012
-0.00012
-0.00015
-0.00012
-0.00012
-0.00009
-0.00015
-0.00015
-0.00012
-0.00012
-0.00015
-0.00018
-0.00012
-0.00015
-0.00018
-0.00012
-0.00009
-0.00009
-0.00012
-0.00012
-0.00009
-0.00009
-0.00015
-0.00012
-0.00021
-0.00018
-0.00021
-0.00015
-0.00021
0.00006
-0.00037
0.00037
-0.00073
0.00092
-0.00153
0.00073
-0.02579
-0.04221
-0.02475
-0.02948
0.01047
0.03284
0.03943
0.02338
0.01147
0.01678
0.00842
-0.00586
-0.01801
-0.01889
-0.01440
-0.00742
0.00024
0.01633
0.01416
0.00165
-0.00214
0.00070
0.00107
-0.00275
-0.00446
-0.00290
0.00009
0.00287
0.00314
0.00381
0.00589
0.00302
0.00024
0.00040
0.00189
-0.00024
-0.00131
-0.00037
0.00159
0.00266
0.00421
0.00342
0.00140
0.00052
-0.00043
0.00000
-0.00024
-0.00027
-0.00018
-0.00034
0.00040
0.00058
0.00037
0.00223
0.00290
0.00143
0.00116
0.00156
0.00116
0.00021
0.00031
-0.00024
-0.00067
0.00024
0.00018
-0.00067
-0.00052
-0.00003
0.00015
0.00046
-0.00009
-0.00058
0.00180
0.00125
0.00046
0.00085
0.00000
-0.00015
-0.00031
-0.00070
-0.00119
-0.00052
-0.00079
-0.00140
-0.00055
-0.00027
-0.00021
0.00052
0.00037
-0.00018
0.00031
0.00031
-0.00067
-0.00076
-0.00089
-0.00064
-0.00034
-0.00064
-0.00107
-0.00128
-0.00089
-0.00064
-0.00055
-0.00052
-0.00104
-0.00070
0.00015
0.00076
0.00073
0.00027
-0.00012
-0.00024
-0.00043
-0.00082
-0.00104
-0.00070
-0.00031
-0.00021
-0.00070
-0.00153
-0.00177
-0.00143
-0.00064
-0.00006
-0.00003
-0.00018
-0.00031
-0.00015
0.00006
0.00009
-0.00021
-0.00082
-0.00119
-0.00113
-0.00104
-0.00116
-0.00128
-0.00052
0.00064
0.00085
0.00021
-0.00052
-0.00055
-0.00031
-0.00015
0.00015
0.00018
-0.00012
-0.00034
-0.00006
0.00003
-0.00037
-0.00079
-0.00085
-0.00055
-0.00024
0.00000
0.00009
-0.00012
-0.00027
-0.00009
0.00024
0.00037
0.00012
0.00006
0.00015
0.00000
0.00000
0.00000
0.00000
0.00000
0.00000
0.00000
0.00000
0.00000
0.00000
0.00000
0.00000
0.00000
0.00000
0.00000
0.00000
0.00000
0.00000
0.00000
0.00000
0.00000
0.00000
0.00000
0.00000
0.00000
0.00000
0.00000
0.00000
0.00000
0.00000
0.00000
0.00000
0.00000
0.00000
0.00000
0.00000
0.00000
0.00000
0.00000
0.00000
0.00000
0.00000
0.00000
0.00000
0.00000
0.00000
0.00000
0.00000
0.00000
0.00000
0.00000
0.00000
0.00000
0.00000
0.00000
0.00000
0.00000
0.00000
0.00000
0.00000
0.00000
0.00000
0.00000
0.00000
0.00000
0.00000
0.00000
0.00000
0.00000
0.00000
0.00000
0.00000
0.00000
0.00000
0.00000
0.00000
0.00000
0.00000
0.00000
0.00000
0.00000
0.00000
0.00000
0.00000
0.00000
0.00000
0.00000
0.00000
0.00000
0.00000
0.00000
0.00000
0.00000
0.00000
0.00000
0.00000
0.00000
0.00000
0.00000
0.00000
0.00000
0.00000
0.00000
0.00000
0.00000
0.00000
0.00000
0.00000
0.00000
0.00000
0.00000
0.00000
0.00000
0.00000
0.00000
0.00000
0.00000
0.00000
0.00000
0.00000
0.00000
0.00000
0.00000
0.00000
0.00000
0.00000
0.00000
0.00000
0.00000
0.00000
0.00000
0.00000
0.00000
0.00000
0.00000
0.00000
0.00000
0.00000
0.00000
0.00000
0.00000
0.00000
0.00000
0.00000
0.00000
0.00000
0.00000
0.00000
0.00000
