-0.00037
-0.00040
-0.00043
-0.00040
-0.00037
-0.00034
-0.00031
-0.00031
-0.00031
-0.00037
-0.00034
-0.00034
-0.00034
-0.00031
-0.00037
-0.00040
-0.00037
-0.00037
-0.00037
-0.00037
-0.00034
-0.00037
-0.00040
-0.00031
-0.00027
-0.00031
-0.00034
-0.00031
-0.00027
-0.00034
-0.00031
-0.00027
-0.00034
-0.00037
-0.00067
-0.00031
-0.00040
-0.00046
-0.00043
-0.00037
-0.00027
-0.00031
-0.00027
-0.00027
-0.00027
-0.00031
-0.00037
-0.00040
-0.00043
-0.00046
-0.00046
-0.00049
-0.00046
-0.00037
-0.00031
-0.00024
-0.00027
-0.00027
-0.00027
-0.00037
-0.00040
-0.00037
-0.00034
-0.00037
-0.00043
-0.00046
-0.00040
-0.00043
-0.00043
-0.00043
-0.00037
-0.00040
-0.00040
-0.00040
-0.00040
-0.00037
-0.00043
-0.00040
-0.00040
-0.00037
-0.00037
-0.00040
-0.00043
-0.00040
-0.00040
-0.00046
-0.00040
-0.00040
-0.00037
-0.00034
-0.00037
-0.00040
-0.00040
-0.00040
-0.00040
-0.00037
-0.00034
-0.00043
-0.00043
-0.00040
-0.00043
-0.00040
-0.00040
-0.00034
-0.00040
-0.00034
-0.00027
-0.00037
-0.00046
-0.00037
-0.00031
-0.00040
-0.00031
-0.00027
-0.00027
-0.00027
-0.00027
-0.00027
-0.00034
-0.00040
-0.00043
-0.00037
-0.00034
-0.00037
-0.00034
-0.00031
-0.00027
-0.00031
-0.00034
-0.00040
-0.00046
-0.00043
-0.00040
-0.00037
-0.00040
-0.00034
-0.00031
-0.00031
-0.00027
-0.00027
-0.00031
-0.00040
-0.00043
-0.00043
-0.00040
-0.00031
-0.00031
-0.00031
-0.00027
-0.00018
-0.00024
-0.00021
-0.00018
-0.00024
-0.00031
-0.00034
-0.00037
-0.00034
-0.00024
-0.00027
-0.00034
-0.00027
-0.00027
-0.00031
-0.00031
-0.00031
-0.00034
-0.00034
-0.00027
-0.00031
-0.00027
-0.00021
-0.00021
-0.00021
-0.00021
-0.00024
-0.00018
-0.00021
-0.00024
-0.00021
-0.00015
-0.00018
-0.00021
-0.00037
-0.00018
-0.00031
-0.00027
-0.00034
-0.00064
0.00003
-0.00101
-0.00369
-0.04221
-0.03918
-0.01538
-0.01801
-0.02274
-0.00394
0.02563
0.04776
0.05072
0.02335
0.02209
0.01294
-0.00641
-0.02432
-0.01215
-0.00909
-0.01355
-0.00473
-0.00113
0.00989
0.01544
0.00409
-0.00320
0.00586
0.00522
-0.00119
-0.00046
0.00125
-0.00018
-0.00046
-0.00293
-0.00394
-0.00153
0.00027
-0.00272
-0.00272
0.00034
0.00143
0.00235
0.00336
0.00473
0.00488
0.00378
0.00125
0.00116
0.00040
-0.00049
-0.00229
-0.00281
-0.00150
0.00006
-0.00067
-0.00031
0.00208
0.00308
0.00272
0.00290
0.00339
0.00256
0.00064
-0.00073
-0.00085
-0.00110
-0.00183
-0.00272
-0.00183
-0.00085
-0.00006
0.00037
0.00043
0.00162
0.00070
0.00000
0.00098
0.00104
0.00000
-0.00043
-0.00076
-0.00082
-0.00113
-0.00128
-0.00174
-0.00092
-0.00037
-0.00067
-0.00034
-0.00018
-0.00058
-0.00006
0.00046
0.00031
-0.00003
-0.00021
-0.00031
-0.00009
-0.00015
-0.00131
-0.00211
-0.00168
-0.00110
-0.00104
-0.00146
-0.00131
-0.00064
-0.00049
-0.00055
-0.00015
0.00046
0.00058
0.00031
0.00040
0.00058
0.00012
-0.00043
-0.00055
-0.00027
-0.00058
-0.00128
-0.00140
-0.00128
-0.00137
-0.00137
-0.00113
-0.00089
-0.00064
-0.00027
0.00006
0.00046
0.00037
0.00000
-0.00021
-0.00055
-0.00110
-0.00131
-0.00128
-0.00140
-0.00140
-0.00085
-0.00015
0.00021
0.00021
0.00018
0.00046
0.00076
0.00058
0.00024
0.00027
0.00021
0.00000
-0.00018
-0.00015
-0.00040
-0.00070
-0.00070
-0.00037
-0.00018
-0.00046
-0.00064
-0.00034
0.00000
0.00000
0.00021
0.00058
0.00079
0.00061
0.00034
0.00003
-0.00012
-0.00021
-0.00031
-0.00034
-0.00037
-0.00021
-0.00003
0.00015
0.00012
0.00021
0.00061
0.00098
0.00101
0.00073
0.00046
0.00043
0.00055
0.00058
0.00031
-0.00006
-0.00021
-0.00027
-0.00024
-0.00021
-0.00012
0.00003
0.00024
0.00043
0.00037
0.00021
0.00000
-0.00031
-0.00070
-0.00064
-0.00043
0.00003
0.00024
0.00000
0.00009
0.00000
0.00000
0.00000
0.00000
0.00000
0.00000
0.00000
0.00000
0.00000
0.00000
0.00000
0.00000
0.00000
0.00000
0.00000
0.00000
0.00000
0.00000
0.00000
0.00000
0.00000
0.00000
0.00000
0.00000
0.00000
0.00000
0.00000
0.00000
0.00000
0.00000
0.00000
0.00000
0.00000
0.00000
0.00000
0.00000
0.00000
0.00000
0.00000
0.00000
0.00000
0.00000
0.00000
0.00000
0.00000
0.00000
0.00000
0.00000
0.00000
0.00000
0.00000
0.00000
0.00000
0.00000
0.00000
0.00000
0.00000
0.00000
0.00000
0.00000
0.00000
0.00000
0.00000
0.00000
0.00000
0.00000
0.00000
0.00000
0.00000
0.00000
0.00000
0.00000
0.00000
0.00000
0.00000
0.00000
0.00000
0.00000
0.00000
0.00000
0.00000
0.00000
0.00000
0.00000
0.00000
0.00000
0.00000
0.00000
0.00000
0.00000
0.00000
0.00000
0.00000
0.00000
0.00000
0.00000
0.00000
0.00000
0.00000
0.00000
0.00000
0.00000
0.00000
0.00000
0.00000
0.00000
0.00000
0.00000
0.00000
0.00000
0.00000
0.00000
0.00000
0.00000
