-0.00018
-0.00024
-0.00021
-0.00018
-0.00015
-0.00015
-0.00015
-0.00021
-0.00018
-0.00018
-0.00024
-0.00024
-0.00024
-0.00021
-0.00024
-0.00021
-0.00021
-0.00021
-0.00021
-0.00018
-0.00015
-0.00015
-0.00021
-0.00024
-0.00021
-0.00024
-0.00024
-0.00024
-0.00018
-0.00018
-0.00021
-0.00015
-0.00018
-0.00015
-0.00046
-0.00006
-0.00018
-0.00027
-0.00018
-0.00024
-0.00018
-0.00024
-0.00021
-0.00021
-0.00027
-0.00027
-0.00021
-0.00021
-0.00018
-0.00021
-0.00018
-0.00015
-0.00015
-0.00021
-0.00018
-0.00018
-0.00024
-0.00027
-0.00024
-0.00024
-0.00027
-0.00024
-0.00015
-0.00031
-0.00018
-0.00015
-0.00027
-0.00012
-0.00021
-0.00018
-0.00027
-0.00018
-0.00018
-0.00021
-0.00018
-0.00021
-0.00018
-0.00024
-0.00021
-0.00021
-0.00027
-0.00021
-0.00021
-0.00021
-0.00015
-0.00012
-0.00024
-0.00021
-0.00024
-0.00024
-0.00027
-0.00018
-0.00015
-0.00024
-0.00021
-0.00021
-0.00021
-0.00021
-0.00018
-0.00018
-0.00021
-0.00021
-0.00021
-0.00024
-0.00021
-0.00024
-0.00027
-0.00021
-0.00018
-0.00024
-0.00021
-0.00012
-0.00024
-0.00027
-0.00024
-0.00021
-0.00031
-0.00024
-0.00015
-0.00021
-0.00024
-0.00024
-0.00021
-0.00021
-0.00024
-0.00021
-0.00018
-0.00015
-0.00018
-0.00024
-0.00021
-0.00021
-0.00031
-0.00024
-0.00018
-0.00021
-0.00021
-0.00018
-0.00021
-0.00024
-0.00024
-0.00018
-0.00024
-0.00027
-0.00024
-0.00021
-0.00027
-0.00021
-0.00018
-0.00015
-0.00015
-0.00021
-0.00018
-0.00024
-0.00024
-0.00027
-0.00021
-0.00021
-0.00024
-0.00018
-0.00021
-0.00018
-0.00018
-0.00024
-0.00024
-0.00027
-0.00027
-0.00024
-0.00018
-0.00018
-0.00024
-0.00018
-0.00027
-0.00024
-0.00021
-0.00018
-0.00018
-0.00018
-0.00018
-0.00012
-0.00027
-0.00003
-0.00070
0.00049
-0.00159
0.00162
-0.00320
0.00378
-0.00595
0.00537
-0.07001
-0.09341
-0.01566
-0.05096
0.07608
0.07883
0.07162
0.02124
-0.00110
0.03259
0.00186
-0.01611
-0.04837
-0.03366
-0.02045
-0.00220
0.01361
0.04501
0.01743
-0.01303
-0.00775
0.00589
0.01013
-0.00180
-0.00525
-0.00061
0.00183
0.00095
-0.00482
-0.00381
0.00433
0.00000
-0.00253
-0.00113
0.00360
-0.00351
-0.00214
0.00397
0.00458
0.00174
0.00461
0.00189
0.00049
0.00204
-0.00037
-0.00204
-0.00272
-0.00015
-0.00134
-0.00043
0.00055
-0.00073
0.00073
0.00562
0.00452
0.00171
0.00186
0.00208
0.00177
-0.00015
-0.00061
-0.00296
-0.00525
-0.00330
-0.00079
0.00018
0.00104
0.00049
0.00107
-0.00046
0.00000
0.00092
0.00143
0.00162
-0.00067
-0.00085
0.00000
-0.00113
-0.00269
-0.00208
-0.00040
-0.00156
-0.00223
-0.00064
0.00024
0.00180
0.00015
-0.00076
0.00046
-0.00061
-0.00150
-0.00024
-0.00067
-0.00079
-0.00113
-0.00092
-0.00134
-0.00180
-0.00171
-0.00278
-0.00104
-0.00052
-0.00092
0.00018
-0.00079
-0.00024
0.00043
0.00037
0.00000
0.00000
0.00009
-0.00034
-0.00073
-0.00046
-0.00113
-0.00128
-0.00146
-0.00156
-0.00134
-0.00217
-0.00208
-0.00134
-0.00003
0.00049
0.00012
0.00000
-0.00058
-0.00070
-0.00031
-0.00018
-0.00052
-0.00174
-0.00232
-0.00211
-0.00177
-0.00143
-0.00098
0.00021
0.00095
0.00055
0.00000
-0.00027
0.00000
-0.00006
-0.00003
0.00021
-0.00003
-0.00061
-0.00104
-0.00046
0.00009
-0.00040
-0.00125
-0.00159
-0.00095
-0.00012
-0.00003
-0.00021
-0.00061
-0.00034
0.00040
0.00076
0.00067
-0.00012
-0.00043
-0.00034
-0.00052
-0.00043
-0.00037
-0.00037
-0.00049
0.00000
0.00000
0.00000
0.00000
0.00000
0.00000
0.00000
0.00000
0.00000
0.00000
0.00000
0.00000
0.00000
0.00000
0.00000
0.00000
0.00000
0.00000
0.00000
0.00000
0.00000
0.00000
0.00000
0.00000
0.00000
0.00000
0.00000
0.00000
0.00000
0.00000
0.00000
0.00000
0.00000
0.00000
0.00000
0.00000
0.00000
0.00000
0.00000
0.00000
0.00000
0.00000
0.00000
0.00000
0.00000
0.00000
0.00000
0.00000
0.00000
0.00000
0.00000
0.00000
0.00000
0.00000
0.00000
0.00000
0.00000
0.00000
0.00000
0.00000
0.00000
0.00000
0.00000
0.00000
0.00000
0.00000
0.00000
0.00000
0.00000
0.00000
0.00000
0.00000
0.00000
0.00000
0.00000
0.00000
0.00000
0.00000
0.00000
0.00000
0.00000
0.00000
0.00000
0.00000
0.00000
0.00000
0.00000
0.00000
0.00000
0.00000
0.00000
0.00000
0.00000
0.00000
0.00000
0.00000
0.00000
0.00000
0.00000
0.00000
0.00000
0.00000
0.00000
0.00000
0.00000
0.00000
0.00000
0.00000
0.00000
0.00000
0.00000
0.00000
0.00000
0.00000
0.00000
0.00000
0.00000
0.00000
0.00000
0.00000
0.00000
0.00000
0.00000
0.00000
0.00000
0.00000
0.00000
0.00000
0.00000
0.00000
0.00000
0.00000
0.00000
0.00000
0.00000
0.00000
0.00000
0.00000
0.00000
0.00000
0.00000
0.00000
0.00000
0.00000
0.00000
0.00000
0.00000
0.00000
0.00000
0.00000
0.00000
