-0.00009
-0.00009
-0.00012
-0.00006
-0.00012
-0.00015
-0.00012
-0.00012
-0.00012
-0.00012
-0.00009
-0.00009
-0.00009
-0.00009
-0.00012
-0.00012
-0.00012
-0.00012
-0.00012
-0.00009
-0.00012
-0.00012
-0.00012
-0.00012
-0.00009
-0.00009
-0.00009
-0.00015
-0.00006
-0.00012
-0.00012
-0.00012
-0.00015
-0.00009
-0.00040
0.00000
-0.00006
-0.00012
-0.00006
-0.00015
-0.00009
-0.00012
-0.00015
-0.00012
-0.00012
-0.00012
-0.00009
-0.00012
-0.00009
-0.00009
-0.00015
-0.00009
-0.00012
-0.00009
-0.00012
-0.00012
-0.00012
-0.00009
-0.00012
-0.00003
-0.00021
-0.00018
-0.00009
-0.00027
-0.00003
-0.00015
-0.00009
-0.00015
-0.00015
0.00000
-0.00009
-0.00009
-0.00012
-0.00015
-0.00015
-0.00012
-0.00012
-0.00009
-0.00009
-0.00012
-0.00015
-0.00012
-0.00006
-0.00015
-0.00012
-0.00015
-0.00015
-0.00015
-0.00015
-0.00006
-0.00012
-0.00012
-0.00012
-0.00012
-0.00012
-0.00012
-0.00012
-0.00012
-0.00015
-0.00009
-0.00012
-0.00012
-0.00012
-0.00012
-0.00012
-0.00006
-0.00012
-0.00018
-0.00009
-0.00009
-0.00012
-0.00015
-0.00006
-0.00009
-0.00015
-0.00006
-0.00006
-0.00009
-0.00012
-0.00009
-0.00009
-0.00012
-0.00012
-0.00012
-0.00009
-0.00009
-0.00012
-0.00012
-0.00009
-0.00012
-0.00015
-0.00012
-0.00015
-0.00012
-0.00012
-0.00009
-0.00006
-0.00009
-0.00009
-0.00012
-0.00012
-0.00015
-0.00009
-0.00018
-0.00012
-0.00012
-0.00012
-0.00003
-0.00012
-0.00006
-0.00015
-0.00012
-0.00009
-0.00009
-0.00006
-0.00015
-0.00006
-0.00012
-0.00012
-0.00012
-0.00012
-0.00012
-0.00015
-0.00012
-0.00009
-0.00006
-0.00006
-0.00015
-0.00006
-0.00015
-0.00018
-0.00012
-0.00009
-0.00009
-0.00006
-0.00012
0.00003
-0.00027
0.00024
-0.00073
0.00092
-0.00162
0.00186
-0.00278
0.00323
-0.00433
0.00464
-0.05377
-0.14090
-0.01883
-0.05569
0.07257
0.11368
0.08698
0.05179
-0.02615
0.03073
-0.00421
-0.01578
-0.05307
-0.04120
-0.02536
0.00128
0.02124
0.05258
0.02972
-0.01855
-0.01773
0.00046
0.01138
0.00040
-0.00424
0.00391
0.00589
0.00131
-0.00604
-0.00836
0.00192
0.00034
-0.00198
-0.00140
0.00726
0.00168
-0.00281
0.00400
0.00821
0.00247
-0.00027
-0.00107
-0.00357
0.00031
-0.00070
-0.00079
-0.00311
0.00110
0.00064
-0.00073
0.00140
0.00192
0.00055
0.00394
0.00504
0.00241
0.00165
0.00217
0.00140
-0.00116
0.00000
-0.00110
-0.00610
-0.00430
-0.00012
0.00107
0.00153
0.00009
0.00037
-0.00052
-0.00052
0.00131
0.00146
0.00244
-0.00024
-0.00131
0.00000
-0.00024
-0.00204
-0.00287
-0.00262
-0.00067
-0.00064
-0.00186
-0.00095
0.00168
0.00107
0.00159
0.00061
-0.00153
-0.00058
0.00079
-0.00104
-0.00140
-0.00186
-0.00156
-0.00098
-0.00189
-0.00211
-0.00195
0.00000
-0.00031
-0.00101
0.00034
-0.00085
-0.00055
0.00003
0.00009
0.00079
0.00082
0.00024
0.00027
-0.00021
-0.00037
-0.00150
-0.00177
-0.00146
-0.00156
-0.00101
-0.00217
-0.00269
-0.00174
-0.00006
0.00092
0.00070
0.00079
0.00018
-0.00031
-0.00034
-0.00067
-0.00092
-0.00183
-0.00238
-0.00220
-0.00180
-0.00110
-0.00049
0.00052
0.00125
0.00070
0.00018
-0.00015
0.00000
0.00006
0.00009
0.00043
0.00000
-0.00046
-0.00058
-0.00015
0.00000
-0.00070
-0.00140
-0.00153
-0.00089
0.00003
0.00031
0.00006
-0.00055
-0.00049
0.00049
0.00116
0.00104
0.00006
-0.00046
-0.00040
-0.00067
-0.00064
-0.00037
-0.00006
0.00000
-0.00055
-0.00089
-0.00104
-0.00067
-0.00021
0.00021
0.00070
0.00055
0.00070
0.00085
0.00137
0.00000
0.00000
0.00000
0.00000
0.00000
0.00000
0.00000
0.00000
0.00000
0.00000
0.00000
0.00000
0.00000
0.00000
0.00000
0.00000
0.00000
0.00000
0.00000
0.00000
0.00000
0.00000
0.00000
0.00000
0.00000
0.00000
0.00000
0.00000
0.00000
0.00000
0.00000
0.00000
0.00000
0.00000
0.00000
0.00000
0.00000
0.00000
0.00000
0.00000
0.00000
0.00000
0.00000
0.00000
0.00000
0.00000
0.00000
0.00000
0.00000
0.00000
0.00000
0.00000
0.00000
0.00000
0.00000
0.00000
0.00000
0.00000
0.00000
0.00000
0.00000
0.00000
0.00000
0.00000
0.00000
0.00000
0.00000
0.00000
0.00000
0.00000
0.00000
0.00000
0.00000
0.00000
0.00000
0.00000
0.00000
0.00000
0.00000
0.00000
0.00000
0.00000
0.00000
0.00000
0.00000
0.00000
0.00000
0.00000
0.00000
0.00000
0.00000
0.00000
0.00000
0.00000
0.00000
0.00000
0.00000
0.00000
0.00000
0.00000
0.00000
0.00000
0.00000
0.00000
0.00000
0.00000
0.00000
0.00000
0.00000
0.00000
0.00000
0.00000
0.00000
0.00000
0.00000
0.00000
0.00000
0.00000
0.00000
0.00000
0.00000
0.00000
0.00000
0.00000
0.00000
0.00000
0.00000
0.00000
0.00000
0.00000
0.00000
0.00000
0.00000
0.00000
0.00000
0.00000
0.00000
0.00000
0.00000
0.00000
0.00000
0.00000
0.00000
