0.00015
0.00024
0.00024
0.00009
0.00000
0.00009
0.00006
0.00009
0.00012
0.00024
0.00015
0.00012
0.00015
0.00003
0.00012
0.00015
0.00012
0.00015
0.00021
0.00009
0.00009
0.00015
0.00009
0.00006
0.00012
0.00015
0.00009
0.00015
0.00018
0.00012
0.00021
0.00018
0.00015
0.00015
0.00012
0.00015
0.00018
0.00018
0.00015
0.00012
0.00009
0.00012
0.00012
0.00015
0.00018
0.00018
0.00015
0.00015
0.00015
0.00012
0.00015
0.00027
0.00024
-0.00003
0.00027
0.00006
0.00003
0.00018
0.00018
0.00006
0.00009
0.00037
0.00021
0.00021
0.00015
0.00021
0.00015
0.00015
0.00018
0.00012
0.00018
0.00024
0.00015
0.00006
0.00024
0.00015
0.00006
0.00021
0.00024
0.00012
0.00015
0.00037
0.00021
0.00006
0.00015
0.00015
0.00006
0.00015
0.00015
0.00015
0.00015
0.00018
0.00012
0.00012
0.00015
0.00009
0.00015
0.00024
0.00024
0.00006
0.00021
0.00027
0.00003
0.00003
0.00012
0.00012
0.00003
0.00018
0.00018
0.00009
0.00015
0.00018
0.00015
0.00015
0.00018
0.00009
0.00015
0.00018
0.00012
0.00009
0.00015
0.00018
0.00006
0.00015
0.00015
0.00006
0.00015
0.00015
0.00012
0.00012
0.00015
0.00006
0.00009
0.00012
0.00015
0.00012
0.00009
0.00018
0.00006
0.00012
0.00006
0.00009
0.00003
0.00000
0.00012
0.00015
0.00021
0.00015
0.00018
0.00015
0.00006
0.00003
0.00000
0.00012
0.00009
0.00006
0.00009
0.00000
0.00009
0.00000
0.00000
0.00012
0.00003
0.00006
0.00012
0.00009
0.00009
0.00000
0.00015
-0.00012
0.00037
-0.00034
0.00049
-0.00018
-0.00012
0.00085
-0.00201
0.00406
-0.00647
-0.01016
-0.21133
-0.06104
0.03360
-0.01801
0.12418
0.14035
0.04572
-0.08411
0.02383
-0.01974
0.00696
0.01660
-0.00998
0.03320
0.03339
-0.04688
-0.04498
0.04227
0.00592
-0.01318
0.03476
0.00803
-0.02252
0.01208
0.00702
-0.00745
0.01355
-0.00562
-0.03259
0.01041
0.01651
-0.00726
0.00092
0.01358
-0.00497
-0.00806
0.01270
0.01013
0.00027
0.00287
0.00470
-0.00824
-0.00421
0.00122
-0.00015
0.00085
0.00592
-0.00491
-0.00641
0.00195
0.00272
-0.00409
0.00464
0.00797
-0.00397
-0.00281
0.00568
0.00241
-0.00266
0.00006
0.00223
-0.00204
-0.00208
-0.00113
-0.00229
-0.00012
-0.00143
-0.00143
0.00009
0.00125
0.00012
-0.00214
0.00348
0.00238
-0.00330
-0.00381
-0.00104
-0.00244
-0.00269
-0.00021
0.00073
-0.00238
-0.00131
-0.00211
-0.00113
0.00040
-0.00079
-0.00061
0.00085
0.00003
-0.00128
-0.00076
0.00052
-0.00162
-0.00095
-0.00006
-0.00226
-0.00302
-0.00339
-0.00299
-0.00214
-0.00104
-0.00052
-0.00018
-0.00031
-0.00098
-0.00110
0.00058
0.00046
0.00052
0.00095
0.00052
-0.00079
-0.00153
-0.00107
-0.00171
-0.00284
-0.00241
-0.00208
-0.00217
-0.00146
-0.00015
0.00040
0.00000
0.00018
-0.00034
-0.00116
-0.00128
-0.00137
-0.00095
-0.00058
-0.00098
-0.00153
-0.00153
-0.00146
-0.00168
-0.00116
0.00000
-0.00006
-0.00052
-0.00034
0.00024
0.00049
0.00040
0.00073
0.00058
0.00012
-0.00043
-0.00052
-0.00021
-0.00049
-0.00134
-0.00162
-0.00122
-0.00104
-0.00089
-0.00015
0.00021
-0.00006
-0.00018
0.00027
0.00052
0.00021
-0.00009
-0.00009
0.00006
-0.00027
-0.00046
-0.00058
-0.00085
-0.00098
-0.00058
0.00018
0.00043
0.00031
0.00006
0.00058
0.00064
0.00046
0.00043
0.00024
-0.00021
-0.00058
-0.00046
-0.00031
-0.00031
-0.00055
-0.00037
-0.00024
-0.00037
-0.00034
-0.00012
-0.00009
-0.00037
-0.00037
-0.00037
-0.00027
-0.00034
0.00006
0.00018
0.00052
0.00000
0.00000
0.00000
0.00000
0.00000
0.00000
0.00000
0.00000
0.00000
0.00000
0.00000
0.00000
0.00000
0.00000
0.00000
0.00000
0.00000
0.00000
0.00000
0.00000
0.00000
0.00000
0.00000
0.00000
0.00000
0.00000
0.00000
0.00000
0.00000
0.00000
0.00000
0.00000
0.00000
0.00000
0.00000
0.00000
0.00000
0.00000
0.00000
0.00000
0.00000
0.00000
0.00000
0.00000
0.00000
0.00000
0.00000
0.00000
0.00000
0.00000
0.00000
0.00000
0.00000
0.00000
0.00000
0.00000
0.00000
0.00000
0.00000
0.00000
0.00000
0.00000
0.00000
0.00000
0.00000
0.00000
0.00000
0.00000
0.00000
0.00000
0.00000
0.00000
0.00000
0.00000
0.00000
0.00000
0.00000
0.00000
0.00000
0.00000
0.00000
0.00000
0.00000
0.00000
0.00000
0.00000
0.00000
0.00000
0.00000
0.00000
0.00000
0.00000
0.00000
0.00000
0.00000
0.00000
0.00000
0.00000
0.00000
0.00000
0.00000
0.00000
0.00000
0.00000
0.00000
0.00000
0.00000
0.00000
0.00000
0.00000
0.00000
0.00000
0.00000
0.00000
0.00000
0.00000
0.00000
0.00000
0.00000
0.00000
0.00000
0.00000
0.00000
0.00000
0.00000
0.00000
0.00000
0.00000
0.00000
0.00000
0.00000
