0.00015
0.00021
0.00021
0.00021
0.00012
0.00006
0.00003
0.00000
0.00003
0.00012
0.00018
0.00006
0.00021
0.00015
0.00003
0.00009
0.00009
0.00000
0.00006
0.00015
0.00000
0.00006
0.00015
0.00012
0.00012
0.00012
0.00009
0.00003
0.00003
0.00003
0.00009
0.00021
0.00009
0.00006
0.00012
0.00000
-0.00009
0.00006
0.00012
0.00009
0.00012
0.00003
0.00000
0.00000
0.00000
0.00000
0.00006
0.00012
0.00012
0.00003
0.00003
0.00000
0.00015
-0.00009
-0.00015
0.00027
-0.00003
0.00000
0.00015
0.00006
-0.00012
0.00000
0.00009
0.00003
0.00009
0.00012
0.00012
-0.00006
0.00000
0.00003
-0.00009
0.00000
0.00006
-0.00009
-0.00006
0.00006
-0.00003
-0.00006
0.00006
0.00003
0.00000
0.00009
0.00009
-0.00006
-0.00006
0.00003
0.00000
-0.00009
-0.00003
-0.00003
0.00000
0.00000
-0.00006
-0.00003
0.00003
0.00009
0.00003
0.00003
0.00006
-0.00009
-0.00027
-0.00003
-0.00006
-0.00018
0.00000
0.00003
-0.00003
-0.00003
0.00000
-0.00006
0.00000
-0.00003
-0.00009
-0.00006
-0.00012
-0.00021
-0.00012
0.00000
-0.00006
-0.00006
-0.00006
-0.00009
-0.00018
-0.00018
-0.00006
-0.00009
-0.00006
-0.00009
-0.00012
-0.00009
-0.00012
-0.00009
-0.00009
-0.00003
-0.00006
-0.00003
-0.00012
-0.00015
-0.00012
-0.00031
-0.00015
-0.00009
-0.00012
-0.00015
-0.00006
-0.00012
-0.00012
0.00000
-0.00009
-0.00009
-0.00006
-0.00012
-0.00024
-0.00021
-0.00018
-0.00027
-0.00018
-0.00009
-0.00009
-0.00006
-0.00021
-0.00021
-0.00018
-0.00018
-0.00009
-0.00003
-0.00018
-0.00015
-0.00031
-0.00006
-0.00046
0.00031
-0.00113
0.00122
-0.00214
0.00238
-0.00351
0.00421
-0.00595
0.00732
-0.08411
-0.23956
-0.00784
0.01065
0.04074
0.19815
0.15875
-0.01303
-0.03641
-0.00360
-0.06586
0.00806
-0.01273
-0.00195
0.03915
0.01239
-0.05066
-0.00168
0.04654
-0.02417
0.01138
0.04611
-0.03070
-0.01428
0.02609
-0.00116
0.00473
0.01575
-0.02097
-0.01846
0.01526
-0.00580
-0.01572
0.00925
0.00720
-0.01419
0.00613
0.01767
0.00980
0.00543
0.00714
-0.00049
-0.00986
-0.00449
-0.00259
-0.00385
0.00140
0.00095
-0.00668
-0.00305
0.00406
0.00204
-0.00034
0.00958
0.00641
-0.00424
0.00064
0.00372
-0.00333
-0.00443
0.00018
-0.00049
-0.00381
-0.00171
-0.00104
-0.00168
0.00043
-0.00153
-0.00107
0.00143
0.00122
-0.00134
0.00067
0.00400
0.00006
-0.00323
-0.00208
-0.00357
-0.00531
-0.00327
-0.00040
-0.00021
-0.00220
-0.00183
-0.00119
0.00073
0.00055
-0.00009
0.00034
0.00043
-0.00146
-0.00177
-0.00055
-0.00073
-0.00223
-0.00125
-0.00156
-0.00290
-0.00333
-0.00293
-0.00238
-0.00162
-0.00082
-0.00021
0.00000
-0.00067
-0.00128
-0.00040
0.00049
0.00018
0.00064
0.00116
0.00021
-0.00186
-0.00211
-0.00183
-0.00296
-0.00357
-0.00269
-0.00214
-0.00183
-0.00040
0.00095
0.00085
0.00061
0.00021
-0.00092
-0.00165
-0.00211
-0.00223
-0.00153
-0.00098
-0.00137
-0.00165
-0.00156
-0.00174
-0.00159
-0.00052
0.00018
-0.00024
-0.00046
0.00015
0.00085
0.00070
0.00067
0.00079
0.00024
-0.00046
-0.00095
-0.00089
-0.00073
-0.00110
-0.00180
-0.00171
-0.00110
-0.00085
-0.00046
0.00024
0.00043
0.00009
0.00021
0.00064
0.00037
-0.00003
-0.00018
-0.00031
-0.00046
-0.00064
-0.00064
-0.00085
-0.00107
-0.00082
-0.00015
0.00037
0.00076
0.00079
0.00076
0.00107
0.00055
0.00031
0.00037
0.00000
-0.00067
-0.00082
-0.00061
-0.00040
-0.00043
-0.00055
-0.00043
-0.00043
-0.00031
0.00003
0.00052
0.00037
0.00006
-0.00009
0.00012
0.00037
0.00015
0.00015
-0.00012
-0.00037
-0.00040
-0.00018
0.00000
0.00000
0.00000
0.00000
0.00000
0.00000
0.00000
0.00000
0.00000
0.00000
0.00000
0.00000
0.00000
0.00000
0.00000
0.00000
0.00000
0.00000
0.00000
0.00000
0.00000
0.00000
0.00000
0.00000
0.00000
0.00000
0.00000
0.00000
0.00000
0.00000
0.00000
0.00000
0.00000
0.00000
0.00000
0.00000
0.00000
0.00000
0.00000
0.00000
0.00000
0.00000
0.00000
0.00000
0.00000
0.00000
0.00000
0.00000
0.00000
0.00000
0.00000
0.00000
0.00000
0.00000
0.00000
0.00000
0.00000
0.00000
0.00000
0.00000
0.00000
0.00000
0.00000
0.00000
0.00000
0.00000
0.00000
0.00000
0.00000
0.00000
0.00000
0.00000
0.00000
0.00000
0.00000
0.00000
0.00000
0.00000
0.00000
0.00000
0.00000
0.00000
0.00000
0.00000
0.00000
0.00000
0.00000
0.00000
0.00000
0.00000
0.00000
0.00000
0.00000
0.00000
0.00000
0.00000
0.00000
0.00000
0.00000
0.00000
0.00000
0.00000
0.00000
0.00000
0.00000
0.00000
0.00000
0.00000
0.00000
0.00000
0.00000
0.00000
0.00000
0.00000
0.00000
0.00000
0.00000
0.00000
0.00000
0.00000
0.00000
0.00000
0.00000
0.00000
0.00000
0.00000
0.00000
0.00000
