0.00003
0.00003
0.00012
0.00006
0.00003
0.00012
0.00006
0.00012
0.00006
0.00003
0.00003
0.00003
0.00009
0.00000
0.00009
0.00018
0.00012
0.00006
0.00012
0.00006
-0.00003
0.00006
0.00006
0.00009
0.00003
0.00000
0.00009
0.00003
0.00009
0.00012
0.00006
0.00003
0.00000
0.00009
0.00003
0.00000
0.00000
0.00012
0.00006
0.00003
0.00012
0.00003
0.00003
0.00000
0.00003
0.00009
0.00006
0.00000
0.00006
0.00012
0.00003
0.00000
0.00024
-0.00003
0.00000
0.00024
-0.00003
0.00009
0.00009
0.00000
-0.00009
0.00012
0.00006
0.00003
0.00006
0.00009
0.00012
0.00000
0.00009
0.00006
-0.00003
0.00006
0.00018
0.00000
0.00006
0.00021
0.00000
0.00000
0.00006
0.00000
-0.00006
0.00009
0.00012
0.00000
0.00012
0.00018
0.00003
0.00012
0.00012
-0.00009
0.00000
0.00003
0.00000
0.00000
0.00012
0.00006
0.00003
0.00003
0.00015
0.00000
-0.00003
0.00015
0.00003
-0.00006
0.00003
0.00015
0.00000
0.00006
0.00012
0.00003
0.00000
0.00000
-0.00003
0.00000
0.00009
0.00006
0.00009
0.00018
0.00009
0.00000
0.00000
0.00009
-0.00006
-0.00006
0.00012
0.00003
0.00003
0.00012
0.00012
0.00003
0.00000
0.00000
-0.00003
0.00003
0.00006
0.00006
0.00000
0.00009
0.00009
0.00000
0.00006
0.00006
0.00006
0.00003
0.00003
-0.00003
0.00003
0.00006
0.00000
0.00012
0.00006
0.00003
0.00000
0.00000
0.00000
-0.00006
0.00003
0.00000
0.00003
0.00009
0.00006
0.00006
0.00000
0.00000
0.00006
0.00006
0.00003
0.00009
-0.00003
0.00012
-0.00024
0.00049
-0.00101
0.00174
-0.00256
0.00375
-0.00525
0.00751
-0.01047
0.01334
-0.12277
-0.20782
0.03809
-0.01541
0.06479
0.17953
0.13187
-0.04730
-0.03055
0.00003
-0.04288
0.02203
-0.01553
0.01462
0.04105
0.00015
-0.06226
0.01102
0.04111
-0.02853
0.02036
0.03888
-0.03036
-0.00513
0.02084
-0.00601
0.00415
0.00949
-0.02347
-0.00763
0.02188
-0.00568
-0.01172
0.01083
0.00375
-0.01669
0.00601
0.01743
0.00900
0.00311
0.00775
-0.00183
-0.00916
-0.00327
-0.00082
-0.00272
0.00397
0.00061
-0.00781
-0.00168
0.00534
-0.00018
-0.00076
0.01068
0.00354
-0.00562
0.00204
0.00412
-0.00308
-0.00314
0.00177
-0.00003
-0.00296
-0.00095
-0.00137
-0.00116
0.00012
-0.00278
-0.00021
0.00146
0.00076
-0.00134
0.00162
0.00363
-0.00043
-0.00281
-0.00232
-0.00278
-0.00378
-0.00284
0.00092
-0.00027
-0.00235
-0.00143
-0.00085
0.00015
-0.00003
0.00018
0.00061
0.00058
-0.00110
-0.00143
0.00003
-0.00040
-0.00201
-0.00034
-0.00104
-0.00281
-0.00339
-0.00269
-0.00217
-0.00134
-0.00070
-0.00009
0.00006
-0.00052
-0.00107
0.00006
0.00082
0.00031
0.00082
0.00125
0.00015
-0.00150
-0.00159
-0.00143
-0.00250
-0.00293
-0.00217
-0.00211
-0.00168
-0.00027
0.00098
0.00064
0.00037
0.00021
-0.00082
-0.00137
-0.00168
-0.00143
-0.00076
-0.00064
-0.00119
-0.00140
-0.00128
-0.00159
-0.00131
-0.00012
0.00037
-0.00040
-0.00055
0.00034
0.00095
0.00079
0.00095
0.00098
0.00040
-0.00031
-0.00055
-0.00031
-0.00021
-0.00092
-0.00162
-0.00125
-0.00089
-0.00082
-0.00027
0.00046
0.00046
0.00012
0.00040
0.00070
0.00046
0.00009
0.00000
0.00006
-0.00015
-0.00046
-0.00052
-0.00067
-0.00089
-0.00067
0.00012
0.00052
0.00076
0.00070
0.00073
0.00092
0.00052
0.00046
0.00052
0.00024
-0.00046
-0.00055
-0.00034
-0.00027
-0.00046
-0.00049
-0.00021
-0.00021
-0.00024
0.00012
0.00040
0.00024
-0.00018
-0.00012
0.00034
0.00018
0.00000
0.00015
0.00024
-0.00021
0.00000
-0.00015
0.00000
0.00000
0.00000
0.00000
0.00000
0.00000
0.00000
0.00000
0.00000
0.00000
0.00000
0.00000
0.00000
0.00000
0.00000
0.00000
0.00000
0.00000
0.00000
0.00000
0.00000
0.00000
0.00000
0.00000
0.00000
0.00000
0.00000
0.00000
0.00000
0.00000
0.00000
0.00000
0.00000
0.00000
0.00000
0.00000
0.00000
0.00000
0.00000
0.00000
0.00000
0.00000
0.00000
0.00000
0.00000
0.00000
0.00000
0.00000
0.00000
0.00000
0.00000
0.00000
0.00000
0.00000
0.00000
0.00000
0.00000
0.00000
0.00000
0.00000
0.00000
0.00000
0.00000
0.00000
0.00000
0.00000
0.00000
0.00000
0.00000
0.00000
0.00000
0.00000
0.00000
0.00000
0.00000
0.00000
0.00000
0.00000
0.00000
0.00000
0.00000
0.00000
0.00000
0.00000
0.00000
0.00000
0.00000
0.00000
0.00000
0.00000
0.00000
0.00000
0.00000
0.00000
0.00000
0.00000
0.00000
0.00000
0.00000
0.00000
0.00000
0.00000
0.00000
0.00000
0.00000
0.00000
0.00000
0.00000
0.00000
0.00000
0.00000
0.00000
0.00000
0.00000
0.00000
0.00000
0.00000
0.00000
0.00000
0.00000
0.00000
0.00000
0.00000
0.00000
0.00000
0.00000
0.00000
0.00000
