-0.00031
-0.00027
-0.00021
-0.00018
-0.00018
-0.00015
-0.00015
-0.00021
-0.00024
-0.00021
-0.00018
-0.00018
-0.00012
-0.00015
-0.00018
-0.00018
-0.00015
-0.00015
-0.00009
-0.00015
-0.00021
-0.00018
-0.00018
-0.00018
-0.00015
-0.00015
-0.00018
-0.00018
-0.00006
-0.00015
-0.00018
-0.00018
-0.00024
-0.00024
-0.00018
-0.00021
-0.00018
-0.00006
-0.00015
-0.00021
-0.00015
-0.00021
-0.00024
-0.00015
-0.00012
-0.00018
-0.00024
-0.00027
-0.00018
-0.00012
-0.00018
-0.00021
0.00000
-0.00037
-0.00021
-0.00009
-0.00034
-0.00015
-0.00009
-0.00015
-0.00024
-0.00006
-0.00021
-0.00015
-0.00012
-0.00015
-0.00024
-0.00024
-0.00012
-0.00021
-0.00021
-0.00009
-0.00018
-0.00031
-0.00021
-0.00021
-0.00034
-0.00024
-0.00009
-0.00015
-0.00018
0.00000
-0.00009
-0.00027
-0.00018
-0.00012
-0.00015
-0.00006
-0.00012
-0.00018
-0.00012
-0.00015
-0.00018
-0.00015
-0.00006
-0.00015
-0.00024
-0.00015
-0.00006
-0.00021
-0.00012
0.00003
-0.00021
-0.00024
-0.00012
-0.00012
-0.00021
-0.00012
-0.00009
-0.00018
-0.00015
-0.00021
-0.00024
-0.00015
-0.00009
-0.00015
-0.00006
-0.00003
-0.00018
-0.00015
-0.00009
-0.00009
-0.00018
-0.00012
-0.00009
-0.00018
-0.00015
-0.00012
-0.00009
-0.00009
-0.00012
-0.00015
-0.00012
-0.00009
-0.00009
-0.00012
-0.00018
-0.00006
-0.00015
-0.00009
0.00000
-0.00006
-0.00006
-0.00015
-0.00021
-0.00021
-0.00009
-0.00012
-0.00003
0.00006
-0.00006
-0.00009
-0.00012
-0.00012
-0.00018
-0.00021
-0.00009
-0.00018
-0.00003
-0.00003
-0.00012
-0.00003
-0.00012
-0.00021
-0.00018
-0.00009
-0.00009
-0.00009
-0.00006
0.00000
-0.00006
0.00012
-0.00082
0.00122
-0.00247
0.00342
-0.00574
0.00830
-0.01248
0.01260
-0.16675
-0.15436
0.05377
-0.03180
0.09439
0.16504
0.10315
-0.07465
-0.01233
-0.00571
-0.02277
0.02576
-0.01645
0.02487
0.04047
-0.01736
-0.06299
0.02747
0.02814
-0.02768
0.03052
0.02530
-0.02979
0.00589
0.01416
-0.00909
0.00882
0.00449
-0.03024
-0.00043
0.02231
-0.00543
-0.00735
0.01422
-0.00034
-0.01648
0.00998
0.01413
0.00610
0.00281
0.00604
-0.00458
-0.00659
-0.00162
-0.00101
-0.00064
0.00565
-0.00180
-0.00757
0.00000
0.00461
-0.00198
0.00128
0.00974
0.00043
-0.00491
0.00327
0.00385
-0.00281
-0.00217
0.00238
-0.00024
-0.00281
-0.00079
-0.00171
-0.00046
-0.00067
-0.00217
0.00067
0.00064
0.00067
-0.00168
0.00204
0.00342
-0.00098
-0.00345
-0.00217
-0.00183
-0.00348
-0.00180
0.00177
-0.00125
-0.00211
-0.00131
-0.00092
0.00018
-0.00015
-0.00012
0.00049
0.00061
-0.00110
-0.00128
0.00049
-0.00079
-0.00171
0.00027
-0.00128
-0.00272
-0.00323
-0.00259
-0.00211
-0.00110
-0.00055
-0.00012
0.00009
-0.00049
-0.00107
0.00046
0.00070
0.00031
0.00092
0.00104
-0.00003
-0.00134
-0.00101
-0.00113
-0.00235
-0.00247
-0.00201
-0.00208
-0.00146
-0.00006
0.00085
0.00052
0.00052
0.00012
-0.00089
-0.00119
-0.00137
-0.00098
-0.00027
-0.00052
-0.00122
-0.00137
-0.00125
-0.00150
-0.00113
0.00018
0.00027
-0.00046
-0.00034
0.00046
0.00101
0.00089
0.00119
0.00119
0.00061
-0.00006
-0.00037
-0.00012
-0.00003
-0.00079
-0.00137
-0.00101
-0.00076
-0.00079
-0.00018
0.00058
0.00043
0.00015
0.00061
0.00092
0.00064
0.00027
0.00015
0.00027
0.00009
-0.00018
-0.00027
-0.00061
-0.00082
-0.00043
0.00046
0.00082
0.00098
0.00070
0.00089
0.00110
0.00076
0.00064
0.00058
0.00034
-0.00021
-0.00018
0.00000
0.00000
-0.00027
-0.00021
0.00003
-0.00003
0.00000
0.00018
0.00037
0.00021
0.00000
0.00027
0.00034
0.00018
0.00027
0.00064
0.00046
0.00046
0.00003
0.00000
0.00000
0.00000
0.00000
0.00000
0.00000
0.00000
0.00000
0.00000
0.00000
0.00000
0.00000
0.00000
0.00000
0.00000
0.00000
0.00000
0.00000
0.00000
0.00000
0.00000
0.00000
0.00000
0.00000
0.00000
0.00000
0.00000
0.00000
0.00000
0.00000
0.00000
0.00000
0.00000
0.00000
0.00000
0.00000
0.00000
0.00000
0.00000
0.00000
0.00000
0.00000
0.00000
0.00000
0.00000
0.00000
0.00000
0.00000
0.00000
0.00000
0.00000
0.00000
0.00000
0.00000
0.00000
0.00000
0.00000
0.00000
0.00000
0.00000
0.00000
0.00000
0.00000
0.00000
0.00000
0.00000
0.00000
0.00000
0.00000
0.00000
0.00000
0.00000
0.00000
0.00000
0.00000
0.00000
0.00000
0.00000
0.00000
0.00000
0.00000
0.00000
0.00000
0.00000
0.00000
0.00000
0.00000
0.00000
0.00000
0.00000
0.00000
0.00000
0.00000
0.00000
0.00000
0.00000
0.00000
0.00000
0.00000
0.00000
0.00000
0.00000
0.00000
0.00000
0.00000
0.00000
0.00000
0.00000
0.00000
0.00000
0.00000
0.00000
0.00000
0.00000
0.00000
0.00000
0.00000
0.00000
0.00000
0.00000
0.00000
0.00000
0.00000
0.00000
0.00000
0.00000
0.00000
0.00000
0.00000
