-0.00018
-0.00021
-0.00024
-0.00021
-0.00015
-0.00015
-0.00018
-0.00018
-0.00018
-0.00021
-0.00021
-0.00021
-0.00021
-0.00018
-0.00024
-0.00024
-0.00015
-0.00021
-0.00024
-0.00015
-0.00018
-0.00018
-0.00018
-0.00021
-0.00021
-0.00012
-0.00018
-0.00018
-0.00018
-0.00024
-0.00031
-0.00024
-0.00018
-0.00024
-0.00018
-0.00015
-0.00021
-0.00018
-0.00018
-0.00021
-0.00012
-0.00018
-0.00021
-0.00015
-0.00018
-0.00021
-0.00024
-0.00021
-0.00018
-0.00021
-0.00015
-0.00009
-0.00015
-0.00009
-0.00021
-0.00027
-0.00012
-0.00031
-0.00021
-0.00012
-0.00015
-0.00015
-0.00021
-0.00009
-0.00012
-0.00018
-0.00015
-0.00018
-0.00018
-0.00015
-0.00015
-0.00021
-0.00018
-0.00012
-0.00021
-0.00024
-0.00012
-0.00024
-0.00024
-0.00015
-0.00015
-0.00015
-0.00015
-0.00012
-0.00021
-0.00021
-0.00021
-0.00027
-0.00012
-0.00015
-0.00027
-0.00018
-0.00012
-0.00012
-0.00018
-0.00009
-0.00009
-0.00021
-0.00018
-0.00012
-0.00018
-0.00031
-0.00021
-0.00018
-0.00021
-0.00018
-0.00012
-0.00012
-0.00015
-0.00015
-0.00018
-0.00012
-0.00018
-0.00027
-0.00021
-0.00015
-0.00021
-0.00021
-0.00012
-0.00009
-0.00015
-0.00015
-0.00009
-0.00009
-0.00021
-0.00021
-0.00018
-0.00021
-0.00024
-0.00021
-0.00012
-0.00009
-0.00015
-0.00012
-0.00012
-0.00012
-0.00015
-0.00021
-0.00018
-0.00015
-0.00018
-0.00012
-0.00015
-0.00009
-0.00012
-0.00018
-0.00012
-0.00012
-0.00012
-0.00018
-0.00012
-0.00009
-0.00012
-0.00015
-0.00015
-0.00009
-0.00015
-0.00018
-0.00015
-0.00012
-0.00009
-0.00021
-0.00015
-0.00009
-0.00012
-0.00006
-0.00003
-0.00003
-0.00006
-0.00015
-0.00003
-0.00024
0.00015
-0.00058
0.00052
-0.00098
0.00107
-0.00153
0.00162
-0.00220
0.00253
-0.03995
-0.12866
-0.00937
-0.00937
-0.01712
0.06717
0.04083
0.01926
-0.02051
0.00732
0.04517
0.05069
0.02026
-0.02161
0.01685
0.01199
-0.04636
-0.01974
0.01938
0.00470
0.00708
0.00333
-0.00589
0.00079
0.00165
-0.00354
0.00952
0.01846
-0.00760
-0.01227
0.00800
0.00293
-0.00540
-0.00174
0.00049
0.00150
0.00317
0.00690
0.00613
0.00336
0.00323
-0.00098
-0.00253
-0.00095
-0.00162
-0.00119
0.00049
-0.00046
-0.00375
-0.00253
0.00189
0.00134
-0.00006
0.00366
0.00400
-0.00046
0.00064
0.00287
0.00208
-0.00015
-0.00137
0.00058
0.00034
-0.00049
-0.00055
-0.00006
0.00137
-0.00146
-0.00150
-0.00064
-0.00076
-0.00076
-0.00201
0.00104
0.00153
-0.00085
-0.00046
-0.00027
0.00009
-0.00125
-0.00092
0.00021
-0.00220
-0.00211
-0.00183
-0.00089
0.00027
-0.00107
-0.00034
0.00049
0.00031
0.00003
-0.00040
0.00055
-0.00055
-0.00092
-0.00079
-0.00192
-0.00165
-0.00192
-0.00204
-0.00131
-0.00131
-0.00055
-0.00064
-0.00089
-0.00082
-0.00064
0.00052
0.00052
0.00089
0.00162
0.00061
-0.00018
-0.00064
-0.00046
-0.00095
-0.00189
-0.00159
-0.00195
-0.00208
-0.00153
-0.00092
-0.00006
0.00000
0.00000
-0.00006
-0.00024
-0.00034
-0.00061
-0.00009
0.00000
-0.00061
-0.00101
-0.00128
-0.00128
-0.00122
-0.00082
-0.00018
-0.00046
-0.00055
-0.00015
0.00043
0.00085
0.00070
0.00085
0.00082
0.00061
0.00040
0.00021
0.00034
0.00000
-0.00055
-0.00076
-0.00089
-0.00113
-0.00098
-0.00037
0.00000
0.00000
0.00012
0.00040
0.00055
0.00067
0.00064
0.00070
0.00064
0.00024
0.00006
-0.00003
-0.00009
-0.00024
-0.00015
0.00015
0.00037
0.00021
0.00015
0.00052
0.00073
0.00085
0.00101
0.00073
0.00037
0.00027
0.00031
0.00027
0.00003
-0.00012
-0.00018
-0.00031
-0.00049
-0.00052
-0.00049
0.00000
0.00015
0.00055
0.00049
0.00000
0.00000
0.00000
0.00000
0.00000
0.00000
0.00000
0.00000
0.00000
0.00000
0.00000
0.00000
0.00000
0.00000
0.00000
0.00000
0.00000
0.00000
0.00000
0.00000
0.00000
0.00000
0.00000
0.00000
0.00000
0.00000
0.00000
0.00000
0.00000
0.00000
0.00000
0.00000
0.00000
0.00000
0.00000
0.00000
0.00000
0.00000
0.00000
0.00000
0.00000
0.00000
0.00000
0.00000
0.00000
0.00000
0.00000
0.00000
0.00000
0.00000
0.00000
0.00000
0.00000
0.00000
0.00000
0.00000
0.00000
0.00000
0.00000
0.00000
0.00000
0.00000
0.00000
0.00000
0.00000
0.00000
0.00000
0.00000
0.00000
0.00000
0.00000
0.00000
0.00000
0.00000
0.00000
0.00000
0.00000
0.00000
0.00000
0.00000
0.00000
0.00000
0.00000
0.00000
0.00000
0.00000
0.00000
0.00000
0.00000
0.00000
0.00000
0.00000
0.00000
0.00000
0.00000
0.00000
0.00000
0.00000
0.00000
0.00000
0.00000
0.00000
0.00000
0.00000
0.00000
0.00000
0.00000
0.00000
0.00000
0.00000
0.00000
0.00000
0.00000
0.00000
0.00000
0.00000
0.00000
0.00000
0.00000
0.00000
0.00000
0.00000
0.00000
0.00000
0.00000
0.00000
0.00000
0.00000
0.00000
0.00000
0.00000
0.00000
0.00000
0.00000
