-0.00015
-0.00012
-0.00015
-0.00012
-0.00012
-0.00015
-0.00015
-0.00015
-0.00006
-0.00009
-0.00009
-0.00015
-0.00009
-0.00015
-0.00018
-0.00009
-0.00012
-0.00015
-0.00012
-0.00009
-0.00009
-0.00009
-0.00012
-0.00012
-0.00015
-0.00012
-0.00015
-0.00018
-0.00015
-0.00018
-0.00018
-0.00015
-0.00015
-0.00009
-0.00006
-0.00006
-0.00009
-0.00006
-0.00015
-0.00018
-0.00012
-0.00015
-0.00012
-0.00012
-0.00006
-0.00003
-0.00006
-0.00009
-0.00012
-0.00012
-0.00012
-0.00018
-0.00003
-0.00024
-0.00018
0.00000
-0.00024
-0.00009
-0.00003
-0.00009
-0.00021
-0.00012
-0.00009
-0.00018
-0.00015
-0.00015
-0.00009
-0.00012
-0.00009
-0.00009
-0.00012
-0.00006
-0.00012
-0.00021
-0.00012
-0.00009
-0.00024
-0.00018
-0.00009
-0.00015
-0.00018
-0.00006
0.00000
-0.00012
-0.00012
-0.00009
-0.00018
-0.00018
-0.00015
-0.00015
-0.00015
-0.00009
-0.00009
-0.00012
-0.00003
-0.00006
-0.00012
-0.00003
0.00000
-0.00018
-0.00021
0.00000
-0.00006
-0.00015
-0.00009
-0.00009
-0.00021
-0.00024
-0.00015
-0.00012
-0.00009
-0.00009
-0.00006
-0.00003
-0.00009
-0.00012
-0.00012
-0.00003
-0.00009
-0.00018
-0.00012
-0.00006
-0.00015
-0.00012
-0.00003
-0.00009
-0.00009
-0.00009
-0.00006
-0.00009
-0.00012
-0.00009
-0.00012
-0.00009
-0.00012
-0.00012
-0.00018
-0.00009
-0.00012
-0.00015
-0.00009
-0.00015
-0.00009
-0.00015
-0.00009
-0.00009
-0.00006
-0.00003
-0.00012
-0.00003
-0.00006
-0.00012
-0.00012
-0.00006
-0.00003
-0.00015
-0.00006
-0.00009
-0.00012
-0.00009
-0.00021
-0.00015
-0.00015
-0.00012
-0.00006
0.00000
-0.00003
-0.00006
-0.00015
0.00000
-0.00034
0.00037
-0.00095
0.00125
-0.00204
0.00272
-0.00400
0.00516
-0.00732
0.00900
-0.08429
-0.16364
0.03183
-0.02811
0.02713
0.11465
0.08310
-0.02423
-0.04333
0.02377
0.00336
0.04572
0.00424
-0.00381
0.04062
-0.00043
-0.06580
-0.00363
0.03323
-0.00854
0.01196
0.02338
-0.01279
-0.00952
0.00824
-0.00626
0.00748
0.01755
-0.02213
-0.01334
0.01776
0.00107
-0.00714
0.00583
0.00803
-0.00586
0.00430
0.01059
0.00421
0.00043
0.00336
-0.00299
-0.00510
0.00107
0.00119
-0.00067
0.00366
0.00073
-0.00851
-0.00397
0.00296
-0.00095
-0.00104
0.00702
0.00259
-0.00339
0.00342
0.00586
0.00082
-0.00122
0.00000
-0.00043
-0.00226
-0.00168
-0.00208
-0.00052
0.00101
-0.00189
0.00000
0.00098
0.00092
-0.00134
-0.00070
0.00186
-0.00171
-0.00293
-0.00070
-0.00067
-0.00098
-0.00150
0.00043
-0.00018
-0.00211
-0.00162
-0.00195
0.00003
-0.00037
-0.00113
0.00027
0.00024
-0.00034
-0.00049
0.00021
0.00027
-0.00146
-0.00024
-0.00089
-0.00235
-0.00281
-0.00308
-0.00220
-0.00131
-0.00064
0.00009
-0.00031
-0.00064
-0.00134
-0.00040
0.00082
0.00043
0.00107
0.00116
0.00021
-0.00089
-0.00098
-0.00055
-0.00153
-0.00201
-0.00156
-0.00211
-0.00198
-0.00125
-0.00040
-0.00015
-0.00012
0.00009
-0.00031
-0.00037
-0.00067
-0.00089
-0.00024
-0.00031
-0.00092
-0.00128
-0.00137
-0.00137
-0.00146
-0.00052
0.00021
-0.00024
-0.00043
-0.00009
0.00055
0.00073
0.00082
0.00110
0.00076
0.00024
-0.00021
-0.00015
0.00003
-0.00052
-0.00107
-0.00095
-0.00070
-0.00070
-0.00052
0.00006
0.00009
-0.00021
0.00000
0.00040
0.00058
0.00040
0.00024
0.00049
0.00046
0.00006
0.00000
-0.00018
-0.00043
-0.00052
-0.00006
0.00037
0.00055
0.00034
0.00037
0.00082
0.00067
0.00064
0.00070
0.00052
0.00000
-0.00009
0.00003
0.00015
0.00003
-0.00012
-0.00012
-0.00015
-0.00021
-0.00024
-0.00006
-0.00015
-0.00037
-0.00027
0.00018
0.00040
0.00082
0.00089
0.00064
0.00000
0.00000
0.00000
0.00000
0.00000
0.00000
0.00000
0.00000
0.00000
0.00000
0.00000
0.00000
0.00000
0.00000
0.00000
0.00000
0.00000
0.00000
0.00000
0.00000
0.00000
0.00000
0.00000
0.00000
0.00000
0.00000
0.00000
0.00000
0.00000
0.00000
0.00000
0.00000
0.00000
0.00000
0.00000
0.00000
0.00000
0.00000
0.00000
0.00000
0.00000
0.00000
0.00000
0.00000
0.00000
0.00000
0.00000
0.00000
0.00000
0.00000
0.00000
0.00000
0.00000
0.00000
0.00000
0.00000
0.00000
0.00000
0.00000
0.00000
0.00000
0.00000
0.00000
0.00000
0.00000
0.00000
0.00000
0.00000
0.00000
0.00000
0.00000
0.00000
0.00000
0.00000
0.00000
0.00000
0.00000
0.00000
0.00000
0.00000
0.00000
0.00000
0.00000
0.00000
0.00000
0.00000
0.00000
0.00000
0.00000
0.00000
0.00000
0.00000
0.00000
0.00000
0.00000
0.00000
0.00000
0.00000
0.00000
0.00000
0.00000
0.00000
0.00000
0.00000
0.00000
0.00000
0.00000
0.00000
0.00000
0.00000
0.00000
0.00000
0.00000
0.00000
0.00000
0.00000
0.00000
0.00000
0.00000
0.00000
0.00000
0.00000
0.00000
0.00000
0.00000
0.00000
0.00000
0.00000
0.00000
0.00000
0.00000
