-0.00024
-0.00034
-0.00034
-0.00037
-0.00040
-0.00031
-0.00034
-0.00031
-0.00021
-0.00027
-0.00031
-0.00031
-0.00024
-0.00024
-0.00027
-0.00024
-0.00027
-0.00031
-0.00034
-0.00037
-0.00043
-0.00040
-0.00034
-0.00031
-0.00027
-0.00021
-0.00021
-0.00034
-0.00034
-0.00034
-0.00040
-0.00043
-0.00034
-0.00031
-0.00027
-0.00027
-0.00034
-0.00034
-0.00034
-0.00040
-0.00034
-0.00027
-0.00024
-0.00027
-0.00034
-0.00031
-0.00037
-0.00043
-0.00040
-0.00037
-0.00037
-0.00040
-0.00037
-0.00037
-0.00034
-0.00034
-0.00027
-0.00024
-0.00031
-0.00040
-0.00049
-0.00037
-0.00043
-0.00040
-0.00037
-0.00037
-0.00031
-0.00034
-0.00027
-0.00021
-0.00027
-0.00031
-0.00034
-0.00037
-0.00040
-0.00034
-0.00034
-0.00040
-0.00031
-0.00031
-0.00034
-0.00024
-0.00024
-0.00027
-0.00027
-0.00031
-0.00034
-0.00037
-0.00043
-0.00046
-0.00046
-0.00037
-0.00037
-0.00034
-0.00027
-0.00027
-0.00024
-0.00027
-0.00031
-0.00040
-0.00043
-0.00037
-0.00040
-0.00040
-0.00027
-0.00027
-0.00040
-0.00031
-0.00021
-0.00034
-0.00031
-0.00027
-0.00034
-0.00034
-0.00034
-0.00034
-0.00034
-0.00027
-0.00027
-0.00031
-0.00031
-0.00034
-0.00037
-0.00034
-0.00031
-0.00031
-0.00027
-0.00031
-0.00027
-0.00027
-0.00027
-0.00024
-0.00027
-0.00034
-0.00034
-0.00037
-0.00034
-0.00034
-0.00027
-0.00024
-0.00021
-0.00021
-0.00031
-0.00027
-0.00027
-0.00034
-0.00037
-0.00027
-0.00021
-0.00024
-0.00027
-0.00027
-0.00031
-0.00037
-0.00034
-0.00034
-0.00031
-0.00031
-0.00031
-0.00031
-0.00024
-0.00024
-0.00027
-0.00024
-0.00024
-0.00021
-0.00024
-0.00027
-0.00024
-0.00031
-0.00031
-0.00024
-0.00027
-0.00027
-0.00027
-0.00021
-0.00034
-0.00015
-0.00046
0.00000
-0.00055
0.00006
-0.00061
0.00009
-0.00067
-0.00006
-0.01660
-0.07928
-0.03577
-0.00739
-0.04175
-0.00381
0.02875
0.03857
0.02469
0.02805
0.06091
0.03870
0.00797
-0.01477
-0.01266
0.00159
-0.02798
-0.02908
0.00482
0.01178
0.00262
0.00461
0.00729
0.00351
0.00162
0.00232
0.00308
0.00610
0.00269
-0.00870
-0.00079
0.00720
-0.00186
-0.00687
-0.00104
-0.00070
-0.00510
0.00058
0.00635
0.00412
0.00504
0.00534
0.00146
0.00031
0.00043
-0.00131
-0.00168
-0.00143
-0.00372
-0.00476
-0.00128
0.00021
-0.00128
0.00159
0.00476
0.00314
0.00253
0.00378
0.00400
0.00125
-0.00061
0.00104
0.00052
-0.00223
-0.00311
-0.00238
-0.00183
-0.00217
-0.00162
-0.00034
0.00107
0.00128
0.00000
0.00107
0.00204
0.00000
-0.00082
-0.00095
-0.00125
-0.00177
-0.00177
-0.00101
-0.00192
-0.00220
-0.00159
-0.00079
0.00021
-0.00037
-0.00024
0.00046
0.00012
-0.00021
-0.00052
0.00003
-0.00049
-0.00116
-0.00070
-0.00104
-0.00162
-0.00211
-0.00235
-0.00186
-0.00183
-0.00134
-0.00067
-0.00070
-0.00055
-0.00021
0.00046
0.00046
0.00003
0.00034
0.00031
0.00000
-0.00034
-0.00052
-0.00082
-0.00174
-0.00189
-0.00195
-0.00220
-0.00198
-0.00156
-0.00092
-0.00064
-0.00040
0.00003
0.00018
0.00018
-0.00015
-0.00046
-0.00058
-0.00104
-0.00137
-0.00140
-0.00137
-0.00153
-0.00143
-0.00079
-0.00058
-0.00067
-0.00024
0.00015
0.00049
0.00061
0.00082
0.00089
0.00052
0.00018
-0.00003
-0.00012
-0.00049
-0.00104
-0.00128
-0.00131
-0.00122
-0.00107
-0.00067
-0.00018
0.00000
0.00012
0.00052
0.00073
0.00064
0.00043
0.00027
0.00021
0.00000
-0.00027
-0.00049
-0.00055
-0.00049
-0.00052
-0.00034
-0.00006
0.00000
0.00009
0.00055
0.00098
0.00092
0.00073
0.00052
0.00037
-0.00009
-0.00049
-0.00058
-0.00089
-0.00076
-0.00070
0.00000
-0.00031
0.00000
0.00000
0.00000
0.00000
0.00000
0.00000
0.00000
0.00000
0.00000
0.00000
0.00000
0.00000
0.00000
0.00000
0.00000
0.00000
0.00000
0.00000
0.00000
0.00000
0.00000
0.00000
0.00000
0.00000
0.00000
0.00000
0.00000
0.00000
0.00000
0.00000
0.00000
0.00000
0.00000
0.00000
0.00000
0.00000
0.00000
0.00000
0.00000
0.00000
0.00000
0.00000
0.00000
0.00000
0.00000
0.00000
0.00000
0.00000
0.00000
0.00000
0.00000
0.00000
0.00000
0.00000
0.00000
0.00000
0.00000
0.00000
0.00000
0.00000
0.00000
0.00000
0.00000
0.00000
0.00000
0.00000
0.00000
0.00000
0.00000
0.00000
0.00000
0.00000
0.00000
0.00000
0.00000
0.00000
0.00000
0.00000
0.00000
0.00000
0.00000
0.00000
0.00000
0.00000
0.00000
0.00000
0.00000
0.00000
0.00000
0.00000
0.00000
0.00000
0.00000
0.00000
0.00000
0.00000
0.00000
0.00000
0.00000
0.00000
0.00000
0.00000
0.00000
0.00000
0.00000
0.00000
0.00000
0.00000
0.00000
0.00000
0.00000
0.00000
0.00000
0.00000
0.00000
0.00000
0.00000
0.00000
0.00000
0.00000
0.00000
0.00000
0.00000
0.00000
0.00000
0.00000
0.00000
0.00000
0.00000
0.00000
0.00000
0.00000
0.00000
0.00000
0.00000
