0.00000
-0.00006
-0.00006
-0.00006
-0.00006
-0.00003
0.00000
0.00000
0.00000
0.00000
-0.00003
-0.00003
-0.00003
-0.00006
-0.00003
-0.00003
-0.00006
-0.00003
-0.00006
-0.00009
-0.00006
-0.00003
-0.00006
-0.00003
0.00000
0.00000
0.00000
0.00000
0.00000
0.00000
0.00000
-0.00003
-0.00006
-0.00003
-0.00006
-0.00006
-0.00006
-0.00003
-0.00006
-0.00003
-0.00003
-0.00009
-0.00006
-0.00003
-0.00009
-0.00006
-0.00003
-0.00006
-0.00006
-0.00006
-0.00006
-0.00006
-0.00003
0.00000
-0.00006
-0.00006
-0.00012
-0.00012
-0.00006
-0.00006
-0.00006
0.00000
-0.00009
-0.00009
-0.00009
-0.00015
-0.00012
-0.00012
-0.00012
-0.00009
-0.00003
0.00000
-0.00003
-0.00006
-0.00006
-0.00006
-0.00006
-0.00003
-0.00009
-0.00009
-0.00006
-0.00006
-0.00012
-0.00006
-0.00006
-0.00012
-0.00009
-0.00009
-0.00012
-0.00015
-0.00009
-0.00009
-0.00009
-0.00003
-0.00006
-0.00009
-0.00009
-0.00012
-0.00009
-0.00009
-0.00009
-0.00006
-0.00006
-0.00006
-0.00006
-0.00012
-0.00009
-0.00006
-0.00012
-0.00009
-0.00009
-0.00009
-0.00009
-0.00006
0.00000
-0.00006
-0.00009
-0.00003
-0.00006
-0.00006
-0.00009
-0.00009
-0.00006
-0.00006
-0.00009
-0.00012
-0.00006
-0.00009
-0.00012
-0.00006
0.00000
-0.00003
-0.00006
-0.00003
-0.00006
-0.00012
-0.00009
-0.00009
-0.00006
-0.00006
-0.00003
-0.00003
-0.00009
-0.00012
-0.00012
-0.00009
-0.00003
-0.00006
-0.00006
-0.00006
-0.00006
-0.00003
-0.00009
-0.00012
-0.00006
-0.00009
-0.00012
-0.00009
-0.00006
-0.00009
-0.00006
-0.00006
-0.00006
-0.00006
-0.00012
-0.00012
-0.00009
-0.00009
-0.00009
-0.00012
-0.00006
-0.00012
-0.00012
-0.00003
-0.00009
-0.00009
-0.00012
-0.00012
-0.00015
-0.00012
-0.00009
-0.00015
0.00000
-0.00043
0.00024
-0.00092
0.00073
-0.00186
-0.00156
-0.04718
-0.05383
-0.01740
-0.04688
-0.02335
0.01913
0.03687
0.05453
0.04874
0.04718
0.03003
0.00519
-0.01477
-0.02710
-0.00912
-0.01657
-0.02298
0.00345
0.01117
0.00711
0.01010
0.00562
0.00079
0.00345
0.00159
0.00012
0.00333
0.00259
-0.00555
-0.00339
0.00223
-0.00330
-0.00418
-0.00055
0.00085
0.00006
0.00189
0.00549
0.00464
0.00400
0.00418
0.00113
-0.00067
-0.00134
-0.00253
-0.00281
-0.00119
-0.00073
-0.00107
0.00079
0.00208
-0.00018
0.00098
0.00360
0.00223
0.00262
0.00397
0.00299
0.00150
0.00034
-0.00150
-0.00183
-0.00098
-0.00198
-0.00180
-0.00043
-0.00027
-0.00040
0.00073
0.00067
0.00012
0.00006
0.00012
0.00092
0.00024
-0.00061
-0.00046
-0.00064
-0.00092
-0.00159
-0.00125
-0.00134
-0.00140
-0.00082
-0.00098
-0.00027
0.00006
-0.00049
0.00003
0.00015
0.00015
-0.00012
-0.00034
-0.00034
-0.00079
-0.00058
-0.00101
-0.00156
-0.00165
-0.00198
-0.00174
-0.00159
-0.00143
-0.00092
-0.00073
-0.00034
-0.00034
-0.00009
0.00024
0.00018
0.00040
0.00040
0.00015
-0.00006
-0.00046
-0.00073
-0.00137
-0.00186
-0.00211
-0.00253
-0.00238
-0.00195
-0.00134
-0.00055
0.00006
0.00040
0.00055
0.00040
-0.00015
-0.00079
-0.00092
-0.00122
-0.00156
-0.00150
-0.00137
-0.00122
-0.00101
-0.00073
-0.00064
-0.00067
-0.00049
-0.00027
0.00000
0.00034
0.00055
0.00076
0.00058
0.00031
-0.00003
-0.00034
-0.00067
-0.00113
-0.00122
-0.00104
-0.00095
-0.00098
-0.00085
-0.00040
-0.00018
0.00000
0.00027
0.00043
0.00037
0.00015
0.00003
0.00015
0.00000
-0.00040
-0.00058
-0.00061
-0.00064
-0.00058
-0.00031
-0.00003
0.00006
0.00012
0.00040
0.00067
0.00067
0.00055
0.00043
0.00000
-0.00037
-0.00076
-0.00061
-0.00067
-0.00027
-0.00043
0.00000
0.00000
0.00000
0.00000
0.00000
0.00000
0.00000
0.00000
0.00000
0.00000
0.00000
0.00000
0.00000
0.00000
0.00000
0.00000
0.00000
0.00000
0.00000
0.00000
0.00000
0.00000
0.00000
0.00000
0.00000
0.00000
0.00000
0.00000
0.00000
0.00000
0.00000
0.00000
0.00000
0.00000
0.00000
0.00000
0.00000
0.00000
0.00000
0.00000
0.00000
0.00000
0.00000
0.00000
0.00000
0.00000
0.00000
0.00000
0.00000
0.00000
0.00000
0.00000
0.00000
0.00000
0.00000
0.00000
0.00000
0.00000
0.00000
0.00000
0.00000
0.00000
0.00000
0.00000
0.00000
0.00000
0.00000
0.00000
0.00000
0.00000
0.00000
0.00000
0.00000
0.00000
0.00000
0.00000
0.00000
0.00000
0.00000
0.00000
0.00000
0.00000
0.00000
0.00000
0.00000
0.00000
0.00000
0.00000
0.00000
0.00000
0.00000
0.00000
0.00000
0.00000
0.00000
0.00000
0.00000
0.00000
0.00000
0.00000
0.00000
0.00000
0.00000
0.00000
0.00000
0.00000
0.00000
0.00000
0.00000
0.00000
0.00000
0.00000
0.00000
0.00000
0.00000
0.00000
0.00000
0.00000
0.00000
0.00000
0.00000
0.00000
0.00000
0.00000
0.00000
0.00000
0.00000
0.00000
0.00000
0.00000
0.00000
0.00000
0.00000
0.00000
0.00000
