-0.00012
-0.00012
-0.00012
-0.00012
-0.00012
-0.00015
-0.00012
-0.00009
-0.00009
-0.00009
-0.00009
-0.00012
-0.00012
-0.00012
-0.00012
-0.00015
-0.00012
-0.00009
-0.00015
-0.00009
-0.00003
-0.00009
-0.00009
-0.00009
-0.00009
-0.00009
-0.00006
-0.00003
-0.00003
-0.00003
-0.00006
-0.00006
-0.00009
-0.00006
-0.00009
-0.00009
-0.00009
-0.00012
-0.00006
-0.00003
0.00000
-0.00003
0.00000
0.00000
-0.00006
-0.00006
0.00000
-0.00003
-0.00003
-0.00003
-0.00003
-0.00003
-0.00006
-0.00009
0.00000
0.00000
0.00000
0.00003
-0.00009
0.00000
0.00000
-0.00006
0.00003
0.00000
-0.00003
-0.00003
0.00000
0.00003
0.00000
0.00000
0.00003
0.00000
0.00000
0.00000
0.00000
0.00000
0.00003
0.00003
0.00000
0.00000
0.00000
0.00000
0.00000
0.00003
0.00006
0.00003
0.00003
0.00006
0.00000
0.00003
0.00006
0.00003
0.00006
0.00003
0.00003
0.00006
0.00003
0.00003
0.00009
0.00009
0.00006
0.00000
0.00006
0.00009
0.00000
0.00000
0.00009
0.00006
0.00003
0.00006
0.00009
0.00003
0.00003
0.00006
0.00009
0.00009
0.00009
0.00006
0.00009
0.00009
0.00006
0.00006
0.00009
0.00012
0.00006
0.00006
0.00012
0.00006
0.00006
0.00009
0.00009
0.00009
0.00009
0.00012
0.00012
0.00009
0.00012
0.00012
0.00009
0.00012
0.00012
0.00009
0.00009
0.00009
0.00009
0.00009
0.00012
0.00015
0.00009
0.00009
0.00012
0.00015
0.00015
0.00012
0.00012
0.00015
0.00012
0.00009
0.00015
0.00018
0.00015
0.00015
0.00012
0.00015
0.00012
0.00009
0.00015
0.00018
0.00018
0.00015
0.00015
0.00018
0.00012
0.00012
0.00018
0.00021
0.00018
0.00009
0.00040
-0.00034
0.00089
-0.00107
0.00204
-0.00269
-0.00122
-0.07550
-0.07010
0.00494
-0.03128
-0.00116
0.02823
0.03384
0.02219
0.00122
0.04428
0.05902
0.02823
-0.00772
-0.01297
0.01367
-0.01501
-0.03842
-0.00436
0.01138
0.00461
0.00235
0.00162
0.00589
0.00436
0.00009
0.00403
0.01007
0.00623
-0.00937
-0.00461
0.00604
0.00241
-0.00208
-0.00107
0.00220
-0.00153
-0.00150
0.00372
0.00452
0.00275
0.00388
0.00232
0.00101
0.00000
-0.00027
-0.00012
-0.00012
-0.00153
-0.00287
-0.00101
0.00089
-0.00079
-0.00021
0.00336
0.00269
-0.00006
0.00217
0.00519
0.00345
0.00079
0.00146
0.00137
-0.00018
-0.00085
-0.00159
-0.00104
-0.00128
-0.00296
-0.00177
-0.00003
0.00055
0.00012
0.00122
0.00296
0.00092
-0.00055
0.00000
0.00012
-0.00055
-0.00241
-0.00110
-0.00067
-0.00189
-0.00186
-0.00140
-0.00003
0.00006
-0.00021
0.00070
0.00055
0.00037
-0.00003
0.00015
0.00027
-0.00089
-0.00076
-0.00079
-0.00131
-0.00146
-0.00195
-0.00150
-0.00153
-0.00153
-0.00085
-0.00076
-0.00046
-0.00021
0.00046
0.00095
0.00073
0.00104
0.00082
0.00000
-0.00046
-0.00043
-0.00037
-0.00119
-0.00165
-0.00156
-0.00192
-0.00186
-0.00137
-0.00067
-0.00034
-0.00046
-0.00009
0.00021
0.00024
0.00009
-0.00015
-0.00021
-0.00061
-0.00110
-0.00113
-0.00107
-0.00110
-0.00122
-0.00085
-0.00043
-0.00046
-0.00037
0.00000
0.00055
0.00076
0.00079
0.00104
0.00107
0.00076
0.00034
0.00009
-0.00009
-0.00070
-0.00107
-0.00110
-0.00101
-0.00104
-0.00085
-0.00027
0.00009
0.00021
0.00040
0.00055
0.00064
0.00061
0.00058
0.00064
0.00031
-0.00006
-0.00012
-0.00009
-0.00027
-0.00055
-0.00052
-0.00009
0.00018
0.00021
0.00037
0.00055
0.00073
0.00085
0.00092
0.00082
0.00040
0.00003
-0.00018
-0.00037
-0.00070
-0.00095
-0.00073
-0.00040
0.00006
0.00006
0.00000
0.00000
0.00000
0.00000
0.00000
0.00000
0.00000
0.00000
0.00000
0.00000
0.00000
0.00000
0.00000
0.00000
0.00000
0.00000
0.00000
0.00000
0.00000
0.00000
0.00000
0.00000
0.00000
0.00000
0.00000
0.00000
0.00000
0.00000
0.00000
0.00000
0.00000
0.00000
0.00000
0.00000
0.00000
0.00000
0.00000
0.00000
0.00000
0.00000
0.00000
0.00000
0.00000
0.00000
0.00000
0.00000
0.00000
0.00000
0.00000
0.00000
0.00000
0.00000
0.00000
0.00000
0.00000
0.00000
0.00000
0.00000
0.00000
0.00000
0.00000
0.00000
0.00000
0.00000
0.00000
0.00000
0.00000
0.00000
0.00000
0.00000
0.00000
0.00000
0.00000
0.00000
0.00000
0.00000
0.00000
0.00000
0.00000
0.00000
0.00000
0.00000
0.00000
0.00000
0.00000
0.00000
0.00000
0.00000
0.00000
0.00000
0.00000
0.00000
0.00000
0.00000
0.00000
0.00000
0.00000
0.00000
0.00000
0.00000
0.00000
0.00000
0.00000
0.00000
0.00000
0.00000
0.00000
0.00000
0.00000
0.00000
0.00000
0.00000
0.00000
0.00000
0.00000
0.00000
0.00000
0.00000
0.00000
0.00000
0.00000
0.00000
0.00000
0.00000
0.00000
0.00000
0.00000
0.00000
0.00000
0.00000
0.00000
0.00000
0.00000
0.00000
0.00000
