-0.00040
-0.00037
-0.00037
-0.00037
-0.00034
-0.00037
-0.00037
-0.00037
-0.00040
-0.00034
-0.00034
-0.00031
-0.00027
-0.00037
-0.00040
-0.00037
-0.00040
-0.00037
-0.00040
-0.00040
-0.00040
-0.00040
-0.00040
-0.00037
-0.00034
-0.00034
-0.00034
-0.00034
-0.00037
-0.00040
-0.00040
-0.00037
-0.00037
-0.00037
-0.00040
-0.00040
-0.00040
-0.00034
-0.00034
-0.00037
-0.00037
-0.00040
-0.00037
-0.00040
-0.00037
-0.00031
-0.00034
-0.00027
-0.00034
-0.00034
-0.00031
-0.00037
-0.00037
-0.00037
-0.00031
-0.00027
-0.00031
-0.00024
-0.00027
-0.00043
-0.00034
-0.00031
-0.00040
-0.00031
-0.00031
-0.00027
-0.00034
-0.00031
-0.00024
-0.00031
-0.00031
-0.00027
-0.00027
-0.00027
-0.00031
-0.00034
-0.00031
-0.00027
-0.00027
-0.00031
-0.00021
-0.00024
-0.00031
-0.00031
-0.00027
-0.00027
-0.00034
-0.00027
-0.00024
-0.00034
-0.00027
-0.00021
-0.00024
-0.00021
-0.00021
-0.00021
-0.00027
-0.00024
-0.00024
-0.00031
-0.00024
-0.00021
-0.00024
-0.00018
-0.00018
-0.00027
-0.00031
-0.00021
-0.00021
-0.00027
-0.00024
-0.00018
-0.00024
-0.00024
-0.00021
-0.00021
-0.00018
-0.00018
-0.00018
-0.00018
-0.00021
-0.00021
-0.00021
-0.00021
-0.00021
-0.00018
-0.00021
-0.00018
-0.00018
-0.00015
-0.00015
-0.00015
-0.00015
-0.00015
-0.00015
-0.00015
-0.00015
-0.00012
-0.00012
-0.00015
-0.00012
-0.00015
-0.00021
-0.00012
-0.00012
-0.00018
-0.00021
-0.00015
-0.00009
-0.00018
-0.00015
-0.00006
-0.00006
-0.00009
-0.00009
-0.00006
-0.00009
-0.00015
-0.00015
-0.00012
-0.00012
-0.00015
-0.00012
-0.00012
-0.00009
-0.00012
-0.00015
-0.00009
-0.00012
-0.00015
-0.00006
0.00000
-0.00003
-0.00009
-0.00003
-0.00009
-0.00009
-0.00012
-0.00012
-0.00003
-0.00040
0.00040
-0.00098
0.00131
-0.00220
-0.00339
-0.07202
-0.06201
0.00110
-0.03351
-0.01071
0.02417
0.03613
0.02625
0.01044
0.05121
0.05554
0.01978
-0.00775
-0.01517
0.00836
-0.01776
-0.03683
-0.00351
0.01053
0.00592
0.00195
0.00449
0.00665
0.00259
0.00076
0.00357
0.00772
0.00510
-0.00775
-0.00455
0.00638
0.00327
-0.00406
-0.00275
0.00107
-0.00302
-0.00278
0.00424
0.00497
0.00372
0.00500
0.00296
0.00079
0.00009
-0.00006
-0.00107
-0.00064
-0.00159
-0.00375
-0.00247
0.00040
-0.00067
-0.00043
0.00360
0.00299
0.00110
0.00403
0.00513
0.00296
0.00073
0.00058
0.00095
-0.00037
-0.00153
-0.00266
-0.00140
-0.00174
-0.00293
-0.00076
0.00055
0.00119
0.00055
0.00110
0.00247
0.00064
-0.00021
0.00000
-0.00061
-0.00140
-0.00220
-0.00064
-0.00089
-0.00217
-0.00171
-0.00113
0.00015
0.00021
-0.00018
0.00070
0.00049
0.00024
-0.00009
0.00009
0.00012
-0.00089
-0.00061
-0.00067
-0.00116
-0.00140
-0.00201
-0.00171
-0.00168
-0.00140
-0.00061
-0.00055
-0.00018
-0.00012
0.00037
0.00095
0.00058
0.00076
0.00049
0.00006
-0.00003
-0.00018
-0.00021
-0.00113
-0.00159
-0.00162
-0.00204
-0.00180
-0.00137
-0.00082
-0.00046
-0.00018
0.00024
0.00040
0.00043
0.00012
-0.00012
-0.00018
-0.00058
-0.00098
-0.00107
-0.00104
-0.00107
-0.00122
-0.00079
-0.00040
-0.00037
-0.00018
0.00021
0.00073
0.00079
0.00089
0.00122
0.00110
0.00067
0.00024
0.00009
-0.00003
-0.00058
-0.00101
-0.00104
-0.00098
-0.00101
-0.00070
0.00000
0.00031
0.00021
0.00040
0.00082
0.00098
0.00079
0.00067
0.00052
0.00027
0.00012
0.00003
-0.00015
-0.00040
-0.00046
-0.00021
0.00012
0.00024
0.00024
0.00043
0.00082
0.00110
0.00122
0.00110
0.00073
0.00043
0.00000
-0.00027
-0.00040
-0.00079
-0.00061
-0.00046
0.00015
-0.00009
0.00000
0.00000
0.00000
0.00000
0.00000
0.00000
0.00000
0.00000
0.00000
0.00000
0.00000
0.00000
0.00000
0.00000
0.00000
0.00000
0.00000
0.00000
0.00000
0.00000
0.00000
0.00000
0.00000
0.00000
0.00000
0.00000
0.00000
0.00000
0.00000
0.00000
0.00000
0.00000
0.00000
0.00000
0.00000
0.00000
0.00000
0.00000
0.00000
0.00000
0.00000
0.00000
0.00000
0.00000
0.00000
0.00000
0.00000
0.00000
0.00000
0.00000
0.00000
0.00000
0.00000
0.00000
0.00000
0.00000
0.00000
0.00000
0.00000
0.00000
0.00000
0.00000
0.00000
0.00000
0.00000
0.00000
0.00000
0.00000
0.00000
0.00000
0.00000
0.00000
0.00000
0.00000
0.00000
0.00000
0.00000
0.00000
0.00000
0.00000
0.00000
0.00000
0.00000
0.00000
0.00000
0.00000
0.00000
0.00000
0.00000
0.00000
0.00000
0.00000
0.00000
0.00000
0.00000
0.00000
0.00000
0.00000
0.00000
0.00000
0.00000
0.00000
0.00000
0.00000
0.00000
0.00000
0.00000
0.00000
0.00000
0.00000
0.00000
0.00000
0.00000
0.00000
0.00000
0.00000
0.00000
0.00000
0.00000
0.00000
0.00000
0.00000
0.00000
0.00000
0.00000
0.00000
0.00000
0.00000
0.00000
0.00000
0.00000
0.00000
0.00000
0.00000
0.00000
