-0.00021
-0.00024
-0.00027
-0.00024
-0.00021
-0.00018
-0.00018
-0.00021
-0.00024
-0.00027
-0.00024
-0.00021
-0.00018
-0.00015
-0.00018
-0.00021
-0.00021
-0.00024
-0.00024
-0.00024
-0.00021
-0.00021
-0.00021
-0.00024
-0.00018
-0.00015
-0.00015
-0.00021
-0.00027
-0.00031
-0.00034
-0.00031
-0.00031
-0.00021
-0.00018
-0.00024
-0.00024
-0.00018
-0.00024
-0.00034
-0.00021
-0.00024
-0.00024
-0.00024
-0.00024
-0.00027
-0.00027
-0.00031
-0.00027
-0.00027
-0.00027
-0.00027
-0.00024
-0.00024
-0.00024
-0.00024
-0.00024
-0.00024
-0.00027
-0.00024
-0.00024
-0.00027
-0.00031
-0.00027
-0.00031
-0.00031
-0.00027
-0.00024
-0.00024
-0.00021
-0.00021
-0.00024
-0.00027
-0.00027
-0.00027
-0.00027
-0.00031
-0.00031
-0.00027
-0.00027
-0.00027
-0.00024
-0.00021
-0.00024
-0.00021
-0.00021
-0.00024
-0.00021
-0.00024
-0.00027
-0.00024
-0.00027
-0.00027
-0.00027
-0.00027
-0.00024
-0.00021
-0.00021
-0.00021
-0.00021
-0.00021
-0.00021
-0.00024
-0.00021
-0.00021
-0.00027
-0.00031
-0.00027
-0.00021
-0.00027
-0.00024
-0.00012
-0.00012
-0.00021
-0.00021
-0.00018
-0.00024
-0.00031
-0.00031
-0.00031
-0.00031
-0.00031
-0.00021
-0.00018
-0.00018
-0.00018
-0.00021
-0.00015
-0.00018
-0.00021
-0.00021
-0.00024
-0.00027
-0.00034
-0.00027
-0.00021
-0.00027
-0.00021
-0.00021
-0.00021
-0.00024
-0.00021
-0.00018
-0.00021
-0.00021
-0.00018
-0.00018
-0.00018
-0.00018
-0.00021
-0.00021
-0.00027
-0.00027
-0.00024
-0.00024
-0.00024
-0.00021
-0.00015
-0.00018
-0.00018
-0.00021
-0.00027
-0.00031
-0.00024
-0.00021
-0.00021
-0.00018
-0.00015
-0.00015
-0.00018
-0.00018
-0.00018
-0.00024
-0.00027
-0.00024
-0.00024
-0.00021
-0.00024
-0.00024
-0.00018
-0.00018
-0.00031
-0.00024
-0.00031
-0.00024
-0.00024
-0.00024
-0.00024
-0.00018
-0.00027
-0.00018
-0.00046
-0.00009
-0.00037
0.00021
-0.00049
-0.00012
-0.01080
-0.04199
-0.02887
-0.01715
-0.01843
0.00061
0.03058
0.03989
0.03491
0.01843
0.00500
0.00195
-0.00827
-0.01437
-0.01431
-0.00262
-0.00519
-0.00436
0.00485
0.00235
-0.00009
0.00153
-0.00067
0.00156
0.00436
0.00018
-0.00372
-0.00220
-0.00107
0.00034
0.00565
0.00827
0.00400
0.00204
0.00235
-0.00034
-0.00122
0.00003
0.00241
0.00272
0.00299
0.00232
0.00043
-0.00009
-0.00052
-0.00116
-0.00055
0.00000
-0.00052
0.00021
0.00140
0.00186
0.00134
0.00162
0.00186
0.00119
0.00082
0.00073
0.00067
0.00040
-0.00018
0.00034
0.00055
0.00012
-0.00043
-0.00055
-0.00018
-0.00034
-0.00034
-0.00009
0.00024
0.00031
0.00027
0.00055
0.00082
0.00040
-0.00003
-0.00018
-0.00040
-0.00073
-0.00089
-0.00061
-0.00070
-0.00079
-0.00052
-0.00037
-0.00040
-0.00049
-0.00046
-0.00027
-0.00034
-0.00043
-0.00040
-0.00015
-0.00034
-0.00046
-0.00055
-0.00070
-0.00104
-0.00116
-0.00122
-0.00128
-0.00125
-0.00101
-0.00067
-0.00058
-0.00070
-0.00058
-0.00012
0.00003
0.00000
0.00000
0.00009
-0.00006
-0.00043
-0.00073
-0.00110
-0.00162
-0.00174
-0.00153
-0.00140
-0.00128
-0.00104
-0.00058
-0.00018
0.00003
0.00006
-0.00003
-0.00021
-0.00049
-0.00073
-0.00089
-0.00098
-0.00104
-0.00107
-0.00098
-0.00082
-0.00073
-0.00061
-0.00052
-0.00034
-0.00024
-0.00018
0.00000
0.00003
0.00006
0.00018
0.00015
-0.00018
-0.00040
-0.00037
-0.00049
-0.00076
-0.00104
-0.00095
-0.00067
-0.00058
-0.00049
-0.00015
0.00012
0.00018
0.00012
0.00021
0.00021
0.00009
0.00000
0.00003
0.00000
-0.00015
-0.00021
-0.00012
-0.00006
-0.00021
-0.00031
-0.00015
0.00000
0.00024
0.00034
0.00018
0.00003
0.00006
0.00000
-0.00009
-0.00027
-0.00021
0.00000
0.00000
0.00000
0.00000
0.00000
0.00000
0.00000
0.00000
0.00000
0.00000
0.00000
0.00000
0.00000
0.00000
0.00000
0.00000
0.00000
0.00000
0.00000
0.00000
0.00000
0.00000
0.00000
0.00000
0.00000
0.00000
0.00000
0.00000
0.00000
0.00000
0.00000
0.00000
0.00000
0.00000
0.00000
0.00000
0.00000
0.00000
0.00000
0.00000
0.00000
0.00000
0.00000
0.00000
0.00000
0.00000
0.00000
0.00000
0.00000
0.00000
0.00000
0.00000
0.00000
0.00000
0.00000
0.00000
0.00000
0.00000
0.00000
0.00000
0.00000
0.00000
0.00000
0.00000
0.00000
0.00000
0.00000
0.00000
0.00000
0.00000
0.00000
0.00000
0.00000
0.00000
0.00000
0.00000
0.00000
0.00000
0.00000
0.00000
0.00000
0.00000
0.00000
0.00000
0.00000
0.00000
0.00000
0.00000
0.00000
0.00000
0.00000
0.00000
0.00000
0.00000
0.00000
0.00000
0.00000
0.00000
0.00000
0.00000
0.00000
0.00000
0.00000
0.00000
0.00000
0.00000
0.00000
0.00000
0.00000
0.00000
0.00000
0.00000
0.00000
0.00000
0.00000
0.00000
0.00000
0.00000
0.00000
0.00000
0.00000
0.00000
0.00000
0.00000
0.00000
0.00000
0.00000
0.00000
0.00000
0.00000
