-0.00034
-0.00031
-0.00034
-0.00034
-0.00027
-0.00024
-0.00027
-0.00031
-0.00031
-0.00031
-0.00034
-0.00034
-0.00031
-0.00031
-0.00031
-0.00031
-0.00027
-0.00027
-0.00024
-0.00024
-0.00024
-0.00034
-0.00034
-0.00034
-0.00034
-0.00027
-0.00024
-0.00018
-0.00024
-0.00031
-0.00027
-0.00024
-0.00024
-0.00018
-0.00021
-0.00027
-0.00027
-0.00027
-0.00027
-0.00031
-0.00021
-0.00018
-0.00021
-0.00021
-0.00024
-0.00024
-0.00024
-0.00027
-0.00027
-0.00027
-0.00027
-0.00021
-0.00021
-0.00021
-0.00018
-0.00021
-0.00027
-0.00024
-0.00021
-0.00024
-0.00018
-0.00024
-0.00027
-0.00021
-0.00024
-0.00021
-0.00018
-0.00021
-0.00027
-0.00024
-0.00021
-0.00024
-0.00021
-0.00018
-0.00021
-0.00021
-0.00024
-0.00027
-0.00024
-0.00027
-0.00027
-0.00018
-0.00015
-0.00021
-0.00018
-0.00018
-0.00027
-0.00027
-0.00024
-0.00027
-0.00024
-0.00021
-0.00021
-0.00024
-0.00021
-0.00018
-0.00018
-0.00018
-0.00018
-0.00018
-0.00021
-0.00021
-0.00021
-0.00024
-0.00021
-0.00021
-0.00018
-0.00015
-0.00018
-0.00021
-0.00021
-0.00015
-0.00021
-0.00024
-0.00018
-0.00021
-0.00021
-0.00018
-0.00018
-0.00021
-0.00018
-0.00021
-0.00024
-0.00015
-0.00012
-0.00012
-0.00015
-0.00015
-0.00012
-0.00018
-0.00021
-0.00018
-0.00018
-0.00018
-0.00015
-0.00012
-0.00012
-0.00018
-0.00021
-0.00018
-0.00018
-0.00012
-0.00009
-0.00012
-0.00012
-0.00012
-0.00015
-0.00012
-0.00012
-0.00015
-0.00015
-0.00012
-0.00012
-0.00015
-0.00012
-0.00009
-0.00009
-0.00009
-0.00015
-0.00015
-0.00009
-0.00009
-0.00009
-0.00003
-0.00006
-0.00012
-0.00018
-0.00018
-0.00015
-0.00009
-0.00003
-0.00006
-0.00009
-0.00009
-0.00006
-0.00003
0.00000
-0.00006
-0.00018
0.00003
-0.00021
-0.00021
-0.00012
-0.00012
-0.00006
-0.00012
-0.00003
-0.00003
-0.00003
0.00000
-0.00003
-0.00003
-0.00003
-0.00015
-0.00015
0.00000
-0.00012
-0.00015
-0.00015
-0.00021
-0.00024
0.00018
0.00018
0.00000
-0.00317
-0.01199
-0.01212
-0.00900
-0.00818
-0.00635
-0.00836
-0.01047
-0.00446
-0.00620
-0.00180
0.01331
0.01962
0.01437
0.00430
0.00214
0.00302
0.00394
0.00153
-0.00031
0.00259
0.00311
-0.00058
0.00012
0.00217
0.00131
0.00150
0.00238
0.00156
0.00113
0.00061
0.00089
0.00290
0.00311
0.00125
0.00003
0.00040
0.00015
0.00052
0.00140
0.00137
0.00082
0.00085
0.00183
0.00204
0.00146
0.00150
0.00101
0.00085
0.00058
-0.00003
0.00000
0.00015
0.00006
-0.00021
0.00064
0.00095
0.00058
0.00110
0.00174
0.00220
0.00165
0.00110
0.00089
0.00043
-0.00006
-0.00009
0.00052
0.00009
-0.00018
0.00003
0.00000
-0.00009
-0.00040
-0.00003
0.00040
0.00034
-0.00003
-0.00009
0.00021
0.00006
-0.00027
-0.00015
-0.00027
-0.00079
-0.00089
-0.00043
-0.00027
-0.00067
-0.00085
-0.00061
-0.00006
0.00000
0.00009
0.00024
0.00024
-0.00006
-0.00055
-0.00092
-0.00104
-0.00089
-0.00055
-0.00049
-0.00061
-0.00076
-0.00095
-0.00101
-0.00061
-0.00024
-0.00018
-0.00015
-0.00021
-0.00018
-0.00015
-0.00009
0.00006
0.00006
-0.00018
-0.00040
-0.00040
-0.00052
-0.00089
-0.00095
-0.00076
-0.00061
-0.00070
-0.00073
-0.00043
-0.00021
-0.00027
-0.00018
0.00006
-0.00009
-0.00058
-0.00061
-0.00049
-0.00049
-0.00043
-0.00024
-0.00027
-0.00055
-0.00064
-0.00043
-0.00024
-0.00027
-0.00012
0.00003
0.00015
0.00015
0.00034
0.00055
0.00043
0.00021
0.00003
0.00000
-0.00012
-0.00021
-0.00018
-0.00009
0.00000
-0.00006
-0.00015
-0.00003
0.00021
0.00027
0.00012
0.00006
0.00015
0.00031
0.00034
0.00037
0.00049
0.00034
0.00015
0.00000
0.00006
0.00027
0.00037
0.00037
0.00034
0.00024
0.00018
0.00009
0.00009
0.00027
0.00064
0.00000
0.00000
0.00000
0.00000
0.00000
0.00000
0.00000
0.00000
0.00000
0.00000
0.00000
0.00000
0.00000
0.00000
0.00000
0.00000
0.00000
0.00000
0.00000
0.00000
0.00000
0.00000
0.00000
0.00000
0.00000
0.00000
0.00000
0.00000
0.00000
0.00000
0.00000
0.00000
0.00000
0.00000
0.00000
0.00000
0.00000
0.00000
0.00000
0.00000
0.00000
0.00000
0.00000
0.00000
0.00000
0.00000
0.00000
0.00000
0.00000
0.00000
0.00000
0.00000
0.00000
0.00000
0.00000
0.00000
0.00000
0.00000
0.00000
0.00000
0.00000
0.00000
0.00000
0.00000
0.00000
0.00000
0.00000
0.00000
0.00000
0.00000
0.00000
0.00000
0.00000
0.00000
0.00000
0.00000
0.00000
0.00000
0.00000
0.00000
0.00000
0.00000
0.00000
0.00000
0.00000
0.00000
0.00000
0.00000
0.00000
0.00000
0.00000
0.00000
0.00000
0.00000
0.00000
0.00000
0.00000
0.00000
0.00000
0.00000
0.00000
0.00000
0.00000
0.00000
0.00000
0.00000
0.00000
0.00000
0.00000
0.00000
0.00000
0.00000
0.00000
0.00000
0.00000
0.00000
0.00000
0.00000
0.00000
0.00000
0.00000
0.00000
