-0.00024
-0.00018
-0.00024
-0.00024
-0.00021
-0.00024
-0.00027
-0.00021
-0.00024
-0.00027
-0.00024
-0.00021
-0.00021
-0.00018
-0.00018
-0.00021
-0.00021
-0.00021
-0.00024
-0.00021
-0.00018
-0.00018
-0.00018
-0.00018
-0.00021
-0.00018
-0.00018
-0.00018
-0.00015
-0.00021
-0.00018
-0.00015
-0.00021
-0.00018
-0.00018
-0.00018
-0.00018
-0.00015
-0.00012
-0.00018
-0.00015
-0.00018
-0.00015
-0.00009
-0.00009
-0.00015
-0.00018
-0.00012
-0.00018
-0.00015
-0.00012
-0.00006
-0.00006
-0.00009
-0.00009
-0.00015
-0.00012
-0.00009
-0.00009
-0.00009
-0.00006
-0.00012
-0.00009
-0.00009
-0.00012
-0.00009
-0.00006
-0.00003
-0.00003
-0.00003
-0.00006
-0.00009
-0.00006
-0.00006
-0.00006
-0.00006
-0.00006
0.00000
-0.00003
-0.00003
-0.00003
-0.00003
-0.00009
-0.00009
0.00000
-0.00003
-0.00003
0.00000
0.00000
0.00000
-0.00003
-0.00003
-0.00003
0.00000
-0.00003
-0.00003
0.00000
0.00000
-0.00003
0.00000
0.00000
-0.00003
-0.00003
-0.00003
-0.00003
0.00000
-0.00003
-0.00006
0.00003
0.00003
0.00000
0.00003
0.00003
0.00000
0.00000
0.00000
-0.00003
0.00000
0.00000
0.00003
0.00009
0.00003
0.00000
0.00000
0.00000
0.00000
0.00000
0.00003
0.00006
0.00003
0.00003
0.00003
0.00003
0.00006
0.00006
0.00003
0.00000
-0.00003
0.00000
0.00003
0.00006
0.00003
0.00009
0.00009
0.00003
0.00003
0.00006
0.00009
0.00003
0.00003
0.00009
0.00006
0.00003
0.00003
0.00003
0.00003
0.00009
0.00009
0.00009
0.00012
0.00009
0.00009
0.00015
0.00006
0.00003
0.00003
0.00006
0.00006
0.00009
0.00012
0.00009
0.00009
0.00015
0.00009
0.00012
0.00012
0.00012
0.00012
0.00009
0.00006
-0.00003
0.00006
0.00012
0.00000
0.00006
0.00015
0.00006
0.00009
0.00015
0.00009
0.00015
0.00021
0.00012
0.00012
-0.00003
0.00015
-0.00015
0.00021
-0.00021
0.00052
-0.00027
0.00009
-0.01450
-0.02890
-0.01498
-0.02963
-0.01355
0.02261
0.03226
0.02704
0.01053
0.00479
-0.00269
-0.00635
-0.01428
-0.01242
0.00076
0.00058
-0.00320
0.00616
0.00739
0.00009
0.00250
0.00446
0.00311
0.00528
0.00406
0.00250
0.00568
0.00491
-0.00177
-0.00220
0.00125
-0.00037
-0.00058
0.00128
0.00125
-0.00006
0.00180
0.00336
0.00305
0.00287
0.00226
0.00076
0.00055
0.00125
0.00052
0.00018
0.00070
0.00003
-0.00104
0.00009
0.00131
0.00052
0.00201
0.00388
0.00241
0.00143
0.00183
0.00064
-0.00104
-0.00055
-0.00018
0.00006
0.00034
0.00018
0.00070
0.00153
0.00092
-0.00052
0.00000
0.00055
0.00034
0.00034
0.00089
0.00082
0.00021
0.00021
0.00021
-0.00027
-0.00095
-0.00104
-0.00085
-0.00058
-0.00037
-0.00015
-0.00015
-0.00031
-0.00031
-0.00012
0.00012
-0.00003
-0.00015
0.00009
-0.00009
-0.00058
-0.00098
-0.00089
-0.00079
-0.00079
-0.00052
-0.00058
-0.00064
-0.00070
-0.00095
-0.00098
-0.00092
-0.00058
-0.00021
-0.00003
-0.00015
-0.00046
-0.00027
-0.00015
-0.00021
-0.00024
-0.00043
-0.00070
-0.00107
-0.00125
-0.00119
-0.00110
-0.00082
-0.00049
-0.00024
0.00000
0.00006
-0.00021
-0.00079
-0.00082
-0.00058
-0.00049
-0.00058
-0.00076
-0.00085
-0.00104
-0.00098
-0.00058
-0.00043
-0.00061
-0.00076
-0.00076
-0.00064
-0.00046
-0.00015
0.00006
0.00006
0.00000
0.00000
0.00000
-0.00031
-0.00058
-0.00055
-0.00058
-0.00073
-0.00061
-0.00037
-0.00024
-0.00021
-0.00015
-0.00009
0.00000
0.00000
0.00000
0.00009
0.00000
-0.00018
-0.00024
-0.00031
-0.00037
-0.00021
-0.00009
-0.00027
-0.00046
-0.00034
-0.00012
0.00006
0.00021
0.00024
0.00024
0.00003
-0.00012
0.00000
0.00021
0.00027
0.00018
0.00018
0.00000
0.00000
0.00000
0.00000
0.00000
0.00000
0.00000
0.00000
0.00000
0.00000
0.00000
0.00000
0.00000
0.00000
0.00000
0.00000
0.00000
0.00000
0.00000
0.00000
0.00000
0.00000
0.00000
0.00000
0.00000
0.00000
0.00000
0.00000
0.00000
0.00000
0.00000
0.00000
0.00000
0.00000
0.00000
0.00000
0.00000
0.00000
0.00000
0.00000
0.00000
0.00000
0.00000
0.00000
0.00000
0.00000
0.00000
0.00000
0.00000
0.00000
0.00000
0.00000
0.00000
0.00000
0.00000
0.00000
0.00000
0.00000
0.00000
0.00000
0.00000
0.00000
0.00000
0.00000
0.00000
0.00000
0.00000
0.00000
0.00000
0.00000
0.00000
0.00000
0.00000
0.00000
0.00000
0.00000
0.00000
0.00000
0.00000
0.00000
0.00000
0.00000
0.00000
0.00000
0.00000
0.00000
0.00000
0.00000
0.00000
0.00000
0.00000
0.00000
0.00000
0.00000
0.00000
0.00000
0.00000
0.00000
0.00000
0.00000
0.00000
0.00000
0.00000
0.00000
0.00000
0.00000
0.00000
0.00000
0.00000
0.00000
0.00000
0.00000
0.00000
0.00000
0.00000
0.00000
0.00000
0.00000
0.00000
0.00000
0.00000
0.00000
0.00000
0.00000
0.00000
