-0.00037
-0.00031
-0.00027
-0.00027
-0.00037
-0.00040
-0.00034
-0.00034
-0.00037
-0.00027
-0.00027
-0.00037
-0.00040
-0.00034
-0.00037
-0.00034
-0.00024
-0.00031
-0.00034
-0.00034
-0.00037
-0.00037
-0.00034
-0.00031
-0.00040
-0.00040
-0.00037
-0.00037
-0.00037
-0.00031
-0.00027
-0.00031
-0.00034
-0.00034
-0.00040
-0.00043
-0.00040
-0.00037
-0.00037
-0.00037
-0.00034
-0.00034
-0.00031
-0.00031
-0.00040
-0.00040
-0.00031
-0.00034
-0.00034
-0.00031
-0.00034
-0.00040
-0.00043
-0.00037
-0.00037
-0.00034
-0.00031
-0.00031
-0.00027
-0.00034
-0.00040
-0.00037
-0.00031
-0.00037
-0.00040
-0.00034
-0.00034
-0.00040
-0.00043
-0.00037
-0.00031
-0.00034
-0.00034
-0.00034
-0.00034
-0.00040
-0.00037
-0.00037
-0.00037
-0.00034
-0.00034
-0.00034
-0.00034
-0.00034
-0.00034
-0.00034
-0.00034
-0.00034
-0.00034
-0.00031
-0.00034
-0.00031
-0.00034
-0.00037
-0.00037
-0.00034
-0.00031
-0.00034
-0.00037
-0.00031
-0.00034
-0.00040
-0.00034
-0.00031
-0.00031
-0.00031
-0.00027
-0.00031
-0.00034
-0.00031
-0.00034
-0.00037
-0.00034
-0.00031
-0.00031
-0.00031
-0.00031
-0.00034
-0.00031
-0.00034
-0.00040
-0.00031
-0.00027
-0.00031
-0.00031
-0.00024
-0.00027
-0.00031
-0.00024
-0.00021
-0.00024
-0.00031
-0.00034
-0.00031
-0.00031
-0.00034
-0.00027
-0.00021
-0.00024
-0.00027
-0.00024
-0.00031
-0.00031
-0.00024
-0.00024
-0.00027
-0.00027
-0.00024
-0.00024
-0.00024
-0.00024
-0.00024
-0.00018
-0.00024
-0.00031
-0.00021
-0.00021
-0.00027
-0.00021
-0.00015
-0.00018
-0.00018
-0.00015
-0.00015
-0.00018
-0.00021
-0.00021
-0.00018
-0.00018
-0.00021
-0.00018
-0.00012
-0.00018
-0.00018
-0.00012
-0.00015
-0.00021
-0.00015
-0.00012
-0.00018
-0.00031
-0.00015
-0.00012
-0.00021
-0.00015
-0.00018
-0.00012
-0.00009
-0.00012
-0.00015
0.00000
-0.00015
-0.00015
-0.00018
0.00000
-0.00015
-0.00006
-0.00015
-0.00034
-0.00513
-0.02603
-0.02383
-0.01498
-0.01422
-0.00394
0.01468
0.02521
0.02487
0.01871
0.00684
0.00351
-0.00424
-0.01282
-0.01523
-0.00867
-0.00476
-0.00165
0.00183
-0.00116
-0.00278
-0.00284
-0.00171
0.00613
0.01392
0.01392
0.00824
0.00415
0.00198
-0.00110
-0.00363
-0.00311
-0.00027
0.00095
0.00116
0.00134
0.00159
0.00201
0.00253
0.00232
0.00238
0.00284
0.00113
-0.00006
0.00082
0.00061
-0.00040
0.00024
0.00031
0.00000
0.00043
0.00128
0.00079
0.00064
0.00150
0.00150
0.00198
0.00217
0.00180
0.00119
0.00021
0.00015
-0.00006
-0.00021
-0.00049
-0.00058
-0.00003
0.00052
0.00061
0.00037
0.00073
0.00119
0.00113
0.00110
0.00119
0.00067
-0.00015
-0.00049
-0.00058
-0.00058
-0.00070
-0.00055
-0.00043
-0.00015
-0.00012
-0.00037
-0.00037
-0.00034
-0.00031
0.00000
0.00018
0.00021
0.00015
0.00024
0.00009
-0.00021
-0.00043
-0.00085
-0.00116
-0.00107
-0.00092
-0.00085
-0.00070
-0.00040
-0.00021
-0.00031
-0.00046
-0.00015
0.00021
0.00021
0.00006
0.00003
0.00003
-0.00012
-0.00027
-0.00037
-0.00073
-0.00125
-0.00134
-0.00113
-0.00101
-0.00085
-0.00040
0.00006
0.00024
0.00027
0.00024
0.00018
-0.00015
-0.00052
-0.00055
-0.00043
-0.00043
-0.00052
-0.00058
-0.00058
-0.00061
-0.00061
-0.00049
-0.00024
-0.00018
-0.00012
0.00012
0.00024
0.00024
0.00031
0.00031
0.00003
-0.00012
0.00000
0.00000
-0.00021
-0.00046
-0.00046
-0.00034
-0.00031
-0.00031
-0.00006
0.00024
0.00046
0.00052
0.00049
0.00043
0.00031
0.00021
0.00027
0.00031
0.00012
-0.00003
-0.00009
0.00000
0.00012
0.00006
-0.00006
-0.00003
0.00034
0.00064
0.00064
0.00058
0.00043
0.00024
0.00021
0.00000
0.00000
0.00009
0.00000
0.00000
0.00000
0.00000
0.00000
0.00000
0.00000
0.00000
0.00000
0.00000
0.00000
0.00000
0.00000
0.00000
0.00000
0.00000
0.00000
0.00000
0.00000
0.00000
0.00000
0.00000
0.00000
0.00000
0.00000
0.00000
0.00000
0.00000
0.00000
0.00000
0.00000
0.00000
0.00000
0.00000
0.00000
0.00000
0.00000
0.00000
0.00000
0.00000
0.00000
0.00000
0.00000
0.00000
0.00000
0.00000
0.00000
0.00000
0.00000
0.00000
0.00000
0.00000
0.00000
0.00000
0.00000
0.00000
0.00000
0.00000
0.00000
0.00000
0.00000
0.00000
0.00000
0.00000
0.00000
0.00000
0.00000
0.00000
0.00000
0.00000
0.00000
0.00000
0.00000
0.00000
0.00000
0.00000
0.00000
0.00000
0.00000
0.00000
0.00000
0.00000
0.00000
0.00000
0.00000
0.00000
0.00000
0.00000
0.00000
0.00000
0.00000
0.00000
0.00000
0.00000
0.00000
0.00000
0.00000
0.00000
0.00000
0.00000
0.00000
0.00000
0.00000
0.00000
0.00000
0.00000
0.00000
0.00000
0.00000
0.00000
0.00000
0.00000
0.00000
0.00000
0.00000
0.00000
0.00000
0.00000
0.00000
0.00000
0.00000
0.00000
0.00000
0.00000
0.00000
0.00000
0.00000
0.00000
