-0.00009
-0.00009
-0.00003
-0.00006
-0.00006
-0.00009
-0.00009
-0.00006
-0.00012
-0.00009
-0.00006
-0.00006
-0.00009
-0.00009
-0.00003
-0.00006
-0.00009
-0.00006
-0.00006
-0.00006
-0.00009
-0.00009
-0.00006
-0.00006
-0.00009
-0.00009
-0.00009
-0.00009
-0.00009
-0.00012
-0.00009
-0.00006
-0.00009
-0.00009
-0.00027
0.00006
-0.00003
-0.00012
-0.00006
-0.00006
-0.00006
-0.00012
-0.00006
-0.00006
-0.00006
-0.00012
-0.00009
-0.00009
-0.00006
-0.00006
-0.00009
-0.00009
-0.00006
-0.00009
-0.00009
-0.00009
-0.00012
-0.00009
-0.00012
-0.00012
-0.00009
-0.00009
-0.00006
-0.00006
-0.00006
-0.00006
-0.00009
-0.00009
-0.00009
-0.00009
-0.00012
-0.00009
-0.00009
-0.00009
-0.00006
-0.00006
-0.00009
-0.00009
-0.00009
-0.00006
-0.00009
-0.00012
-0.00009
-0.00006
-0.00009
-0.00012
-0.00009
-0.00006
-0.00006
-0.00009
-0.00012
-0.00009
-0.00009
-0.00009
-0.00009
-0.00006
-0.00009
-0.00009
-0.00012
-0.00009
-0.00009
-0.00012
-0.00009
-0.00012
-0.00009
-0.00012
-0.00009
-0.00012
-0.00012
-0.00012
-0.00009
-0.00009
-0.00009
-0.00009
-0.00012
-0.00012
-0.00009
-0.00012
-0.00012
-0.00012
-0.00012
-0.00012
-0.00012
-0.00012
-0.00012
-0.00012
-0.00012
-0.00015
-0.00015
-0.00009
-0.00012
-0.00012
-0.00012
-0.00009
-0.00012
-0.00012
-0.00009
-0.00015
-0.00012
-0.00012
-0.00012
-0.00012
-0.00012
-0.00012
-0.00012
-0.00012
-0.00012
-0.00012
-0.00012
-0.00015
-0.00012
-0.00012
-0.00012
-0.00015
-0.00015
-0.00012
-0.00012
-0.00015
-0.00015
-0.00012
-0.00012
-0.00015
-0.00021
-0.00018
-0.00012
-0.00015
-0.00018
-0.00015
-0.00012
-0.00012
-0.00015
-0.00015
-0.00012
-0.00015
-0.00015
-0.00015
-0.00015
-0.00015
-0.00015
-0.00018
-0.00027
-0.00021
-0.00024
-0.00024
-0.00015
-0.00012
-0.00012
-0.00015
-0.00012
-0.00015
-0.00012
-0.00015
-0.00015
-0.00015
-0.00012
-0.00018
-0.00018
-0.00015
-0.00015
-0.00021
-0.00024
-0.00049
-0.00024
-0.00012
0.00006
-0.00537
-0.01212
-0.00912
-0.00583
-0.00412
-0.00287
-0.00211
-0.00739
-0.01126
-0.00543
-0.00131
0.00000
-0.00162
0.00067
0.01178
0.01996
0.01834
0.01154
0.00439
-0.00290
-0.00650
-0.00369
-0.00229
-0.00232
-0.00153
-0.00092
0.00262
0.00665
0.00580
0.00198
0.00006
0.00006
0.00070
0.00174
0.00177
0.00092
0.00027
-0.00024
-0.00073
0.00018
0.00089
0.00027
-0.00012
0.00085
0.00211
0.00183
0.00104
0.00113
0.00174
0.00198
0.00079
-0.00125
-0.00177
-0.00095
-0.00040
0.00000
0.00079
0.00137
0.00162
0.00122
0.00116
0.00116
0.00021
-0.00040
0.00015
0.00110
0.00055
-0.00021
-0.00031
-0.00040
-0.00043
-0.00073
-0.00064
-0.00009
0.00006
-0.00009
0.00000
0.00027
-0.00021
-0.00046
-0.00046
-0.00034
-0.00027
-0.00015
-0.00015
-0.00052
-0.00098
-0.00134
-0.00116
-0.00085
-0.00061
-0.00070
-0.00055
-0.00018
-0.00003
-0.00009
-0.00040
-0.00055
-0.00061
-0.00089
-0.00098
-0.00082
-0.00058
-0.00064
-0.00119
-0.00150
-0.00140
-0.00082
-0.00046
-0.00061
-0.00095
-0.00092
-0.00034
0.00015
0.00015
-0.00015
-0.00067
-0.00073
-0.00049
-0.00031
-0.00040
-0.00076
-0.00134
-0.00156
-0.00095
-0.00049
-0.00085
-0.00134
-0.00128
-0.00073
-0.00040
-0.00021
-0.00018
-0.00043
-0.00076
-0.00082
-0.00064
-0.00064
-0.00092
-0.00119
-0.00092
-0.00046
-0.00027
-0.00049
-0.00076
-0.00061
-0.00031
-0.00024
-0.00027
-0.00018
0.00018
0.00015
-0.00015
-0.00009
-0.00003
-0.00027
-0.00067
-0.00067
-0.00043
-0.00027
-0.00040
-0.00064
-0.00055
-0.00031
-0.00012
-0.00006
-0.00006
-0.00018
-0.00021
0.00000
0.00015
0.00018
0.00006
-0.00006
-0.00024
-0.00046
-0.00049
-0.00024
0.00009
0.00015
0.00003
-0.00012
-0.00040
-0.00043
-0.00027
0.00012
0.00061
0.00058
0.00000
0.00000
0.00000
0.00000
0.00000
0.00000
0.00000
0.00000
0.00000
0.00000
0.00000
0.00000
0.00000
0.00000
0.00000
0.00000
0.00000
0.00000
0.00000
0.00000
0.00000
0.00000
0.00000
0.00000
0.00000
0.00000
0.00000
0.00000
0.00000
0.00000
0.00000
0.00000
0.00000
0.00000
0.00000
0.00000
0.00000
0.00000
0.00000
0.00000
0.00000
0.00000
0.00000
0.00000
0.00000
0.00000
0.00000
0.00000
0.00000
0.00000
0.00000
0.00000
0.00000
0.00000
0.00000
0.00000
0.00000
0.00000
0.00000
0.00000
0.00000
0.00000
0.00000
0.00000
0.00000
0.00000
0.00000
0.00000
0.00000
0.00000
0.00000
0.00000
0.00000
0.00000
0.00000
0.00000
0.00000
0.00000
0.00000
0.00000
0.00000
0.00000
0.00000
0.00000
0.00000
0.00000
0.00000
0.00000
0.00000
0.00000
0.00000
0.00000
0.00000
0.00000
0.00000
0.00000
0.00000
0.00000
0.00000
0.00000
0.00000
0.00000
0.00000
0.00000
0.00000
0.00000
0.00000
0.00000
0.00000
0.00000
0.00000
0.00000
0.00000
0.00000
0.00000
0.00000
0.00000
0.00000
0.00000
