-0.00009
-0.00012
-0.00012
-0.00009
-0.00006
-0.00003
-0.00003
-0.00003
-0.00006
-0.00006
-0.00006
-0.00015
-0.00021
-0.00018
-0.00018
-0.00018
-0.00012
-0.00006
-0.00006
-0.00009
-0.00012
-0.00012
-0.00012
-0.00015
-0.00018
-0.00015
-0.00009
-0.00012
-0.00012
-0.00009
-0.00009
-0.00009
-0.00012
-0.00006
-0.00031
0.00000
-0.00009
-0.00018
-0.00018
-0.00021
-0.00012
-0.00015
-0.00012
-0.00012
-0.00009
-0.00012
-0.00012
-0.00015
-0.00018
-0.00021
-0.00024
-0.00018
-0.00018
-0.00015
-0.00015
-0.00012
-0.00012
-0.00012
-0.00015
-0.00015
-0.00015
-0.00015
-0.00018
-0.00024
-0.00021
-0.00021
-0.00024
-0.00021
-0.00021
-0.00012
-0.00012
-0.00018
-0.00018
-0.00018
-0.00018
-0.00021
-0.00018
-0.00018
-0.00024
-0.00021
-0.00021
-0.00018
-0.00018
-0.00018
-0.00021
-0.00024
-0.00024
-0.00021
-0.00021
-0.00024
-0.00027
-0.00024
-0.00021
-0.00021
-0.00021
-0.00021
-0.00015
-0.00021
-0.00027
-0.00021
-0.00024
-0.00027
-0.00031
-0.00027
-0.00024
-0.00027
-0.00027
-0.00021
-0.00018
-0.00018
-0.00018
-0.00018
-0.00021
-0.00027
-0.00031
-0.00024
-0.00024
-0.00027
-0.00024
-0.00018
-0.00021
-0.00024
-0.00021
-0.00021
-0.00027
-0.00027
-0.00027
-0.00027
-0.00024
-0.00027
-0.00024
-0.00021
-0.00021
-0.00024
-0.00024
-0.00021
-0.00021
-0.00021
-0.00018
-0.00021
-0.00024
-0.00021
-0.00024
-0.00024
-0.00024
-0.00024
-0.00024
-0.00024
-0.00024
-0.00024
-0.00024
-0.00027
-0.00027
-0.00031
-0.00031
-0.00027
-0.00024
-0.00021
-0.00018
-0.00018
-0.00024
-0.00027
-0.00024
-0.00024
-0.00024
-0.00027
-0.00024
-0.00024
-0.00024
-0.00024
-0.00021
-0.00024
-0.00027
-0.00027
-0.00031
-0.00031
-0.00027
-0.00027
-0.00024
-0.00021
-0.00024
-0.00024
-0.00018
-0.00021
-0.00031
-0.00031
-0.00031
-0.00031
-0.00012
-0.00037
-0.00021
-0.00049
-0.00012
-0.00040
-0.00024
0.00000
-0.00070
-0.00961
-0.04770
-0.02310
-0.02444
-0.01123
0.02304
0.03134
0.04117
0.00946
0.01895
0.00879
-0.00235
-0.01349
-0.02130
-0.01291
-0.00574
-0.00342
0.00793
0.01410
0.00458
-0.00330
-0.00342
0.00037
-0.00073
-0.00244
-0.00043
0.00116
0.00574
0.00339
-0.00174
-0.00085
0.00162
0.00186
0.00128
0.00320
0.00220
-0.00037
0.00156
0.00275
0.00198
0.00183
0.00101
-0.00107
-0.00006
0.00061
-0.00049
-0.00189
-0.00040
-0.00003
0.00021
0.00116
0.00104
0.00079
0.00204
0.00079
0.00079
0.00204
0.00107
0.00043
-0.00012
0.00034
0.00146
-0.00012
-0.00198
-0.00195
-0.00037
-0.00049
-0.00085
0.00021
0.00009
0.00009
0.00034
0.00055
0.00201
0.00125
-0.00082
-0.00150
-0.00085
-0.00073
-0.00107
-0.00079
-0.00049
-0.00110
-0.00058
-0.00037
-0.00021
-0.00037
-0.00085
-0.00046
-0.00046
-0.00046
-0.00006
-0.00012
-0.00015
-0.00107
-0.00104
-0.00085
-0.00119
-0.00122
-0.00134
-0.00113
-0.00110
-0.00128
-0.00089
-0.00061
-0.00037
-0.00037
-0.00043
0.00015
0.00003
-0.00027
-0.00079
-0.00107
-0.00073
-0.00046
-0.00061
-0.00110
-0.00128
-0.00107
-0.00150
-0.00180
-0.00128
-0.00055
-0.00003
-0.00015
-0.00024
-0.00024
-0.00046
-0.00070
-0.00089
-0.00082
-0.00079
-0.00082
-0.00098
-0.00119
-0.00119
-0.00092
-0.00061
-0.00046
-0.00052
-0.00052
-0.00040
-0.00027
-0.00006
0.00009
0.00009
-0.00012
-0.00040
-0.00049
-0.00046
-0.00040
-0.00049
-0.00073
-0.00095
-0.00082
-0.00040
-0.00034
-0.00043
-0.00049
-0.00034
-0.00012
0.00000
0.00009
0.00000
-0.00006
-0.00009
-0.00018
-0.00027
-0.00027
-0.00027
-0.00021
-0.00018
-0.00021
-0.00037
-0.00043
-0.00015
0.00024
0.00040
-0.00024
-0.00095
-0.00073
-0.00015
0.00049
0.00031
0.00000
0.00000
0.00000
0.00000
0.00000
0.00000
0.00000
0.00000
0.00000
0.00000
0.00000
0.00000
0.00000
0.00000
0.00000
0.00000
0.00000
0.00000
0.00000
0.00000
0.00000
0.00000
0.00000
0.00000
0.00000
0.00000
0.00000
0.00000
0.00000
0.00000
0.00000
0.00000
0.00000
0.00000
0.00000
0.00000
0.00000
0.00000
0.00000
0.00000
0.00000
0.00000
0.00000
0.00000
0.00000
0.00000
0.00000
0.00000
0.00000
0.00000
0.00000
0.00000
0.00000
0.00000
0.00000
0.00000
0.00000
0.00000
0.00000
0.00000
0.00000
0.00000
0.00000
0.00000
0.00000
0.00000
0.00000
0.00000
0.00000
0.00000
0.00000
0.00000
0.00000
0.00000
0.00000
0.00000
0.00000
0.00000
0.00000
0.00000
0.00000
0.00000
0.00000
0.00000
0.00000
0.00000
0.00000
0.00000
0.00000
0.00000
0.00000
0.00000
0.00000
0.00000
0.00000
0.00000
0.00000
0.00000
0.00000
0.00000
0.00000
0.00000
0.00000
0.00000
0.00000
0.00000
0.00000
0.00000
0.00000
0.00000
0.00000
0.00000
0.00000
0.00000
0.00000
0.00000
0.00000
0.00000
0.00000
0.00000
0.00000
0.00000
0.00000
0.00000
0.00000
0.00000
0.00000
0.00000
0.00000
0.00000
0.00000
