0.00012
0.00009
0.00009
0.00009
0.00009
0.00009
0.00006
0.00009
0.00009
0.00003
0.00006
0.00009
0.00009
0.00003
0.00006
0.00009
0.00009
0.00012
0.00012
0.00012
0.00012
0.00009
0.00012
0.00012
0.00009
0.00006
0.00009
0.00006
0.00006
0.00009
0.00009
0.00009
0.00009
0.00012
-0.00009
0.00024
0.00015
0.00006
0.00015
0.00009
0.00015
0.00012
0.00009
0.00009
0.00006
0.00009
0.00009
0.00006
0.00006
0.00009
0.00009
0.00012
0.00012
0.00015
0.00012
0.00006
0.00006
0.00012
0.00006
0.00006
0.00006
0.00006
0.00012
0.00012
0.00012
0.00012
0.00012
0.00012
0.00012
0.00009
0.00006
0.00006
0.00006
0.00003
0.00006
0.00009
0.00006
0.00009
0.00009
0.00009
0.00009
0.00009
0.00009
0.00009
0.00012
0.00009
0.00009
0.00009
0.00009
0.00009
0.00009
0.00009
0.00006
0.00009
0.00009
0.00009
0.00012
0.00012
0.00009
0.00003
0.00003
0.00006
0.00006
0.00006
0.00012
0.00012
0.00012
0.00012
0.00012
0.00009
0.00006
0.00003
0.00000
0.00006
0.00006
0.00006
0.00012
0.00012
0.00006
0.00003
0.00009
0.00006
0.00003
0.00003
0.00006
0.00003
0.00000
0.00006
0.00009
0.00006
0.00003
0.00003
0.00003
0.00003
0.00003
0.00006
0.00006
0.00006
0.00003
0.00009
0.00006
0.00003
0.00000
0.00003
0.00000
0.00000
0.00006
0.00006
0.00006
0.00006
0.00003
0.00006
0.00000
0.00000
0.00000
0.00000
0.00000
0.00000
0.00003
0.00000
0.00000
0.00003
0.00006
0.00003
0.00000
0.00003
0.00003
0.00000
0.00000
0.00000
0.00000
0.00000
0.00000
0.00003
0.00000
0.00000
0.00000
0.00000
0.00000
-0.00003
0.00000
-0.00006
-0.00012
-0.00003
-0.00009
0.00000
0.00003
0.00003
0.00000
0.00006
0.00000
0.00000
0.00000
0.00000
-0.00012
0.00000
-0.00018
0.00000
-0.00021
0.00009
-0.00012
-0.00003
-0.00717
-0.02777
-0.01773
-0.01840
-0.01105
0.00497
0.01825
0.02432
0.01202
0.01431
0.00354
-0.00104
-0.00586
-0.01318
-0.01102
-0.00665
-0.00623
0.00140
0.01004
0.00790
0.00461
0.00385
0.00174
0.00195
0.00500
0.00409
0.00137
0.00266
0.00079
-0.00183
0.00000
0.00061
-0.00031
-0.00006
0.00073
0.00058
0.00177
0.00284
0.00140
0.00122
0.00174
0.00159
0.00079
0.00110
0.00113
0.00037
-0.00009
-0.00079
-0.00150
-0.00067
0.00031
0.00113
0.00171
0.00198
0.00186
0.00143
0.00092
0.00119
0.00037
-0.00031
-0.00046
-0.00027
-0.00009
-0.00040
-0.00046
-0.00012
0.00046
0.00073
0.00082
0.00037
-0.00052
-0.00073
0.00015
0.00131
0.00037
-0.00085
-0.00043
0.00012
0.00024
-0.00082
-0.00140
-0.00107
-0.00110
-0.00089
-0.00067
-0.00018
-0.00027
-0.00040
0.00027
0.00006
-0.00037
-0.00104
-0.00095
-0.00052
-0.00073
-0.00089
-0.00104
-0.00079
-0.00073
-0.00095
-0.00095
-0.00076
-0.00070
-0.00104
-0.00137
-0.00113
-0.00061
-0.00021
-0.00027
-0.00058
-0.00067
-0.00064
-0.00055
-0.00031
-0.00040
-0.00076
-0.00107
-0.00107
-0.00104
-0.00131
-0.00153
-0.00128
-0.00085
-0.00046
-0.00018
0.00000
-0.00006
-0.00076
-0.00098
-0.00070
-0.00073
-0.00107
-0.00146
-0.00137
-0.00116
-0.00098
-0.00067
-0.00058
-0.00073
-0.00076
-0.00052
-0.00061
-0.00076
-0.00064
-0.00009
0.00018
0.00000
-0.00018
-0.00037
-0.00061
-0.00082
-0.00089
-0.00095
-0.00101
-0.00092
-0.00064
-0.00043
-0.00015
-0.00015
-0.00037
-0.00046
-0.00024
-0.00003
0.00003
-0.00003
-0.00031
-0.00058
-0.00067
-0.00052
-0.00037
-0.00031
-0.00058
-0.00079
-0.00049
0.00000
-0.00006
-0.00058
-0.00073
-0.00031
-0.00021
0.00006
0.00003
0.00000
0.00000
0.00000
0.00000
0.00000
0.00000
0.00000
0.00000
0.00000
0.00000
0.00000
0.00000
0.00000
0.00000
0.00000
0.00000
0.00000
0.00000
0.00000
0.00000
0.00000
0.00000
0.00000
0.00000
0.00000
0.00000
0.00000
0.00000
0.00000
0.00000
0.00000
0.00000
0.00000
0.00000
0.00000
0.00000
0.00000
0.00000
0.00000
0.00000
0.00000
0.00000
0.00000
0.00000
0.00000
0.00000
0.00000
0.00000
0.00000
0.00000
0.00000
0.00000
0.00000
0.00000
0.00000
0.00000
0.00000
0.00000
0.00000
0.00000
0.00000
0.00000
0.00000
0.00000
0.00000
0.00000
0.00000
0.00000
0.00000
0.00000
0.00000
0.00000
0.00000
0.00000
0.00000
0.00000
0.00000
0.00000
0.00000
0.00000
0.00000
0.00000
0.00000
0.00000
0.00000
0.00000
0.00000
0.00000
0.00000
0.00000
0.00000
0.00000
0.00000
0.00000
0.00000
0.00000
0.00000
0.00000
0.00000
0.00000
0.00000
0.00000
0.00000
0.00000
0.00000
0.00000
0.00000
0.00000
0.00000
0.00000
0.00000
0.00000
0.00000
0.00000
0.00000
0.00000
0.00000
0.00000
0.00000
0.00000
0.00000
0.00000
0.00000
0.00000
0.00000
0.00000
0.00000
0.00000
