-0.00009
-0.00009
-0.00006
-0.00009
-0.00009
-0.00006
-0.00009
-0.00006
-0.00006
-0.00006
-0.00009
-0.00006
-0.00009
-0.00009
-0.00009
-0.00009
-0.00009
-0.00006
-0.00003
-0.00009
-0.00009
-0.00006
-0.00009
-0.00009
-0.00006
-0.00009
-0.00009
-0.00006
-0.00009
-0.00006
-0.00012
-0.00012
-0.00012
-0.00003
-0.00031
0.00000
-0.00003
-0.00012
-0.00006
-0.00012
-0.00006
-0.00012
-0.00009
-0.00006
-0.00009
-0.00006
-0.00006
-0.00012
-0.00009
-0.00009
-0.00009
-0.00006
-0.00006
-0.00009
-0.00009
-0.00006
-0.00006
-0.00006
-0.00009
-0.00006
-0.00006
-0.00006
-0.00009
-0.00006
-0.00006
-0.00009
-0.00009
0.00000
-0.00012
-0.00006
-0.00009
-0.00009
-0.00006
-0.00012
-0.00006
-0.00012
-0.00006
-0.00003
-0.00003
-0.00003
-0.00009
-0.00009
-0.00006
-0.00009
-0.00009
-0.00006
-0.00009
-0.00009
-0.00012
-0.00009
-0.00009
-0.00009
-0.00009
-0.00006
-0.00006
-0.00009
-0.00006
-0.00006
-0.00006
-0.00006
-0.00009
-0.00006
-0.00003
-0.00009
-0.00006
-0.00006
-0.00009
-0.00012
-0.00009
-0.00006
-0.00006
-0.00006
-0.00003
-0.00006
-0.00006
-0.00006
-0.00006
-0.00006
-0.00009
-0.00012
-0.00006
-0.00006
-0.00009
-0.00009
-0.00006
-0.00003
-0.00003
-0.00006
-0.00006
-0.00006
-0.00009
-0.00006
-0.00003
-0.00003
-0.00006
-0.00006
-0.00003
-0.00009
-0.00006
-0.00006
-0.00012
-0.00006
-0.00006
-0.00006
-0.00006
-0.00003
-0.00006
-0.00006
-0.00006
-0.00003
-0.00006
-0.00009
-0.00006
-0.00003
-0.00006
-0.00006
-0.00009
-0.00006
-0.00009
-0.00009
-0.00006
-0.00003
-0.00006
-0.00006
-0.00003
-0.00003
-0.00003
-0.00009
-0.00009
-0.00009
-0.00009
-0.00009
-0.00009
-0.00003
-0.00006
-0.00009
-0.00003
-0.00006
-0.00006
-0.00006
-0.00003
-0.00006
-0.00006
-0.00006
-0.00006
-0.00018
0.00000
-0.00034
0.00006
-0.00067
0.00079
-0.00119
0.00168
-0.00232
0.00101
-0.04074
-0.05463
-0.01669
-0.03323
0.02252
0.03729
0.05859
0.02823
0.01013
0.01990
-0.00305
-0.00787
-0.02783
-0.02362
-0.01089
-0.00491
0.00320
0.02298
0.01868
0.00043
-0.00424
-0.00140
0.00027
-0.00278
-0.00250
-0.00281
0.00107
0.00381
-0.00214
-0.00189
0.00165
0.00024
-0.00085
0.00098
0.00433
0.00259
0.00375
0.00519
0.00366
0.00186
0.00168
0.00012
-0.00098
-0.00064
-0.00021
-0.00192
-0.00119
0.00012
-0.00003
0.00098
0.00162
0.00095
0.00085
0.00259
0.00174
0.00128
0.00241
0.00067
0.00070
0.00018
-0.00031
-0.00021
-0.00174
-0.00079
0.00024
0.00085
-0.00040
-0.00049
0.00043
-0.00076
0.00000
-0.00031
0.00040
0.00162
0.00055
-0.00015
0.00024
0.00009
-0.00156
-0.00223
-0.00098
-0.00073
-0.00061
-0.00031
-0.00082
0.00027
0.00052
0.00034
0.00006
-0.00079
-0.00104
-0.00070
-0.00003
-0.00031
-0.00092
-0.00061
-0.00101
-0.00116
-0.00131
-0.00150
-0.00107
-0.00076
-0.00064
-0.00043
-0.00064
-0.00064
-0.00073
-0.00018
0.00000
-0.00009
0.00012
0.00015
0.00015
-0.00043
-0.00140
-0.00174
-0.00174
-0.00146
-0.00143
-0.00165
-0.00128
-0.00064
-0.00006
0.00006
0.00034
0.00043
-0.00024
-0.00098
-0.00134
-0.00119
-0.00098
-0.00104
-0.00101
-0.00098
-0.00098
-0.00095
-0.00073
-0.00052
-0.00052
-0.00031
0.00006
0.00003
-0.00018
-0.00027
0.00009
0.00031
0.00006
-0.00027
-0.00058
-0.00073
-0.00092
-0.00113
-0.00110
-0.00082
-0.00046
-0.00021
-0.00009
-0.00009
-0.00021
-0.00024
-0.00009
0.00012
0.00012
-0.00009
-0.00034
-0.00043
-0.00037
-0.00021
-0.00018
-0.00021
-0.00037
-0.00049
-0.00037
-0.00009
0.00024
0.00031
0.00021
0.00000
-0.00021
-0.00024
-0.00024
-0.00055
-0.00052
-0.00031
0.00000
0.00000
0.00000
0.00000
0.00000
0.00000
0.00000
0.00000
0.00000
0.00000
0.00000
0.00000
0.00000
0.00000
0.00000
0.00000
0.00000
0.00000
0.00000
0.00000
0.00000
0.00000
0.00000
0.00000
0.00000
0.00000
0.00000
0.00000
0.00000
0.00000
0.00000
0.00000
0.00000
0.00000
0.00000
0.00000
0.00000
0.00000
0.00000
0.00000
0.00000
0.00000
0.00000
0.00000
0.00000
0.00000
0.00000
0.00000
0.00000
0.00000
0.00000
0.00000
0.00000
0.00000
0.00000
0.00000
0.00000
0.00000
0.00000
0.00000
0.00000
0.00000
0.00000
0.00000
0.00000
0.00000
0.00000
0.00000
0.00000
0.00000
0.00000
0.00000
0.00000
0.00000
0.00000
0.00000
0.00000
0.00000
0.00000
0.00000
0.00000
0.00000
0.00000
0.00000
0.00000
0.00000
0.00000
0.00000
0.00000
0.00000
0.00000
0.00000
0.00000
0.00000
0.00000
0.00000
0.00000
0.00000
0.00000
0.00000
0.00000
0.00000
0.00000
0.00000
0.00000
0.00000
0.00000
0.00000
0.00000
0.00000
0.00000
0.00000
0.00000
0.00000
0.00000
0.00000
0.00000
0.00000
0.00000
0.00000
0.00000
0.00000
0.00000
0.00000
0.00000
0.00000
0.00000
0.00000
0.00000
0.00000
0.00000
0.00000
0.00000
