-0.00012
-0.00009
-0.00009
-0.00009
-0.00009
-0.00009
-0.00009
-0.00009
-0.00006
-0.00006
-0.00003
-0.00006
-0.00006
-0.00012
-0.00015
-0.00012
-0.00012
-0.00012
-0.00009
-0.00012
-0.00015
-0.00012
-0.00012
-0.00015
-0.00012
-0.00006
-0.00006
-0.00009
-0.00003
-0.00009
-0.00012
-0.00018
-0.00015
-0.00009
-0.00031
0.00000
-0.00009
-0.00009
-0.00006
-0.00012
-0.00006
-0.00012
-0.00009
-0.00009
-0.00009
-0.00012
-0.00009
-0.00012
-0.00012
-0.00009
-0.00009
-0.00009
-0.00003
-0.00006
-0.00012
-0.00015
-0.00012
-0.00012
-0.00012
-0.00009
-0.00009
-0.00009
-0.00009
-0.00006
-0.00009
-0.00012
-0.00009
-0.00009
-0.00006
-0.00012
-0.00006
-0.00006
-0.00009
-0.00006
-0.00003
0.00000
-0.00006
-0.00003
-0.00003
-0.00006
-0.00009
-0.00012
-0.00015
-0.00015
-0.00009
-0.00006
-0.00003
-0.00003
-0.00003
-0.00006
-0.00009
-0.00009
-0.00009
-0.00009
-0.00009
-0.00006
-0.00006
0.00000
-0.00003
-0.00009
-0.00009
-0.00006
-0.00009
-0.00006
-0.00009
-0.00009
-0.00012
-0.00012
-0.00009
-0.00012
-0.00009
-0.00003
-0.00003
-0.00006
-0.00012
-0.00015
-0.00015
-0.00009
-0.00009
-0.00006
-0.00006
-0.00006
-0.00003
-0.00003
-0.00003
-0.00009
-0.00009
-0.00009
-0.00012
-0.00009
-0.00006
-0.00006
-0.00003
0.00000
0.00000
-0.00006
-0.00009
-0.00009
-0.00012
-0.00015
-0.00009
-0.00006
-0.00009
-0.00006
-0.00003
-0.00003
-0.00003
-0.00009
-0.00009
-0.00009
-0.00003
-0.00006
-0.00009
-0.00003
-0.00006
-0.00009
-0.00012
-0.00012
-0.00012
-0.00012
-0.00009
-0.00009
-0.00006
-0.00009
-0.00009
-0.00006
-0.00009
-0.00009
-0.00009
-0.00006
-0.00009
-0.00006
-0.00006
-0.00009
-0.00009
-0.00009
-0.00009
-0.00009
-0.00012
-0.00006
-0.00009
-0.00009
-0.00012
-0.00009
-0.00012
-0.00018
-0.00015
-0.00018
-0.00024
0.00006
-0.00052
0.00058
-0.00113
0.00150
-0.00226
-0.00027
-0.04306
-0.04483
-0.01730
-0.02850
0.02295
0.03281
0.05392
0.02090
0.01294
0.01682
-0.00220
-0.00854
-0.02548
-0.01981
-0.00958
-0.00491
0.00418
0.02170
0.01440
-0.00113
-0.00504
-0.00159
0.00021
-0.00296
-0.00189
-0.00223
0.00186
0.00409
-0.00089
-0.00006
0.00125
-0.00012
-0.00110
0.00232
0.00531
0.00269
0.00360
0.00311
0.00162
0.00174
0.00241
0.00000
-0.00085
-0.00092
-0.00058
-0.00119
-0.00055
-0.00006
0.00006
0.00104
0.00125
0.00064
0.00113
0.00220
0.00262
0.00098
0.00067
0.00226
0.00040
-0.00073
0.00031
-0.00046
-0.00076
-0.00006
-0.00052
-0.00095
0.00015
0.00000
-0.00058
-0.00009
0.00012
-0.00031
0.00128
0.00153
0.00024
0.00061
-0.00018
-0.00134
-0.00162
-0.00162
-0.00055
-0.00055
-0.00040
-0.00085
-0.00043
0.00055
0.00012
0.00009
-0.00055
-0.00113
-0.00052
-0.00024
-0.00006
-0.00037
-0.00076
-0.00070
-0.00113
-0.00101
-0.00134
-0.00137
-0.00101
-0.00079
-0.00064
-0.00082
-0.00107
-0.00061
-0.00034
-0.00006
-0.00006
0.00003
0.00034
0.00009
-0.00052
-0.00131
-0.00137
-0.00101
-0.00122
-0.00131
-0.00137
-0.00140
-0.00119
-0.00104
-0.00034
0.00027
0.00052
0.00003
-0.00073
-0.00110
-0.00110
-0.00101
-0.00089
-0.00095
-0.00104
-0.00101
-0.00082
-0.00085
-0.00110
-0.00082
-0.00021
0.00000
-0.00018
-0.00052
-0.00040
-0.00009
0.00018
0.00018
0.00000
-0.00027
-0.00073
-0.00085
-0.00082
-0.00082
-0.00079
-0.00073
-0.00067
-0.00046
-0.00009
-0.00003
-0.00040
-0.00046
-0.00009
0.00021
0.00012
-0.00018
-0.00034
-0.00018
-0.00018
-0.00027
-0.00027
-0.00034
-0.00037
-0.00037
-0.00015
0.00012
0.00012
-0.00003
-0.00003
0.00015
0.00006
-0.00034
-0.00085
-0.00082
-0.00012
0.00000
0.00000
0.00000
0.00000
0.00000
0.00000
0.00000
0.00000
0.00000
0.00000
0.00000
0.00000
0.00000
0.00000
0.00000
0.00000
0.00000
0.00000
0.00000
0.00000
0.00000
0.00000
0.00000
0.00000
0.00000
0.00000
0.00000
0.00000
0.00000
0.00000
0.00000
0.00000
0.00000
0.00000
0.00000
0.00000
0.00000
0.00000
0.00000
0.00000
0.00000
0.00000
0.00000
0.00000
0.00000
0.00000
0.00000
0.00000
0.00000
0.00000
0.00000
0.00000
0.00000
0.00000
0.00000
0.00000
0.00000
0.00000
0.00000
0.00000
0.00000
0.00000
0.00000
0.00000
0.00000
0.00000
0.00000
0.00000
0.00000
0.00000
0.00000
0.00000
0.00000
0.00000
0.00000
0.00000
0.00000
0.00000
0.00000
0.00000
0.00000
0.00000
0.00000
0.00000
0.00000
0.00000
0.00000
0.00000
0.00000
0.00000
0.00000
0.00000
0.00000
0.00000
0.00000
0.00000
0.00000
0.00000
0.00000
0.00000
0.00000
0.00000
0.00000
0.00000
0.00000
0.00000
0.00000
0.00000
0.00000
0.00000
0.00000
0.00000
0.00000
0.00000
0.00000
0.00000
0.00000
0.00000
0.00000
0.00000
0.00000
0.00000
0.00000
0.00000
0.00000
0.00000
0.00000
0.00000
0.00000
0.00000
0.00000
0.00000
0.00000
