-0.00003
0.00000
0.00000
0.00000
0.00000
-0.00003
-0.00003
-0.00003
-0.00006
-0.00009
-0.00009
-0.00009
-0.00006
-0.00003
-0.00003
-0.00003
-0.00003
-0.00003
-0.00003
0.00000
-0.00009
-0.00012
-0.00003
-0.00006
-0.00009
-0.00006
-0.00006
-0.00006
-0.00003
-0.00006
-0.00003
-0.00003
-0.00006
0.00000
-0.00024
0.00009
-0.00003
-0.00009
-0.00006
-0.00018
-0.00009
-0.00012
-0.00015
-0.00009
-0.00003
-0.00003
-0.00003
-0.00003
-0.00003
-0.00006
-0.00006
-0.00009
-0.00009
-0.00006
-0.00006
-0.00006
-0.00009
-0.00006
-0.00003
0.00000
-0.00009
-0.00003
-0.00006
-0.00012
-0.00003
-0.00006
-0.00006
-0.00006
-0.00009
-0.00009
-0.00003
-0.00003
-0.00009
-0.00009
-0.00006
-0.00003
0.00000
0.00000
0.00000
-0.00003
-0.00009
-0.00003
-0.00003
-0.00012
-0.00012
-0.00006
-0.00003
-0.00009
-0.00006
-0.00003
-0.00006
-0.00009
-0.00009
-0.00009
-0.00006
-0.00012
-0.00009
0.00000
-0.00003
-0.00006
-0.00003
0.00000
-0.00003
-0.00009
-0.00009
-0.00003
-0.00009
-0.00012
-0.00006
-0.00006
-0.00006
-0.00006
0.00000
0.00000
-0.00003
-0.00003
-0.00003
-0.00003
-0.00003
-0.00006
-0.00009
-0.00009
-0.00012
-0.00009
-0.00003
-0.00003
-0.00003
0.00000
0.00000
0.00000
0.00000
0.00000
-0.00006
-0.00012
-0.00006
-0.00003
-0.00009
-0.00009
-0.00003
-0.00006
-0.00009
-0.00003
0.00000
-0.00009
-0.00006
-0.00006
-0.00006
-0.00003
-0.00003
0.00000
-0.00003
-0.00006
-0.00006
-0.00006
-0.00006
-0.00009
-0.00003
0.00000
0.00000
-0.00003
-0.00006
0.00000
-0.00003
-0.00012
-0.00006
0.00000
-0.00006
-0.00009
-0.00003
-0.00003
-0.00006
-0.00012
-0.00012
-0.00009
-0.00009
-0.00012
-0.00009
-0.00003
0.00000
-0.00015
0.00015
-0.00055
0.00058
-0.00125
0.00162
-0.00287
0.00082
-0.04907
-0.04623
0.00607
-0.02695
-0.02847
-0.01541
0.01443
0.03537
0.04227
0.02670
0.04022
0.04303
0.00906
-0.01703
-0.01221
-0.01193
-0.02231
-0.01035
-0.00821
0.00018
0.01285
0.00516
0.00342
0.01755
0.00885
-0.00641
-0.00439
0.00107
-0.00058
0.00079
-0.00189
-0.00409
-0.00021
0.00006
-0.00247
-0.00177
0.00201
0.00226
0.00345
0.00455
0.00540
0.00287
0.00116
0.00018
-0.00073
-0.00311
-0.00311
-0.00299
-0.00250
-0.00049
0.00195
0.00055
0.00098
0.00320
0.00299
0.00214
0.00192
0.00275
0.00186
0.00034
0.00031
-0.00024
-0.00110
-0.00192
-0.00201
-0.00137
-0.00021
-0.00073
-0.00082
0.00012
0.00113
0.00021
0.00009
0.00107
0.00000
-0.00067
0.00000
-0.00021
-0.00012
-0.00119
-0.00174
-0.00214
-0.00146
-0.00092
-0.00082
-0.00024
-0.00052
-0.00085
-0.00006
0.00046
0.00027
-0.00021
-0.00046
-0.00027
-0.00018
-0.00052
-0.00140
-0.00140
-0.00113
-0.00131
-0.00146
-0.00137
-0.00110
-0.00095
-0.00113
-0.00089
-0.00034
0.00000
-0.00024
-0.00027
0.00027
0.00046
-0.00006
-0.00052
-0.00031
0.00000
-0.00058
-0.00150
-0.00168
-0.00162
-0.00174
-0.00186
-0.00159
-0.00113
-0.00082
-0.00031
0.00018
0.00067
0.00052
-0.00012
-0.00064
-0.00113
-0.00159
-0.00180
-0.00150
-0.00098
-0.00085
-0.00082
-0.00064
-0.00043
-0.00037
-0.00024
0.00000
0.00015
0.00018
0.00027
0.00046
0.00055
0.00037
0.00000
-0.00015
-0.00055
-0.00085
-0.00076
-0.00082
-0.00095
-0.00098
-0.00076
-0.00064
-0.00079
-0.00040
0.00031
0.00085
0.00073
0.00012
-0.00012
-0.00024
-0.00021
-0.00006
-0.00015
-0.00037
-0.00046
-0.00043
-0.00031
-0.00015
0.00000
0.00012
0.00021
0.00021
0.00049
0.00070
0.00049
0.00003
-0.00006
0.00000
-0.00006
-0.00024
-0.00037
-0.00031
-0.00043
-0.00052
-0.00027
0.00009
0.00012
-0.00009
-0.00012
0.00012
0.00024
0.00024
0.00006
0.00000
0.00000
0.00000
0.00000
0.00000
0.00000
0.00000
0.00000
0.00000
0.00000
0.00000
0.00000
0.00000
0.00000
0.00000
0.00000
0.00000
0.00000
0.00000
0.00000
0.00000
0.00000
0.00000
0.00000
0.00000
0.00000
0.00000
0.00000
0.00000
0.00000
0.00000
0.00000
0.00000
0.00000
0.00000
0.00000
0.00000
0.00000
0.00000
0.00000
0.00000
0.00000
0.00000
0.00000
0.00000
0.00000
0.00000
0.00000
0.00000
0.00000
0.00000
0.00000
0.00000
0.00000
0.00000
0.00000
0.00000
0.00000
0.00000
0.00000
0.00000
0.00000
0.00000
0.00000
0.00000
0.00000
0.00000
0.00000
0.00000
0.00000
0.00000
0.00000
0.00000
0.00000
0.00000
0.00000
0.00000
0.00000
0.00000
0.00000
0.00000
0.00000
0.00000
0.00000
0.00000
0.00000
0.00000
0.00000
0.00000
0.00000
0.00000
0.00000
0.00000
0.00000
0.00000
0.00000
0.00000
0.00000
0.00000
0.00000
0.00000
0.00000
0.00000
0.00000
0.00000
0.00000
0.00000
0.00000
0.00000
0.00000
0.00000
0.00000
0.00000
0.00000
0.00000
0.00000
0.00000
0.00000
0.00000
0.00000
0.00000
0.00000
0.00000
0.00000
0.00000
