-0.00040
-0.00043
-0.00043
-0.00040
-0.00040
-0.00043
-0.00043
-0.00037
-0.00034
-0.00034
-0.00034
-0.00031
-0.00034
-0.00040
-0.00040
-0.00043
-0.00043
-0.00043
-0.00040
-0.00043
-0.00043
-0.00040
-0.00040
-0.00040
-0.00037
-0.00034
-0.00034
-0.00037
-0.00040
-0.00040
-0.00040
-0.00040
-0.00046
-0.00043
-0.00064
-0.00024
-0.00031
-0.00037
-0.00031
-0.00037
-0.00034
-0.00037
-0.00040
-0.00037
-0.00040
-0.00040
-0.00034
-0.00037
-0.00040
-0.00040
-0.00037
-0.00037
-0.00037
-0.00034
-0.00034
-0.00037
-0.00034
-0.00034
-0.00034
-0.00034
-0.00040
-0.00040
-0.00034
-0.00034
-0.00037
-0.00037
-0.00034
-0.00037
-0.00037
-0.00024
-0.00027
-0.00034
-0.00031
-0.00031
-0.00034
-0.00034
-0.00037
-0.00037
-0.00037
-0.00037
-0.00034
-0.00034
-0.00031
-0.00024
-0.00024
-0.00027
-0.00027
-0.00031
-0.00034
-0.00034
-0.00034
-0.00031
-0.00027
-0.00031
-0.00034
-0.00031
-0.00027
-0.00031
-0.00027
-0.00021
-0.00024
-0.00027
-0.00024
-0.00021
-0.00024
-0.00031
-0.00031
-0.00027
-0.00027
-0.00031
-0.00027
-0.00024
-0.00024
-0.00027
-0.00031
-0.00021
-0.00021
-0.00031
-0.00027
-0.00024
-0.00027
-0.00027
-0.00024
-0.00024
-0.00021
-0.00021
-0.00021
-0.00018
-0.00021
-0.00024
-0.00024
-0.00021
-0.00024
-0.00027
-0.00024
-0.00024
-0.00021
-0.00021
-0.00021
-0.00018
-0.00015
-0.00015
-0.00015
-0.00015
-0.00018
-0.00024
-0.00021
-0.00018
-0.00018
-0.00021
-0.00021
-0.00021
-0.00018
-0.00018
-0.00015
-0.00009
-0.00012
-0.00009
-0.00015
-0.00018
-0.00015
-0.00015
-0.00015
-0.00015
-0.00009
-0.00012
-0.00009
-0.00006
-0.00012
-0.00018
-0.00018
-0.00012
-0.00012
-0.00015
-0.00012
-0.00006
-0.00009
-0.00015
-0.00015
-0.00006
-0.00006
-0.00012
-0.00012
-0.00009
-0.00006
-0.00012
-0.00012
-0.00012
-0.00009
-0.00034
0.00000
-0.00040
0.00009
-0.00064
0.00043
-0.00073
0.00067
-0.01370
-0.04337
-0.01822
-0.00934
-0.00891
-0.00247
0.00531
0.02139
0.02667
0.03122
0.02515
0.01602
-0.00537
-0.01962
-0.01422
-0.00418
-0.00476
-0.00607
-0.00214
-0.00095
0.00397
0.00650
0.00302
0.00101
0.00003
0.00003
0.00027
0.00156
-0.00012
-0.00311
-0.00201
-0.00031
0.00290
0.00418
0.00482
0.00348
0.00253
0.00369
0.00262
0.00012
0.00018
0.00034
-0.00021
0.00061
0.00156
0.00046
-0.00089
-0.00003
-0.00015
-0.00018
0.00089
0.00021
0.00046
0.00284
0.00299
0.00082
0.00043
0.00146
0.00131
0.00052
0.00043
0.00070
0.00000
-0.00082
-0.00061
0.00043
0.00092
-0.00034
-0.00092
-0.00052
0.00067
0.00070
-0.00015
0.00040
0.00082
0.00055
0.00046
0.00037
-0.00015
-0.00085
-0.00104
-0.00079
-0.00061
-0.00040
-0.00046
-0.00015
0.00006
-0.00015
-0.00031
0.00003
0.00027
0.00000
-0.00043
-0.00046
-0.00021
-0.00015
-0.00061
-0.00119
-0.00119
-0.00079
-0.00055
-0.00073
-0.00076
-0.00055
-0.00076
-0.00079
-0.00034
0.00015
0.00031
-0.00015
-0.00031
0.00012
0.00021
-0.00006
-0.00034
-0.00027
-0.00043
-0.00095
-0.00107
-0.00125
-0.00143
-0.00131
-0.00079
-0.00024
-0.00009
-0.00027
-0.00034
-0.00009
0.00003
-0.00003
-0.00027
-0.00055
-0.00073
-0.00082
-0.00064
-0.00049
-0.00070
-0.00089
-0.00049
-0.00003
-0.00006
-0.00021
-0.00009
0.00021
0.00027
0.00021
0.00015
0.00003
-0.00009
-0.00006
0.00015
0.00000
-0.00055
-0.00076
-0.00055
-0.00031
-0.00043
-0.00052
-0.00040
-0.00009
0.00027
0.00046
0.00031
0.00015
0.00015
0.00024
0.00027
0.00015
-0.00006
-0.00012
-0.00021
-0.00027
-0.00003
0.00012
0.00024
0.00018
0.00018
0.00034
0.00052
0.00058
0.00046
0.00015
0.00009
0.00031
0.00034
0.00012
-0.00006
-0.00003
0.00018
0.00015
0.00000
-0.00009
-0.00012
0.00006
0.00000
0.00000
0.00000
0.00000
0.00000
0.00000
0.00000
0.00000
0.00000
0.00000
0.00000
0.00000
0.00000
0.00000
0.00000
0.00000
0.00000
0.00000
0.00000
0.00000
0.00000
0.00000
0.00000
0.00000
0.00000
0.00000
0.00000
0.00000
0.00000
0.00000
0.00000
0.00000
0.00000
0.00000
0.00000
0.00000
0.00000
0.00000
0.00000
0.00000
0.00000
0.00000
0.00000
0.00000
0.00000
0.00000
0.00000
0.00000
0.00000
0.00000
0.00000
0.00000
0.00000
0.00000
0.00000
0.00000
0.00000
0.00000
0.00000
0.00000
0.00000
0.00000
0.00000
0.00000
0.00000
0.00000
0.00000
0.00000
0.00000
0.00000
0.00000
0.00000
0.00000
0.00000
0.00000
0.00000
0.00000
0.00000
0.00000
0.00000
0.00000
0.00000
0.00000
0.00000
0.00000
0.00000
0.00000
0.00000
0.00000
0.00000
0.00000
0.00000
0.00000
0.00000
0.00000
0.00000
0.00000
0.00000
0.00000
0.00000
0.00000
0.00000
0.00000
0.00000
0.00000
0.00000
0.00000
0.00000
0.00000
0.00000
0.00000
0.00000
0.00000
0.00000
0.00000
0.00000
0.00000
0.00000
0.00000
0.00000
0.00000
