0.00000
0.00009
0.00015
0.00015
0.00012
0.00009
0.00012
0.00006
0.00003
0.00009
0.00009
0.00009
0.00006
0.00009
0.00009
0.00006
0.00009
0.00012
0.00018
0.00012
0.00015
0.00018
0.00012
0.00009
0.00009
0.00009
0.00003
0.00006
0.00018
0.00006
0.00009
0.00018
0.00018
0.00021
-0.00006
0.00027
0.00021
0.00009
0.00009
0.00012
0.00015
0.00012
0.00009
0.00009
0.00018
0.00015
0.00012
0.00015
0.00015
0.00012
0.00015
0.00015
0.00021
0.00000
0.00015
0.00018
0.00006
0.00012
0.00006
0.00012
0.00012
0.00006
0.00015
0.00018
0.00009
0.00018
0.00018
0.00021
0.00021
0.00012
0.00012
0.00015
0.00012
0.00006
0.00015
0.00012
0.00006
0.00012
0.00009
0.00012
0.00012
0.00015
0.00009
0.00006
0.00009
0.00018
0.00015
0.00012
0.00006
0.00012
0.00015
0.00009
0.00009
0.00009
0.00012
0.00012
0.00006
0.00006
0.00015
0.00003
0.00003
0.00015
0.00006
0.00006
0.00009
0.00009
0.00006
0.00009
0.00003
0.00003
0.00009
0.00012
0.00003
0.00003
0.00009
0.00003
0.00006
0.00003
0.00006
0.00009
0.00000
0.00006
0.00006
0.00003
0.00000
0.00000
0.00003
0.00006
0.00009
0.00003
0.00006
0.00003
0.00000
0.00000
0.00006
0.00003
0.00000
0.00009
0.00003
0.00000
0.00003
0.00000
0.00000
-0.00009
-0.00009
0.00000
0.00009
0.00006
0.00003
0.00012
0.00009
0.00006
0.00003
0.00000
-0.00006
-0.00012
-0.00006
-0.00003
0.00000
0.00000
-0.00006
0.00003
0.00003
0.00003
0.00006
0.00000
0.00000
-0.00003
-0.00006
-0.00003
-0.00003
0.00003
-0.00031
0.00058
-0.00116
0.00192
-0.00305
0.00467
-0.00714
0.00635
-0.10049
-0.06683
0.04633
-0.02454
0.00082
-0.00143
0.01736
0.03830
0.03033
-0.00900
0.03735
0.02737
-0.00690
-0.00772
0.02908
0.01260
-0.01059
-0.00208
-0.01764
0.00043
0.00217
-0.01648
-0.00281
0.02313
0.00641
-0.00323
0.00705
0.00980
-0.00040
-0.00143
-0.00845
-0.00226
0.00153
-0.00085
-0.00046
0.00049
0.00156
0.00372
0.00287
0.00107
0.00693
0.00168
0.00064
-0.00027
-0.00064
-0.00397
-0.00021
-0.00189
-0.00256
-0.00110
0.00055
-0.00302
0.00012
0.00571
0.00336
0.00061
0.00189
0.00256
0.00174
-0.00116
-0.00171
-0.00061
-0.00192
-0.00134
-0.00150
0.00006
0.00122
-0.00201
-0.00183
-0.00021
0.00107
-0.00134
-0.00125
0.00180
0.00043
-0.00137
-0.00131
-0.00131
0.00037
-0.00159
-0.00140
-0.00204
-0.00146
-0.00146
-0.00195
-0.00037
-0.00052
-0.00143
-0.00040
0.00000
0.00015
-0.00046
-0.00107
-0.00055
-0.00107
-0.00055
-0.00140
-0.00186
-0.00150
-0.00162
-0.00140
-0.00146
-0.00153
-0.00067
-0.00143
-0.00122
-0.00076
0.00000
-0.00009
-0.00092
-0.00046
0.00031
0.00021
-0.00012
-0.00006
0.00000
-0.00122
-0.00198
-0.00168
-0.00204
-0.00226
-0.00211
-0.00104
-0.00052
-0.00085
-0.00082
-0.00049
-0.00009
-0.00046
-0.00082
-0.00034
-0.00031
-0.00073
-0.00128
-0.00165
-0.00165
-0.00168
-0.00125
-0.00064
-0.00049
-0.00061
-0.00049
-0.00003
0.00061
0.00079
0.00061
0.00021
0.00018
0.00003
-0.00024
-0.00046
-0.00101
-0.00116
-0.00079
-0.00049
-0.00070
-0.00116
-0.00104
-0.00073
-0.00064
-0.00034
0.00021
0.00037
0.00003
-0.00006
0.00003
0.00000
-0.00012
-0.00012
-0.00031
-0.00064
-0.00085
-0.00073
-0.00031
0.00000
0.00006
0.00021
0.00018
0.00006
0.00024
0.00027
0.00003
0.00000
0.00027
0.00027
-0.00009
-0.00061
-0.00076
-0.00061
-0.00058
-0.00049
-0.00031
-0.00037
-0.00043
-0.00034
-0.00009
0.00024
0.00037
0.00027
0.00027
0.00003
-0.00012
-0.00027
-0.00031
0.00000
0.00000
0.00000
0.00000
0.00000
0.00000
0.00000
0.00000
0.00000
0.00000
0.00000
0.00000
0.00000
0.00000
0.00000
0.00000
0.00000
0.00000
0.00000
0.00000
0.00000
0.00000
0.00000
0.00000
0.00000
0.00000
0.00000
0.00000
0.00000
0.00000
0.00000
0.00000
0.00000
0.00000
0.00000
0.00000
0.00000
0.00000
0.00000
0.00000
0.00000
0.00000
0.00000
0.00000
0.00000
0.00000
0.00000
0.00000
0.00000
0.00000
0.00000
0.00000
0.00000
0.00000
0.00000
0.00000
0.00000
0.00000
0.00000
0.00000
0.00000
0.00000
0.00000
0.00000
0.00000
0.00000
0.00000
0.00000
0.00000
0.00000
0.00000
0.00000
0.00000
0.00000
0.00000
0.00000
0.00000
0.00000
0.00000
0.00000
0.00000
0.00000
0.00000
0.00000
0.00000
0.00000
0.00000
0.00000
0.00000
0.00000
0.00000
0.00000
0.00000
0.00000
0.00000
0.00000
0.00000
0.00000
0.00000
0.00000
0.00000
0.00000
0.00000
0.00000
0.00000
0.00000
0.00000
0.00000
0.00000
0.00000
0.00000
0.00000
0.00000
0.00000
0.00000
0.00000
0.00000
0.00000
0.00000
0.00000
0.00000
0.00000
0.00000
0.00000
0.00000
0.00000
0.00000
0.00000
