-0.00015
-0.00006
-0.00006
-0.00009
-0.00009
-0.00003
-0.00003
-0.00006
-0.00009
0.00000
-0.00003
-0.00003
-0.00009
-0.00009
-0.00003
-0.00009
-0.00009
-0.00003
0.00000
-0.00006
-0.00006
0.00000
0.00000
-0.00006
-0.00003
0.00000
-0.00003
-0.00006
-0.00003
-0.00003
-0.00003
-0.00003
-0.00006
0.00000
-0.00021
0.00006
0.00003
0.00000
0.00003
-0.00003
0.00000
0.00000
-0.00003
-0.00003
0.00000
0.00000
0.00000
-0.00003
0.00000
0.00003
-0.00003
0.00006
0.00000
-0.00009
0.00012
0.00000
0.00000
0.00000
0.00000
0.00006
0.00003
0.00000
0.00006
0.00006
0.00003
0.00003
0.00000
0.00006
0.00003
0.00003
0.00003
0.00009
0.00003
0.00000
0.00009
0.00003
0.00000
0.00000
0.00000
0.00003
0.00003
0.00006
0.00003
0.00003
0.00006
0.00006
0.00006
0.00009
0.00000
0.00009
0.00006
0.00003
0.00003
0.00003
0.00006
0.00003
0.00000
0.00009
0.00009
0.00000
0.00006
0.00006
0.00000
0.00000
0.00006
0.00003
0.00006
0.00006
0.00006
0.00006
0.00006
0.00000
0.00003
0.00006
0.00003
0.00003
0.00006
0.00006
0.00003
0.00003
0.00006
0.00006
0.00003
0.00003
0.00003
0.00003
0.00006
0.00003
0.00000
0.00003
0.00006
0.00003
0.00003
0.00006
0.00006
0.00000
0.00003
0.00009
0.00000
0.00006
0.00003
0.00003
0.00006
0.00003
0.00000
0.00003
0.00009
0.00003
0.00006
0.00009
0.00009
0.00006
0.00003
0.00009
0.00006
0.00003
0.00003
0.00000
0.00012
0.00000
0.00000
0.00009
0.00003
0.00006
0.00006
0.00000
0.00009
0.00000
0.00015
-0.00009
0.00037
-0.00046
0.00076
-0.00076
0.00098
-0.00089
0.00089
-0.00043
0.00031
-0.02136
-0.13516
0.00549
0.02414
-0.02597
0.00851
0.00644
0.03595
0.03998
0.00415
0.00165
0.04901
0.00513
-0.01752
0.00119
0.04144
-0.00378
-0.00281
-0.00613
-0.01285
0.00534
-0.00793
-0.01880
0.01398
0.02179
-0.00348
-0.00131
0.01196
0.00729
-0.00064
-0.00522
-0.00873
0.00079
-0.00021
0.00107
0.00085
0.00296
0.00146
0.00439
0.00037
0.00427
0.00497
-0.00031
0.00043
0.00055
-0.00110
-0.00275
0.00140
-0.00232
-0.00186
-0.00037
-0.00104
-0.00348
0.00333
0.00452
0.00183
0.00183
0.00381
0.00302
0.00098
-0.00168
-0.00012
-0.00061
-0.00266
-0.00333
-0.00082
0.00223
-0.00092
-0.00180
-0.00119
0.00131
0.00131
-0.00168
0.00021
0.00241
-0.00021
-0.00211
-0.00128
-0.00006
-0.00018
-0.00208
-0.00070
-0.00159
-0.00107
-0.00189
-0.00128
0.00031
-0.00073
-0.00131
0.00027
0.00024
0.00067
-0.00073
-0.00027
-0.00073
-0.00082
-0.00101
-0.00153
-0.00098
-0.00143
-0.00171
-0.00125
-0.00116
-0.00058
-0.00082
-0.00131
-0.00061
-0.00034
0.00018
-0.00040
-0.00018
0.00031
0.00018
-0.00024
0.00009
0.00064
-0.00006
-0.00192
-0.00195
-0.00137
-0.00189
-0.00211
-0.00150
-0.00027
-0.00024
-0.00092
-0.00073
0.00006
0.00015
-0.00067
-0.00070
0.00000
-0.00027
-0.00085
-0.00128
-0.00122
-0.00131
-0.00162
-0.00098
-0.00037
-0.00018
-0.00027
-0.00003
0.00052
0.00079
0.00092
0.00073
0.00049
0.00021
0.00003
0.00003
-0.00040
-0.00122
-0.00098
-0.00031
-0.00015
-0.00064
-0.00095
-0.00064
-0.00031
-0.00024
-0.00003
0.00046
0.00061
0.00018
-0.00003
0.00015
0.00012
0.00012
0.00000
-0.00012
-0.00037
-0.00064
-0.00058
0.00000
0.00046
0.00049
0.00052
0.00024
0.00031
0.00046
0.00046
0.00012
0.00027
0.00046
0.00027
-0.00024
-0.00055
-0.00031
-0.00034
-0.00052
-0.00034
0.00000
0.00000
-0.00024
-0.00027
0.00006
0.00040
0.00049
0.00061
0.00052
0.00012
-0.00003
-0.00018
-0.00021
0.00000
0.00000
0.00000
0.00000
0.00000
0.00000
0.00000
0.00000
0.00000
0.00000
0.00000
0.00000
0.00000
0.00000
0.00000
0.00000
0.00000
0.00000
0.00000
0.00000
0.00000
0.00000
0.00000
0.00000
0.00000
0.00000
0.00000
0.00000
0.00000
0.00000
0.00000
0.00000
0.00000
0.00000
0.00000
0.00000
0.00000
0.00000
0.00000
0.00000
0.00000
0.00000
0.00000
0.00000
0.00000
0.00000
0.00000
0.00000
0.00000
0.00000
0.00000
0.00000
0.00000
0.00000
0.00000
0.00000
0.00000
0.00000
0.00000
0.00000
0.00000
0.00000
0.00000
0.00000
0.00000
0.00000
0.00000
0.00000
0.00000
0.00000
0.00000
0.00000
0.00000
0.00000
0.00000
0.00000
0.00000
0.00000
0.00000
0.00000
0.00000
0.00000
0.00000
0.00000
0.00000
0.00000
0.00000
0.00000
0.00000
0.00000
0.00000
0.00000
0.00000
0.00000
0.00000
0.00000
0.00000
0.00000
0.00000
0.00000
0.00000
0.00000
0.00000
0.00000
0.00000
0.00000
0.00000
0.00000
0.00000
0.00000
0.00000
0.00000
0.00000
0.00000
0.00000
0.00000
0.00000
0.00000
0.00000
0.00000
0.00000
0.00000
0.00000
0.00000
0.00000
0.00000
0.00000
0.00000
