-0.00037
-0.00031
-0.00037
-0.00034
-0.00037
-0.00034
-0.00037
-0.00040
-0.00040
-0.00034
-0.00027
-0.00037
-0.00037
-0.00037
-0.00037
-0.00037
-0.00034
-0.00037
-0.00031
-0.00031
-0.00031
-0.00031
-0.00034
-0.00031
-0.00031
-0.00040
-0.00037
-0.00034
-0.00031
-0.00037
-0.00034
-0.00027
-0.00031
-0.00024
-0.00052
-0.00021
-0.00021
-0.00031
-0.00034
-0.00027
-0.00027
-0.00034
-0.00027
-0.00037
-0.00034
-0.00034
-0.00031
-0.00031
-0.00037
-0.00031
-0.00024
-0.00052
-0.00015
-0.00027
-0.00046
-0.00027
-0.00034
-0.00021
-0.00034
-0.00031
-0.00021
-0.00031
-0.00031
-0.00027
-0.00031
-0.00031
-0.00027
-0.00031
-0.00034
-0.00024
-0.00027
-0.00037
-0.00024
-0.00027
-0.00034
-0.00024
-0.00021
-0.00027
-0.00037
-0.00027
-0.00031
-0.00040
-0.00031
-0.00031
-0.00027
-0.00021
-0.00031
-0.00027
-0.00021
-0.00024
-0.00031
-0.00037
-0.00024
-0.00024
-0.00040
-0.00034
-0.00021
-0.00027
-0.00034
-0.00024
-0.00024
-0.00024
-0.00024
-0.00021
-0.00018
-0.00021
-0.00024
-0.00027
-0.00021
-0.00024
-0.00037
-0.00031
-0.00024
-0.00027
-0.00021
-0.00015
-0.00018
-0.00015
-0.00015
-0.00018
-0.00024
-0.00021
-0.00024
-0.00034
-0.00021
-0.00018
-0.00021
-0.00015
-0.00012
-0.00009
-0.00015
-0.00018
-0.00018
-0.00021
-0.00024
-0.00018
-0.00027
-0.00018
-0.00012
-0.00018
-0.00015
-0.00021
-0.00021
-0.00018
-0.00018
-0.00015
-0.00018
-0.00015
-0.00018
-0.00015
-0.00018
-0.00018
-0.00012
-0.00018
-0.00012
-0.00018
-0.00009
-0.00015
-0.00021
-0.00012
-0.00024
-0.00018
-0.00018
-0.00018
-0.00012
-0.00018
-0.00012
-0.00015
-0.00006
-0.00015
-0.00037
0.00058
-0.00165
0.00241
-0.00455
0.00690
-0.01071
0.00726
-0.16281
-0.06262
0.08069
-0.04843
0.02499
0.00830
0.08679
0.06699
-0.02261
-0.00693
0.03778
0.02182
-0.05545
-0.03256
0.04788
0.02133
-0.01147
0.00638
0.00793
0.00211
-0.00977
-0.03278
0.01730
0.03174
-0.00485
-0.00922
0.00635
0.01663
-0.00525
-0.01242
-0.00455
0.00552
0.00085
-0.00424
0.00513
0.00537
0.00351
0.00299
0.00018
-0.00116
0.00671
-0.00201
-0.00369
0.00162
0.00015
-0.00290
0.00220
0.00110
-0.00046
0.00073
0.00162
-0.00522
-0.00137
0.00565
0.00107
-0.00146
0.00180
0.00409
0.00342
-0.00211
0.00024
0.00192
-0.00104
-0.00345
-0.00308
0.00269
0.00052
-0.00632
-0.00351
-0.00046
0.00250
-0.00027
-0.00003
0.00391
0.00183
-0.00168
-0.00180
-0.00024
-0.00003
-0.00458
-0.00134
-0.00085
-0.00095
-0.00104
-0.00180
0.00055
-0.00061
-0.00211
0.00012
0.00113
0.00125
-0.00122
-0.00015
0.00034
-0.00085
-0.00092
-0.00232
-0.00208
-0.00150
-0.00171
-0.00110
-0.00119
-0.00055
-0.00034
-0.00116
-0.00031
0.00000
0.00085
0.00006
-0.00052
0.00082
0.00092
-0.00031
-0.00089
0.00031
0.00058
-0.00195
-0.00281
-0.00183
-0.00162
-0.00192
-0.00137
0.00049
0.00110
0.00015
-0.00021
0.00000
0.00003
-0.00085
-0.00113
-0.00012
0.00000
-0.00076
-0.00150
-0.00110
-0.00064
-0.00122
-0.00079
0.00000
0.00021
0.00000
-0.00003
0.00085
0.00134
0.00143
0.00113
0.00067
0.00046
0.00006
0.00012
-0.00012
-0.00107
-0.00131
-0.00046
0.00018
-0.00006
-0.00052
-0.00006
0.00037
0.00012
0.00024
0.00101
0.00134
0.00076
-0.00006
-0.00006
0.00006
0.00024
0.00034
0.00021
0.00015
-0.00031
-0.00046
0.00003
0.00082
0.00107
0.00119
0.00095
0.00079
0.00104
0.00079
0.00027
0.00031
0.00076
0.00070
0.00003
-0.00043
-0.00009
0.00018
-0.00003
-0.00003
0.00018
0.00046
0.00031
0.00021
0.00052
0.00085
0.00101
0.00089
0.00067
0.00031
0.00015
0.00009
0.00015
0.00012
0.00000
0.00000
0.00000
0.00000
0.00000
0.00000
0.00000
0.00000
0.00000
0.00000
0.00000
0.00000
0.00000
0.00000
0.00000
0.00000
0.00000
0.00000
0.00000
0.00000
0.00000
0.00000
0.00000
0.00000
0.00000
0.00000
0.00000
0.00000
0.00000
0.00000
0.00000
0.00000
0.00000
0.00000
0.00000
0.00000
0.00000
0.00000
0.00000
0.00000
0.00000
0.00000
0.00000
0.00000
0.00000
0.00000
0.00000
0.00000
0.00000
0.00000
0.00000
0.00000
0.00000
0.00000
0.00000
0.00000
0.00000
0.00000
0.00000
0.00000
0.00000
0.00000
0.00000
0.00000
0.00000
0.00000
0.00000
0.00000
0.00000
0.00000
0.00000
0.00000
0.00000
0.00000
0.00000
0.00000
0.00000
0.00000
0.00000
0.00000
0.00000
0.00000
0.00000
0.00000
0.00000
0.00000
0.00000
0.00000
0.00000
0.00000
0.00000
0.00000
0.00000
0.00000
0.00000
0.00000
0.00000
0.00000
0.00000
0.00000
0.00000
0.00000
0.00000
0.00000
0.00000
0.00000
0.00000
0.00000
0.00000
0.00000
0.00000
0.00000
0.00000
0.00000
0.00000
0.00000
0.00000
0.00000
0.00000
0.00000
0.00000
0.00000
0.00000
0.00000
0.00000
0.00000
0.00000
0.00000
0.00000
