-0.00021
-0.00015
-0.00018
-0.00021
-0.00018
-0.00018
-0.00018
-0.00018
-0.00021
-0.00018
-0.00018
-0.00015
-0.00018
-0.00018
-0.00015
-0.00021
-0.00018
-0.00018
-0.00009
-0.00021
-0.00018
-0.00018
-0.00018
-0.00015
-0.00018
-0.00018
-0.00012
-0.00009
-0.00012
-0.00015
-0.00012
-0.00009
-0.00018
-0.00009
-0.00031
-0.00003
-0.00003
-0.00015
-0.00012
-0.00015
-0.00012
-0.00018
-0.00015
-0.00012
-0.00012
-0.00009
-0.00009
-0.00006
-0.00009
-0.00003
-0.00003
-0.00015
-0.00006
-0.00012
-0.00009
-0.00012
-0.00012
-0.00003
-0.00006
-0.00006
0.00000
-0.00006
-0.00015
0.00003
-0.00015
-0.00003
-0.00006
0.00000
-0.00006
-0.00015
0.00003
-0.00003
-0.00003
-0.00006
-0.00003
-0.00006
-0.00006
-0.00003
-0.00003
-0.00003
-0.00003
-0.00006
-0.00006
0.00003
-0.00003
-0.00003
-0.00006
-0.00003
-0.00006
-0.00003
0.00003
-0.00006
-0.00003
-0.00006
-0.00003
0.00000
-0.00003
0.00000
0.00000
0.00000
0.00000
0.00000
0.00003
0.00000
-0.00006
-0.00003
0.00000
0.00000
-0.00006
0.00003
0.00000
-0.00003
0.00000
0.00003
0.00000
0.00000
0.00003
0.00000
0.00000
0.00000
0.00000
0.00000
-0.00003
-0.00003
0.00000
0.00000
-0.00003
0.00003
0.00000
0.00003
0.00000
-0.00003
0.00003
0.00000
0.00000
0.00000
0.00000
0.00003
0.00000
0.00003
0.00000
0.00000
0.00000
0.00003
-0.00003
0.00000
0.00003
0.00000
0.00009
0.00000
0.00006
0.00003
0.00000
0.00000
0.00000
0.00006
0.00000
0.00003
0.00003
0.00000
0.00000
0.00000
0.00006
0.00000
0.00000
0.00000
0.00000
0.00009
0.00000
0.00003
0.00003
0.00000
0.00003
0.00006
0.00006
0.00003
0.00000
0.00015
-0.00006
0.00027
-0.00031
0.00052
-0.00055
0.00055
-0.00037
-0.00003
0.00092
-0.00183
-0.02020
-0.12964
-0.02243
-0.04120
0.00198
0.09116
0.08383
0.08524
-0.01816
0.04193
0.00070
-0.01401
-0.04416
-0.05099
-0.02423
-0.00732
-0.00110
0.03479
0.05087
0.00430
-0.01312
-0.00189
0.00772
-0.00366
-0.00632
-0.00238
-0.00125
0.00882
0.00070
-0.00848
0.00229
0.00305
-0.00421
-0.00360
0.00589
0.00226
-0.00305
0.00510
0.00528
0.00238
0.00327
0.00299
-0.00360
-0.00098
0.00027
-0.00101
-0.00311
0.00220
0.00113
0.00098
0.00262
0.00195
-0.00076
0.00345
0.00415
0.00000
0.00082
0.00296
0.00122
-0.00061
0.00043
0.00079
-0.00327
-0.00333
-0.00165
0.00064
0.00180
0.00009
0.00119
0.00125
0.00101
0.00070
-0.00076
0.00250
0.00110
-0.00183
-0.00162
-0.00098
-0.00159
-0.00195
-0.00104
-0.00006
-0.00162
0.00052
-0.00070
0.00024
0.00110
0.00046
0.00085
-0.00046
-0.00116
-0.00018
0.00024
0.00031
-0.00168
-0.00082
-0.00061
-0.00140
-0.00137
-0.00204
-0.00146
-0.00073
-0.00067
-0.00021
-0.00031
0.00000
0.00018
-0.00012
0.00055
0.00006
0.00037
0.00021
-0.00012
-0.00012
-0.00070
-0.00110
-0.00186
-0.00214
-0.00159
-0.00220
-0.00235
-0.00137
0.00009
0.00134
0.00122
0.00092
-0.00003
-0.00089
-0.00089
-0.00092
-0.00073
-0.00113
-0.00146
-0.00128
-0.00116
-0.00116
-0.00122
-0.00052
0.00037
0.00012
-0.00009
-0.00006
0.00021
0.00037
0.00043
0.00089
0.00079
0.00006
-0.00070
-0.00085
-0.00043
-0.00058
-0.00134
-0.00174
-0.00131
-0.00055
-0.00006
0.00024
0.00000
-0.00027
0.00021
0.00089
0.00095
0.00021
-0.00034
-0.00046
-0.00055
-0.00064
-0.00034
-0.00006
-0.00006
-0.00040
-0.00052
-0.00031
-0.00006
0.00024
0.00055
0.00101
0.00079
0.00037
0.00000
-0.00009
-0.00034
-0.00052
-0.00073
-0.00076
-0.00089
-0.00049
-0.00043
0.00021
0.00000
0.00000
0.00000
0.00000
0.00000
0.00000
0.00000
0.00000
0.00000
0.00000
0.00000
0.00000
0.00000
0.00000
0.00000
0.00000
0.00000
0.00000
0.00000
0.00000
0.00000
0.00000
0.00000
0.00000
0.00000
0.00000
0.00000
0.00000
0.00000
0.00000
0.00000
0.00000
0.00000
0.00000
0.00000
0.00000
0.00000
0.00000
0.00000
0.00000
0.00000
0.00000
0.00000
0.00000
0.00000
0.00000
0.00000
0.00000
0.00000
0.00000
0.00000
0.00000
0.00000
0.00000
0.00000
0.00000
0.00000
0.00000
0.00000
0.00000
0.00000
0.00000
0.00000
0.00000
0.00000
0.00000
0.00000
0.00000
0.00000
0.00000
0.00000
0.00000
0.00000
0.00000
0.00000
0.00000
0.00000
0.00000
0.00000
0.00000
0.00000
0.00000
0.00000
0.00000
0.00000
0.00000
0.00000
0.00000
0.00000
0.00000
0.00000
0.00000
0.00000
0.00000
0.00000
0.00000
0.00000
0.00000
0.00000
0.00000
0.00000
0.00000
0.00000
0.00000
0.00000
0.00000
0.00000
0.00000
0.00000
0.00000
0.00000
0.00000
0.00000
0.00000
0.00000
0.00000
0.00000
0.00000
0.00000
0.00000
0.00000
0.00000
0.00000
0.00000
0.00000
0.00000
0.00000
0.00000
0.00000
0.00000
0.00000
0.00000
0.00000
0.00000
