0.00015
0.00009
0.00009
0.00012
0.00009
0.00015
0.00018
0.00018
0.00015
0.00015
0.00018
0.00009
0.00012
0.00015
0.00015
0.00009
0.00015
0.00012
0.00009
0.00006
0.00009
0.00012
0.00012
0.00018
0.00015
0.00018
0.00018
0.00012
0.00009
0.00006
0.00006
0.00003
0.00012
0.00018
-0.00003
0.00027
0.00015
0.00006
0.00012
0.00009
0.00012
0.00006
0.00006
0.00009
0.00006
0.00006
0.00015
0.00009
0.00009
0.00012
0.00012
0.00009
0.00006
0.00006
0.00006
0.00003
0.00012
0.00009
0.00000
0.00018
0.00003
0.00006
0.00009
0.00009
0.00006
-0.00003
0.00015
0.00009
0.00006
0.00009
0.00006
0.00009
0.00003
0.00006
0.00003
0.00003
0.00009
0.00003
0.00000
0.00012
0.00009
0.00003
0.00006
0.00006
0.00003
0.00000
0.00009
0.00003
0.00000
0.00003
0.00006
0.00012
0.00003
0.00000
0.00006
0.00003
0.00000
0.00000
0.00003
0.00006
0.00000
0.00000
0.00009
0.00006
-0.00003
0.00000
0.00003
0.00000
0.00000
0.00000
0.00006
0.00000
0.00000
0.00006
0.00003
0.00000
-0.00003
-0.00003
0.00000
0.00000
0.00000
0.00003
0.00003
0.00000
-0.00003
0.00000
0.00003
-0.00006
-0.00003
-0.00003
0.00000
0.00000
0.00000
0.00003
0.00000
-0.00003
0.00000
0.00000
0.00000
0.00003
-0.00003
-0.00003
0.00000
-0.00003
0.00000
-0.00006
-0.00003
-0.00003
-0.00003
0.00000
-0.00003
0.00003
0.00000
0.00000
0.00000
-0.00003
-0.00006
-0.00006
-0.00006
-0.00009
-0.00012
-0.00006
0.00000
0.00003
-0.00003
0.00000
0.00000
-0.00006
-0.00006
-0.00006
-0.00006
-0.00003
-0.00012
0.00003
-0.00015
0.00021
-0.00055
0.00049
-0.00092
0.00079
-0.00113
0.00107
-0.00125
0.00119
-0.04022
-0.17651
-0.06909
0.00467
0.02994
0.11496
0.12378
0.10889
-0.00406
0.00336
-0.00812
-0.03922
-0.05368
-0.07452
-0.03586
0.01788
0.03082
0.04996
0.06213
0.00363
-0.02695
-0.01486
0.00314
-0.00620
-0.00400
-0.00394
-0.00293
0.00974
0.00937
-0.00775
-0.00266
0.00247
-0.00430
-0.00443
0.00821
0.00574
-0.00357
0.00406
0.00882
0.00256
0.00241
0.00305
-0.00467
-0.00500
-0.00162
-0.00339
-0.00653
-0.00058
0.00119
-0.00009
0.00403
0.00406
-0.00061
0.00198
0.00711
0.00162
-0.00140
0.00198
0.00174
-0.00198
-0.00137
-0.00043
-0.00369
-0.00436
-0.00125
0.00040
0.00302
0.00134
-0.00146
-0.00192
0.00040
0.00043
0.00000
0.00366
0.00143
-0.00220
-0.00146
-0.00180
-0.00223
-0.00299
-0.00372
-0.00165
-0.00095
-0.00085
-0.00031
0.00128
0.00122
-0.00055
0.00031
-0.00031
-0.00049
-0.00012
-0.00143
-0.00131
-0.00153
-0.00128
-0.00067
-0.00171
-0.00241
-0.00284
-0.00171
-0.00095
-0.00082
-0.00003
-0.00043
-0.00046
0.00027
0.00015
0.00061
0.00000
-0.00034
0.00006
0.00009
-0.00034
-0.00156
-0.00165
-0.00201
-0.00269
-0.00238
-0.00290
-0.00299
-0.00153
0.00061
0.00241
0.00220
0.00119
-0.00058
-0.00204
-0.00220
-0.00195
-0.00143
-0.00125
-0.00143
-0.00140
-0.00119
-0.00079
-0.00101
-0.00089
0.00021
0.00058
0.00018
-0.00024
-0.00012
0.00034
0.00073
0.00101
0.00052
-0.00021
-0.00082
-0.00104
-0.00092
-0.00128
-0.00204
-0.00211
-0.00122
-0.00006
0.00049
0.00055
0.00003
-0.00052
-0.00012
0.00092
0.00122
0.00037
-0.00070
-0.00092
-0.00076
-0.00082
-0.00061
-0.00031
-0.00012
-0.00046
-0.00070
-0.00055
0.00003
0.00076
0.00110
0.00119
0.00067
0.00015
-0.00012
-0.00021
-0.00040
-0.00058
-0.00067
-0.00107
-0.00104
-0.00107
-0.00070
-0.00049
0.00009
0.00000
0.00000
0.00000
0.00000
0.00000
0.00000
0.00000
0.00000
0.00000
0.00000
0.00000
0.00000
0.00000
0.00000
0.00000
0.00000
0.00000
0.00000
0.00000
0.00000
0.00000
0.00000
0.00000
0.00000
0.00000
0.00000
0.00000
0.00000
0.00000
0.00000
0.00000
0.00000
0.00000
0.00000
0.00000
0.00000
0.00000
0.00000
0.00000
0.00000
0.00000
0.00000
0.00000
0.00000
0.00000
0.00000
0.00000
0.00000
0.00000
0.00000
0.00000
0.00000
0.00000
0.00000
0.00000
0.00000
0.00000
0.00000
0.00000
0.00000
0.00000
0.00000
0.00000
0.00000
0.00000
0.00000
0.00000
0.00000
0.00000
0.00000
0.00000
0.00000
0.00000
0.00000
0.00000
0.00000
0.00000
0.00000
0.00000
0.00000
0.00000
0.00000
0.00000
0.00000
0.00000
0.00000
0.00000
0.00000
0.00000
0.00000
0.00000
0.00000
0.00000
0.00000
0.00000
0.00000
0.00000
0.00000
0.00000
0.00000
0.00000
0.00000
0.00000
0.00000
0.00000
0.00000
0.00000
0.00000
0.00000
0.00000
0.00000
0.00000
0.00000
0.00000
0.00000
0.00000
0.00000
0.00000
0.00000
0.00000
0.00000
0.00000
0.00000
0.00000
0.00000
0.00000
0.00000
0.00000
0.00000
0.00000
0.00000
0.00000
0.00000
0.00000
0.00000
0.00000
0.00000
