-0.00031
-0.00024
-0.00027
-0.00034
-0.00031
-0.00027
-0.00031
-0.00031
-0.00027
-0.00024
-0.00027
-0.00021
-0.00027
-0.00031
-0.00031
-0.00034
-0.00040
-0.00034
-0.00031
-0.00034
-0.00027
-0.00024
-0.00027
-0.00027
-0.00021
-0.00031
-0.00031
-0.00031
-0.00037
-0.00040
-0.00040
-0.00034
-0.00034
-0.00027
-0.00052
-0.00015
-0.00021
-0.00040
-0.00034
-0.00040
-0.00034
-0.00037
-0.00034
-0.00027
-0.00024
-0.00034
-0.00037
-0.00034
-0.00037
-0.00034
-0.00037
-0.00031
-0.00031
-0.00037
-0.00031
-0.00027
-0.00031
-0.00024
-0.00040
-0.00043
-0.00024
-0.00049
-0.00031
-0.00034
-0.00031
-0.00043
-0.00040
-0.00021
-0.00037
-0.00037
-0.00031
-0.00034
-0.00043
-0.00037
-0.00027
-0.00034
-0.00037
-0.00034
-0.00043
-0.00040
-0.00024
-0.00040
-0.00037
-0.00034
-0.00027
-0.00037
-0.00034
-0.00021
-0.00040
-0.00037
-0.00034
-0.00037
-0.00034
-0.00034
-0.00034
-0.00034
-0.00037
-0.00031
-0.00037
-0.00034
-0.00040
-0.00052
-0.00040
-0.00037
-0.00040
-0.00046
-0.00027
-0.00027
-0.00040
-0.00034
-0.00027
-0.00027
-0.00040
-0.00034
-0.00040
-0.00040
-0.00043
-0.00040
-0.00040
-0.00037
-0.00034
-0.00037
-0.00031
-0.00037
-0.00034
-0.00037
-0.00034
-0.00037
-0.00046
-0.00037
-0.00040
-0.00040
-0.00037
-0.00037
-0.00037
-0.00043
-0.00034
-0.00031
-0.00031
-0.00034
-0.00037
-0.00046
-0.00040
-0.00037
-0.00049
-0.00034
-0.00040
-0.00037
-0.00040
-0.00037
-0.00034
-0.00040
-0.00034
-0.00034
-0.00027
-0.00031
-0.00037
-0.00031
-0.00037
-0.00040
-0.00049
-0.00043
-0.00040
-0.00034
-0.00027
-0.00040
-0.00031
-0.00037
-0.00040
-0.00034
-0.00034
-0.00034
-0.00034
-0.00043
-0.00015
-0.00049
0.00006
-0.00101
0.00058
-0.00171
0.00122
-0.00226
0.00189
-0.00266
0.00174
-0.05286
-0.17853
-0.01334
-0.03406
0.04562
0.13028
0.10629
0.08948
-0.03586
0.03320
-0.01956
-0.03320
-0.05463
-0.05734
-0.01898
0.01025
0.01578
0.05347
0.05017
-0.01492
-0.02191
-0.00357
0.00912
-0.00830
-0.00415
0.00165
0.00082
0.00974
-0.00067
-0.01349
0.00137
0.00171
-0.00494
-0.00070
0.01199
0.00073
-0.00488
0.00757
0.00638
0.00146
0.00308
0.00040
-0.00641
-0.00229
-0.00174
-0.00455
-0.00510
0.00226
0.00018
0.00067
0.00421
0.00253
-0.00095
0.00491
0.00601
0.00024
0.00092
0.00189
-0.00043
-0.00229
-0.00040
-0.00052
-0.00504
-0.00348
-0.00034
0.00128
0.00269
-0.00092
-0.00006
-0.00034
-0.00107
0.00110
0.00168
0.00412
0.00003
-0.00287
-0.00192
-0.00137
-0.00165
-0.00500
-0.00241
0.00067
-0.00125
0.00046
-0.00064
0.00024
0.00079
0.00043
0.00037
-0.00055
-0.00018
-0.00049
-0.00095
-0.00021
-0.00180
-0.00073
-0.00049
-0.00262
-0.00235
-0.00220
-0.00110
-0.00046
-0.00058
0.00006
-0.00031
0.00006
0.00003
-0.00015
0.00101
0.00012
0.00018
0.00027
0.00000
-0.00031
-0.00125
-0.00146
-0.00204
-0.00232
-0.00186
-0.00275
-0.00241
-0.00092
0.00098
0.00235
0.00174
0.00098
-0.00061
-0.00180
-0.00165
-0.00113
-0.00046
-0.00095
-0.00150
-0.00140
-0.00107
-0.00073
-0.00089
-0.00024
0.00073
0.00046
0.00012
-0.00012
0.00021
0.00067
0.00089
0.00128
0.00061
-0.00012
-0.00067
-0.00070
-0.00052
-0.00107
-0.00177
-0.00174
-0.00079
0.00018
0.00061
0.00073
0.00021
-0.00018
0.00034
0.00119
0.00125
0.00031
-0.00043
-0.00052
-0.00061
-0.00067
-0.00021
0.00012
0.00018
-0.00018
-0.00024
-0.00006
0.00027
0.00089
0.00128
0.00156
0.00095
0.00021
-0.00021
-0.00003
0.00009
-0.00012
-0.00064
-0.00052
-0.00052
-0.00043
-0.00055
0.00003
0.00000
0.00000
0.00000
0.00000
0.00000
0.00000
0.00000
0.00000
0.00000
0.00000
0.00000
0.00000
0.00000
0.00000
0.00000
0.00000
0.00000
0.00000
0.00000
0.00000
0.00000
0.00000
0.00000
0.00000
0.00000
0.00000
0.00000
0.00000
0.00000
0.00000
0.00000
0.00000
0.00000
0.00000
0.00000
0.00000
0.00000
0.00000
0.00000
0.00000
0.00000
0.00000
0.00000
0.00000
0.00000
0.00000
0.00000
0.00000
0.00000
0.00000
0.00000
0.00000
0.00000
0.00000
0.00000
0.00000
0.00000
0.00000
0.00000
0.00000
0.00000
0.00000
0.00000
0.00000
0.00000
0.00000
0.00000
0.00000
0.00000
0.00000
0.00000
0.00000
0.00000
0.00000
0.00000
0.00000
0.00000
0.00000
0.00000
0.00000
0.00000
0.00000
0.00000
0.00000
0.00000
0.00000
0.00000
0.00000
0.00000
0.00000
0.00000
0.00000
0.00000
0.00000
0.00000
0.00000
0.00000
0.00000
0.00000
0.00000
0.00000
0.00000
0.00000
0.00000
0.00000
0.00000
0.00000
0.00000
0.00000
0.00000
0.00000
0.00000
0.00000
0.00000
0.00000
0.00000
0.00000
0.00000
0.00000
0.00000
0.00000
0.00000
0.00000
0.00000
0.00000
0.00000
0.00000
0.00000
0.00000
0.00000
0.00000
0.00000
0.00000
0.00000
0.00000
0.00000
0.00000
