-0.00021
-0.00015
-0.00021
-0.00021
-0.00018
-0.00018
-0.00015
-0.00012
-0.00012
-0.00012
-0.00012
-0.00015
-0.00015
-0.00018
-0.00018
-0.00024
-0.00021
-0.00018
-0.00024
-0.00018
-0.00015
-0.00018
-0.00018
-0.00009
-0.00006
-0.00012
-0.00015
-0.00009
-0.00009
-0.00015
-0.00015
-0.00018
-0.00018
-0.00012
-0.00040
-0.00003
-0.00012
-0.00021
-0.00018
-0.00021
-0.00006
-0.00009
-0.00012
-0.00009
-0.00009
-0.00015
-0.00015
-0.00021
-0.00027
-0.00024
-0.00024
-0.00021
-0.00018
-0.00009
-0.00009
-0.00012
-0.00006
-0.00009
-0.00034
-0.00015
-0.00027
-0.00024
-0.00003
-0.00012
-0.00003
-0.00012
0.00000
-0.00009
-0.00015
-0.00015
-0.00018
-0.00024
-0.00024
-0.00015
-0.00012
-0.00012
-0.00012
-0.00015
-0.00024
-0.00015
-0.00018
-0.00021
-0.00018
-0.00009
-0.00006
-0.00015
-0.00006
-0.00015
-0.00034
-0.00034
-0.00031
-0.00027
-0.00024
-0.00021
-0.00012
-0.00009
-0.00009
-0.00009
-0.00018
-0.00015
-0.00027
-0.00034
-0.00015
-0.00012
-0.00021
-0.00009
0.00000
-0.00009
-0.00018
-0.00018
-0.00018
-0.00024
-0.00024
-0.00024
-0.00024
-0.00024
-0.00024
-0.00018
-0.00006
-0.00006
-0.00015
-0.00012
-0.00012
-0.00018
-0.00021
-0.00021
-0.00018
-0.00031
-0.00027
-0.00018
-0.00021
-0.00018
-0.00021
-0.00018
-0.00015
-0.00015
-0.00015
-0.00018
-0.00018
-0.00024
-0.00031
-0.00034
-0.00027
-0.00034
-0.00024
-0.00021
-0.00018
-0.00015
-0.00024
-0.00024
-0.00031
-0.00027
-0.00024
-0.00018
-0.00015
-0.00012
-0.00018
-0.00018
-0.00018
-0.00024
-0.00031
-0.00034
-0.00043
-0.00031
-0.00027
-0.00024
-0.00018
-0.00024
-0.00018
-0.00018
-0.00018
-0.00021
-0.00031
-0.00021
-0.00037
-0.00015
-0.00040
-0.00018
-0.00009
-0.00082
0.00098
-0.00241
0.00342
-0.00583
-0.00925
-0.16107
-0.09827
0.00528
-0.00861
0.12360
0.11005
0.12271
0.00464
-0.00290
0.00757
-0.03729
-0.04639
-0.06906
-0.03845
0.00418
0.02490
0.03662
0.06805
0.00836
-0.02612
-0.01556
0.00476
-0.00089
-0.00861
-0.00119
0.00018
0.00729
0.00900
-0.00888
-0.00674
0.00314
-0.00333
-0.00500
0.00726
0.00903
-0.00525
0.00232
0.00903
0.00369
0.00128
0.00360
-0.00470
-0.00482
-0.00180
-0.00323
-0.00681
-0.00119
0.00192
-0.00055
0.00314
0.00433
-0.00018
0.00107
0.00723
0.00250
-0.00067
0.00189
0.00143
-0.00162
-0.00186
-0.00009
-0.00336
-0.00500
-0.00140
0.00027
0.00259
0.00122
-0.00156
-0.00061
-0.00034
-0.00006
0.00046
0.00342
0.00208
-0.00180
-0.00192
-0.00204
-0.00192
-0.00281
-0.00479
-0.00089
-0.00064
-0.00092
0.00012
0.00024
0.00076
-0.00027
0.00061
-0.00021
-0.00073
-0.00021
-0.00128
-0.00076
-0.00125
-0.00186
-0.00043
-0.00156
-0.00278
-0.00287
-0.00195
-0.00085
-0.00067
-0.00024
-0.00015
-0.00043
0.00031
-0.00027
0.00027
0.00027
-0.00031
0.00018
0.00006
-0.00024
-0.00119
-0.00159
-0.00183
-0.00262
-0.00226
-0.00269
-0.00317
-0.00189
0.00009
0.00223
0.00217
0.00122
-0.00012
-0.00174
-0.00214
-0.00201
-0.00128
-0.00092
-0.00140
-0.00153
-0.00140
-0.00101
-0.00104
-0.00089
0.00037
0.00061
0.00012
-0.00018
-0.00024
0.00027
0.00064
0.00104
0.00079
-0.00003
-0.00067
-0.00101
-0.00085
-0.00098
-0.00171
-0.00214
-0.00156
-0.00027
0.00058
0.00061
0.00009
-0.00040
-0.00006
0.00082
0.00116
0.00055
-0.00037
-0.00079
-0.00079
-0.00085
-0.00058
-0.00015
-0.00003
-0.00031
-0.00070
-0.00055
-0.00003
0.00058
0.00095
0.00140
0.00113
0.00046
-0.00006
-0.00027
-0.00027
-0.00037
-0.00052
-0.00101
-0.00085
-0.00082
-0.00055
-0.00064
0.00000
0.00006
0.00000
0.00000
0.00000
0.00000
0.00000
0.00000
0.00000
0.00000
0.00000
0.00000
0.00000
0.00000
0.00000
0.00000
0.00000
0.00000
0.00000
0.00000
0.00000
0.00000
0.00000
0.00000
0.00000
0.00000
0.00000
0.00000
0.00000
0.00000
0.00000
0.00000
0.00000
0.00000
0.00000
0.00000
0.00000
0.00000
0.00000
0.00000
0.00000
0.00000
0.00000
0.00000
0.00000
0.00000
0.00000
0.00000
0.00000
0.00000
0.00000
0.00000
0.00000
0.00000
0.00000
0.00000
0.00000
0.00000
0.00000
0.00000
0.00000
0.00000
0.00000
0.00000
0.00000
0.00000
0.00000
0.00000
0.00000
0.00000
0.00000
0.00000
0.00000
0.00000
0.00000
0.00000
0.00000
0.00000
0.00000
0.00000
0.00000
0.00000
0.00000
0.00000
0.00000
0.00000
0.00000
0.00000
0.00000
0.00000
0.00000
0.00000
0.00000
0.00000
0.00000
0.00000
0.00000
0.00000
0.00000
0.00000
0.00000
0.00000
0.00000
0.00000
0.00000
0.00000
0.00000
0.00000
0.00000
0.00000
0.00000
0.00000
0.00000
0.00000
0.00000
0.00000
0.00000
0.00000
0.00000
0.00000
0.00000
0.00000
0.00000
0.00000
0.00000
0.00000
0.00000
0.00000
0.00000
0.00000
0.00000
0.00000
0.00000
0.00000
0.00000
0.00000
0.00000
0.00000
