0.00000
-0.00003
0.00000
0.00000
-0.00003
0.00000
-0.00003
0.00000
-0.00003
-0.00003
-0.00003
-0.00003
0.00000
0.00000
0.00003
0.00000
0.00000
-0.00003
-0.00003
-0.00003
-0.00009
-0.00006
-0.00003
-0.00003
0.00000
0.00009
0.00003
0.00003
0.00000
0.00000
-0.00003
-0.00009
-0.00009
-0.00006
-0.00027
0.00009
0.00000
0.00000
0.00003
-0.00003
0.00003
0.00000
0.00003
0.00000
0.00000
-0.00003
-0.00003
-0.00003
0.00000
-0.00006
0.00000
0.00000
0.00000
0.00000
0.00000
0.00000
0.00000
0.00000
0.00003
0.00000
-0.00012
0.00015
-0.00015
-0.00003
-0.00003
-0.00006
-0.00003
-0.00015
0.00009
0.00000
0.00000
0.00000
0.00000
-0.00006
-0.00006
0.00000
0.00000
0.00000
0.00000
-0.00006
-0.00012
0.00000
-0.00009
-0.00009
-0.00009
-0.00006
-0.00006
-0.00006
0.00006
-0.00006
-0.00006
-0.00006
-0.00009
0.00000
0.00000
-0.00003
-0.00003
-0.00009
-0.00009
-0.00009
-0.00006
-0.00006
-0.00015
-0.00006
-0.00003
-0.00006
-0.00015
-0.00006
-0.00006
-0.00015
-0.00009
-0.00003
0.00000
-0.00009
0.00000
0.00000
-0.00006
-0.00012
-0.00012
-0.00009
-0.00009
-0.00012
-0.00009
-0.00003
-0.00009
-0.00012
-0.00012
-0.00006
-0.00009
-0.00012
0.00000
0.00000
0.00000
0.00000
-0.00003
-0.00009
-0.00018
-0.00012
-0.00015
-0.00009
-0.00006
-0.00003
-0.00006
-0.00003
0.00000
-0.00009
-0.00003
-0.00009
-0.00009
-0.00012
-0.00012
-0.00003
-0.00006
-0.00003
-0.00012
-0.00006
-0.00006
-0.00012
-0.00009
-0.00003
0.00000
-0.00012
-0.00015
-0.00009
-0.00009
0.00000
-0.00009
-0.00006
-0.00003
-0.00009
-0.00003
-0.00006
0.00000
-0.00009
-0.00018
0.00000
-0.00018
0.00015
-0.00037
0.00027
-0.00024
-0.00024
0.00061
-0.00192
0.00330
-0.00571
-0.01300
-0.16479
-0.04321
-0.02298
-0.00574
0.13132
0.08905
0.11011
-0.02966
0.03223
-0.00150
-0.02475
-0.04221
-0.05966
-0.02640
-0.00372
0.00735
0.03519
0.06213
-0.00119
-0.01999
-0.00415
0.00858
-0.00284
-0.00546
0.00055
-0.00262
0.00793
0.00247
-0.01318
0.00034
0.00449
-0.00412
-0.00195
0.00897
0.00320
-0.00565
0.00623
0.00607
0.00278
0.00208
0.00201
-0.00604
-0.00168
-0.00156
-0.00281
-0.00470
0.00119
0.00043
0.00064
0.00391
0.00330
-0.00012
0.00388
0.00595
0.00107
0.00000
0.00134
0.00021
-0.00143
-0.00061
0.00055
-0.00397
-0.00403
-0.00055
0.00104
0.00171
-0.00003
0.00012
-0.00101
-0.00003
0.00217
0.00055
0.00412
0.00018
-0.00330
-0.00128
-0.00064
-0.00266
-0.00385
-0.00232
0.00085
-0.00070
-0.00024
-0.00153
0.00000
0.00146
0.00000
0.00082
0.00018
-0.00073
-0.00040
-0.00076
-0.00006
-0.00146
-0.00116
-0.00092
-0.00220
-0.00159
-0.00201
-0.00146
-0.00079
-0.00064
0.00000
-0.00024
-0.00055
0.00000
-0.00012
0.00098
0.00024
0.00018
0.00052
0.00003
-0.00006
-0.00104
-0.00131
-0.00186
-0.00235
-0.00171
-0.00247
-0.00284
-0.00168
0.00024
0.00204
0.00174
0.00119
0.00000
-0.00113
-0.00116
-0.00119
-0.00089
-0.00116
-0.00159
-0.00137
-0.00101
-0.00061
-0.00085
-0.00061
0.00034
0.00031
0.00003
0.00000
0.00009
0.00040
0.00061
0.00110
0.00082
0.00018
-0.00034
-0.00076
-0.00076
-0.00095
-0.00156
-0.00174
-0.00131
-0.00024
0.00058
0.00089
0.00027
-0.00046
-0.00003
0.00076
0.00113
0.00064
-0.00015
-0.00055
-0.00073
-0.00076
-0.00027
0.00006
0.00015
-0.00021
-0.00049
-0.00027
0.00015
0.00073
0.00101
0.00143
0.00089
0.00009
-0.00027
-0.00009
0.00003
-0.00052
-0.00067
-0.00070
-0.00037
-0.00067
-0.00037
-0.00031
0.00000
0.00000
0.00000
0.00000
0.00000
0.00000
0.00000
0.00000
0.00000
0.00000
0.00000
0.00000
0.00000
0.00000
0.00000
0.00000
0.00000
0.00000
0.00000
0.00000
0.00000
0.00000
0.00000
0.00000
0.00000
0.00000
0.00000
0.00000
0.00000
0.00000
0.00000
0.00000
0.00000
0.00000
0.00000
0.00000
0.00000
0.00000
0.00000
0.00000
0.00000
0.00000
0.00000
0.00000
0.00000
0.00000
0.00000
0.00000
0.00000
0.00000
0.00000
0.00000
0.00000
0.00000
0.00000
0.00000
0.00000
0.00000
0.00000
0.00000
0.00000
0.00000
0.00000
0.00000
0.00000
0.00000
0.00000
0.00000
0.00000
0.00000
0.00000
0.00000
0.00000
0.00000
0.00000
0.00000
0.00000
0.00000
0.00000
0.00000
0.00000
0.00000
0.00000
0.00000
0.00000
0.00000
0.00000
0.00000
0.00000
0.00000
0.00000
0.00000
0.00000
0.00000
0.00000
0.00000
0.00000
0.00000
0.00000
0.00000
0.00000
0.00000
0.00000
0.00000
0.00000
0.00000
0.00000
0.00000
0.00000
0.00000
0.00000
0.00000
0.00000
0.00000
0.00000
0.00000
0.00000
0.00000
0.00000
0.00000
0.00000
0.00000
0.00000
0.00000
0.00000
0.00000
0.00000
0.00000
0.00000
0.00000
0.00000
0.00000
0.00000
0.00000
0.00000
0.00000
