-0.00024
-0.00021
-0.00024
-0.00024
-0.00027
-0.00027
-0.00027
-0.00027
-0.00027
-0.00027
-0.00024
-0.00027
-0.00027
-0.00027
-0.00027
-0.00031
-0.00027
-0.00027
-0.00031
-0.00027
-0.00027
-0.00031
-0.00027
-0.00027
-0.00031
-0.00027
-0.00027
-0.00031
-0.00031
-0.00027
-0.00027
-0.00031
-0.00031
-0.00031
-0.00031
-0.00031
-0.00031
-0.00031
-0.00037
-0.00034
-0.00027
-0.00031
-0.00031
-0.00027
-0.00034
-0.00034
-0.00031
-0.00037
-0.00037
-0.00037
-0.00034
-0.00034
-0.00034
-0.00031
-0.00034
-0.00037
-0.00034
-0.00034
-0.00031
-0.00031
-0.00031
-0.00031
-0.00031
-0.00034
-0.00040
-0.00037
-0.00037
-0.00034
-0.00027
-0.00031
-0.00034
-0.00034
-0.00034
-0.00034
-0.00037
-0.00034
-0.00034
-0.00034
-0.00034
-0.00034
-0.00037
-0.00037
-0.00040
-0.00037
-0.00040
-0.00037
-0.00034
-0.00031
-0.00034
-0.00037
-0.00034
-0.00034
-0.00034
-0.00037
-0.00037
-0.00040
-0.00043
-0.00037
-0.00037
-0.00037
-0.00034
-0.00034
-0.00037
-0.00037
-0.00037
-0.00037
-0.00040
-0.00037
-0.00037
-0.00037
-0.00034
-0.00034
-0.00037
-0.00037
-0.00034
-0.00034
-0.00037
-0.00040
-0.00040
-0.00043
-0.00040
-0.00037
-0.00037
-0.00037
-0.00034
-0.00037
-0.00043
-0.00043
-0.00040
-0.00037
-0.00040
-0.00034
-0.00034
-0.00037
-0.00037
-0.00040
-0.00043
-0.00040
-0.00040
-0.00040
-0.00034
-0.00034
-0.00037
-0.00037
-0.00037
-0.00040
-0.00040
-0.00040
-0.00037
-0.00037
-0.00037
-0.00040
-0.00040
-0.00043
-0.00043
-0.00040
-0.00040
-0.00037
-0.00034
-0.00034
-0.00040
-0.00037
-0.00034
-0.00037
-0.00037
-0.00040
-0.00040
-0.00040
-0.00040
-0.00040
-0.00040
-0.00037
-0.00037
-0.00037
-0.00034
-0.00037
-0.00040
-0.00037
-0.00034
-0.00034
-0.00031
-0.00031
-0.00034
-0.00031
-0.00031
-0.00040
-0.00034
-0.00043
-0.00037
-0.00049
-0.00031
-0.00031
-0.00021
-0.00003
-0.00031
-0.00378
-0.02914
-0.03766
-0.03372
-0.01019
0.01736
0.02469
0.02414
0.01709
0.01797
0.00461
-0.00775
-0.01050
-0.01041
-0.00546
0.00290
0.00345
0.00449
0.00247
-0.00104
0.00156
0.00555
0.00253
-0.00204
-0.00082
0.00012
0.00171
0.00433
0.00430
0.00259
0.00226
-0.00082
-0.00266
-0.00150
-0.00101
-0.00079
0.00128
0.00244
0.00247
0.00299
0.00342
0.00247
0.00040
-0.00101
-0.00116
-0.00003
0.00067
0.00128
0.00122
0.00061
0.00000
0.00031
0.00043
0.00162
0.00134
0.00098
0.00113
0.00073
0.00052
0.00040
0.00052
0.00015
0.00000
0.00000
-0.00034
-0.00064
-0.00064
-0.00052
0.00009
0.00027
0.00037
0.00037
0.00031
0.00055
0.00055
0.00037
-0.00037
-0.00116
-0.00128
-0.00082
-0.00018
-0.00006
-0.00064
-0.00079
-0.00110
-0.00153
-0.00177
-0.00082
-0.00098
-0.00040
0.00116
0.00082
0.00131
0.00101
-0.00006
-0.00131
-0.00153
-0.00226
-0.00266
-0.00143
-0.00165
-0.00073
-0.00021
-0.00046
-0.00061
-0.00055
-0.00027
-0.00046
0.00012
0.00000
-0.00061
-0.00058
-0.00082
-0.00101
-0.00085
-0.00085
-0.00095
-0.00098
-0.00137
-0.00201
-0.00220
-0.00217
-0.00214
-0.00186
-0.00137
-0.00082
-0.00037
-0.00009
0.00000
0.00037
0.00070
0.00058
0.00021
0.00027
0.00037
0.00031
0.00024
0.00034
0.00034
-0.00015
-0.00070
-0.00125
-0.00171
-0.00165
-0.00107
-0.00055
-0.00021
0.00009
0.00024
0.00006
0.00000
0.00015
0.00000
-0.00037
-0.00055
-0.00064
-0.00073
-0.00073
-0.00082
-0.00085
-0.00061
-0.00031
-0.00018
0.00000
0.00024
0.00024
0.00015
0.00015
0.00003
-0.00018
-0.00034
-0.00037
-0.00034
-0.00031
-0.00037
-0.00034
-0.00012
0.00015
0.00034
0.00034
0.00009
0.00000
-0.00003
-0.00003
-0.00009
0.00003
0.00000
0.00000
0.00000
0.00000
0.00000
0.00000
0.00000
0.00000
0.00000
0.00000
0.00000
0.00000
0.00000
0.00000
0.00000
0.00000
0.00000
0.00000
0.00000
0.00000
0.00000
0.00000
0.00000
0.00000
0.00000
0.00000
0.00000
0.00000
0.00000
0.00000
0.00000
0.00000
0.00000
0.00000
0.00000
0.00000
0.00000
0.00000
0.00000
0.00000
0.00000
0.00000
0.00000
0.00000
0.00000
0.00000
0.00000
0.00000
0.00000
0.00000
0.00000
0.00000
0.00000
0.00000
0.00000
0.00000
0.00000
0.00000
0.00000
0.00000
0.00000
0.00000
0.00000
0.00000
0.00000
0.00000
0.00000
0.00000
0.00000
0.00000
0.00000
0.00000
0.00000
0.00000
0.00000
0.00000
0.00000
0.00000
0.00000
0.00000
0.00000
0.00000
0.00000
0.00000
0.00000
0.00000
0.00000
0.00000
0.00000
0.00000
0.00000
0.00000
0.00000
0.00000
0.00000
0.00000
0.00000
0.00000
0.00000
0.00000
0.00000
0.00000
0.00000
0.00000
0.00000
0.00000
0.00000
0.00000
0.00000
0.00000
0.00000
0.00000
0.00000
0.00000
0.00000
0.00000
0.00000
0.00000
0.00000
0.00000
0.00000
0.00000
0.00000
0.00000
0.00000
0.00000
0.00000
0.00000
0.00000
0.00000
0.00000
