-0.00024
-0.00021
-0.00024
-0.00027
-0.00024
-0.00018
-0.00021
-0.00021
-0.00015
-0.00021
-0.00024
-0.00024
-0.00024
-0.00021
-0.00021
-0.00021
-0.00021
-0.00015
-0.00021
-0.00024
-0.00024
-0.00027
-0.00024
-0.00018
-0.00021
-0.00021
-0.00018
-0.00018
-0.00015
-0.00018
-0.00024
-0.00024
-0.00024
-0.00024
-0.00031
-0.00024
-0.00021
-0.00021
-0.00018
-0.00021
-0.00018
-0.00024
-0.00027
-0.00018
-0.00015
-0.00021
-0.00021
-0.00018
-0.00021
-0.00024
-0.00024
-0.00024
-0.00027
-0.00024
-0.00021
-0.00012
-0.00015
-0.00012
-0.00034
-0.00031
-0.00031
-0.00031
-0.00015
-0.00024
-0.00021
-0.00018
-0.00009
-0.00018
-0.00024
-0.00021
-0.00024
-0.00027
-0.00027
-0.00021
-0.00018
-0.00021
-0.00018
-0.00018
-0.00024
-0.00027
-0.00024
-0.00021
-0.00024
-0.00024
-0.00021
-0.00027
-0.00021
-0.00024
-0.00031
-0.00024
-0.00021
-0.00024
-0.00018
-0.00021
-0.00031
-0.00024
-0.00015
-0.00021
-0.00027
-0.00021
-0.00024
-0.00021
-0.00021
-0.00018
-0.00024
-0.00027
-0.00027
-0.00031
-0.00024
-0.00027
-0.00027
-0.00021
-0.00018
-0.00018
-0.00021
-0.00021
-0.00027
-0.00034
-0.00031
-0.00027
-0.00021
-0.00021
-0.00021
-0.00018
-0.00021
-0.00024
-0.00021
-0.00021
-0.00024
-0.00024
-0.00021
-0.00024
-0.00024
-0.00021
-0.00024
-0.00024
-0.00018
-0.00018
-0.00024
-0.00021
-0.00024
-0.00031
-0.00024
-0.00024
-0.00021
-0.00015
-0.00015
-0.00018
-0.00021
-0.00018
-0.00024
-0.00018
-0.00018
-0.00018
-0.00015
-0.00024
-0.00018
-0.00021
-0.00024
-0.00024
-0.00021
-0.00018
-0.00021
-0.00009
-0.00012
-0.00018
-0.00012
-0.00024
-0.00024
-0.00018
-0.00018
-0.00024
-0.00021
-0.00021
-0.00021
-0.00018
-0.00003
-0.00055
0.00037
-0.00119
0.00137
-0.00269
0.00339
-0.00537
0.00198
-0.10693
-0.15530
-0.03543
0.02386
0.12421
0.10159
0.07474
0.03882
0.03314
-0.01315
-0.07159
-0.04785
-0.03125
-0.00006
0.02975
0.01462
-0.00668
0.00244
0.00134
0.00595
0.02032
0.00995
-0.01807
-0.00113
0.00558
0.00180
0.00473
0.00693
-0.00015
0.00037
-0.00266
-0.01004
-0.00623
-0.00021
0.00067
0.00079
0.00739
0.00610
0.00479
0.00519
0.00558
-0.00107
-0.00479
-0.00610
-0.00412
-0.00235
0.00250
0.00189
-0.00012
-0.00006
0.00381
0.00403
0.00415
0.00409
0.00000
-0.00098
0.00003
-0.00061
-0.00043
-0.00055
-0.00064
-0.00110
-0.00092
-0.00067
-0.00266
-0.00143
-0.00043
0.00064
0.00174
0.00089
0.00162
0.00058
0.00058
0.00076
0.00018
-0.00037
-0.00177
-0.00259
-0.00189
-0.00143
-0.00110
-0.00366
-0.00348
-0.00284
-0.00095
0.00186
0.00296
0.00409
0.00308
0.00189
0.00101
-0.00153
-0.00302
-0.00394
-0.00400
-0.00232
-0.00275
-0.00241
-0.00229
-0.00110
-0.00034
0.00040
0.00037
0.00049
0.00064
0.00000
-0.00043
-0.00037
-0.00031
0.00012
0.00055
0.00000
-0.00137
-0.00241
-0.00275
-0.00272
-0.00275
-0.00204
-0.00104
-0.00040
0.00015
0.00021
0.00031
-0.00031
-0.00085
-0.00143
-0.00226
-0.00272
-0.00275
-0.00140
-0.00070
-0.00089
-0.00125
-0.00128
0.00006
0.00095
0.00064
0.00113
0.00269
0.00418
0.00378
0.00180
0.00079
0.00003
-0.00012
-0.00040
-0.00171
-0.00272
-0.00262
-0.00198
-0.00119
-0.00031
-0.00006
-0.00058
-0.00052
0.00000
0.00003
-0.00024
-0.00015
0.00003
0.00015
0.00055
0.00070
0.00018
-0.00031
-0.00046
-0.00089
-0.00101
-0.00073
-0.00079
-0.00064
0.00009
0.00061
0.00055
0.00070
0.00055
0.00021
0.00012
0.00027
0.00052
0.00049
0.00049
0.00024
-0.00009
-0.00018
-0.00015
-0.00064
-0.00110
-0.00125
-0.00150
-0.00101
0.00009
0.00168
0.00229
0.00229
0.00247
0.00195
0.00107
-0.00015
0.00000
0.00000
0.00000
0.00000
0.00000
0.00000
0.00000
0.00000
0.00000
0.00000
0.00000
0.00000
0.00000
0.00000
0.00000
0.00000
0.00000
0.00000
0.00000
0.00000
0.00000
0.00000
0.00000
0.00000
0.00000
0.00000
0.00000
0.00000
0.00000
0.00000
0.00000
0.00000
0.00000
0.00000
0.00000
0.00000
0.00000
0.00000
0.00000
0.00000
0.00000
0.00000
0.00000
0.00000
0.00000
0.00000
0.00000
0.00000
0.00000
0.00000
0.00000
0.00000
0.00000
0.00000
0.00000
0.00000
0.00000
0.00000
0.00000
0.00000
0.00000
0.00000
0.00000
0.00000
0.00000
0.00000
0.00000
0.00000
0.00000
0.00000
0.00000
0.00000
0.00000
0.00000
0.00000
0.00000
0.00000
0.00000
0.00000
0.00000
0.00000
0.00000
0.00000
0.00000
0.00000
0.00000
0.00000
0.00000
0.00000
0.00000
0.00000
0.00000
0.00000
0.00000
0.00000
0.00000
0.00000
0.00000
0.00000
0.00000
0.00000
0.00000
0.00000
0.00000
0.00000
0.00000
0.00000
0.00000
0.00000
0.00000
0.00000
0.00000
0.00000
0.00000
0.00000
0.00000
0.00000
0.00000
0.00000
0.00000
0.00000
0.00000
0.00000
0.00000
0.00000
0.00000
0.00000
0.00000
