-0.00015
-0.00018
-0.00021
-0.00018
-0.00018
-0.00015
-0.00012
-0.00012
-0.00012
-0.00015
-0.00015
-0.00018
-0.00018
-0.00015
-0.00015
-0.00018
-0.00015
-0.00015
-0.00015
-0.00018
-0.00018
-0.00015
-0.00015
-0.00015
-0.00015
-0.00015
-0.00018
-0.00018
-0.00018
-0.00015
-0.00015
-0.00015
-0.00012
-0.00012
-0.00015
-0.00015
-0.00015
-0.00012
-0.00018
-0.00021
-0.00015
-0.00018
-0.00018
-0.00015
-0.00012
-0.00012
-0.00015
-0.00015
-0.00012
-0.00015
-0.00018
-0.00015
-0.00015
-0.00018
-0.00018
-0.00015
-0.00015
-0.00018
-0.00021
-0.00018
-0.00018
-0.00018
-0.00021
-0.00015
-0.00012
-0.00018
-0.00015
-0.00012
-0.00015
-0.00018
-0.00018
-0.00018
-0.00021
-0.00024
-0.00018
-0.00012
-0.00012
-0.00015
-0.00012
-0.00012
-0.00018
-0.00018
-0.00018
-0.00018
-0.00018
-0.00018
-0.00012
-0.00012
-0.00021
-0.00018
-0.00012
-0.00015
-0.00015
-0.00012
-0.00012
-0.00012
-0.00012
-0.00012
-0.00015
-0.00015
-0.00018
-0.00015
-0.00012
-0.00015
-0.00015
-0.00012
-0.00012
-0.00015
-0.00015
-0.00012
-0.00009
-0.00009
-0.00012
-0.00009
-0.00012
-0.00015
-0.00015
-0.00012
-0.00015
-0.00012
-0.00009
-0.00009
-0.00012
-0.00012
-0.00015
-0.00015
-0.00015
-0.00012
-0.00009
-0.00009
-0.00012
-0.00012
-0.00009
-0.00009
-0.00012
-0.00009
-0.00009
-0.00012
-0.00012
-0.00012
-0.00012
-0.00012
-0.00012
-0.00009
-0.00006
-0.00009
-0.00012
-0.00012
-0.00012
-0.00012
-0.00015
-0.00015
-0.00012
-0.00012
-0.00012
-0.00012
-0.00012
-0.00015
-0.00015
-0.00012
-0.00015
-0.00015
-0.00012
-0.00012
-0.00015
-0.00012
-0.00012
-0.00012
-0.00012
-0.00009
-0.00012
-0.00018
-0.00018
-0.00015
-0.00015
-0.00015
-0.00012
-0.00009
-0.00009
-0.00015
-0.00015
-0.00015
-0.00018
-0.00015
-0.00018
-0.00015
-0.00031
-0.00015
-0.00034
0.00009
-0.00031
0.00040
-0.00055
0.00012
-0.01566
-0.04541
-0.03720
-0.01959
-0.00143
0.01694
0.02707
0.02551
0.02594
0.01889
0.00314
-0.00598
-0.01154
-0.01108
-0.00342
0.00522
0.00266
0.00214
0.00143
-0.00208
0.00226
0.00558
0.00262
0.00092
0.00171
-0.00027
-0.00009
0.00171
0.00031
-0.00085
-0.00037
-0.00098
-0.00204
-0.00146
0.00034
0.00201
0.00366
0.00458
0.00467
0.00327
0.00256
0.00186
0.00067
-0.00031
-0.00092
-0.00146
-0.00104
0.00031
0.00046
0.00015
0.00125
0.00128
0.00085
0.00177
0.00201
0.00131
0.00113
0.00116
0.00061
0.00000
-0.00037
-0.00040
-0.00031
-0.00018
0.00000
0.00000
0.00003
-0.00012
-0.00027
-0.00021
0.00024
0.00046
0.00034
0.00024
0.00027
-0.00012
-0.00046
-0.00058
-0.00085
-0.00092
-0.00082
-0.00061
-0.00058
-0.00098
-0.00180
-0.00082
-0.00031
-0.00018
0.00070
0.00015
0.00021
0.00000
-0.00006
-0.00052
-0.00079
-0.00070
-0.00122
-0.00125
-0.00192
-0.00174
-0.00131
-0.00128
-0.00116
-0.00104
-0.00040
-0.00055
-0.00061
-0.00043
-0.00058
-0.00037
-0.00012
0.00000
-0.00006
-0.00049
-0.00101
-0.00119
-0.00131
-0.00168
-0.00186
-0.00192
-0.00183
-0.00220
-0.00235
-0.00192
-0.00143
-0.00104
-0.00079
-0.00049
-0.00034
-0.00006
0.00031
0.00095
0.00150
0.00119
0.00122
0.00116
0.00037
-0.00006
-0.00082
-0.00125
-0.00134
-0.00192
-0.00204
-0.00171
-0.00110
-0.00040
0.00000
0.00024
0.00018
-0.00009
-0.00015
-0.00021
-0.00043
-0.00052
-0.00070
-0.00095
-0.00101
-0.00098
-0.00092
-0.00079
-0.00058
-0.00061
-0.00058
-0.00024
0.00000
0.00000
0.00000
0.00000
0.00000
0.00000
0.00000
0.00000
0.00000
0.00000
0.00000
0.00000
0.00000
0.00000
0.00000
0.00000
0.00000
0.00000
0.00000
0.00000
0.00000
0.00000
0.00000
0.00000
0.00000
0.00000
0.00000
0.00000
0.00000
0.00000
0.00000
0.00000
0.00000
0.00000
0.00000
0.00000
0.00000
0.00000
0.00000
0.00000
0.00000
0.00000
0.00000
0.00000
0.00000
0.00000
0.00000
0.00000
0.00000
0.00000
0.00000
0.00000
0.00000
0.00000
0.00000
0.00000
0.00000
0.00000
0.00000
0.00000
0.00000
0.00000
0.00000
0.00000
0.00000
0.00000
0.00000
0.00000
0.00000
0.00000
0.00000
0.00000
0.00000
0.00000
0.00000
0.00000
0.00000
0.00000
0.00000
0.00000
0.00000
0.00000
0.00000
0.00000
0.00000
0.00000
0.00000
0.00000
0.00000
0.00000
0.00000
0.00000
0.00000
0.00000
0.00000
0.00000
0.00000
0.00000
0.00000
0.00000
0.00000
0.00000
0.00000
0.00000
0.00000
0.00000
0.00000
0.00000
0.00000
0.00000
0.00000
0.00000
0.00000
0.00000
0.00000
0.00000
0.00000
0.00000
0.00000
0.00000
0.00000
0.00000
0.00000
0.00000
0.00000
0.00000
0.00000
0.00000
0.00000
0.00000
0.00000
0.00000
0.00000
0.00000
0.00000
0.00000
0.00000
0.00000
0.00000
0.00000
0.00000
0.00000
0.00000
0.00000
0.00000
0.00000
0.00000
0.00000
0.00000
0.00000
0.00000
0.00000
0.00000
0.00000
