-0.00027
-0.00031
-0.00024
-0.00021
-0.00021
-0.00015
-0.00015
-0.00015
-0.00015
-0.00012
-0.00015
-0.00018
-0.00015
-0.00015
-0.00021
-0.00015
-0.00015
-0.00021
-0.00015
-0.00009
-0.00018
-0.00015
-0.00009
-0.00015
-0.00018
-0.00012
-0.00009
-0.00012
-0.00012
-0.00009
-0.00015
-0.00015
-0.00021
-0.00024
-0.00024
-0.00021
-0.00024
-0.00012
-0.00006
-0.00006
-0.00003
-0.00006
-0.00009
-0.00015
-0.00018
-0.00018
-0.00021
-0.00021
-0.00024
-0.00027
-0.00024
-0.00021
-0.00012
-0.00006
-0.00003
0.00000
-0.00006
-0.00027
-0.00018
-0.00027
-0.00027
-0.00027
-0.00021
-0.00009
-0.00009
-0.00003
-0.00003
-0.00009
-0.00015
-0.00012
-0.00015
-0.00015
-0.00006
-0.00012
-0.00015
-0.00009
-0.00015
-0.00021
-0.00015
-0.00018
-0.00021
-0.00018
-0.00009
-0.00009
-0.00009
-0.00006
-0.00015
-0.00015
-0.00015
-0.00018
-0.00015
-0.00015
-0.00021
-0.00012
0.00000
-0.00003
-0.00006
-0.00006
-0.00006
-0.00018
-0.00018
-0.00012
-0.00015
-0.00018
-0.00006
-0.00006
-0.00012
-0.00009
-0.00012
-0.00015
-0.00015
-0.00009
-0.00012
-0.00006
0.00000
-0.00012
-0.00015
-0.00009
-0.00009
-0.00021
-0.00015
-0.00006
-0.00006
-0.00009
-0.00009
-0.00015
-0.00018
-0.00012
-0.00009
-0.00006
-0.00006
-0.00009
-0.00009
-0.00006
-0.00012
-0.00012
-0.00015
-0.00018
-0.00012
-0.00018
-0.00015
-0.00009
-0.00009
-0.00006
-0.00012
-0.00009
-0.00009
-0.00009
-0.00012
-0.00009
-0.00006
-0.00012
-0.00012
-0.00009
-0.00012
-0.00015
-0.00015
-0.00006
-0.00006
-0.00012
-0.00015
-0.00015
-0.00009
-0.00015
-0.00009
-0.00006
-0.00012
-0.00009
-0.00009
-0.00015
-0.00009
-0.00015
-0.00003
-0.00018
0.00009
-0.00049
0.00031
-0.00070
0.00052
-0.00095
0.00082
-0.00128
0.00061
-0.04745
-0.17953
-0.08746
0.02692
0.07037
0.11304
0.08157
0.06781
0.04050
0.01181
-0.05054
-0.06119
-0.03574
-0.01373
0.02289
0.03366
-0.00620
-0.01776
0.00232
-0.00104
0.00800
0.02066
0.00012
-0.00317
0.00784
0.00311
-0.00009
0.00827
0.00412
-0.00330
0.00018
-0.00598
-0.01190
-0.00546
0.00201
0.00034
0.00278
0.00775
0.00864
0.00546
0.00571
0.00266
-0.00339
-0.00528
-0.00543
-0.00375
0.00003
0.00281
0.00085
-0.00137
0.00183
0.00430
0.00208
0.00372
0.00351
-0.00027
-0.00046
0.00040
-0.00024
-0.00104
-0.00137
-0.00052
-0.00159
-0.00128
-0.00226
-0.00290
-0.00043
0.00000
0.00101
0.00131
0.00156
0.00143
0.00043
0.00168
0.00125
-0.00024
-0.00156
-0.00259
-0.00238
-0.00211
-0.00235
-0.00323
-0.00391
-0.00284
-0.00101
0.00082
0.00302
0.00455
0.00388
0.00220
0.00058
-0.00134
-0.00296
-0.00302
-0.00375
-0.00287
-0.00226
-0.00308
-0.00308
-0.00262
-0.00082
0.00006
0.00021
0.00131
0.00104
0.00073
0.00067
0.00003
-0.00043
-0.00061
-0.00052
-0.00012
-0.00067
-0.00232
-0.00308
-0.00250
-0.00244
-0.00253
-0.00168
-0.00064
0.00000
0.00006
0.00049
0.00021
-0.00058
-0.00113
-0.00153
-0.00232
-0.00290
-0.00299
-0.00180
-0.00089
-0.00110
-0.00128
-0.00131
0.00009
0.00082
0.00061
0.00159
0.00308
0.00412
0.00406
0.00244
0.00153
0.00052
-0.00043
-0.00079
-0.00232
-0.00348
-0.00275
-0.00177
-0.00113
-0.00061
-0.00043
-0.00061
-0.00067
-0.00037
-0.00015
-0.00012
0.00024
0.00058
0.00052
0.00070
0.00055
-0.00018
-0.00052
-0.00067
-0.00119
-0.00125
-0.00098
-0.00079
-0.00052
0.00018
0.00073
0.00076
0.00073
0.00040
0.00000
-0.00009
0.00009
0.00046
0.00052
0.00040
0.00006
0.00000
0.00000
0.00000
0.00000
0.00000
0.00000
0.00000
0.00000
0.00000
0.00000
0.00000
0.00000
0.00000
0.00000
0.00000
0.00000
0.00000
0.00000
0.00000
0.00000
0.00000
0.00000
0.00000
0.00000
0.00000
0.00000
0.00000
0.00000
0.00000
0.00000
0.00000
0.00000
0.00000
0.00000
0.00000
0.00000
0.00000
0.00000
0.00000
0.00000
0.00000
0.00000
0.00000
0.00000
0.00000
0.00000
0.00000
0.00000
0.00000
0.00000
0.00000
0.00000
0.00000
0.00000
0.00000
0.00000
0.00000
0.00000
0.00000
0.00000
0.00000
0.00000
0.00000
0.00000
0.00000
0.00000
0.00000
0.00000
0.00000
0.00000
0.00000
0.00000
0.00000
0.00000
0.00000
0.00000
0.00000
0.00000
0.00000
0.00000
0.00000
0.00000
0.00000
0.00000
0.00000
0.00000
0.00000
0.00000
0.00000
0.00000
0.00000
0.00000
0.00000
0.00000
0.00000
0.00000
0.00000
0.00000
0.00000
0.00000
0.00000
0.00000
0.00000
0.00000
0.00000
0.00000
0.00000
0.00000
0.00000
0.00000
0.00000
0.00000
0.00000
0.00000
0.00000
0.00000
0.00000
0.00000
0.00000
0.00000
0.00000
0.00000
0.00000
0.00000
0.00000
0.00000
0.00000
0.00000
0.00000
0.00000
0.00000
0.00000
0.00000
0.00000
0.00000
0.00000
0.00000
0.00000
0.00000
0.00000
0.00000
0.00000
0.00000
0.00000
0.00000
