-0.00009
-0.00009
-0.00015
-0.00015
-0.00012
-0.00012
-0.00015
-0.00009
-0.00009
-0.00012
-0.00012
-0.00009
-0.00012
-0.00015
-0.00015
-0.00015
-0.00015
-0.00015
-0.00015
-0.00015
-0.00018
-0.00018
-0.00015
-0.00015
-0.00015
-0.00012
-0.00015
-0.00015
-0.00018
-0.00018
-0.00018
-0.00015
-0.00018
-0.00018
-0.00015
-0.00018
-0.00021
-0.00018
-0.00015
-0.00021
-0.00018
-0.00018
-0.00021
-0.00021
-0.00021
-0.00018
-0.00018
-0.00021
-0.00024
-0.00021
-0.00024
-0.00027
-0.00021
-0.00021
-0.00024
-0.00024
-0.00021
-0.00021
-0.00024
-0.00027
-0.00027
-0.00024
-0.00024
-0.00024
-0.00024
-0.00024
-0.00027
-0.00027
-0.00024
-0.00027
-0.00027
-0.00027
-0.00027
-0.00027
-0.00027
-0.00027
-0.00027
-0.00027
-0.00027
-0.00027
-0.00027
-0.00031
-0.00034
-0.00027
-0.00031
-0.00034
-0.00027
-0.00024
-0.00031
-0.00031
-0.00027
-0.00031
-0.00034
-0.00034
-0.00031
-0.00037
-0.00037
-0.00034
-0.00027
-0.00031
-0.00034
-0.00031
-0.00031
-0.00034
-0.00037
-0.00034
-0.00034
-0.00040
-0.00037
-0.00034
-0.00034
-0.00037
-0.00037
-0.00027
-0.00034
-0.00037
-0.00037
-0.00034
-0.00037
-0.00043
-0.00037
-0.00037
-0.00040
-0.00040
-0.00037
-0.00034
-0.00037
-0.00037
-0.00034
-0.00034
-0.00040
-0.00037
-0.00037
-0.00040
-0.00043
-0.00040
-0.00040
-0.00040
-0.00040
-0.00040
-0.00040
-0.00040
-0.00043
-0.00040
-0.00037
-0.00040
-0.00040
-0.00037
-0.00040
-0.00043
-0.00043
-0.00040
-0.00043
-0.00046
-0.00043
-0.00043
-0.00043
-0.00043
-0.00043
-0.00040
-0.00043
-0.00046
-0.00040
-0.00046
-0.00049
-0.00046
-0.00043
-0.00046
-0.00046
-0.00043
-0.00043
-0.00046
-0.00046
-0.00043
-0.00046
-0.00049
-0.00046
-0.00046
-0.00046
-0.00046
-0.00049
-0.00049
-0.00043
-0.00049
-0.00052
-0.00043
-0.00046
-0.00043
-0.00049
-0.00058
-0.00058
-0.00058
-0.00046
-0.00043
-0.00021
-0.00024
-0.00043
-0.00385
-0.02716
-0.04608
-0.03873
-0.00299
0.01971
0.02097
0.01935
0.01648
0.01917
0.00922
-0.00403
-0.01028
-0.00748
-0.00214
0.00168
0.00372
0.00229
-0.00116
0.00034
0.00159
0.00256
0.00198
-0.00143
-0.00140
0.00095
0.00229
0.00165
0.00220
0.00256
0.00165
0.00043
-0.00015
-0.00150
-0.00180
-0.00089
0.00003
0.00119
0.00238
0.00308
0.00317
0.00272
0.00183
0.00046
-0.00040
-0.00076
-0.00128
-0.00098
-0.00082
-0.00021
-0.00040
0.00055
0.00208
0.00177
0.00153
0.00107
0.00067
0.00003
0.00040
0.00055
0.00003
-0.00018
-0.00070
-0.00067
-0.00070
-0.00070
-0.00052
-0.00024
0.00000
-0.00015
0.00000
0.00021
-0.00009
-0.00027
-0.00034
-0.00037
-0.00043
-0.00070
-0.00064
-0.00067
-0.00085
-0.00092
-0.00156
-0.00189
-0.00116
-0.00104
-0.00021
0.00052
-0.00024
-0.00076
-0.00119
-0.00137
-0.00186
-0.00079
-0.00037
-0.00015
0.00049
-0.00027
-0.00089
-0.00131
-0.00162
-0.00220
-0.00198
-0.00143
-0.00131
-0.00043
-0.00024
-0.00076
-0.00082
-0.00085
-0.00101
-0.00073
-0.00037
-0.00037
-0.00052
-0.00076
-0.00137
-0.00195
-0.00211
-0.00238
-0.00272
-0.00272
-0.00262
-0.00204
-0.00128
-0.00067
0.00000
0.00046
0.00082
0.00076
0.00064
0.00052
0.00034
0.00061
0.00055
0.00000
-0.00055
-0.00131
-0.00186
-0.00201
-0.00211
-0.00183
-0.00125
-0.00073
-0.00024
0.00024
0.00046
0.00021
0.00012
0.00009
-0.00024
-0.00067
-0.00079
-0.00101
-0.00125
-0.00131
-0.00125
-0.00104
-0.00073
-0.00040
-0.00031
-0.00027
-0.00009
0.00000
0.00000
0.00003
-0.00009
-0.00021
-0.00021
0.00000
0.00000
0.00000
0.00000
0.00000
0.00000
0.00000
0.00000
0.00000
0.00000
0.00000
0.00000
0.00000
0.00000
0.00000
0.00000
0.00000
0.00000
0.00000
0.00000
0.00000
0.00000
0.00000
0.00000
0.00000
0.00000
0.00000
0.00000
0.00000
0.00000
0.00000
0.00000
0.00000
0.00000
0.00000
0.00000
0.00000
0.00000
0.00000
0.00000
0.00000
0.00000
0.00000
0.00000
0.00000
0.00000
0.00000
0.00000
0.00000
0.00000
0.00000
0.00000
0.00000
0.00000
0.00000
0.00000
0.00000
0.00000
0.00000
0.00000
0.00000
0.00000
0.00000
0.00000
0.00000
0.00000
0.00000
0.00000
0.00000
0.00000
0.00000
0.00000
0.00000
0.00000
0.00000
0.00000
0.00000
0.00000
0.00000
0.00000
0.00000
0.00000
0.00000
0.00000
0.00000
0.00000
0.00000
0.00000
0.00000
0.00000
0.00000
0.00000
0.00000
0.00000
0.00000
0.00000
0.00000
0.00000
0.00000
0.00000
0.00000
0.00000
0.00000
0.00000
0.00000
0.00000
0.00000
0.00000
0.00000
0.00000
0.00000
0.00000
0.00000
0.00000
0.00000
0.00000
0.00000
0.00000
0.00000
0.00000
0.00000
0.00000
0.00000
0.00000
0.00000
0.00000
0.00000
0.00000
0.00000
0.00000
0.00000
0.00000
0.00000
0.00000
0.00000
0.00000
0.00000
0.00000
0.00000
0.00000
0.00000
0.00000
0.00000
0.00000
0.00000
0.00000
