-0.00018
-0.00018
-0.00018
-0.00018
-0.00021
-0.00024
-0.00018
-0.00018
-0.00021
-0.00018
-0.00018
-0.00024
-0.00021
-0.00018
-0.00012
-0.00015
-0.00021
-0.00018
-0.00015
-0.00021
-0.00024
-0.00018
-0.00018
-0.00021
-0.00018
-0.00021
-0.00027
-0.00027
-0.00027
-0.00027
-0.00024
-0.00021
-0.00018
-0.00012
-0.00012
-0.00015
-0.00021
-0.00024
-0.00027
-0.00027
-0.00024
-0.00024
-0.00021
-0.00018
-0.00018
-0.00021
-0.00021
-0.00024
-0.00027
-0.00024
-0.00024
-0.00018
-0.00018
-0.00018
-0.00018
-0.00021
-0.00024
-0.00021
-0.00034
-0.00027
-0.00021
-0.00024
-0.00024
-0.00024
-0.00024
-0.00021
-0.00018
-0.00018
-0.00018
-0.00024
-0.00021
-0.00021
-0.00024
-0.00027
-0.00027
-0.00027
-0.00024
-0.00024
-0.00031
-0.00027
-0.00027
-0.00031
-0.00027
-0.00021
-0.00021
-0.00021
-0.00015
-0.00018
-0.00024
-0.00021
-0.00024
-0.00027
-0.00024
-0.00027
-0.00031
-0.00027
-0.00018
-0.00021
-0.00024
-0.00021
-0.00021
-0.00027
-0.00024
-0.00024
-0.00031
-0.00027
-0.00024
-0.00027
-0.00024
-0.00024
-0.00024
-0.00024
-0.00021
-0.00021
-0.00024
-0.00021
-0.00027
-0.00031
-0.00031
-0.00031
-0.00031
-0.00027
-0.00024
-0.00021
-0.00018
-0.00021
-0.00021
-0.00024
-0.00024
-0.00024
-0.00031
-0.00027
-0.00024
-0.00027
-0.00031
-0.00027
-0.00031
-0.00027
-0.00024
-0.00024
-0.00027
-0.00031
-0.00024
-0.00027
-0.00027
-0.00024
-0.00024
-0.00027
-0.00027
-0.00027
-0.00031
-0.00027
-0.00027
-0.00027
-0.00027
-0.00027
-0.00024
-0.00027
-0.00024
-0.00027
-0.00034
-0.00031
-0.00034
-0.00031
-0.00027
-0.00024
-0.00027
-0.00024
-0.00024
-0.00024
-0.00024
-0.00027
-0.00024
-0.00027
-0.00024
-0.00027
-0.00021
-0.00043
0.00003
-0.00076
0.00055
-0.00168
0.00177
-0.00327
0.00073
-0.06418
-0.09558
-0.04004
-0.01276
0.03607
0.05652
0.04843
0.04358
0.05472
0.01572
-0.01410
-0.02524
-0.02670
-0.01584
0.00592
0.00891
-0.00403
0.00809
0.00146
-0.00336
0.01239
0.00537
-0.00037
0.00430
0.00568
0.00015
0.00000
-0.00189
-0.00751
-0.00195
-0.00092
-0.00345
0.00085
0.00504
0.00363
0.00262
0.00378
0.00421
0.00339
0.00156
0.00162
-0.00113
-0.00177
-0.00235
-0.00204
-0.00073
0.00140
0.00104
0.00027
-0.00027
0.00046
-0.00027
0.00073
0.00229
0.00180
0.00125
0.00211
0.00168
0.00079
-0.00031
-0.00119
-0.00153
-0.00119
-0.00031
-0.00061
-0.00079
-0.00015
-0.00037
0.00000
0.00031
0.00043
0.00000
-0.00003
0.00049
0.00027
0.00006
-0.00015
-0.00113
-0.00125
-0.00134
-0.00174
-0.00229
-0.00226
-0.00232
-0.00186
-0.00095
0.00064
0.00183
0.00217
0.00214
0.00150
-0.00024
-0.00037
-0.00156
-0.00226
-0.00204
-0.00259
-0.00214
-0.00183
-0.00162
-0.00180
-0.00177
-0.00162
-0.00034
0.00027
-0.00012
0.00070
0.00058
0.00024
0.00034
-0.00006
-0.00049
-0.00119
-0.00113
-0.00159
-0.00168
-0.00177
-0.00226
-0.00177
-0.00137
-0.00107
-0.00076
-0.00046
-0.00043
-0.00070
-0.00079
-0.00162
-0.00238
-0.00220
-0.00189
-0.00168
-0.00153
-0.00150
-0.00098
0.00000
0.00046
0.00137
0.00238
0.00290
0.00357
0.00351
0.00229
0.00113
-0.00058
-0.00110
-0.00101
-0.00195
-0.00220
-0.00189
-0.00150
-0.00095
-0.00079
-0.00061
-0.00067
-0.00058
-0.00006
-0.00012
-0.00034
-0.00021
-0.00012
-0.00003
0.00021
0.00012
-0.00027
-0.00034
-0.00031
-0.00064
-0.00061
0.00000
-0.00034
-0.00037
0.00000
0.00000
0.00000
0.00000
0.00000
0.00000
0.00000
0.00000
0.00000
0.00000
0.00000
0.00000
0.00000
0.00000
0.00000
0.00000
0.00000
0.00000
0.00000
0.00000
0.00000
0.00000
0.00000
0.00000
0.00000
0.00000
0.00000
0.00000
0.00000
0.00000
0.00000
0.00000
0.00000
0.00000
0.00000
0.00000
0.00000
0.00000
0.00000
0.00000
0.00000
0.00000
0.00000
0.00000
0.00000
0.00000
0.00000
0.00000
0.00000
0.00000
0.00000
0.00000
0.00000
0.00000
0.00000
0.00000
0.00000
0.00000
0.00000
0.00000
0.00000
0.00000
0.00000
0.00000
0.00000
0.00000
0.00000
0.00000
0.00000
0.00000
0.00000
0.00000
0.00000
0.00000
0.00000
0.00000
0.00000
0.00000
0.00000
0.00000
0.00000
0.00000
0.00000
0.00000
0.00000
0.00000
0.00000
0.00000
0.00000
0.00000
0.00000
0.00000
0.00000
0.00000
0.00000
0.00000
0.00000
0.00000
0.00000
0.00000
0.00000
0.00000
0.00000
0.00000
0.00000
0.00000
0.00000
0.00000
0.00000
0.00000
0.00000
0.00000
0.00000
0.00000
0.00000
0.00000
0.00000
0.00000
0.00000
0.00000
0.00000
0.00000
0.00000
0.00000
0.00000
0.00000
0.00000
0.00000
0.00000
0.00000
0.00000
0.00000
0.00000
0.00000
0.00000
0.00000
0.00000
0.00000
0.00000
0.00000
0.00000
0.00000
0.00000
0.00000
0.00000
0.00000
0.00000
0.00000
0.00000
0.00000
0.00000
0.00000
0.00000
0.00000
0.00000
0.00000
