0.00003
0.00000
0.00000
0.00003
0.00006
0.00003
0.00003
0.00003
0.00000
0.00000
0.00003
0.00003
0.00003
0.00006
0.00006
0.00003
0.00003
0.00003
0.00003
0.00003
0.00003
0.00006
0.00009
0.00009
0.00003
0.00003
0.00003
0.00003
0.00003
0.00006
0.00006
0.00003
0.00003
0.00006
0.00003
0.00000
0.00003
0.00009
0.00009
0.00006
0.00009
0.00006
0.00003
0.00003
0.00009
0.00012
0.00006
0.00006
0.00009
0.00006
0.00003
0.00003
0.00006
0.00009
0.00006
0.00006
0.00009
0.00009
0.00006
0.00003
0.00006
0.00006
0.00003
0.00006
0.00009
0.00006
0.00006
0.00009
0.00009
0.00006
0.00003
0.00006
0.00006
0.00003
0.00006
0.00009
0.00009
0.00006
0.00009
0.00009
0.00006
0.00003
0.00006
0.00009
0.00009
0.00009
0.00012
0.00012
0.00006
0.00009
0.00009
0.00009
0.00003
0.00003
0.00006
0.00006
0.00003
0.00009
0.00012
0.00006
0.00006
0.00009
0.00009
0.00006
0.00006
0.00006
0.00009
0.00009
0.00009
0.00012
0.00012
0.00006
0.00003
0.00009
0.00009
0.00006
0.00009
0.00009
0.00003
0.00003
0.00006
0.00006
0.00006
0.00006
0.00009
0.00009
0.00006
0.00003
0.00006
0.00003
0.00000
0.00003
0.00006
0.00006
0.00003
0.00006
0.00009
0.00006
0.00003
0.00006
0.00006
0.00000
0.00000
0.00003
0.00006
0.00006
0.00006
0.00009
0.00006
0.00003
0.00003
0.00003
0.00003
0.00000
0.00003
0.00003
0.00003
0.00000
0.00000
0.00003
0.00000
0.00000
0.00003
0.00003
0.00003
0.00003
0.00003
0.00000
0.00000
0.00000
0.00003
0.00000
0.00000
0.00003
0.00003
0.00000
0.00000
0.00000
0.00000
0.00000
0.00000
-0.00003
0.00003
0.00000
-0.00003
0.00003
0.00003
0.00000
0.00000
-0.00006
-0.00003
-0.00018
0.00018
-0.00018
0.00055
-0.00034
0.00000
-0.01636
-0.03558
-0.03656
-0.02307
0.00757
0.02078
0.02310
0.01730
0.01749
0.01334
0.00000
-0.00787
-0.00934
-0.00540
0.00113
0.00555
0.00439
0.00208
-0.00064
0.00037
0.00412
0.00305
-0.00150
-0.00177
0.00089
0.00293
0.00378
0.00409
0.00287
0.00168
0.00037
-0.00076
-0.00101
-0.00101
-0.00076
0.00021
0.00201
0.00269
0.00287
0.00278
0.00281
0.00201
0.00095
0.00040
0.00040
0.00012
0.00003
0.00015
-0.00006
-0.00058
0.00058
0.00101
0.00171
0.00238
0.00159
0.00122
0.00089
0.00073
0.00040
0.00067
0.00052
-0.00021
-0.00031
-0.00024
-0.00037
-0.00037
-0.00015
0.00015
0.00024
0.00024
0.00043
0.00040
0.00037
0.00012
-0.00003
-0.00021
-0.00052
-0.00046
-0.00037
-0.00037
-0.00043
-0.00079
-0.00095
-0.00168
-0.00122
-0.00058
-0.00089
0.00049
0.00015
-0.00012
0.00000
-0.00027
-0.00067
-0.00095
-0.00052
-0.00107
-0.00049
-0.00049
-0.00110
-0.00095
-0.00104
-0.00128
-0.00146
-0.00095
-0.00076
-0.00055
-0.00012
-0.00046
-0.00079
-0.00076
-0.00076
-0.00070
-0.00052
-0.00055
-0.00049
-0.00070
-0.00128
-0.00186
-0.00208
-0.00217
-0.00247
-0.00256
-0.00220
-0.00162
-0.00095
-0.00037
0.00000
0.00040
0.00067
0.00076
0.00061
0.00046
0.00024
0.00037
0.00052
0.00024
-0.00018
-0.00101
-0.00150
-0.00177
-0.00195
-0.00174
-0.00122
-0.00082
-0.00037
0.00015
0.00031
0.00012
0.00006
0.00012
-0.00018
-0.00058
-0.00070
-0.00095
-0.00122
-0.00119
-0.00113
-0.00107
-0.00082
-0.00049
-0.00034
-0.00034
-0.00012
-0.00006
-0.00006
-0.00006
-0.00018
-0.00034
-0.00031
0.00000
0.00000
0.00000
0.00000
0.00000
0.00000
0.00000
0.00000
0.00000
0.00000
0.00000
0.00000
0.00000
0.00000
0.00000
0.00000
0.00000
0.00000
0.00000
0.00000
0.00000
0.00000
0.00000
0.00000
0.00000
0.00000
0.00000
0.00000
0.00000
0.00000
0.00000
0.00000
0.00000
0.00000
0.00000
0.00000
0.00000
0.00000
0.00000
0.00000
0.00000
0.00000
0.00000
0.00000
0.00000
0.00000
0.00000
0.00000
0.00000
0.00000
0.00000
0.00000
0.00000
0.00000
0.00000
0.00000
0.00000
0.00000
0.00000
0.00000
0.00000
0.00000
0.00000
0.00000
0.00000
0.00000
0.00000
0.00000
0.00000
0.00000
0.00000
0.00000
0.00000
0.00000
0.00000
0.00000
0.00000
0.00000
0.00000
0.00000
0.00000
0.00000
0.00000
0.00000
0.00000
0.00000
0.00000
0.00000
0.00000
0.00000
0.00000
0.00000
0.00000
0.00000
0.00000
0.00000
0.00000
0.00000
0.00000
0.00000
0.00000
0.00000
0.00000
0.00000
0.00000
0.00000
0.00000
0.00000
0.00000
0.00000
0.00000
0.00000
0.00000
0.00000
0.00000
0.00000
0.00000
0.00000
0.00000
0.00000
0.00000
0.00000
0.00000
0.00000
0.00000
0.00000
0.00000
0.00000
0.00000
0.00000
0.00000
0.00000
0.00000
0.00000
0.00000
0.00000
0.00000
0.00000
0.00000
0.00000
0.00000
0.00000
0.00000
0.00000
0.00000
0.00000
