-0.00012
-0.00012
-0.00015
-0.00015
-0.00021
-0.00024
-0.00024
-0.00024
-0.00018
-0.00012
-0.00015
-0.00018
-0.00015
-0.00015
-0.00015
-0.00024
-0.00021
-0.00018
-0.00024
-0.00027
-0.00024
-0.00015
-0.00018
-0.00015
-0.00012
-0.00012
-0.00012
-0.00015
-0.00021
-0.00024
-0.00021
-0.00021
-0.00015
-0.00012
-0.00018
-0.00021
-0.00024
-0.00027
-0.00024
-0.00021
-0.00012
-0.00015
-0.00015
-0.00018
-0.00024
-0.00024
-0.00018
-0.00018
-0.00018
-0.00018
-0.00021
-0.00024
-0.00027
-0.00021
-0.00018
-0.00021
-0.00012
-0.00015
-0.00037
-0.00021
-0.00027
-0.00021
-0.00018
-0.00021
-0.00018
-0.00021
-0.00015
-0.00018
-0.00021
-0.00021
-0.00021
-0.00021
-0.00024
-0.00024
-0.00018
-0.00021
-0.00021
-0.00024
-0.00031
-0.00024
-0.00024
-0.00021
-0.00015
-0.00018
-0.00021
-0.00021
-0.00015
-0.00024
-0.00024
-0.00015
-0.00021
-0.00024
-0.00021
-0.00027
-0.00031
-0.00024
-0.00021
-0.00027
-0.00027
-0.00024
-0.00021
-0.00018
-0.00021
-0.00021
-0.00027
-0.00024
-0.00021
-0.00021
-0.00021
-0.00021
-0.00021
-0.00021
-0.00018
-0.00021
-0.00021
-0.00015
-0.00021
-0.00024
-0.00024
-0.00024
-0.00021
-0.00018
-0.00018
-0.00024
-0.00027
-0.00027
-0.00027
-0.00031
-0.00021
-0.00018
-0.00018
-0.00012
-0.00012
-0.00018
-0.00027
-0.00021
-0.00018
-0.00024
-0.00024
-0.00018
-0.00021
-0.00027
-0.00018
-0.00021
-0.00024
-0.00027
-0.00021
-0.00024
-0.00024
-0.00015
-0.00015
-0.00012
-0.00015
-0.00018
-0.00021
-0.00024
-0.00024
-0.00024
-0.00021
-0.00021
-0.00018
-0.00015
-0.00018
-0.00012
-0.00021
-0.00031
-0.00031
-0.00027
-0.00024
-0.00018
-0.00015
-0.00015
-0.00021
-0.00003
-0.00021
0.00003
-0.00043
0.00015
-0.00058
0.00006
-0.00034
-0.00040
0.00018
-0.00137
-0.02594
-0.16452
-0.10754
-0.00073
0.06830
0.12933
0.08340
0.06570
0.03253
0.02509
-0.04852
-0.06625
-0.03976
-0.01904
0.01620
0.03110
-0.00137
-0.00790
0.00253
0.00079
0.01364
0.02448
-0.00284
-0.01562
0.00449
0.00427
0.00192
0.00650
0.00421
-0.00119
0.00110
-0.00690
-0.00977
-0.00406
0.00125
-0.00031
0.00388
0.00824
0.00616
0.00433
0.00543
0.00366
-0.00287
-0.00558
-0.00574
-0.00360
-0.00049
0.00320
0.00107
-0.00076
0.00095
0.00470
0.00351
0.00491
0.00305
-0.00082
-0.00092
-0.00003
-0.00055
-0.00018
-0.00058
-0.00064
-0.00146
-0.00061
-0.00140
-0.00241
-0.00046
-0.00034
0.00113
0.00131
0.00131
0.00168
0.00061
0.00125
0.00067
0.00003
-0.00095
-0.00247
-0.00232
-0.00174
-0.00116
-0.00220
-0.00412
-0.00302
-0.00208
0.00085
0.00256
0.00403
0.00424
0.00266
0.00140
-0.00021
-0.00262
-0.00311
-0.00424
-0.00320
-0.00220
-0.00259
-0.00244
-0.00201
-0.00046
0.00012
0.00049
0.00058
0.00085
0.00076
0.00006
-0.00027
-0.00046
-0.00024
0.00031
0.00049
-0.00024
-0.00198
-0.00278
-0.00275
-0.00250
-0.00238
-0.00150
-0.00061
0.00006
0.00040
0.00046
0.00027
-0.00052
-0.00095
-0.00159
-0.00241
-0.00290
-0.00256
-0.00116
-0.00064
-0.00067
-0.00116
-0.00085
0.00064
0.00104
0.00070
0.00162
0.00336
0.00455
0.00351
0.00171
0.00085
-0.00003
-0.00018
-0.00061
-0.00198
-0.00275
-0.00232
-0.00165
-0.00076
0.00000
-0.00009
-0.00055
-0.00034
0.00009
0.00000
-0.00009
0.00009
0.00015
0.00034
0.00089
0.00092
0.00021
-0.00018
-0.00055
-0.00107
-0.00095
-0.00058
-0.00061
-0.00040
0.00037
0.00073
0.00070
0.00082
0.00055
0.00021
0.00018
0.00043
0.00067
0.00064
0.00055
0.00027
-0.00009
-0.00006
-0.00034
-0.00110
-0.00131
-0.00153
-0.00113
-0.00012
0.00000
0.00000
0.00000
0.00000
0.00000
0.00000
0.00000
0.00000
0.00000
0.00000
0.00000
0.00000
0.00000
0.00000
0.00000
0.00000
0.00000
0.00000
0.00000
0.00000
0.00000
0.00000
0.00000
0.00000
0.00000
0.00000
0.00000
0.00000
0.00000
0.00000
0.00000
0.00000
0.00000
0.00000
0.00000
0.00000
0.00000
0.00000
0.00000
0.00000
0.00000
0.00000
0.00000
0.00000
0.00000
0.00000
0.00000
0.00000
0.00000
0.00000
0.00000
0.00000
0.00000
0.00000
0.00000
0.00000
0.00000
0.00000
0.00000
0.00000
0.00000
0.00000
0.00000
0.00000
0.00000
0.00000
0.00000
0.00000
0.00000
0.00000
0.00000
0.00000
0.00000
0.00000
0.00000
0.00000
0.00000
0.00000
0.00000
0.00000
0.00000
0.00000
0.00000
0.00000
0.00000
0.00000
0.00000
0.00000
0.00000
0.00000
0.00000
0.00000
0.00000
0.00000
0.00000
0.00000
0.00000
0.00000
0.00000
0.00000
0.00000
0.00000
0.00000
0.00000
0.00000
0.00000
0.00000
0.00000
0.00000
0.00000
0.00000
0.00000
0.00000
0.00000
0.00000
0.00000
0.00000
0.00000
0.00000
0.00000
0.00000
0.00000
0.00000
0.00000
0.00000
0.00000
0.00000
0.00000
0.00000
0.00000
0.00000
0.00000
0.00000
0.00000
0.00000
0.00000
