-0.00006
-0.00003
-0.00003
-0.00006
-0.00009
-0.00009
-0.00012
-0.00012
-0.00009
-0.00006
-0.00003
0.00000
-0.00003
-0.00006
-0.00009
-0.00012
-0.00018
-0.00015
-0.00015
-0.00015
-0.00012
-0.00009
-0.00006
-0.00006
-0.00006
-0.00003
-0.00009
-0.00012
-0.00012
-0.00012
-0.00015
-0.00015
-0.00009
-0.00012
-0.00012
-0.00012
-0.00012
-0.00012
-0.00015
-0.00021
-0.00018
-0.00018
-0.00015
-0.00009
-0.00006
-0.00006
-0.00009
-0.00009
-0.00009
-0.00012
-0.00018
-0.00015
-0.00015
-0.00018
-0.00015
-0.00009
-0.00015
-0.00015
-0.00012
-0.00006
-0.00006
-0.00006
-0.00003
-0.00009
-0.00015
-0.00018
-0.00027
-0.00027
-0.00021
-0.00015
-0.00012
-0.00006
-0.00009
-0.00015
-0.00012
-0.00009
-0.00012
-0.00012
-0.00003
-0.00003
-0.00009
-0.00012
-0.00015
-0.00024
-0.00027
-0.00021
-0.00015
-0.00018
-0.00015
-0.00012
-0.00015
-0.00018
-0.00018
-0.00012
-0.00009
-0.00012
-0.00015
-0.00012
-0.00015
-0.00021
-0.00018
-0.00015
-0.00018
-0.00021
-0.00015
-0.00012
-0.00012
-0.00012
-0.00006
-0.00006
-0.00009
-0.00015
-0.00015
-0.00018
-0.00024
-0.00024
-0.00021
-0.00021
-0.00021
-0.00012
-0.00009
-0.00012
-0.00012
-0.00012
-0.00012
-0.00012
-0.00012
-0.00015
-0.00015
-0.00021
-0.00021
-0.00018
-0.00015
-0.00012
-0.00012
-0.00009
-0.00015
-0.00018
-0.00021
-0.00021
-0.00015
-0.00015
-0.00015
-0.00012
-0.00009
-0.00015
-0.00015
-0.00015
-0.00015
-0.00015
-0.00015
-0.00012
-0.00012
-0.00012
-0.00006
-0.00003
-0.00006
-0.00015
-0.00015
-0.00015
-0.00018
-0.00015
-0.00012
-0.00018
-0.00021
-0.00018
-0.00012
-0.00012
-0.00015
-0.00015
-0.00015
-0.00018
-0.00015
-0.00015
-0.00015
-0.00015
-0.00015
-0.00015
-0.00015
-0.00018
-0.00021
-0.00018
-0.00012
-0.00012
-0.00021
-0.00027
-0.00024
-0.00034
-0.00024
0.00003
-0.00021
0.00037
-0.00076
-0.00339
-0.03723
-0.04712
-0.02563
-0.01172
0.00949
0.02414
0.02710
0.02728
0.02777
0.01099
-0.00259
-0.01053
-0.01309
-0.00858
0.00217
0.00360
0.00061
0.00525
0.00040
-0.00162
0.00357
0.00262
0.00073
0.00269
0.00159
-0.00079
0.00165
0.00168
-0.00027
0.00046
0.00009
-0.00241
-0.00299
-0.00125
-0.00046
0.00061
0.00229
0.00446
0.00555
0.00513
0.00427
0.00204
0.00018
-0.00104
-0.00183
-0.00192
-0.00058
0.00003
-0.00003
0.00043
0.00177
0.00162
0.00137
0.00217
0.00150
0.00092
0.00116
0.00098
0.00049
0.00000
-0.00037
-0.00089
-0.00070
-0.00055
-0.00055
0.00006
0.00027
0.00006
0.00006
0.00009
0.00018
0.00018
0.00049
0.00049
0.00003
-0.00040
-0.00073
-0.00079
-0.00073
-0.00073
-0.00067
-0.00079
-0.00092
-0.00137
-0.00183
-0.00067
-0.00009
0.00006
0.00101
0.00079
0.00070
0.00031
0.00012
-0.00082
-0.00140
-0.00116
-0.00153
-0.00153
-0.00186
-0.00162
-0.00122
-0.00119
-0.00122
-0.00107
-0.00037
-0.00012
-0.00021
-0.00018
-0.00043
-0.00049
-0.00031
-0.00018
-0.00006
-0.00031
-0.00089
-0.00113
-0.00146
-0.00192
-0.00211
-0.00208
-0.00168
-0.00177
-0.00186
-0.00153
-0.00131
-0.00107
-0.00085
-0.00052
-0.00021
0.00003
0.00024
0.00101
0.00156
0.00134
0.00153
0.00134
0.00061
0.00018
-0.00079
-0.00128
-0.00140
-0.00201
-0.00201
-0.00153
-0.00076
-0.00018
-0.00003
0.00015
0.00009
-0.00012
-0.00003
-0.00012
-0.00037
-0.00049
-0.00058
-0.00079
-0.00095
-0.00098
-0.00098
-0.00073
-0.00031
-0.00024
-0.00024
-0.00009
0.00000
0.00006
0.00018
-0.00012
0.00000
0.00000
0.00000
0.00000
0.00000
0.00000
0.00000
0.00000
0.00000
0.00000
0.00000
0.00000
0.00000
0.00000
0.00000
0.00000
0.00000
0.00000
0.00000
0.00000
0.00000
0.00000
0.00000
0.00000
0.00000
0.00000
0.00000
0.00000
0.00000
0.00000
0.00000
0.00000
0.00000
0.00000
0.00000
0.00000
0.00000
0.00000
0.00000
0.00000
0.00000
0.00000
0.00000
0.00000
0.00000
0.00000
0.00000
0.00000
0.00000
0.00000
0.00000
0.00000
0.00000
0.00000
0.00000
0.00000
0.00000
0.00000
0.00000
0.00000
0.00000
0.00000
0.00000
0.00000
0.00000
0.00000
0.00000
0.00000
0.00000
0.00000
0.00000
0.00000
0.00000
0.00000
0.00000
0.00000
0.00000
0.00000
0.00000
0.00000
0.00000
0.00000
0.00000
0.00000
0.00000
0.00000
0.00000
0.00000
0.00000
0.00000
0.00000
0.00000
0.00000
0.00000
0.00000
0.00000
0.00000
0.00000
0.00000
0.00000
0.00000
0.00000
0.00000
0.00000
0.00000
0.00000
0.00000
0.00000
0.00000
0.00000
0.00000
0.00000
0.00000
0.00000
0.00000
0.00000
0.00000
0.00000
0.00000
0.00000
0.00000
0.00000
0.00000
0.00000
0.00000
0.00000
0.00000
0.00000
0.00000
0.00000
0.00000
0.00000
0.00000
0.00000
0.00000
0.00000
0.00000
0.00000
0.00000
0.00000
0.00000
0.00000
0.00000
0.00000
0.00000
0.00000
0.00000
0.00000
0.00000
0.00000
