-0.00031
-0.00027
-0.00027
-0.00024
-0.00021
-0.00027
-0.00031
-0.00027
-0.00027
-0.00027
-0.00021
-0.00018
-0.00018
-0.00021
-0.00024
-0.00027
-0.00031
-0.00034
-0.00034
-0.00027
-0.00027
-0.00027
-0.00024
-0.00027
-0.00027
-0.00024
-0.00021
-0.00021
-0.00024
-0.00024
-0.00024
-0.00024
-0.00031
-0.00031
-0.00031
-0.00034
-0.00034
-0.00024
-0.00021
-0.00027
-0.00024
-0.00024
-0.00027
-0.00031
-0.00027
-0.00024
-0.00024
-0.00027
-0.00027
-0.00027
-0.00034
-0.00031
-0.00027
-0.00031
-0.00031
-0.00031
-0.00027
-0.00031
-0.00031
-0.00034
-0.00031
-0.00024
-0.00027
-0.00027
-0.00027
-0.00031
-0.00034
-0.00027
-0.00027
-0.00034
-0.00027
-0.00024
-0.00031
-0.00027
-0.00024
-0.00027
-0.00037
-0.00037
-0.00034
-0.00034
-0.00031
-0.00031
-0.00027
-0.00027
-0.00034
-0.00034
-0.00031
-0.00034
-0.00034
-0.00027
-0.00024
-0.00027
-0.00031
-0.00027
-0.00031
-0.00037
-0.00034
-0.00027
-0.00027
-0.00031
-0.00031
-0.00027
-0.00034
-0.00037
-0.00031
-0.00024
-0.00024
-0.00031
-0.00034
-0.00031
-0.00034
-0.00037
-0.00034
-0.00024
-0.00021
-0.00024
-0.00021
-0.00021
-0.00031
-0.00031
-0.00031
-0.00031
-0.00037
-0.00037
-0.00034
-0.00031
-0.00031
-0.00027
-0.00024
-0.00027
-0.00027
-0.00031
-0.00034
-0.00037
-0.00040
-0.00034
-0.00031
-0.00034
-0.00034
-0.00031
-0.00034
-0.00034
-0.00031
-0.00027
-0.00024
-0.00024
-0.00024
-0.00024
-0.00031
-0.00040
-0.00037
-0.00034
-0.00034
-0.00034
-0.00027
-0.00027
-0.00034
-0.00037
-0.00034
-0.00031
-0.00034
-0.00027
-0.00021
-0.00024
-0.00027
-0.00027
-0.00024
-0.00031
-0.00027
-0.00027
-0.00031
-0.00031
-0.00031
-0.00027
-0.00027
-0.00027
-0.00027
-0.00027
-0.00027
-0.00027
-0.00027
-0.00034
-0.00024
-0.00027
-0.00031
-0.00021
-0.00024
-0.00027
-0.00031
-0.00037
-0.00037
-0.00037
-0.00024
-0.00018
-0.00015
0.00012
-0.00034
-0.00235
-0.02386
-0.04117
-0.03983
-0.01096
0.01804
0.02136
0.02032
0.01611
0.01880
0.01050
-0.00214
-0.00940
-0.00827
-0.00214
0.00159
0.00397
0.00330
-0.00024
-0.00031
0.00165
0.00302
0.00183
-0.00110
-0.00116
0.00101
0.00290
0.00262
0.00244
0.00269
0.00177
0.00040
-0.00006
-0.00116
-0.00153
-0.00073
0.00021
0.00153
0.00241
0.00293
0.00320
0.00305
0.00208
0.00095
0.00015
-0.00021
-0.00095
-0.00058
-0.00052
-0.00037
0.00009
0.00046
0.00195
0.00223
0.00186
0.00134
0.00092
0.00049
0.00040
0.00095
0.00046
0.00009
-0.00037
-0.00046
-0.00040
-0.00052
-0.00027
-0.00006
0.00015
0.00018
0.00024
0.00046
0.00024
0.00006
0.00000
-0.00006
-0.00015
-0.00031
-0.00043
-0.00040
-0.00055
-0.00058
-0.00107
-0.00177
-0.00113
-0.00076
-0.00046
0.00076
0.00021
-0.00034
-0.00073
-0.00089
-0.00131
-0.00095
-0.00015
-0.00040
0.00049
0.00012
-0.00058
-0.00085
-0.00113
-0.00159
-0.00186
-0.00113
-0.00107
-0.00052
0.00000
-0.00043
-0.00058
-0.00055
-0.00067
-0.00061
-0.00024
-0.00018
-0.00034
-0.00052
-0.00098
-0.00165
-0.00186
-0.00198
-0.00244
-0.00253
-0.00235
-0.00183
-0.00110
-0.00049
0.00012
0.00061
0.00098
0.00110
0.00092
0.00079
0.00055
0.00070
0.00082
0.00037
-0.00012
-0.00095
-0.00153
-0.00174
-0.00192
-0.00165
-0.00107
-0.00067
-0.00015
0.00043
0.00064
0.00046
0.00037
0.00034
0.00003
-0.00043
-0.00058
-0.00073
-0.00101
-0.00107
-0.00104
-0.00085
-0.00058
-0.00024
-0.00009
-0.00009
0.00003
0.00009
0.00009
0.00012
0.00006
-0.00003
0.00003
0.00000
0.00000
0.00000
0.00000
0.00000
0.00000
0.00000
0.00000
0.00000
0.00000
0.00000
0.00000
0.00000
0.00000
0.00000
0.00000
0.00000
0.00000
0.00000
0.00000
0.00000
0.00000
0.00000
0.00000
0.00000
0.00000
0.00000
0.00000
0.00000
0.00000
0.00000
0.00000
0.00000
0.00000
0.00000
0.00000
0.00000
0.00000
0.00000
0.00000
0.00000
0.00000
0.00000
0.00000
0.00000
0.00000
0.00000
0.00000
0.00000
0.00000
0.00000
0.00000
0.00000
0.00000
0.00000
0.00000
0.00000
0.00000
0.00000
0.00000
0.00000
0.00000
0.00000
0.00000
0.00000
0.00000
0.00000
0.00000
0.00000
0.00000
0.00000
0.00000
0.00000
0.00000
0.00000
0.00000
0.00000
0.00000
0.00000
0.00000
0.00000
0.00000
0.00000
0.00000
0.00000
0.00000
0.00000
0.00000
0.00000
0.00000
0.00000
0.00000
0.00000
0.00000
0.00000
0.00000
0.00000
0.00000
0.00000
0.00000
0.00000
0.00000
0.00000
0.00000
0.00000
0.00000
0.00000
0.00000
0.00000
0.00000
0.00000
0.00000
0.00000
0.00000
0.00000
0.00000
0.00000
0.00000
0.00000
0.00000
0.00000
0.00000
0.00000
0.00000
0.00000
0.00000
0.00000
0.00000
0.00000
0.00000
0.00000
0.00000
0.00000
0.00000
0.00000
0.00000
0.00000
0.00000
0.00000
0.00000
0.00000
0.00000
0.00000
0.00000
0.00000
0.00000
