-0.00012
-0.00012
-0.00012
-0.00015
-0.00018
-0.00012
-0.00012
-0.00012
-0.00006
-0.00006
-0.00009
-0.00009
-0.00009
-0.00009
-0.00009
-0.00012
-0.00012
-0.00006
-0.00006
-0.00009
-0.00006
-0.00006
-0.00009
-0.00009
-0.00006
-0.00009
-0.00009
-0.00006
-0.00006
-0.00009
-0.00009
-0.00009
-0.00009
-0.00009
-0.00009
-0.00012
-0.00012
-0.00012
-0.00012
-0.00009
-0.00009
-0.00012
-0.00012
-0.00006
-0.00009
-0.00012
-0.00015
-0.00012
-0.00009
-0.00015
-0.00012
-0.00009
-0.00012
-0.00015
-0.00003
0.00000
-0.00006
-0.00006
-0.00006
-0.00009
-0.00012
-0.00012
-0.00012
-0.00009
-0.00012
-0.00012
-0.00006
-0.00006
-0.00009
-0.00009
-0.00009
-0.00012
-0.00018
-0.00015
-0.00012
-0.00009
-0.00003
0.00000
0.00000
-0.00003
-0.00009
-0.00009
-0.00009
-0.00012
-0.00006
0.00000
-0.00006
-0.00012
-0.00009
-0.00012
-0.00021
-0.00015
-0.00009
-0.00012
-0.00012
-0.00009
-0.00006
-0.00006
0.00000
0.00000
-0.00003
-0.00003
-0.00003
-0.00003
-0.00003
-0.00006
-0.00012
-0.00012
-0.00009
-0.00009
-0.00009
0.00000
0.00000
-0.00006
-0.00009
-0.00009
-0.00012
-0.00012
-0.00003
0.00000
0.00000
0.00000
0.00000
-0.00003
-0.00009
-0.00015
-0.00009
0.00000
-0.00003
-0.00003
0.00000
0.00000
-0.00006
-0.00006
-0.00003
-0.00006
-0.00009
-0.00009
-0.00009
-0.00009
-0.00006
0.00000
0.00000
-0.00003
-0.00006
-0.00009
-0.00009
-0.00009
-0.00006
-0.00003
0.00000
0.00000
-0.00006
-0.00006
-0.00009
-0.00009
-0.00006
-0.00006
-0.00006
-0.00003
-0.00003
-0.00009
-0.00015
-0.00015
-0.00009
-0.00003
-0.00003
-0.00003
-0.00003
-0.00003
-0.00003
-0.00006
-0.00006
-0.00006
-0.00003
0.00000
0.00000
-0.00003
-0.00006
-0.00006
-0.00006
-0.00009
-0.00006
-0.00012
-0.00015
-0.00009
-0.00009
-0.00003
-0.00021
0.00000
-0.00015
0.00024
-0.00024
0.00046
-0.00061
-0.00061
-0.02322
-0.05609
-0.03497
-0.00574
0.01376
0.02548
0.02151
0.01974
0.02246
0.01541
-0.00293
-0.01205
-0.01019
-0.00711
0.00320
0.00870
0.00055
-0.00058
0.00067
-0.00122
0.00452
0.00650
0.00058
-0.00095
0.00140
-0.00043
-0.00116
0.00082
0.00031
0.00058
0.00269
0.00177
0.00040
0.00146
0.00131
0.00037
0.00058
0.00153
0.00250
0.00290
0.00351
0.00287
0.00119
-0.00012
-0.00055
-0.00104
-0.00055
-0.00003
-0.00037
-0.00034
0.00110
0.00211
0.00162
0.00204
0.00201
0.00101
0.00061
0.00082
0.00058
0.00003
0.00031
0.00009
-0.00043
-0.00006
-0.00024
-0.00076
-0.00034
-0.00009
0.00003
0.00018
0.00061
0.00055
0.00000
0.00021
0.00012
-0.00034
-0.00046
-0.00079
-0.00061
-0.00046
-0.00049
-0.00070
-0.00143
-0.00125
-0.00061
-0.00058
0.00021
0.00006
-0.00055
-0.00046
-0.00052
-0.00064
-0.00064
0.00009
0.00000
-0.00003
-0.00040
-0.00146
-0.00137
-0.00137
-0.00165
-0.00153
-0.00131
-0.00098
-0.00079
-0.00034
-0.00031
-0.00040
-0.00027
-0.00046
-0.00046
-0.00037
-0.00055
-0.00067
-0.00061
-0.00076
-0.00137
-0.00201
-0.00223
-0.00223
-0.00266
-0.00262
-0.00211
-0.00150
-0.00104
-0.00046
0.00024
0.00061
0.00079
0.00070
0.00104
0.00110
0.00070
0.00082
0.00043
0.00000
-0.00058
-0.00140
-0.00146
-0.00177
-0.00220
-0.00183
-0.00125
-0.00055
0.00000
0.00034
0.00037
0.00009
0.00000
0.00003
-0.00024
-0.00064
-0.00082
-0.00107
-0.00116
-0.00113
-0.00107
-0.00104
-0.00073
-0.00049
-0.00046
-0.00024
0.00000
-0.00003
0.00000
0.00003
-0.00018
0.00000
0.00000
0.00000
0.00000
0.00000
0.00000
0.00000
0.00000
0.00000
0.00000
0.00000
0.00000
0.00000
0.00000
0.00000
0.00000
0.00000
0.00000
0.00000
0.00000
0.00000
0.00000
0.00000
0.00000
0.00000
0.00000
0.00000
0.00000
0.00000
0.00000
0.00000
0.00000
0.00000
0.00000
0.00000
0.00000
0.00000
0.00000
0.00000
0.00000
0.00000
0.00000
0.00000
0.00000
0.00000
0.00000
0.00000
0.00000
0.00000
0.00000
0.00000
0.00000
0.00000
0.00000
0.00000
0.00000
0.00000
0.00000
0.00000
0.00000
0.00000
0.00000
0.00000
0.00000
0.00000
0.00000
0.00000
0.00000
0.00000
0.00000
0.00000
0.00000
0.00000
0.00000
0.00000
0.00000
0.00000
0.00000
0.00000
0.00000
0.00000
0.00000
0.00000
0.00000
0.00000
0.00000
0.00000
0.00000
0.00000
0.00000
0.00000
0.00000
0.00000
0.00000
0.00000
0.00000
0.00000
0.00000
0.00000
0.00000
0.00000
0.00000
0.00000
0.00000
0.00000
0.00000
0.00000
0.00000
0.00000
0.00000
0.00000
0.00000
0.00000
0.00000
0.00000
0.00000
0.00000
0.00000
0.00000
0.00000
0.00000
0.00000
0.00000
0.00000
0.00000
0.00000
0.00000
0.00000
0.00000
0.00000
0.00000
0.00000
0.00000
0.00000
0.00000
0.00000
0.00000
0.00000
0.00000
0.00000
0.00000
0.00000
0.00000
0.00000
0.00000
0.00000
0.00000
0.00000
0.00000
