-0.00018
-0.00018
-0.00021
-0.00024
-0.00018
-0.00015
-0.00015
-0.00015
-0.00012
-0.00015
-0.00015
-0.00015
-0.00018
-0.00018
-0.00015
-0.00021
-0.00021
-0.00018
-0.00018
-0.00021
-0.00012
-0.00006
-0.00012
-0.00012
-0.00012
-0.00021
-0.00027
-0.00027
-0.00024
-0.00021
-0.00018
-0.00015
-0.00015
-0.00012
-0.00018
-0.00018
-0.00018
-0.00021
-0.00024
-0.00021
-0.00018
-0.00018
-0.00018
-0.00018
-0.00015
-0.00018
-0.00021
-0.00021
-0.00021
-0.00021
-0.00021
-0.00018
-0.00012
-0.00018
-0.00012
-0.00021
-0.00031
-0.00015
-0.00027
-0.00018
-0.00018
-0.00018
-0.00015
-0.00012
-0.00015
-0.00018
-0.00018
-0.00018
-0.00015
-0.00015
-0.00018
-0.00012
-0.00015
-0.00021
-0.00015
-0.00015
-0.00018
-0.00009
-0.00015
-0.00021
-0.00021
-0.00018
-0.00018
-0.00018
-0.00012
-0.00015
-0.00015
-0.00009
-0.00012
-0.00012
-0.00015
-0.00021
-0.00021
-0.00015
-0.00018
-0.00024
-0.00018
-0.00012
-0.00015
-0.00015
-0.00012
-0.00012
-0.00018
-0.00015
-0.00015
-0.00018
-0.00018
-0.00015
-0.00012
-0.00009
-0.00009
-0.00012
-0.00015
-0.00012
-0.00015
-0.00015
-0.00015
-0.00015
-0.00012
-0.00009
-0.00006
-0.00009
-0.00015
-0.00018
-0.00021
-0.00024
-0.00018
-0.00012
-0.00015
-0.00009
-0.00006
-0.00012
-0.00012
-0.00012
-0.00018
-0.00018
-0.00015
-0.00012
-0.00018
-0.00018
-0.00015
-0.00015
-0.00009
-0.00009
-0.00006
-0.00009
-0.00015
-0.00021
-0.00018
-0.00012
-0.00015
-0.00012
-0.00009
-0.00015
-0.00012
-0.00009
-0.00006
-0.00009
-0.00009
-0.00015
-0.00018
-0.00012
-0.00021
-0.00024
-0.00018
-0.00015
-0.00015
-0.00012
-0.00009
-0.00006
-0.00012
0.00000
-0.00021
0.00006
-0.00055
0.00031
-0.00079
0.00055
-0.00101
0.00076
-0.00113
0.00058
-0.03226
-0.13898
-0.05844
-0.00760
0.01547
0.06433
0.06271
0.06290
0.06122
0.03772
-0.02191
-0.03094
-0.03012
-0.02499
0.00333
0.01993
-0.00906
-0.00259
0.01138
-0.00052
0.00366
0.01205
-0.00323
0.00186
0.00568
-0.00061
-0.00058
0.00882
0.00305
-0.00168
0.00308
-0.00443
-0.00986
-0.00598
0.00198
0.00204
0.00323
0.00644
0.00626
0.00320
0.00565
0.00308
-0.00076
-0.00180
-0.00275
-0.00458
-0.00122
0.00195
-0.00101
-0.00119
0.00220
0.00204
0.00089
0.00458
0.00360
0.00064
0.00070
0.00037
-0.00125
-0.00143
-0.00186
-0.00143
-0.00113
0.00003
-0.00089
-0.00113
0.00018
-0.00052
-0.00009
0.00058
0.00128
0.00098
0.00034
0.00131
0.00089
-0.00006
-0.00079
-0.00174
-0.00171
-0.00186
-0.00302
-0.00272
-0.00247
-0.00137
-0.00101
-0.00046
0.00122
0.00204
0.00198
0.00204
0.00128
0.00009
-0.00079
-0.00101
-0.00244
-0.00293
-0.00372
-0.00323
-0.00223
-0.00128
-0.00079
-0.00061
-0.00073
-0.00015
0.00037
-0.00034
-0.00058
0.00006
0.00058
0.00058
0.00067
0.00015
-0.00079
-0.00156
-0.00241
-0.00269
-0.00211
-0.00195
-0.00156
-0.00107
-0.00098
-0.00073
0.00000
-0.00003
-0.00058
-0.00076
-0.00079
-0.00156
-0.00253
-0.00275
-0.00235
-0.00156
-0.00143
-0.00134
-0.00104
-0.00043
0.00021
0.00064
0.00217
0.00317
0.00354
0.00452
0.00366
0.00214
0.00095
-0.00092
-0.00116
-0.00162
-0.00284
-0.00259
-0.00192
-0.00131
-0.00092
-0.00052
-0.00043
-0.00085
-0.00070
-0.00003
-0.00009
-0.00003
0.00052
0.00055
0.00064
0.00064
-0.00003
-0.00052
-0.00049
-0.00085
-0.00119
-0.00076
-0.00037
-0.00049
-0.00009
0.00040
0.00037
0.00043
0.00024
0.00006
0.00000
0.00000
0.00000
0.00000
0.00000
0.00000
0.00000
0.00000
0.00000
0.00000
0.00000
0.00000
0.00000
0.00000
0.00000
0.00000
0.00000
0.00000
0.00000
0.00000
0.00000
0.00000
0.00000
0.00000
0.00000
0.00000
0.00000
0.00000
0.00000
0.00000
0.00000
0.00000
0.00000
0.00000
0.00000
0.00000
0.00000
0.00000
0.00000
0.00000
0.00000
0.00000
0.00000
0.00000
0.00000
0.00000
0.00000
0.00000
0.00000
0.00000
0.00000
0.00000
0.00000
0.00000
0.00000
0.00000
0.00000
0.00000
0.00000
0.00000
0.00000
0.00000
0.00000
0.00000
0.00000
0.00000
0.00000
0.00000
0.00000
0.00000
0.00000
0.00000
0.00000
0.00000
0.00000
0.00000
0.00000
0.00000
0.00000
0.00000
0.00000
0.00000
0.00000
0.00000
0.00000
0.00000
0.00000
0.00000
0.00000
0.00000
0.00000
0.00000
0.00000
0.00000
0.00000
0.00000
0.00000
0.00000
0.00000
0.00000
0.00000
0.00000
0.00000
0.00000
0.00000
0.00000
0.00000
0.00000
0.00000
0.00000
0.00000
0.00000
0.00000
0.00000
0.00000
0.00000
0.00000
0.00000
0.00000
0.00000
0.00000
0.00000
0.00000
0.00000
0.00000
0.00000
0.00000
0.00000
0.00000
0.00000
0.00000
0.00000
0.00000
0.00000
0.00000
0.00000
0.00000
0.00000
0.00000
0.00000
0.00000
0.00000
0.00000
0.00000
0.00000
0.00000
0.00000
0.00000
0.00000
0.00000
0.00000
0.00000
