-0.00021
-0.00021
-0.00024
-0.00027
-0.00027
-0.00027
-0.00031
-0.00034
-0.00031
-0.00027
-0.00027
-0.00027
-0.00021
-0.00024
-0.00024
-0.00018
-0.00024
-0.00027
-0.00021
-0.00018
-0.00024
-0.00024
-0.00034
-0.00037
-0.00031
-0.00034
-0.00031
-0.00024
-0.00021
-0.00021
-0.00018
-0.00012
-0.00021
-0.00024
-0.00024
-0.00024
-0.00027
-0.00027
-0.00027
-0.00027
-0.00027
-0.00024
-0.00021
-0.00018
-0.00012
-0.00015
-0.00018
-0.00018
-0.00024
-0.00027
-0.00031
-0.00024
-0.00024
-0.00027
-0.00024
-0.00024
-0.00040
-0.00024
-0.00027
-0.00024
-0.00015
-0.00021
-0.00015
-0.00018
-0.00021
-0.00024
-0.00024
-0.00027
-0.00027
-0.00027
-0.00024
-0.00021
-0.00024
-0.00027
-0.00024
-0.00024
-0.00027
-0.00018
-0.00018
-0.00021
-0.00024
-0.00021
-0.00018
-0.00024
-0.00024
-0.00027
-0.00031
-0.00027
-0.00021
-0.00021
-0.00015
-0.00021
-0.00021
-0.00018
-0.00021
-0.00024
-0.00027
-0.00024
-0.00024
-0.00024
-0.00021
-0.00018
-0.00024
-0.00021
-0.00015
-0.00015
-0.00015
-0.00018
-0.00021
-0.00027
-0.00027
-0.00027
-0.00024
-0.00018
-0.00018
-0.00018
-0.00021
-0.00024
-0.00024
-0.00021
-0.00021
-0.00018
-0.00015
-0.00015
-0.00015
-0.00024
-0.00024
-0.00024
-0.00024
-0.00021
-0.00015
-0.00009
-0.00012
-0.00012
-0.00015
-0.00021
-0.00021
-0.00018
-0.00021
-0.00024
-0.00015
-0.00021
-0.00018
-0.00018
-0.00015
-0.00015
-0.00015
-0.00018
-0.00021
-0.00018
-0.00021
-0.00018
-0.00012
-0.00012
-0.00006
-0.00012
-0.00012
-0.00018
-0.00021
-0.00021
-0.00018
-0.00012
-0.00018
-0.00021
-0.00015
-0.00018
-0.00021
-0.00015
-0.00021
-0.00021
-0.00021
-0.00009
-0.00015
0.00003
-0.00021
0.00003
-0.00006
-0.00027
0.00031
-0.00122
0.00156
-0.00314
-0.01117
-0.12695
-0.09113
-0.00500
0.00281
0.06006
0.06375
0.06552
0.06082
0.04886
-0.01138
-0.03281
-0.03052
-0.02832
-0.00412
0.02255
-0.00214
-0.00970
0.01013
0.00305
0.00043
0.01328
-0.00058
-0.00076
0.00604
0.00064
-0.00165
0.00763
0.00644
-0.00137
0.00342
-0.00214
-0.01004
-0.00858
0.00000
0.00272
0.00235
0.00558
0.00739
0.00409
0.00479
0.00455
-0.00027
-0.00186
-0.00250
-0.00381
-0.00266
0.00201
-0.00006
-0.00198
0.00128
0.00314
0.00018
0.00360
0.00467
0.00140
0.00052
0.00104
-0.00089
-0.00134
-0.00186
-0.00168
-0.00168
-0.00043
-0.00058
-0.00150
0.00021
-0.00006
-0.00012
0.00076
0.00128
0.00153
0.00027
0.00122
0.00119
0.00009
-0.00061
-0.00153
-0.00186
-0.00162
-0.00290
-0.00287
-0.00266
-0.00165
-0.00089
-0.00052
0.00101
0.00223
0.00204
0.00214
0.00150
0.00037
-0.00089
-0.00098
-0.00208
-0.00269
-0.00333
-0.00351
-0.00226
-0.00143
-0.00092
-0.00064
-0.00067
-0.00034
0.00049
0.00024
-0.00040
-0.00009
0.00061
0.00058
0.00073
0.00037
-0.00049
-0.00131
-0.00211
-0.00272
-0.00229
-0.00195
-0.00159
-0.00101
-0.00079
-0.00079
-0.00018
0.00009
-0.00043
-0.00070
-0.00064
-0.00122
-0.00229
-0.00262
-0.00235
-0.00168
-0.00143
-0.00140
-0.00110
-0.00055
0.00018
0.00040
0.00174
0.00317
0.00342
0.00443
0.00415
0.00250
0.00143
-0.00049
-0.00113
-0.00137
-0.00269
-0.00269
-0.00201
-0.00140
-0.00098
-0.00067
-0.00040
-0.00070
-0.00079
-0.00012
0.00000
0.00000
0.00058
0.00073
0.00073
0.00079
0.00015
-0.00046
-0.00043
-0.00067
-0.00116
-0.00089
-0.00034
-0.00037
-0.00015
0.00043
0.00046
0.00046
0.00034
0.00018
0.00000
0.00000
0.00000
0.00000
0.00000
0.00000
0.00000
0.00000
0.00000
0.00000
0.00000
0.00000
0.00000
0.00000
0.00000
0.00000
0.00000
0.00000
0.00000
0.00000
0.00000
0.00000
0.00000
0.00000
0.00000
0.00000
0.00000
0.00000
0.00000
0.00000
0.00000
0.00000
0.00000
0.00000
0.00000
0.00000
0.00000
0.00000
0.00000
0.00000
0.00000
0.00000
0.00000
0.00000
0.00000
0.00000
0.00000
0.00000
0.00000
0.00000
0.00000
0.00000
0.00000
0.00000
0.00000
0.00000
0.00000
0.00000
0.00000
0.00000
0.00000
0.00000
0.00000
0.00000
0.00000
0.00000
0.00000
0.00000
0.00000
0.00000
0.00000
0.00000
0.00000
0.00000
0.00000
0.00000
0.00000
0.00000
0.00000
0.00000
0.00000
0.00000
0.00000
0.00000
0.00000
0.00000
0.00000
0.00000
0.00000
0.00000
0.00000
0.00000
0.00000
0.00000
0.00000
0.00000
0.00000
0.00000
0.00000
0.00000
0.00000
0.00000
0.00000
0.00000
0.00000
0.00000
0.00000
0.00000
0.00000
0.00000
0.00000
0.00000
0.00000
0.00000
0.00000
0.00000
0.00000
0.00000
0.00000
0.00000
0.00000
0.00000
0.00000
0.00000
0.00000
0.00000
0.00000
0.00000
0.00000
0.00000
0.00000
0.00000
0.00000
0.00000
0.00000
0.00000
0.00000
0.00000
0.00000
0.00000
0.00000
0.00000
0.00000
0.00000
0.00000
0.00000
0.00000
0.00000
0.00000
0.00000
0.00000
0.00000
