-0.00009
-0.00009
-0.00009
-0.00012
-0.00009
-0.00003
-0.00006
-0.00006
-0.00006
-0.00006
-0.00009
-0.00006
-0.00003
-0.00006
-0.00006
-0.00003
-0.00003
-0.00003
-0.00009
-0.00012
-0.00012
-0.00015
-0.00009
-0.00009
-0.00009
-0.00006
-0.00003
-0.00003
-0.00006
-0.00006
-0.00009
-0.00006
-0.00009
-0.00003
-0.00015
0.00000
-0.00006
-0.00009
-0.00006
-0.00012
-0.00009
-0.00012
-0.00009
-0.00009
-0.00009
-0.00006
-0.00006
-0.00006
-0.00009
-0.00006
-0.00003
-0.00006
-0.00009
-0.00012
-0.00009
-0.00009
-0.00012
-0.00009
-0.00006
-0.00006
-0.00006
-0.00006
-0.00006
-0.00009
-0.00006
-0.00006
-0.00009
-0.00009
-0.00006
-0.00006
-0.00009
-0.00009
-0.00009
-0.00006
-0.00006
-0.00006
-0.00006
-0.00006
-0.00009
-0.00009
-0.00003
-0.00006
-0.00009
-0.00009
-0.00006
-0.00006
-0.00006
-0.00003
-0.00006
-0.00006
-0.00009
-0.00006
-0.00006
-0.00009
-0.00009
-0.00006
-0.00006
-0.00006
-0.00003
-0.00006
-0.00009
-0.00006
-0.00003
-0.00003
-0.00003
-0.00006
-0.00003
-0.00006
-0.00012
-0.00009
-0.00006
-0.00009
-0.00009
-0.00006
-0.00003
-0.00003
-0.00006
-0.00006
-0.00003
-0.00006
-0.00006
-0.00006
-0.00003
0.00000
-0.00003
-0.00006
-0.00009
-0.00009
-0.00009
-0.00009
-0.00009
-0.00009
-0.00009
-0.00006
-0.00006
-0.00006
-0.00003
-0.00006
-0.00009
-0.00009
-0.00006
0.00000
0.00000
-0.00003
-0.00006
-0.00006
-0.00006
-0.00006
-0.00009
-0.00006
-0.00006
-0.00009
-0.00009
-0.00003
0.00000
-0.00006
-0.00009
-0.00006
-0.00003
-0.00006
-0.00006
-0.00006
-0.00006
-0.00006
-0.00003
-0.00003
-0.00006
-0.00003
-0.00006
-0.00009
-0.00006
-0.00009
-0.00009
-0.00006
-0.00006
-0.00006
-0.00006
-0.00006
-0.00006
-0.00006
-0.00003
-0.00003
-0.00003
-0.00009
-0.00006
-0.00009
-0.00012
-0.00009
-0.00012
-0.00015
-0.00015
-0.00012
0.00006
0.00000
0.00021
-0.00037
-0.00342
-0.02795
-0.03616
-0.01855
-0.01355
-0.00369
0.01196
0.02686
0.02716
0.01651
0.00748
0.00699
0.00974
-0.00342
-0.01678
-0.00980
-0.00330
-0.00116
0.00528
0.00635
0.00455
0.00208
-0.00189
-0.00104
0.00351
0.00400
-0.00116
-0.00128
0.00247
-0.00034
-0.00122
-0.00003
0.00006
0.00223
0.00366
0.00226
0.00082
0.00171
0.00180
0.00098
0.00183
0.00238
0.00107
0.00061
0.00040
-0.00009
-0.00015
0.00021
-0.00073
-0.00049
0.00076
0.00095
0.00137
0.00162
0.00220
0.00220
0.00107
0.00027
0.00024
0.00027
0.00006
0.00037
0.00052
-0.00021
-0.00095
-0.00119
0.00003
0.00131
0.00085
-0.00034
-0.00064
0.00003
0.00046
0.00058
0.00055
0.00003
-0.00003
-0.00027
-0.00046
-0.00037
-0.00043
-0.00076
-0.00128
-0.00122
0.00000
-0.00043
-0.00089
0.00000
-0.00046
0.00000
-0.00006
-0.00037
-0.00040
-0.00009
0.00006
-0.00076
0.00000
-0.00006
0.00000
0.00000
0.00000
0.00000
0.00000
0.00000
0.00000
0.00000
0.00000
0.00000
0.00000
0.00000
0.00000
0.00000
0.00000
0.00000
0.00000
0.00000
0.00000
0.00000
0.00000
0.00000
0.00000
0.00000
0.00000
0.00000
0.00000
0.00000
0.00000
0.00000
0.00000
0.00000
0.00000
0.00000
0.00000
0.00000
0.00000
0.00000
0.00000
0.00000
0.00000
0.00000
0.00000
0.00000
0.00000
0.00000
0.00000
0.00000
0.00000
0.00000
0.00000
0.00000
0.00000
0.00000
0.00000
0.00000
0.00000
0.00000
0.00000
0.00000
0.00000
0.00000
0.00000
0.00000
0.00000
0.00000
0.00000
0.00000
0.00000
0.00000
0.00000
0.00000
0.00000
0.00000
0.00000
0.00000
0.00000
0.00000
0.00000
0.00000
0.00000
0.00000
0.00000
0.00000
0.00000
0.00000
0.00000
0.00000
0.00000
0.00000
0.00000
0.00000
0.00000
0.00000
0.00000
0.00000
0.00000
0.00000
0.00000
0.00000
0.00000
0.00000
0.00000
0.00000
0.00000
0.00000
0.00000
0.00000
0.00000
0.00000
0.00000
0.00000
0.00000
0.00000
0.00000
0.00000
0.00000
0.00000
0.00000
0.00000
0.00000
0.00000
0.00000
0.00000
0.00000
0.00000
0.00000
0.00000
0.00000
0.00000
0.00000
0.00000
0.00000
0.00000
0.00000
0.00000
0.00000
0.00000
0.00000
0.00000
0.00000
0.00000
0.00000
0.00000
0.00000
0.00000
0.00000
0.00000
0.00000
0.00000
0.00000
0.00000
0.00000
0.00000
0.00000
0.00000
0.00000
0.00000
0.00000
0.00000
0.00000
0.00000
0.00000
0.00000
0.00000
0.00000
0.00000
0.00000
0.00000
0.00000
0.00000
0.00000
0.00000
0.00000
0.00000
0.00000
0.00000
0.00000
0.00000
0.00000
0.00000
0.00000
0.00000
0.00000
0.00000
0.00000
0.00000
0.00000
0.00000
0.00000
0.00000
0.00000
0.00000
0.00000
0.00000
0.00000
0.00000
0.00000
0.00000
0.00000
0.00000
0.00000
0.00000
0.00000
0.00000
0.00000
0.00000
0.00000
0.00000
0.00000
0.00000
0.00000
0.00000
0.00000
0.00000
0.00000
0.00000
0.00000
