-0.00012
-0.00012
-0.00015
-0.00012
-0.00009
-0.00012
-0.00009
-0.00009
-0.00009
-0.00012
-0.00015
-0.00012
-0.00012
-0.00015
-0.00012
-0.00012
-0.00012
-0.00009
-0.00009
-0.00009
-0.00009
-0.00009
-0.00009
-0.00012
-0.00012
-0.00009
-0.00012
-0.00012
-0.00012
-0.00012
-0.00009
-0.00009
-0.00012
-0.00006
-0.00018
-0.00003
-0.00003
-0.00006
-0.00006
-0.00012
-0.00012
-0.00012
-0.00009
-0.00012
-0.00009
-0.00012
-0.00009
-0.00006
-0.00009
-0.00006
-0.00006
-0.00009
-0.00009
-0.00006
-0.00003
-0.00006
-0.00009
-0.00009
-0.00009
-0.00009
-0.00006
-0.00006
-0.00006
-0.00006
-0.00003
-0.00006
-0.00006
-0.00006
-0.00006
-0.00006
-0.00006
-0.00003
0.00000
-0.00003
-0.00006
-0.00003
-0.00006
-0.00006
-0.00006
-0.00006
-0.00006
-0.00006
-0.00006
-0.00003
-0.00003
-0.00003
0.00000
-0.00003
-0.00009
-0.00006
-0.00006
-0.00006
-0.00006
-0.00009
-0.00006
-0.00006
-0.00006
-0.00003
-0.00003
-0.00003
-0.00006
-0.00006
0.00000
0.00000
-0.00003
-0.00003
-0.00003
-0.00009
-0.00009
-0.00006
-0.00006
-0.00009
-0.00006
-0.00003
-0.00006
-0.00003
0.00000
0.00000
-0.00003
-0.00003
0.00000
-0.00006
-0.00006
-0.00006
-0.00009
-0.00006
-0.00006
-0.00006
-0.00006
-0.00003
-0.00003
-0.00003
-0.00003
-0.00003
-0.00003
-0.00003
-0.00003
-0.00006
-0.00006
-0.00006
-0.00009
-0.00006
-0.00003
-0.00006
-0.00006
0.00000
0.00000
-0.00006
-0.00003
-0.00003
-0.00003
-0.00003
-0.00006
-0.00003
-0.00006
-0.00012
-0.00012
-0.00009
-0.00006
-0.00006
-0.00003
0.00000
0.00000
0.00000
-0.00003
0.00000
-0.00003
-0.00006
-0.00006
-0.00009
-0.00012
-0.00012
-0.00012
-0.00015
-0.00012
-0.00006
0.00000
0.00000
-0.00003
0.00000
-0.00003
-0.00006
-0.00015
-0.00015
-0.00012
-0.00018
-0.00012
-0.00009
-0.00003
-0.00015
-0.00006
-0.00012
-0.00003
-0.00003
0.00009
-0.00003
-0.00015
-0.00711
-0.03448
-0.03339
-0.01556
-0.01089
0.00171
0.01617
0.02756
0.02356
0.01300
0.00677
0.00797
0.00760
-0.00912
-0.01678
-0.00629
-0.00085
0.00128
0.00531
0.00571
0.00250
0.00134
-0.00195
-0.00015
0.00470
0.00116
-0.00208
0.00089
0.00235
-0.00092
-0.00107
0.00073
0.00214
0.00378
0.00290
0.00021
0.00018
0.00101
0.00089
0.00140
0.00214
0.00211
0.00150
0.00073
0.00070
0.00024
-0.00046
-0.00092
-0.00076
-0.00003
0.00049
0.00153
0.00137
0.00150
0.00250
0.00183
0.00040
0.00031
0.00046
0.00034
0.00046
0.00070
-0.00012
-0.00101
-0.00122
-0.00067
0.00092
0.00137
0.00000
-0.00073
-0.00018
0.00046
0.00034
0.00037
0.00027
0.00000
-0.00003
0.00000
0.00000
0.00000
0.00000
0.00000
0.00000
0.00000
0.00000
0.00000
0.00000
0.00000
0.00000
0.00000
0.00000
0.00000
0.00000
0.00000
0.00000
0.00000
0.00000
0.00000
0.00000
0.00000
0.00000
0.00000
0.00000
0.00000
0.00000
0.00000
0.00000
0.00000
0.00000
0.00000
0.00000
0.00000
0.00000
0.00000
0.00000
0.00000
0.00000
0.00000
0.00000
0.00000
0.00000
0.00000
0.00000
0.00000
0.00000
0.00000
0.00000
0.00000
0.00000
0.00000
0.00000
0.00000
0.00000
0.00000
0.00000
0.00000
0.00000
0.00000
0.00000
0.00000
0.00000
0.00000
0.00000
0.00000
0.00000
0.00000
0.00000
0.00000
0.00000
0.00000
0.00000
0.00000
0.00000
0.00000
0.00000
0.00000
0.00000
0.00000
0.00000
0.00000
0.00000
0.00000
0.00000
0.00000
0.00000
0.00000
0.00000
0.00000
0.00000
0.00000
0.00000
0.00000
0.00000
0.00000
0.00000
0.00000
0.00000
0.00000
0.00000
0.00000
0.00000
0.00000
0.00000
0.00000
0.00000
0.00000
0.00000
0.00000
0.00000
0.00000
0.00000
0.00000
0.00000
0.00000
0.00000
0.00000
0.00000
0.00000
0.00000
0.00000
0.00000
0.00000
0.00000
0.00000
0.00000
0.00000
0.00000
0.00000
0.00000
0.00000
0.00000
0.00000
0.00000
0.00000
0.00000
0.00000
0.00000
0.00000
0.00000
0.00000
0.00000
0.00000
0.00000
0.00000
0.00000
0.00000
0.00000
0.00000
0.00000
0.00000
0.00000
0.00000
0.00000
0.00000
0.00000
0.00000
0.00000
0.00000
0.00000
0.00000
0.00000
0.00000
0.00000
0.00000
0.00000
0.00000
0.00000
0.00000
0.00000
0.00000
0.00000
0.00000
0.00000
0.00000
0.00000
0.00000
0.00000
0.00000
0.00000
0.00000
0.00000
0.00000
0.00000
0.00000
0.00000
0.00000
0.00000
0.00000
0.00000
0.00000
0.00000
0.00000
0.00000
0.00000
0.00000
0.00000
0.00000
0.00000
0.00000
0.00000
0.00000
0.00000
0.00000
0.00000
0.00000
0.00000
0.00000
0.00000
0.00000
0.00000
0.00000
0.00000
0.00000
0.00000
0.00000
0.00000
0.00000
0.00000
0.00000
0.00000
0.00000
0.00000
0.00000
0.00000
0.00000
0.00000
0.00000
0.00000
0.00000
0.00000
0.00000
0.00000
0.00000
0.00000
0.00000
