-0.00015
-0.00012
-0.00012
-0.00012
-0.00012
-0.00012
-0.00012
-0.00015
-0.00012
-0.00012
-0.00015
-0.00015
-0.00012
-0.00012
-0.00015
-0.00015
-0.00015
-0.00015
-0.00012
-0.00009
-0.00012
-0.00012
-0.00012
-0.00015
-0.00012
-0.00012
-0.00015
-0.00012
-0.00009
-0.00012
-0.00015
-0.00015
-0.00018
-0.00018
-0.00037
-0.00012
-0.00015
-0.00018
-0.00012
-0.00012
-0.00009
-0.00012
-0.00012
-0.00012
-0.00018
-0.00021
-0.00021
-0.00018
-0.00018
-0.00018
-0.00015
-0.00015
-0.00018
-0.00018
-0.00015
-0.00018
-0.00021
-0.00015
-0.00012
-0.00012
-0.00015
-0.00012
-0.00012
-0.00018
-0.00018
-0.00018
-0.00018
-0.00024
-0.00024
-0.00021
-0.00018
-0.00021
-0.00021
-0.00015
-0.00015
-0.00015
-0.00015
-0.00015
-0.00015
-0.00018
-0.00018
-0.00018
-0.00021
-0.00021
-0.00021
-0.00018
-0.00021
-0.00021
-0.00018
-0.00021
-0.00021
-0.00018
-0.00015
-0.00015
-0.00018
-0.00015
-0.00015
-0.00021
-0.00024
-0.00021
-0.00024
-0.00027
-0.00021
-0.00018
-0.00018
-0.00018
-0.00015
-0.00012
-0.00015
-0.00018
-0.00021
-0.00021
-0.00024
-0.00027
-0.00024
-0.00018
-0.00021
-0.00021
-0.00015
-0.00015
-0.00018
-0.00018
-0.00015
-0.00018
-0.00018
-0.00018
-0.00018
-0.00024
-0.00027
-0.00024
-0.00024
-0.00021
-0.00018
-0.00015
-0.00015
-0.00018
-0.00021
-0.00018
-0.00018
-0.00021
-0.00021
-0.00024
-0.00021
-0.00018
-0.00018
-0.00018
-0.00018
-0.00021
-0.00024
-0.00021
-0.00021
-0.00024
-0.00024
-0.00021
-0.00024
-0.00024
-0.00021
-0.00018
-0.00018
-0.00018
-0.00018
-0.00015
-0.00015
-0.00018
-0.00021
-0.00021
-0.00018
-0.00018
-0.00015
-0.00012
-0.00015
-0.00024
-0.00024
-0.00027
-0.00027
-0.00027
-0.00027
-0.00021
-0.00018
-0.00015
-0.00018
-0.00015
-0.00012
-0.00015
-0.00018
-0.00021
-0.00015
-0.00034
-0.00021
-0.00046
-0.00015
-0.00043
0.00034
-0.00046
0.00000
-0.01306
-0.03915
-0.02792
-0.01459
-0.01318
-0.00162
0.02032
0.03436
0.02747
0.01389
0.00513
0.00830
0.00546
-0.01144
-0.01572
-0.00415
-0.00354
-0.00238
0.00488
0.00604
0.00525
0.00110
-0.00363
0.00000
0.00577
0.00226
-0.00204
0.00226
0.00244
-0.00165
-0.00183
-0.00131
-0.00027
0.00055
0.00006
-0.00052
0.00177
0.00446
0.00391
0.00290
0.00287
0.00214
0.00098
0.00000
-0.00073
-0.00143
-0.00156
-0.00076
0.00006
0.00043
0.00180
0.00165
0.00040
0.00150
0.00204
0.00146
0.00104
0.00082
0.00058
0.00000
-0.00027
-0.00031
-0.00012
-0.00015
-0.00095
-0.00070
0.00052
0.00055
0.00000
0.00012
0.00018
-0.00009
-0.00034
0.00024
0.00073
0.00027
-0.00024
-0.00034
-0.00015
-0.00043
-0.00107
-0.00098
-0.00079
-0.00159
-0.00137
-0.00034
-0.00052
-0.00021
-0.00027
-0.00003
0.00107
0.00046
-0.00009
0.00000
0.00000
0.00000
0.00000
0.00000
0.00000
0.00000
0.00000
0.00000
0.00000
0.00000
0.00000
0.00000
0.00000
0.00000
0.00000
0.00000
0.00000
0.00000
0.00000
0.00000
0.00000
0.00000
0.00000
0.00000
0.00000
0.00000
0.00000
0.00000
0.00000
0.00000
0.00000
0.00000
0.00000
0.00000
0.00000
0.00000
0.00000
0.00000
0.00000
0.00000
0.00000
0.00000
0.00000
0.00000
0.00000
0.00000
0.00000
0.00000
0.00000
0.00000
0.00000
0.00000
0.00000
0.00000
0.00000
0.00000
0.00000
0.00000
0.00000
0.00000
0.00000
0.00000
0.00000
0.00000
0.00000
0.00000
0.00000
0.00000
0.00000
0.00000
0.00000
0.00000
0.00000
0.00000
0.00000
0.00000
0.00000
0.00000
0.00000
0.00000
0.00000
0.00000
0.00000
0.00000
0.00000
0.00000
0.00000
0.00000
0.00000
0.00000
0.00000
0.00000
0.00000
0.00000
0.00000
0.00000
0.00000
0.00000
0.00000
0.00000
0.00000
0.00000
0.00000
0.00000
0.00000
0.00000
0.00000
0.00000
0.00000
0.00000
0.00000
0.00000
0.00000
0.00000
0.00000
0.00000
0.00000
0.00000
0.00000
0.00000
0.00000
0.00000
0.00000
0.00000
0.00000
0.00000
0.00000
0.00000
0.00000
0.00000
0.00000
0.00000
0.00000
0.00000
0.00000
0.00000
0.00000
0.00000
0.00000
0.00000
0.00000
0.00000
0.00000
0.00000
0.00000
0.00000
0.00000
0.00000
0.00000
0.00000
0.00000
0.00000
0.00000
0.00000
0.00000
0.00000
0.00000
0.00000
0.00000
0.00000
0.00000
0.00000
0.00000
0.00000
0.00000
0.00000
0.00000
0.00000
0.00000
0.00000
0.00000
0.00000
0.00000
0.00000
0.00000
0.00000
0.00000
0.00000
0.00000
0.00000
0.00000
0.00000
0.00000
0.00000
0.00000
0.00000
0.00000
0.00000
0.00000
0.00000
0.00000
0.00000
0.00000
0.00000
0.00000
0.00000
0.00000
0.00000
0.00000
0.00000
0.00000
0.00000
0.00000
0.00000
0.00000
0.00000
0.00000
0.00000
0.00000
0.00000
0.00000
0.00000
0.00000
0.00000
0.00000
0.00000
0.00000
0.00000
0.00000
0.00000
0.00000
0.00000
0.00000
