-0.00018
-0.00021
-0.00024
-0.00024
-0.00027
-0.00024
-0.00021
-0.00021
-0.00018
-0.00021
-0.00018
-0.00021
-0.00024
-0.00027
-0.00024
-0.00027
-0.00031
-0.00031
-0.00027
-0.00027
-0.00027
-0.00024
-0.00024
-0.00024
-0.00024
-0.00021
-0.00024
-0.00027
-0.00031
-0.00027
-0.00031
-0.00031
-0.00031
-0.00024
-0.00040
-0.00021
-0.00024
-0.00027
-0.00024
-0.00031
-0.00024
-0.00027
-0.00031
-0.00031
-0.00027
-0.00027
-0.00027
-0.00027
-0.00027
-0.00027
-0.00027
-0.00031
-0.00027
-0.00031
-0.00031
-0.00031
-0.00031
-0.00031
-0.00031
-0.00031
-0.00027
-0.00031
-0.00034
-0.00037
-0.00034
-0.00034
-0.00034
-0.00031
-0.00027
-0.00034
-0.00034
-0.00027
-0.00027
-0.00027
-0.00031
-0.00031
-0.00031
-0.00034
-0.00037
-0.00037
-0.00034
-0.00034
-0.00031
-0.00031
-0.00027
-0.00027
-0.00031
-0.00034
-0.00037
-0.00034
-0.00037
-0.00037
-0.00034
-0.00031
-0.00034
-0.00034
-0.00034
-0.00037
-0.00037
-0.00037
-0.00037
-0.00034
-0.00034
-0.00031
-0.00034
-0.00034
-0.00037
-0.00040
-0.00040
-0.00040
-0.00040
-0.00037
-0.00034
-0.00037
-0.00040
-0.00037
-0.00037
-0.00040
-0.00040
-0.00034
-0.00034
-0.00037
-0.00034
-0.00034
-0.00040
-0.00043
-0.00040
-0.00043
-0.00043
-0.00040
-0.00040
-0.00040
-0.00040
-0.00037
-0.00037
-0.00037
-0.00034
-0.00037
-0.00037
-0.00040
-0.00046
-0.00046
-0.00046
-0.00046
-0.00043
-0.00037
-0.00034
-0.00037
-0.00040
-0.00037
-0.00043
-0.00046
-0.00049
-0.00049
-0.00046
-0.00046
-0.00043
-0.00043
-0.00040
-0.00040
-0.00043
-0.00037
-0.00040
-0.00043
-0.00043
-0.00043
-0.00046
-0.00046
-0.00046
-0.00043
-0.00043
-0.00043
-0.00043
-0.00040
-0.00043
-0.00043
-0.00046
-0.00043
-0.00046
-0.00049
-0.00043
-0.00043
-0.00043
-0.00043
-0.00049
-0.00046
-0.00052
-0.00037
-0.00043
-0.00027
-0.00067
-0.00037
-0.00089
-0.00015
-0.00064
0.00012
-0.00961
-0.03198
-0.02615
-0.02863
-0.00647
0.01617
0.02103
0.02222
0.01306
0.01190
0.00894
0.00800
-0.00616
-0.01309
-0.01572
-0.01196
-0.00290
0.00870
0.01013
0.00284
0.00131
-0.00006
0.00168
0.00366
0.00073
-0.00085
0.00089
0.00220
0.00296
0.00320
0.00027
-0.00250
-0.00198
-0.00140
0.00009
0.00067
0.00031
0.00043
0.00229
0.00333
0.00372
0.00269
-0.00003
-0.00159
-0.00113
0.00000
0.00012
0.00009
-0.00040
0.00012
0.00085
0.00082
0.00027
0.00204
0.00156
0.00037
0.00034
-0.00015
0.00031
0.00064
0.00027
0.00003
-0.00037
-0.00055
-0.00089
-0.00079
-0.00055
-0.00040
0.00043
0.00012
-0.00024
0.00012
0.00037
0.00055
0.00049
0.00000
-0.00067
-0.00113
-0.00110
-0.00101
-0.00049
-0.00052
-0.00095
-0.00168
-0.00089
-0.00128
-0.00153
0.00024
-0.00131
-0.00049
0.00052
0.00052
0.00098
0.00037
-0.00073
-0.00165
-0.00082
-0.00159
-0.00259
-0.00217
-0.00189
-0.00055
-0.00015
-0.00073
-0.00128
-0.00043
-0.00040
-0.00055
-0.00003
-0.00034
-0.00018
-0.00027
-0.00076
-0.00131
-0.00131
-0.00131
-0.00113
-0.00104
-0.00162
-0.00247
-0.00253
-0.00208
-0.00143
-0.00110
-0.00134
-0.00150
-0.00104
-0.00034
0.00024
0.00058
0.00070
0.00092
0.00085
0.00104
0.00107
0.00037
-0.00049
-0.00089
-0.00055
-0.00073
-0.00186
-0.00244
-0.00217
-0.00122
-0.00037
0.00018
0.00034
0.00000
-0.00012
0.00006
0.00031
-0.00006
-0.00067
-0.00085
-0.00079
-0.00073
-0.00067
-0.00076
-0.00101
-0.00104
-0.00067
-0.00006
0.00049
0.00064
0.00031
-0.00009
0.00000
0.00000
0.00000
0.00000
0.00000
0.00000
0.00000
0.00000
0.00000
0.00000
0.00000
0.00000
0.00000
0.00000
0.00000
0.00000
0.00000
0.00000
0.00000
0.00000
0.00000
0.00000
0.00000
0.00000
0.00000
0.00000
0.00000
0.00000
0.00000
0.00000
0.00000
0.00000
0.00000
0.00000
0.00000
0.00000
0.00000
0.00000
0.00000
0.00000
0.00000
0.00000
0.00000
0.00000
0.00000
0.00000
0.00000
0.00000
0.00000
0.00000
0.00000
0.00000
0.00000
0.00000
0.00000
0.00000
0.00000
0.00000
0.00000
0.00000
0.00000
0.00000
0.00000
0.00000
0.00000
0.00000
0.00000
0.00000
0.00000
0.00000
0.00000
0.00000
0.00000
0.00000
0.00000
0.00000
0.00000
0.00000
0.00000
0.00000
0.00000
0.00000
0.00000
0.00000
0.00000
0.00000
0.00000
0.00000
0.00000
0.00000
0.00000
0.00000
0.00000
0.00000
0.00000
0.00000
0.00000
0.00000
0.00000
0.00000
0.00000
0.00000
0.00000
0.00000
0.00000
0.00000
0.00000
0.00000
0.00000
0.00000
0.00000
0.00000
0.00000
0.00000
0.00000
0.00000
0.00000
0.00000
0.00000
0.00000
0.00000
0.00000
0.00000
0.00000
0.00000
0.00000
0.00000
0.00000
0.00000
0.00000
0.00000
0.00000
0.00000
0.00000
0.00000
0.00000
0.00000
0.00000
0.00000
0.00000
0.00000
0.00000
0.00000
0.00000
0.00000
0.00000
0.00000
0.00000
0.00000
0.00000
