-0.00027
-0.00027
-0.00031
-0.00031
-0.00031
-0.00024
-0.00024
-0.00027
-0.00027
-0.00024
-0.00027
-0.00034
-0.00031
-0.00027
-0.00027
-0.00031
-0.00027
-0.00018
-0.00018
-0.00021
-0.00021
-0.00024
-0.00027
-0.00031
-0.00034
-0.00031
-0.00027
-0.00031
-0.00024
-0.00021
-0.00018
-0.00024
-0.00024
-0.00021
-0.00034
-0.00027
-0.00024
-0.00027
-0.00031
-0.00027
-0.00024
-0.00024
-0.00024
-0.00021
-0.00021
-0.00024
-0.00021
-0.00021
-0.00021
-0.00021
-0.00021
-0.00021
-0.00024
-0.00021
-0.00024
-0.00037
-0.00027
-0.00024
-0.00031
-0.00021
-0.00021
-0.00021
-0.00024
-0.00024
-0.00021
-0.00021
-0.00024
-0.00021
-0.00021
-0.00018
-0.00018
-0.00021
-0.00021
-0.00021
-0.00024
-0.00031
-0.00021
-0.00021
-0.00024
-0.00021
-0.00018
-0.00018
-0.00021
-0.00021
-0.00024
-0.00024
-0.00021
-0.00024
-0.00021
-0.00018
-0.00021
-0.00021
-0.00018
-0.00021
-0.00027
-0.00024
-0.00021
-0.00024
-0.00027
-0.00021
-0.00015
-0.00015
-0.00018
-0.00015
-0.00015
-0.00018
-0.00018
-0.00018
-0.00021
-0.00024
-0.00027
-0.00024
-0.00024
-0.00027
-0.00031
-0.00024
-0.00018
-0.00018
-0.00018
-0.00012
-0.00009
-0.00009
-0.00012
-0.00012
-0.00018
-0.00021
-0.00018
-0.00021
-0.00018
-0.00018
-0.00018
-0.00018
-0.00012
-0.00009
-0.00012
-0.00009
-0.00009
-0.00012
-0.00021
-0.00018
-0.00018
-0.00021
-0.00021
-0.00018
-0.00012
-0.00012
-0.00009
-0.00009
-0.00009
-0.00012
-0.00015
-0.00015
-0.00018
-0.00015
-0.00012
-0.00012
-0.00012
-0.00009
-0.00009
-0.00012
-0.00006
-0.00009
-0.00012
-0.00006
-0.00006
-0.00009
-0.00012
-0.00012
-0.00009
-0.00009
-0.00003
-0.00006
0.00000
-0.00012
-0.00003
-0.00006
-0.00024
0.00018
-0.00067
0.00073
-0.00165
-0.00793
-0.07346
-0.05804
-0.01077
-0.04779
-0.00586
0.04797
0.07172
0.06113
0.03693
0.01431
0.01309
0.01074
-0.02798
-0.03851
-0.00839
-0.01447
-0.01376
0.01938
0.01865
0.00946
0.00699
-0.00641
-0.00156
0.01562
0.00143
-0.00967
0.00189
0.00467
-0.00656
-0.00211
0.00095
-0.00198
0.00275
0.00278
0.00131
0.00433
0.00601
0.00052
-0.00009
0.00360
0.00204
0.00073
0.00006
-0.00131
-0.00098
-0.00159
-0.00027
0.00061
0.00052
0.00009
0.00073
-0.00119
0.00070
0.00330
0.00110
0.00006
0.00214
0.00201
0.00024
0.00052
0.00095
0.00064
-0.00101
-0.00281
-0.00272
-0.00043
0.00079
-0.00015
-0.00006
0.00061
0.00037
-0.00043
0.00067
0.00204
0.00092
-0.00052
-0.00073
-0.00052
-0.00095
-0.00180
-0.00146
-0.00189
-0.00189
-0.00253
-0.00156
0.00131
0.00177
0.00107
0.00153
0.00195
0.00140
-0.00024
-0.00104
-0.00122
-0.00253
-0.00311
-0.00204
-0.00253
-0.00159
-0.00162
-0.00195
0.00049
0.00027
-0.00040
-0.00055
-0.00015
0.00116
0.00113
0.00052
0.00043
0.00058
-0.00052
-0.00165
-0.00180
-0.00131
-0.00134
-0.00195
-0.00168
-0.00104
-0.00110
-0.00171
-0.00119
-0.00003
0.00027
0.00027
0.00000
-0.00070
-0.00131
-0.00195
-0.00204
-0.00165
-0.00131
-0.00137
-0.00119
-0.00073
-0.00067
-0.00012
0.00070
0.00113
0.00174
0.00217
0.00223
0.00259
0.00262
0.00281
0.00168
-0.00018
-0.00064
-0.00134
-0.00186
-0.00171
-0.00217
-0.00192
-0.00092
-0.00061
-0.00055
-0.00024
0.00024
0.00006
-0.00021
0.00024
0.00064
0.00067
0.00098
0.00073
0.00006
-0.00040
-0.00076
-0.00098
-0.00076
-0.00034
-0.00037
-0.00043
0.00000
0.00040
0.00055
0.00092
0.00092
0.00067
0.00061
0.00049
0.00031
0.00018
0.00015
-0.00003
0.00000
0.00000
0.00000
0.00000
0.00000
0.00000
0.00000
0.00000
0.00000
0.00000
0.00000
0.00000
0.00000
0.00000
0.00000
0.00000
0.00000
0.00000
0.00000
0.00000
0.00000
0.00000
0.00000
0.00000
0.00000
0.00000
0.00000
0.00000
0.00000
0.00000
0.00000
0.00000
0.00000
0.00000
0.00000
0.00000
0.00000
0.00000
0.00000
0.00000
0.00000
0.00000
0.00000
0.00000
0.00000
0.00000
0.00000
0.00000
0.00000
0.00000
0.00000
0.00000
0.00000
0.00000
0.00000
0.00000
0.00000
0.00000
0.00000
0.00000
0.00000
0.00000
0.00000
0.00000
0.00000
0.00000
0.00000
0.00000
0.00000
0.00000
0.00000
0.00000
0.00000
0.00000
0.00000
0.00000
0.00000
0.00000
0.00000
0.00000
0.00000
0.00000
0.00000
0.00000
0.00000
0.00000
0.00000
0.00000
0.00000
0.00000
0.00000
0.00000
0.00000
0.00000
0.00000
0.00000
0.00000
0.00000
0.00000
0.00000
0.00000
0.00000
0.00000
0.00000
0.00000
0.00000
0.00000
0.00000
0.00000
0.00000
0.00000
0.00000
0.00000
0.00000
0.00000
0.00000
0.00000
0.00000
0.00000
0.00000
0.00000
0.00000
0.00000
0.00000
0.00000
0.00000
0.00000
0.00000
0.00000
0.00000
0.00000
0.00000
0.00000
0.00000
0.00000
0.00000
0.00000
0.00000
0.00000
0.00000
0.00000
0.00000
0.00000
0.00000
0.00000
