-0.00015
-0.00012
-0.00012
-0.00015
-0.00021
-0.00024
-0.00031
-0.00031
-0.00034
-0.00031
-0.00027
-0.00024
-0.00018
-0.00015
-0.00012
-0.00012
-0.00015
-0.00021
-0.00021
-0.00024
-0.00027
-0.00024
-0.00024
-0.00024
-0.00027
-0.00027
-0.00021
-0.00018
-0.00018
-0.00018
-0.00015
-0.00015
-0.00021
-0.00021
-0.00027
-0.00031
-0.00027
-0.00027
-0.00027
-0.00027
-0.00024
-0.00024
-0.00021
-0.00018
-0.00018
-0.00018
-0.00018
-0.00021
-0.00021
-0.00024
-0.00024
-0.00024
-0.00027
-0.00021
-0.00021
-0.00021
-0.00021
-0.00021
-0.00021
-0.00027
-0.00034
-0.00024
-0.00034
-0.00024
-0.00024
-0.00024
-0.00024
-0.00027
-0.00024
-0.00021
-0.00021
-0.00024
-0.00018
-0.00021
-0.00024
-0.00024
-0.00024
-0.00024
-0.00024
-0.00031
-0.00031
-0.00024
-0.00027
-0.00027
-0.00027
-0.00021
-0.00021
-0.00018
-0.00012
-0.00015
-0.00018
-0.00024
-0.00027
-0.00031
-0.00034
-0.00031
-0.00021
-0.00021
-0.00015
-0.00012
-0.00018
-0.00021
-0.00024
-0.00024
-0.00027
-0.00031
-0.00031
-0.00027
-0.00027
-0.00027
-0.00024
-0.00021
-0.00018
-0.00021
-0.00018
-0.00021
-0.00021
-0.00027
-0.00027
-0.00024
-0.00031
-0.00031
-0.00027
-0.00018
-0.00021
-0.00024
-0.00021
-0.00021
-0.00024
-0.00027
-0.00024
-0.00027
-0.00027
-0.00024
-0.00024
-0.00024
-0.00024
-0.00024
-0.00024
-0.00021
-0.00021
-0.00021
-0.00024
-0.00027
-0.00027
-0.00031
-0.00024
-0.00027
-0.00024
-0.00021
-0.00021
-0.00021
-0.00024
-0.00021
-0.00027
-0.00031
-0.00027
-0.00021
-0.00018
-0.00021
-0.00018
-0.00018
-0.00021
-0.00024
-0.00027
-0.00024
-0.00031
-0.00024
-0.00024
-0.00021
-0.00018
-0.00018
-0.00018
-0.00018
-0.00024
-0.00015
-0.00031
-0.00003
-0.00046
0.00006
-0.00064
0.00024
-0.00064
-0.00009
-0.00040
-0.00085
-0.01706
-0.09702
-0.05106
-0.04111
0.01163
0.07584
0.06464
0.06390
0.01215
0.01401
0.00357
0.00693
-0.02707
-0.04520
-0.03580
-0.01270
0.01004
0.03503
0.02872
0.00058
-0.00351
-0.00424
0.00000
0.00400
-0.00058
-0.00266
0.00592
0.00333
-0.00101
-0.00214
-0.00150
-0.00247
-0.00098
-0.00272
-0.00104
0.00183
0.00095
0.00259
0.00781
0.00629
0.00134
-0.00003
-0.00214
-0.00128
-0.00021
-0.00082
-0.00302
-0.00024
0.00064
0.00104
0.00174
0.00290
0.00104
0.00211
0.00293
0.00150
0.00037
-0.00034
0.00021
0.00092
0.00018
-0.00101
-0.00308
-0.00278
-0.00037
0.00037
0.00116
0.00031
0.00000
-0.00031
0.00031
0.00153
0.00113
0.00110
-0.00034
-0.00137
-0.00064
-0.00046
-0.00089
-0.00162
-0.00168
-0.00143
-0.00226
-0.00162
-0.00214
0.00000
0.00107
0.00168
0.00229
0.00140
0.00125
0.00089
-0.00052
-0.00162
-0.00308
-0.00311
-0.00375
-0.00125
-0.00113
-0.00220
0.00012
-0.00113
0.00046
0.00095
-0.00125
-0.00079
-0.00006
0.00003
0.00027
0.00034
-0.00006
-0.00061
-0.00018
-0.00125
-0.00174
-0.00110
-0.00189
-0.00201
-0.00082
-0.00156
-0.00177
-0.00137
-0.00082
0.00021
0.00049
-0.00043
-0.00165
-0.00183
-0.00192
-0.00186
-0.00143
-0.00128
-0.00128
-0.00095
-0.00076
0.00000
0.00000
0.00000
0.00000
0.00000
0.00000
0.00000
0.00000
0.00000
0.00000
0.00000
0.00000
0.00000
0.00000
0.00000
0.00000
0.00000
0.00000
0.00000
0.00000
0.00000
0.00000
0.00000
0.00000
0.00000
0.00000
0.00000
0.00000
0.00000
0.00000
0.00000
0.00000
0.00000
0.00000
0.00000
0.00000
0.00000
0.00000
0.00000
0.00000
0.00000
0.00000
0.00000
0.00000
0.00000
0.00000
0.00000
0.00000
0.00000
0.00000
0.00000
0.00000
0.00000
0.00000
0.00000
0.00000
0.00000
0.00000
0.00000
0.00000
0.00000
0.00000
0.00000
0.00000
0.00000
0.00000
0.00000
0.00000
0.00000
0.00000
0.00000
0.00000
0.00000
0.00000
0.00000
0.00000
0.00000
0.00000
0.00000
0.00000
0.00000
0.00000
0.00000
0.00000
0.00000
0.00000
0.00000
0.00000
0.00000
0.00000
0.00000
0.00000
0.00000
0.00000
0.00000
0.00000
0.00000
0.00000
0.00000
0.00000
0.00000
0.00000
0.00000
0.00000
0.00000
0.00000
0.00000
0.00000
0.00000
0.00000
0.00000
0.00000
0.00000
0.00000
0.00000
0.00000
0.00000
0.00000
0.00000
0.00000
0.00000
0.00000
0.00000
0.00000
0.00000
0.00000
0.00000
0.00000
0.00000
0.00000
0.00000
0.00000
0.00000
0.00000
0.00000
0.00000
0.00000
0.00000
0.00000
0.00000
0.00000
0.00000
0.00000
0.00000
0.00000
0.00000
0.00000
0.00000
0.00000
0.00000
0.00000
0.00000
0.00000
0.00000
0.00000
0.00000
0.00000
0.00000
0.00000
0.00000
0.00000
0.00000
0.00000
0.00000
0.00000
0.00000
0.00000
0.00000
0.00000
0.00000
0.00000
0.00000
0.00000
0.00000
0.00000
0.00000
0.00000
0.00000
0.00000
0.00000
0.00000
0.00000
0.00000
0.00000
0.00000
0.00000
0.00000
0.00000
0.00000
0.00000
0.00000
