-0.00034
-0.00037
-0.00034
-0.00031
-0.00027
-0.00031
-0.00027
-0.00024
-0.00024
-0.00027
-0.00034
-0.00037
-0.00040
-0.00043
-0.00043
-0.00040
-0.00031
-0.00027
-0.00031
-0.00027
-0.00024
-0.00031
-0.00037
-0.00034
-0.00034
-0.00040
-0.00037
-0.00027
-0.00031
-0.00034
-0.00031
-0.00024
-0.00024
-0.00027
-0.00031
-0.00031
-0.00034
-0.00040
-0.00043
-0.00043
-0.00040
-0.00046
-0.00040
-0.00027
-0.00031
-0.00034
-0.00031
-0.00031
-0.00037
-0.00037
-0.00031
-0.00027
-0.00027
-0.00027
-0.00040
-0.00037
-0.00031
-0.00049
-0.00040
-0.00037
-0.00034
-0.00034
-0.00037
-0.00034
-0.00034
-0.00031
-0.00034
-0.00034
-0.00034
-0.00034
-0.00031
-0.00037
-0.00037
-0.00034
-0.00043
-0.00043
-0.00034
-0.00034
-0.00031
-0.00024
-0.00024
-0.00031
-0.00034
-0.00037
-0.00040
-0.00037
-0.00037
-0.00040
-0.00034
-0.00027
-0.00031
-0.00027
-0.00031
-0.00037
-0.00040
-0.00034
-0.00034
-0.00037
-0.00031
-0.00024
-0.00031
-0.00040
-0.00034
-0.00034
-0.00037
-0.00037
-0.00037
-0.00037
-0.00034
-0.00034
-0.00037
-0.00034
-0.00037
-0.00037
-0.00034
-0.00027
-0.00031
-0.00031
-0.00027
-0.00027
-0.00034
-0.00037
-0.00040
-0.00046
-0.00043
-0.00037
-0.00037
-0.00031
-0.00027
-0.00034
-0.00034
-0.00027
-0.00031
-0.00040
-0.00037
-0.00034
-0.00037
-0.00040
-0.00037
-0.00031
-0.00037
-0.00037
-0.00040
-0.00034
-0.00034
-0.00034
-0.00034
-0.00034
-0.00031
-0.00040
-0.00034
-0.00027
-0.00031
-0.00034
-0.00027
-0.00027
-0.00037
-0.00034
-0.00034
-0.00037
-0.00040
-0.00043
-0.00034
-0.00034
-0.00031
-0.00027
-0.00027
-0.00027
-0.00031
-0.00040
-0.00040
-0.00043
-0.00024
-0.00055
0.00006
-0.00085
0.00040
-0.00131
0.00113
-0.00220
-0.00134
-0.06149
-0.10638
-0.01471
-0.02924
-0.00943
0.05551
0.08054
0.08386
0.03217
0.00476
0.00244
0.02377
-0.02094
-0.06192
-0.02856
-0.00220
-0.00211
0.01712
0.02264
0.01102
0.00439
-0.00714
-0.01120
0.00879
0.01135
-0.00473
0.00061
0.01218
0.00037
-0.00674
-0.00244
-0.00180
-0.00177
-0.00287
-0.00308
-0.00198
0.00723
0.00729
0.00360
0.00513
0.00522
0.00024
-0.00162
-0.00113
-0.00290
-0.00427
-0.00256
-0.00067
-0.00043
0.00076
0.00189
0.00098
0.00217
0.00500
0.00262
-0.00064
-0.00058
0.00009
-0.00021
-0.00064
-0.00037
-0.00049
-0.00214
-0.00339
-0.00314
0.00131
0.00217
-0.00067
-0.00156
-0.00067
0.00186
0.00095
0.00006
0.00171
0.00064
-0.00064
-0.00131
-0.00116
-0.00095
-0.00345
-0.00320
-0.00214
-0.00162
-0.00098
-0.00174
0.00137
0.00275
0.00085
0.00137
0.00159
0.00092
-0.00079
-0.00238
-0.00189
-0.00232
-0.00275
-0.00339
-0.00296
-0.00208
-0.00204
-0.00079
0.00009
-0.00092
-0.00073
-0.00006
0.00089
0.00275
0.00131
-0.00027
-0.00031
-0.00015
-0.00049
-0.00159
-0.00229
-0.00278
-0.00208
-0.00195
-0.00189
-0.00049
-0.00095
-0.00192
-0.00128
0.00024
0.00082
0.00031
-0.00082
-0.00168
-0.00153
-0.00183
-0.00220
-0.00189
-0.00153
-0.00153
-0.00162
-0.00116
-0.00110
-0.00055
0.00058
0.00162
0.00269
0.00259
0.00259
0.00305
0.00272
0.00262
0.00165
-0.00031
-0.00119
-0.00259
-0.00296
-0.00195
-0.00177
-0.00171
-0.00107
-0.00034
0.00000
-0.00009
-0.00003
-0.00015
-0.00055
-0.00003
0.00073
0.00098
0.00113
0.00055
-0.00049
-0.00082
-0.00082
-0.00095
-0.00082
-0.00043
-0.00043
-0.00046
-0.00009
0.00037
0.00064
0.00095
0.00085
0.00037
0.00015
-0.00043
-0.00070
-0.00064
-0.00052
-0.00089
-0.00104
-0.00003
0.00000
0.00000
0.00000
0.00000
0.00000
0.00000
0.00000
0.00000
0.00000
0.00000
0.00000
0.00000
0.00000
0.00000
0.00000
0.00000
0.00000
0.00000
0.00000
0.00000
0.00000
0.00000
0.00000
0.00000
0.00000
0.00000
0.00000
0.00000
0.00000
0.00000
0.00000
0.00000
0.00000
0.00000
0.00000
0.00000
0.00000
0.00000
0.00000
0.00000
0.00000
0.00000
0.00000
0.00000
0.00000
0.00000
0.00000
0.00000
0.00000
0.00000
0.00000
0.00000
0.00000
0.00000
0.00000
0.00000
0.00000
0.00000
0.00000
0.00000
0.00000
0.00000
0.00000
0.00000
0.00000
0.00000
0.00000
0.00000
0.00000
0.00000
0.00000
0.00000
0.00000
0.00000
0.00000
0.00000
0.00000
0.00000
0.00000
0.00000
0.00000
0.00000
0.00000
0.00000
0.00000
0.00000
0.00000
0.00000
0.00000
0.00000
0.00000
0.00000
0.00000
0.00000
0.00000
0.00000
0.00000
0.00000
0.00000
0.00000
0.00000
0.00000
0.00000
0.00000
0.00000
0.00000
0.00000
0.00000
0.00000
0.00000
0.00000
0.00000
0.00000
0.00000
0.00000
0.00000
0.00000
0.00000
0.00000
0.00000
0.00000
0.00000
0.00000
0.00000
0.00000
0.00000
0.00000
0.00000
0.00000
0.00000
0.00000
0.00000
0.00000
0.00000
0.00000
0.00000
0.00000
0.00000
0.00000
0.00000
0.00000
0.00000
0.00000
0.00000
