-0.00006
-0.00012
-0.00012
-0.00009
-0.00009
-0.00009
-0.00009
-0.00012
-0.00015
-0.00012
-0.00012
-0.00012
-0.00009
-0.00009
-0.00006
-0.00009
-0.00009
-0.00012
-0.00009
-0.00012
-0.00012
-0.00015
-0.00015
-0.00015
-0.00015
-0.00015
-0.00015
-0.00012
-0.00012
-0.00009
-0.00009
-0.00009
-0.00012
-0.00012
-0.00018
-0.00018
-0.00018
-0.00018
-0.00018
-0.00018
-0.00018
-0.00018
-0.00015
-0.00015
-0.00018
-0.00015
-0.00015
-0.00015
-0.00018
-0.00018
-0.00018
-0.00018
-0.00018
-0.00021
-0.00018
-0.00018
-0.00018
-0.00021
-0.00018
-0.00018
-0.00021
-0.00021
-0.00018
-0.00018
-0.00018
-0.00018
-0.00015
-0.00018
-0.00024
-0.00021
-0.00021
-0.00021
-0.00018
-0.00021
-0.00021
-0.00021
-0.00021
-0.00021
-0.00021
-0.00018
-0.00021
-0.00018
-0.00018
-0.00021
-0.00021
-0.00021
-0.00021
-0.00021
-0.00021
-0.00021
-0.00024
-0.00021
-0.00021
-0.00021
-0.00018
-0.00021
-0.00024
-0.00018
-0.00018
-0.00024
-0.00021
-0.00018
-0.00021
-0.00021
-0.00021
-0.00018
-0.00021
-0.00024
-0.00024
-0.00021
-0.00021
-0.00021
-0.00018
-0.00018
-0.00021
-0.00018
-0.00018
-0.00024
-0.00027
-0.00027
-0.00024
-0.00021
-0.00021
-0.00021
-0.00021
-0.00021
-0.00021
-0.00021
-0.00018
-0.00021
-0.00024
-0.00024
-0.00024
-0.00027
-0.00027
-0.00021
-0.00024
-0.00027
-0.00021
-0.00024
-0.00024
-0.00021
-0.00021
-0.00024
-0.00024
-0.00021
-0.00021
-0.00024
-0.00024
-0.00021
-0.00021
-0.00027
-0.00027
-0.00021
-0.00021
-0.00024
-0.00021
-0.00018
-0.00021
-0.00024
-0.00024
-0.00024
-0.00021
-0.00027
-0.00027
-0.00024
-0.00027
-0.00027
-0.00027
-0.00024
-0.00027
-0.00031
-0.00027
-0.00027
-0.00024
-0.00024
-0.00024
-0.00024
-0.00021
-0.00034
-0.00006
-0.00049
0.00009
-0.00098
0.00055
-0.00168
0.00006
-0.03021
-0.06079
-0.03864
-0.02118
-0.00909
0.00681
0.04263
0.05664
0.04880
0.02164
0.00409
0.00528
-0.00275
-0.02173
-0.02567
-0.01141
-0.00659
0.00229
0.01224
0.01294
0.01056
0.00299
-0.00473
-0.00034
0.00430
-0.00107
-0.00500
0.00009
0.00006
-0.00110
-0.00037
0.00085
0.00266
0.00439
0.00229
-0.00113
0.00034
0.00143
0.00064
0.00070
0.00189
0.00177
0.00131
-0.00052
-0.00119
-0.00195
-0.00229
-0.00211
-0.00076
0.00031
0.00204
0.00247
0.00229
0.00351
0.00363
0.00159
0.00018
-0.00018
-0.00055
-0.00134
-0.00064
0.00009
-0.00024
-0.00061
-0.00122
-0.00089
0.00018
0.00031
-0.00018
-0.00079
-0.00046
-0.00015
0.00015
0.00095
0.00113
0.00006
0.00000
0.00000
0.00000
0.00000
0.00000
0.00000
0.00000
0.00000
0.00000
0.00000
0.00000
0.00000
0.00000
0.00000
0.00000
0.00000
0.00000
0.00000
0.00000
0.00000
0.00000
0.00000
0.00000
0.00000
0.00000
0.00000
0.00000
0.00000
0.00000
0.00000
0.00000
0.00000
0.00000
0.00000
0.00000
0.00000
0.00000
0.00000
0.00000
0.00000
0.00000
0.00000
0.00000
0.00000
0.00000
0.00000
0.00000
0.00000
0.00000
0.00000
0.00000
0.00000
0.00000
0.00000
0.00000
0.00000
0.00000
0.00000
0.00000
0.00000
0.00000
0.00000
0.00000
0.00000
0.00000
0.00000
0.00000
0.00000
0.00000
0.00000
0.00000
0.00000
0.00000
0.00000
0.00000
0.00000
0.00000
0.00000
0.00000
0.00000
0.00000
0.00000
0.00000
0.00000
0.00000
0.00000
0.00000
0.00000
0.00000
0.00000
0.00000
0.00000
0.00000
0.00000
0.00000
0.00000
0.00000
0.00000
0.00000
0.00000
0.00000
0.00000
0.00000
0.00000
0.00000
0.00000
0.00000
0.00000
0.00000
0.00000
0.00000
0.00000
0.00000
0.00000
0.00000
0.00000
0.00000
0.00000
0.00000
0.00000
0.00000
0.00000
0.00000
0.00000
0.00000
0.00000
0.00000
0.00000
0.00000
0.00000
0.00000
0.00000
0.00000
0.00000
0.00000
0.00000
0.00000
0.00000
0.00000
0.00000
0.00000
0.00000
0.00000
0.00000
0.00000
0.00000
0.00000
0.00000
0.00000
0.00000
0.00000
0.00000
0.00000
0.00000
0.00000
0.00000
0.00000
0.00000
0.00000
0.00000
0.00000
0.00000
0.00000
0.00000
0.00000
0.00000
0.00000
0.00000
0.00000
0.00000
0.00000
0.00000
0.00000
0.00000
0.00000
0.00000
0.00000
0.00000
0.00000
0.00000
0.00000
0.00000
0.00000
0.00000
0.00000
0.00000
0.00000
0.00000
0.00000
0.00000
0.00000
0.00000
0.00000
0.00000
0.00000
0.00000
0.00000
0.00000
0.00000
0.00000
0.00000
0.00000
0.00000
0.00000
0.00000
0.00000
0.00000
0.00000
0.00000
0.00000
0.00000
0.00000
0.00000
0.00000
0.00000
0.00000
0.00000
0.00000
0.00000
0.00000
0.00000
0.00000
0.00000
0.00000
0.00000
0.00000
0.00000
0.00000
0.00000
0.00000
0.00000
0.00000
0.00000
0.00000
0.00000
0.00000
0.00000
0.00000
0.00000
0.00000
0.00000
0.00000
0.00000
0.00000
0.00000
0.00000
0.00000
0.00000
0.00000
