-0.00006
-0.00003
-0.00006
-0.00009
-0.00009
-0.00009
-0.00009
-0.00012
-0.00009
-0.00009
-0.00009
-0.00009
-0.00006
-0.00006
-0.00009
-0.00009
-0.00009
-0.00009
-0.00009
-0.00015
-0.00012
-0.00009
-0.00012
-0.00012
-0.00009
-0.00012
-0.00012
-0.00009
-0.00006
-0.00009
-0.00006
-0.00006
-0.00009
-0.00009
-0.00027
-0.00009
-0.00012
-0.00015
-0.00015
-0.00015
-0.00012
-0.00015
-0.00012
-0.00009
-0.00012
-0.00015
-0.00009
-0.00009
-0.00012
-0.00012
-0.00012
-0.00012
-0.00015
-0.00015
-0.00012
-0.00015
-0.00018
-0.00015
-0.00015
-0.00012
-0.00012
-0.00012
-0.00012
-0.00015
-0.00015
-0.00015
-0.00015
-0.00018
-0.00018
-0.00018
-0.00015
-0.00018
-0.00012
-0.00012
-0.00015
-0.00015
-0.00018
-0.00018
-0.00021
-0.00021
-0.00018
-0.00015
-0.00012
-0.00015
-0.00012
-0.00012
-0.00015
-0.00015
-0.00015
-0.00018
-0.00018
-0.00018
-0.00018
-0.00018
-0.00018
-0.00018
-0.00015
-0.00012
-0.00012
-0.00012
-0.00012
-0.00012
-0.00018
-0.00018
-0.00015
-0.00015
-0.00018
-0.00018
-0.00012
-0.00012
-0.00009
-0.00006
-0.00006
-0.00009
-0.00012
-0.00012
-0.00012
-0.00012
-0.00012
-0.00015
-0.00009
-0.00012
-0.00015
-0.00012
-0.00015
-0.00018
-0.00015
-0.00012
-0.00009
-0.00012
-0.00012
-0.00009
-0.00006
-0.00012
-0.00009
-0.00009
-0.00015
-0.00018
-0.00018
-0.00015
-0.00015
-0.00015
-0.00015
-0.00012
-0.00012
-0.00012
-0.00009
-0.00006
-0.00006
-0.00009
-0.00009
-0.00006
-0.00009
-0.00012
-0.00012
-0.00012
-0.00015
-0.00015
-0.00012
-0.00012
-0.00015
-0.00012
-0.00012
-0.00009
-0.00009
-0.00012
-0.00009
-0.00009
-0.00009
-0.00012
-0.00009
-0.00009
-0.00015
-0.00015
-0.00015
-0.00018
-0.00012
-0.00009
-0.00012
-0.00012
-0.00009
-0.00006
-0.00006
-0.00015
-0.00015
-0.00009
-0.00012
-0.00009
-0.00003
0.00000
-0.00009
-0.00006
-0.00037
-0.00009
-0.00058
0.00049
-0.00058
-0.00018
-0.01813
-0.02802
-0.02481
-0.02188
0.00449
0.01321
0.02069
0.01498
0.01205
0.01038
0.00934
0.00397
-0.00931
-0.01251
-0.01221
-0.00470
0.00385
0.00980
0.00647
0.00253
0.00119
0.00165
0.00195
0.00024
-0.00095
0.00143
0.00424
0.00354
0.00146
0.00015
-0.00009
0.00031
-0.00040
-0.00089
-0.00040
-0.00031
0.00107
0.00287
0.00403
0.00342
0.00201
0.00000
0.00024
0.00098
0.00055
-0.00037
-0.00006
0.00009
0.00037
0.00012
0.00058
0.00174
0.00076
0.00116
0.00113
0.00101
0.00113
0.00073
0.00079
0.00125
0.00089
-0.00031
-0.00134
-0.00110
-0.00067
0.00015
0.00064
0.00046
0.00018
0.00012
0.00012
0.00049
0.00101
0.00052
-0.00027
-0.00049
-0.00034
-0.00027
-0.00024
-0.00064
-0.00085
-0.00092
-0.00031
-0.00150
-0.00107
0.00049
-0.00085
-0.00012
-0.00012
-0.00021
0.00043
0.00015
-0.00040
-0.00089
0.00012
-0.00082
-0.00146
-0.00101
-0.00122
-0.00037
-0.00034
-0.00122
-0.00150
-0.00046
-0.00046
-0.00049
-0.00046
-0.00040
0.00009
0.00000
-0.00055
-0.00107
-0.00070
-0.00052
-0.00049
-0.00073
-0.00134
-0.00180
-0.00174
-0.00168
-0.00183
-0.00189
-0.00201
-0.00171
-0.00098
-0.00012
0.00015
0.00040
0.00052
0.00089
0.00122
0.00125
0.00119
0.00052
-0.00021
-0.00021
-0.00018
-0.00061
-0.00162
-0.00223
-0.00198
-0.00140
-0.00073
-0.00043
-0.00018
0.00006
0.00037
0.00052
0.00031
0.00006
-0.00012
-0.00034
-0.00067
-0.00092
-0.00092
-0.00067
-0.00073
-0.00092
-0.00073
-0.00027
0.00009
0.00031
0.00037
0.00015
0.00000
0.00000
0.00000
0.00000
0.00000
0.00000
0.00000
0.00000
0.00000
0.00000
0.00000
0.00000
0.00000
0.00000
0.00000
0.00000
0.00000
0.00000
0.00000
0.00000
0.00000
0.00000
0.00000
0.00000
0.00000
0.00000
0.00000
0.00000
0.00000
0.00000
0.00000
0.00000
0.00000
0.00000
0.00000
0.00000
0.00000
0.00000
0.00000
0.00000
0.00000
0.00000
0.00000
0.00000
0.00000
0.00000
0.00000
0.00000
0.00000
0.00000
0.00000
0.00000
0.00000
0.00000
0.00000
0.00000
0.00000
0.00000
0.00000
0.00000
0.00000
0.00000
0.00000
0.00000
0.00000
0.00000
0.00000
0.00000
0.00000
0.00000
0.00000
0.00000
0.00000
0.00000
0.00000
0.00000
0.00000
0.00000
0.00000
0.00000
0.00000
0.00000
0.00000
0.00000
0.00000
0.00000
0.00000
0.00000
0.00000
0.00000
0.00000
0.00000
0.00000
0.00000
0.00000
0.00000
0.00000
0.00000
0.00000
0.00000
0.00000
0.00000
0.00000
0.00000
0.00000
0.00000
0.00000
0.00000
0.00000
0.00000
0.00000
0.00000
0.00000
0.00000
0.00000
0.00000
0.00000
0.00000
0.00000
0.00000
0.00000
0.00000
0.00000
0.00000
0.00000
0.00000
0.00000
0.00000
0.00000
0.00000
0.00000
0.00000
0.00000
0.00000
0.00000
0.00000
0.00000
0.00000
0.00000
0.00000
0.00000
0.00000
0.00000
0.00000
0.00000
0.00000
0.00000
0.00000
0.00000
0.00000
