-0.00021
-0.00015
-0.00009
0.00000
0.00000
0.00000
-0.00003
-0.00006
-0.00006
-0.00015
-0.00018
-0.00015
-0.00012
-0.00009
-0.00012
-0.00009
-0.00006
-0.00009
-0.00015
-0.00015
-0.00015
-0.00012
-0.00012
-0.00009
-0.00009
-0.00009
-0.00009
-0.00012
-0.00015
-0.00015
-0.00018
-0.00012
-0.00015
-0.00009
-0.00009
-0.00012
-0.00009
-0.00003
-0.00003
-0.00003
-0.00003
-0.00009
-0.00006
-0.00006
-0.00012
-0.00018
-0.00018
-0.00018
-0.00021
-0.00021
-0.00015
-0.00012
-0.00012
-0.00012
-0.00012
0.00000
-0.00009
-0.00015
-0.00006
-0.00012
-0.00012
-0.00015
-0.00018
-0.00015
-0.00015
-0.00015
-0.00018
-0.00012
-0.00009
-0.00006
-0.00003
-0.00003
0.00000
0.00000
-0.00006
-0.00006
-0.00009
-0.00009
-0.00012
-0.00012
-0.00009
-0.00006
-0.00006
-0.00009
-0.00009
-0.00006
-0.00006
-0.00006
-0.00006
-0.00006
-0.00006
-0.00009
-0.00015
-0.00012
-0.00003
-0.00003
-0.00009
-0.00006
-0.00003
-0.00006
-0.00015
-0.00015
-0.00012
-0.00015
-0.00015
-0.00012
-0.00003
0.00000
0.00000
-0.00003
0.00000
0.00000
-0.00009
-0.00012
-0.00006
-0.00006
-0.00006
-0.00003
-0.00006
-0.00009
-0.00012
-0.00015
-0.00012
-0.00009
-0.00006
-0.00012
-0.00009
0.00000
0.00000
-0.00006
-0.00003
0.00000
-0.00006
-0.00009
-0.00006
-0.00006
-0.00006
-0.00012
-0.00009
-0.00009
-0.00006
-0.00006
-0.00003
0.00003
0.00000
-0.00003
0.00000
-0.00003
-0.00009
-0.00012
-0.00009
-0.00006
-0.00009
-0.00009
-0.00006
-0.00003
-0.00009
-0.00009
-0.00009
-0.00009
-0.00015
-0.00015
-0.00006
-0.00006
-0.00009
-0.00009
-0.00006
-0.00006
-0.00012
-0.00009
-0.00012
0.00003
-0.00015
0.00009
-0.00018
0.00000
-0.00009
-0.00027
0.00015
-0.00104
-0.01727
-0.08994
-0.04904
-0.01016
-0.04944
0.01416
0.05927
0.07733
0.06320
0.02448
0.00739
0.01584
0.00793
-0.03674
-0.04214
-0.00610
-0.01291
-0.00571
0.02377
0.01669
0.01062
0.00375
-0.01227
-0.00037
0.01758
-0.00037
-0.01050
0.00583
0.00388
-0.00586
0.00012
0.00110
-0.00198
0.00015
-0.00006
-0.00098
0.00525
0.00751
0.00049
0.00092
0.00479
0.00275
0.00061
0.00031
-0.00195
-0.00339
-0.00323
-0.00052
0.00110
0.00113
0.00067
0.00024
0.00000
0.00272
0.00320
-0.00012
-0.00067
0.00119
0.00073
-0.00015
0.00003
0.00107
-0.00055
-0.00131
-0.00177
-0.00238
0.00073
0.00012
-0.00150
-0.00018
0.00067
0.00061
-0.00046
0.00061
0.00150
0.00024
-0.00018
-0.00092
-0.00110
-0.00168
-0.00281
-0.00171
-0.00119
-0.00143
-0.00235
-0.00092
0.00159
0.00101
0.00082
0.00162
0.00156
0.00070
-0.00125
-0.00156
-0.00177
-0.00220
-0.00302
-0.00427
-0.00165
-0.00119
-0.00226
-0.00113
-0.00076
0.00049
0.00003
-0.00049
0.00031
0.00049
0.00095
0.00015
-0.00021
0.00015
-0.00061
-0.00208
-0.00229
-0.00183
-0.00174
-0.00183
-0.00165
-0.00153
-0.00168
-0.00116
-0.00089
-0.00040
0.00018
-0.00015
-0.00055
-0.00085
-0.00162
-0.00232
-0.00211
-0.00171
-0.00150
-0.00134
-0.00165
-0.00125
-0.00104
-0.00046
0.00058
0.00092
0.00174
0.00208
0.00211
0.00256
0.00253
0.00275
0.00183
-0.00037
-0.00122
-0.00186
-0.00217
-0.00186
-0.00238
-0.00223
-0.00134
-0.00064
-0.00049
-0.00046
-0.00034
-0.00073
-0.00064
0.00021
0.00082
0.00073
0.00058
0.00018
-0.00031
-0.00061
-0.00089
-0.00128
-0.00131
-0.00089
-0.00064
-0.00058
-0.00012
0.00031
0.00055
0.00085
0.00067
0.00037
0.00027
-0.00003
-0.00027
-0.00024
-0.00003
0.00000
0.00000
0.00000
0.00000
0.00000
0.00000
0.00000
0.00000
0.00000
0.00000
0.00000
0.00000
0.00000
0.00000
0.00000
0.00000
0.00000
0.00000
0.00000
0.00000
0.00000
0.00000
0.00000
0.00000
0.00000
0.00000
0.00000
0.00000
0.00000
0.00000
0.00000
0.00000
0.00000
0.00000
0.00000
0.00000
0.00000
0.00000
0.00000
0.00000
0.00000
0.00000
0.00000
0.00000
0.00000
0.00000
0.00000
0.00000
0.00000
0.00000
0.00000
0.00000
0.00000
0.00000
0.00000
0.00000
0.00000
0.00000
0.00000
0.00000
0.00000
0.00000
0.00000
0.00000
0.00000
0.00000
0.00000
0.00000
0.00000
0.00000
0.00000
0.00000
0.00000
0.00000
0.00000
0.00000
0.00000
0.00000
0.00000
0.00000
0.00000
0.00000
0.00000
0.00000
0.00000
0.00000
0.00000
0.00000
0.00000
0.00000
0.00000
0.00000
0.00000
0.00000
0.00000
0.00000
0.00000
0.00000
0.00000
0.00000
0.00000
0.00000
0.00000
0.00000
0.00000
0.00000
0.00000
0.00000
0.00000
0.00000
0.00000
0.00000
0.00000
0.00000
0.00000
0.00000
0.00000
0.00000
0.00000
0.00000
0.00000
0.00000
0.00000
0.00000
0.00000
0.00000
0.00000
0.00000
0.00000
0.00000
0.00000
0.00000
0.00000
0.00000
0.00000
0.00000
0.00000
0.00000
0.00000
0.00000
0.00000
0.00000
0.00000
0.00000
0.00000
0.00000
0.00000
