-0.00018
-0.00018
-0.00015
-0.00015
-0.00018
-0.00018
-0.00021
-0.00018
-0.00021
-0.00018
-0.00018
-0.00021
-0.00018
-0.00018
-0.00018
-0.00015
-0.00015
-0.00018
-0.00018
-0.00018
-0.00021
-0.00021
-0.00024
-0.00024
-0.00021
-0.00021
-0.00021
-0.00021
-0.00024
-0.00024
-0.00024
-0.00021
-0.00021
-0.00018
-0.00037
-0.00018
-0.00018
-0.00024
-0.00024
-0.00027
-0.00024
-0.00031
-0.00027
-0.00024
-0.00024
-0.00021
-0.00021
-0.00021
-0.00024
-0.00027
-0.00027
-0.00027
-0.00024
-0.00027
-0.00027
-0.00024
-0.00031
-0.00031
-0.00027
-0.00027
-0.00027
-0.00024
-0.00034
-0.00024
-0.00031
-0.00031
-0.00027
-0.00034
-0.00031
-0.00034
-0.00027
-0.00027
-0.00024
-0.00027
-0.00024
-0.00027
-0.00027
-0.00027
-0.00027
-0.00027
-0.00031
-0.00031
-0.00037
-0.00034
-0.00031
-0.00034
-0.00031
-0.00031
-0.00027
-0.00031
-0.00031
-0.00027
-0.00027
-0.00031
-0.00037
-0.00031
-0.00031
-0.00037
-0.00034
-0.00031
-0.00031
-0.00031
-0.00027
-0.00024
-0.00027
-0.00034
-0.00034
-0.00031
-0.00037
-0.00040
-0.00037
-0.00037
-0.00037
-0.00037
-0.00031
-0.00027
-0.00034
-0.00037
-0.00031
-0.00031
-0.00037
-0.00037
-0.00031
-0.00034
-0.00037
-0.00034
-0.00031
-0.00034
-0.00034
-0.00037
-0.00034
-0.00037
-0.00040
-0.00040
-0.00034
-0.00034
-0.00034
-0.00027
-0.00031
-0.00031
-0.00034
-0.00034
-0.00037
-0.00040
-0.00040
-0.00037
-0.00034
-0.00037
-0.00031
-0.00027
-0.00031
-0.00031
-0.00037
-0.00034
-0.00034
-0.00034
-0.00034
-0.00034
-0.00031
-0.00037
-0.00037
-0.00031
-0.00034
-0.00034
-0.00031
-0.00031
-0.00037
-0.00034
-0.00034
-0.00040
-0.00037
-0.00037
-0.00034
-0.00034
-0.00034
-0.00031
-0.00037
-0.00040
-0.00037
-0.00034
-0.00040
-0.00043
-0.00018
-0.00076
0.00012
-0.00159
0.00107
-0.00317
-0.00110
-0.05692
-0.06009
-0.03671
-0.02591
0.05103
0.05292
0.05399
0.02328
0.01105
0.00858
0.00894
-0.00668
-0.03040
-0.02939
-0.02097
-0.00339
0.01758
0.02887
0.00516
-0.00439
-0.00229
-0.00046
0.00504
0.00308
-0.00162
0.00278
0.00095
-0.00262
-0.00302
0.00034
-0.00150
-0.00287
-0.00201
-0.00098
0.00287
0.00183
0.00217
0.00415
0.00504
0.00226
0.00107
-0.00098
-0.00143
-0.00131
-0.00122
-0.00104
0.00052
0.00003
-0.00085
-0.00012
0.00150
0.00156
0.00150
0.00250
0.00174
0.00095
0.00006
-0.00024
0.00076
0.00046
-0.00156
-0.00269
-0.00238
-0.00131
0.00006
0.00085
0.00027
0.00012
-0.00006
-0.00079
-0.00015
0.00012
0.00040
0.00024
-0.00009
-0.00064
-0.00104
-0.00122
-0.00134
-0.00134
-0.00076
-0.00165
-0.00211
-0.00192
-0.00165
-0.00021
0.00012
0.00012
0.00046
0.00058
0.00150
0.00101
-0.00046
-0.00269
-0.00211
-0.00214
-0.00345
-0.00153
-0.00256
-0.00064
0.00000
-0.00186
-0.00150
-0.00064
-0.00092
-0.00122
-0.00027
-0.00012
0.00027
0.00067
-0.00079
-0.00052
-0.00012
-0.00174
-0.00299
-0.00217
-0.00223
-0.00150
-0.00116
-0.00220
-0.00211
-0.00113
-0.00082
-0.00079
-0.00082
-0.00156
-0.00174
-0.00150
-0.00146
-0.00171
-0.00165
-0.00180
-0.00116
-0.00018
0.00076
0.00110
0.00174
0.00290
0.00293
0.00183
0.00000
-0.00137
-0.00174
-0.00229
-0.00223
-0.00198
-0.00189
-0.00192
-0.00116
0.00006
0.00046
-0.00012
-0.00116
-0.00101
-0.00037
0.00000
-0.00027
-0.00092
-0.00143
-0.00125
-0.00061
-0.00037
-0.00034
-0.00052
-0.00061
0.00000
0.00000
0.00000
0.00000
0.00000
0.00000
0.00000
0.00000
0.00000
0.00000
0.00000
0.00000
0.00000
0.00000
0.00000
0.00000
0.00000
0.00000
0.00000
0.00000
0.00000
0.00000
0.00000
0.00000
0.00000
0.00000
0.00000
0.00000
0.00000
0.00000
0.00000
0.00000
0.00000
0.00000
0.00000
0.00000
0.00000
0.00000
0.00000
0.00000
0.00000
0.00000
0.00000
0.00000
0.00000
0.00000
0.00000
0.00000
0.00000
0.00000
0.00000
0.00000
0.00000
0.00000
0.00000
0.00000
0.00000
0.00000
0.00000
0.00000
0.00000
0.00000
0.00000
0.00000
0.00000
0.00000
0.00000
0.00000
0.00000
0.00000
0.00000
0.00000
0.00000
0.00000
0.00000
0.00000
0.00000
0.00000
0.00000
0.00000
0.00000
0.00000
0.00000
0.00000
0.00000
0.00000
0.00000
0.00000
0.00000
0.00000
0.00000
0.00000
0.00000
0.00000
0.00000
0.00000
0.00000
0.00000
0.00000
0.00000
0.00000
0.00000
0.00000
0.00000
0.00000
0.00000
0.00000
0.00000
0.00000
0.00000
0.00000
0.00000
0.00000
0.00000
0.00000
0.00000
0.00000
0.00000
0.00000
0.00000
0.00000
0.00000
0.00000
0.00000
0.00000
0.00000
0.00000
0.00000
0.00000
0.00000
0.00000
0.00000
0.00000
0.00000
0.00000
0.00000
0.00000
0.00000
0.00000
0.00000
0.00000
0.00000
0.00000
0.00000
0.00000
0.00000
0.00000
0.00000
0.00000
0.00000
0.00000
0.00000
0.00000
0.00000
0.00000
0.00000
0.00000
0.00000
