-0.00012
-0.00015
-0.00021
-0.00021
-0.00024
-0.00027
-0.00027
-0.00027
-0.00024
-0.00024
-0.00021
-0.00018
-0.00018
-0.00018
-0.00021
-0.00024
-0.00018
-0.00021
-0.00024
-0.00024
-0.00024
-0.00027
-0.00024
-0.00018
-0.00015
-0.00018
-0.00018
-0.00015
-0.00021
-0.00024
-0.00024
-0.00024
-0.00027
-0.00021
-0.00031
-0.00012
-0.00018
-0.00024
-0.00021
-0.00027
-0.00031
-0.00031
-0.00027
-0.00021
-0.00021
-0.00018
-0.00015
-0.00018
-0.00018
-0.00018
-0.00018
-0.00021
-0.00024
-0.00024
-0.00024
-0.00027
-0.00027
-0.00024
-0.00018
-0.00021
-0.00018
-0.00015
-0.00018
-0.00021
-0.00024
-0.00021
-0.00021
-0.00024
-0.00024
-0.00021
-0.00021
-0.00018
-0.00018
-0.00018
-0.00021
-0.00021
-0.00021
-0.00021
-0.00024
-0.00027
-0.00024
-0.00024
-0.00021
-0.00018
-0.00015
-0.00012
-0.00012
-0.00012
-0.00015
-0.00018
-0.00021
-0.00021
-0.00024
-0.00027
-0.00027
-0.00024
-0.00018
-0.00021
-0.00018
-0.00018
-0.00018
-0.00021
-0.00021
-0.00018
-0.00018
-0.00018
-0.00018
-0.00015
-0.00018
-0.00024
-0.00024
-0.00024
-0.00024
-0.00024
-0.00021
-0.00015
-0.00015
-0.00015
-0.00015
-0.00012
-0.00015
-0.00018
-0.00021
-0.00021
-0.00024
-0.00024
-0.00021
-0.00018
-0.00018
-0.00018
-0.00012
-0.00015
-0.00021
-0.00021
-0.00018
-0.00018
-0.00021
-0.00018
-0.00012
-0.00012
-0.00015
-0.00012
-0.00012
-0.00018
-0.00021
-0.00018
-0.00021
-0.00021
-0.00015
-0.00015
-0.00015
-0.00018
-0.00021
-0.00018
-0.00018
-0.00024
-0.00024
-0.00018
-0.00018
-0.00015
-0.00015
-0.00015
-0.00015
-0.00018
-0.00018
-0.00018
-0.00021
-0.00018
-0.00018
-0.00012
-0.00012
-0.00012
-0.00006
-0.00012
-0.00015
-0.00015
-0.00015
-0.00021
-0.00021
-0.00018
-0.00015
-0.00015
-0.00021
-0.00021
-0.00015
-0.00018
-0.00024
-0.00018
-0.00012
-0.00012
-0.00012
-0.00006
-0.00015
-0.00018
-0.00024
-0.00027
-0.00027
-0.00015
0.00003
-0.00012
-0.00580
-0.03046
-0.03616
-0.01956
-0.00739
0.00662
0.01559
0.01981
0.01764
0.01285
0.00919
0.01089
0.00583
-0.00739
-0.01480
-0.00867
0.00018
0.00354
0.00543
0.00284
-0.00052
0.00064
-0.00021
0.00089
0.00323
0.00208
-0.00040
0.00043
0.00327
0.00308
0.00201
0.00113
-0.00043
-0.00079
0.00009
-0.00024
-0.00064
0.00040
0.00195
0.00284
0.00357
0.00348
0.00186
0.00089
0.00003
-0.00098
-0.00204
-0.00113
-0.00049
-0.00003
0.00089
0.00101
0.00122
0.00189
0.00235
0.00189
0.00107
0.00043
0.00049
0.00070
0.00009
-0.00089
-0.00119
-0.00070
-0.00009
0.00018
0.00046
0.00043
0.00012
-0.00037
-0.00024
0.00021
0.00037
0.00006
0.00000
0.00003
0.00003
-0.00043
-0.00073
-0.00073
-0.00134
-0.00104
0.00037
-0.00040
-0.00052
-0.00021
-0.00046
0.00000
0.00000
0.00000
0.00000
0.00000
0.00000
0.00000
0.00000
0.00000
0.00000
0.00000
0.00000
0.00000
0.00000
0.00000
0.00000
0.00000
0.00000
0.00000
0.00000
0.00000
0.00000
0.00000
0.00000
0.00000
0.00000
0.00000
0.00000
0.00000
0.00000
0.00000
0.00000
0.00000
0.00000
0.00000
0.00000
0.00000
0.00000
0.00000
0.00000
0.00000
0.00000
0.00000
0.00000
0.00000
0.00000
0.00000
0.00000
0.00000
0.00000
0.00000
0.00000
0.00000
0.00000
0.00000
0.00000
0.00000
0.00000
0.00000
0.00000
0.00000
0.00000
0.00000
0.00000
0.00000
0.00000
0.00000
0.00000
0.00000
0.00000
0.00000
0.00000
0.00000
0.00000
0.00000
0.00000
0.00000
0.00000
0.00000
0.00000
0.00000
0.00000
0.00000
0.00000
0.00000
0.00000
0.00000
0.00000
0.00000
0.00000
0.00000
0.00000
0.00000
0.00000
0.00000
0.00000
0.00000
0.00000
0.00000
0.00000
0.00000
0.00000
0.00000
0.00000
0.00000
0.00000
0.00000
0.00000
0.00000
0.00000
0.00000
0.00000
0.00000
0.00000
0.00000
0.00000
0.00000
0.00000
0.00000
0.00000
0.00000
0.00000
0.00000
0.00000
0.00000
0.00000
0.00000
0.00000
0.00000
0.00000
0.00000
0.00000
0.00000
0.00000
0.00000
0.00000
0.00000
0.00000
0.00000
0.00000
0.00000
0.00000
0.00000
0.00000
0.00000
0.00000
0.00000
0.00000
0.00000
0.00000
0.00000
0.00000
0.00000
0.00000
0.00000
0.00000
0.00000
0.00000
0.00000
0.00000
0.00000
0.00000
0.00000
0.00000
0.00000
0.00000
0.00000
0.00000
0.00000
0.00000
0.00000
0.00000
0.00000
0.00000
0.00000
0.00000
0.00000
0.00000
0.00000
0.00000
0.00000
0.00000
0.00000
0.00000
0.00000
0.00000
0.00000
0.00000
0.00000
0.00000
0.00000
0.00000
0.00000
0.00000
0.00000
0.00000
0.00000
0.00000
0.00000
0.00000
0.00000
0.00000
0.00000
0.00000
0.00000
0.00000
0.00000
0.00000
0.00000
0.00000
0.00000
0.00000
0.00000
0.00000
0.00000
0.00000
0.00000
0.00000
0.00000
0.00000
0.00000
0.00000
0.00000
0.00000
0.00000
