-0.00015
-0.00018
-0.00024
-0.00021
-0.00024
-0.00027
-0.00027
-0.00027
-0.00024
-0.00021
-0.00021
-0.00021
-0.00018
-0.00018
-0.00021
-0.00018
-0.00018
-0.00021
-0.00024
-0.00024
-0.00024
-0.00027
-0.00024
-0.00024
-0.00024
-0.00021
-0.00021
-0.00018
-0.00018
-0.00024
-0.00024
-0.00021
-0.00024
-0.00024
-0.00040
-0.00018
-0.00024
-0.00031
-0.00024
-0.00021
-0.00021
-0.00024
-0.00021
-0.00021
-0.00024
-0.00027
-0.00024
-0.00024
-0.00031
-0.00031
-0.00024
-0.00024
-0.00027
-0.00027
-0.00024
-0.00031
-0.00034
-0.00027
-0.00024
-0.00024
-0.00024
-0.00021
-0.00021
-0.00024
-0.00031
-0.00027
-0.00031
-0.00034
-0.00034
-0.00031
-0.00024
-0.00027
-0.00021
-0.00018
-0.00024
-0.00027
-0.00027
-0.00027
-0.00031
-0.00037
-0.00034
-0.00031
-0.00027
-0.00027
-0.00027
-0.00021
-0.00024
-0.00021
-0.00024
-0.00027
-0.00027
-0.00031
-0.00031
-0.00034
-0.00031
-0.00027
-0.00027
-0.00031
-0.00027
-0.00027
-0.00027
-0.00027
-0.00027
-0.00027
-0.00027
-0.00027
-0.00027
-0.00024
-0.00021
-0.00027
-0.00024
-0.00024
-0.00027
-0.00027
-0.00024
-0.00027
-0.00034
-0.00034
-0.00031
-0.00027
-0.00027
-0.00027
-0.00024
-0.00024
-0.00024
-0.00024
-0.00024
-0.00027
-0.00031
-0.00034
-0.00031
-0.00027
-0.00027
-0.00031
-0.00024
-0.00024
-0.00024
-0.00027
-0.00024
-0.00024
-0.00027
-0.00027
-0.00024
-0.00024
-0.00024
-0.00027
-0.00027
-0.00027
-0.00027
-0.00031
-0.00027
-0.00024
-0.00027
-0.00024
-0.00024
-0.00024
-0.00024
-0.00024
-0.00024
-0.00021
-0.00021
-0.00021
-0.00024
-0.00027
-0.00024
-0.00024
-0.00024
-0.00021
-0.00021
-0.00018
-0.00018
-0.00021
-0.00021
-0.00024
-0.00024
-0.00024
-0.00024
-0.00021
-0.00021
-0.00018
-0.00018
-0.00018
-0.00021
-0.00031
-0.00024
-0.00024
-0.00021
-0.00015
-0.00015
-0.00012
-0.00012
-0.00009
-0.00021
-0.00021
-0.00027
-0.00031
-0.00021
-0.00021
0.00006
-0.00034
-0.00610
-0.03485
-0.03543
-0.01596
-0.00827
0.00656
0.01556
0.02338
0.01889
0.01187
0.00769
0.00967
0.00778
-0.00888
-0.01581
-0.00674
-0.00082
0.00311
0.00482
0.00363
0.00040
0.00006
-0.00073
0.00000
0.00409
0.00235
-0.00101
0.00040
0.00266
0.00253
0.00259
0.00159
0.00012
-0.00024
0.00009
-0.00064
-0.00116
0.00043
0.00220
0.00256
0.00333
0.00369
0.00211
0.00079
0.00009
-0.00116
-0.00204
-0.00058
-0.00055
-0.00015
0.00107
0.00134
0.00113
0.00180
0.00238
0.00162
0.00070
0.00049
0.00079
0.00104
0.00015
-0.00076
-0.00104
-0.00052
-0.00006
0.00000
0.00043
0.00061
0.00009
-0.00046
-0.00021
0.00037
0.00037
0.00015
0.00018
0.00021
0.00018
-0.00037
-0.00067
-0.00067
-0.00137
-0.00046
0.00043
-0.00067
-0.00058
-0.00046
-0.00027
0.00015
0.00000
0.00000
0.00000
0.00000
0.00000
0.00000
0.00000
0.00000
0.00000
0.00000
0.00000
0.00000
0.00000
0.00000
0.00000
0.00000
0.00000
0.00000
0.00000
0.00000
0.00000
0.00000
0.00000
0.00000
0.00000
0.00000
0.00000
0.00000
0.00000
0.00000
0.00000
0.00000
0.00000
0.00000
0.00000
0.00000
0.00000
0.00000
0.00000
0.00000
0.00000
0.00000
0.00000
0.00000
0.00000
0.00000
0.00000
0.00000
0.00000
0.00000
0.00000
0.00000
0.00000
0.00000
0.00000
0.00000
0.00000
0.00000
0.00000
0.00000
0.00000
0.00000
0.00000
0.00000
0.00000
0.00000
0.00000
0.00000
0.00000
0.00000
0.00000
0.00000
0.00000
0.00000
0.00000
0.00000
0.00000
0.00000
0.00000
0.00000
0.00000
0.00000
0.00000
0.00000
0.00000
0.00000
0.00000
0.00000
0.00000
0.00000
0.00000
0.00000
0.00000
0.00000
0.00000
0.00000
0.00000
0.00000
0.00000
0.00000
0.00000
0.00000
0.00000
0.00000
0.00000
0.00000
0.00000
0.00000
0.00000
0.00000
0.00000
0.00000
0.00000
0.00000
0.00000
0.00000
0.00000
0.00000
0.00000
0.00000
0.00000
0.00000
0.00000
0.00000
0.00000
0.00000
0.00000
0.00000
0.00000
0.00000
0.00000
0.00000
0.00000
0.00000
0.00000
0.00000
0.00000
0.00000
0.00000
0.00000
0.00000
0.00000
0.00000
0.00000
0.00000
0.00000
0.00000
0.00000
0.00000
0.00000
0.00000
0.00000
0.00000
0.00000
0.00000
0.00000
0.00000
0.00000
0.00000
0.00000
0.00000
0.00000
0.00000
0.00000
0.00000
0.00000
0.00000
0.00000
0.00000
0.00000
0.00000
0.00000
0.00000
0.00000
0.00000
0.00000
0.00000
0.00000
0.00000
0.00000
0.00000
0.00000
0.00000
0.00000
0.00000
0.00000
0.00000
0.00000
0.00000
0.00000
0.00000
0.00000
0.00000
0.00000
0.00000
0.00000
0.00000
0.00000
0.00000
0.00000
0.00000
0.00000
0.00000
0.00000
0.00000
0.00000
0.00000
0.00000
0.00000
0.00000
0.00000
0.00000
0.00000
0.00000
0.00000
0.00000
0.00000
0.00000
0.00000
0.00000
0.00000
0.00000
0.00000
0.00000
