0.00000
0.00000
0.00000
-0.00003
-0.00006
-0.00006
-0.00006
-0.00003
-0.00006
-0.00006
-0.00003
-0.00006
-0.00012
-0.00012
-0.00006
-0.00009
-0.00012
-0.00006
-0.00003
-0.00009
-0.00012
-0.00006
-0.00003
-0.00009
-0.00006
-0.00003
-0.00003
-0.00006
-0.00003
0.00000
-0.00003
-0.00003
-0.00006
-0.00006
-0.00012
-0.00006
-0.00003
-0.00003
-0.00003
-0.00006
0.00000
-0.00003
-0.00006
-0.00006
-0.00006
-0.00009
-0.00012
-0.00009
-0.00006
-0.00003
-0.00006
-0.00006
-0.00006
-0.00006
-0.00006
-0.00006
-0.00006
-0.00003
-0.00006
-0.00009
-0.00003
-0.00006
-0.00009
-0.00009
-0.00006
-0.00009
-0.00009
-0.00006
-0.00009
-0.00003
-0.00003
-0.00003
-0.00006
0.00000
0.00000
-0.00003
-0.00006
-0.00006
-0.00009
-0.00012
-0.00009
-0.00012
-0.00009
-0.00009
-0.00012
-0.00012
-0.00009
-0.00009
-0.00012
-0.00009
-0.00006
-0.00003
-0.00003
0.00000
-0.00003
-0.00003
-0.00006
-0.00006
-0.00006
-0.00009
-0.00009
-0.00009
-0.00009
-0.00012
-0.00009
-0.00009
-0.00009
-0.00012
-0.00012
-0.00012
-0.00012
-0.00006
-0.00006
-0.00003
-0.00009
-0.00009
-0.00003
-0.00006
-0.00012
-0.00012
-0.00006
-0.00006
-0.00009
-0.00009
-0.00006
-0.00009
-0.00015
-0.00012
-0.00012
-0.00015
-0.00015
-0.00012
-0.00009
-0.00006
-0.00009
-0.00012
-0.00009
-0.00006
-0.00009
-0.00009
-0.00009
-0.00012
-0.00015
-0.00012
-0.00015
-0.00015
-0.00018
-0.00024
-0.00024
-0.00018
-0.00021
-0.00021
-0.00012
-0.00009
-0.00009
-0.00009
-0.00009
-0.00012
-0.00018
-0.00021
-0.00018
-0.00018
-0.00015
-0.00015
-0.00012
-0.00006
-0.00006
-0.00009
-0.00012
-0.00015
-0.00021
-0.00027
-0.00018
-0.00021
-0.00021
-0.00024
-0.00009
-0.00027
0.00000
-0.00031
-0.00003
-0.00037
-0.00024
-0.00024
-0.00049
-0.01010
-0.05768
-0.04837
-0.03146
-0.02219
-0.00006
0.02856
0.05774
0.05423
0.04028
0.01086
0.00681
0.00195
-0.01425
-0.02756
-0.01770
-0.01254
-0.00409
0.01154
0.01257
0.01147
0.00861
-0.00140
-0.00183
0.00452
0.00153
-0.00476
-0.00183
0.00000
-0.00333
-0.00143
0.00000
0.00174
0.00479
0.00565
0.00058
-0.00043
0.00143
0.00125
-0.00009
0.00119
0.00186
0.00143
0.00095
0.00000
-0.00107
-0.00165
-0.00241
-0.00333
-0.00143
0.00037
0.00092
0.00092
0.00333
0.00482
0.00415
0.00165
0.00070
0.00034
-0.00101
-0.00156
-0.00110
-0.00043
-0.00079
-0.00159
-0.00131
0.00012
0.00064
0.00012
-0.00055
-0.00018
-0.00043
-0.00076
0.00037
0.00125
0.00101
0.00000
-0.00101
-0.00110
-0.00113
-0.00162
-0.00186
-0.00159
-0.00162
-0.00208
-0.00180
-0.00079
0.00079
0.00092
0.00131
0.00134
0.00049
0.00150
-0.00076
-0.00159
-0.00067
-0.00275
-0.00201
-0.00253
-0.00253
-0.00183
-0.00171
-0.00131
-0.00128
-0.00052
-0.00052
-0.00009
0.00061
0.00055
0.00040
0.00040
0.00000
-0.00064
-0.00089
-0.00140
-0.00171
-0.00223
-0.00223
-0.00168
-0.00131
-0.00140
-0.00162
-0.00128
-0.00067
-0.00034
-0.00024
-0.00061
-0.00137
-0.00201
-0.00229
-0.00162
-0.00107
-0.00095
-0.00128
-0.00156
-0.00092
-0.00003
0.00043
0.00073
0.00159
0.00177
0.00168
0.00174
0.00168
0.00125
-0.00009
-0.00067
-0.00073
-0.00134
-0.00131
-0.00177
-0.00211
-0.00162
-0.00116
-0.00089
-0.00076
-0.00043
-0.00015
-0.00021
0.00000
-0.00003
-0.00055
-0.00052
-0.00012
-0.00006
-0.00012
-0.00024
-0.00064
0.00000
0.00000
0.00000
0.00000
0.00000
0.00000
0.00000
0.00000
0.00000
0.00000
0.00000
0.00000
0.00000
0.00000
0.00000
0.00000
0.00000
0.00000
0.00000
0.00000
0.00000
0.00000
0.00000
0.00000
0.00000
0.00000
0.00000
0.00000
0.00000
0.00000
0.00000
0.00000
0.00000
0.00000
0.00000
0.00000
0.00000
0.00000
0.00000
0.00000
0.00000
0.00000
0.00000
0.00000
0.00000
0.00000
0.00000
0.00000
0.00000
0.00000
0.00000
0.00000
0.00000
0.00000
0.00000
0.00000
0.00000
0.00000
0.00000
0.00000
0.00000
0.00000
0.00000
0.00000
0.00000
0.00000
0.00000
0.00000
0.00000
0.00000
0.00000
0.00000
0.00000
0.00000
0.00000
0.00000
0.00000
0.00000
0.00000
0.00000
0.00000
0.00000
0.00000
0.00000
0.00000
0.00000
0.00000
0.00000
0.00000
0.00000
0.00000
0.00000
0.00000
0.00000
0.00000
0.00000
0.00000
0.00000
0.00000
0.00000
0.00000
0.00000
0.00000
0.00000
0.00000
0.00000
0.00000
0.00000
0.00000
0.00000
0.00000
0.00000
0.00000
0.00000
0.00000
0.00000
0.00000
0.00000
0.00000
0.00000
0.00000
0.00000
0.00000
0.00000
0.00000
0.00000
0.00000
0.00000
0.00000
0.00000
0.00000
0.00000
0.00000
0.00000
0.00000
0.00000
0.00000
0.00000
0.00000
0.00000
0.00000
0.00000
0.00000
0.00000
0.00000
0.00000
0.00000
0.00000
0.00000
0.00000
0.00000
0.00000
0.00000
0.00000
0.00000
0.00000
0.00000
0.00000
0.00000
