-0.00021
-0.00021
-0.00021
-0.00024
-0.00021
-0.00021
-0.00024
-0.00024
-0.00024
-0.00024
-0.00027
-0.00027
-0.00027
-0.00024
-0.00024
-0.00024
-0.00021
-0.00021
-0.00024
-0.00021
-0.00021
-0.00027
-0.00027
-0.00027
-0.00027
-0.00027
-0.00027
-0.00027
-0.00027
-0.00024
-0.00024
-0.00024
-0.00027
-0.00024
-0.00040
-0.00021
-0.00021
-0.00027
-0.00024
-0.00027
-0.00021
-0.00024
-0.00024
-0.00021
-0.00024
-0.00027
-0.00027
-0.00027
-0.00027
-0.00031
-0.00027
-0.00027
-0.00024
-0.00024
-0.00024
-0.00021
-0.00024
-0.00027
-0.00027
-0.00024
-0.00027
-0.00027
-0.00024
-0.00027
-0.00031
-0.00021
-0.00027
-0.00021
-0.00024
-0.00024
-0.00024
-0.00027
-0.00024
-0.00021
-0.00021
-0.00021
-0.00024
-0.00024
-0.00024
-0.00027
-0.00024
-0.00024
-0.00027
-0.00031
-0.00024
-0.00018
-0.00021
-0.00021
-0.00024
-0.00024
-0.00024
-0.00027
-0.00021
-0.00021
-0.00021
-0.00027
-0.00027
-0.00021
-0.00024
-0.00027
-0.00024
-0.00024
-0.00021
-0.00021
-0.00021
-0.00018
-0.00018
-0.00021
-0.00021
-0.00021
-0.00024
-0.00027
-0.00027
-0.00027
-0.00027
-0.00027
-0.00021
-0.00021
-0.00018
-0.00018
-0.00018
-0.00021
-0.00024
-0.00024
-0.00024
-0.00024
-0.00021
-0.00018
-0.00018
-0.00018
-0.00018
-0.00015
-0.00021
-0.00024
-0.00021
-0.00021
-0.00024
-0.00021
-0.00021
-0.00021
-0.00018
-0.00021
-0.00018
-0.00018
-0.00018
-0.00015
-0.00015
-0.00018
-0.00021
-0.00021
-0.00021
-0.00024
-0.00021
-0.00018
-0.00021
-0.00018
-0.00015
-0.00015
-0.00018
-0.00015
-0.00015
-0.00021
-0.00024
-0.00024
-0.00021
-0.00021
-0.00018
-0.00018
-0.00018
-0.00015
-0.00021
-0.00021
-0.00021
-0.00021
-0.00021
-0.00018
-0.00018
-0.00018
-0.00024
-0.00015
-0.00024
-0.00009
-0.00034
0.00003
-0.00046
0.00003
-0.00058
-0.00015
-0.00076
-0.00009
-0.01242
-0.06055
-0.04022
-0.03870
-0.00177
0.04889
0.04483
0.04074
0.01419
0.01230
0.00949
0.00894
-0.01288
-0.02667
-0.02475
-0.01434
-0.00024
0.02139
0.01804
0.00079
-0.00171
-0.00076
0.00284
0.00485
0.00061
-0.00186
0.00140
0.00052
-0.00232
-0.00104
0.00064
-0.00171
-0.00064
-0.00037
0.00180
0.00189
0.00107
0.00293
0.00482
0.00345
0.00064
0.00021
0.00009
0.00076
0.00006
-0.00107
-0.00125
-0.00070
-0.00031
0.00101
0.00128
0.00137
0.00061
0.00189
0.00333
0.00259
0.00107
-0.00049
-0.00009
0.00027
0.00009
-0.00064
-0.00201
-0.00131
-0.00049
0.00018
0.00110
0.00079
0.00034
-0.00067
-0.00076
0.00027
0.00110
0.00122
-0.00037
-0.00073
-0.00015
-0.00031
-0.00052
-0.00101
-0.00098
-0.00046
-0.00101
-0.00134
-0.00168
-0.00150
-0.00101
-0.00021
0.00058
0.00140
0.00098
0.00143
0.00049
-0.00021
-0.00061
-0.00275
-0.00119
-0.00241
-0.00177
-0.00046
-0.00162
-0.00156
-0.00116
-0.00064
-0.00137
-0.00049
-0.00027
-0.00018
0.00146
0.00034
0.00027
0.00046
-0.00046
-0.00195
-0.00183
-0.00165
-0.00156
-0.00085
-0.00128
-0.00180
-0.00162
-0.00168
-0.00186
-0.00076
-0.00052
-0.00049
-0.00055
-0.00122
-0.00186
-0.00165
-0.00119
-0.00079
-0.00024
0.00000
0.00037
0.00113
0.00217
0.00278
0.00256
0.00168
0.00027
-0.00085
-0.00159
-0.00235
-0.00241
-0.00223
-0.00137
-0.00055
-0.00003
0.00000
0.00000
0.00000
-0.00027
-0.00037
-0.00037
-0.00037
-0.00043
-0.00064
-0.00082
-0.00089
-0.00079
-0.00064
-0.00027
-0.00012
-0.00034
-0.00043
0.00000
0.00000
0.00000
0.00000
0.00000
0.00000
0.00000
0.00000
0.00000
0.00000
0.00000
0.00000
0.00000
0.00000
0.00000
0.00000
0.00000
0.00000
0.00000
0.00000
0.00000
0.00000
0.00000
0.00000
0.00000
0.00000
0.00000
0.00000
0.00000
0.00000
0.00000
0.00000
0.00000
0.00000
0.00000
0.00000
0.00000
0.00000
0.00000
0.00000
0.00000
0.00000
0.00000
0.00000
0.00000
0.00000
0.00000
0.00000
0.00000
0.00000
0.00000
0.00000
0.00000
0.00000
0.00000
0.00000
0.00000
0.00000
0.00000
0.00000
0.00000
0.00000
0.00000
0.00000
0.00000
0.00000
0.00000
0.00000
0.00000
0.00000
0.00000
0.00000
0.00000
0.00000
0.00000
0.00000
0.00000
0.00000
0.00000
0.00000
0.00000
0.00000
0.00000
0.00000
0.00000
0.00000
0.00000
0.00000
0.00000
0.00000
0.00000
0.00000
0.00000
0.00000
0.00000
0.00000
0.00000
0.00000
0.00000
0.00000
0.00000
0.00000
0.00000
0.00000
0.00000
0.00000
0.00000
0.00000
0.00000
0.00000
0.00000
0.00000
0.00000
0.00000
0.00000
0.00000
0.00000
0.00000
0.00000
0.00000
0.00000
0.00000
0.00000
0.00000
0.00000
0.00000
0.00000
0.00000
0.00000
0.00000
0.00000
0.00000
0.00000
0.00000
0.00000
0.00000
0.00000
0.00000
0.00000
0.00000
0.00000
0.00000
0.00000
0.00000
0.00000
0.00000
0.00000
0.00000
0.00000
0.00000
0.00000
0.00000
0.00000
0.00000
0.00000
0.00000
