-0.00024
-0.00015
-0.00006
-0.00009
-0.00015
-0.00012
-0.00015
-0.00018
-0.00018
-0.00018
-0.00021
-0.00021
-0.00018
-0.00024
-0.00024
-0.00021
-0.00021
-0.00024
-0.00015
-0.00015
-0.00015
-0.00009
-0.00009
-0.00015
-0.00021
-0.00024
-0.00024
-0.00024
-0.00024
-0.00024
-0.00021
-0.00024
-0.00027
-0.00027
-0.00031
-0.00027
-0.00024
-0.00018
-0.00018
-0.00015
-0.00018
-0.00024
-0.00027
-0.00034
-0.00034
-0.00027
-0.00024
-0.00024
-0.00021
-0.00015
-0.00021
-0.00024
-0.00018
-0.00040
-0.00031
-0.00027
-0.00037
-0.00024
-0.00024
-0.00031
-0.00024
-0.00021
-0.00027
-0.00031
-0.00031
-0.00027
-0.00021
-0.00021
-0.00018
-0.00021
-0.00024
-0.00027
-0.00024
-0.00027
-0.00024
-0.00027
-0.00031
-0.00027
-0.00027
-0.00031
-0.00031
-0.00027
-0.00027
-0.00027
-0.00024
-0.00021
-0.00031
-0.00031
-0.00034
-0.00031
-0.00021
-0.00021
-0.00024
-0.00024
-0.00021
-0.00021
-0.00027
-0.00027
-0.00024
-0.00037
-0.00037
-0.00027
-0.00031
-0.00027
-0.00018
-0.00021
-0.00024
-0.00018
-0.00027
-0.00034
-0.00027
-0.00027
-0.00034
-0.00024
-0.00018
-0.00024
-0.00024
-0.00018
-0.00027
-0.00034
-0.00034
-0.00031
-0.00034
-0.00031
-0.00024
-0.00024
-0.00018
-0.00015
-0.00021
-0.00031
-0.00031
-0.00034
-0.00037
-0.00034
-0.00024
-0.00024
-0.00027
-0.00018
-0.00021
-0.00024
-0.00024
-0.00031
-0.00031
-0.00027
-0.00027
-0.00031
-0.00027
-0.00034
-0.00040
-0.00037
-0.00031
-0.00027
-0.00024
-0.00018
-0.00018
-0.00027
-0.00031
-0.00031
-0.00031
-0.00034
-0.00034
-0.00024
-0.00031
-0.00031
-0.00024
-0.00031
-0.00031
-0.00021
-0.00024
-0.00027
-0.00027
-0.00015
-0.00061
0.00024
-0.00128
0.00122
-0.00281
0.00333
-0.00577
0.00305
-0.09738
-0.11035
0.00256
-0.01730
0.02185
0.04956
0.04724
0.06543
0.07593
0.01263
-0.01648
-0.02069
-0.02698
-0.02179
0.01151
0.00397
-0.01932
0.01236
0.00424
-0.00467
0.01877
0.00565
-0.00897
0.01086
0.00961
-0.00253
0.00595
0.00381
-0.01141
-0.00467
-0.00104
-0.00815
-0.00281
0.00629
0.00229
0.00070
0.00580
0.00479
0.00388
0.00308
0.00565
0.00073
-0.00150
-0.00272
-0.00378
-0.00430
0.00006
-0.00031
-0.00217
0.00049
0.00403
0.00153
0.00143
0.00467
0.00168
-0.00034
0.00162
-0.00024
-0.00208
-0.00195
-0.00171
-0.00229
-0.00125
0.00031
-0.00125
-0.00092
0.00098
-0.00076
-0.00043
0.00046
0.00049
-0.00046
0.00027
0.00113
0.00000
-0.00061
-0.00037
-0.00180
-0.00131
-0.00183
-0.00192
-0.00198
-0.00180
-0.00128
-0.00122
-0.00049
-0.00040
-0.00125
-0.00079
-0.00140
-0.00150
-0.00107
0.00006
0.00034
0.00040
0.00150
0.00064
-0.00119
-0.00204
-0.00269
-0.00385
-0.00296
-0.00168
-0.00043
-0.00027
-0.00006
0.00006
-0.00024
-0.00003
-0.00055
-0.00082
-0.00021
-0.00055
-0.00082
-0.00085
-0.00098
-0.00165
-0.00204
-0.00177
-0.00217
-0.00204
-0.00143
-0.00107
-0.00037
0.00024
0.00043
0.00031
0.00015
0.00000
0.00000
0.00000
0.00000
0.00000
0.00000
0.00000
0.00000
0.00000
0.00000
0.00000
0.00000
0.00000
0.00000
0.00000
0.00000
0.00000
0.00000
0.00000
0.00000
0.00000
0.00000
0.00000
0.00000
0.00000
0.00000
0.00000
0.00000
0.00000
0.00000
0.00000
0.00000
0.00000
0.00000
0.00000
0.00000
0.00000
0.00000
0.00000
0.00000
0.00000
0.00000
0.00000
0.00000
0.00000
0.00000
0.00000
0.00000
0.00000
0.00000
0.00000
0.00000
0.00000
0.00000
0.00000
0.00000
0.00000
0.00000
0.00000
0.00000
0.00000
0.00000
0.00000
0.00000
0.00000
0.00000
0.00000
0.00000
0.00000
0.00000
0.00000
0.00000
0.00000
0.00000
0.00000
0.00000
0.00000
0.00000
0.00000
0.00000
0.00000
0.00000
0.00000
0.00000
0.00000
0.00000
0.00000
0.00000
0.00000
0.00000
0.00000
0.00000
0.00000
0.00000
0.00000
0.00000
0.00000
0.00000
0.00000
0.00000
0.00000
0.00000
0.00000
0.00000
0.00000
0.00000
0.00000
0.00000
0.00000
0.00000
0.00000
0.00000
0.00000
0.00000
0.00000
0.00000
0.00000
0.00000
0.00000
0.00000
0.00000
0.00000
0.00000
0.00000
0.00000
0.00000
0.00000
0.00000
0.00000
0.00000
0.00000
0.00000
0.00000
0.00000
0.00000
0.00000
0.00000
0.00000
0.00000
0.00000
0.00000
0.00000
0.00000
0.00000
0.00000
0.00000
0.00000
0.00000
0.00000
0.00000
0.00000
0.00000
0.00000
0.00000
0.00000
0.00000
0.00000
0.00000
0.00000
0.00000
0.00000
0.00000
0.00000
0.00000
0.00000
0.00000
0.00000
0.00000
0.00000
0.00000
0.00000
0.00000
0.00000
0.00000
0.00000
0.00000
0.00000
0.00000
0.00000
0.00000
0.00000
0.00000
0.00000
0.00000
0.00000
0.00000
0.00000
0.00000
0.00000
0.00000
0.00000
0.00000
0.00000
0.00000
0.00000
0.00000
0.00000
0.00000
0.00000
0.00000
0.00000
0.00000
0.00000
0.00000
