-0.00024
-0.00027
-0.00031
-0.00027
-0.00021
-0.00021
-0.00018
-0.00021
-0.00024
-0.00024
-0.00027
-0.00027
-0.00024
-0.00021
-0.00027
-0.00021
-0.00027
-0.00037
-0.00034
-0.00027
-0.00027
-0.00021
-0.00021
-0.00024
-0.00024
-0.00027
-0.00024
-0.00024
-0.00027
-0.00031
-0.00034
-0.00031
-0.00037
-0.00034
-0.00027
-0.00027
-0.00027
-0.00027
-0.00027
-0.00037
-0.00031
-0.00031
-0.00027
-0.00027
-0.00027
-0.00024
-0.00027
-0.00024
-0.00031
-0.00031
-0.00034
-0.00034
-0.00034
-0.00031
-0.00027
-0.00015
-0.00031
-0.00037
-0.00024
-0.00037
-0.00024
-0.00034
-0.00031
-0.00037
-0.00031
-0.00027
-0.00034
-0.00027
-0.00027
-0.00027
-0.00031
-0.00027
-0.00027
-0.00031
-0.00031
-0.00031
-0.00040
-0.00037
-0.00031
-0.00037
-0.00034
-0.00027
-0.00031
-0.00034
-0.00024
-0.00024
-0.00040
-0.00037
-0.00034
-0.00037
-0.00031
-0.00027
-0.00034
-0.00037
-0.00034
-0.00037
-0.00037
-0.00031
-0.00034
-0.00024
-0.00024
-0.00031
-0.00037
-0.00040
-0.00034
-0.00043
-0.00034
-0.00027
-0.00034
-0.00034
-0.00031
-0.00031
-0.00037
-0.00031
-0.00034
-0.00037
-0.00034
-0.00034
-0.00037
-0.00034
-0.00027
-0.00031
-0.00031
-0.00037
-0.00037
-0.00037
-0.00034
-0.00027
-0.00031
-0.00031
-0.00027
-0.00031
-0.00034
-0.00037
-0.00037
-0.00037
-0.00037
-0.00034
-0.00027
-0.00034
-0.00037
-0.00031
-0.00031
-0.00027
-0.00031
-0.00027
-0.00037
-0.00040
-0.00037
-0.00034
-0.00031
-0.00034
-0.00021
-0.00024
-0.00031
-0.00031
-0.00034
-0.00037
-0.00043
-0.00037
-0.00034
-0.00031
-0.00024
-0.00031
-0.00027
-0.00034
-0.00037
-0.00031
-0.00027
-0.00034
-0.00031
-0.00037
-0.00018
-0.00049
0.00000
-0.00089
0.00049
-0.00168
0.00134
-0.00262
0.00247
-0.00409
0.00446
-0.05276
-0.16711
-0.07419
-0.02478
0.10016
0.14017
0.10025
0.04828
0.01663
0.01541
-0.06647
-0.06778
-0.04675
-0.01013
0.02844
0.02988
0.00626
0.01331
-0.00012
-0.01221
0.00531
0.02213
-0.00919
-0.01184
0.00525
0.00650
0.00558
0.00748
-0.00058
-0.00528
-0.00009
-0.00900
-0.00732
-0.00061
0.00180
-0.00217
0.00583
0.00781
0.00610
0.00565
0.00674
0.00024
-0.00626
-0.00742
-0.00568
-0.00330
-0.00003
0.00266
0.00143
0.00125
0.00247
0.00446
0.00366
0.00488
0.00180
-0.00064
-0.00027
-0.00034
-0.00189
-0.00180
-0.00021
-0.00128
-0.00250
-0.00040
-0.00092
-0.00168
0.00000
0.00055
0.00177
0.00089
0.00052
-0.00031
-0.00006
0.00134
0.00064
0.00034
-0.00082
-0.00281
-0.00269
-0.00211
-0.00122
-0.00122
-0.00226
-0.00079
-0.00116
-0.00012
0.00037
0.00061
0.00000
-0.00125
-0.00204
-0.00162
-0.00165
-0.00046
0.00024
0.00192
0.00171
0.00122
-0.00067
-0.00311
-0.00311
-0.00391
-0.00330
-0.00171
-0.00046
0.00024
0.00107
0.00104
0.00009
0.00003
-0.00015
-0.00046
-0.00082
-0.00113
-0.00159
-0.00165
-0.00168
-0.00165
-0.00107
-0.00140
-0.00211
-0.00192
-0.00101
-0.00040
0.00000
0.00085
0.00085
0.00040
-0.00009
-0.00058
-0.00092
-0.00137
-0.00150
-0.00183
-0.00226
-0.00214
-0.00198
-0.00116
0.00000
0.00061
0.00101
0.00107
0.00119
0.00089
0.00058
0.00040
-0.00043
-0.00125
-0.00177
-0.00192
-0.00192
-0.00220
-0.00223
-0.00186
-0.00089
-0.00064
-0.00024
-0.00006
0.00037
0.00131
0.00159
0.00204
0.00211
0.00272
0.00320
0.00220
0.00110
0.00000
-0.00134
-0.00189
-0.00214
-0.00183
-0.00134
-0.00058
0.00018
0.00046
0.00095
0.00101
0.00058
0.00076
0.00113
0.00092
0.00031
0.00018
-0.00009
0.00000
0.00000
0.00000
0.00000
0.00000
0.00000
0.00000
0.00000
0.00000
0.00000
0.00000
0.00000
0.00000
0.00000
0.00000
0.00000
0.00000
0.00000
0.00000
0.00000
0.00000
0.00000
0.00000
0.00000
0.00000
0.00000
0.00000
0.00000
0.00000
0.00000
0.00000
0.00000
0.00000
0.00000
0.00000
0.00000
0.00000
0.00000
0.00000
0.00000
0.00000
0.00000
0.00000
0.00000
0.00000
0.00000
0.00000
0.00000
0.00000
0.00000
0.00000
0.00000
0.00000
0.00000
0.00000
0.00000
0.00000
0.00000
0.00000
0.00000
0.00000
0.00000
0.00000
0.00000
0.00000
0.00000
0.00000
0.00000
0.00000
0.00000
0.00000
0.00000
0.00000
0.00000
0.00000
0.00000
0.00000
0.00000
0.00000
0.00000
0.00000
0.00000
0.00000
0.00000
0.00000
0.00000
0.00000
0.00000
0.00000
0.00000
0.00000
0.00000
0.00000
0.00000
0.00000
0.00000
0.00000
0.00000
0.00000
0.00000
0.00000
0.00000
0.00000
0.00000
0.00000
0.00000
0.00000
0.00000
0.00000
0.00000
0.00000
0.00000
0.00000
0.00000
0.00000
0.00000
0.00000
0.00000
0.00000
0.00000
0.00000
0.00000
0.00000
0.00000
0.00000
0.00000
0.00000
0.00000
0.00000
0.00000
0.00000
0.00000
0.00000
0.00000
0.00000
0.00000
0.00000
0.00000
0.00000
0.00000
0.00000
0.00000
0.00000
0.00000
