0.00000
0.00006
0.00009
0.00009
0.00012
0.00015
0.00009
0.00006
0.00000
0.00000
0.00003
0.00006
0.00009
0.00003
0.00006
0.00009
0.00003
0.00003
0.00012
0.00009
0.00006
0.00009
0.00003
0.00000
0.00006
0.00012
0.00003
0.00006
0.00012
0.00006
0.00006
0.00009
0.00003
0.00000
0.00000
0.00006
0.00012
0.00018
0.00018
0.00012
0.00003
0.00000
0.00003
0.00003
0.00009
0.00018
0.00018
0.00009
0.00012
0.00009
0.00003
0.00006
0.00015
0.00000
0.00018
0.00018
0.00000
0.00009
0.00009
0.00006
0.00012
0.00015
0.00009
0.00009
0.00009
0.00009
0.00009
0.00012
0.00015
0.00009
0.00006
0.00009
0.00009
0.00003
0.00009
0.00012
0.00006
0.00009
0.00012
0.00009
0.00006
0.00015
0.00015
0.00009
0.00012
0.00012
0.00006
0.00009
0.00003
0.00000
0.00009
0.00009
0.00006
0.00003
0.00006
0.00012
0.00012
0.00018
0.00024
0.00015
0.00006
0.00009
0.00003
0.00000
0.00000
0.00003
0.00003
0.00009
0.00015
0.00012
0.00012
0.00009
0.00000
0.00000
0.00006
0.00003
0.00003
0.00009
0.00009
0.00003
0.00003
0.00006
0.00000
0.00000
0.00003
0.00006
0.00012
0.00012
0.00006
0.00006
0.00009
0.00009
0.00003
0.00003
0.00003
0.00000
-0.00006
0.00003
0.00003
0.00006
0.00006
0.00009
0.00012
0.00009
0.00003
0.00000
0.00003
0.00000
0.00000
0.00000
0.00012
0.00009
0.00003
0.00009
0.00006
0.00000
0.00000
0.00000
0.00003
0.00006
0.00003
0.00003
0.00000
0.00003
0.00003
0.00003
0.00009
0.00006
0.00003
0.00000
0.00000
0.00003
-0.00015
0.00052
-0.00082
0.00150
-0.00238
0.00369
-0.00549
0.00150
-0.11374
-0.10754
0.01059
-0.01221
0.02979
0.05188
0.05145
0.06937
0.07355
0.00333
-0.02234
-0.01974
-0.02646
-0.02075
0.01852
0.00275
-0.01813
0.01279
0.00299
-0.00485
0.01825
0.00485
-0.00851
0.01215
0.00888
-0.00314
0.00717
0.00638
-0.00992
-0.00363
0.00027
-0.00876
-0.00348
0.00504
0.00116
0.00052
0.00620
0.00607
0.00375
0.00455
0.00595
0.00043
-0.00089
-0.00220
-0.00388
-0.00394
0.00073
-0.00027
-0.00275
0.00031
0.00458
0.00156
0.00262
0.00558
0.00201
-0.00012
0.00238
0.00006
-0.00250
-0.00214
-0.00189
-0.00269
-0.00140
0.00024
-0.00134
-0.00037
0.00134
-0.00040
0.00009
0.00095
0.00079
-0.00040
0.00055
0.00143
0.00000
-0.00058
-0.00021
-0.00192
-0.00143
-0.00174
-0.00171
-0.00195
-0.00143
-0.00113
-0.00119
-0.00012
-0.00003
-0.00143
-0.00085
-0.00140
-0.00116
-0.00107
-0.00006
0.00058
0.00012
0.00192
0.00089
-0.00101
-0.00186
-0.00281
-0.00357
-0.00330
-0.00192
-0.00043
0.00015
0.00018
-0.00006
0.00006
0.00021
-0.00031
-0.00079
-0.00043
-0.00058
-0.00092
-0.00089
-0.00085
-0.00165
-0.00204
-0.00177
-0.00214
-0.00201
-0.00143
-0.00104
-0.00031
0.00040
0.00073
0.00037
0.00003
-0.00052
-0.00113
-0.00101
-0.00107
-0.00150
-0.00171
-0.00174
0.00000
0.00000
0.00000
0.00000
0.00000
0.00000
0.00000
0.00000
0.00000
0.00000
0.00000
0.00000
0.00000
0.00000
0.00000
0.00000
0.00000
0.00000
0.00000
0.00000
0.00000
0.00000
0.00000
0.00000
0.00000
0.00000
0.00000
0.00000
0.00000
0.00000
0.00000
0.00000
0.00000
0.00000
0.00000
0.00000
0.00000
0.00000
0.00000
0.00000
0.00000
0.00000
0.00000
0.00000
0.00000
0.00000
0.00000
0.00000
0.00000
0.00000
0.00000
0.00000
0.00000
0.00000
0.00000
0.00000
0.00000
0.00000
0.00000
0.00000
0.00000
0.00000
0.00000
0.00000
0.00000
0.00000
0.00000
0.00000
0.00000
0.00000
0.00000
0.00000
0.00000
0.00000
0.00000
0.00000
0.00000
0.00000
0.00000
0.00000
0.00000
0.00000
0.00000
0.00000
0.00000
0.00000
0.00000
0.00000
0.00000
0.00000
0.00000
0.00000
0.00000
0.00000
0.00000
0.00000
0.00000
0.00000
0.00000
0.00000
0.00000
0.00000
0.00000
0.00000
0.00000
0.00000
0.00000
0.00000
0.00000
0.00000
0.00000
0.00000
0.00000
0.00000
0.00000
0.00000
0.00000
0.00000
0.00000
0.00000
0.00000
0.00000
0.00000
0.00000
0.00000
0.00000
0.00000
0.00000
0.00000
0.00000
0.00000
0.00000
0.00000
0.00000
0.00000
0.00000
0.00000
0.00000
0.00000
0.00000
0.00000
0.00000
0.00000
0.00000
0.00000
0.00000
0.00000
0.00000
0.00000
0.00000
0.00000
0.00000
0.00000
0.00000
0.00000
0.00000
0.00000
0.00000
0.00000
0.00000
0.00000
0.00000
0.00000
0.00000
0.00000
0.00000
0.00000
0.00000
0.00000
0.00000
0.00000
0.00000
0.00000
0.00000
0.00000
0.00000
0.00000
0.00000
0.00000
0.00000
0.00000
0.00000
0.00000
0.00000
0.00000
0.00000
0.00000
0.00000
0.00000
0.00000
0.00000
0.00000
0.00000
0.00000
0.00000
0.00000
0.00000
