-0.00003
-0.00003
-0.00003
0.00000
0.00003
0.00000
0.00000
0.00000
-0.00003
-0.00003
0.00000
0.00000
0.00000
0.00000
0.00000
0.00000
0.00000
0.00000
0.00000
0.00003
0.00003
0.00000
0.00003
0.00003
0.00000
0.00000
0.00000
0.00000
0.00000
0.00003
0.00003
0.00003
0.00000
0.00003
0.00003
0.00000
0.00000
0.00003
0.00000
0.00000
0.00006
0.00006
0.00006
0.00003
0.00000
0.00003
0.00006
0.00000
0.00000
0.00003
0.00006
0.00006
0.00009
0.00009
0.00003
0.00000
0.00003
0.00003
0.00006
0.00003
0.00012
0.00009
0.00003
0.00006
0.00000
0.00006
0.00006
0.00006
0.00009
0.00009
0.00012
0.00009
0.00009
0.00012
0.00009
0.00009
0.00009
0.00009
0.00009
0.00006
0.00012
0.00009
0.00006
0.00009
0.00009
0.00009
0.00012
0.00012
0.00012
0.00009
0.00015
0.00015
0.00015
0.00009
0.00009
0.00012
0.00012
0.00009
0.00009
0.00009
0.00006
0.00009
0.00009
0.00012
0.00012
0.00018
0.00021
0.00018
0.00012
0.00009
0.00006
0.00000
0.00003
0.00009
0.00012
0.00015
0.00015
0.00018
0.00018
0.00012
0.00009
0.00009
0.00012
0.00003
0.00006
0.00012
0.00012
0.00012
0.00015
0.00015
0.00012
0.00006
0.00012
0.00009
0.00009
0.00012
0.00015
0.00015
0.00012
0.00012
0.00012
0.00012
0.00015
0.00012
0.00015
0.00012
0.00012
0.00012
0.00015
0.00015
0.00015
0.00015
0.00015
0.00012
0.00012
0.00012
0.00015
0.00015
0.00015
0.00012
0.00012
0.00015
0.00015
0.00009
0.00015
0.00015
0.00015
0.00021
0.00018
0.00018
0.00015
0.00009
0.00012
0.00015
0.00015
0.00015
0.00012
0.00015
0.00009
0.00024
0.00000
0.00034
-0.00021
0.00024
-0.00018
0.00046
0.00006
0.00027
-0.01065
-0.06726
-0.05588
-0.04828
0.00226
0.06845
0.06961
0.04553
0.01407
0.01587
-0.00607
-0.02475
-0.02771
-0.01370
0.00247
0.01309
0.00198
0.00552
0.00562
-0.00620
0.00043
0.01117
0.00375
-0.00461
-0.00067
0.00214
0.00369
0.00287
0.00003
-0.00293
0.00064
-0.00214
-0.00317
0.00131
0.00293
0.00040
0.00327
0.00623
0.00458
0.00293
0.00339
0.00241
-0.00061
-0.00104
-0.00183
-0.00131
-0.00095
0.00119
0.00198
0.00211
0.00134
0.00092
0.00119
0.00372
0.00360
0.00171
0.00098
0.00049
-0.00043
-0.00101
0.00046
0.00067
-0.00067
-0.00024
0.00082
-0.00015
-0.00009
0.00027
0.00052
0.00067
0.00031
0.00027
0.00034
0.00101
0.00046
0.00021
0.00067
-0.00031
-0.00137
-0.00082
-0.00049
-0.00015
-0.00092
-0.00067
-0.00092
-0.00079
-0.00052
0.00076
0.00009
0.00024
0.00024
-0.00089
-0.00070
-0.00079
0.00031
-0.00003
0.00092
-0.00049
-0.00113
-0.00070
-0.00165
-0.00113
-0.00208
-0.00098
-0.00037
0.00000
0.00012
-0.00024
0.00046
0.00000
-0.00012
-0.00021
-0.00067
-0.00095
-0.00092
-0.00058
-0.00064
-0.00076
-0.00076
-0.00119
-0.00150
-0.00140
-0.00113
-0.00089
-0.00043
0.00034
0.00046
0.00003
-0.00021
-0.00024
-0.00027
-0.00046
-0.00089
-0.00125
-0.00146
-0.00153
-0.00131
-0.00095
-0.00052
-0.00024
0.00009
0.00046
0.00052
0.00027
0.00000
0.00000
0.00000
0.00000
0.00000
0.00000
0.00000
0.00000
0.00000
0.00000
0.00000
0.00000
0.00000
0.00000
0.00000
0.00000
0.00000
0.00000
0.00000
0.00000
0.00000
0.00000
0.00000
0.00000
0.00000
0.00000
0.00000
0.00000
0.00000
0.00000
0.00000
0.00000
0.00000
0.00000
0.00000
0.00000
0.00000
0.00000
0.00000
0.00000
0.00000
0.00000
0.00000
0.00000
0.00000
0.00000
0.00000
0.00000
0.00000
0.00000
0.00000
0.00000
0.00000
0.00000
0.00000
0.00000
0.00000
0.00000
0.00000
0.00000
0.00000
0.00000
0.00000
0.00000
0.00000
0.00000
0.00000
0.00000
0.00000
0.00000
0.00000
0.00000
0.00000
0.00000
0.00000
0.00000
0.00000
0.00000
0.00000
0.00000
0.00000
0.00000
0.00000
0.00000
0.00000
0.00000
0.00000
0.00000
0.00000
0.00000
0.00000
0.00000
0.00000
0.00000
0.00000
0.00000
0.00000
0.00000
0.00000
0.00000
0.00000
0.00000
0.00000
0.00000
0.00000
0.00000
0.00000
0.00000
0.00000
0.00000
0.00000
0.00000
0.00000
0.00000
0.00000
0.00000
0.00000
0.00000
0.00000
0.00000
0.00000
0.00000
0.00000
0.00000
0.00000
0.00000
0.00000
0.00000
0.00000
0.00000
0.00000
0.00000
0.00000
0.00000
0.00000
0.00000
0.00000
0.00000
0.00000
0.00000
0.00000
0.00000
0.00000
0.00000
0.00000
0.00000
0.00000
0.00000
0.00000
0.00000
0.00000
0.00000
0.00000
0.00000
0.00000
0.00000
0.00000
0.00000
0.00000
0.00000
0.00000
0.00000
0.00000
0.00000
0.00000
0.00000
0.00000
0.00000
0.00000
0.00000
0.00000
0.00000
0.00000
0.00000
0.00000
0.00000
0.00000
0.00000
0.00000
0.00000
