-0.00009
-0.00009
-0.00006
-0.00009
-0.00012
-0.00012
-0.00009
-0.00012
-0.00012
-0.00009
-0.00009
-0.00012
-0.00012
-0.00015
-0.00012
-0.00012
-0.00006
-0.00006
-0.00006
-0.00009
-0.00012
-0.00015
-0.00015
-0.00015
-0.00015
-0.00012
-0.00009
-0.00012
-0.00012
-0.00012
-0.00015
-0.00012
-0.00009
-0.00006
-0.00009
-0.00006
-0.00009
-0.00012
-0.00012
-0.00012
-0.00012
-0.00012
-0.00009
-0.00012
-0.00015
-0.00012
-0.00012
-0.00012
-0.00009
-0.00012
-0.00009
-0.00006
-0.00009
-0.00012
-0.00009
-0.00012
-0.00018
-0.00015
-0.00009
-0.00012
-0.00012
-0.00009
-0.00006
-0.00006
-0.00012
-0.00006
-0.00006
-0.00012
-0.00015
-0.00009
-0.00012
-0.00018
-0.00012
-0.00009
-0.00009
-0.00009
-0.00006
-0.00003
-0.00006
-0.00009
-0.00006
-0.00006
-0.00009
-0.00012
-0.00009
-0.00006
-0.00006
-0.00012
-0.00009
-0.00009
-0.00012
-0.00012
-0.00003
-0.00006
-0.00009
-0.00003
-0.00003
-0.00006
-0.00012
-0.00012
-0.00009
-0.00012
-0.00009
-0.00006
-0.00003
-0.00006
-0.00012
-0.00012
-0.00006
-0.00009
-0.00006
0.00000
-0.00003
-0.00009
-0.00009
-0.00006
-0.00012
-0.00012
-0.00006
-0.00006
-0.00009
-0.00009
-0.00006
-0.00009
-0.00015
-0.00012
-0.00009
-0.00009
-0.00009
-0.00006
-0.00003
-0.00009
-0.00015
-0.00012
-0.00009
-0.00012
-0.00012
-0.00006
-0.00006
-0.00012
-0.00012
-0.00009
-0.00009
-0.00012
-0.00009
-0.00003
-0.00006
-0.00012
-0.00012
-0.00012
-0.00015
-0.00015
-0.00009
-0.00006
-0.00009
-0.00012
-0.00012
-0.00012
-0.00015
-0.00015
-0.00012
-0.00012
-0.00012
-0.00009
-0.00003
-0.00006
-0.00012
-0.00015
-0.00012
-0.00012
-0.00018
-0.00012
-0.00012
-0.00015
-0.00018
-0.00012
-0.00012
-0.00015
-0.00015
-0.00009
-0.00012
-0.00009
-0.00018
-0.00015
-0.00021
-0.00018
-0.00006
-0.00015
0.00031
-0.00092
-0.00397
-0.04315
-0.04623
-0.02432
-0.01309
0.00800
0.02438
0.03299
0.03012
0.03238
0.01273
-0.00443
-0.01218
-0.01480
-0.00888
0.00302
0.00345
-0.00031
0.00583
0.00256
-0.00241
0.00375
0.00500
-0.00043
0.00058
0.00131
-0.00128
0.00076
0.00229
-0.00070
0.00092
0.00113
-0.00351
-0.00409
-0.00076
-0.00015
-0.00012
0.00287
0.00482
0.00458
0.00482
0.00491
0.00287
0.00140
-0.00037
-0.00177
-0.00250
-0.00146
-0.00061
-0.00061
0.00073
0.00211
0.00122
0.00159
0.00275
0.00241
0.00134
0.00162
0.00125
-0.00015
-0.00043
-0.00027
-0.00052
-0.00061
-0.00049
-0.00076
-0.00052
0.00000
0.00015
0.00031
0.00055
0.00052
-0.00006
0.00018
0.00043
0.00006
-0.00012
-0.00037
-0.00073
-0.00150
-0.00156
-0.00040
-0.00049
-0.00009
0.00006
-0.00009
-0.00021
-0.00012
-0.00037
-0.00107
-0.00089
-0.00104
-0.00110
-0.00058
-0.00073
-0.00040
-0.00003
-0.00031
-0.00070
-0.00064
-0.00073
-0.00095
-0.00104
-0.00128
-0.00125
-0.00098
-0.00049
-0.00027
-0.00015
-0.00040
-0.00064
-0.00049
-0.00046
-0.00058
-0.00064
-0.00073
-0.00082
-0.00085
-0.00101
-0.00125
-0.00131
-0.00125
-0.00122
-0.00104
-0.00082
-0.00064
-0.00046
-0.00015
-0.00003
-0.00024
-0.00049
-0.00064
-0.00067
-0.00095
-0.00122
-0.00122
-0.00125
-0.00122
-0.00101
-0.00070
-0.00058
-0.00046
-0.00021
-0.00006
-0.00006
0.00000
0.00000
0.00000
0.00000
0.00000
0.00000
0.00000
0.00000
0.00000
0.00000
0.00000
0.00000
0.00000
0.00000
0.00000
0.00000
0.00000
0.00000
0.00000
0.00000
0.00000
0.00000
0.00000
0.00000
0.00000
0.00000
0.00000
0.00000
0.00000
0.00000
0.00000
0.00000
0.00000
0.00000
0.00000
0.00000
0.00000
0.00000
0.00000
0.00000
0.00000
0.00000
0.00000
0.00000
0.00000
0.00000
0.00000
0.00000
0.00000
0.00000
0.00000
0.00000
0.00000
0.00000
0.00000
0.00000
0.00000
0.00000
0.00000
0.00000
0.00000
0.00000
0.00000
0.00000
0.00000
0.00000
0.00000
0.00000
0.00000
0.00000
0.00000
0.00000
0.00000
0.00000
0.00000
0.00000
0.00000
0.00000
0.00000
0.00000
0.00000
0.00000
0.00000
0.00000
0.00000
0.00000
0.00000
0.00000
0.00000
0.00000
0.00000
0.00000
0.00000
0.00000
0.00000
0.00000
0.00000
0.00000
0.00000
0.00000
0.00000
0.00000
0.00000
0.00000
0.00000
0.00000
0.00000
0.00000
0.00000
0.00000
0.00000
0.00000
0.00000
0.00000
0.00000
0.00000
0.00000
0.00000
0.00000
0.00000
0.00000
0.00000
0.00000
0.00000
0.00000
0.00000
0.00000
0.00000
0.00000
0.00000
0.00000
0.00000
0.00000
0.00000
0.00000
0.00000
0.00000
0.00000
0.00000
0.00000
0.00000
0.00000
0.00000
0.00000
0.00000
0.00000
0.00000
0.00000
0.00000
0.00000
0.00000
0.00000
0.00000
0.00000
0.00000
0.00000
0.00000
0.00000
0.00000
0.00000
0.00000
0.00000
0.00000
0.00000
0.00000
0.00000
0.00000
0.00000
0.00000
0.00000
0.00000
0.00000
0.00000
0.00000
0.00000
0.00000
0.00000
