-0.00024
-0.00027
-0.00027
-0.00027
-0.00034
-0.00034
-0.00034
-0.00034
-0.00031
-0.00027
-0.00031
-0.00031
-0.00031
-0.00034
-0.00031
-0.00027
-0.00031
-0.00031
-0.00027
-0.00027
-0.00031
-0.00027
-0.00024
-0.00024
-0.00024
-0.00027
-0.00031
-0.00037
-0.00031
-0.00031
-0.00034
-0.00031
-0.00031
-0.00031
-0.00031
-0.00024
-0.00024
-0.00024
-0.00024
-0.00031
-0.00027
-0.00031
-0.00031
-0.00027
-0.00031
-0.00031
-0.00027
-0.00018
-0.00021
-0.00024
-0.00031
-0.00031
-0.00031
-0.00031
-0.00024
-0.00021
-0.00024
-0.00024
-0.00024
-0.00027
-0.00027
-0.00027
-0.00018
-0.00024
-0.00031
-0.00034
-0.00034
-0.00024
-0.00024
-0.00024
-0.00024
-0.00027
-0.00024
-0.00024
-0.00024
-0.00024
-0.00024
-0.00024
-0.00021
-0.00021
-0.00024
-0.00021
-0.00024
-0.00031
-0.00031
-0.00027
-0.00027
-0.00027
-0.00021
-0.00021
-0.00021
-0.00018
-0.00021
-0.00024
-0.00021
-0.00031
-0.00031
-0.00024
-0.00024
-0.00027
-0.00021
-0.00018
-0.00021
-0.00024
-0.00021
-0.00024
-0.00024
-0.00021
-0.00018
-0.00018
-0.00018
-0.00018
-0.00021
-0.00018
-0.00018
-0.00018
-0.00021
-0.00024
-0.00024
-0.00027
-0.00024
-0.00021
-0.00018
-0.00012
-0.00009
-0.00015
-0.00018
-0.00018
-0.00024
-0.00027
-0.00024
-0.00024
-0.00024
-0.00018
-0.00012
-0.00015
-0.00012
-0.00012
-0.00018
-0.00018
-0.00021
-0.00024
-0.00018
-0.00015
-0.00018
-0.00015
-0.00018
-0.00018
-0.00018
-0.00015
-0.00015
-0.00015
-0.00018
-0.00021
-0.00018
-0.00015
-0.00015
-0.00012
-0.00012
-0.00012
-0.00015
-0.00018
-0.00024
-0.00027
-0.00024
-0.00021
-0.00015
-0.00015
-0.00012
-0.00006
-0.00009
-0.00012
-0.00018
-0.00018
-0.00021
-0.00018
-0.00015
-0.00015
-0.00015
-0.00006
-0.00012
0.00000
-0.00037
-0.00006
-0.00064
0.00037
-0.00104
0.00113
-0.00180
0.00150
-0.02969
-0.05795
-0.04349
-0.03528
0.02548
0.05670
0.05347
0.02493
0.01559
0.01318
-0.01178
-0.02332
-0.02032
-0.00909
0.00674
0.00693
0.00150
0.00833
-0.00049
-0.00531
0.00314
0.00723
-0.00235
-0.00327
0.00146
0.00247
0.00174
0.00220
0.00000
0.00104
0.00198
-0.00299
-0.00101
0.00290
0.00201
0.00006
0.00287
0.00314
0.00232
0.00293
0.00421
0.00125
-0.00137
-0.00220
-0.00122
0.00000
0.00119
0.00153
0.00049
0.00012
0.00098
0.00177
0.00259
0.00336
0.00110
0.00021
0.00049
0.00021
0.00000
0.00024
0.00082
0.00000
-0.00043
-0.00018
-0.00009
-0.00024
0.00000
0.00031
0.00058
-0.00018
-0.00031
-0.00018
0.00043
0.00107
0.00089
0.00043
0.00003
-0.00095
-0.00104
-0.00049
-0.00006
-0.00082
-0.00153
-0.00101
-0.00150
-0.00024
-0.00031
0.00046
0.00049
-0.00046
0.00021
-0.00076
0.00003
-0.00095
-0.00092
-0.00098
-0.00064
0.00000
-0.00089
-0.00034
-0.00150
-0.00101
-0.00079
-0.00085
-0.00089
-0.00089
-0.00009
-0.00006
0.00000
-0.00058
-0.00061
-0.00015
-0.00031
-0.00049
-0.00055
-0.00067
-0.00104
-0.00140
-0.00143
-0.00143
-0.00122
-0.00076
-0.00055
-0.00052
-0.00064
-0.00040
-0.00006
0.00012
0.00006
-0.00037
-0.00076
-0.00101
-0.00092
-0.00079
-0.00095
-0.00119
-0.00131
-0.00095
-0.00055
-0.00034
-0.00027
-0.00012
0.00018
0.00043
0.00049
0.00000
-0.00070
-0.00137
-0.00156
-0.00131
-0.00089
-0.00058
-0.00073
-0.00085
-0.00110
-0.00064
0.00000
0.00000
0.00000
0.00000
0.00000
0.00000
0.00000
0.00000
0.00000
0.00000
0.00000
0.00000
0.00000
0.00000
0.00000
0.00000
0.00000
0.00000
0.00000
0.00000
0.00000
0.00000
0.00000
0.00000
0.00000
0.00000
0.00000
0.00000
0.00000
0.00000
0.00000
0.00000
0.00000
0.00000
0.00000
0.00000
0.00000
0.00000
0.00000
0.00000
0.00000
0.00000
0.00000
0.00000
0.00000
0.00000
0.00000
0.00000
0.00000
0.00000
0.00000
0.00000
0.00000
0.00000
0.00000
0.00000
0.00000
0.00000
0.00000
0.00000
0.00000
0.00000
0.00000
0.00000
0.00000
0.00000
0.00000
0.00000
0.00000
0.00000
0.00000
0.00000
0.00000
0.00000
0.00000
0.00000
0.00000
0.00000
0.00000
0.00000
0.00000
0.00000
0.00000
0.00000
0.00000
0.00000
0.00000
0.00000
0.00000
0.00000
0.00000
0.00000
0.00000
0.00000
0.00000
0.00000
0.00000
0.00000
0.00000
0.00000
0.00000
0.00000
0.00000
0.00000
0.00000
0.00000
0.00000
0.00000
0.00000
0.00000
0.00000
0.00000
0.00000
0.00000
0.00000
0.00000
0.00000
0.00000
0.00000
0.00000
0.00000
0.00000
0.00000
0.00000
0.00000
0.00000
0.00000
0.00000
0.00000
0.00000
0.00000
0.00000
0.00000
0.00000
0.00000
0.00000
0.00000
0.00000
0.00000
0.00000
0.00000
0.00000
0.00000
0.00000
0.00000
0.00000
0.00000
0.00000
0.00000
0.00000
0.00000
0.00000
0.00000
0.00000
0.00000
0.00000
0.00000
0.00000
0.00000
0.00000
0.00000
0.00000
0.00000
0.00000
0.00000
0.00000
