-0.00031
-0.00031
-0.00034
-0.00031
-0.00027
-0.00027
-0.00021
-0.00012
-0.00018
-0.00024
-0.00027
-0.00024
-0.00034
-0.00037
-0.00034
-0.00027
-0.00031
-0.00031
-0.00024
-0.00027
-0.00024
-0.00018
-0.00015
-0.00012
-0.00021
-0.00027
-0.00024
-0.00027
-0.00027
-0.00018
-0.00012
-0.00015
-0.00015
-0.00009
-0.00018
-0.00021
-0.00021
-0.00018
-0.00018
-0.00018
-0.00015
-0.00018
-0.00015
-0.00012
-0.00018
-0.00018
-0.00015
-0.00012
-0.00012
-0.00009
-0.00015
-0.00009
-0.00021
-0.00034
0.00000
-0.00015
-0.00018
-0.00003
-0.00003
-0.00009
-0.00012
-0.00012
-0.00015
-0.00021
-0.00012
-0.00003
-0.00012
-0.00009
-0.00006
-0.00009
-0.00009
-0.00006
-0.00009
-0.00015
-0.00003
-0.00009
-0.00015
-0.00009
-0.00006
-0.00003
-0.00006
0.00000
-0.00009
-0.00015
-0.00009
-0.00006
-0.00006
0.00000
-0.00003
0.00000
0.00006
0.00000
-0.00006
-0.00006
-0.00006
-0.00009
-0.00015
-0.00003
0.00000
-0.00009
-0.00003
0.00000
-0.00009
-0.00009
0.00000
0.00000
0.00003
0.00006
0.00006
0.00000
0.00000
0.00000
-0.00009
-0.00006
0.00000
-0.00003
-0.00003
0.00000
0.00000
0.00000
0.00006
0.00006
0.00000
0.00003
0.00006
0.00000
0.00003
0.00012
0.00012
0.00003
0.00000
0.00000
-0.00003
-0.00003
0.00000
0.00000
0.00003
0.00012
0.00009
0.00015
0.00009
0.00000
0.00003
0.00009
0.00006
0.00003
0.00012
0.00009
0.00003
0.00009
0.00012
0.00015
0.00012
0.00012
0.00012
0.00006
0.00006
0.00006
0.00012
0.00003
0.00003
0.00012
0.00009
0.00012
0.00012
0.00006
0.00015
0.00009
0.00021
0.00000
0.00043
-0.00027
0.00070
-0.00040
0.00082
-0.00040
0.00058
0.00021
-0.00027
-0.02692
-0.16904
-0.06277
0.02023
0.00955
0.05988
0.06250
0.06741
0.07828
0.04153
-0.03226
-0.03186
-0.02481
-0.02454
-0.00299
0.03311
-0.00842
-0.01093
0.01596
-0.00555
-0.00082
0.01761
-0.00647
-0.00266
0.01346
-0.00043
-0.00043
0.01599
0.00854
-0.00345
0.00577
-0.00507
-0.01654
-0.00681
0.00131
-0.00134
0.00272
0.00827
0.00876
0.00690
0.00702
0.00327
-0.00125
-0.00214
-0.00320
-0.00342
-0.00046
0.00235
-0.00143
-0.00290
0.00192
0.00436
0.00024
0.00424
0.00638
0.00180
0.00107
0.00269
0.00040
-0.00156
-0.00211
-0.00278
-0.00296
-0.00137
-0.00104
-0.00217
0.00067
0.00085
0.00012
0.00198
0.00247
0.00168
0.00024
0.00140
0.00192
-0.00024
-0.00058
-0.00070
-0.00150
-0.00156
-0.00232
-0.00134
-0.00180
-0.00098
-0.00076
-0.00037
0.00064
0.00018
-0.00076
-0.00064
-0.00131
-0.00058
-0.00003
0.00061
0.00021
0.00095
0.00192
0.00101
-0.00067
-0.00119
-0.00287
-0.00290
-0.00281
-0.00247
-0.00052
0.00067
0.00116
0.00076
0.00092
0.00101
0.00018
0.00009
-0.00055
-0.00119
-0.00119
-0.00089
-0.00037
-0.00107
-0.00140
-0.00137
-0.00171
-0.00153
-0.00107
-0.00034
0.00027
0.00092
0.00134
0.00116
0.00055
-0.00040
-0.00095
-0.00073
-0.00079
-0.00128
-0.00137
-0.00146
-0.00186
-0.00198
-0.00082
0.00034
0.00101
0.00140
0.00140
0.00156
0.00153
0.00140
0.00128
0.00085
-0.00009
0.00000
0.00000
0.00000
0.00000
0.00000
0.00000
0.00000
0.00000
0.00000
0.00000
0.00000
0.00000
0.00000
0.00000
0.00000
0.00000
0.00000
0.00000
0.00000
0.00000
0.00000
0.00000
0.00000
0.00000
0.00000
0.00000
0.00000
0.00000
0.00000
0.00000
0.00000
0.00000
0.00000
0.00000
0.00000
0.00000
0.00000
0.00000
0.00000
0.00000
0.00000
0.00000
0.00000
0.00000
0.00000
0.00000
0.00000
0.00000
0.00000
0.00000
0.00000
0.00000
0.00000
0.00000
0.00000
0.00000
0.00000
0.00000
0.00000
0.00000
0.00000
0.00000
0.00000
0.00000
0.00000
0.00000
0.00000
0.00000
0.00000
0.00000
0.00000
0.00000
0.00000
0.00000
0.00000
0.00000
0.00000
0.00000
0.00000
0.00000
0.00000
0.00000
0.00000
0.00000
0.00000
0.00000
0.00000
0.00000
0.00000
0.00000
0.00000
0.00000
0.00000
0.00000
0.00000
0.00000
0.00000
0.00000
0.00000
0.00000
0.00000
0.00000
0.00000
0.00000
0.00000
0.00000
0.00000
0.00000
0.00000
0.00000
0.00000
0.00000
0.00000
0.00000
0.00000
0.00000
0.00000
0.00000
0.00000
0.00000
0.00000
0.00000
0.00000
0.00000
0.00000
0.00000
0.00000
0.00000
0.00000
0.00000
0.00000
0.00000
0.00000
0.00000
0.00000
0.00000
0.00000
0.00000
0.00000
0.00000
0.00000
0.00000
0.00000
0.00000
0.00000
0.00000
0.00000
0.00000
0.00000
0.00000
0.00000
0.00000
0.00000
0.00000
0.00000
0.00000
0.00000
0.00000
0.00000
0.00000
0.00000
0.00000
0.00000
0.00000
0.00000
0.00000
0.00000
0.00000
0.00000
0.00000
0.00000
0.00000
0.00000
0.00000
0.00000
0.00000
0.00000
0.00000
0.00000
0.00000
0.00000
0.00000
0.00000
0.00000
