-0.00027
-0.00024
-0.00031
-0.00027
-0.00024
-0.00031
-0.00031
-0.00024
-0.00024
-0.00031
-0.00027
-0.00027
-0.00031
-0.00031
-0.00031
-0.00034
-0.00031
-0.00031
-0.00031
-0.00031
-0.00024
-0.00027
-0.00024
-0.00021
-0.00024
-0.00031
-0.00031
-0.00027
-0.00031
-0.00031
-0.00031
-0.00031
-0.00031
-0.00031
-0.00027
-0.00027
-0.00027
-0.00024
-0.00021
-0.00024
-0.00024
-0.00027
-0.00027
-0.00031
-0.00034
-0.00031
-0.00031
-0.00027
-0.00031
-0.00024
-0.00024
-0.00027
-0.00027
-0.00027
-0.00027
-0.00031
-0.00024
-0.00021
-0.00027
-0.00027
-0.00024
-0.00027
-0.00027
-0.00027
-0.00027
-0.00027
-0.00027
-0.00027
-0.00024
-0.00021
-0.00027
-0.00027
-0.00021
-0.00021
-0.00024
-0.00021
-0.00021
-0.00027
-0.00031
-0.00024
-0.00024
-0.00024
-0.00021
-0.00021
-0.00021
-0.00021
-0.00021
-0.00018
-0.00018
-0.00018
-0.00018
-0.00021
-0.00021
-0.00024
-0.00021
-0.00018
-0.00021
-0.00021
-0.00018
-0.00018
-0.00024
-0.00021
-0.00015
-0.00018
-0.00018
-0.00012
-0.00012
-0.00021
-0.00024
-0.00024
-0.00018
-0.00018
-0.00018
-0.00015
-0.00018
-0.00018
-0.00018
-0.00015
-0.00015
-0.00015
-0.00015
-0.00012
-0.00012
-0.00015
-0.00012
-0.00012
-0.00018
-0.00021
-0.00018
-0.00015
-0.00018
-0.00015
-0.00012
-0.00012
-0.00012
-0.00009
-0.00009
-0.00012
-0.00012
-0.00012
-0.00012
-0.00015
-0.00018
-0.00015
-0.00012
-0.00012
-0.00015
-0.00009
-0.00006
-0.00009
-0.00012
-0.00009
-0.00012
-0.00015
-0.00012
-0.00012
-0.00009
-0.00009
-0.00012
-0.00012
-0.00009
-0.00012
-0.00012
-0.00006
-0.00009
-0.00009
-0.00009
-0.00009
-0.00009
-0.00006
-0.00003
-0.00006
-0.00006
-0.00006
-0.00012
-0.00012
-0.00009
-0.00018
-0.00012
0.00000
-0.00012
-0.00006
-0.00003
-0.00003
-0.00003
-0.00006
0.00000
0.00000
0.00000
-0.00009
-0.00021
-0.00009
-0.00027
0.00000
-0.00018
0.00043
-0.00018
0.00018
-0.01111
-0.02731
-0.03204
-0.03131
-0.00616
0.01205
0.01871
0.01959
0.01740
0.01611
0.00729
-0.00095
-0.00406
-0.00345
0.00067
0.00177
-0.00076
-0.00024
-0.00189
-0.00137
0.00259
0.00427
0.00296
0.00269
0.00305
0.00287
0.00290
0.00299
0.00168
0.00070
0.00046
-0.00107
-0.00104
0.00000
-0.00021
0.00024
0.00174
0.00241
0.00302
0.00391
0.00412
0.00290
0.00061
-0.00031
-0.00055
-0.00076
0.00058
0.00027
0.00040
0.00009
0.00009
0.00046
0.00098
0.00217
0.00186
0.00198
0.00168
0.00110
0.00113
0.00092
0.00089
0.00058
0.00034
-0.00015
-0.00076
-0.00027
-0.00012
-0.00009
0.00021
-0.00003
-0.00003
0.00012
0.00067
0.00113
0.00092
-0.00018
-0.00037
0.00024
-0.00058
0.00012
0.00067
0.00000
-0.00009
-0.00012
-0.00134
-0.00198
-0.00101
-0.00107
-0.00021
0.00052
0.00000
0.00027
0.00073
0.00021
-0.00067
-0.00089
-0.00146
-0.00180
-0.00085
-0.00055
-0.00055
0.00009
0.00012
0.00003
-0.00009
-0.00040
-0.00037
-0.00012
0.00003
-0.00031
-0.00046
-0.00040
-0.00067
-0.00070
-0.00058
-0.00085
-0.00107
-0.00085
-0.00058
-0.00040
-0.00037
-0.00027
-0.00037
-0.00052
-0.00064
-0.00064
-0.00052
-0.00058
-0.00052
-0.00037
-0.00018
-0.00024
-0.00037
-0.00043
0.00000
0.00000
0.00000
0.00000
0.00000
0.00000
0.00000
0.00000
0.00000
0.00000
0.00000
0.00000
0.00000
0.00000
0.00000
0.00000
0.00000
0.00000
0.00000
0.00000
0.00000
0.00000
0.00000
0.00000
0.00000
0.00000
0.00000
0.00000
0.00000
0.00000
0.00000
0.00000
0.00000
0.00000
0.00000
0.00000
0.00000
0.00000
0.00000
0.00000
0.00000
0.00000
0.00000
0.00000
0.00000
0.00000
0.00000
0.00000
0.00000
0.00000
0.00000
0.00000
0.00000
0.00000
0.00000
0.00000
0.00000
0.00000
0.00000
0.00000
0.00000
0.00000
0.00000
0.00000
0.00000
0.00000
0.00000
0.00000
0.00000
0.00000
0.00000
0.00000
0.00000
0.00000
0.00000
0.00000
0.00000
0.00000
0.00000
0.00000
0.00000
0.00000
0.00000
0.00000
0.00000
0.00000
0.00000
0.00000
0.00000
0.00000
0.00000
0.00000
0.00000
0.00000
0.00000
0.00000
0.00000
0.00000
0.00000
0.00000
0.00000
0.00000
0.00000
0.00000
0.00000
0.00000
0.00000
0.00000
0.00000
0.00000
0.00000
0.00000
0.00000
0.00000
0.00000
0.00000
0.00000
0.00000
0.00000
0.00000
0.00000
0.00000
0.00000
0.00000
0.00000
0.00000
0.00000
0.00000
0.00000
0.00000
0.00000
0.00000
0.00000
0.00000
0.00000
0.00000
0.00000
0.00000
0.00000
0.00000
0.00000
0.00000
0.00000
0.00000
0.00000
0.00000
0.00000
0.00000
0.00000
0.00000
0.00000
0.00000
0.00000
0.00000
0.00000
0.00000
0.00000
0.00000
0.00000
0.00000
0.00000
0.00000
0.00000
0.00000
0.00000
0.00000
0.00000
0.00000
0.00000
0.00000
0.00000
0.00000
0.00000
0.00000
0.00000
0.00000
0.00000
0.00000
0.00000
0.00000
