0.00009
0.00012
0.00009
0.00006
0.00006
0.00006
0.00006
0.00006
0.00006
0.00006
0.00009
0.00006
0.00009
0.00009
0.00009
0.00006
0.00009
0.00009
0.00003
0.00006
0.00006
0.00003
0.00003
0.00003
0.00006
0.00006
0.00006
0.00006
0.00009
0.00006
0.00003
0.00003
0.00003
0.00003
0.00003
0.00006
0.00003
0.00003
0.00000
0.00000
0.00003
0.00000
0.00000
0.00003
0.00000
0.00000
0.00000
0.00000
0.00000
0.00003
0.00003
0.00003
0.00003
0.00003
0.00000
0.00000
0.00000
0.00000
0.00000
0.00003
0.00000
0.00000
0.00000
-0.00003
0.00000
0.00000
0.00000
-0.00003
0.00000
0.00003
0.00000
0.00000
0.00000
0.00003
0.00000
0.00000
0.00000
0.00000
-0.00003
0.00000
0.00000
-0.00003
-0.00003
-0.00003
0.00000
0.00000
0.00000
0.00000
0.00000
-0.00003
-0.00009
-0.00006
-0.00003
-0.00006
-0.00003
0.00000
0.00000
0.00000
0.00000
0.00000
-0.00003
-0.00003
-0.00006
-0.00003
-0.00003
-0.00006
-0.00003
-0.00003
-0.00003
-0.00006
-0.00009
-0.00006
-0.00006
-0.00006
-0.00003
0.00000
-0.00006
-0.00006
-0.00003
-0.00003
-0.00009
-0.00009
-0.00006
-0.00009
-0.00009
-0.00006
-0.00003
-0.00006
-0.00006
-0.00006
-0.00006
-0.00009
-0.00012
-0.00006
-0.00006
-0.00012
-0.00012
-0.00009
-0.00012
-0.00015
-0.00012
-0.00006
-0.00006
-0.00009
-0.00009
-0.00006
-0.00009
-0.00015
-0.00015
-0.00012
-0.00012
-0.00015
-0.00012
-0.00006
-0.00009
-0.00012
-0.00009
-0.00012
-0.00018
-0.00018
-0.00018
-0.00015
-0.00018
-0.00012
-0.00012
-0.00012
-0.00012
-0.00021
-0.00018
-0.00021
-0.00021
-0.00021
-0.00018
-0.00018
-0.00021
-0.00018
-0.00015
-0.00021
-0.00009
-0.00034
0.00003
-0.00064
0.00027
-0.00107
0.00098
-0.00177
0.00116
-0.03082
-0.07291
-0.04428
-0.02213
0.01047
0.03049
0.04239
0.03787
0.03903
0.03421
0.00079
-0.01682
-0.02524
-0.01871
0.00085
0.00858
-0.00009
0.00284
0.00797
0.00064
0.00137
0.00610
0.00061
-0.00189
0.00092
-0.00040
-0.00098
0.00339
0.00122
-0.00034
0.00192
-0.00104
-0.00449
-0.00244
0.00156
0.00092
0.00269
0.00421
0.00308
0.00095
0.00143
0.00070
-0.00104
-0.00092
-0.00095
-0.00082
0.00049
0.00119
0.00012
-0.00012
0.00125
0.00128
0.00089
0.00195
0.00269
0.00171
0.00156
0.00177
0.00073
-0.00058
-0.00082
-0.00070
-0.00107
-0.00067
-0.00073
-0.00122
-0.00064
-0.00046
-0.00015
0.00018
0.00061
0.00024
-0.00015
0.00031
0.00040
-0.00003
-0.00012
-0.00055
-0.00113
-0.00119
-0.00110
-0.00137
-0.00220
-0.00128
-0.00119
-0.00058
0.00110
0.00049
0.00061
-0.00012
-0.00104
-0.00226
-0.00201
-0.00177
-0.00168
0.00003
0.00009
0.00082
0.00079
-0.00034
-0.00128
-0.00168
-0.00214
-0.00241
-0.00150
-0.00092
-0.00067
-0.00021
-0.00031
-0.00031
0.00000
-0.00027
-0.00064
-0.00070
-0.00098
-0.00119
-0.00125
-0.00143
-0.00153
-0.00153
-0.00137
-0.00134
-0.00125
-0.00079
-0.00055
-0.00037
-0.00043
-0.00058
-0.00055
-0.00046
-0.00031
-0.00049
-0.00095
-0.00140
-0.00162
-0.00171
-0.00171
-0.00150
-0.00098
-0.00052
-0.00027
0.00000
0.00021
0.00015
0.00003
-0.00012
0.00000
0.00000
0.00000
0.00000
0.00000
0.00000
0.00000
0.00000
0.00000
0.00000
0.00000
0.00000
0.00000
0.00000
0.00000
0.00000
0.00000
0.00000
0.00000
0.00000
0.00000
0.00000
0.00000
0.00000
0.00000
0.00000
0.00000
0.00000
0.00000
0.00000
0.00000
0.00000
0.00000
0.00000
0.00000
0.00000
0.00000
0.00000
0.00000
0.00000
0.00000
0.00000
0.00000
0.00000
0.00000
0.00000
0.00000
0.00000
0.00000
0.00000
0.00000
0.00000
0.00000
0.00000
0.00000
0.00000
0.00000
0.00000
0.00000
0.00000
0.00000
0.00000
0.00000
0.00000
0.00000
0.00000
0.00000
0.00000
0.00000
0.00000
0.00000
0.00000
0.00000
0.00000
0.00000
0.00000
0.00000
0.00000
0.00000
0.00000
0.00000
0.00000
0.00000
0.00000
0.00000
0.00000
0.00000
0.00000
0.00000
0.00000
0.00000
0.00000
0.00000
0.00000
0.00000
0.00000
0.00000
0.00000
0.00000
0.00000
0.00000
0.00000
0.00000
0.00000
0.00000
0.00000
0.00000
0.00000
0.00000
0.00000
0.00000
0.00000
0.00000
0.00000
0.00000
0.00000
0.00000
0.00000
0.00000
0.00000
0.00000
0.00000
0.00000
0.00000
0.00000
0.00000
0.00000
0.00000
0.00000
0.00000
0.00000
0.00000
0.00000
0.00000
0.00000
0.00000
0.00000
0.00000
0.00000
0.00000
0.00000
0.00000
0.00000
0.00000
0.00000
0.00000
0.00000
0.00000
0.00000
0.00000
0.00000
0.00000
0.00000
0.00000
0.00000
0.00000
0.00000
0.00000
0.00000
0.00000
0.00000
0.00000
0.00000
0.00000
0.00000
0.00000
0.00000
0.00000
0.00000
0.00000
0.00000
0.00000
0.00000
0.00000
0.00000
0.00000
0.00000
0.00000
0.00000
