0.00000
0.00000
-0.00003
-0.00006
-0.00009
-0.00012
-0.00018
-0.00012
-0.00009
-0.00009
-0.00006
0.00000
0.00000
-0.00003
-0.00003
-0.00006
-0.00009
-0.00009
-0.00009
-0.00009
-0.00006
-0.00003
-0.00003
-0.00006
-0.00009
-0.00012
-0.00009
-0.00009
-0.00012
-0.00009
-0.00006
-0.00003
-0.00006
-0.00003
-0.00003
-0.00006
-0.00009
-0.00009
-0.00009
-0.00012
-0.00012
-0.00012
-0.00012
-0.00015
-0.00015
-0.00012
-0.00009
-0.00009
-0.00003
-0.00003
-0.00006
-0.00009
-0.00012
-0.00018
-0.00024
-0.00021
-0.00018
-0.00012
-0.00009
-0.00006
-0.00006
-0.00012
-0.00015
-0.00015
-0.00015
-0.00009
-0.00012
-0.00012
-0.00018
-0.00018
-0.00015
-0.00018
-0.00015
-0.00018
-0.00018
-0.00015
-0.00012
-0.00012
-0.00009
-0.00012
-0.00018
-0.00018
-0.00015
-0.00021
-0.00021
-0.00015
-0.00015
-0.00021
-0.00021
-0.00021
-0.00021
-0.00024
-0.00018
-0.00015
-0.00012
-0.00012
-0.00015
-0.00018
-0.00018
-0.00024
-0.00024
-0.00018
-0.00018
-0.00024
-0.00021
-0.00015
-0.00015
-0.00018
-0.00012
-0.00015
-0.00021
-0.00021
-0.00021
-0.00021
-0.00024
-0.00021
-0.00018
-0.00015
-0.00015
-0.00018
-0.00015
-0.00012
-0.00015
-0.00018
-0.00018
-0.00018
-0.00021
-0.00012
-0.00012
-0.00015
-0.00021
-0.00021
-0.00024
-0.00024
-0.00021
-0.00018
-0.00018
-0.00018
-0.00018
-0.00015
-0.00015
-0.00018
-0.00015
-0.00018
-0.00021
-0.00018
-0.00018
-0.00015
-0.00015
-0.00021
-0.00021
-0.00018
-0.00018
-0.00018
-0.00018
-0.00015
-0.00018
-0.00015
-0.00015
-0.00015
-0.00021
-0.00018
-0.00015
-0.00021
-0.00024
-0.00024
-0.00021
-0.00018
-0.00015
-0.00012
-0.00012
-0.00012
-0.00018
-0.00018
-0.00021
-0.00021
-0.00021
-0.00015
-0.00015
-0.00015
-0.00021
-0.00012
-0.00015
-0.00018
-0.00024
-0.00024
-0.00009
-0.00034
0.00006
-0.00043
0.00052
-0.00101
-0.00095
-0.02698
-0.03967
-0.03534
-0.02304
0.01788
0.03546
0.03345
0.01904
0.01901
0.00867
-0.01117
-0.01605
-0.01343
-0.00366
0.00476
0.00134
0.00052
0.00308
-0.00281
-0.00409
0.00232
0.00366
0.00098
0.00430
0.00546
0.00342
0.00302
0.00247
0.00006
0.00140
-0.00006
-0.00302
-0.00067
0.00153
0.00116
0.00116
0.00217
0.00110
0.00101
0.00235
0.00342
0.00192
0.00015
-0.00095
-0.00037
0.00055
0.00131
0.00143
0.00073
-0.00040
-0.00107
0.00015
0.00162
0.00238
0.00198
0.00146
0.00143
0.00092
0.00049
-0.00009
0.00015
-0.00009
-0.00052
-0.00009
-0.00076
-0.00098
-0.00049
0.00018
0.00089
0.00085
0.00076
0.00000
0.00027
0.00070
0.00015
-0.00003
-0.00034
-0.00079
-0.00079
-0.00058
-0.00024
-0.00101
-0.00168
-0.00082
-0.00092
-0.00104
0.00082
0.00061
0.00061
0.00079
-0.00034
-0.00143
-0.00153
-0.00131
-0.00226
-0.00070
-0.00040
-0.00027
0.00079
-0.00012
-0.00092
-0.00116
-0.00128
-0.00159
-0.00137
-0.00055
-0.00046
0.00015
0.00040
-0.00015
-0.00021
-0.00052
-0.00092
-0.00104
-0.00098
-0.00082
-0.00076
-0.00073
-0.00122
-0.00159
-0.00134
-0.00092
-0.00052
-0.00049
-0.00061
-0.00064
-0.00049
-0.00031
-0.00015
-0.00015
-0.00034
0.00000
0.00000
0.00000
0.00000
0.00000
0.00000
0.00000
0.00000
0.00000
0.00000
0.00000
0.00000
0.00000
0.00000
0.00000
0.00000
0.00000
0.00000
0.00000
0.00000
0.00000
0.00000
0.00000
0.00000
0.00000
0.00000
0.00000
0.00000
0.00000
0.00000
0.00000
0.00000
0.00000
0.00000
0.00000
0.00000
0.00000
0.00000
0.00000
0.00000
0.00000
0.00000
0.00000
0.00000
0.00000
0.00000
0.00000
0.00000
0.00000
0.00000
0.00000
0.00000
0.00000
0.00000
0.00000
0.00000
0.00000
0.00000
0.00000
0.00000
0.00000
0.00000
0.00000
0.00000
0.00000
0.00000
0.00000
0.00000
0.00000
0.00000
0.00000
0.00000
0.00000
0.00000
0.00000
0.00000
0.00000
0.00000
0.00000
0.00000
0.00000
0.00000
0.00000
0.00000
0.00000
0.00000
0.00000
0.00000
0.00000
0.00000
0.00000
0.00000
0.00000
0.00000
0.00000
0.00000
0.00000
0.00000
0.00000
0.00000
0.00000
0.00000
0.00000
0.00000
0.00000
0.00000
0.00000
0.00000
0.00000
0.00000
0.00000
0.00000
0.00000
0.00000
0.00000
0.00000
0.00000
0.00000
0.00000
0.00000
0.00000
0.00000
0.00000
0.00000
0.00000
0.00000
0.00000
0.00000
0.00000
0.00000
0.00000
0.00000
0.00000
0.00000
0.00000
0.00000
0.00000
0.00000
0.00000
0.00000
0.00000
0.00000
0.00000
0.00000
0.00000
0.00000
0.00000
0.00000
0.00000
0.00000
0.00000
0.00000
0.00000
0.00000
0.00000
0.00000
0.00000
0.00000
0.00000
0.00000
0.00000
0.00000
0.00000
0.00000
0.00000
0.00000
0.00000
0.00000
0.00000
0.00000
0.00000
0.00000
0.00000
0.00000
0.00000
0.00000
0.00000
0.00000
0.00000
0.00000
0.00000
0.00000
0.00000
0.00000
0.00000
0.00000
0.00000
0.00000
