0.00000
0.00009
0.00000
0.00000
0.00003
0.00006
0.00009
0.00012
0.00015
0.00009
0.00009
0.00003
0.00006
0.00000
0.00003
0.00006
0.00003
0.00003
0.00009
0.00003
0.00003
0.00015
0.00006
0.00000
0.00012
0.00009
0.00000
0.00000
0.00003
-0.00003
0.00003
0.00012
0.00003
0.00003
0.00006
0.00003
0.00000
0.00000
0.00000
-0.00003
0.00000
0.00000
0.00000
0.00003
0.00003
0.00000
0.00000
0.00000
0.00000
-0.00006
-0.00003
0.00000
0.00003
0.00003
0.00012
0.00003
-0.00015
0.00000
-0.00009
-0.00006
-0.00003
-0.00003
-0.00003
0.00000
0.00009
-0.00003
-0.00003
0.00000
-0.00003
-0.00006
-0.00003
0.00000
-0.00003
-0.00003
0.00000
0.00000
-0.00006
-0.00003
-0.00009
-0.00009
-0.00006
-0.00006
-0.00006
-0.00003
0.00000
-0.00006
-0.00009
-0.00003
-0.00003
-0.00006
-0.00003
-0.00009
-0.00009
-0.00009
-0.00003
-0.00009
-0.00009
-0.00009
-0.00012
-0.00012
-0.00006
-0.00003
-0.00015
-0.00009
-0.00006
-0.00009
-0.00009
-0.00006
-0.00006
-0.00012
-0.00006
-0.00003
-0.00009
-0.00012
-0.00012
-0.00012
-0.00012
-0.00012
-0.00012
-0.00009
-0.00009
-0.00006
-0.00012
-0.00012
-0.00009
-0.00015
-0.00015
-0.00015
-0.00012
-0.00012
-0.00015
-0.00015
-0.00018
-0.00018
-0.00018
-0.00018
-0.00018
-0.00018
-0.00015
-0.00012
-0.00012
-0.00009
-0.00003
-0.00015
-0.00015
-0.00015
-0.00021
-0.00027
-0.00021
-0.00015
-0.00021
-0.00012
-0.00006
-0.00018
-0.00018
-0.00021
-0.00024
-0.00021
-0.00018
-0.00015
-0.00018
-0.00012
-0.00021
-0.00027
-0.00027
-0.00027
-0.00021
-0.00018
-0.00012
-0.00009
-0.00018
-0.00003
-0.00031
0.00000
-0.00058
0.00018
-0.00070
0.00018
-0.00046
-0.00031
0.00021
-0.00134
-0.02396
-0.17151
-0.11224
-0.01581
0.06952
0.14825
0.10574
0.07098
0.01874
0.02551
-0.05298
-0.07239
-0.04852
-0.02271
0.01727
0.03436
0.00595
-0.00067
0.01114
-0.00253
0.00354
0.02252
-0.00262
-0.01614
0.00229
0.00641
0.00403
0.00854
0.00507
-0.00769
-0.00076
-0.00583
-0.00992
-0.00385
0.00262
-0.00079
0.00293
0.00885
0.00647
0.00592
0.00702
0.00415
-0.00543
-0.00751
-0.00717
-0.00458
-0.00162
0.00296
0.00092
-0.00027
0.00171
0.00491
0.00406
0.00592
0.00388
-0.00092
-0.00168
-0.00034
-0.00107
-0.00171
-0.00076
-0.00098
-0.00317
-0.00156
-0.00031
-0.00192
-0.00003
0.00037
0.00055
0.00101
0.00116
0.00073
-0.00079
0.00146
0.00092
0.00021
-0.00070
-0.00256
-0.00314
-0.00220
-0.00180
-0.00137
-0.00250
-0.00159
-0.00146
-0.00018
0.00082
0.00082
0.00003
-0.00116
-0.00259
-0.00232
-0.00153
-0.00027
0.00040
0.00073
0.00186
0.00076
-0.00021
-0.00244
-0.00357
-0.00381
-0.00385
-0.00192
-0.00113
-0.00015
0.00049
0.00089
0.00055
0.00000
0.00009
-0.00027
-0.00067
-0.00168
-0.00226
-0.00198
-0.00186
-0.00198
-0.00150
-0.00119
-0.00192
-0.00211
-0.00146
-0.00061
0.00000
0.00067
0.00092
0.00040
-0.00012
-0.00107
-0.00150
-0.00153
-0.00171
-0.00183
-0.00220
-0.00223
-0.00211
-0.00180
-0.00061
0.00024
0.00098
0.00131
0.00128
0.00101
0.00052
0.00031
-0.00031
-0.00110
-0.00186
-0.00235
-0.00214
-0.00229
-0.00253
-0.00244
-0.00171
-0.00085
-0.00064
0.00000
0.00000
0.00082
0.00125
0.00137
0.00198
0.00247
0.00317
0.00278
0.00128
0.00031
-0.00098
-0.00211
-0.00226
-0.00226
-0.00192
-0.00128
-0.00018
0.00031
0.00055
0.00082
0.00052
0.00043
0.00073
0.00089
0.00027
-0.00009
-0.00021
-0.00061
-0.00122
-0.00183
-0.00259
-0.00272
-0.00183
-0.00067
0.00034
0.00137
0.00208
0.00220
0.00217
0.00156
0.00055
-0.00073
-0.00192
-0.00259
-0.00223
-0.00107
0.00003
0.00092
0.00140
0.00125
0.00076
0.00040
0.00006
-0.00003
-0.00015
0.00000
0.00043
0.00031
-0.00018
-0.00107
-0.00189
-0.00244
-0.00235
-0.00137
-0.00076
-0.00003
0.00095
0.00180
0.00189
0.00092
-0.00012
-0.00064
-0.00031
0.00037
0.00052
0.00089
0.00000
-0.00116
-0.00089
0.00000
-0.00034
-0.00122
0.00006
0.00000
0.00000
0.00000
0.00000
0.00000
0.00000
0.00000
0.00000
0.00000
0.00000
0.00000
0.00000
0.00000
0.00000
0.00000
0.00000
0.00000
0.00000
0.00000
0.00000
0.00000
0.00000
0.00000
0.00000
0.00000
0.00000
0.00000
0.00000
0.00000
0.00000
0.00000
0.00000
0.00000
0.00000
0.00000
0.00000
0.00000
0.00000
0.00000
0.00000
0.00000
0.00000
0.00000
0.00000
0.00000
0.00000
0.00000
0.00000
0.00000
0.00000
0.00000
0.00000
0.00000
0.00000
0.00000
0.00000
0.00000
0.00000
0.00000
0.00000
0.00000
0.00000
0.00000
0.00000
0.00000
0.00000
0.00000
0.00000
0.00000
0.00000
0.00000
0.00000
0.00000
0.00000
0.00000
0.00000
0.00000
0.00000
0.00000
0.00000
0.00000
0.00000
0.00000
0.00000
0.00000
0.00000
0.00000
0.00000
0.00000
