0.00003
0.00009
0.00009
0.00006
0.00003
0.00003
0.00003
0.00009
0.00006
0.00003
0.00006
0.00012
0.00006
0.00000
0.00003
0.00000
0.00000
0.00003
0.00009
0.00000
0.00000
0.00012
0.00009
0.00006
0.00006
0.00003
0.00000
0.00003
0.00006
0.00003
0.00006
0.00006
0.00000
0.00003
0.00000
0.00000
0.00006
0.00009
0.00006
0.00006
0.00003
0.00000
0.00000
0.00000
0.00000
0.00006
0.00003
0.00003
0.00009
0.00006
0.00000
0.00009
0.00012
-0.00012
0.00006
0.00003
-0.00009
0.00003
0.00000
0.00000
0.00003
0.00003
0.00000
0.00000
0.00000
0.00000
0.00000
0.00000
0.00003
0.00003
0.00000
0.00003
0.00003
-0.00003
0.00000
0.00000
-0.00006
-0.00006
0.00003
0.00000
0.00000
0.00006
0.00000
-0.00006
0.00000
-0.00003
-0.00012
-0.00003
-0.00003
0.00000
0.00009
0.00009
0.00003
-0.00003
-0.00003
-0.00003
-0.00009
-0.00009
0.00000
-0.00003
-0.00003
0.00000
-0.00006
-0.00009
-0.00006
0.00000
-0.00003
-0.00003
-0.00003
-0.00003
-0.00003
0.00000
0.00000
0.00000
0.00000
-0.00003
-0.00006
-0.00003
-0.00006
-0.00003
-0.00003
-0.00006
-0.00009
-0.00003
-0.00006
-0.00015
-0.00006
0.00000
-0.00006
-0.00006
-0.00003
-0.00009
-0.00009
-0.00009
-0.00006
-0.00003
-0.00009
-0.00006
-0.00009
-0.00003
-0.00006
-0.00006
0.00000
-0.00003
-0.00012
-0.00015
-0.00012
-0.00012
-0.00012
-0.00006
-0.00006
-0.00003
-0.00009
-0.00009
-0.00006
-0.00012
-0.00012
-0.00009
-0.00003
-0.00006
-0.00015
-0.00012
-0.00015
-0.00015
-0.00015
-0.00018
-0.00009
-0.00012
-0.00006
-0.00012
0.00000
-0.00024
-0.00018
0.00012
-0.00082
0.00089
-0.00226
0.00314
-0.00531
-0.00403
-0.14160
-0.10345
0.02048
-0.00162
0.04608
0.05844
0.06152
0.07474
0.06223
-0.01596
-0.03329
-0.02182
-0.02615
-0.01489
0.02774
0.00174
-0.01743
0.01376
0.00079
-0.00693
0.01804
-0.00018
-0.00830
0.01379
0.00406
-0.00452
0.01108
0.01099
-0.00684
0.00308
0.00003
-0.01364
-0.00873
0.00104
-0.00073
0.00052
0.00717
0.00690
0.00644
0.00598
0.00461
-0.00113
-0.00134
-0.00308
-0.00424
-0.00241
0.00198
-0.00095
-0.00357
0.00021
0.00397
0.00067
0.00278
0.00595
0.00250
0.00024
0.00226
0.00031
-0.00183
-0.00269
-0.00299
-0.00308
-0.00198
-0.00092
-0.00235
-0.00043
0.00101
-0.00040
0.00076
0.00162
0.00159
-0.00024
0.00058
0.00168
-0.00027
-0.00113
-0.00070
-0.00192
-0.00171
-0.00247
-0.00183
-0.00217
-0.00146
-0.00113
-0.00110
0.00000
0.00009
-0.00122
-0.00101
-0.00162
-0.00116
-0.00055
-0.00031
0.00000
0.00024
0.00134
0.00116
-0.00085
-0.00150
-0.00299
-0.00342
-0.00333
-0.00311
-0.00098
0.00006
0.00073
0.00018
0.00021
0.00058
-0.00009
-0.00043
-0.00092
-0.00131
-0.00150
-0.00140
-0.00082
-0.00146
-0.00201
-0.00180
-0.00208
-0.00195
-0.00143
-0.00092
-0.00034
0.00034
0.00082
0.00067
0.00012
-0.00052
-0.00128
-0.00122
-0.00110
-0.00162
-0.00180
-0.00183
-0.00217
-0.00244
-0.00162
-0.00037
0.00034
0.00076
0.00079
0.00098
0.00116
0.00104
0.00089
0.00058
0.00000
0.00000
0.00000
0.00000
0.00000
0.00000
0.00000
0.00000
0.00000
0.00000
0.00000
0.00000
0.00000
0.00000
0.00000
0.00000
0.00000
0.00000
0.00000
0.00000
0.00000
0.00000
0.00000
0.00000
0.00000
0.00000
0.00000
0.00000
0.00000
0.00000
0.00000
0.00000
0.00000
0.00000
0.00000
0.00000
0.00000
0.00000
0.00000
0.00000
0.00000
0.00000
0.00000
0.00000
0.00000
0.00000
0.00000
0.00000
0.00000
0.00000
0.00000
0.00000
0.00000
0.00000
0.00000
0.00000
0.00000
0.00000
0.00000
0.00000
0.00000
0.00000
0.00000
0.00000
0.00000
0.00000
0.00000
0.00000
0.00000
0.00000
0.00000
0.00000
0.00000
0.00000
0.00000
0.00000
0.00000
0.00000
0.00000
0.00000
0.00000
0.00000
0.00000
0.00000
0.00000
0.00000
0.00000
0.00000
0.00000
0.00000
0.00000
0.00000
0.00000
0.00000
0.00000
0.00000
0.00000
0.00000
0.00000
0.00000
0.00000
0.00000
0.00000
0.00000
0.00000
0.00000
0.00000
0.00000
0.00000
0.00000
0.00000
0.00000
0.00000
0.00000
0.00000
0.00000
0.00000
0.00000
0.00000
0.00000
0.00000
0.00000
0.00000
0.00000
0.00000
0.00000
0.00000
0.00000
0.00000
0.00000
0.00000
0.00000
0.00000
0.00000
0.00000
0.00000
0.00000
0.00000
0.00000
0.00000
0.00000
0.00000
0.00000
0.00000
0.00000
0.00000
0.00000
0.00000
0.00000
0.00000
0.00000
0.00000
0.00000
0.00000
0.00000
0.00000
0.00000
0.00000
0.00000
0.00000
0.00000
0.00000
0.00000
0.00000
0.00000
0.00000
0.00000
0.00000
0.00000
0.00000
0.00000
0.00000
0.00000
0.00000
0.00000
0.00000
0.00000
0.00000
0.00000
0.00000
0.00000
0.00000
0.00000
0.00000
0.00000
