-0.00021
-0.00018
-0.00018
-0.00015
-0.00012
-0.00012
-0.00012
-0.00012
-0.00015
-0.00021
-0.00021
-0.00018
-0.00012
-0.00015
-0.00009
-0.00003
-0.00009
-0.00015
-0.00018
-0.00015
-0.00021
-0.00018
-0.00009
-0.00012
-0.00018
-0.00018
-0.00015
-0.00015
-0.00015
-0.00015
-0.00009
-0.00012
-0.00015
-0.00018
-0.00021
-0.00018
-0.00021
-0.00012
-0.00009
-0.00012
-0.00009
-0.00012
-0.00015
-0.00012
-0.00009
-0.00009
-0.00012
-0.00015
-0.00018
-0.00021
-0.00021
-0.00021
-0.00015
-0.00015
-0.00021
-0.00018
-0.00018
-0.00015
-0.00015
-0.00012
-0.00015
-0.00012
-0.00021
-0.00021
-0.00018
-0.00015
-0.00012
-0.00009
-0.00006
-0.00009
-0.00009
-0.00009
-0.00009
-0.00009
-0.00006
-0.00006
-0.00009
-0.00012
-0.00012
-0.00009
-0.00012
-0.00015
-0.00015
-0.00015
-0.00021
-0.00021
-0.00015
-0.00015
-0.00015
-0.00012
-0.00009
-0.00009
-0.00015
-0.00012
-0.00009
-0.00006
-0.00003
-0.00006
-0.00009
-0.00015
-0.00024
-0.00024
-0.00021
-0.00015
-0.00009
-0.00006
-0.00012
-0.00012
-0.00006
-0.00009
-0.00012
-0.00006
-0.00003
-0.00003
-0.00006
-0.00006
-0.00009
-0.00012
-0.00012
-0.00015
-0.00018
-0.00015
-0.00015
-0.00012
-0.00009
-0.00009
-0.00006
0.00000
0.00000
-0.00009
-0.00006
-0.00003
-0.00012
-0.00012
-0.00009
-0.00009
-0.00009
-0.00009
-0.00009
-0.00009
-0.00015
-0.00018
-0.00012
-0.00003
-0.00006
-0.00006
0.00000
-0.00003
-0.00012
-0.00009
-0.00006
-0.00006
-0.00006
-0.00006
-0.00003
-0.00003
-0.00006
0.00000
0.00000
-0.00003
0.00000
0.00000
0.00000
-0.00003
-0.00009
-0.00003
-0.00003
-0.00006
-0.00012
-0.00012
-0.00009
-0.00012
-0.00009
-0.00006
-0.00006
-0.00009
-0.00003
0.00000
0.00000
-0.00003
0.00006
-0.00015
0.00012
-0.00052
0.00046
-0.00092
0.00140
-0.00171
0.00095
-0.03482
-0.06320
-0.03168
-0.01767
0.00769
0.02603
0.03778
0.03232
0.03748
0.02481
-0.00357
-0.01410
-0.01910
-0.01187
0.00174
0.00565
-0.00153
0.00525
0.00668
-0.00189
0.00055
0.00565
0.00101
0.00000
0.00247
-0.00043
-0.00006
0.00287
-0.00040
-0.00092
0.00223
-0.00110
-0.00391
-0.00055
0.00192
-0.00043
0.00027
0.00204
0.00235
0.00201
0.00372
0.00357
0.00256
0.00238
0.00082
-0.00104
-0.00085
-0.00076
-0.00180
-0.00076
0.00128
0.00159
0.00189
0.00311
0.00302
0.00128
0.00162
0.00183
0.00079
-0.00021
-0.00049
-0.00067
-0.00116
-0.00052
-0.00034
-0.00052
-0.00003
-0.00021
0.00000
0.00031
0.00073
0.00037
0.00043
0.00101
0.00067
-0.00009
-0.00040
-0.00064
-0.00125
-0.00125
-0.00125
-0.00113
-0.00079
-0.00073
0.00027
0.00040
0.00043
0.00015
-0.00012
-0.00082
-0.00140
-0.00134
-0.00159
-0.00076
-0.00070
-0.00003
0.00079
0.00043
-0.00024
-0.00082
-0.00101
-0.00153
-0.00168
-0.00140
-0.00116
-0.00070
-0.00055
-0.00015
0.00027
0.00006
-0.00034
-0.00040
-0.00046
-0.00079
-0.00095
-0.00092
-0.00113
-0.00113
-0.00082
-0.00082
-0.00101
-0.00113
-0.00122
-0.00113
-0.00092
-0.00064
-0.00018
0.00018
0.00024
-0.00018
-0.00049
-0.00073
-0.00104
-0.00104
-0.00116
-0.00134
-0.00146
-0.00140
-0.00101
-0.00046
-0.00009
0.00003
0.00015
0.00000
-0.00012
-0.00018
0.00000
0.00000
0.00000
0.00000
0.00000
0.00000
0.00000
0.00000
0.00000
0.00000
0.00000
0.00000
0.00000
0.00000
0.00000
0.00000
0.00000
0.00000
0.00000
0.00000
0.00000
0.00000
0.00000
0.00000
0.00000
0.00000
0.00000
0.00000
0.00000
0.00000
0.00000
0.00000
0.00000
0.00000
0.00000
0.00000
0.00000
0.00000
0.00000
0.00000
0.00000
0.00000
0.00000
0.00000
0.00000
0.00000
0.00000
0.00000
0.00000
0.00000
0.00000
0.00000
0.00000
0.00000
0.00000
0.00000
0.00000
0.00000
0.00000
0.00000
0.00000
0.00000
0.00000
0.00000
0.00000
0.00000
0.00000
0.00000
0.00000
0.00000
0.00000
0.00000
0.00000
0.00000
0.00000
0.00000
0.00000
0.00000
0.00000
0.00000
0.00000
0.00000
0.00000
0.00000
0.00000
0.00000
0.00000
0.00000
0.00000
0.00000
0.00000
0.00000
0.00000
0.00000
0.00000
0.00000
0.00000
0.00000
0.00000
0.00000
0.00000
0.00000
0.00000
0.00000
0.00000
0.00000
0.00000
0.00000
0.00000
0.00000
0.00000
0.00000
0.00000
0.00000
0.00000
0.00000
0.00000
0.00000
0.00000
0.00000
0.00000
0.00000
0.00000
0.00000
0.00000
0.00000
0.00000
0.00000
0.00000
0.00000
0.00000
0.00000
0.00000
0.00000
0.00000
0.00000
0.00000
0.00000
0.00000
0.00000
0.00000
0.00000
0.00000
0.00000
0.00000
0.00000
0.00000
0.00000
0.00000
0.00000
0.00000
0.00000
0.00000
0.00000
0.00000
0.00000
0.00000
0.00000
0.00000
0.00000
0.00000
0.00000
0.00000
0.00000
0.00000
0.00000
0.00000
0.00000
0.00000
0.00000
0.00000
0.00000
0.00000
0.00000
0.00000
0.00000
0.00000
