-0.00018
-0.00021
-0.00015
-0.00015
-0.00015
-0.00012
-0.00006
-0.00012
-0.00018
-0.00021
-0.00027
-0.00034
-0.00031
-0.00021
-0.00021
-0.00018
-0.00015
-0.00012
-0.00021
-0.00024
-0.00027
-0.00027
-0.00024
-0.00015
-0.00009
-0.00021
-0.00031
-0.00031
-0.00037
-0.00031
-0.00027
-0.00021
-0.00018
-0.00015
-0.00015
-0.00018
-0.00027
-0.00037
-0.00040
-0.00031
-0.00021
-0.00027
-0.00015
-0.00012
-0.00034
-0.00031
-0.00021
-0.00027
-0.00024
-0.00009
-0.00012
-0.00021
-0.00018
-0.00018
-0.00043
-0.00024
-0.00009
-0.00018
-0.00018
-0.00031
-0.00037
-0.00037
-0.00037
-0.00031
-0.00031
-0.00040
-0.00031
-0.00021
-0.00027
-0.00027
-0.00027
-0.00037
-0.00031
-0.00018
-0.00024
-0.00021
-0.00018
-0.00034
-0.00043
-0.00040
-0.00037
-0.00040
-0.00027
-0.00021
-0.00031
-0.00027
-0.00027
-0.00031
-0.00031
-0.00040
-0.00037
-0.00021
-0.00018
-0.00021
-0.00018
-0.00021
-0.00027
-0.00027
-0.00024
-0.00027
-0.00040
-0.00040
-0.00037
-0.00037
-0.00034
-0.00024
-0.00021
-0.00024
-0.00024
-0.00021
-0.00027
-0.00034
-0.00031
-0.00027
-0.00021
-0.00015
-0.00024
-0.00027
-0.00024
-0.00031
-0.00037
-0.00037
-0.00034
-0.00037
-0.00040
-0.00031
-0.00031
-0.00034
-0.00034
-0.00037
-0.00037
-0.00034
-0.00024
-0.00027
-0.00043
-0.00037
-0.00031
-0.00037
-0.00031
-0.00024
-0.00021
-0.00018
-0.00027
-0.00031
-0.00034
-0.00037
-0.00040
-0.00024
-0.00021
-0.00031
-0.00031
-0.00034
-0.00040
-0.00043
-0.00034
-0.00034
-0.00040
-0.00034
-0.00024
-0.00018
-0.00021
-0.00027
-0.00031
-0.00027
-0.00027
-0.00034
-0.00040
-0.00034
-0.00034
-0.00024
-0.00021
-0.00015
-0.00034
-0.00043
-0.00009
-0.00119
0.00061
-0.00226
0.00275
-0.00473
-0.00504
-0.14832
-0.16089
-0.00345
0.04636
0.10526
0.11200
0.08551
0.05069
0.03049
-0.03561
-0.06415
-0.04901
-0.03033
0.00848
0.04056
0.01675
-0.02200
-0.00302
0.00171
-0.00845
0.01892
0.01254
-0.00256
0.00659
0.00525
0.00043
0.00742
0.00989
-0.00568
-0.00595
-0.00354
-0.01086
-0.00943
-0.00043
0.00159
0.00037
0.00623
0.01169
0.00891
0.00577
0.00595
-0.00247
-0.00729
-0.00793
-0.00525
-0.00272
0.00244
0.00214
-0.00159
0.00021
0.00488
0.00308
0.00357
0.00586
0.00159
-0.00220
-0.00021
0.00024
-0.00113
-0.00195
-0.00119
-0.00232
-0.00323
-0.00159
-0.00232
-0.00162
0.00070
0.00015
0.00107
0.00214
0.00244
-0.00003
0.00055
0.00186
0.00006
-0.00134
-0.00159
-0.00293
-0.00266
-0.00232
-0.00180
-0.00235
-0.00189
-0.00150
-0.00052
0.00079
0.00095
-0.00031
-0.00079
-0.00198
-0.00250
-0.00085
0.00046
0.00107
0.00058
0.00043
0.00052
-0.00104
-0.00232
-0.00287
-0.00330
-0.00293
-0.00159
-0.00040
-0.00040
-0.00031
0.00012
0.00070
0.00067
0.00000
-0.00006
0.00037
-0.00070
-0.00195
-0.00229
-0.00195
-0.00180
-0.00198
-0.00119
-0.00137
-0.00189
-0.00159
-0.00089
0.00015
0.00104
0.00143
0.00131
0.00055
-0.00043
-0.00140
-0.00174
-0.00150
-0.00165
-0.00195
-0.00211
-0.00204
-0.00192
-0.00095
0.00034
0.00113
0.00137
0.00131
0.00134
0.00131
0.00104
0.00064
0.00006
-0.00107
-0.00195
-0.00211
-0.00180
-0.00238
-0.00317
-0.00275
-0.00159
-0.00024
0.00006
0.00067
0.00070
0.00137
0.00201
0.00180
0.00250
0.00259
0.00299
0.00305
0.00183
0.00110
-0.00024
-0.00180
-0.00189
-0.00217
-0.00198
-0.00092
0.00024
0.00073
0.00119
0.00150
0.00113
0.00076
0.00101
0.00098
0.00018
0.00000
0.00000
0.00000
0.00000
0.00000
0.00000
0.00000
0.00000
0.00000
0.00000
0.00000
0.00000
0.00000
0.00000
0.00000
0.00000
0.00000
0.00000
0.00000
0.00000
0.00000
0.00000
0.00000
0.00000
0.00000
0.00000
0.00000
0.00000
0.00000
0.00000
0.00000
0.00000
0.00000
0.00000
0.00000
0.00000
0.00000
0.00000
0.00000
0.00000
0.00000
0.00000
0.00000
0.00000
0.00000
0.00000
0.00000
0.00000
0.00000
0.00000
0.00000
0.00000
0.00000
0.00000
0.00000
0.00000
0.00000
0.00000
0.00000
0.00000
0.00000
0.00000
0.00000
0.00000
0.00000
0.00000
0.00000
0.00000
0.00000
0.00000
0.00000
0.00000
0.00000
0.00000
0.00000
0.00000
0.00000
0.00000
0.00000
0.00000
0.00000
0.00000
0.00000
0.00000
0.00000
0.00000
0.00000
0.00000
0.00000
0.00000
0.00000
0.00000
0.00000
0.00000
0.00000
0.00000
0.00000
0.00000
0.00000
0.00000
0.00000
0.00000
0.00000
0.00000
0.00000
0.00000
0.00000
0.00000
0.00000
0.00000
0.00000
0.00000
0.00000
0.00000
0.00000
0.00000
0.00000
0.00000
0.00000
0.00000
0.00000
0.00000
0.00000
0.00000
0.00000
0.00000
0.00000
0.00000
0.00000
0.00000
0.00000
0.00000
0.00000
0.00000
0.00000
0.00000
0.00000
0.00000
0.00000
0.00000
0.00000
0.00000
0.00000
0.00000
0.00000
0.00000
0.00000
0.00000
