-0.00027
-0.00034
-0.00034
-0.00034
-0.00043
-0.00043
-0.00037
-0.00031
-0.00024
-0.00018
-0.00018
-0.00021
-0.00031
-0.00034
-0.00034
-0.00034
-0.00027
-0.00021
-0.00024
-0.00024
-0.00027
-0.00027
-0.00027
-0.00024
-0.00027
-0.00024
-0.00024
-0.00027
-0.00027
-0.00027
-0.00024
-0.00024
-0.00021
-0.00024
-0.00034
-0.00037
-0.00037
-0.00034
-0.00037
-0.00034
-0.00024
-0.00024
-0.00021
-0.00018
-0.00024
-0.00027
-0.00027
-0.00034
-0.00034
-0.00031
-0.00034
-0.00031
-0.00031
-0.00031
-0.00024
-0.00021
-0.00015
-0.00012
-0.00018
-0.00018
-0.00027
-0.00027
-0.00034
-0.00037
-0.00031
-0.00024
-0.00018
-0.00021
-0.00027
-0.00037
-0.00037
-0.00037
-0.00037
-0.00034
-0.00024
-0.00018
-0.00015
-0.00015
-0.00015
-0.00021
-0.00027
-0.00031
-0.00034
-0.00031
-0.00027
-0.00027
-0.00021
-0.00018
-0.00018
-0.00021
-0.00021
-0.00024
-0.00024
-0.00027
-0.00024
-0.00021
-0.00015
-0.00018
-0.00018
-0.00021
-0.00031
-0.00027
-0.00024
-0.00027
-0.00034
-0.00031
-0.00031
-0.00031
-0.00021
-0.00012
-0.00015
-0.00012
-0.00009
-0.00012
-0.00015
-0.00021
-0.00024
-0.00027
-0.00034
-0.00034
-0.00031
-0.00027
-0.00024
-0.00018
-0.00015
-0.00015
-0.00018
-0.00024
-0.00021
-0.00018
-0.00021
-0.00024
-0.00015
-0.00009
-0.00015
-0.00018
-0.00015
-0.00018
-0.00021
-0.00018
-0.00018
-0.00012
-0.00009
-0.00012
-0.00009
-0.00012
-0.00015
-0.00015
-0.00015
-0.00018
-0.00021
-0.00018
-0.00021
-0.00021
-0.00018
-0.00012
-0.00009
-0.00009
-0.00012
-0.00015
-0.00021
-0.00024
-0.00021
-0.00015
-0.00015
-0.00012
-0.00009
-0.00009
-0.00012
-0.00012
-0.00015
-0.00015
-0.00018
-0.00012
-0.00021
-0.00003
-0.00031
0.00006
-0.00037
0.00018
-0.00049
0.00009
-0.00015
-0.00009
-0.01093
-0.07321
-0.05759
-0.04245
-0.01196
0.03448
0.04370
0.04749
0.04550
0.04535
0.01596
-0.00571
-0.02475
-0.02930
-0.01263
0.00571
0.00003
0.00546
0.01028
0.00079
0.00317
0.00937
0.00296
0.00137
0.00156
-0.00186
-0.00235
-0.00024
-0.00174
-0.00165
0.00351
0.00122
-0.00073
0.00009
0.00150
0.00092
0.00156
0.00223
0.00195
0.00244
0.00427
0.00464
0.00247
-0.00031
-0.00247
-0.00354
-0.00381
-0.00229
-0.00180
-0.00052
0.00162
0.00287
0.00293
0.00415
0.00385
0.00208
0.00150
0.00177
0.00092
-0.00027
-0.00043
-0.00034
-0.00110
-0.00098
-0.00085
-0.00098
-0.00018
-0.00006
0.00003
0.00006
0.00021
0.00018
0.00018
0.00128
0.00110
0.00049
0.00024
-0.00055
-0.00153
-0.00159
-0.00131
-0.00067
-0.00101
-0.00076
-0.00137
-0.00165
0.00034
-0.00034
0.00076
0.00137
0.00006
-0.00003
-0.00113
-0.00125
-0.00223
-0.00073
-0.00076
-0.00006
0.00067
-0.00018
0.00043
-0.00018
-0.00146
-0.00195
-0.00177
-0.00146
-0.00113
0.00003
0.00037
0.00018
0.00012
-0.00027
-0.00049
-0.00034
-0.00055
-0.00076
-0.00067
-0.00110
-0.00134
-0.00125
-0.00137
-0.00128
-0.00119
-0.00089
-0.00058
-0.00018
0.00015
0.00034
0.00052
0.00021
0.00000
0.00000
0.00000
0.00000
0.00000
0.00000
0.00000
0.00000
0.00000
0.00000
0.00000
0.00000
0.00000
0.00000
0.00000
0.00000
0.00000
0.00000
0.00000
0.00000
0.00000
0.00000
0.00000
0.00000
0.00000
0.00000
0.00000
0.00000
0.00000
0.00000
0.00000
0.00000
0.00000
0.00000
0.00000
0.00000
0.00000
0.00000
0.00000
0.00000
0.00000
0.00000
0.00000
0.00000
0.00000
0.00000
0.00000
0.00000
0.00000
0.00000
0.00000
0.00000
0.00000
0.00000
0.00000
0.00000
0.00000
0.00000
0.00000
0.00000
0.00000
0.00000
0.00000
0.00000
0.00000
0.00000
0.00000
0.00000
0.00000
0.00000
0.00000
0.00000
0.00000
0.00000
0.00000
0.00000
0.00000
0.00000
0.00000
0.00000
0.00000
0.00000
0.00000
0.00000
0.00000
0.00000
0.00000
0.00000
0.00000
0.00000
0.00000
0.00000
0.00000
0.00000
0.00000
0.00000
0.00000
0.00000
0.00000
0.00000
0.00000
0.00000
0.00000
0.00000
0.00000
0.00000
0.00000
0.00000
0.00000
0.00000
0.00000
0.00000
0.00000
0.00000
0.00000
0.00000
0.00000
0.00000
0.00000
0.00000
0.00000
0.00000
0.00000
0.00000
0.00000
0.00000
0.00000
0.00000
0.00000
0.00000
0.00000
0.00000
0.00000
0.00000
0.00000
0.00000
0.00000
0.00000
0.00000
0.00000
0.00000
0.00000
0.00000
0.00000
0.00000
0.00000
0.00000
0.00000
0.00000
0.00000
0.00000
0.00000
0.00000
0.00000
0.00000
0.00000
0.00000
0.00000
0.00000
0.00000
0.00000
0.00000
0.00000
0.00000
0.00000
0.00000
0.00000
0.00000
0.00000
0.00000
0.00000
0.00000
0.00000
0.00000
0.00000
0.00000
0.00000
0.00000
0.00000
0.00000
0.00000
0.00000
0.00000
0.00000
0.00000
0.00000
0.00000
0.00000
0.00000
0.00000
0.00000
0.00000
0.00000
0.00000
0.00000
0.00000
0.00000
0.00000
