-0.00021
-0.00018
-0.00018
-0.00018
-0.00024
-0.00024
-0.00021
-0.00024
-0.00021
-0.00015
-0.00009
-0.00009
-0.00012
-0.00015
-0.00021
-0.00024
-0.00027
-0.00024
-0.00018
-0.00021
-0.00012
-0.00012
-0.00018
-0.00018
-0.00015
-0.00021
-0.00018
-0.00015
-0.00018
-0.00015
-0.00012
-0.00015
-0.00015
-0.00015
-0.00024
-0.00031
-0.00024
-0.00021
-0.00024
-0.00021
-0.00009
-0.00012
-0.00015
-0.00015
-0.00015
-0.00015
-0.00012
-0.00006
-0.00006
-0.00015
-0.00024
-0.00024
-0.00024
-0.00031
-0.00031
-0.00021
-0.00021
-0.00024
-0.00021
-0.00015
-0.00018
-0.00031
-0.00027
-0.00024
-0.00027
-0.00024
-0.00021
-0.00018
-0.00021
-0.00021
-0.00021
-0.00018
-0.00021
-0.00024
-0.00021
-0.00012
-0.00012
-0.00006
-0.00003
-0.00012
-0.00018
-0.00021
-0.00024
-0.00031
-0.00034
-0.00031
-0.00018
-0.00012
-0.00012
-0.00015
-0.00015
-0.00021
-0.00024
-0.00021
-0.00021
-0.00024
-0.00027
-0.00024
-0.00024
-0.00027
-0.00024
-0.00015
-0.00012
-0.00018
-0.00018
-0.00018
-0.00021
-0.00024
-0.00024
-0.00021
-0.00021
-0.00024
-0.00018
-0.00018
-0.00021
-0.00021
-0.00018
-0.00018
-0.00018
-0.00015
-0.00018
-0.00021
-0.00027
-0.00031
-0.00024
-0.00021
-0.00021
-0.00021
-0.00024
-0.00031
-0.00037
-0.00034
-0.00034
-0.00031
-0.00027
-0.00024
-0.00024
-0.00021
-0.00027
-0.00031
-0.00027
-0.00024
-0.00021
-0.00015
-0.00021
-0.00024
-0.00021
-0.00024
-0.00027
-0.00031
-0.00034
-0.00034
-0.00031
-0.00024
-0.00021
-0.00015
-0.00021
-0.00027
-0.00031
-0.00034
-0.00034
-0.00027
-0.00018
-0.00015
-0.00015
-0.00012
-0.00015
-0.00015
-0.00018
-0.00021
-0.00021
-0.00021
-0.00024
-0.00021
-0.00021
-0.00024
-0.00021
-0.00015
-0.00012
-0.00012
-0.00018
-0.00009
-0.00015
-0.00027
-0.00034
-0.00031
-0.00031
-0.00021
-0.00018
0.00015
-0.00027
0.00031
-0.00076
-0.00067
-0.01923
-0.03442
-0.02631
-0.02057
-0.00766
0.00894
0.02216
0.02386
0.02594
0.01871
0.00443
-0.00446
-0.01001
-0.00925
-0.00113
0.00195
-0.00055
0.00241
0.00339
0.00037
0.00211
0.00391
0.00104
0.00049
0.00021
-0.00192
-0.00119
0.00085
-0.00070
-0.00073
0.00113
0.00070
0.00046
0.00232
0.00333
0.00275
0.00269
0.00269
0.00223
0.00159
0.00168
0.00122
0.00101
0.00003
-0.00024
-0.00031
-0.00027
0.00052
0.00018
0.00000
0.00067
0.00076
0.00055
0.00134
0.00204
0.00150
0.00125
0.00119
0.00037
0.00012
0.00034
0.00034
0.00012
0.00012
-0.00018
-0.00055
-0.00043
-0.00049
-0.00006
0.00027
0.00027
0.00009
0.00006
0.00031
0.00018
-0.00009
-0.00067
-0.00119
-0.00052
0.00024
0.00031
0.00076
0.00024
-0.00043
-0.00073
-0.00134
-0.00183
-0.00156
-0.00049
-0.00012
0.00000
-0.00049
-0.00058
-0.00037
-0.00082
-0.00104
-0.00107
-0.00067
-0.00052
-0.00037
-0.00015
-0.00055
-0.00113
-0.00122
-0.00104
-0.00076
-0.00064
-0.00058
-0.00012
0.00003
-0.00015
-0.00037
-0.00070
-0.00089
-0.00095
-0.00092
-0.00089
-0.00085
-0.00082
-0.00098
-0.00107
-0.00119
-0.00119
-0.00095
-0.00049
-0.00024
-0.00043
-0.00049
-0.00055
-0.00061
-0.00052
-0.00061
-0.00076
-0.00104
-0.00110
-0.00095
-0.00095
-0.00092
-0.00082
-0.00076
-0.00067
-0.00067
-0.00076
-0.00067
-0.00052
-0.00073
-0.00076
-0.00052
-0.00070
-0.00089
0.00000
0.00000
0.00000
0.00000
0.00000
0.00000
0.00000
0.00000
0.00000
0.00000
0.00000
0.00000
0.00000
0.00000
0.00000
0.00000
0.00000
0.00000
0.00000
0.00000
0.00000
0.00000
0.00000
0.00000
0.00000
0.00000
0.00000
0.00000
0.00000
0.00000
0.00000
0.00000
0.00000
0.00000
0.00000
0.00000
0.00000
0.00000
0.00000
0.00000
0.00000
0.00000
0.00000
0.00000
0.00000
0.00000
0.00000
0.00000
0.00000
0.00000
0.00000
0.00000
0.00000
0.00000
0.00000
0.00000
0.00000
0.00000
0.00000
0.00000
0.00000
0.00000
0.00000
0.00000
0.00000
0.00000
0.00000
0.00000
0.00000
0.00000
0.00000
0.00000
0.00000
0.00000
0.00000
0.00000
0.00000
0.00000
0.00000
0.00000
0.00000
0.00000
0.00000
0.00000
0.00000
0.00000
0.00000
0.00000
0.00000
0.00000
0.00000
0.00000
0.00000
0.00000
0.00000
0.00000
0.00000
0.00000
0.00000
0.00000
0.00000
0.00000
0.00000
0.00000
0.00000
0.00000
0.00000
0.00000
0.00000
0.00000
0.00000
0.00000
0.00000
0.00000
0.00000
0.00000
0.00000
0.00000
0.00000
0.00000
0.00000
0.00000
0.00000
0.00000
0.00000
0.00000
0.00000
0.00000
0.00000
0.00000
0.00000
0.00000
0.00000
0.00000
0.00000
0.00000
0.00000
0.00000
0.00000
0.00000
0.00000
0.00000
0.00000
0.00000
0.00000
0.00000
0.00000
0.00000
0.00000
0.00000
0.00000
0.00000
0.00000
0.00000
0.00000
0.00000
0.00000
0.00000
0.00000
0.00000
0.00000
0.00000
0.00000
0.00000
0.00000
0.00000
0.00000
0.00000
