-0.00027
-0.00021
-0.00021
-0.00021
-0.00018
-0.00018
-0.00018
-0.00015
-0.00018
-0.00018
-0.00015
-0.00012
-0.00012
-0.00018
-0.00018
-0.00024
-0.00024
-0.00018
-0.00015
-0.00021
-0.00021
-0.00012
-0.00009
-0.00012
-0.00015
-0.00018
-0.00021
-0.00024
-0.00021
-0.00015
-0.00018
-0.00018
-0.00018
-0.00015
-0.00018
-0.00018
-0.00018
-0.00018
-0.00018
-0.00021
-0.00018
-0.00015
-0.00015
-0.00015
-0.00015
-0.00012
-0.00009
-0.00009
-0.00012
-0.00009
-0.00018
-0.00018
-0.00015
-0.00031
-0.00012
-0.00012
-0.00015
-0.00012
-0.00021
-0.00024
-0.00018
-0.00018
-0.00012
-0.00012
-0.00021
-0.00015
-0.00015
-0.00021
-0.00015
-0.00012
-0.00015
-0.00012
-0.00009
-0.00018
-0.00015
-0.00012
-0.00018
-0.00015
-0.00009
-0.00012
-0.00015
-0.00009
-0.00015
-0.00024
-0.00018
-0.00012
-0.00018
-0.00012
-0.00018
-0.00018
-0.00012
-0.00009
-0.00012
-0.00015
-0.00012
-0.00006
-0.00012
-0.00012
-0.00009
-0.00018
-0.00018
-0.00006
-0.00006
-0.00012
-0.00012
-0.00012
-0.00015
-0.00015
-0.00015
-0.00015
-0.00012
-0.00009
-0.00015
-0.00015
-0.00012
-0.00018
-0.00018
-0.00009
-0.00012
-0.00012
-0.00006
-0.00009
-0.00015
-0.00015
-0.00015
-0.00018
-0.00012
-0.00009
-0.00015
-0.00012
-0.00009
-0.00018
-0.00018
-0.00012
-0.00009
-0.00012
-0.00015
-0.00006
-0.00012
-0.00009
-0.00015
-0.00021
-0.00021
-0.00018
-0.00018
-0.00015
-0.00009
-0.00009
-0.00009
-0.00006
-0.00006
-0.00012
-0.00021
-0.00012
-0.00006
-0.00012
-0.00012
-0.00006
-0.00006
-0.00021
-0.00021
-0.00009
-0.00012
-0.00009
-0.00003
-0.00009
-0.00006
-0.00009
-0.00006
-0.00021
0.00003
-0.00031
0.00000
-0.00006
-0.00034
0.00049
-0.00137
0.00214
-0.00360
-0.01248
-0.16650
-0.13007
0.01474
0.04099
0.08917
0.09766
0.08002
0.06146
0.03235
-0.04266
-0.05264
-0.04373
-0.02695
0.00809
0.04333
0.01056
-0.02194
0.00327
0.00168
-0.00952
0.01428
0.00143
-0.00516
0.01093
0.00928
0.00778
0.01352
0.00830
-0.00635
-0.00385
-0.00519
-0.01385
-0.01065
-0.00003
0.00153
0.00049
0.00693
0.01276
0.00790
0.00659
0.00659
-0.00201
-0.00693
-0.00668
-0.00455
-0.00189
0.00375
0.00092
-0.00208
0.00089
0.00528
0.00162
0.00339
0.00629
0.00092
-0.00137
0.00140
0.00092
-0.00079
-0.00159
-0.00119
-0.00253
-0.00284
-0.00201
-0.00336
-0.00085
0.00134
0.00015
0.00134
0.00302
0.00253
0.00021
0.00180
0.00220
-0.00024
-0.00180
-0.00195
-0.00275
-0.00198
-0.00198
-0.00140
-0.00204
-0.00174
-0.00150
-0.00027
0.00107
0.00092
-0.00046
-0.00061
-0.00208
-0.00186
-0.00046
0.00098
0.00134
0.00070
0.00104
0.00082
-0.00143
-0.00235
-0.00275
-0.00348
-0.00278
-0.00153
-0.00055
-0.00015
0.00034
0.00085
0.00104
0.00110
-0.00037
-0.00034
0.00061
-0.00082
-0.00180
-0.00177
-0.00128
-0.00159
-0.00162
-0.00104
-0.00168
-0.00189
-0.00162
-0.00082
0.00055
0.00134
0.00159
0.00150
0.00076
-0.00043
-0.00140
-0.00150
-0.00131
-0.00174
-0.00180
-0.00171
-0.00195
-0.00186
-0.00082
0.00052
0.00131
0.00156
0.00153
0.00159
0.00146
0.00110
0.00073
0.00024
0.00000
0.00000
0.00000
0.00000
0.00000
0.00000
0.00000
0.00000
0.00000
0.00000
0.00000
0.00000
0.00000
0.00000
0.00000
0.00000
0.00000
0.00000
0.00000
0.00000
0.00000
0.00000
0.00000
0.00000
0.00000
0.00000
0.00000
0.00000
0.00000
0.00000
0.00000
0.00000
0.00000
0.00000
0.00000
0.00000
0.00000
0.00000
0.00000
0.00000
0.00000
0.00000
0.00000
0.00000
0.00000
0.00000
0.00000
0.00000
0.00000
0.00000
0.00000
0.00000
0.00000
0.00000
0.00000
0.00000
0.00000
0.00000
0.00000
0.00000
0.00000
0.00000
0.00000
0.00000
0.00000
0.00000
0.00000
0.00000
0.00000
0.00000
0.00000
0.00000
0.00000
0.00000
0.00000
0.00000
0.00000
0.00000
0.00000
0.00000
0.00000
0.00000
0.00000
0.00000
0.00000
0.00000
0.00000
0.00000
0.00000
0.00000
0.00000
0.00000
0.00000
0.00000
0.00000
0.00000
0.00000
0.00000
0.00000
0.00000
0.00000
0.00000
0.00000
0.00000
0.00000
0.00000
0.00000
0.00000
0.00000
0.00000
0.00000
0.00000
0.00000
0.00000
0.00000
0.00000
0.00000
0.00000
0.00000
0.00000
0.00000
0.00000
0.00000
0.00000
0.00000
0.00000
0.00000
0.00000
0.00000
0.00000
0.00000
0.00000
0.00000
0.00000
0.00000
0.00000
0.00000
0.00000
0.00000
0.00000
0.00000
0.00000
0.00000
0.00000
0.00000
0.00000
0.00000
0.00000
0.00000
0.00000
0.00000
0.00000
0.00000
0.00000
0.00000
0.00000
0.00000
0.00000
0.00000
0.00000
0.00000
0.00000
0.00000
0.00000
0.00000
0.00000
0.00000
0.00000
0.00000
0.00000
0.00000
0.00000
0.00000
0.00000
0.00000
0.00000
0.00000
0.00000
0.00000
0.00000
0.00000
0.00000
0.00000
0.00000
0.00000
