-0.00018
-0.00021
-0.00021
-0.00012
-0.00003
-0.00012
-0.00015
-0.00012
-0.00012
-0.00018
-0.00012
-0.00009
-0.00018
-0.00012
-0.00012
-0.00012
-0.00012
-0.00012
-0.00015
-0.00009
-0.00009
-0.00012
-0.00009
-0.00012
-0.00012
-0.00018
-0.00018
-0.00015
-0.00015
-0.00009
-0.00009
-0.00009
-0.00012
-0.00018
-0.00021
-0.00018
-0.00015
-0.00009
-0.00009
-0.00015
-0.00012
-0.00015
-0.00015
-0.00021
-0.00021
-0.00012
-0.00015
-0.00015
-0.00009
-0.00009
-0.00012
-0.00018
-0.00015
-0.00006
-0.00027
-0.00021
-0.00006
-0.00015
-0.00012
-0.00015
-0.00018
-0.00018
-0.00018
-0.00015
-0.00012
-0.00009
-0.00006
-0.00006
-0.00012
-0.00006
-0.00012
-0.00015
-0.00015
-0.00018
-0.00018
-0.00012
-0.00009
-0.00012
-0.00009
-0.00009
-0.00015
-0.00018
-0.00018
-0.00015
-0.00015
-0.00009
-0.00003
-0.00003
-0.00003
-0.00012
-0.00018
-0.00012
-0.00015
-0.00021
-0.00018
-0.00015
-0.00009
-0.00006
-0.00009
-0.00003
-0.00006
-0.00012
-0.00009
-0.00009
-0.00015
-0.00018
-0.00009
-0.00012
-0.00012
-0.00009
-0.00009
-0.00009
-0.00009
-0.00006
-0.00012
-0.00012
-0.00009
-0.00012
-0.00012
-0.00009
-0.00009
-0.00012
-0.00009
-0.00009
-0.00006
0.00000
-0.00006
-0.00012
-0.00012
-0.00009
-0.00012
-0.00009
-0.00003
-0.00003
-0.00006
-0.00009
-0.00009
-0.00021
-0.00018
-0.00015
-0.00006
-0.00003
-0.00006
-0.00006
-0.00018
-0.00018
-0.00018
-0.00012
-0.00009
-0.00006
-0.00003
-0.00006
-0.00003
-0.00006
-0.00009
-0.00009
-0.00015
-0.00018
-0.00018
-0.00003
-0.00009
-0.00015
-0.00009
-0.00015
-0.00021
-0.00009
-0.00006
-0.00012
-0.00009
-0.00003
-0.00006
-0.00012
-0.00006
-0.00037
0.00027
-0.00110
0.00122
-0.00232
0.00330
-0.00510
-0.00058
-0.13116
-0.17435
-0.01767
0.04251
0.11017
0.11792
0.08881
0.04788
0.03131
-0.02710
-0.06891
-0.05154
-0.03241
0.00595
0.03799
0.02051
-0.01935
-0.00586
0.00580
-0.00922
0.02145
0.02054
-0.00684
0.00131
0.00220
0.00284
0.00671
0.01028
-0.00452
-0.00604
-0.00150
-0.01028
-0.00946
0.00018
0.00165
-0.00089
0.00708
0.01132
0.00845
0.00543
0.00641
-0.00107
-0.00674
-0.00775
-0.00562
-0.00308
0.00247
0.00241
-0.00116
-0.00012
0.00479
0.00366
0.00372
0.00595
0.00192
-0.00192
-0.00012
0.00037
-0.00116
-0.00177
-0.00110
-0.00189
-0.00281
-0.00113
-0.00189
-0.00168
0.00076
0.00052
0.00128
0.00189
0.00220
-0.00006
0.00021
0.00186
0.00052
-0.00085
-0.00122
-0.00281
-0.00266
-0.00223
-0.00143
-0.00208
-0.00192
-0.00137
-0.00067
0.00061
0.00104
0.00009
-0.00070
-0.00177
-0.00256
-0.00104
0.00037
0.00110
0.00073
0.00067
0.00095
-0.00064
-0.00226
-0.00299
-0.00336
-0.00302
-0.00174
-0.00031
-0.00034
-0.00034
0.00006
0.00073
0.00070
0.00015
0.00009
0.00046
-0.00052
-0.00189
-0.00226
-0.00208
-0.00204
-0.00223
-0.00134
-0.00122
-0.00183
-0.00159
-0.00089
0.00009
0.00101
0.00140
0.00128
0.00052
-0.00049
-0.00143
-0.00177
-0.00162
-0.00192
-0.00217
-0.00211
-0.00208
-0.00189
-0.00092
0.00043
0.00119
0.00134
0.00128
0.00122
0.00116
0.00092
0.00049
-0.00012
-0.00116
-0.00201
-0.00223
-0.00174
-0.00217
-0.00305
-0.00269
-0.00168
-0.00043
-0.00015
0.00037
0.00037
0.00098
0.00171
0.00159
0.00226
0.00241
0.00287
0.00308
0.00192
0.00101
-0.00043
-0.00204
-0.00220
-0.00229
-0.00189
-0.00089
0.00012
0.00043
0.00082
0.00116
0.00085
0.00061
0.00092
0.00095
0.00009
0.00000
0.00000
0.00000
0.00000
0.00000
0.00000
0.00000
0.00000
0.00000
0.00000
0.00000
0.00000
0.00000
0.00000
0.00000
0.00000
0.00000
0.00000
0.00000
0.00000
0.00000
0.00000
0.00000
0.00000
0.00000
0.00000
0.00000
0.00000
0.00000
0.00000
0.00000
0.00000
0.00000
0.00000
0.00000
0.00000
0.00000
0.00000
0.00000
0.00000
0.00000
0.00000
0.00000
0.00000
0.00000
0.00000
0.00000
0.00000
0.00000
0.00000
0.00000
0.00000
0.00000
0.00000
0.00000
0.00000
0.00000
0.00000
0.00000
0.00000
0.00000
0.00000
0.00000
0.00000
0.00000
0.00000
0.00000
0.00000
0.00000
0.00000
0.00000
0.00000
0.00000
0.00000
0.00000
0.00000
0.00000
0.00000
0.00000
0.00000
0.00000
0.00000
0.00000
0.00000
0.00000
0.00000
0.00000
0.00000
0.00000
0.00000
0.00000
0.00000
0.00000
0.00000
0.00000
0.00000
0.00000
0.00000
0.00000
0.00000
0.00000
0.00000
0.00000
0.00000
0.00000
0.00000
0.00000
0.00000
0.00000
0.00000
0.00000
0.00000
0.00000
0.00000
0.00000
0.00000
0.00000
0.00000
0.00000
0.00000
0.00000
0.00000
0.00000
0.00000
0.00000
0.00000
0.00000
0.00000
0.00000
0.00000
0.00000
0.00000
0.00000
0.00000
0.00000
0.00000
0.00000
0.00000
0.00000
0.00000
0.00000
0.00000
0.00000
0.00000
0.00000
0.00000
0.00000
0.00000
