-0.00009
-0.00012
-0.00009
-0.00009
-0.00006
-0.00006
-0.00006
-0.00006
-0.00006
-0.00006
-0.00006
-0.00009
-0.00003
-0.00003
-0.00006
-0.00003
-0.00003
-0.00006
-0.00006
-0.00003
0.00000
-0.00003
0.00000
0.00000
0.00000
-0.00003
-0.00003
0.00000
-0.00006
-0.00006
-0.00006
0.00000
0.00000
0.00000
-0.00003
0.00000
0.00000
-0.00003
-0.00003
-0.00003
0.00000
-0.00003
0.00000
0.00000
-0.00003
0.00000
0.00000
0.00000
0.00000
0.00000
0.00000
0.00000
0.00000
0.00000
0.00003
0.00000
0.00000
-0.00009
0.00006
-0.00003
0.00000
0.00003
0.00000
0.00003
-0.00003
0.00006
0.00006
0.00003
0.00000
0.00006
0.00003
0.00003
0.00006
0.00009
0.00003
0.00003
0.00003
0.00000
0.00006
0.00003
0.00003
0.00006
0.00006
0.00006
0.00003
0.00012
0.00006
0.00003
0.00003
0.00006
0.00006
0.00006
0.00009
0.00009
0.00006
0.00009
0.00012
0.00009
0.00009
0.00009
0.00006
0.00006
0.00012
0.00006
0.00009
0.00009
0.00009
0.00009
0.00009
0.00009
0.00009
0.00009
0.00006
0.00009
0.00009
0.00009
0.00009
0.00006
0.00012
0.00009
0.00009
0.00012
0.00012
0.00009
0.00006
0.00009
0.00009
0.00012
0.00009
0.00009
0.00012
0.00009
0.00012
0.00009
0.00009
0.00009
0.00009
0.00009
0.00015
0.00012
0.00012
0.00012
0.00009
0.00012
0.00009
0.00012
0.00009
0.00006
0.00012
0.00006
0.00009
0.00009
0.00012
0.00012
0.00009
0.00015
0.00012
0.00015
0.00012
0.00009
0.00012
0.00006
0.00012
0.00006
0.00012
0.00012
0.00003
0.00012
0.00012
0.00012
0.00012
0.00009
0.00015
0.00006
0.00021
0.00000
0.00021
0.00009
-0.00024
0.00092
-0.00137
0.00272
-0.00406
-0.00479
-0.10901
-0.06851
-0.03793
-0.00583
0.09625
0.07251
0.08405
0.01053
0.01651
0.00479
0.00241
-0.03027
-0.05328
-0.04092
-0.01382
0.01480
0.03644
0.03952
0.00385
-0.00687
-0.00525
-0.00052
0.00192
-0.00003
0.00067
0.00500
0.00171
0.00128
-0.00412
0.00089
-0.00098
-0.00272
-0.00510
0.00034
0.00397
-0.00024
0.00491
0.00757
0.00549
0.00046
0.00235
-0.00119
-0.00055
-0.00281
-0.00299
-0.00275
0.00122
0.00140
0.00049
0.00198
0.00372
0.00235
0.00281
0.00464
0.00256
-0.00034
-0.00104
0.00070
0.00150
0.00064
-0.00174
-0.00415
-0.00256
-0.00015
0.00082
0.00153
0.00110
0.00046
0.00003
-0.00049
0.00128
0.00128
0.00143
0.00040
-0.00037
-0.00064
-0.00046
-0.00098
-0.00150
-0.00168
0.00000
-0.00125
-0.00143
-0.00085
-0.00006
0.00082
0.00052
0.00006
-0.00073
-0.00085
-0.00113
-0.00119
-0.00189
0.00000
0.00134
0.00031
0.00165
-0.00031
-0.00085
0.00049
-0.00186
-0.00327
-0.00244
-0.00183
-0.00162
0.00018
0.00131
0.00125
0.00104
-0.00018
-0.00052
0.00027
-0.00021
-0.00204
-0.00174
-0.00089
-0.00076
-0.00040
-0.00134
-0.00259
-0.00217
-0.00122
-0.00006
0.00067
0.00079
0.00052
0.00000
0.00018
-0.00003
0.00000
-0.00067
-0.00168
-0.00186
-0.00204
-0.00204
-0.00177
-0.00101
0.00024
0.00067
0.00055
0.00043
0.00040
0.00082
0.00082
0.00092
0.00031
0.00000
0.00000
0.00000
0.00000
0.00000
0.00000
0.00000
0.00000
0.00000
0.00000
0.00000
0.00000
0.00000
0.00000
0.00000
0.00000
0.00000
0.00000
0.00000
0.00000
0.00000
0.00000
0.00000
0.00000
0.00000
0.00000
0.00000
0.00000
0.00000
0.00000
0.00000
0.00000
0.00000
0.00000
0.00000
0.00000
0.00000
0.00000
0.00000
0.00000
0.00000
0.00000
0.00000
0.00000
0.00000
0.00000
0.00000
0.00000
0.00000
0.00000
0.00000
0.00000
0.00000
0.00000
0.00000
0.00000
0.00000
0.00000
0.00000
0.00000
0.00000
0.00000
0.00000
0.00000
0.00000
0.00000
0.00000
0.00000
0.00000
0.00000
0.00000
0.00000
0.00000
0.00000
0.00000
0.00000
0.00000
0.00000
0.00000
0.00000
0.00000
0.00000
0.00000
0.00000
0.00000
0.00000
0.00000
0.00000
0.00000
0.00000
0.00000
0.00000
0.00000
0.00000
0.00000
0.00000
0.00000
0.00000
0.00000
0.00000
0.00000
0.00000
0.00000
0.00000
0.00000
0.00000
0.00000
0.00000
0.00000
0.00000
0.00000
0.00000
0.00000
0.00000
0.00000
0.00000
0.00000
0.00000
0.00000
0.00000
0.00000
0.00000
0.00000
0.00000
0.00000
0.00000
0.00000
0.00000
0.00000
0.00000
0.00000
0.00000
0.00000
0.00000
0.00000
0.00000
0.00000
0.00000
0.00000
0.00000
0.00000
0.00000
0.00000
0.00000
0.00000
0.00000
0.00000
0.00000
0.00000
0.00000
0.00000
0.00000
0.00000
0.00000
0.00000
0.00000
0.00000
0.00000
0.00000
0.00000
0.00000
0.00000
0.00000
0.00000
0.00000
0.00000
0.00000
0.00000
0.00000
0.00000
0.00000
0.00000
0.00000
0.00000
0.00000
0.00000
0.00000
0.00000
0.00000
0.00000
0.00000
0.00000
