-0.00027
-0.00027
-0.00027
-0.00031
-0.00031
-0.00027
-0.00027
-0.00027
-0.00027
-0.00027
-0.00031
-0.00034
-0.00031
-0.00031
-0.00031
-0.00031
-0.00027
-0.00027
-0.00031
-0.00027
-0.00027
-0.00027
-0.00034
-0.00031
-0.00031
-0.00034
-0.00034
-0.00034
-0.00031
-0.00031
-0.00034
-0.00034
-0.00034
-0.00037
-0.00046
-0.00034
-0.00037
-0.00034
-0.00034
-0.00034
-0.00031
-0.00034
-0.00034
-0.00037
-0.00040
-0.00043
-0.00040
-0.00034
-0.00034
-0.00034
-0.00031
-0.00034
-0.00037
-0.00040
-0.00040
-0.00037
-0.00037
-0.00034
-0.00034
-0.00034
-0.00034
-0.00034
-0.00037
-0.00034
-0.00043
-0.00043
-0.00037
-0.00040
-0.00040
-0.00037
-0.00037
-0.00040
-0.00037
-0.00031
-0.00031
-0.00037
-0.00037
-0.00037
-0.00040
-0.00040
-0.00037
-0.00037
-0.00037
-0.00037
-0.00037
-0.00037
-0.00037
-0.00040
-0.00037
-0.00037
-0.00037
-0.00037
-0.00037
-0.00037
-0.00040
-0.00037
-0.00040
-0.00040
-0.00040
-0.00040
-0.00034
-0.00034
-0.00037
-0.00037
-0.00037
-0.00040
-0.00040
-0.00034
-0.00034
-0.00037
-0.00040
-0.00040
-0.00037
-0.00037
-0.00040
-0.00040
-0.00040
-0.00040
-0.00040
-0.00034
-0.00034
-0.00034
-0.00037
-0.00037
-0.00037
-0.00040
-0.00043
-0.00043
-0.00043
-0.00040
-0.00037
-0.00037
-0.00034
-0.00034
-0.00040
-0.00040
-0.00037
-0.00037
-0.00037
-0.00040
-0.00040
-0.00037
-0.00037
-0.00037
-0.00034
-0.00037
-0.00037
-0.00037
-0.00037
-0.00040
-0.00037
-0.00037
-0.00037
-0.00037
-0.00037
-0.00034
-0.00034
-0.00034
-0.00037
-0.00037
-0.00034
-0.00040
-0.00037
-0.00034
-0.00037
-0.00037
-0.00037
-0.00034
-0.00034
-0.00037
-0.00037
-0.00037
-0.00037
-0.00040
-0.00040
-0.00034
-0.00034
-0.00040
-0.00037
-0.00040
-0.00034
-0.00037
-0.00024
-0.00049
-0.00018
-0.00082
0.00003
-0.00128
0.00043
-0.00174
0.00107
-0.02457
-0.04791
-0.03006
-0.03409
0.01071
0.03592
0.04044
0.02597
0.01239
0.01642
0.01041
0.00064
-0.01895
-0.02051
-0.01810
-0.01016
0.00256
0.01938
0.01352
-0.00116
-0.00320
-0.00079
0.00226
0.00092
-0.00336
-0.00125
0.00183
0.00250
0.00089
0.00085
0.00107
-0.00076
0.00015
0.00101
0.00232
-0.00058
-0.00150
0.00143
0.00470
0.00412
0.00308
0.00049
-0.00159
-0.00101
0.00006
0.00003
-0.00067
-0.00101
-0.00101
0.00040
0.00214
0.00208
0.00137
0.00168
0.00156
0.00162
0.00018
0.00052
0.00082
-0.00009
-0.00015
-0.00046
-0.00153
-0.00146
-0.00085
-0.00076
0.00024
0.00107
0.00021
-0.00098
-0.00052
0.00037
0.00110
0.00122
-0.00021
-0.00070
0.00034
0.00006
-0.00061
-0.00107
-0.00098
-0.00156
-0.00153
-0.00153
-0.00061
-0.00082
-0.00046
0.00128
-0.00076
-0.00031
-0.00049
0.00009
0.00000
-0.00143
-0.00241
-0.00143
0.00031
-0.00073
-0.00067
-0.00104
-0.00128
-0.00040
-0.00064
-0.00085
-0.00128
-0.00079
-0.00092
-0.00024
0.00000
-0.00055
-0.00055
-0.00052
-0.00064
-0.00073
-0.00070
-0.00092
-0.00085
-0.00101
-0.00125
-0.00150
-0.00128
-0.00098
-0.00055
-0.00070
-0.00098
-0.00076
-0.00043
-0.00027
-0.00049
-0.00064
-0.00052
-0.00034
-0.00052
0.00000
0.00000
0.00000
0.00000
0.00000
0.00000
0.00000
0.00000
0.00000
0.00000
0.00000
0.00000
0.00000
0.00000
0.00000
0.00000
0.00000
0.00000
0.00000
0.00000
0.00000
0.00000
0.00000
0.00000
0.00000
0.00000
0.00000
0.00000
0.00000
0.00000
0.00000
0.00000
0.00000
0.00000
0.00000
0.00000
0.00000
0.00000
0.00000
0.00000
0.00000
0.00000
0.00000
0.00000
0.00000
0.00000
0.00000
0.00000
0.00000
0.00000
0.00000
0.00000
0.00000
0.00000
0.00000
0.00000
0.00000
0.00000
0.00000
0.00000
0.00000
0.00000
0.00000
0.00000
0.00000
0.00000
0.00000
0.00000
0.00000
0.00000
0.00000
0.00000
0.00000
0.00000
0.00000
0.00000
0.00000
0.00000
0.00000
0.00000
0.00000
0.00000
0.00000
0.00000
0.00000
0.00000
0.00000
0.00000
0.00000
0.00000
0.00000
0.00000
0.00000
0.00000
0.00000
0.00000
0.00000
0.00000
0.00000
0.00000
0.00000
0.00000
0.00000
0.00000
0.00000
0.00000
0.00000
0.00000
0.00000
0.00000
0.00000
0.00000
0.00000
0.00000
0.00000
0.00000
0.00000
0.00000
0.00000
0.00000
0.00000
0.00000
0.00000
0.00000
0.00000
0.00000
0.00000
0.00000
0.00000
0.00000
0.00000
0.00000
0.00000
0.00000
0.00000
0.00000
0.00000
0.00000
0.00000
0.00000
0.00000
0.00000
0.00000
0.00000
0.00000
0.00000
0.00000
0.00000
0.00000
0.00000
0.00000
0.00000
0.00000
0.00000
0.00000
0.00000
0.00000
0.00000
0.00000
0.00000
0.00000
0.00000
0.00000
0.00000
0.00000
0.00000
0.00000
0.00000
0.00000
0.00000
0.00000
0.00000
0.00000
0.00000
0.00000
0.00000
0.00000
0.00000
0.00000
0.00000
0.00000
0.00000
0.00000
0.00000
0.00000
0.00000
0.00000
0.00000
