-0.00018
-0.00015
-0.00012
-0.00015
-0.00018
-0.00024
-0.00027
-0.00024
-0.00024
-0.00024
-0.00021
-0.00015
-0.00015
-0.00018
-0.00018
-0.00021
-0.00021
-0.00024
-0.00027
-0.00027
-0.00027
-0.00027
-0.00024
-0.00024
-0.00018
-0.00018
-0.00018
-0.00018
-0.00021
-0.00024
-0.00027
-0.00027
-0.00031
-0.00024
-0.00031
-0.00021
-0.00024
-0.00024
-0.00021
-0.00024
-0.00024
-0.00027
-0.00027
-0.00031
-0.00031
-0.00031
-0.00027
-0.00027
-0.00024
-0.00027
-0.00031
-0.00034
-0.00034
-0.00040
-0.00040
-0.00037
-0.00034
-0.00034
-0.00031
-0.00031
-0.00027
-0.00024
-0.00027
-0.00031
-0.00027
-0.00027
-0.00031
-0.00027
-0.00024
-0.00024
-0.00031
-0.00027
-0.00031
-0.00034
-0.00034
-0.00034
-0.00034
-0.00034
-0.00034
-0.00031
-0.00027
-0.00027
-0.00024
-0.00024
-0.00031
-0.00031
-0.00034
-0.00027
-0.00027
-0.00027
-0.00024
-0.00024
-0.00027
-0.00034
-0.00037
-0.00040
-0.00046
-0.00049
-0.00046
-0.00043
-0.00037
-0.00037
-0.00037
-0.00034
-0.00034
-0.00037
-0.00037
-0.00037
-0.00034
-0.00034
-0.00031
-0.00031
-0.00031
-0.00031
-0.00037
-0.00037
-0.00037
-0.00037
-0.00040
-0.00037
-0.00034
-0.00037
-0.00037
-0.00037
-0.00034
-0.00034
-0.00034
-0.00031
-0.00034
-0.00037
-0.00037
-0.00037
-0.00034
-0.00040
-0.00040
-0.00037
-0.00037
-0.00037
-0.00037
-0.00037
-0.00034
-0.00031
-0.00027
-0.00024
-0.00027
-0.00031
-0.00034
-0.00034
-0.00040
-0.00043
-0.00043
-0.00043
-0.00040
-0.00037
-0.00034
-0.00027
-0.00027
-0.00034
-0.00034
-0.00037
-0.00043
-0.00049
-0.00046
-0.00043
-0.00043
-0.00040
-0.00037
-0.00034
-0.00031
-0.00031
-0.00031
-0.00034
-0.00037
-0.00040
-0.00040
-0.00034
-0.00037
-0.00034
-0.00031
-0.00031
-0.00034
-0.00043
-0.00040
-0.00040
-0.00043
-0.00037
-0.00034
-0.00027
-0.00027
-0.00031
-0.00031
-0.00055
-0.00043
-0.00073
0.00003
-0.00076
-0.00067
-0.01675
-0.02603
-0.02451
-0.02289
0.00110
0.01578
0.02179
0.01575
0.01300
0.00870
0.00708
-0.00092
-0.01031
-0.01147
-0.01294
-0.00671
-0.00027
0.00830
0.00806
0.00345
0.00229
0.00146
0.00253
0.00424
0.00372
0.00372
0.00134
-0.00055
-0.00177
-0.00110
0.00000
0.00000
-0.00076
-0.00082
0.00000
0.00064
0.00226
0.00259
0.00174
0.00119
0.00223
0.00223
0.00162
0.00089
-0.00006
-0.00049
-0.00134
-0.00180
-0.00055
0.00021
0.00122
0.00079
0.00076
0.00208
0.00238
0.00162
0.00034
0.00003
0.00003
0.00031
0.00009
-0.00150
-0.00174
-0.00040
0.00064
0.00061
0.00046
0.00000
-0.00003
0.00027
0.00043
0.00034
0.00000
-0.00046
-0.00046
-0.00012
0.00003
0.00015
-0.00128
-0.00162
-0.00003
-0.00061
-0.00040
-0.00049
-0.00073
0.00006
0.00018
-0.00073
-0.00134
-0.00006
-0.00082
-0.00165
-0.00107
-0.00092
-0.00058
-0.00040
-0.00049
-0.00052
-0.00003
-0.00079
-0.00143
-0.00058
-0.00046
-0.00101
-0.00134
-0.00107
-0.00040
0.00024
0.00000
-0.00070
-0.00067
-0.00031
0.00000
-0.00012
-0.00070
-0.00140
-0.00153
-0.00113
-0.00079
-0.00073
-0.00113
-0.00122
-0.00089
-0.00049
-0.00037
-0.00058
-0.00067
-0.00052
-0.00021
-0.00009
-0.00018
-0.00070
-0.00131
-0.00131
-0.00073
-0.00064
-0.00113
-0.00134
-0.00104
-0.00064
-0.00034
-0.00031
-0.00052
-0.00079
-0.00089
-0.00067
-0.00061
-0.00079
-0.00085
0.00000
0.00000
0.00000
0.00000
0.00000
0.00000
0.00000
0.00000
0.00000
0.00000
0.00000
0.00000
0.00000
0.00000
0.00000
0.00000
0.00000
0.00000
0.00000
0.00000
0.00000
0.00000
0.00000
0.00000
0.00000
0.00000
0.00000
0.00000
0.00000
0.00000
0.00000
0.00000
0.00000
0.00000
0.00000
0.00000
0.00000
0.00000
0.00000
0.00000
0.00000
0.00000
0.00000
0.00000
0.00000
0.00000
0.00000
0.00000
0.00000
0.00000
0.00000
0.00000
0.00000
0.00000
0.00000
0.00000
0.00000
0.00000
0.00000
0.00000
0.00000
0.00000
0.00000
0.00000
0.00000
0.00000
0.00000
0.00000
0.00000
0.00000
0.00000
0.00000
0.00000
0.00000
0.00000
0.00000
0.00000
0.00000
0.00000
0.00000
0.00000
0.00000
0.00000
0.00000
0.00000
0.00000
0.00000
0.00000
0.00000
0.00000
0.00000
0.00000
0.00000
0.00000
0.00000
0.00000
0.00000
0.00000
0.00000
0.00000
0.00000
0.00000
0.00000
0.00000
0.00000
0.00000
0.00000
0.00000
0.00000
0.00000
0.00000
0.00000
0.00000
0.00000
0.00000
0.00000
0.00000
0.00000
0.00000
0.00000
0.00000
0.00000
0.00000
0.00000
0.00000
0.00000
0.00000
0.00000
0.00000
0.00000
0.00000
0.00000
0.00000
0.00000
0.00000
0.00000
0.00000
0.00000
0.00000
0.00000
0.00000
0.00000
0.00000
0.00000
0.00000
0.00000
0.00000
0.00000
0.00000
0.00000
0.00000
0.00000
0.00000
0.00000
0.00000
0.00000
0.00000
0.00000
0.00000
0.00000
0.00000
0.00000
0.00000
0.00000
0.00000
0.00000
