-0.00006
0.00000
-0.00003
-0.00003
-0.00003
0.00000
0.00000
-0.00003
-0.00006
0.00000
-0.00003
-0.00009
-0.00009
0.00000
-0.00003
-0.00009
-0.00006
-0.00003
0.00000
-0.00003
-0.00003
-0.00003
0.00000
-0.00006
-0.00015
-0.00015
-0.00015
-0.00015
-0.00015
-0.00012
-0.00006
-0.00003
-0.00003
0.00000
-0.00009
-0.00003
-0.00003
-0.00006
-0.00012
-0.00012
-0.00009
-0.00015
-0.00012
-0.00009
-0.00009
-0.00009
-0.00012
-0.00012
-0.00012
-0.00006
-0.00009
-0.00021
-0.00003
-0.00012
-0.00018
-0.00018
-0.00012
-0.00012
-0.00018
-0.00009
-0.00006
-0.00009
-0.00015
-0.00015
-0.00018
-0.00018
-0.00015
-0.00018
-0.00015
-0.00006
-0.00012
-0.00021
-0.00012
-0.00009
-0.00018
-0.00021
-0.00015
-0.00015
-0.00021
-0.00018
-0.00021
-0.00018
-0.00015
-0.00018
-0.00018
-0.00012
-0.00015
-0.00015
-0.00015
-0.00021
-0.00024
-0.00024
-0.00024
-0.00024
-0.00024
-0.00021
-0.00009
-0.00012
-0.00015
-0.00012
-0.00015
-0.00024
-0.00027
-0.00024
-0.00021
-0.00024
-0.00024
-0.00018
-0.00012
-0.00015
-0.00021
-0.00015
-0.00015
-0.00027
-0.00031
-0.00031
-0.00027
-0.00031
-0.00031
-0.00031
-0.00021
-0.00015
-0.00018
-0.00021
-0.00018
-0.00021
-0.00027
-0.00027
-0.00027
-0.00024
-0.00021
-0.00018
-0.00018
-0.00018
-0.00021
-0.00024
-0.00034
-0.00034
-0.00031
-0.00031
-0.00027
-0.00027
-0.00024
-0.00024
-0.00024
-0.00027
-0.00027
-0.00027
-0.00031
-0.00034
-0.00027
-0.00024
-0.00024
-0.00031
-0.00027
-0.00021
-0.00024
-0.00031
-0.00027
-0.00024
-0.00031
-0.00034
-0.00027
-0.00031
-0.00031
-0.00034
-0.00027
-0.00034
-0.00012
-0.00049
-0.00006
-0.00058
-0.00006
-0.00064
-0.00015
-0.00031
-0.00061
-0.01767
-0.09479
-0.03751
0.00732
-0.03946
-0.02850
0.03110
0.07562
0.05887
0.03708
0.02023
0.03369
0.01309
-0.03769
-0.04218
0.00632
-0.00912
-0.02460
0.00394
0.01392
0.01584
0.01187
-0.00418
0.00061
0.01678
0.00092
-0.01294
0.00223
0.00488
-0.01056
-0.00540
-0.00067
0.00095
0.00302
0.00446
0.00217
0.00476
0.00461
0.00067
-0.00046
0.00046
0.00208
0.00082
0.00015
0.00098
-0.00061
-0.00305
-0.00131
-0.00082
-0.00168
-0.00073
0.00064
-0.00150
0.00143
0.00528
0.00177
-0.00055
0.00232
0.00226
-0.00165
-0.00232
0.00006
-0.00119
-0.00162
-0.00226
-0.00217
0.00146
0.00116
-0.00150
-0.00156
0.00049
0.00009
-0.00180
0.00031
0.00171
0.00009
-0.00089
-0.00079
-0.00012
-0.00034
-0.00204
-0.00208
-0.00198
-0.00195
-0.00235
-0.00174
-0.00043
-0.00058
-0.00134
-0.00082
-0.00040
-0.00012
-0.00153
-0.00146
0.00095
0.00021
0.00006
-0.00073
-0.00131
0.00024
-0.00156
-0.00299
-0.00266
-0.00198
-0.00174
-0.00195
-0.00107
0.00006
0.00082
0.00009
-0.00037
0.00058
0.00031
-0.00131
-0.00186
-0.00110
-0.00104
-0.00180
-0.00223
-0.00186
-0.00177
-0.00201
-0.00192
-0.00110
-0.00061
-0.00067
-0.00034
0.00027
0.00043
0.00003
-0.00043
-0.00034
-0.00076
-0.00153
-0.00186
-0.00195
-0.00198
-0.00204
-0.00125
-0.00021
0.00006
-0.00003
0.00021
0.00076
0.00076
0.00046
0.00034
0.00015
-0.00009
0.00000
0.00000
0.00000
0.00000
0.00000
0.00000
0.00000
0.00000
0.00000
0.00000
0.00000
0.00000
0.00000
0.00000
0.00000
0.00000
0.00000
0.00000
0.00000
0.00000
0.00000
0.00000
0.00000
0.00000
0.00000
0.00000
0.00000
0.00000
0.00000
0.00000
0.00000
0.00000
0.00000
0.00000
0.00000
0.00000
0.00000
0.00000
0.00000
0.00000
0.00000
0.00000
0.00000
0.00000
0.00000
0.00000
0.00000
0.00000
0.00000
0.00000
0.00000
0.00000
0.00000
0.00000
0.00000
0.00000
0.00000
0.00000
0.00000
0.00000
0.00000
0.00000
0.00000
0.00000
0.00000
0.00000
0.00000
0.00000
0.00000
0.00000
0.00000
0.00000
0.00000
0.00000
0.00000
0.00000
0.00000
0.00000
0.00000
0.00000
0.00000
0.00000
0.00000
0.00000
0.00000
0.00000
0.00000
0.00000
0.00000
0.00000
0.00000
0.00000
0.00000
0.00000
0.00000
0.00000
0.00000
0.00000
0.00000
0.00000
0.00000
0.00000
0.00000
0.00000
0.00000
0.00000
0.00000
0.00000
0.00000
0.00000
0.00000
0.00000
0.00000
0.00000
0.00000
0.00000
0.00000
0.00000
0.00000
0.00000
0.00000
0.00000
0.00000
0.00000
0.00000
0.00000
0.00000
0.00000
0.00000
0.00000
0.00000
0.00000
0.00000
0.00000
0.00000
0.00000
0.00000
0.00000
0.00000
0.00000
0.00000
0.00000
0.00000
0.00000
0.00000
0.00000
0.00000
0.00000
0.00000
0.00000
0.00000
0.00000
0.00000
0.00000
0.00000
0.00000
0.00000
0.00000
0.00000
0.00000
0.00000
0.00000
0.00000
0.00000
0.00000
0.00000
0.00000
0.00000
0.00000
0.00000
0.00000
0.00000
0.00000
0.00000
0.00000
0.00000
0.00000
0.00000
0.00000
0.00000
0.00000
0.00000
0.00000
0.00000
0.00000
0.00000
