-0.00040
-0.00037
-0.00037
-0.00034
-0.00031
-0.00031
-0.00031
-0.00034
-0.00034
-0.00031
-0.00031
-0.00037
-0.00037
-0.00034
-0.00040
-0.00043
-0.00043
-0.00043
-0.00043
-0.00040
-0.00037
-0.00034
-0.00027
-0.00027
-0.00031
-0.00027
-0.00034
-0.00037
-0.00037
-0.00037
-0.00037
-0.00037
-0.00040
-0.00037
-0.00046
-0.00034
-0.00040
-0.00040
-0.00037
-0.00040
-0.00034
-0.00031
-0.00027
-0.00027
-0.00027
-0.00031
-0.00031
-0.00034
-0.00037
-0.00037
-0.00037
-0.00031
-0.00031
-0.00031
-0.00027
-0.00031
-0.00034
-0.00034
-0.00037
-0.00037
-0.00040
-0.00040
-0.00043
-0.00040
-0.00040
-0.00040
-0.00037
-0.00031
-0.00034
-0.00037
-0.00034
-0.00034
-0.00037
-0.00034
-0.00031
-0.00031
-0.00031
-0.00027
-0.00024
-0.00027
-0.00034
-0.00037
-0.00040
-0.00040
-0.00037
-0.00037
-0.00034
-0.00034
-0.00034
-0.00037
-0.00037
-0.00037
-0.00037
-0.00040
-0.00040
-0.00034
-0.00031
-0.00034
-0.00034
-0.00034
-0.00037
-0.00040
-0.00037
-0.00031
-0.00027
-0.00027
-0.00024
-0.00021
-0.00027
-0.00031
-0.00027
-0.00031
-0.00037
-0.00040
-0.00037
-0.00040
-0.00034
-0.00034
-0.00031
-0.00027
-0.00027
-0.00031
-0.00027
-0.00027
-0.00034
-0.00040
-0.00034
-0.00034
-0.00034
-0.00031
-0.00024
-0.00027
-0.00024
-0.00027
-0.00031
-0.00037
-0.00040
-0.00040
-0.00040
-0.00037
-0.00034
-0.00031
-0.00027
-0.00027
-0.00024
-0.00021
-0.00021
-0.00031
-0.00031
-0.00027
-0.00031
-0.00037
-0.00037
-0.00037
-0.00037
-0.00034
-0.00024
-0.00024
-0.00027
-0.00031
-0.00031
-0.00031
-0.00034
-0.00034
-0.00031
-0.00031
-0.00031
-0.00031
-0.00031
-0.00034
-0.00037
-0.00040
-0.00037
-0.00037
-0.00031
-0.00031
-0.00024
-0.00024
-0.00027
-0.00024
-0.00027
-0.00034
-0.00043
-0.00040
-0.00037
-0.00037
-0.00031
-0.00037
-0.00018
-0.00043
-0.00006
-0.00049
0.00027
-0.00073
0.00006
-0.01227
-0.03104
-0.02011
-0.01599
-0.01520
-0.00842
0.00900
0.02750
0.02759
0.01691
0.00873
0.01028
0.00616
-0.00748
-0.01306
-0.00708
-0.00537
-0.00323
0.00089
0.00449
0.00616
0.00186
-0.00208
0.00137
0.00516
0.00122
-0.00287
-0.00058
0.00137
-0.00024
-0.00134
-0.00153
0.00055
0.00296
0.00339
0.00201
0.00195
0.00165
0.00101
0.00122
0.00214
0.00208
0.00098
0.00024
-0.00006
0.00040
-0.00021
-0.00089
-0.00107
-0.00061
0.00064
0.00095
0.00055
0.00140
0.00226
0.00156
0.00085
0.00113
0.00095
0.00000
-0.00043
-0.00009
0.00000
-0.00034
-0.00076
-0.00064
0.00031
0.00015
-0.00040
-0.00064
-0.00006
0.00003
-0.00018
0.00027
0.00098
0.00058
-0.00098
-0.00092
0.00058
0.00049
-0.00046
-0.00064
-0.00073
0.00000
-0.00061
-0.00146
-0.00159
-0.00171
-0.00125
-0.00067
0.00067
0.00092
-0.00012
-0.00073
-0.00107
-0.00082
-0.00085
-0.00128
-0.00131
-0.00061
0.00003
-0.00012
-0.00067
-0.00082
-0.00110
-0.00140
-0.00116
-0.00067
-0.00003
-0.00003
-0.00024
-0.00034
-0.00061
-0.00107
-0.00125
-0.00089
-0.00064
-0.00076
-0.00073
-0.00064
-0.00082
-0.00107
-0.00131
-0.00122
-0.00092
-0.00061
-0.00052
-0.00061
-0.00055
-0.00034
-0.00018
-0.00015
-0.00040
-0.00064
-0.00092
-0.00119
-0.00137
-0.00122
-0.00073
-0.00055
-0.00073
-0.00076
-0.00055
-0.00055
-0.00073
-0.00092
-0.00070
-0.00055
-0.00070
-0.00076
-0.00085
-0.00067
0.00000
0.00000
0.00000
0.00000
0.00000
0.00000
0.00000
0.00000
0.00000
0.00000
0.00000
0.00000
0.00000
0.00000
0.00000
0.00000
0.00000
0.00000
0.00000
0.00000
0.00000
0.00000
0.00000
0.00000
0.00000
0.00000
0.00000
0.00000
0.00000
0.00000
0.00000
0.00000
0.00000
0.00000
0.00000
0.00000
0.00000
0.00000
0.00000
0.00000
0.00000
0.00000
0.00000
0.00000
0.00000
0.00000
0.00000
0.00000
0.00000
0.00000
0.00000
0.00000
0.00000
0.00000
0.00000
0.00000
0.00000
0.00000
0.00000
0.00000
0.00000
0.00000
0.00000
0.00000
0.00000
0.00000
0.00000
0.00000
0.00000
0.00000
0.00000
0.00000
0.00000
0.00000
0.00000
0.00000
0.00000
0.00000
0.00000
0.00000
0.00000
0.00000
0.00000
0.00000
0.00000
0.00000
0.00000
0.00000
0.00000
0.00000
0.00000
0.00000
0.00000
0.00000
0.00000
0.00000
0.00000
0.00000
0.00000
0.00000
0.00000
0.00000
0.00000
0.00000
0.00000
0.00000
0.00000
0.00000
0.00000
0.00000
0.00000
0.00000
0.00000
0.00000
0.00000
0.00000
0.00000
0.00000
0.00000
0.00000
0.00000
0.00000
0.00000
0.00000
0.00000
0.00000
0.00000
0.00000
0.00000
0.00000
0.00000
0.00000
0.00000
0.00000
0.00000
0.00000
0.00000
0.00000
0.00000
0.00000
0.00000
0.00000
0.00000
0.00000
0.00000
0.00000
0.00000
0.00000
0.00000
0.00000
0.00000
0.00000
0.00000
0.00000
0.00000
0.00000
0.00000
0.00000
0.00000
0.00000
0.00000
0.00000
0.00000
0.00000
0.00000
