0.00006
0.00009
0.00012
0.00009
0.00009
0.00006
0.00006
0.00006
0.00003
0.00003
0.00003
0.00003
0.00003
0.00003
0.00006
0.00006
0.00006
0.00006
0.00006
0.00006
0.00009
0.00006
0.00003
0.00003
0.00006
0.00003
0.00003
0.00003
0.00003
0.00003
0.00003
0.00006
0.00003
0.00006
0.00000
0.00003
0.00003
0.00000
0.00003
0.00003
0.00006
0.00000
0.00000
0.00000
0.00000
-0.00003
0.00000
0.00000
0.00000
0.00003
0.00003
0.00006
0.00003
0.00000
0.00003
0.00000
-0.00003
-0.00003
0.00000
0.00000
0.00000
0.00000
0.00000
0.00000
0.00000
0.00000
0.00000
0.00000
0.00000
-0.00003
0.00000
0.00000
0.00000
0.00000
0.00000
-0.00003
-0.00003
-0.00003
-0.00003
0.00000
0.00000
0.00000
0.00000
0.00000
0.00000
-0.00003
-0.00006
-0.00003
-0.00003
-0.00006
-0.00006
-0.00006
-0.00003
-0.00006
-0.00006
-0.00006
-0.00006
-0.00006
-0.00006
-0.00003
-0.00003
-0.00006
-0.00006
-0.00003
-0.00006
-0.00009
-0.00006
-0.00003
-0.00009
-0.00012
-0.00009
-0.00009
-0.00012
-0.00009
-0.00009
-0.00006
-0.00006
-0.00006
-0.00006
-0.00006
-0.00009
-0.00012
-0.00012
-0.00012
-0.00015
-0.00015
-0.00009
-0.00009
-0.00012
-0.00006
-0.00009
-0.00012
-0.00015
-0.00012
-0.00012
-0.00012
-0.00012
-0.00012
-0.00015
-0.00015
-0.00015
-0.00015
-0.00015
-0.00015
-0.00015
-0.00015
-0.00015
-0.00015
-0.00012
-0.00012
-0.00015
-0.00018
-0.00018
-0.00018
-0.00018
-0.00018
-0.00018
-0.00018
-0.00021
-0.00018
-0.00018
-0.00018
-0.00018
-0.00018
-0.00018
-0.00021
-0.00021
-0.00021
-0.00021
-0.00024
-0.00024
-0.00021
-0.00018
-0.00024
-0.00024
-0.00021
-0.00021
-0.00024
-0.00024
-0.00018
-0.00027
-0.00009
-0.00046
-0.00012
-0.00085
0.00049
-0.00137
-0.00165
-0.03665
-0.05286
-0.02271
-0.01474
-0.01144
-0.00299
0.03745
0.05762
0.04227
0.01736
0.00079
0.00763
-0.00192
-0.02164
-0.02036
-0.00433
-0.00323
-0.00339
0.00848
0.01248
0.01080
-0.00140
-0.00897
-0.00168
0.00693
0.00238
-0.00293
0.00342
0.00287
-0.00272
-0.00262
0.00018
0.00073
0.00217
0.00079
-0.00266
0.00018
0.00162
-0.00006
0.00024
0.00201
0.00122
0.00034
0.00162
0.00150
0.00058
0.00046
-0.00043
-0.00128
-0.00055
0.00040
-0.00027
0.00034
0.00226
0.00333
0.00192
0.00098
0.00131
0.00092
-0.00034
-0.00089
-0.00064
-0.00082
-0.00128
-0.00177
-0.00095
0.00049
0.00009
-0.00058
-0.00034
0.00009
-0.00064
-0.00067
0.00055
0.00128
0.00049
-0.00058
-0.00076
-0.00043
-0.00101
-0.00159
-0.00262
-0.00070
-0.00040
-0.00150
-0.00034
-0.00082
0.00006
0.00000
-0.00064
-0.00055
-0.00119
-0.00134
-0.00171
-0.00055
0.00003
-0.00027
-0.00018
-0.00064
-0.00058
-0.00058
-0.00146
-0.00214
-0.00153
-0.00153
-0.00171
-0.00116
-0.00031
0.00027
0.00031
-0.00012
-0.00067
-0.00070
-0.00089
-0.00107
-0.00101
-0.00116
-0.00171
-0.00156
-0.00134
-0.00131
-0.00156
-0.00150
-0.00122
-0.00079
-0.00055
-0.00061
-0.00040
-0.00012
-0.00003
-0.00009
0.00000
0.00000
0.00000
0.00000
0.00000
0.00000
0.00000
0.00000
0.00000
0.00000
0.00000
0.00000
0.00000
0.00000
0.00000
0.00000
0.00000
0.00000
0.00000
0.00000
0.00000
0.00000
0.00000
0.00000
0.00000
0.00000
0.00000
0.00000
0.00000
0.00000
0.00000
0.00000
0.00000
0.00000
0.00000
0.00000
0.00000
0.00000
0.00000
0.00000
0.00000
0.00000
0.00000
0.00000
0.00000
0.00000
0.00000
0.00000
0.00000
0.00000
0.00000
0.00000
0.00000
0.00000
0.00000
0.00000
0.00000
0.00000
0.00000
0.00000
0.00000
0.00000
0.00000
0.00000
0.00000
0.00000
0.00000
0.00000
0.00000
0.00000
0.00000
0.00000
0.00000
0.00000
0.00000
0.00000
0.00000
0.00000
0.00000
0.00000
0.00000
0.00000
0.00000
0.00000
0.00000
0.00000
0.00000
0.00000
0.00000
0.00000
0.00000
0.00000
0.00000
0.00000
0.00000
0.00000
0.00000
0.00000
0.00000
0.00000
0.00000
0.00000
0.00000
0.00000
0.00000
0.00000
0.00000
0.00000
0.00000
0.00000
0.00000
0.00000
0.00000
0.00000
0.00000
0.00000
0.00000
0.00000
0.00000
0.00000
0.00000
0.00000
0.00000
0.00000
0.00000
0.00000
0.00000
0.00000
0.00000
0.00000
0.00000
0.00000
0.00000
0.00000
0.00000
0.00000
0.00000
0.00000
0.00000
0.00000
0.00000
0.00000
0.00000
0.00000
0.00000
0.00000
0.00000
0.00000
0.00000
0.00000
0.00000
0.00000
0.00000
0.00000
0.00000
0.00000
0.00000
0.00000
0.00000
0.00000
0.00000
0.00000
0.00000
0.00000
0.00000
0.00000
0.00000
0.00000
0.00000
0.00000
0.00000
0.00000
0.00000
0.00000
0.00000
0.00000
0.00000
0.00000
0.00000
0.00000
0.00000
0.00000
0.00000
0.00000
0.00000
0.00000
0.00000
0.00000
0.00000
0.00000
0.00000
0.00000
0.00000
