-0.00015
-0.00021
-0.00024
-0.00021
-0.00024
-0.00021
-0.00015
-0.00018
-0.00021
-0.00015
-0.00012
-0.00027
-0.00024
-0.00018
-0.00018
-0.00018
-0.00012
-0.00012
-0.00012
-0.00009
-0.00009
-0.00015
-0.00021
-0.00024
-0.00024
-0.00027
-0.00027
-0.00021
-0.00021
-0.00021
-0.00018
-0.00006
-0.00006
-0.00006
-0.00012
-0.00012
-0.00015
-0.00021
-0.00024
-0.00024
-0.00018
-0.00018
-0.00021
-0.00012
-0.00006
-0.00006
-0.00006
-0.00006
-0.00009
-0.00012
-0.00009
-0.00027
-0.00012
-0.00015
-0.00031
-0.00015
-0.00018
-0.00009
-0.00012
-0.00009
-0.00009
-0.00009
-0.00009
-0.00012
-0.00015
-0.00018
-0.00012
-0.00009
-0.00009
-0.00006
-0.00009
-0.00015
-0.00009
-0.00009
-0.00018
-0.00021
-0.00021
-0.00021
-0.00027
-0.00021
-0.00012
-0.00012
-0.00006
0.00000
0.00000
0.00000
-0.00003
-0.00003
-0.00009
-0.00015
-0.00021
-0.00021
-0.00015
-0.00015
-0.00018
-0.00012
-0.00003
-0.00009
-0.00012
-0.00003
-0.00006
-0.00006
-0.00012
-0.00009
-0.00009
-0.00009
-0.00009
-0.00009
0.00000
-0.00006
-0.00006
-0.00003
-0.00009
-0.00018
-0.00018
-0.00012
-0.00018
-0.00018
-0.00012
-0.00003
-0.00006
-0.00003
0.00000
0.00000
0.00000
-0.00003
-0.00003
0.00000
-0.00003
-0.00006
-0.00009
-0.00012
-0.00012
-0.00009
-0.00006
0.00000
-0.00003
0.00000
-0.00003
-0.00009
-0.00003
-0.00009
-0.00018
-0.00021
-0.00012
-0.00009
-0.00009
0.00000
0.00003
0.00003
0.00000
0.00003
0.00000
-0.00003
-0.00006
-0.00009
-0.00003
-0.00003
-0.00003
0.00000
-0.00003
-0.00003
-0.00006
-0.00009
0.00000
-0.00003
-0.00003
-0.00009
0.00009
-0.00006
-0.00006
0.00003
-0.00043
0.00046
-0.00116
0.00150
-0.00220
-0.01047
-0.11172
-0.08414
0.01682
-0.03610
0.01514
0.05264
0.09845
0.08069
0.01523
0.00107
0.01862
0.02606
-0.05713
-0.06906
-0.00830
0.00827
0.00171
0.01645
0.01657
0.01318
0.00577
-0.01553
-0.00711
0.02029
0.00809
-0.00839
0.00586
0.01132
-0.00131
-0.00659
-0.00226
-0.00308
-0.00223
-0.00375
-0.00446
0.00067
0.00818
0.00882
0.00571
0.00473
0.00540
0.00049
-0.00113
-0.00241
-0.00470
-0.00436
-0.00125
-0.00125
-0.00165
0.00208
0.00314
0.00183
0.00348
0.00638
0.00244
-0.00027
-0.00027
0.00052
0.00027
-0.00122
-0.00116
-0.00092
-0.00351
-0.00394
-0.00177
0.00067
0.00214
-0.00116
-0.00070
0.00174
0.00317
0.00089
0.00040
0.00208
-0.00015
-0.00153
-0.00134
-0.00122
-0.00101
-0.00220
-0.00162
-0.00101
-0.00085
-0.00171
-0.00143
0.00098
-0.00027
-0.00168
-0.00092
-0.00037
-0.00037
-0.00101
-0.00027
0.00089
0.00101
0.00049
-0.00107
-0.00037
-0.00018
-0.00217
-0.00296
-0.00354
-0.00137
0.00052
-0.00107
-0.00049
0.00034
0.00119
0.00125
-0.00003
0.00024
0.00003
-0.00146
-0.00266
-0.00098
0.00070
-0.00125
-0.00238
-0.00211
-0.00186
-0.00146
-0.00146
-0.00119
0.00000
0.00061
0.00043
0.00046
0.00089
0.00031
-0.00015
-0.00012
-0.00082
-0.00195
-0.00262
-0.00259
-0.00186
-0.00134
-0.00055
0.00043
0.00082
0.00085
0.00070
0.00116
0.00113
0.00079
0.00052
0.00000
-0.00046
-0.00076
-0.00061
-0.00092
-0.00198
-0.00253
-0.00226
-0.00165
-0.00140
-0.00146
-0.00079
0.00000
0.00043
0.00070
0.00140
0.00192
0.00226
0.00211
0.00150
0.00223
0.00235
0.00177
0.00146
0.00000
-0.00095
-0.00168
-0.00244
-0.00150
-0.00049
0.00018
0.00040
0.00040
0.00098
0.00067
0.00000
-0.00021
-0.00046
-0.00058
-0.00049
-0.00034
0.00018
0.00107
0.00107
0.00055
0.00070
0.00043
-0.00037
-0.00079
-0.00049
-0.00024
-0.00055
0.00000
0.00085
0.00104
0.00101
0.00049
0.00024
0.00027
-0.00024
-0.00031
-0.00031
-0.00034
-0.00095
-0.00150
-0.00146
-0.00156
-0.00095
-0.00046
-0.00015
0.00000
0.00000
0.00000
0.00000
0.00000
0.00000
0.00000
0.00000
0.00000
0.00000
0.00000
0.00000
0.00000
0.00000
0.00000
0.00000
0.00000
0.00000
0.00000
0.00000
0.00000
0.00000
0.00000
0.00000
0.00000
0.00000
0.00000
0.00000
0.00000
0.00000
0.00000
0.00000
0.00000
0.00000
0.00000
0.00000
0.00000
0.00000
0.00000
0.00000
0.00000
0.00000
0.00000
0.00000
0.00000
0.00000
0.00000
0.00000
0.00000
0.00000
0.00000
0.00000
0.00000
0.00000
0.00000
0.00000
0.00000
0.00000
0.00000
0.00000
0.00000
0.00000
0.00000
0.00000
0.00000
0.00000
0.00000
0.00000
0.00000
0.00000
0.00000
0.00000
0.00000
0.00000
0.00000
0.00000
0.00000
0.00000
0.00000
0.00000
0.00000
0.00000
0.00000
0.00000
0.00000
0.00000
0.00000
0.00000
0.00000
0.00000
0.00000
0.00000
0.00000
0.00000
0.00000
0.00000
0.00000
0.00000
0.00000
0.00000
0.00000
0.00000
0.00000
0.00000
0.00000
0.00000
0.00000
0.00000
0.00000
0.00000
0.00000
0.00000
0.00000
0.00000
0.00000
0.00000
0.00000
0.00000
