-0.00031
-0.00031
-0.00031
-0.00027
-0.00024
-0.00024
-0.00024
-0.00024
-0.00024
-0.00024
-0.00024
-0.00027
-0.00024
-0.00027
-0.00024
-0.00024
-0.00024
-0.00024
-0.00024
-0.00024
-0.00024
-0.00024
-0.00024
-0.00021
-0.00021
-0.00021
-0.00024
-0.00021
-0.00021
-0.00027
-0.00027
-0.00027
-0.00027
-0.00021
-0.00031
-0.00018
-0.00018
-0.00021
-0.00018
-0.00024
-0.00021
-0.00021
-0.00024
-0.00024
-0.00024
-0.00024
-0.00018
-0.00021
-0.00018
-0.00018
-0.00021
-0.00021
-0.00021
-0.00021
-0.00021
-0.00021
-0.00021
-0.00012
-0.00024
-0.00012
-0.00021
-0.00021
-0.00015
-0.00024
-0.00018
-0.00018
-0.00012
-0.00015
-0.00015
-0.00015
-0.00018
-0.00021
-0.00018
-0.00012
-0.00015
-0.00018
-0.00018
-0.00021
-0.00024
-0.00018
-0.00018
-0.00018
-0.00015
-0.00015
-0.00012
-0.00015
-0.00009
-0.00015
-0.00018
-0.00018
-0.00021
-0.00018
-0.00015
-0.00015
-0.00018
-0.00021
-0.00018
-0.00015
-0.00018
-0.00018
-0.00015
-0.00015
-0.00015
-0.00009
-0.00012
-0.00015
-0.00015
-0.00018
-0.00018
-0.00021
-0.00018
-0.00018
-0.00018
-0.00018
-0.00012
-0.00015
-0.00018
-0.00012
-0.00018
-0.00015
-0.00015
-0.00012
-0.00012
-0.00015
-0.00012
-0.00015
-0.00015
-0.00018
-0.00018
-0.00015
-0.00015
-0.00015
-0.00015
-0.00012
-0.00012
-0.00012
-0.00015
-0.00012
-0.00015
-0.00015
-0.00012
-0.00012
-0.00009
-0.00012
-0.00012
-0.00015
-0.00018
-0.00015
-0.00018
-0.00012
-0.00012
-0.00006
-0.00009
-0.00009
-0.00006
-0.00006
-0.00006
-0.00015
-0.00012
-0.00015
-0.00015
-0.00012
-0.00012
-0.00006
-0.00006
-0.00009
-0.00006
-0.00012
-0.00012
-0.00012
-0.00012
-0.00009
-0.00009
-0.00009
-0.00003
-0.00006
0.00000
-0.00031
0.00034
-0.00104
0.00137
-0.00253
0.00345
-0.00552
0.00311
-0.07901
-0.08020
-0.03333
-0.03366
0.08081
0.06937
0.07797
0.02234
0.01031
0.00851
0.00424
-0.01566
-0.04578
-0.03616
-0.02197
0.00571
0.02316
0.04312
0.00848
-0.00665
-0.00653
-0.00195
0.00446
0.00259
-0.00052
0.00244
0.00269
0.00015
-0.00369
0.00040
-0.00104
-0.00409
-0.00327
-0.00043
0.00406
0.00061
0.00269
0.00391
0.00613
0.00183
0.00293
-0.00076
-0.00024
-0.00107
-0.00180
-0.00250
-0.00098
0.00095
0.00031
0.00159
0.00278
0.00156
0.00128
0.00415
0.00336
0.00116
-0.00003
0.00034
0.00067
-0.00018
-0.00128
-0.00217
-0.00320
-0.00122
0.00000
0.00098
0.00159
0.00079
0.00055
-0.00110
0.00061
0.00064
0.00116
0.00082
-0.00079
-0.00082
0.00006
-0.00043
-0.00122
-0.00165
-0.00073
-0.00137
-0.00171
-0.00119
-0.00046
0.00095
0.00067
0.00000
-0.00031
-0.00082
-0.00113
-0.00244
-0.00125
0.00043
-0.00110
0.00143
0.00101
0.00021
0.00101
-0.00116
-0.00229
-0.00211
-0.00272
-0.00287
-0.00143
0.00003
0.00055
0.00168
0.00070
-0.00058
0.00052
0.00027
-0.00134
-0.00162
-0.00165
-0.00116
-0.00034
-0.00061
-0.00168
-0.00217
-0.00195
-0.00162
-0.00012
0.00076
0.00058
0.00024
-0.00027
-0.00052
-0.00031
-0.00012
-0.00031
0.00000
0.00000
0.00000
0.00000
0.00000
0.00000
0.00000
0.00000
0.00000
0.00000
0.00000
0.00000
0.00000
0.00000
0.00000
0.00000
0.00000
0.00000
0.00000
0.00000
0.00000
0.00000
0.00000
0.00000
0.00000
0.00000
0.00000
0.00000
0.00000
0.00000
0.00000
0.00000
0.00000
0.00000
0.00000
0.00000
0.00000
0.00000
0.00000
0.00000
0.00000
0.00000
0.00000
0.00000
0.00000
0.00000
0.00000
0.00000
0.00000
0.00000
0.00000
0.00000
0.00000
0.00000
0.00000
0.00000
0.00000
0.00000
0.00000
0.00000
0.00000
0.00000
0.00000
0.00000
0.00000
0.00000
0.00000
0.00000
0.00000
0.00000
0.00000
0.00000
0.00000
0.00000
0.00000
0.00000
0.00000
0.00000
0.00000
0.00000
0.00000
0.00000
0.00000
0.00000
0.00000
0.00000
0.00000
0.00000
0.00000
0.00000
0.00000
0.00000
0.00000
0.00000
0.00000
0.00000
0.00000
0.00000
0.00000
0.00000
0.00000
0.00000
0.00000
0.00000
0.00000
0.00000
0.00000
0.00000
0.00000
0.00000
0.00000
0.00000
0.00000
0.00000
0.00000
0.00000
0.00000
0.00000
0.00000
0.00000
0.00000
0.00000
0.00000
0.00000
0.00000
0.00000
0.00000
0.00000
0.00000
0.00000
0.00000
0.00000
0.00000
0.00000
0.00000
0.00000
0.00000
0.00000
0.00000
0.00000
0.00000
0.00000
0.00000
0.00000
0.00000
0.00000
0.00000
0.00000
0.00000
0.00000
0.00000
0.00000
0.00000
0.00000
0.00000
0.00000
0.00000
0.00000
0.00000
0.00000
0.00000
0.00000
0.00000
0.00000
0.00000
0.00000
0.00000
0.00000
0.00000
0.00000
0.00000
0.00000
0.00000
0.00000
0.00000
0.00000
0.00000
0.00000
0.00000
0.00000
0.00000
0.00000
0.00000
0.00000
0.00000
0.00000
0.00000
0.00000
0.00000
0.00000
0.00000
0.00000
0.00000
0.00000
0.00000
0.00000
