-0.00027
-0.00031
-0.00027
-0.00021
-0.00021
-0.00024
-0.00024
-0.00027
-0.00034
-0.00034
-0.00031
-0.00034
-0.00034
-0.00027
-0.00031
-0.00031
-0.00031
-0.00027
-0.00034
-0.00034
-0.00037
-0.00034
-0.00027
-0.00031
-0.00034
-0.00027
-0.00024
-0.00027
-0.00031
-0.00021
-0.00024
-0.00027
-0.00027
-0.00027
-0.00037
-0.00024
-0.00027
-0.00031
-0.00027
-0.00031
-0.00031
-0.00034
-0.00031
-0.00031
-0.00034
-0.00034
-0.00031
-0.00034
-0.00037
-0.00034
-0.00034
-0.00027
-0.00027
-0.00027
-0.00043
-0.00037
-0.00031
-0.00043
-0.00040
-0.00034
-0.00031
-0.00037
-0.00034
-0.00031
-0.00027
-0.00034
-0.00034
-0.00031
-0.00031
-0.00027
-0.00034
-0.00034
-0.00027
-0.00027
-0.00037
-0.00031
-0.00027
-0.00040
-0.00040
-0.00037
-0.00040
-0.00046
-0.00043
-0.00040
-0.00037
-0.00027
-0.00024
-0.00024
-0.00024
-0.00031
-0.00034
-0.00037
-0.00040
-0.00040
-0.00037
-0.00034
-0.00037
-0.00040
-0.00037
-0.00027
-0.00034
-0.00037
-0.00034
-0.00034
-0.00037
-0.00037
-0.00031
-0.00031
-0.00031
-0.00027
-0.00027
-0.00027
-0.00031
-0.00037
-0.00043
-0.00040
-0.00043
-0.00046
-0.00043
-0.00034
-0.00034
-0.00031
-0.00024
-0.00031
-0.00034
-0.00034
-0.00037
-0.00040
-0.00037
-0.00031
-0.00031
-0.00024
-0.00021
-0.00021
-0.00021
-0.00027
-0.00034
-0.00040
-0.00034
-0.00031
-0.00027
-0.00024
-0.00021
-0.00018
-0.00027
-0.00031
-0.00031
-0.00027
-0.00031
-0.00031
-0.00027
-0.00018
-0.00021
-0.00024
-0.00024
-0.00024
-0.00024
-0.00027
-0.00031
-0.00027
-0.00024
-0.00034
-0.00034
-0.00031
-0.00031
-0.00031
-0.00027
-0.00021
-0.00015
-0.00015
-0.00015
-0.00015
-0.00009
-0.00040
0.00000
-0.00076
0.00040
-0.00137
0.00128
-0.00262
0.00009
-0.04947
-0.06525
-0.00293
-0.03067
-0.04019
-0.00006
0.05090
0.05844
0.04691
0.03830
0.02576
0.02151
-0.01624
-0.03448
-0.01001
-0.00430
-0.02615
-0.01068
0.01624
0.01202
0.01517
0.00757
-0.00220
0.00754
0.00473
-0.00955
-0.00568
0.00629
-0.00293
-0.00735
0.00131
0.00024
0.00034
0.00656
0.00571
0.00113
0.00150
0.00125
-0.00092
0.00098
0.00351
0.00101
0.00098
0.00211
0.00024
-0.00171
-0.00156
-0.00259
-0.00357
-0.00162
0.00027
-0.00107
0.00012
0.00443
0.00455
0.00204
0.00311
0.00311
0.00052
-0.00128
-0.00095
0.00003
-0.00070
-0.00174
-0.00259
-0.00137
0.00034
-0.00085
-0.00037
0.00104
0.00095
-0.00046
-0.00034
0.00137
0.00131
-0.00009
-0.00058
-0.00034
-0.00049
-0.00150
-0.00159
-0.00122
-0.00125
-0.00128
-0.00143
-0.00058
-0.00034
-0.00067
-0.00159
0.00000
0.00082
-0.00156
-0.00018
-0.00061
-0.00015
0.00134
0.00006
-0.00027
0.00000
-0.00049
-0.00232
-0.00217
-0.00192
-0.00150
-0.00119
-0.00119
-0.00012
0.00082
0.00085
-0.00015
0.00021
0.00037
-0.00052
-0.00113
-0.00122
-0.00052
-0.00082
-0.00150
-0.00146
-0.00119
-0.00143
-0.00162
-0.00131
-0.00104
-0.00070
-0.00015
0.00027
0.00079
0.00061
0.00006
-0.00009
-0.00012
-0.00064
-0.00116
-0.00131
-0.00168
-0.00177
-0.00125
-0.00061
-0.00040
-0.00006
0.00037
0.00076
0.00073
0.00067
0.00089
0.00104
0.00070
0.00000
0.00000
0.00000
0.00000
0.00000
0.00000
0.00000
0.00000
0.00000
0.00000
0.00000
0.00000
0.00000
0.00000
0.00000
0.00000
0.00000
0.00000
0.00000
0.00000
0.00000
0.00000
0.00000
0.00000
0.00000
0.00000
0.00000
0.00000
0.00000
0.00000
0.00000
0.00000
0.00000
0.00000
0.00000
0.00000
0.00000
0.00000
0.00000
0.00000
0.00000
0.00000
0.00000
0.00000
0.00000
0.00000
0.00000
0.00000
0.00000
0.00000
0.00000
0.00000
0.00000
0.00000
0.00000
0.00000
0.00000
0.00000
0.00000
0.00000
0.00000
0.00000
0.00000
0.00000
0.00000
0.00000
0.00000
0.00000
0.00000
0.00000
0.00000
0.00000
0.00000
0.00000
0.00000
0.00000
0.00000
0.00000
0.00000
0.00000
0.00000
0.00000
0.00000
0.00000
0.00000
0.00000
0.00000
0.00000
0.00000
0.00000
0.00000
0.00000
0.00000
0.00000
0.00000
0.00000
0.00000
0.00000
0.00000
0.00000
0.00000
0.00000
0.00000
0.00000
0.00000
0.00000
0.00000
0.00000
0.00000
0.00000
0.00000
0.00000
0.00000
0.00000
0.00000
0.00000
0.00000
0.00000
0.00000
0.00000
0.00000
0.00000
0.00000
0.00000
0.00000
0.00000
0.00000
0.00000
0.00000
0.00000
0.00000
0.00000
0.00000
0.00000
0.00000
0.00000
0.00000
0.00000
0.00000
0.00000
0.00000
0.00000
0.00000
0.00000
0.00000
0.00000
0.00000
0.00000
0.00000
0.00000
0.00000
0.00000
0.00000
0.00000
0.00000
0.00000
0.00000
0.00000
0.00000
0.00000
0.00000
0.00000
0.00000
0.00000
0.00000
0.00000
0.00000
0.00000
0.00000
0.00000
0.00000
0.00000
0.00000
0.00000
0.00000
0.00000
0.00000
0.00000
0.00000
0.00000
0.00000
0.00000
0.00000
