-0.00018
-0.00018
-0.00012
-0.00012
-0.00015
-0.00015
-0.00015
-0.00015
-0.00018
-0.00021
-0.00021
-0.00021
-0.00021
-0.00024
-0.00021
-0.00024
-0.00024
-0.00021
-0.00021
-0.00018
-0.00018
-0.00021
-0.00021
-0.00021
-0.00021
-0.00024
-0.00024
-0.00024
-0.00024
-0.00024
-0.00021
-0.00021
-0.00024
-0.00018
-0.00031
-0.00021
-0.00024
-0.00024
-0.00024
-0.00027
-0.00021
-0.00024
-0.00021
-0.00021
-0.00021
-0.00024
-0.00024
-0.00024
-0.00024
-0.00024
-0.00027
-0.00027
-0.00027
-0.00027
-0.00027
-0.00027
-0.00027
-0.00031
-0.00027
-0.00027
-0.00027
-0.00031
-0.00027
-0.00024
-0.00024
-0.00024
-0.00024
-0.00027
-0.00027
-0.00027
-0.00034
-0.00034
-0.00031
-0.00034
-0.00031
-0.00027
-0.00027
-0.00027
-0.00027
-0.00027
-0.00031
-0.00034
-0.00031
-0.00034
-0.00034
-0.00034
-0.00034
-0.00031
-0.00031
-0.00031
-0.00027
-0.00027
-0.00031
-0.00031
-0.00031
-0.00034
-0.00040
-0.00037
-0.00034
-0.00031
-0.00031
-0.00031
-0.00027
-0.00031
-0.00034
-0.00034
-0.00034
-0.00034
-0.00034
-0.00027
-0.00027
-0.00031
-0.00031
-0.00027
-0.00031
-0.00037
-0.00037
-0.00037
-0.00037
-0.00034
-0.00031
-0.00031
-0.00031
-0.00034
-0.00031
-0.00027
-0.00031
-0.00031
-0.00034
-0.00031
-0.00034
-0.00034
-0.00034
-0.00034
-0.00034
-0.00034
-0.00034
-0.00031
-0.00031
-0.00034
-0.00031
-0.00034
-0.00037
-0.00037
-0.00034
-0.00034
-0.00037
-0.00031
-0.00031
-0.00034
-0.00031
-0.00031
-0.00031
-0.00034
-0.00034
-0.00031
-0.00034
-0.00037
-0.00040
-0.00034
-0.00034
-0.00037
-0.00040
-0.00037
-0.00034
-0.00034
-0.00037
-0.00037
-0.00037
-0.00040
-0.00040
-0.00037
-0.00034
-0.00034
-0.00031
-0.00031
-0.00034
-0.00034
-0.00037
-0.00037
-0.00046
-0.00043
-0.00037
-0.00040
-0.00037
-0.00034
-0.00031
-0.00027
-0.00031
-0.00031
-0.00037
-0.00034
-0.00049
-0.00031
-0.00049
-0.00009
-0.00067
-0.00052
-0.01108
-0.02377
-0.02094
-0.01956
-0.01599
-0.00735
0.00919
0.02347
0.02362
0.01511
0.00854
0.00970
0.00513
-0.00577
-0.00998
-0.00702
-0.00507
-0.00201
0.00125
0.00436
0.00436
0.00021
-0.00241
0.00003
0.00317
0.00046
-0.00067
0.00159
0.00421
0.00397
0.00183
0.00040
0.00015
0.00012
-0.00058
-0.00070
-0.00006
0.00034
0.00079
0.00150
0.00290
0.00284
0.00174
0.00134
-0.00015
-0.00101
-0.00098
-0.00085
-0.00049
-0.00006
0.00034
0.00009
0.00000
0.00073
0.00128
0.00174
0.00174
0.00146
0.00085
-0.00015
-0.00012
0.00055
0.00031
-0.00085
-0.00174
-0.00156
-0.00037
0.00027
0.00009
-0.00018
-0.00012
-0.00037
-0.00034
0.00000
-0.00009
-0.00015
0.00113
0.00018
-0.00024
0.00000
-0.00079
-0.00031
-0.00107
-0.00217
-0.00256
-0.00159
-0.00113
-0.00055
0.00082
0.00034
-0.00003
-0.00009
-0.00070
-0.00101
-0.00116
-0.00150
-0.00156
-0.00067
-0.00076
-0.00092
-0.00064
-0.00067
-0.00092
-0.00070
-0.00073
-0.00089
-0.00079
-0.00076
-0.00076
-0.00040
-0.00012
-0.00027
-0.00064
-0.00113
-0.00113
-0.00070
-0.00046
-0.00082
-0.00116
-0.00128
-0.00125
-0.00107
-0.00101
-0.00104
-0.00104
-0.00079
-0.00046
-0.00015
-0.00021
-0.00067
-0.00095
-0.00073
-0.00040
-0.00037
-0.00076
-0.00119
-0.00137
-0.00122
-0.00082
0.00000
0.00000
0.00000
0.00000
0.00000
0.00000
0.00000
0.00000
0.00000
0.00000
0.00000
0.00000
0.00000
0.00000
0.00000
0.00000
0.00000
0.00000
0.00000
0.00000
0.00000
0.00000
0.00000
0.00000
0.00000
0.00000
0.00000
0.00000
0.00000
0.00000
0.00000
0.00000
0.00000
0.00000
0.00000
0.00000
0.00000
0.00000
0.00000
0.00000
0.00000
0.00000
0.00000
0.00000
0.00000
0.00000
0.00000
0.00000
0.00000
0.00000
0.00000
0.00000
0.00000
0.00000
0.00000
0.00000
0.00000
0.00000
0.00000
0.00000
0.00000
0.00000
0.00000
0.00000
0.00000
0.00000
0.00000
0.00000
0.00000
0.00000
0.00000
0.00000
0.00000
0.00000
0.00000
0.00000
0.00000
0.00000
0.00000
0.00000
0.00000
0.00000
0.00000
0.00000
0.00000
0.00000
0.00000
0.00000
0.00000
0.00000
0.00000
0.00000
0.00000
0.00000
0.00000
0.00000
0.00000
0.00000
0.00000
0.00000
0.00000
0.00000
0.00000
0.00000
0.00000
0.00000
0.00000
0.00000
0.00000
0.00000
0.00000
0.00000
0.00000
0.00000
0.00000
0.00000
0.00000
0.00000
0.00000
0.00000
0.00000
0.00000
0.00000
0.00000
0.00000
0.00000
0.00000
0.00000
0.00000
0.00000
0.00000
0.00000
0.00000
0.00000
0.00000
0.00000
0.00000
0.00000
0.00000
0.00000
0.00000
0.00000
0.00000
0.00000
0.00000
0.00000
0.00000
0.00000
0.00000
0.00000
0.00000
0.00000
0.00000
0.00000
0.00000
0.00000
0.00000
0.00000
0.00000
0.00000
0.00000
0.00000
0.00000
0.00000
0.00000
0.00000
0.00000
0.00000
0.00000
0.00000
0.00000
0.00000
0.00000
0.00000
0.00000
