-0.00021
-0.00024
-0.00027
-0.00034
-0.00037
-0.00031
-0.00034
-0.00037
-0.00031
-0.00018
-0.00024
-0.00031
-0.00024
-0.00027
-0.00037
-0.00040
-0.00037
-0.00034
-0.00027
-0.00027
-0.00024
-0.00024
-0.00021
-0.00024
-0.00034
-0.00037
-0.00040
-0.00037
-0.00031
-0.00037
-0.00034
-0.00027
-0.00027
-0.00031
-0.00040
-0.00027
-0.00031
-0.00040
-0.00037
-0.00034
-0.00031
-0.00040
-0.00043
-0.00037
-0.00031
-0.00037
-0.00043
-0.00040
-0.00034
-0.00027
-0.00046
-0.00043
-0.00027
-0.00049
-0.00043
-0.00037
-0.00037
-0.00037
-0.00046
-0.00040
-0.00037
-0.00040
-0.00040
-0.00037
-0.00034
-0.00027
-0.00027
-0.00037
-0.00037
-0.00034
-0.00046
-0.00046
-0.00031
-0.00037
-0.00043
-0.00037
-0.00034
-0.00040
-0.00046
-0.00043
-0.00049
-0.00049
-0.00040
-0.00034
-0.00027
-0.00027
-0.00034
-0.00034
-0.00037
-0.00040
-0.00043
-0.00043
-0.00040
-0.00040
-0.00046
-0.00040
-0.00037
-0.00046
-0.00043
-0.00043
-0.00046
-0.00043
-0.00043
-0.00040
-0.00040
-0.00040
-0.00040
-0.00031
-0.00034
-0.00037
-0.00037
-0.00037
-0.00043
-0.00043
-0.00043
-0.00043
-0.00043
-0.00043
-0.00037
-0.00034
-0.00040
-0.00040
-0.00037
-0.00037
-0.00040
-0.00040
-0.00037
-0.00037
-0.00043
-0.00049
-0.00043
-0.00046
-0.00046
-0.00046
-0.00034
-0.00031
-0.00034
-0.00031
-0.00034
-0.00031
-0.00040
-0.00046
-0.00046
-0.00046
-0.00046
-0.00052
-0.00043
-0.00040
-0.00043
-0.00040
-0.00037
-0.00031
-0.00034
-0.00037
-0.00037
-0.00040
-0.00034
-0.00043
-0.00040
-0.00034
-0.00040
-0.00046
-0.00046
-0.00043
-0.00037
-0.00043
-0.00034
-0.00037
-0.00015
-0.00058
0.00015
-0.00110
0.00049
-0.00177
0.00134
-0.00284
0.00052
-0.06445
-0.11627
0.00571
-0.01450
-0.03259
0.02991
0.06296
0.09467
0.04669
0.00790
0.01233
0.03519
-0.01505
-0.07175
-0.02557
0.00662
-0.00769
0.00253
0.01352
0.01309
0.01761
-0.00320
-0.01801
0.01306
0.01700
-0.00912
-0.00674
0.00943
0.00183
-0.00278
0.00140
-0.00424
-0.00073
-0.00168
-0.00500
-0.00165
0.00604
0.00623
0.00302
0.00308
0.00412
0.00476
0.00165
-0.00244
-0.00397
-0.00476
-0.00345
-0.00006
-0.00116
-0.00104
0.00235
0.00156
0.00024
0.00552
0.00485
-0.00043
-0.00082
0.00070
0.00061
-0.00079
-0.00162
-0.00208
-0.00296
-0.00226
-0.00327
-0.00162
0.00217
-0.00055
-0.00085
0.00095
0.00226
0.00101
-0.00079
0.00079
0.00024
-0.00089
-0.00110
-0.00168
-0.00064
-0.00162
-0.00226
-0.00092
-0.00116
-0.00165
-0.00226
-0.00085
-0.00018
-0.00180
-0.00140
-0.00076
-0.00034
-0.00040
-0.00076
0.00024
0.00027
0.00000
0.00009
-0.00052
-0.00085
-0.00168
-0.00320
-0.00290
-0.00143
-0.00092
-0.00162
-0.00174
-0.00064
0.00085
0.00168
0.00027
-0.00031
0.00037
-0.00089
-0.00223
-0.00134
-0.00021
-0.00116
-0.00235
-0.00223
-0.00192
-0.00146
-0.00168
-0.00189
-0.00061
0.00000
-0.00012
0.00009
0.00055
0.00040
-0.00024
-0.00024
-0.00034
-0.00122
-0.00201
-0.00253
-0.00201
-0.00162
-0.00137
-0.00043
0.00012
0.00031
0.00021
0.00073
0.00128
0.00104
0.00076
0.00046
0.00003
-0.00046
-0.00085
-0.00082
-0.00146
-0.00241
-0.00241
-0.00211
-0.00183
-0.00168
-0.00122
-0.00058
-0.00003
0.00034
0.00064
0.00159
0.00159
0.00156
0.00156
0.00137
0.00238
0.00241
0.00201
0.00156
-0.00021
-0.00098
-0.00156
-0.00208
-0.00140
-0.00073
0.00000
0.00043
0.00107
0.00162
0.00095
0.00006
-0.00012
-0.00037
-0.00098
-0.00156
-0.00165
-0.00107
-0.00015
0.00034
0.00116
0.00192
0.00146
0.00070
0.00052
0.00061
0.00009
-0.00061
-0.00049
-0.00061
-0.00046
0.00046
0.00070
0.00079
0.00037
0.00009
0.00055
0.00027
0.00009
-0.00034
-0.00027
0.00000
-0.00018
-0.00085
-0.00134
-0.00131
-0.00104
-0.00113
-0.00070
0.00000
0.00000
0.00000
0.00000
0.00000
0.00000
0.00000
0.00000
0.00000
0.00000
0.00000
0.00000
0.00000
0.00000
0.00000
0.00000
0.00000
0.00000
0.00000
0.00000
0.00000
0.00000
0.00000
0.00000
0.00000
0.00000
0.00000
0.00000
0.00000
0.00000
0.00000
0.00000
0.00000
0.00000
0.00000
0.00000
0.00000
0.00000
0.00000
0.00000
0.00000
0.00000
0.00000
0.00000
0.00000
0.00000
0.00000
0.00000
0.00000
0.00000
0.00000
0.00000
0.00000
0.00000
0.00000
0.00000
0.00000
0.00000
0.00000
0.00000
0.00000
0.00000
0.00000
0.00000
0.00000
0.00000
0.00000
0.00000
0.00000
0.00000
0.00000
0.00000
0.00000
0.00000
0.00000
0.00000
0.00000
0.00000
0.00000
0.00000
0.00000
0.00000
0.00000
0.00000
0.00000
0.00000
0.00000
0.00000
0.00000
0.00000
0.00000
0.00000
0.00000
0.00000
0.00000
0.00000
0.00000
0.00000
0.00000
0.00000
0.00000
0.00000
0.00000
0.00000
0.00000
0.00000
0.00000
0.00000
0.00000
0.00000
0.00000
0.00000
0.00000
0.00000
0.00000
