-0.00034
-0.00034
-0.00034
-0.00031
-0.00027
-0.00031
-0.00034
-0.00031
-0.00034
-0.00031
-0.00037
-0.00034
-0.00034
-0.00037
-0.00037
-0.00037
-0.00034
-0.00034
-0.00031
-0.00027
-0.00031
-0.00034
-0.00040
-0.00040
-0.00037
-0.00034
-0.00034
-0.00034
-0.00040
-0.00040
-0.00040
-0.00037
-0.00037
-0.00034
-0.00040
-0.00024
-0.00027
-0.00027
-0.00031
-0.00037
-0.00040
-0.00046
-0.00043
-0.00040
-0.00040
-0.00040
-0.00040
-0.00040
-0.00043
-0.00043
-0.00046
-0.00043
-0.00040
-0.00034
-0.00031
-0.00043
-0.00027
-0.00037
-0.00040
-0.00037
-0.00040
-0.00037
-0.00046
-0.00034
-0.00027
-0.00024
-0.00031
-0.00034
-0.00034
-0.00043
-0.00043
-0.00043
-0.00046
-0.00043
-0.00040
-0.00040
-0.00031
-0.00034
-0.00040
-0.00043
-0.00043
-0.00046
-0.00046
-0.00037
-0.00037
-0.00040
-0.00037
-0.00034
-0.00031
-0.00027
-0.00034
-0.00037
-0.00043
-0.00046
-0.00043
-0.00040
-0.00034
-0.00040
-0.00043
-0.00037
-0.00031
-0.00040
-0.00040
-0.00037
-0.00040
-0.00043
-0.00040
-0.00031
-0.00034
-0.00027
-0.00027
-0.00031
-0.00037
-0.00043
-0.00043
-0.00043
-0.00040
-0.00037
-0.00031
-0.00031
-0.00031
-0.00034
-0.00040
-0.00040
-0.00043
-0.00040
-0.00037
-0.00034
-0.00031
-0.00027
-0.00031
-0.00034
-0.00034
-0.00034
-0.00034
-0.00034
-0.00031
-0.00034
-0.00046
-0.00043
-0.00040
-0.00034
-0.00031
-0.00024
-0.00024
-0.00031
-0.00031
-0.00034
-0.00031
-0.00040
-0.00034
-0.00027
-0.00024
-0.00021
-0.00027
-0.00027
-0.00034
-0.00037
-0.00037
-0.00037
-0.00021
-0.00024
-0.00024
-0.00015
-0.00021
-0.00024
-0.00031
-0.00031
-0.00037
-0.00046
-0.00034
-0.00040
-0.00018
-0.00037
-0.00015
-0.00018
-0.00046
0.00043
-0.00146
0.00198
-0.00378
-0.00729
-0.11841
-0.09119
-0.02716
0.00217
0.08569
0.08737
0.09625
0.01923
0.01105
0.00583
0.00992
-0.02478
-0.07172
-0.06192
-0.01501
0.02161
0.03598
0.04276
0.01328
-0.00507
-0.00650
0.00079
0.00217
0.00049
-0.00461
0.00000
0.00269
0.00372
-0.00464
-0.00226
0.00217
-0.00027
-0.00552
-0.00351
0.00363
0.00003
0.00275
0.00879
0.00809
0.00241
0.00146
-0.00256
-0.00247
-0.00162
-0.00345
-0.00656
-0.00159
0.00107
0.00046
0.00241
0.00510
0.00311
0.00305
0.00543
0.00317
-0.00110
-0.00183
-0.00018
0.00003
-0.00073
-0.00122
-0.00363
-0.00430
-0.00021
0.00058
0.00180
0.00174
-0.00055
-0.00092
0.00009
0.00217
0.00067
0.00107
0.00040
-0.00101
-0.00049
-0.00034
-0.00122
-0.00217
-0.00278
-0.00125
-0.00101
-0.00125
-0.00116
0.00046
0.00168
0.00046
-0.00089
-0.00156
-0.00171
-0.00131
-0.00119
-0.00043
0.00018
-0.00073
0.00238
0.00183
-0.00082
-0.00119
-0.00250
-0.00183
-0.00177
-0.00241
-0.00192
-0.00095
0.00046
0.00058
0.00137
0.00098
-0.00064
-0.00012
-0.00024
-0.00116
-0.00113
-0.00116
-0.00098
-0.00064
-0.00095
-0.00165
-0.00256
-0.00244
-0.00171
0.00040
0.00125
0.00067
0.00009
0.00003
0.00034
0.00043
0.00037
-0.00043
-0.00146
-0.00226
-0.00272
-0.00247
-0.00177
-0.00113
0.00012
0.00107
0.00119
0.00073
0.00052
0.00104
0.00128
0.00122
0.00043
0.00000
0.00000
0.00000
0.00000
0.00000
0.00000
0.00000
0.00000
0.00000
0.00000
0.00000
0.00000
0.00000
0.00000
0.00000
0.00000
0.00000
0.00000
0.00000
0.00000
0.00000
0.00000
0.00000
0.00000
0.00000
0.00000
0.00000
0.00000
0.00000
0.00000
0.00000
0.00000
0.00000
0.00000
0.00000
0.00000
0.00000
0.00000
0.00000
0.00000
0.00000
0.00000
0.00000
0.00000
0.00000
0.00000
0.00000
0.00000
0.00000
0.00000
0.00000
0.00000
0.00000
0.00000
0.00000
0.00000
0.00000
0.00000
0.00000
0.00000
0.00000
0.00000
0.00000
0.00000
0.00000
0.00000
0.00000
0.00000
0.00000
0.00000
0.00000
0.00000
0.00000
0.00000
0.00000
0.00000
0.00000
0.00000
0.00000
0.00000
0.00000
0.00000
0.00000
0.00000
0.00000
0.00000
0.00000
0.00000
0.00000
0.00000
0.00000
0.00000
0.00000
0.00000
0.00000
0.00000
0.00000
0.00000
0.00000
0.00000
0.00000
0.00000
0.00000
0.00000
0.00000
0.00000
0.00000
0.00000
0.00000
0.00000
0.00000
0.00000
0.00000
0.00000
0.00000
0.00000
0.00000
0.00000
0.00000
0.00000
0.00000
0.00000
0.00000
0.00000
0.00000
0.00000
0.00000
0.00000
0.00000
0.00000
0.00000
0.00000
0.00000
0.00000
0.00000
0.00000
0.00000
0.00000
0.00000
0.00000
0.00000
0.00000
0.00000
0.00000
0.00000
0.00000
0.00000
0.00000
0.00000
0.00000
0.00000
0.00000
0.00000
0.00000
0.00000
0.00000
0.00000
0.00000
0.00000
0.00000
0.00000
0.00000
0.00000
0.00000
0.00000
0.00000
0.00000
0.00000
0.00000
0.00000
0.00000
0.00000
0.00000
0.00000
0.00000
0.00000
0.00000
0.00000
0.00000
0.00000
0.00000
0.00000
0.00000
0.00000
