-0.00024
-0.00024
-0.00024
-0.00018
-0.00024
-0.00024
-0.00024
-0.00027
-0.00027
-0.00031
-0.00031
-0.00034
-0.00034
-0.00031
-0.00034
-0.00031
-0.00031
-0.00034
-0.00034
-0.00031
-0.00031
-0.00027
-0.00024
-0.00024
-0.00027
-0.00031
-0.00034
-0.00037
-0.00037
-0.00037
-0.00037
-0.00037
-0.00034
-0.00031
-0.00037
-0.00027
-0.00031
-0.00027
-0.00031
-0.00031
-0.00034
-0.00040
-0.00037
-0.00037
-0.00046
-0.00040
-0.00034
-0.00037
-0.00034
-0.00034
-0.00034
-0.00034
-0.00031
-0.00031
-0.00034
-0.00034
-0.00037
-0.00043
-0.00040
-0.00040
-0.00043
-0.00046
-0.00043
-0.00043
-0.00037
-0.00031
-0.00034
-0.00037
-0.00037
-0.00037
-0.00040
-0.00040
-0.00034
-0.00034
-0.00040
-0.00040
-0.00034
-0.00037
-0.00043
-0.00046
-0.00040
-0.00040
-0.00043
-0.00040
-0.00040
-0.00043
-0.00043
-0.00040
-0.00043
-0.00040
-0.00040
-0.00040
-0.00040
-0.00040
-0.00043
-0.00043
-0.00040
-0.00043
-0.00043
-0.00037
-0.00037
-0.00043
-0.00043
-0.00043
-0.00046
-0.00049
-0.00040
-0.00037
-0.00040
-0.00037
-0.00037
-0.00040
-0.00043
-0.00049
-0.00052
-0.00049
-0.00043
-0.00040
-0.00031
-0.00031
-0.00034
-0.00034
-0.00043
-0.00046
-0.00046
-0.00049
-0.00046
-0.00040
-0.00040
-0.00034
-0.00034
-0.00037
-0.00040
-0.00043
-0.00043
-0.00046
-0.00043
-0.00037
-0.00040
-0.00037
-0.00034
-0.00034
-0.00034
-0.00037
-0.00034
-0.00040
-0.00043
-0.00043
-0.00043
-0.00049
-0.00049
-0.00046
-0.00043
-0.00040
-0.00040
-0.00037
-0.00037
-0.00037
-0.00043
-0.00046
-0.00043
-0.00046
-0.00046
-0.00046
-0.00043
-0.00043
-0.00043
-0.00037
-0.00034
-0.00034
-0.00034
-0.00034
-0.00040
-0.00043
-0.00046
-0.00049
-0.00049
-0.00052
-0.00046
-0.00040
-0.00046
-0.00046
-0.00046
-0.00049
-0.00046
-0.00046
-0.00043
-0.00037
-0.00034
-0.00043
-0.00037
-0.00052
-0.00040
-0.00064
-0.00012
-0.00079
-0.00064
-0.01233
-0.02499
-0.02002
-0.01865
-0.01584
-0.00720
0.00928
0.02393
0.02402
0.01495
0.00851
0.00952
0.00467
-0.00687
-0.01044
-0.00772
-0.00464
-0.00195
0.00208
0.00470
0.00449
0.00098
-0.00308
0.00058
0.00235
0.00043
-0.00113
0.00024
0.00226
0.00256
0.00299
0.00198
0.00116
0.00049
-0.00049
-0.00079
0.00000
0.00037
0.00070
0.00119
0.00226
0.00256
0.00180
0.00156
0.00058
-0.00113
-0.00119
-0.00125
-0.00070
0.00006
0.00055
0.00049
0.00012
0.00089
0.00113
0.00119
0.00137
0.00128
0.00110
0.00018
-0.00031
0.00000
0.00021
-0.00040
-0.00116
-0.00140
-0.00082
-0.00015
0.00012
-0.00003
0.00000
-0.00024
-0.00024
0.00003
-0.00009
-0.00055
0.00006
0.00110
-0.00012
-0.00018
-0.00037
-0.00052
-0.00043
-0.00168
-0.00247
-0.00223
-0.00119
-0.00110
0.00009
0.00104
0.00024
-0.00012
-0.00052
-0.00085
-0.00110
-0.00128
-0.00168
-0.00107
-0.00024
-0.00061
-0.00076
-0.00079
-0.00085
-0.00095
-0.00082
-0.00085
-0.00076
-0.00055
-0.00058
-0.00064
-0.00034
0.00000
0.00000
0.00000
0.00000
0.00000
0.00000
0.00000
0.00000
0.00000
0.00000
0.00000
0.00000
0.00000
0.00000
0.00000
0.00000
0.00000
0.00000
0.00000
0.00000
0.00000
0.00000
0.00000
0.00000
0.00000
0.00000
0.00000
0.00000
0.00000
0.00000
0.00000
0.00000
0.00000
0.00000
0.00000
0.00000
0.00000
0.00000
0.00000
0.00000
0.00000
0.00000
0.00000
0.00000
0.00000
0.00000
0.00000
0.00000
0.00000
0.00000
0.00000
0.00000
0.00000
0.00000
0.00000
0.00000
0.00000
0.00000
0.00000
0.00000
0.00000
0.00000
0.00000
0.00000
0.00000
0.00000
0.00000
0.00000
0.00000
0.00000
0.00000
0.00000
0.00000
0.00000
0.00000
0.00000
0.00000
0.00000
0.00000
0.00000
0.00000
0.00000
0.00000
0.00000
0.00000
0.00000
0.00000
0.00000
0.00000
0.00000
0.00000
0.00000
0.00000
0.00000
0.00000
0.00000
0.00000
0.00000
0.00000
0.00000
0.00000
0.00000
0.00000
0.00000
0.00000
0.00000
0.00000
0.00000
0.00000
0.00000
0.00000
0.00000
0.00000
0.00000
0.00000
0.00000
0.00000
0.00000
0.00000
0.00000
0.00000
0.00000
0.00000
0.00000
0.00000
0.00000
0.00000
0.00000
0.00000
0.00000
0.00000
0.00000
0.00000
0.00000
0.00000
0.00000
0.00000
0.00000
0.00000
0.00000
0.00000
0.00000
0.00000
0.00000
0.00000
0.00000
0.00000
0.00000
0.00000
0.00000
0.00000
0.00000
0.00000
0.00000
0.00000
0.00000
0.00000
0.00000
0.00000
0.00000
0.00000
0.00000
0.00000
0.00000
0.00000
0.00000
0.00000
0.00000
0.00000
0.00000
0.00000
0.00000
0.00000
0.00000
0.00000
0.00000
0.00000
0.00000
0.00000
0.00000
0.00000
0.00000
0.00000
0.00000
0.00000
0.00000
0.00000
0.00000
0.00000
0.00000
0.00000
0.00000
0.00000
0.00000
0.00000
0.00000
0.00000
0.00000
0.00000
0.00000
0.00000
0.00000
0.00000
0.00000
