-0.00003
-0.00003
-0.00003
-0.00006
-0.00009
-0.00003
0.00000
-0.00003
-0.00003
-0.00003
-0.00003
-0.00003
-0.00006
-0.00003
0.00000
-0.00003
0.00000
0.00003
0.00003
0.00000
0.00000
0.00000
-0.00006
-0.00012
-0.00015
-0.00012
-0.00006
-0.00003
0.00003
0.00009
0.00009
0.00006
0.00003
0.00000
-0.00012
-0.00003
-0.00006
-0.00006
-0.00003
-0.00003
0.00003
0.00000
0.00000
0.00000
0.00000
-0.00003
-0.00006
-0.00006
-0.00006
-0.00003
0.00000
0.00006
0.00009
0.00015
0.00012
0.00006
0.00003
0.00000
-0.00006
-0.00006
-0.00003
0.00000
0.00003
0.00003
0.00006
0.00003
0.00000
-0.00003
-0.00006
-0.00006
-0.00003
-0.00003
-0.00006
-0.00003
0.00000
0.00003
0.00003
0.00000
0.00000
0.00000
0.00000
0.00006
0.00009
0.00003
0.00000
0.00003
0.00003
0.00000
0.00000
0.00003
-0.00003
-0.00003
-0.00003
-0.00003
-0.00003
-0.00003
-0.00006
-0.00006
0.00000
0.00003
0.00009
0.00012
0.00006
0.00000
0.00000
0.00000
-0.00006
-0.00009
-0.00006
-0.00006
-0.00006
0.00000
0.00003
0.00003
0.00000
0.00000
0.00003
0.00006
0.00000
0.00000
0.00003
0.00000
0.00000
0.00000
0.00000
-0.00003
-0.00009
-0.00009
-0.00006
-0.00009
-0.00006
0.00000
0.00003
0.00003
0.00006
0.00009
0.00000
0.00000
0.00000
-0.00003
0.00000
0.00003
0.00003
0.00000
0.00003
0.00000
0.00000
0.00000
-0.00003
-0.00012
-0.00009
-0.00006
-0.00006
-0.00003
0.00000
0.00000
0.00000
0.00000
0.00000
-0.00003
0.00000
0.00000
0.00000
0.00000
0.00003
0.00006
0.00006
0.00009
0.00012
0.00009
0.00003
0.00000
-0.00003
-0.00006
-0.00006
-0.00009
-0.00003
0.00000
0.00000
-0.00003
0.00000
0.00000
-0.00003
0.00000
-0.00034
0.00015
-0.00064
0.00085
-0.00125
-0.00165
-0.03824
-0.04663
-0.01480
-0.01483
-0.01178
0.00061
0.03809
0.05048
0.03336
0.01129
0.00333
0.01105
-0.00336
-0.02127
-0.01379
-0.00278
-0.00562
-0.00143
0.00858
0.01199
0.00726
-0.00366
-0.00742
0.00281
0.00803
0.00021
-0.00171
0.00314
0.00073
-0.00226
0.00034
0.00082
0.00000
0.00064
-0.00092
-0.00229
-0.00018
0.00079
0.00098
0.00198
0.00436
0.00418
0.00430
0.00333
0.00073
-0.00092
-0.00128
-0.00214
-0.00223
-0.00085
0.00089
0.00101
0.00146
0.00336
0.00339
0.00229
0.00153
0.00125
0.00064
-0.00052
-0.00046
-0.00034
-0.00043
-0.00052
-0.00134
-0.00104
0.00024
0.00021
-0.00021
-0.00024
0.00046
0.00015
0.00037
0.00085
0.00058
0.00012
-0.00015
-0.00052
-0.00027
-0.00131
-0.00116
0.00003
-0.00076
-0.00085
-0.00107
-0.00070
0.00003
0.00003
0.00021
-0.00037
-0.00076
-0.00162
-0.00119
0.00012
-0.00003
-0.00009
-0.00034
-0.00049
-0.00031
-0.00021
-0.00079
-0.00150
-0.00143
-0.00159
-0.00131
-0.00089
-0.00040
0.00018
0.00034
-0.00015
-0.00027
-0.00024
-0.00049
-0.00107
-0.00122
-0.00101
-0.00089
-0.00079
-0.00085
-0.00110
-0.00143
-0.00165
-0.00143
-0.00082
-0.00043
-0.00018
0.00000
0.00012
0.00000
-0.00027
-0.00012
-0.00003
-0.00058
-0.00146
-0.00174
-0.00137
-0.00119
-0.00122
-0.00104
-0.00061
-0.00018
0.00000
0.00006
0.00015
0.00015
0.00003
-0.00021
0.00000
0.00000
0.00000
0.00000
0.00000
0.00000
0.00000
0.00000
0.00000
0.00000
0.00000
0.00000
0.00000
0.00000
0.00000
0.00000
0.00000
0.00000
0.00000
0.00000
0.00000
0.00000
0.00000
0.00000
0.00000
0.00000
0.00000
0.00000
0.00000
0.00000
0.00000
0.00000
0.00000
0.00000
0.00000
0.00000
0.00000
0.00000
0.00000
0.00000
0.00000
0.00000
0.00000
0.00000
0.00000
0.00000
0.00000
0.00000
0.00000
0.00000
0.00000
0.00000
0.00000
0.00000
0.00000
0.00000
0.00000
0.00000
0.00000
0.00000
0.00000
0.00000
0.00000
0.00000
0.00000
0.00000
0.00000
0.00000
0.00000
0.00000
0.00000
0.00000
0.00000
0.00000
0.00000
0.00000
0.00000
0.00000
0.00000
0.00000
0.00000
0.00000
0.00000
0.00000
0.00000
0.00000
0.00000
0.00000
0.00000
0.00000
0.00000
0.00000
0.00000
0.00000
0.00000
0.00000
0.00000
0.00000
0.00000
0.00000
0.00000
0.00000
0.00000
0.00000
0.00000
0.00000
0.00000
0.00000
0.00000
0.00000
0.00000
0.00000
0.00000
0.00000
0.00000
0.00000
0.00000
0.00000
0.00000
0.00000
0.00000
0.00000
0.00000
0.00000
0.00000
0.00000
0.00000
0.00000
0.00000
0.00000
0.00000
0.00000
0.00000
0.00000
0.00000
0.00000
0.00000
0.00000
0.00000
0.00000
0.00000
0.00000
0.00000
0.00000
0.00000
0.00000
0.00000
0.00000
0.00000
0.00000
0.00000
0.00000
0.00000
0.00000
0.00000
0.00000
0.00000
0.00000
0.00000
0.00000
0.00000
0.00000
0.00000
0.00000
0.00000
0.00000
0.00000
0.00000
0.00000
0.00000
0.00000
0.00000
0.00000
0.00000
0.00000
