-0.00018
-0.00018
-0.00018
-0.00021
-0.00021
-0.00018
-0.00018
-0.00018
-0.00018
-0.00015
-0.00021
-0.00024
-0.00027
-0.00031
-0.00027
-0.00024
-0.00021
-0.00018
-0.00018
-0.00015
-0.00012
-0.00018
-0.00018
-0.00021
-0.00024
-0.00027
-0.00024
-0.00021
-0.00015
-0.00015
-0.00018
-0.00015
-0.00021
-0.00024
-0.00037
-0.00024
-0.00031
-0.00034
-0.00024
-0.00024
-0.00024
-0.00024
-0.00018
-0.00015
-0.00021
-0.00021
-0.00021
-0.00024
-0.00027
-0.00027
-0.00027
-0.00027
-0.00027
-0.00024
-0.00024
-0.00024
-0.00021
-0.00021
-0.00021
-0.00027
-0.00027
-0.00024
-0.00024
-0.00027
-0.00034
-0.00027
-0.00024
-0.00031
-0.00034
-0.00027
-0.00027
-0.00027
-0.00024
-0.00024
-0.00024
-0.00024
-0.00024
-0.00021
-0.00024
-0.00027
-0.00027
-0.00027
-0.00027
-0.00027
-0.00024
-0.00024
-0.00027
-0.00027
-0.00024
-0.00024
-0.00027
-0.00027
-0.00024
-0.00027
-0.00031
-0.00031
-0.00027
-0.00034
-0.00031
-0.00027
-0.00024
-0.00027
-0.00027
-0.00027
-0.00027
-0.00031
-0.00034
-0.00031
-0.00031
-0.00031
-0.00031
-0.00027
-0.00027
-0.00027
-0.00027
-0.00027
-0.00027
-0.00027
-0.00027
-0.00027
-0.00031
-0.00031
-0.00031
-0.00031
-0.00031
-0.00031
-0.00027
-0.00027
-0.00031
-0.00027
-0.00031
-0.00037
-0.00037
-0.00034
-0.00031
-0.00031
-0.00034
-0.00027
-0.00024
-0.00027
-0.00031
-0.00027
-0.00031
-0.00031
-0.00034
-0.00031
-0.00027
-0.00034
-0.00031
-0.00027
-0.00031
-0.00031
-0.00031
-0.00027
-0.00031
-0.00031
-0.00031
-0.00034
-0.00034
-0.00034
-0.00031
-0.00027
-0.00027
-0.00027
-0.00024
-0.00027
-0.00031
-0.00034
-0.00034
-0.00034
-0.00031
-0.00027
-0.00027
-0.00024
-0.00024
-0.00024
-0.00031
-0.00021
-0.00037
-0.00006
-0.00064
0.00012
-0.00119
0.00058
-0.00177
0.00018
-0.02887
-0.05453
-0.03091
-0.02533
-0.00992
-0.00662
0.02615
0.05881
0.05188
0.03293
0.00705
0.00424
-0.00189
-0.01709
-0.02213
-0.01498
-0.00388
-0.00153
0.00537
0.01376
0.01245
0.00449
-0.00571
-0.00449
0.00171
0.00250
-0.00208
0.00040
0.00391
0.00140
-0.00186
-0.00198
-0.00021
0.00150
0.00247
-0.00006
-0.00073
0.00140
0.00168
0.00116
0.00269
0.00204
-0.00064
-0.00238
-0.00156
-0.00107
-0.00021
-0.00012
-0.00049
0.00046
0.00232
0.00235
0.00082
0.00140
0.00235
0.00168
0.00128
0.00125
0.00061
-0.00061
-0.00073
-0.00034
-0.00070
-0.00058
-0.00165
-0.00186
-0.00003
0.00064
0.00006
-0.00055
0.00006
-0.00015
-0.00061
0.00009
0.00049
0.00034
-0.00012
-0.00058
-0.00027
-0.00037
-0.00092
-0.00177
-0.00198
-0.00220
-0.00034
-0.00055
-0.00098
0.00034
-0.00064
0.00006
-0.00012
-0.00101
-0.00095
-0.00095
-0.00107
-0.00089
0.00031
0.00006
-0.00046
-0.00027
-0.00092
-0.00119
-0.00098
-0.00150
-0.00211
-0.00131
-0.00104
-0.00049
0.00009
0.00015
0.00018
0.00015
-0.00055
-0.00119
-0.00107
-0.00070
-0.00070
-0.00095
-0.00113
-0.00156
-0.00168
-0.00195
-0.00156
-0.00085
-0.00049
-0.00040
-0.00018
0.00015
0.00000
-0.00037
-0.00031
-0.00003
-0.00015
-0.00095
-0.00165
-0.00165
-0.00171
-0.00159
-0.00101
-0.00031
0.00000
-0.00003
-0.00003
0.00021
0.00046
0.00040
0.00018
0.00003
0.00000
0.00000
0.00000
0.00000
0.00000
0.00000
0.00000
0.00000
0.00000
0.00000
0.00000
0.00000
0.00000
0.00000
0.00000
0.00000
0.00000
0.00000
0.00000
0.00000
0.00000
0.00000
0.00000
0.00000
0.00000
0.00000
0.00000
0.00000
0.00000
0.00000
0.00000
0.00000
0.00000
0.00000
0.00000
0.00000
0.00000
0.00000
0.00000
0.00000
0.00000
0.00000
0.00000
0.00000
0.00000
0.00000
0.00000
0.00000
0.00000
0.00000
0.00000
0.00000
0.00000
0.00000
0.00000
0.00000
0.00000
0.00000
0.00000
0.00000
0.00000
0.00000
0.00000
0.00000
0.00000
0.00000
0.00000
0.00000
0.00000
0.00000
0.00000
0.00000
0.00000
0.00000
0.00000
0.00000
0.00000
0.00000
0.00000
0.00000
0.00000
0.00000
0.00000
0.00000
0.00000
0.00000
0.00000
0.00000
0.00000
0.00000
0.00000
0.00000
0.00000
0.00000
0.00000
0.00000
0.00000
0.00000
0.00000
0.00000
0.00000
0.00000
0.00000
0.00000
0.00000
0.00000
0.00000
0.00000
0.00000
0.00000
0.00000
0.00000
0.00000
0.00000
0.00000
0.00000
0.00000
0.00000
0.00000
0.00000
0.00000
0.00000
0.00000
0.00000
0.00000
0.00000
0.00000
0.00000
0.00000
0.00000
0.00000
0.00000
0.00000
0.00000
0.00000
0.00000
0.00000
0.00000
0.00000
0.00000
0.00000
0.00000
0.00000
0.00000
0.00000
0.00000
0.00000
0.00000
0.00000
0.00000
0.00000
0.00000
0.00000
0.00000
0.00000
0.00000
0.00000
0.00000
0.00000
0.00000
0.00000
0.00000
0.00000
0.00000
0.00000
0.00000
0.00000
0.00000
0.00000
0.00000
0.00000
0.00000
0.00000
0.00000
0.00000
0.00000
0.00000
0.00000
