-0.00021
-0.00018
-0.00021
-0.00021
-0.00018
-0.00012
-0.00009
-0.00009
-0.00006
-0.00006
-0.00012
-0.00021
-0.00021
-0.00024
-0.00027
-0.00024
-0.00015
-0.00012
-0.00015
-0.00018
-0.00024
-0.00024
-0.00024
-0.00027
-0.00024
-0.00024
-0.00021
-0.00015
-0.00012
-0.00012
-0.00012
-0.00009
-0.00015
-0.00015
-0.00024
-0.00015
-0.00015
-0.00018
-0.00015
-0.00018
-0.00015
-0.00018
-0.00018
-0.00015
-0.00015
-0.00018
-0.00015
-0.00012
-0.00015
-0.00018
-0.00015
-0.00012
-0.00015
-0.00015
-0.00015
-0.00018
-0.00021
-0.00015
-0.00018
-0.00015
-0.00012
-0.00015
-0.00012
-0.00015
-0.00012
-0.00009
-0.00015
-0.00018
-0.00018
-0.00015
-0.00012
-0.00012
-0.00012
-0.00009
-0.00015
-0.00018
-0.00021
-0.00021
-0.00027
-0.00021
-0.00012
-0.00012
-0.00012
-0.00015
-0.00015
-0.00018
-0.00018
-0.00015
-0.00018
-0.00012
-0.00009
-0.00009
-0.00009
-0.00012
-0.00018
-0.00024
-0.00024
-0.00024
-0.00021
-0.00015
-0.00012
-0.00009
-0.00012
-0.00009
-0.00012
-0.00018
-0.00015
-0.00012
-0.00012
-0.00012
-0.00009
-0.00009
-0.00009
-0.00015
-0.00018
-0.00015
-0.00021
-0.00024
-0.00018
-0.00015
-0.00012
-0.00009
-0.00006
-0.00003
-0.00006
-0.00006
-0.00006
-0.00009
-0.00012
-0.00012
-0.00012
-0.00009
-0.00009
-0.00006
-0.00006
-0.00006
-0.00003
-0.00006
-0.00006
-0.00006
-0.00009
-0.00015
-0.00015
-0.00015
-0.00018
-0.00015
-0.00012
-0.00012
-0.00006
-0.00003
-0.00006
-0.00009
-0.00006
-0.00006
-0.00006
-0.00009
-0.00006
-0.00006
-0.00012
-0.00006
-0.00003
-0.00003
-0.00009
-0.00009
-0.00006
-0.00009
-0.00009
-0.00012
-0.00009
-0.00015
-0.00015
-0.00009
-0.00009
-0.00003
0.00000
-0.00003
0.00006
-0.00015
0.00018
-0.00046
0.00037
-0.00092
0.00061
-0.00143
0.00076
-0.02353
-0.05588
-0.03137
-0.02911
-0.01321
-0.00528
0.02026
0.05823
0.05396
0.03900
0.01138
0.00516
-0.00168
-0.01620
-0.02060
-0.01752
-0.00742
-0.00055
0.00473
0.01367
0.01404
0.00604
-0.00381
-0.00409
0.00052
0.00201
-0.00150
-0.00027
0.00290
0.00195
-0.00015
-0.00125
-0.00021
0.00122
0.00253
0.00079
0.00012
0.00101
0.00180
0.00122
0.00290
0.00287
0.00052
-0.00183
-0.00247
-0.00201
-0.00092
-0.00006
-0.00049
0.00015
0.00211
0.00275
0.00217
0.00226
0.00250
0.00180
0.00104
0.00131
0.00089
-0.00040
-0.00082
-0.00040
-0.00052
-0.00046
-0.00092
-0.00159
-0.00024
0.00070
0.00064
-0.00027
0.00000
0.00000
-0.00040
0.00024
0.00058
0.00040
-0.00003
-0.00055
-0.00024
-0.00034
-0.00049
-0.00137
-0.00177
-0.00180
-0.00201
0.00027
-0.00064
-0.00027
0.00043
-0.00076
0.00024
-0.00037
-0.00095
-0.00073
-0.00067
-0.00064
-0.00037
0.00037
-0.00021
-0.00040
-0.00055
-0.00143
-0.00122
-0.00079
-0.00162
-0.00192
-0.00092
-0.00046
0.00009
0.00015
0.00021
0.00021
-0.00003
-0.00098
-0.00128
-0.00070
-0.00055
-0.00085
-0.00101
-0.00125
-0.00162
-0.00192
-0.00192
-0.00113
-0.00049
-0.00009
-0.00018
0.00006
0.00018
-0.00009
-0.00031
-0.00031
-0.00031
-0.00070
-0.00146
-0.00159
-0.00156
-0.00153
-0.00119
-0.00055
0.00003
0.00015
0.00009
0.00018
0.00049
0.00058
0.00024
0.00000
0.00000
0.00000
0.00000
0.00000
0.00000
0.00000
0.00000
0.00000
0.00000
0.00000
0.00000
0.00000
0.00000
0.00000
0.00000
0.00000
0.00000
0.00000
0.00000
0.00000
0.00000
0.00000
0.00000
0.00000
0.00000
0.00000
0.00000
0.00000
0.00000
0.00000
0.00000
0.00000
0.00000
0.00000
0.00000
0.00000
0.00000
0.00000
0.00000
0.00000
0.00000
0.00000
0.00000
0.00000
0.00000
0.00000
0.00000
0.00000
0.00000
0.00000
0.00000
0.00000
0.00000
0.00000
0.00000
0.00000
0.00000
0.00000
0.00000
0.00000
0.00000
0.00000
0.00000
0.00000
0.00000
0.00000
0.00000
0.00000
0.00000
0.00000
0.00000
0.00000
0.00000
0.00000
0.00000
0.00000
0.00000
0.00000
0.00000
0.00000
0.00000
0.00000
0.00000
0.00000
0.00000
0.00000
0.00000
0.00000
0.00000
0.00000
0.00000
0.00000
0.00000
0.00000
0.00000
0.00000
0.00000
0.00000
0.00000
0.00000
0.00000
0.00000
0.00000
0.00000
0.00000
0.00000
0.00000
0.00000
0.00000
0.00000
0.00000
0.00000
0.00000
0.00000
0.00000
0.00000
0.00000
0.00000
0.00000
0.00000
0.00000
0.00000
0.00000
0.00000
0.00000
0.00000
0.00000
0.00000
0.00000
0.00000
0.00000
0.00000
0.00000
0.00000
0.00000
0.00000
0.00000
0.00000
0.00000
0.00000
0.00000
0.00000
0.00000
0.00000
0.00000
0.00000
0.00000
0.00000
0.00000
0.00000
0.00000
0.00000
0.00000
0.00000
0.00000
0.00000
0.00000
0.00000
0.00000
0.00000
0.00000
0.00000
0.00000
0.00000
0.00000
0.00000
0.00000
0.00000
0.00000
0.00000
0.00000
0.00000
0.00000
0.00000
0.00000
0.00000
0.00000
0.00000
0.00000
