-0.00027
-0.00027
-0.00024
-0.00024
-0.00024
-0.00024
-0.00021
-0.00027
-0.00031
-0.00031
-0.00031
-0.00031
-0.00031
-0.00027
-0.00031
-0.00034
-0.00031
-0.00034
-0.00034
-0.00027
-0.00027
-0.00031
-0.00027
-0.00027
-0.00034
-0.00034
-0.00034
-0.00037
-0.00040
-0.00037
-0.00037
-0.00034
-0.00031
-0.00027
-0.00040
-0.00031
-0.00031
-0.00037
-0.00037
-0.00040
-0.00034
-0.00040
-0.00037
-0.00034
-0.00034
-0.00034
-0.00034
-0.00037
-0.00040
-0.00037
-0.00037
-0.00040
-0.00034
-0.00031
-0.00046
-0.00037
-0.00037
-0.00037
-0.00034
-0.00034
-0.00031
-0.00040
-0.00037
-0.00034
-0.00037
-0.00043
-0.00046
-0.00043
-0.00043
-0.00034
-0.00034
-0.00037
-0.00031
-0.00031
-0.00040
-0.00040
-0.00037
-0.00043
-0.00046
-0.00040
-0.00040
-0.00043
-0.00040
-0.00037
-0.00040
-0.00040
-0.00034
-0.00037
-0.00037
-0.00040
-0.00043
-0.00040
-0.00040
-0.00043
-0.00040
-0.00034
-0.00040
-0.00043
-0.00040
-0.00037
-0.00043
-0.00043
-0.00037
-0.00040
-0.00040
-0.00037
-0.00037
-0.00040
-0.00037
-0.00034
-0.00040
-0.00040
-0.00043
-0.00046
-0.00046
-0.00040
-0.00040
-0.00040
-0.00037
-0.00034
-0.00037
-0.00040
-0.00034
-0.00040
-0.00043
-0.00040
-0.00040
-0.00043
-0.00040
-0.00037
-0.00040
-0.00037
-0.00037
-0.00037
-0.00037
-0.00034
-0.00040
-0.00046
-0.00034
-0.00040
-0.00040
-0.00037
-0.00034
-0.00037
-0.00040
-0.00037
-0.00040
-0.00040
-0.00043
-0.00040
-0.00037
-0.00037
-0.00037
-0.00040
-0.00040
-0.00040
-0.00043
-0.00040
-0.00040
-0.00034
-0.00034
-0.00040
-0.00037
-0.00037
-0.00040
-0.00040
-0.00040
-0.00037
-0.00043
-0.00040
-0.00040
-0.00027
-0.00040
-0.00043
-0.00018
-0.00085
0.00037
-0.00177
0.00192
-0.00385
-0.00363
-0.10544
-0.11264
-0.02643
0.00034
0.06366
0.09177
0.10562
0.03641
0.00583
0.00458
0.01279
-0.00885
-0.06863
-0.07303
-0.02576
0.01837
0.03006
0.03680
0.02328
-0.00070
-0.00327
-0.00027
0.00119
0.00500
-0.00214
-0.00510
-0.00021
0.00391
-0.00339
-0.00653
0.00159
0.00385
-0.00284
-0.00470
-0.00006
0.00116
0.00281
0.00861
0.00775
0.00198
0.00198
-0.00037
-0.00378
-0.00253
-0.00174
-0.00647
-0.00351
0.00015
0.00015
0.00098
0.00415
0.00302
0.00272
0.00647
0.00467
-0.00137
-0.00247
-0.00024
0.00031
-0.00064
-0.00159
-0.00366
-0.00531
-0.00195
0.00162
0.00162
0.00162
-0.00079
-0.00198
0.00006
0.00244
0.00122
0.00049
0.00107
-0.00089
-0.00189
-0.00073
-0.00089
-0.00198
-0.00302
-0.00211
-0.00153
-0.00085
-0.00122
-0.00070
0.00113
0.00107
-0.00031
-0.00156
-0.00220
-0.00214
-0.00146
-0.00043
0.00043
0.00018
0.00009
0.00150
0.00012
-0.00171
-0.00186
-0.00299
-0.00314
-0.00171
-0.00128
-0.00150
0.00021
0.00101
0.00079
0.00079
-0.00003
-0.00070
-0.00024
-0.00101
-0.00235
-0.00140
-0.00064
-0.00119
-0.00113
-0.00165
-0.00275
-0.00290
-0.00165
0.00000
0.00110
0.00076
0.00006
-0.00003
0.00027
-0.00006
-0.00012
-0.00043
-0.00134
-0.00223
-0.00287
-0.00262
-0.00195
-0.00128
-0.00034
0.00046
0.00082
0.00076
0.00070
0.00113
0.00113
0.00095
0.00040
0.00000
0.00000
0.00000
0.00000
0.00000
0.00000
0.00000
0.00000
0.00000
0.00000
0.00000
0.00000
0.00000
0.00000
0.00000
0.00000
0.00000
0.00000
0.00000
0.00000
0.00000
0.00000
0.00000
0.00000
0.00000
0.00000
0.00000
0.00000
0.00000
0.00000
0.00000
0.00000
0.00000
0.00000
0.00000
0.00000
0.00000
0.00000
0.00000
0.00000
0.00000
0.00000
0.00000
0.00000
0.00000
0.00000
0.00000
0.00000
0.00000
0.00000
0.00000
0.00000
0.00000
0.00000
0.00000
0.00000
0.00000
0.00000
0.00000
0.00000
0.00000
0.00000
0.00000
0.00000
0.00000
0.00000
0.00000
0.00000
0.00000
0.00000
0.00000
0.00000
0.00000
0.00000
0.00000
0.00000
0.00000
0.00000
0.00000
0.00000
0.00000
0.00000
0.00000
0.00000
0.00000
0.00000
0.00000
0.00000
0.00000
0.00000
0.00000
0.00000
0.00000
0.00000
0.00000
0.00000
0.00000
0.00000
0.00000
0.00000
0.00000
0.00000
0.00000
0.00000
0.00000
0.00000
0.00000
0.00000
0.00000
0.00000
0.00000
0.00000
0.00000
0.00000
0.00000
0.00000
0.00000
0.00000
0.00000
0.00000
0.00000
0.00000
0.00000
0.00000
0.00000
0.00000
0.00000
0.00000
0.00000
0.00000
0.00000
0.00000
0.00000
0.00000
0.00000
0.00000
0.00000
0.00000
0.00000
0.00000
0.00000
0.00000
0.00000
0.00000
0.00000
0.00000
0.00000
0.00000
0.00000
0.00000
0.00000
0.00000
0.00000
0.00000
0.00000
0.00000
0.00000
0.00000
0.00000
0.00000
0.00000
0.00000
0.00000
0.00000
0.00000
0.00000
0.00000
0.00000
0.00000
0.00000
0.00000
0.00000
0.00000
0.00000
0.00000
0.00000
0.00000
0.00000
0.00000
0.00000
0.00000
0.00000
0.00000
0.00000
0.00000
