0.00000
-0.00003
0.00000
0.00006
0.00000
0.00000
-0.00012
-0.00015
-0.00012
-0.00009
-0.00006
-0.00006
0.00000
-0.00009
-0.00012
-0.00015
-0.00009
-0.00009
-0.00003
0.00000
-0.00003
0.00009
0.00012
0.00003
-0.00003
0.00000
0.00003
0.00000
0.00000
-0.00003
-0.00006
-0.00009
-0.00012
-0.00015
-0.00006
0.00000
-0.00006
0.00003
0.00006
0.00000
-0.00003
-0.00006
-0.00003
0.00000
0.00006
0.00000
0.00003
0.00000
-0.00003
-0.00012
-0.00003
0.00000
0.00006
-0.00009
-0.00003
0.00006
-0.00018
-0.00009
-0.00006
-0.00006
-0.00006
0.00000
-0.00003
-0.00006
-0.00015
-0.00018
-0.00009
-0.00009
-0.00003
0.00003
0.00003
-0.00006
0.00000
-0.00006
-0.00009
-0.00003
-0.00015
-0.00006
0.00000
0.00000
-0.00009
0.00000
0.00000
-0.00015
-0.00015
0.00000
-0.00009
-0.00003
0.00003
-0.00006
0.00000
0.00003
-0.00006
-0.00012
-0.00003
-0.00009
-0.00006
0.00000
0.00000
-0.00012
-0.00018
-0.00006
-0.00009
-0.00015
-0.00012
-0.00006
-0.00009
0.00000
0.00003
-0.00006
-0.00021
-0.00024
-0.00021
-0.00027
-0.00021
-0.00018
-0.00018
-0.00009
0.00000
0.00000
-0.00006
-0.00006
-0.00009
-0.00015
-0.00003
-0.00006
-0.00009
-0.00012
-0.00012
-0.00015
-0.00012
-0.00006
-0.00015
-0.00021
-0.00021
-0.00018
-0.00027
-0.00009
0.00000
0.00003
0.00003
-0.00012
-0.00015
-0.00018
-0.00021
-0.00031
-0.00024
-0.00021
-0.00021
-0.00003
0.00000
-0.00003
-0.00012
-0.00012
-0.00012
-0.00018
-0.00009
-0.00012
-0.00015
-0.00015
-0.00021
-0.00018
-0.00021
-0.00015
-0.00003
0.00000
-0.00009
0.00000
-0.00015
0.00000
-0.00040
0.00040
-0.00113
0.00128
-0.00232
0.00287
-0.00430
0.00543
-0.00766
0.01016
-0.07361
-0.18454
0.00491
0.01532
0.04388
0.05716
0.04312
0.01962
0.07138
0.03513
-0.02643
-0.01846
-0.01907
0.00348
0.02213
0.01755
-0.04050
-0.00427
0.01227
-0.01465
0.01047
0.02612
-0.01321
0.00113
0.01721
0.00394
0.00168
0.00635
-0.01089
-0.00931
0.00684
-0.00638
-0.00638
0.00543
0.00812
-0.00430
0.00156
0.00381
0.00412
0.00226
0.00659
0.00241
-0.00217
-0.00119
0.00095
-0.00003
0.00101
0.00006
-0.00452
-0.00510
-0.00046
0.00214
-0.00031
0.00583
0.00491
-0.00006
0.00183
0.00345
0.00046
-0.00116
-0.00079
-0.00150
-0.00284
-0.00174
-0.00195
-0.00351
-0.00079
-0.00150
-0.00052
0.00009
0.00110
0.00049
0.00082
0.00226
0.00134
-0.00101
-0.00064
-0.00122
-0.00180
-0.00189
-0.00153
-0.00159
-0.00269
-0.00189
-0.00189
-0.00049
0.00027
0.00070
0.00064
0.00085
0.00009
-0.00027
-0.00076
-0.00201
-0.00357
-0.00201
-0.00119
-0.00113
-0.00189
-0.00146
-0.00146
-0.00125
-0.00217
-0.00146
-0.00064
-0.00079
0.00046
0.00122
0.00134
0.00076
0.00049
0.00070
-0.00027
-0.00098
-0.00168
-0.00192
-0.00211
-0.00235
-0.00204
-0.00180
-0.00198
-0.00113
0.00000
0.00101
0.00070
0.00037
0.00021
-0.00061
-0.00125
-0.00131
-0.00116
-0.00101
-0.00119
-0.00128
-0.00134
-0.00140
-0.00153
-0.00098
0.00000
0.00031
0.00012
-0.00003
0.00018
0.00040
0.00070
0.00107
0.00101
0.00052
-0.00003
-0.00024
-0.00018
-0.00055
-0.00113
-0.00116
-0.00104
-0.00095
-0.00073
-0.00031
-0.00006
0.00000
0.00021
0.00043
0.00049
0.00040
0.00046
0.00052
0.00018
-0.00018
-0.00040
-0.00052
-0.00070
-0.00082
-0.00043
-0.00015
0.00003
0.00015
0.00043
0.00098
0.00095
0.00098
0.00116
0.00098
0.00031
0.00000
0.00000
0.00000
0.00000
0.00000
0.00000
0.00000
0.00000
0.00000
0.00000
0.00000
0.00000
0.00000
0.00000
0.00000
0.00000
0.00000
0.00000
0.00000
0.00000
0.00000
0.00000
0.00000
0.00000
0.00000
0.00000
0.00000
0.00000
0.00000
0.00000
0.00000
0.00000
0.00000
0.00000
0.00000
0.00000
0.00000
0.00000
0.00000
0.00000
0.00000
0.00000
0.00000
0.00000
0.00000
0.00000
0.00000
0.00000
0.00000
0.00000
0.00000
0.00000
0.00000
0.00000
0.00000
0.00000
0.00000
0.00000
0.00000
0.00000
0.00000
0.00000
0.00000
0.00000
0.00000
0.00000
0.00000
0.00000
0.00000
0.00000
0.00000
0.00000
0.00000
0.00000
0.00000
0.00000
0.00000
0.00000
0.00000
0.00000
0.00000
0.00000
0.00000
0.00000
0.00000
0.00000
0.00000
0.00000
0.00000
0.00000
0.00000
0.00000
0.00000
0.00000
0.00000
0.00000
0.00000
0.00000
0.00000
0.00000
0.00000
0.00000
0.00000
0.00000
0.00000
0.00000
0.00000
0.00000
0.00000
0.00000
0.00000
0.00000
0.00000
0.00000
0.00000
0.00000
0.00000
0.00000
0.00000
0.00000
0.00000
0.00000
0.00000
0.00000
0.00000
0.00000
0.00000
0.00000
0.00000
0.00000
0.00000
0.00000
0.00000
0.00000
0.00000
0.00000
0.00000
0.00000
0.00000
0.00000
0.00000
0.00000
0.00000
0.00000
0.00000
0.00000
0.00000
0.00000
0.00000
