-0.00009
-0.00021
-0.00034
-0.00043
-0.00049
-0.00046
-0.00046
-0.00046
-0.00040
-0.00031
-0.00027
-0.00031
-0.00027
-0.00034
-0.00037
-0.00031
-0.00018
-0.00034
-0.00040
-0.00034
-0.00037
-0.00034
-0.00034
-0.00040
-0.00037
-0.00027
-0.00027
-0.00027
-0.00027
-0.00034
-0.00037
-0.00024
-0.00015
-0.00021
-0.00027
-0.00027
-0.00031
-0.00034
-0.00040
-0.00040
-0.00034
-0.00034
-0.00027
-0.00018
-0.00031
-0.00040
-0.00046
-0.00049
-0.00037
-0.00037
-0.00027
-0.00012
-0.00003
-0.00015
-0.00031
-0.00031
-0.00043
-0.00049
-0.00037
-0.00034
-0.00043
-0.00021
-0.00037
-0.00024
-0.00018
-0.00021
-0.00024
-0.00024
-0.00018
-0.00021
-0.00024
-0.00018
-0.00018
-0.00031
-0.00031
-0.00027
-0.00031
-0.00034
-0.00034
-0.00040
-0.00031
-0.00021
-0.00024
-0.00021
-0.00024
-0.00031
-0.00040
-0.00031
-0.00009
-0.00012
-0.00015
-0.00015
-0.00027
-0.00046
-0.00043
-0.00040
-0.00034
-0.00031
-0.00015
-0.00018
-0.00027
-0.00037
-0.00046
-0.00046
-0.00043
-0.00031
-0.00031
-0.00018
-0.00021
-0.00027
-0.00027
-0.00021
-0.00024
-0.00031
-0.00018
-0.00015
-0.00015
-0.00018
-0.00012
-0.00015
-0.00027
-0.00031
-0.00024
-0.00015
-0.00018
-0.00015
-0.00012
-0.00031
-0.00040
-0.00043
-0.00031
-0.00034
-0.00021
-0.00006
-0.00009
-0.00015
-0.00021
-0.00027
-0.00031
-0.00031
-0.00027
-0.00024
-0.00024
-0.00031
-0.00037
-0.00043
-0.00034
-0.00031
-0.00021
-0.00015
-0.00009
-0.00009
-0.00018
-0.00021
-0.00024
-0.00018
-0.00015
-0.00009
-0.00003
-0.00009
-0.00015
-0.00021
-0.00021
-0.00024
-0.00024
-0.00015
-0.00018
-0.00012
-0.00018
-0.00027
-0.00021
-0.00012
-0.00012
-0.00006
-0.00015
-0.00006
-0.00031
0.00000
-0.00049
0.00024
-0.00049
0.00009
-0.00018
-0.00085
0.00137
-0.00314
-0.01151
-0.13309
-0.06717
-0.06973
0.01117
0.15512
0.12949
0.06671
-0.02353
0.01453
-0.03488
-0.04388
-0.04120
-0.01138
0.01590
0.02628
-0.00421
0.00766
0.01324
-0.02039
-0.00269
0.02567
0.00571
-0.01138
0.00403
0.00293
0.00259
0.00339
-0.00183
-0.00983
0.00430
-0.00363
-0.00677
0.00336
0.00671
-0.00314
0.00000
0.00745
0.00119
0.00003
0.00348
0.00433
-0.00378
-0.00174
-0.00076
0.00156
0.00089
0.00269
-0.00052
-0.00110
-0.00220
-0.00003
0.00009
0.00641
0.00607
0.00131
0.00339
0.00259
-0.00113
-0.00314
-0.00058
0.00021
-0.00256
-0.00150
0.00034
-0.00143
-0.00037
-0.00018
0.00085
0.00070
-0.00052
0.00076
0.00034
0.00244
0.00076
0.00000
0.00027
-0.00079
-0.00278
-0.00201
-0.00150
-0.00012
-0.00305
-0.00171
0.00000
-0.00031
0.00058
0.00174
0.00180
0.00055
-0.00024
-0.00003
-0.00183
-0.00119
-0.00208
-0.00192
-0.00040
-0.00153
-0.00082
-0.00125
-0.00125
-0.00192
-0.00195
0.00003
-0.00006
-0.00079
-0.00009
0.00122
0.00189
0.00104
0.00079
0.00092
-0.00049
-0.00143
-0.00168
-0.00159
-0.00211
-0.00256
-0.00201
-0.00171
-0.00165
-0.00101
0.00009
0.00073
0.00092
0.00107
0.00067
-0.00046
-0.00143
-0.00174
-0.00150
-0.00131
-0.00104
-0.00052
-0.00055
-0.00125
-0.00143
-0.00082
0.00012
0.00000
0.00006
0.00009
0.00003
0.00000
0.00009
0.00079
0.00082
0.00040
0.00003
-0.00012
-0.00031
-0.00082
-0.00104
-0.00076
-0.00073
-0.00073
-0.00058
-0.00018
-0.00003
0.00000
0.00040
0.00052
0.00040
0.00018
0.00009
0.00012
-0.00009
-0.00040
-0.00037
-0.00049
-0.00037
-0.00037
-0.00003
0.00037
0.00049
0.00055
0.00049
0.00082
0.00070
0.00085
0.00098
0.00079
0.00027
-0.00027
-0.00049
-0.00064
-0.00073
-0.00073
-0.00064
-0.00067
-0.00076
-0.00098
-0.00055
0.00000
0.00000
0.00000
0.00000
0.00000
0.00000
0.00000
0.00000
0.00000
0.00000
0.00000
0.00000
0.00000
0.00000
0.00000
0.00000
0.00000
0.00000
0.00000
0.00000
0.00000
0.00000
0.00000
0.00000
0.00000
0.00000
0.00000
0.00000
0.00000
0.00000
0.00000
0.00000
0.00000
0.00000
0.00000
0.00000
0.00000
0.00000
0.00000
0.00000
0.00000
0.00000
0.00000
0.00000
0.00000
0.00000
0.00000
0.00000
0.00000
0.00000
0.00000
0.00000
0.00000
0.00000
0.00000
0.00000
0.00000
0.00000
0.00000
0.00000
0.00000
0.00000
0.00000
0.00000
0.00000
0.00000
0.00000
0.00000
0.00000
0.00000
0.00000
0.00000
0.00000
0.00000
0.00000
0.00000
0.00000
0.00000
0.00000
0.00000
0.00000
0.00000
0.00000
0.00000
0.00000
0.00000
0.00000
0.00000
0.00000
0.00000
0.00000
0.00000
0.00000
0.00000
0.00000
0.00000
0.00000
0.00000
0.00000
0.00000
0.00000
0.00000
0.00000
0.00000
0.00000
0.00000
0.00000
0.00000
0.00000
0.00000
0.00000
0.00000
0.00000
0.00000
0.00000
0.00000
0.00000
0.00000
0.00000
0.00000
0.00000
0.00000
0.00000
0.00000
0.00000
0.00000
0.00000
0.00000
0.00000
0.00000
0.00000
0.00000
0.00000
