-0.00015
-0.00021
-0.00018
-0.00015
-0.00018
-0.00024
-0.00027
-0.00027
-0.00027
-0.00018
-0.00018
-0.00018
-0.00018
-0.00012
-0.00018
-0.00024
-0.00031
-0.00027
-0.00027
-0.00018
-0.00015
-0.00018
-0.00015
-0.00018
-0.00012
-0.00006
-0.00006
-0.00006
-0.00009
-0.00009
-0.00009
-0.00009
-0.00015
-0.00021
-0.00021
-0.00012
-0.00012
-0.00012
-0.00006
-0.00012
-0.00012
-0.00012
-0.00012
-0.00006
-0.00012
-0.00009
-0.00003
-0.00006
-0.00009
-0.00012
-0.00018
-0.00021
-0.00021
-0.00015
-0.00024
-0.00034
-0.00009
-0.00018
-0.00021
-0.00021
-0.00024
-0.00027
-0.00024
-0.00012
-0.00015
-0.00015
-0.00015
-0.00015
-0.00012
-0.00015
-0.00012
-0.00015
-0.00018
-0.00012
-0.00015
-0.00015
-0.00003
-0.00009
-0.00015
-0.00015
-0.00009
-0.00018
-0.00018
-0.00003
-0.00006
-0.00009
-0.00009
-0.00009
-0.00006
-0.00015
-0.00024
-0.00015
-0.00006
-0.00006
-0.00009
-0.00003
-0.00009
-0.00006
-0.00006
-0.00006
-0.00006
-0.00021
-0.00015
-0.00009
-0.00009
-0.00018
-0.00021
-0.00015
-0.00024
-0.00024
-0.00021
-0.00018
-0.00018
-0.00015
-0.00009
-0.00006
-0.00006
-0.00012
-0.00006
-0.00012
-0.00018
-0.00018
-0.00015
-0.00015
-0.00015
-0.00006
-0.00003
-0.00003
0.00000
0.00000
-0.00003
-0.00009
-0.00012
-0.00012
-0.00006
-0.00009
-0.00009
-0.00012
-0.00015
-0.00015
-0.00015
-0.00012
-0.00003
0.00000
-0.00006
-0.00003
0.00000
-0.00009
-0.00009
-0.00009
-0.00012
-0.00015
-0.00006
-0.00003
-0.00006
0.00000
-0.00003
-0.00006
-0.00009
-0.00018
-0.00009
-0.00012
-0.00015
-0.00012
-0.00006
-0.00003
-0.00006
-0.00006
0.00000
-0.00006
0.00006
-0.00012
0.00018
-0.00049
0.00037
-0.00070
0.00055
-0.00076
0.00046
-0.00021
-0.00003
-0.01831
-0.12390
-0.03848
0.00034
-0.00055
0.01996
0.01642
0.03030
0.02847
0.07318
0.02954
0.01077
-0.00272
-0.01685
-0.00177
0.00186
-0.03235
-0.02310
0.01343
0.00815
0.00793
0.02393
0.01035
-0.00687
0.00354
0.00229
-0.00443
0.00323
-0.00394
-0.01099
0.00424
0.00195
-0.00574
-0.00049
0.00839
0.00299
-0.00037
0.00473
0.00375
0.00064
0.00266
0.00537
0.00177
0.00113
0.00009
-0.00027
-0.00098
-0.00076
-0.00421
-0.00558
-0.00238
0.00070
-0.00073
0.00308
0.00598
0.00269
0.00229
0.00342
0.00235
-0.00006
-0.00037
-0.00006
-0.00217
-0.00232
-0.00177
-0.00192
-0.00046
-0.00064
0.00000
0.00076
0.00040
0.00003
-0.00055
0.00137
0.00119
-0.00027
-0.00055
-0.00095
-0.00113
-0.00171
-0.00177
-0.00018
-0.00180
-0.00101
-0.00015
0.00000
-0.00003
-0.00034
-0.00024
-0.00082
-0.00085
-0.00076
-0.00046
0.00027
-0.00095
-0.00076
-0.00040
-0.00137
-0.00201
-0.00223
-0.00186
-0.00168
-0.00192
-0.00104
-0.00046
-0.00052
-0.00015
0.00027
0.00125
0.00104
0.00058
0.00085
0.00043
-0.00009
-0.00098
-0.00131
-0.00125
-0.00174
-0.00189
-0.00171
-0.00177
-0.00165
-0.00107
-0.00024
-0.00006
-0.00012
-0.00009
0.00000
-0.00012
-0.00043
-0.00031
-0.00043
-0.00095
-0.00119
-0.00116
-0.00125
-0.00134
-0.00107
-0.00031
-0.00015
-0.00021
-0.00012
0.00027
0.00061
0.00049
0.00076
0.00079
0.00040
-0.00003
-0.00012
0.00003
-0.00021
-0.00070
-0.00079
-0.00085
-0.00082
-0.00073
-0.00040
-0.00018
-0.00018
0.00000
0.00018
0.00055
0.00064
0.00052
0.00043
0.00037
0.00009
-0.00021
-0.00034
-0.00037
-0.00058
-0.00052
-0.00021
-0.00006
0.00018
0.00031
0.00073
0.00037
-0.00009
-0.00031
-0.00064
-0.00052
-0.00009
0.00000
0.00000
0.00000
0.00000
0.00000
0.00000
0.00000
0.00000
0.00000
0.00000
0.00000
0.00000
0.00000
0.00000
0.00000
0.00000
0.00000
0.00000
0.00000
0.00000
0.00000
0.00000
0.00000
0.00000
0.00000
0.00000
0.00000
0.00000
0.00000
0.00000
0.00000
0.00000
0.00000
0.00000
0.00000
0.00000
0.00000
0.00000
0.00000
0.00000
0.00000
0.00000
0.00000
0.00000
0.00000
0.00000
0.00000
0.00000
0.00000
0.00000
0.00000
0.00000
0.00000
0.00000
0.00000
0.00000
0.00000
0.00000
0.00000
0.00000
0.00000
0.00000
0.00000
0.00000
0.00000
0.00000
0.00000
0.00000
0.00000
0.00000
0.00000
0.00000
0.00000
0.00000
0.00000
0.00000
0.00000
0.00000
0.00000
0.00000
0.00000
0.00000
0.00000
0.00000
0.00000
0.00000
0.00000
0.00000
0.00000
0.00000
0.00000
0.00000
0.00000
0.00000
0.00000
0.00000
0.00000
0.00000
0.00000
0.00000
0.00000
0.00000
0.00000
0.00000
0.00000
0.00000
0.00000
0.00000
0.00000
0.00000
0.00000
0.00000
0.00000
0.00000
0.00000
0.00000
0.00000
0.00000
0.00000
0.00000
0.00000
0.00000
0.00000
0.00000
0.00000
0.00000
0.00000
0.00000
0.00000
0.00000
0.00000
0.00000
0.00000
0.00000
0.00000
0.00000
0.00000
0.00000
0.00000
0.00000
0.00000
0.00000
0.00000
0.00000
0.00000
0.00000
0.00000
