-0.00021
-0.00021
-0.00015
-0.00009
-0.00009
-0.00009
-0.00006
-0.00012
-0.00012
-0.00009
-0.00009
-0.00015
-0.00009
-0.00009
-0.00018
-0.00024
-0.00024
-0.00024
-0.00021
-0.00012
-0.00012
-0.00012
-0.00009
-0.00009
-0.00012
-0.00009
-0.00012
-0.00015
-0.00012
-0.00015
-0.00021
-0.00021
-0.00015
-0.00018
-0.00015
-0.00009
-0.00009
-0.00009
-0.00012
-0.00015
-0.00009
-0.00012
-0.00018
-0.00012
-0.00012
-0.00021
-0.00018
-0.00015
-0.00009
-0.00012
-0.00012
-0.00015
-0.00012
-0.00024
-0.00034
-0.00009
-0.00021
-0.00015
-0.00015
-0.00006
-0.00012
-0.00018
-0.00009
-0.00012
-0.00012
-0.00015
-0.00012
-0.00012
-0.00009
-0.00012
-0.00015
-0.00009
-0.00009
-0.00015
-0.00018
-0.00012
-0.00021
-0.00024
-0.00012
-0.00006
-0.00012
-0.00015
-0.00006
-0.00012
-0.00012
-0.00006
-0.00012
-0.00015
-0.00015
-0.00018
-0.00018
-0.00012
-0.00006
-0.00012
-0.00006
-0.00003
-0.00009
-0.00012
-0.00006
-0.00006
-0.00018
-0.00009
-0.00006
-0.00015
-0.00012
-0.00006
-0.00006
-0.00012
-0.00012
-0.00012
-0.00012
-0.00009
-0.00003
-0.00003
-0.00003
-0.00006
-0.00012
-0.00018
-0.00012
-0.00009
-0.00012
-0.00015
-0.00006
-0.00009
-0.00009
-0.00006
-0.00006
-0.00009
-0.00009
-0.00012
-0.00018
-0.00006
-0.00006
-0.00006
-0.00006
-0.00006
-0.00012
-0.00012
-0.00003
-0.00009
-0.00003
-0.00006
-0.00003
-0.00003
-0.00006
-0.00009
-0.00009
-0.00009
-0.00015
-0.00009
-0.00009
-0.00009
-0.00012
-0.00009
-0.00006
-0.00009
-0.00003
-0.00003
-0.00003
0.00000
-0.00006
-0.00009
-0.00006
-0.00006
-0.00006
-0.00006
-0.00009
-0.00006
-0.00012
0.00003
-0.00021
0.00018
-0.00055
0.00049
-0.00098
0.00082
-0.00128
0.00113
-0.00113
0.00128
-0.02493
-0.13211
-0.03134
0.00012
0.00607
0.02267
0.01749
0.02911
0.03165
0.07404
0.02277
0.00867
-0.00552
-0.01355
0.00177
0.00262
-0.03458
-0.02155
0.01367
0.00583
0.00778
0.02512
0.00870
-0.00665
0.00558
0.00262
-0.00354
0.00244
-0.00458
-0.01175
0.00479
0.00024
-0.00677
0.00055
0.00937
0.00351
0.00116
0.00528
0.00272
0.00049
0.00247
0.00415
0.00116
0.00110
0.00021
0.00043
-0.00031
-0.00070
-0.00381
-0.00534
-0.00266
0.00049
-0.00110
0.00293
0.00580
0.00266
0.00238
0.00394
0.00204
-0.00082
-0.00049
-0.00015
-0.00250
-0.00247
-0.00150
-0.00214
-0.00037
-0.00085
-0.00015
0.00082
0.00061
0.00003
-0.00064
0.00162
0.00104
-0.00049
-0.00064
-0.00098
-0.00140
-0.00146
-0.00171
-0.00067
-0.00171
-0.00140
-0.00040
0.00027
-0.00018
-0.00061
0.00000
-0.00061
-0.00128
-0.00064
-0.00085
-0.00006
-0.00107
-0.00085
-0.00046
-0.00122
-0.00180
-0.00229
-0.00180
-0.00171
-0.00211
-0.00107
-0.00052
-0.00061
-0.00009
0.00037
0.00110
0.00092
0.00058
0.00073
0.00031
-0.00018
-0.00110
-0.00131
-0.00153
-0.00211
-0.00204
-0.00186
-0.00195
-0.00183
-0.00107
-0.00015
0.00000
0.00003
0.00006
-0.00012
-0.00037
-0.00067
-0.00058
-0.00070
-0.00122
-0.00140
-0.00140
-0.00134
-0.00140
-0.00110
-0.00031
-0.00009
-0.00018
-0.00027
0.00012
0.00052
0.00040
0.00067
0.00073
0.00043
-0.00003
-0.00021
-0.00003
-0.00037
-0.00082
-0.00092
-0.00085
-0.00085
-0.00095
-0.00049
-0.00024
-0.00040
-0.00015
0.00012
0.00046
0.00049
0.00040
0.00049
0.00024
-0.00003
-0.00024
-0.00037
-0.00046
-0.00067
-0.00055
-0.00040
-0.00018
0.00003
0.00024
0.00076
0.00085
0.00092
0.00043
-0.00015
-0.00082
-0.00131
-0.00095
-0.00037
0.00046
0.00000
0.00000
0.00000
0.00000
0.00000
0.00000
0.00000
0.00000
0.00000
0.00000
0.00000
0.00000
0.00000
0.00000
0.00000
0.00000
0.00000
0.00000
0.00000
0.00000
0.00000
0.00000
0.00000
0.00000
0.00000
0.00000
0.00000
0.00000
0.00000
0.00000
0.00000
0.00000
0.00000
0.00000
0.00000
0.00000
0.00000
0.00000
0.00000
0.00000
0.00000
0.00000
0.00000
0.00000
0.00000
0.00000
0.00000
0.00000
0.00000
0.00000
0.00000
0.00000
0.00000
0.00000
0.00000
0.00000
0.00000
0.00000
0.00000
0.00000
0.00000
0.00000
0.00000
0.00000
0.00000
0.00000
0.00000
0.00000
0.00000
0.00000
0.00000
0.00000
0.00000
0.00000
0.00000
0.00000
0.00000
0.00000
0.00000
0.00000
0.00000
0.00000
0.00000
0.00000
0.00000
0.00000
0.00000
0.00000
0.00000
0.00000
0.00000
0.00000
0.00000
0.00000
0.00000
0.00000
0.00000
0.00000
0.00000
0.00000
0.00000
0.00000
0.00000
0.00000
0.00000
0.00000
0.00000
0.00000
0.00000
0.00000
0.00000
0.00000
0.00000
0.00000
0.00000
0.00000
0.00000
0.00000
0.00000
0.00000
0.00000
0.00000
0.00000
0.00000
0.00000
0.00000
0.00000
0.00000
0.00000
0.00000
0.00000
0.00000
0.00000
0.00000
0.00000
0.00000
0.00000
0.00000
0.00000
0.00000
0.00000
0.00000
0.00000
0.00000
0.00000
