-0.00009
-0.00012
-0.00009
-0.00012
-0.00012
-0.00009
-0.00009
-0.00009
-0.00009
-0.00009
-0.00015
-0.00012
-0.00009
-0.00015
-0.00009
-0.00006
-0.00009
-0.00012
-0.00012
-0.00012
-0.00015
-0.00015
-0.00018
-0.00015
-0.00009
-0.00009
-0.00006
-0.00003
-0.00003
-0.00006
-0.00009
-0.00015
-0.00012
-0.00012
-0.00015
-0.00012
-0.00015
-0.00009
-0.00006
-0.00006
-0.00003
-0.00006
-0.00009
-0.00009
-0.00009
-0.00006
-0.00003
-0.00009
-0.00006
-0.00006
-0.00012
-0.00012
-0.00012
-0.00012
-0.00009
-0.00006
-0.00006
-0.00003
0.00000
-0.00003
-0.00006
0.00000
-0.00003
-0.00012
-0.00012
-0.00009
-0.00012
-0.00012
-0.00009
-0.00009
-0.00009
-0.00006
-0.00003
-0.00009
-0.00006
-0.00003
-0.00009
-0.00009
-0.00009
-0.00006
-0.00006
-0.00003
-0.00006
-0.00009
-0.00009
-0.00009
-0.00009
-0.00003
0.00000
-0.00003
-0.00003
0.00000
-0.00006
-0.00012
-0.00012
-0.00006
-0.00006
-0.00009
-0.00006
-0.00003
-0.00006
-0.00006
-0.00003
-0.00006
-0.00003
-0.00003
-0.00003
-0.00006
-0.00006
-0.00003
-0.00009
-0.00006
0.00000
-0.00003
-0.00003
-0.00003
-0.00006
-0.00012
-0.00009
-0.00006
-0.00009
-0.00003
0.00000
0.00000
-0.00003
0.00000
-0.00003
-0.00006
-0.00003
0.00000
-0.00003
-0.00003
0.00000
-0.00006
-0.00006
-0.00006
-0.00006
-0.00006
-0.00003
-0.00003
-0.00003
0.00000
-0.00006
-0.00009
-0.00003
0.00000
0.00000
0.00000
0.00003
0.00000
-0.00006
-0.00009
-0.00009
-0.00006
-0.00009
0.00000
0.00000
0.00000
0.00000
0.00000
0.00000
-0.00006
-0.00003
-0.00009
-0.00009
-0.00003
-0.00003
0.00000
-0.00003
0.00000
0.00000
-0.00003
-0.00003
-0.00006
-0.00009
-0.00009
-0.00003
-0.00003
-0.00003
-0.00009
-0.00003
-0.00006
-0.00015
-0.00006
-0.00006
0.00000
-0.00003
-0.00003
-0.00006
0.00000
-0.00006
-0.00009
-0.00015
0.00006
-0.00021
0.00003
-0.00037
0.00037
-0.00043
0.00040
-0.00903
-0.02652
-0.02161
-0.02878
-0.00754
0.01892
0.02557
0.02130
0.01016
0.01141
-0.00186
-0.01620
-0.02164
-0.01605
-0.00476
0.00342
0.00797
0.01483
0.01431
0.00766
0.00641
0.00446
-0.00159
-0.00464
-0.00311
0.00009
0.00223
0.00259
0.00195
0.00107
0.00198
0.00070
0.00027
0.00119
0.00095
-0.00031
0.00070
0.00232
0.00211
0.00204
0.00238
0.00208
0.00040
-0.00040
0.00000
0.00034
0.00027
0.00018
0.00055
0.00046
-0.00009
0.00040
0.00058
0.00192
0.00244
0.00165
0.00128
0.00095
0.00046
-0.00037
-0.00003
0.00012
-0.00055
-0.00018
0.00046
0.00055
0.00021
-0.00018
0.00116
0.00027
0.00000
0.00085
0.00043
0.00049
0.00043
-0.00043
-0.00159
-0.00085
-0.00098
-0.00110
-0.00034
-0.00027
-0.00061
0.00043
0.00009
-0.00073
-0.00082
-0.00055
-0.00037
-0.00027
0.00003
-0.00043
-0.00034
-0.00031
-0.00113
-0.00131
-0.00140
-0.00137
-0.00098
-0.00043
-0.00031
-0.00040
-0.00043
-0.00058
-0.00098
-0.00116
-0.00116
-0.00076
-0.00021
-0.00012
-0.00024
-0.00049
-0.00070
-0.00058
-0.00055
-0.00073
-0.00116
-0.00122
-0.00092
-0.00070
-0.00058
-0.00049
-0.00052
-0.00055
-0.00043
-0.00021
-0.00058
-0.00125
-0.00119
-0.00082
-0.00064
-0.00079
-0.00107
-0.00110
-0.00113
-0.00085
-0.00040
-0.00027
-0.00052
-0.00082
-0.00076
-0.00067
-0.00061
-0.00052
-0.00040
-0.00034
-0.00037
-0.00034
-0.00021
-0.00021
-0.00031
-0.00037
-0.00040
-0.00049
-0.00052
-0.00046
-0.00046
-0.00027
-0.00024
-0.00040
-0.00040
-0.00034
-0.00027
-0.00027
-0.00015
-0.00009
-0.00034
-0.00049
-0.00043
-0.00031
-0.00021
-0.00031
-0.00034
-0.00024
-0.00009
0.00003
0.00006
0.00000
-0.00018
-0.00049
-0.00076
-0.00085
-0.00082
-0.00104
-0.00104
-0.00079
-0.00027
-0.00003
0.00000
0.00000
0.00000
0.00000
0.00000
0.00000
0.00000
0.00000
0.00000
0.00000
0.00000
0.00000
0.00000
0.00000
0.00000
0.00000
0.00000
0.00000
0.00000
0.00000
0.00000
0.00000
0.00000
0.00000
0.00000
0.00000
0.00000
0.00000
0.00000
0.00000
0.00000
0.00000
0.00000
0.00000
0.00000
0.00000
0.00000
0.00000
0.00000
0.00000
0.00000
0.00000
0.00000
0.00000
0.00000
0.00000
0.00000
0.00000
0.00000
0.00000
0.00000
0.00000
0.00000
0.00000
0.00000
0.00000
0.00000
0.00000
0.00000
0.00000
0.00000
0.00000
0.00000
0.00000
0.00000
0.00000
0.00000
0.00000
0.00000
0.00000
0.00000
0.00000
0.00000
0.00000
0.00000
0.00000
0.00000
0.00000
0.00000
0.00000
0.00000
0.00000
0.00000
0.00000
0.00000
0.00000
0.00000
0.00000
0.00000
0.00000
0.00000
0.00000
0.00000
0.00000
0.00000
0.00000
0.00000
0.00000
0.00000
0.00000
0.00000
0.00000
0.00000
0.00000
0.00000
0.00000
0.00000
0.00000
0.00000
0.00000
0.00000
0.00000
0.00000
0.00000
0.00000
0.00000
0.00000
0.00000
0.00000
0.00000
0.00000
0.00000
0.00000
0.00000
