0.00000
0.00006
0.00006
0.00000
-0.00009
-0.00009
-0.00012
-0.00018
-0.00006
0.00006
0.00006
0.00009
0.00006
-0.00006
-0.00009
0.00000
-0.00009
-0.00012
0.00000
0.00000
0.00000
0.00006
0.00003
0.00000
0.00000
-0.00003
0.00000
0.00000
0.00000
0.00000
0.00000
-0.00003
-0.00003
0.00006
0.00006
0.00000
0.00000
0.00000
0.00000
0.00000
0.00000
0.00000
0.00003
0.00003
0.00000
0.00000
0.00000
0.00000
-0.00003
0.00006
0.00012
0.00003
0.00000
0.00000
0.00000
0.00000
0.00000
0.00009
0.00015
-0.00003
0.00012
-0.00003
0.00000
0.00006
0.00000
0.00003
0.00000
0.00012
0.00012
0.00003
0.00006
0.00015
0.00003
0.00000
0.00003
0.00000
-0.00003
0.00006
0.00009
0.00012
0.00024
0.00015
0.00003
0.00003
0.00000
0.00000
0.00006
0.00012
0.00009
0.00009
0.00012
0.00009
0.00015
0.00018
0.00012
0.00012
0.00006
0.00003
0.00006
0.00009
0.00003
0.00003
0.00015
0.00012
0.00015
0.00012
0.00018
0.00018
0.00009
0.00006
0.00012
0.00015
0.00003
0.00012
0.00021
0.00015
0.00012
0.00012
0.00003
0.00006
0.00012
0.00012
0.00015
0.00015
0.00009
0.00015
0.00018
0.00009
0.00003
0.00015
0.00009
0.00006
0.00024
0.00021
0.00012
0.00015
0.00012
0.00006
0.00018
0.00018
0.00015
0.00015
0.00018
0.00018
0.00009
0.00012
0.00009
0.00012
0.00012
0.00003
0.00012
0.00012
0.00018
0.00021
0.00031
0.00027
0.00009
0.00012
0.00006
0.00003
0.00009
0.00015
0.00021
0.00018
0.00024
0.00009
0.00012
0.00015
0.00003
0.00009
0.00021
0.00024
0.00021
0.00018
0.00027
0.00009
0.00021
-0.00003
0.00015
0.00021
-0.00043
0.00150
-0.00235
0.00421
-0.00638
-0.00024
-0.14139
-0.09976
-0.05923
-0.00613
0.17505
0.15234
0.08875
-0.02014
0.00394
-0.03369
-0.06604
-0.05255
-0.01306
0.02600
0.04144
-0.00070
0.00369
0.01675
-0.01953
-0.01135
0.02386
0.01187
-0.01434
0.00348
0.00549
0.00601
0.00412
0.00046
-0.01129
0.00192
-0.00266
-0.00919
0.00189
0.00757
0.00034
0.00055
0.01028
0.00436
0.00107
0.00253
0.00436
-0.00540
-0.00577
-0.00406
0.00037
0.00104
0.00510
0.00259
0.00040
-0.00278
-0.00070
0.00006
0.00665
0.00909
0.00238
0.00195
0.00211
-0.00122
-0.00336
-0.00055
0.00052
-0.00299
-0.00244
0.00104
-0.00076
0.00000
0.00043
0.00061
0.00156
-0.00079
0.00037
0.00031
0.00262
0.00153
-0.00018
-0.00015
-0.00113
-0.00311
-0.00183
-0.00122
0.00055
-0.00128
-0.00153
-0.00137
-0.00061
0.00024
0.00079
0.00262
0.00150
-0.00034
0.00015
-0.00070
-0.00131
-0.00201
-0.00226
-0.00104
-0.00162
-0.00104
-0.00076
-0.00076
-0.00110
-0.00189
-0.00079
0.00012
-0.00089
-0.00031
0.00131
0.00229
0.00171
0.00125
0.00122
-0.00049
-0.00174
-0.00211
-0.00214
-0.00208
-0.00232
-0.00186
-0.00140
-0.00128
-0.00098
0.00000
0.00076
0.00076
0.00085
0.00079
-0.00018
-0.00119
-0.00140
-0.00116
-0.00131
-0.00150
-0.00101
-0.00073
-0.00107
-0.00104
-0.00070
0.00000
-0.00006
0.00015
0.00046
0.00031
0.00009
-0.00021
0.00043
0.00082
0.00037
0.00000
-0.00024
-0.00031
-0.00061
-0.00092
-0.00070
-0.00089
-0.00104
-0.00061
0.00012
0.00052
0.00012
0.00003
0.00015
0.00012
0.00027
0.00043
0.00046
-0.00003
-0.00055
-0.00049
-0.00058
-0.00067
-0.00082
-0.00058
0.00000
0.00034
0.00073
0.00082
0.00122
0.00085
0.00055
0.00055
0.00031
0.00000
-0.00024
-0.00015
-0.00031
-0.00058
-0.00076
-0.00082
-0.00104
-0.00098
-0.00098
-0.00073
-0.00061
-0.00012
0.00034
0.00000
0.00006
0.00003
0.00128
0.00162
0.00153
0.00177
0.00171
0.00241
0.00180
0.00107
0.00125
0.00089
0.00079
0.00067
0.00021
-0.00031
-0.00113
-0.00107
-0.00085
-0.00098
-0.00073
-0.00070
-0.00024
0.00000
0.00000
0.00000
0.00000
0.00000
0.00000
0.00000
0.00000
0.00000
0.00000
0.00000
0.00000
0.00000
0.00000
0.00000
0.00000
0.00000
0.00000
0.00000
0.00000
0.00000
0.00000
0.00000
0.00000
0.00000
0.00000
0.00000
0.00000
0.00000
0.00000
0.00000
0.00000
0.00000
0.00000
0.00000
0.00000
0.00000
0.00000
0.00000
0.00000
0.00000
0.00000
0.00000
0.00000
0.00000
0.00000
0.00000
0.00000
0.00000
0.00000
0.00000
0.00000
0.00000
0.00000
0.00000
0.00000
0.00000
0.00000
0.00000
0.00000
0.00000
0.00000
0.00000
0.00000
0.00000
0.00000
0.00000
0.00000
0.00000
0.00000
0.00000
0.00000
0.00000
0.00000
0.00000
0.00000
0.00000
0.00000
0.00000
0.00000
0.00000
0.00000
0.00000
0.00000
0.00000
0.00000
0.00000
0.00000
0.00000
0.00000
0.00000
0.00000
0.00000
0.00000
0.00000
0.00000
0.00000
0.00000
0.00000
0.00000
0.00000
0.00000
0.00000
0.00000
0.00000
0.00000
0.00000
