-0.00021
-0.00018
-0.00018
-0.00021
-0.00024
-0.00024
-0.00027
-0.00031
-0.00027
-0.00024
-0.00024
-0.00024
-0.00018
-0.00021
-0.00027
-0.00024
-0.00027
-0.00027
-0.00024
-0.00021
-0.00024
-0.00024
-0.00027
-0.00034
-0.00031
-0.00027
-0.00027
-0.00021
-0.00021
-0.00024
-0.00031
-0.00031
-0.00034
-0.00031
-0.00031
-0.00031
-0.00027
-0.00027
-0.00027
-0.00027
-0.00027
-0.00027
-0.00027
-0.00027
-0.00027
-0.00024
-0.00021
-0.00031
-0.00031
-0.00027
-0.00034
-0.00034
-0.00031
-0.00024
-0.00027
-0.00024
-0.00037
-0.00031
-0.00027
-0.00034
-0.00034
-0.00027
-0.00024
-0.00031
-0.00027
-0.00024
-0.00034
-0.00037
-0.00034
-0.00027
-0.00027
-0.00027
-0.00031
-0.00031
-0.00031
-0.00034
-0.00037
-0.00027
-0.00027
-0.00031
-0.00031
-0.00031
-0.00034
-0.00037
-0.00031
-0.00027
-0.00031
-0.00027
-0.00024
-0.00031
-0.00031
-0.00031
-0.00027
-0.00024
-0.00027
-0.00034
-0.00034
-0.00027
-0.00034
-0.00040
-0.00031
-0.00024
-0.00031
-0.00031
-0.00024
-0.00031
-0.00037
-0.00034
-0.00034
-0.00037
-0.00034
-0.00031
-0.00031
-0.00027
-0.00027
-0.00027
-0.00024
-0.00024
-0.00031
-0.00034
-0.00034
-0.00034
-0.00034
-0.00037
-0.00031
-0.00027
-0.00031
-0.00027
-0.00027
-0.00027
-0.00031
-0.00034
-0.00034
-0.00034
-0.00034
-0.00031
-0.00027
-0.00031
-0.00034
-0.00037
-0.00027
-0.00031
-0.00034
-0.00031
-0.00031
-0.00034
-0.00037
-0.00034
-0.00034
-0.00031
-0.00031
-0.00027
-0.00027
-0.00034
-0.00037
-0.00031
-0.00034
-0.00034
-0.00034
-0.00031
-0.00037
-0.00034
-0.00034
-0.00037
-0.00031
-0.00031
-0.00034
-0.00027
-0.00031
-0.00037
-0.00034
-0.00031
-0.00031
-0.00031
-0.00021
-0.00046
0.00006
-0.00104
0.00082
-0.00217
0.00244
-0.00458
0.00250
-0.07413
-0.07996
-0.00229
-0.02188
-0.00266
0.01346
0.03262
0.02942
0.05896
0.05905
0.02039
0.00595
-0.02179
-0.02197
-0.00262
-0.01718
-0.02484
0.00632
0.01926
0.00610
0.01346
0.01492
-0.00653
-0.00516
0.00275
-0.00296
0.00043
0.00180
-0.00668
0.00043
0.00699
-0.00134
-0.00494
0.00177
0.00186
-0.00400
0.00027
0.00568
0.00491
0.00452
0.00781
0.00354
-0.00104
-0.00180
-0.00201
-0.00378
-0.00247
-0.00287
-0.00443
-0.00284
0.00122
0.00073
0.00070
0.00427
0.00278
0.00070
0.00305
0.00391
0.00156
0.00006
0.00000
-0.00150
-0.00296
-0.00204
-0.00153
-0.00085
-0.00024
-0.00116
-0.00058
-0.00034
-0.00012
-0.00052
0.00052
0.00162
0.00000
-0.00098
-0.00089
-0.00180
-0.00085
-0.00119
-0.00031
-0.00073
-0.00162
-0.00089
-0.00098
-0.00070
-0.00192
-0.00110
-0.00046
-0.00061
0.00015
-0.00024
0.00058
-0.00006
-0.00125
-0.00162
-0.00217
-0.00198
-0.00214
-0.00186
-0.00159
-0.00171
-0.00143
-0.00085
-0.00082
-0.00058
-0.00012
0.00064
0.00092
0.00037
0.00058
0.00049
0.00000
-0.00040
-0.00076
-0.00101
-0.00186
-0.00259
-0.00244
-0.00229
-0.00195
-0.00156
-0.00098
-0.00031
-0.00018
0.00009
0.00024
0.00006
-0.00031
-0.00073
-0.00089
-0.00128
-0.00153
-0.00140
-0.00122
-0.00119
-0.00140
-0.00092
-0.00034
-0.00018
-0.00015
-0.00006
0.00024
0.00009
0.00015
0.00049
0.00052
0.00031
-0.00009
-0.00006
-0.00024
-0.00089
-0.00107
-0.00092
-0.00076
-0.00079
-0.00067
-0.00040
-0.00027
-0.00018
0.00000
0.00021
0.00043
0.00034
0.00027
0.00034
0.00009
-0.00021
-0.00037
-0.00040
-0.00058
-0.00076
-0.00046
-0.00027
0.00000
-0.00003
-0.00043
-0.00037
-0.00046
-0.00012
0.00000
0.00000
0.00000
0.00000
0.00000
0.00000
0.00000
0.00000
0.00000
0.00000
0.00000
0.00000
0.00000
0.00000
0.00000
0.00000
0.00000
0.00000
0.00000
0.00000
0.00000
0.00000
0.00000
0.00000
0.00000
0.00000
0.00000
0.00000
0.00000
0.00000
0.00000
0.00000
0.00000
0.00000
0.00000
0.00000
0.00000
0.00000
0.00000
0.00000
0.00000
0.00000
0.00000
0.00000
0.00000
0.00000
0.00000
0.00000
0.00000
0.00000
0.00000
0.00000
0.00000
0.00000
0.00000
0.00000
0.00000
0.00000
0.00000
0.00000
0.00000
0.00000
0.00000
0.00000
0.00000
0.00000
0.00000
0.00000
0.00000
0.00000
0.00000
0.00000
0.00000
0.00000
0.00000
0.00000
0.00000
0.00000
0.00000
0.00000
0.00000
0.00000
0.00000
0.00000
0.00000
0.00000
0.00000
0.00000
0.00000
0.00000
0.00000
0.00000
0.00000
0.00000
0.00000
0.00000
0.00000
0.00000
0.00000
0.00000
0.00000
0.00000
0.00000
0.00000
0.00000
0.00000
0.00000
0.00000
0.00000
0.00000
0.00000
0.00000
0.00000
0.00000
0.00000
0.00000
0.00000
0.00000
0.00000
0.00000
0.00000
0.00000
0.00000
0.00000
0.00000
0.00000
0.00000
0.00000
0.00000
0.00000
0.00000
0.00000
0.00000
0.00000
0.00000
0.00000
0.00000
0.00000
0.00000
0.00000
0.00000
0.00000
0.00000
0.00000
0.00000
0.00000
0.00000
0.00000
0.00000
