0.00006
0.00000
-0.00003
0.00000
0.00000
0.00000
0.00000
-0.00003
0.00000
0.00000
-0.00003
0.00000
0.00000
-0.00003
0.00000
0.00000
0.00003
0.00000
0.00000
0.00000
0.00000
-0.00006
-0.00009
-0.00003
-0.00006
-0.00006
-0.00003
-0.00003
-0.00003
0.00000
0.00000
0.00000
0.00000
0.00000
0.00000
-0.00003
-0.00009
-0.00009
0.00000
0.00000
-0.00006
0.00000
0.00003
0.00003
-0.00003
-0.00006
-0.00006
-0.00006
-0.00006
0.00000
0.00003
0.00000
-0.00003
-0.00006
-0.00006
-0.00012
-0.00009
-0.00009
-0.00012
0.00000
0.00000
-0.00003
0.00000
-0.00003
-0.00009
0.00000
-0.00009
-0.00003
0.00000
-0.00009
-0.00012
-0.00015
-0.00003
-0.00006
-0.00006
0.00000
-0.00003
0.00000
0.00000
0.00000
0.00003
-0.00003
-0.00006
-0.00015
-0.00015
-0.00006
-0.00009
-0.00009
-0.00006
-0.00009
-0.00006
-0.00003
0.00000
-0.00009
-0.00015
-0.00015
-0.00015
-0.00006
0.00000
0.00000
0.00000
-0.00006
-0.00009
-0.00012
-0.00015
-0.00012
-0.00009
-0.00012
-0.00009
0.00000
-0.00009
-0.00006
-0.00003
-0.00012
-0.00018
-0.00012
-0.00009
-0.00018
-0.00006
0.00000
-0.00003
-0.00012
-0.00012
-0.00012
-0.00015
-0.00012
-0.00012
-0.00006
-0.00003
-0.00012
-0.00012
-0.00003
-0.00003
-0.00009
-0.00009
-0.00009
-0.00018
-0.00021
-0.00018
-0.00012
-0.00012
-0.00006
-0.00006
-0.00006
-0.00012
-0.00015
-0.00021
-0.00021
-0.00018
-0.00015
-0.00006
-0.00006
-0.00009
-0.00009
-0.00012
-0.00012
-0.00015
-0.00021
-0.00021
-0.00015
-0.00012
-0.00006
-0.00006
-0.00015
-0.00018
-0.00021
-0.00018
-0.00018
-0.00015
-0.00015
-0.00021
-0.00012
-0.00012
-0.00018
-0.00012
-0.00012
-0.00018
-0.00018
-0.00024
-0.00015
-0.00024
-0.00006
-0.00034
0.00006
-0.00046
-0.00024
-0.00037
-0.00058
0.00043
-0.00122
-0.00891
-0.07187
-0.04626
-0.05515
-0.01706
0.07471
0.07834
0.06100
0.00726
0.01791
-0.00681
-0.02777
-0.02960
-0.02115
0.00339
0.01169
0.00000
0.00635
0.01077
-0.00577
-0.00095
0.01141
0.00269
-0.00571
0.00003
0.00079
0.00146
0.00229
-0.00095
-0.00613
0.00046
-0.00241
-0.00500
0.00095
0.00385
0.00107
0.00278
0.00726
0.00320
0.00162
0.00296
0.00394
-0.00009
-0.00079
-0.00165
-0.00131
-0.00055
0.00107
0.00052
-0.00046
-0.00241
-0.00159
-0.00027
0.00391
0.00549
0.00287
0.00278
0.00186
0.00000
-0.00208
-0.00073
-0.00003
-0.00192
-0.00156
-0.00058
-0.00122
-0.00040
0.00021
0.00064
0.00122
0.00027
0.00034
-0.00049
0.00027
-0.00037
-0.00037
-0.00003
-0.00043
-0.00204
-0.00165
-0.00034
-0.00003
-0.00052
-0.00073
-0.00003
-0.00116
-0.00079
-0.00070
-0.00070
0.00006
-0.00095
-0.00006
-0.00049
0.00003
-0.00055
-0.00156
-0.00162
-0.00302
-0.00198
-0.00107
-0.00095
-0.00119
-0.00146
-0.00027
-0.00006
-0.00064
-0.00076
-0.00043
0.00012
0.00009
0.00021
0.00067
-0.00018
-0.00107
-0.00137
-0.00137
-0.00168
-0.00211
-0.00189
-0.00195
-0.00208
-0.00162
-0.00070
0.00015
0.00070
0.00061
-0.00003
-0.00104
-0.00156
-0.00146
-0.00116
-0.00125
-0.00146
-0.00125
-0.00095
-0.00089
-0.00095
-0.00079
-0.00046
-0.00043
-0.00021
-0.00006
-0.00031
-0.00064
-0.00058
0.00012
0.00055
0.00012
-0.00049
-0.00092
-0.00092
-0.00073
-0.00058
-0.00049
-0.00085
-0.00113
-0.00098
-0.00052
-0.00009
-0.00012
0.00000
0.00000
-0.00009
-0.00015
-0.00012
-0.00003
-0.00021
-0.00049
-0.00058
-0.00055
-0.00052
-0.00046
-0.00021
-0.00003
-0.00012
-0.00006
0.00000
0.00000
0.00000
0.00000
0.00000
0.00000
0.00000
0.00000
0.00000
0.00000
0.00000
0.00000
0.00000
0.00000
0.00000
0.00000
0.00000
0.00000
0.00000
0.00000
0.00000
0.00000
0.00000
0.00000
0.00000
0.00000
0.00000
0.00000
0.00000
0.00000
0.00000
0.00000
0.00000
0.00000
0.00000
0.00000
0.00000
0.00000
0.00000
0.00000
0.00000
0.00000
0.00000
0.00000
0.00000
0.00000
0.00000
0.00000
0.00000
0.00000
0.00000
0.00000
0.00000
0.00000
0.00000
0.00000
0.00000
0.00000
0.00000
0.00000
0.00000
0.00000
0.00000
0.00000
0.00000
0.00000
0.00000
0.00000
0.00000
0.00000
0.00000
0.00000
0.00000
0.00000
0.00000
0.00000
0.00000
0.00000
0.00000
0.00000
0.00000
0.00000
0.00000
0.00000
0.00000
0.00000
0.00000
0.00000
0.00000
0.00000
0.00000
0.00000
0.00000
0.00000
0.00000
0.00000
0.00000
0.00000
0.00000
0.00000
0.00000
0.00000
0.00000
0.00000
0.00000
0.00000
0.00000
0.00000
0.00000
0.00000
0.00000
0.00000
0.00000
0.00000
0.00000
0.00000
0.00000
0.00000
0.00000
0.00000
0.00000
0.00000
0.00000
0.00000
0.00000
0.00000
0.00000
0.00000
0.00000
0.00000
0.00000
0.00000
0.00000
0.00000
0.00000
0.00000
0.00000
0.00000
0.00000
0.00000
0.00000
0.00000
0.00000
0.00000
0.00000
0.00000
