0.00000
-0.00006
-0.00003
-0.00003
-0.00006
-0.00006
-0.00006
-0.00006
-0.00006
-0.00003
-0.00006
-0.00003
0.00003
0.00006
0.00003
0.00009
0.00006
-0.00006
-0.00012
-0.00009
-0.00009
-0.00006
-0.00003
-0.00003
-0.00006
-0.00006
-0.00006
-0.00003
-0.00006
0.00000
0.00003
0.00000
0.00000
0.00000
-0.00003
-0.00003
-0.00003
0.00000
0.00000
0.00000
-0.00003
-0.00003
-0.00003
-0.00003
-0.00003
0.00000
0.00003
0.00000
0.00000
-0.00006
-0.00012
-0.00012
-0.00009
0.00000
0.00000
0.00000
-0.00003
-0.00003
-0.00003
-0.00006
-0.00003
-0.00003
-0.00006
0.00000
0.00000
0.00003
0.00000
-0.00003
-0.00003
-0.00009
-0.00012
-0.00015
-0.00009
-0.00009
-0.00009
-0.00003
0.00000
-0.00003
-0.00009
-0.00003
0.00000
-0.00003
-0.00003
0.00000
0.00000
-0.00006
-0.00003
-0.00003
-0.00006
-0.00006
-0.00009
-0.00015
-0.00006
-0.00003
-0.00003
0.00000
-0.00006
-0.00012
-0.00009
-0.00003
-0.00003
-0.00003
-0.00003
-0.00003
-0.00003
0.00000
-0.00003
-0.00006
-0.00003
-0.00009
-0.00012
-0.00009
-0.00009
-0.00009
-0.00006
-0.00006
-0.00006
-0.00003
-0.00003
-0.00006
-0.00003
-0.00006
-0.00009
-0.00006
-0.00006
-0.00006
-0.00003
-0.00003
-0.00003
-0.00006
-0.00006
-0.00006
-0.00009
-0.00015
-0.00015
-0.00012
-0.00009
-0.00009
-0.00003
-0.00006
-0.00012
-0.00015
-0.00018
-0.00018
-0.00018
-0.00015
-0.00006
0.00000
-0.00003
-0.00006
-0.00006
-0.00009
-0.00012
-0.00018
-0.00018
-0.00015
-0.00015
-0.00009
-0.00009
-0.00009
-0.00006
-0.00006
-0.00006
-0.00009
-0.00012
-0.00012
-0.00012
-0.00009
-0.00009
-0.00006
-0.00006
-0.00012
-0.00015
-0.00015
-0.00015
-0.00021
-0.00018
-0.00009
-0.00012
-0.00018
-0.00012
-0.00015
-0.00021
-0.00018
-0.00018
-0.00009
-0.00009
-0.00009
-0.00003
-0.00018
-0.00015
-0.00040
-0.00009
-0.00018
0.00006
-0.00034
0.00000
-0.00629
-0.02356
-0.02100
-0.01971
-0.01767
-0.00443
0.01236
0.02435
0.01993
0.01599
0.00876
0.00027
-0.00430
-0.00854
-0.00439
0.00040
-0.00253
-0.00201
0.00232
0.00162
-0.00021
0.00079
0.00034
-0.00046
0.00079
0.00177
0.00223
0.00519
0.00601
0.00330
0.00235
0.00085
-0.00125
-0.00104
0.00000
0.00012
0.00110
0.00238
0.00305
0.00281
0.00259
0.00198
0.00125
0.00027
-0.00076
-0.00003
0.00031
0.00024
0.00027
-0.00021
-0.00012
0.00034
0.00034
0.00046
0.00140
0.00186
0.00180
0.00201
0.00159
0.00049
0.00000
0.00015
0.00015
0.00006
-0.00037
-0.00079
-0.00085
-0.00012
0.00043
0.00061
0.00092
0.00055
-0.00018
-0.00012
-0.00027
-0.00092
0.00012
0.00046
0.00000
-0.00021
-0.00024
-0.00024
-0.00034
-0.00067
-0.00113
-0.00082
-0.00070
-0.00076
-0.00055
-0.00034
-0.00055
-0.00061
-0.00061
-0.00061
-0.00046
-0.00040
-0.00037
-0.00070
-0.00095
-0.00119
-0.00131
-0.00113
-0.00119
-0.00110
-0.00067
-0.00061
-0.00073
-0.00085
-0.00055
-0.00009
-0.00006
0.00000
-0.00024
-0.00049
-0.00070
-0.00089
-0.00085
-0.00113
-0.00125
-0.00146
-0.00159
-0.00150
-0.00128
-0.00082
-0.00037
-0.00006
0.00000
-0.00003
-0.00012
-0.00058
-0.00082
-0.00079
-0.00076
-0.00092
-0.00119
-0.00131
-0.00128
-0.00110
-0.00085
-0.00064
-0.00055
-0.00049
-0.00034
-0.00012
-0.00021
-0.00031
-0.00021
-0.00012
-0.00012
-0.00021
-0.00024
-0.00034
-0.00055
-0.00070
-0.00064
-0.00064
-0.00070
-0.00058
-0.00040
-0.00031
-0.00021
-0.00012
-0.00009
-0.00006
0.00000
-0.00006
-0.00006
0.00000
0.00000
0.00000
0.00000
0.00000
0.00000
0.00000
0.00000
0.00000
0.00000
0.00000
0.00000
0.00000
0.00000
0.00000
0.00000
0.00000
0.00000
0.00000
0.00000
0.00000
0.00000
0.00000
0.00000
0.00000
0.00000
0.00000
0.00000
0.00000
0.00000
0.00000
0.00000
0.00000
0.00000
0.00000
0.00000
0.00000
0.00000
0.00000
0.00000
0.00000
0.00000
0.00000
0.00000
0.00000
0.00000
0.00000
0.00000
0.00000
0.00000
0.00000
0.00000
0.00000
0.00000
0.00000
0.00000
0.00000
0.00000
0.00000
0.00000
0.00000
0.00000
0.00000
0.00000
0.00000
0.00000
0.00000
0.00000
0.00000
0.00000
0.00000
0.00000
0.00000
0.00000
0.00000
0.00000
0.00000
0.00000
0.00000
0.00000
0.00000
0.00000
0.00000
0.00000
0.00000
0.00000
0.00000
0.00000
0.00000
0.00000
0.00000
0.00000
0.00000
0.00000
0.00000
0.00000
0.00000
0.00000
0.00000
0.00000
0.00000
0.00000
0.00000
0.00000
0.00000
0.00000
0.00000
0.00000
0.00000
0.00000
0.00000
0.00000
0.00000
0.00000
0.00000
0.00000
0.00000
0.00000
0.00000
0.00000
0.00000
0.00000
0.00000
0.00000
0.00000
0.00000
0.00000
0.00000
0.00000
0.00000
0.00000
0.00000
0.00000
0.00000
0.00000
0.00000
0.00000
0.00000
0.00000
0.00000
0.00000
0.00000
0.00000
0.00000
0.00000
0.00000
0.00000
0.00000
