-0.00015
-0.00015
-0.00015
-0.00012
-0.00012
-0.00015
-0.00015
-0.00018
-0.00021
-0.00018
-0.00018
-0.00018
-0.00012
-0.00012
-0.00018
-0.00018
-0.00018
-0.00021
-0.00021
-0.00018
-0.00012
-0.00009
-0.00009
-0.00015
-0.00015
-0.00015
-0.00018
-0.00015
-0.00015
-0.00018
-0.00015
-0.00015
-0.00018
-0.00012
-0.00012
-0.00009
-0.00012
-0.00009
-0.00009
-0.00015
-0.00015
-0.00015
-0.00012
-0.00009
-0.00009
-0.00009
-0.00012
-0.00012
-0.00015
-0.00015
-0.00012
-0.00006
-0.00006
-0.00006
-0.00003
-0.00009
-0.00015
-0.00015
-0.00009
-0.00009
-0.00012
-0.00009
-0.00006
-0.00009
-0.00009
-0.00006
-0.00006
-0.00009
-0.00006
-0.00009
-0.00012
-0.00006
-0.00009
-0.00006
0.00000
0.00000
-0.00009
-0.00009
-0.00006
-0.00003
0.00000
0.00000
0.00000
0.00000
-0.00003
-0.00003
0.00000
0.00000
-0.00006
-0.00006
-0.00003
0.00000
-0.00003
-0.00003
-0.00006
-0.00003
-0.00003
0.00000
0.00003
0.00000
-0.00009
-0.00006
0.00000
0.00000
0.00000
0.00003
0.00003
0.00000
0.00000
0.00003
0.00000
0.00003
0.00000
-0.00003
0.00000
0.00000
-0.00003
0.00000
0.00003
0.00000
0.00003
0.00012
0.00003
0.00000
0.00006
0.00006
0.00000
0.00003
0.00006
0.00009
0.00003
0.00003
0.00009
0.00006
0.00003
0.00003
0.00003
0.00000
0.00000
0.00006
0.00015
0.00009
0.00009
0.00012
0.00009
0.00006
0.00003
0.00003
0.00000
0.00006
0.00009
0.00009
0.00012
0.00009
0.00009
0.00012
0.00009
0.00003
0.00003
0.00006
0.00006
0.00009
0.00012
0.00012
0.00009
0.00006
0.00006
0.00009
0.00009
0.00009
0.00015
0.00009
0.00012
0.00009
0.00009
0.00012
0.00006
0.00009
0.00006
0.00009
0.00003
0.00009
0.00021
0.00009
0.00009
0.00015
0.00012
0.00012
0.00000
0.00018
-0.00006
0.00021
-0.00006
0.00031
0.00012
0.00021
-0.00702
-0.03513
-0.02890
-0.03436
-0.01508
0.02844
0.04034
0.03375
0.01306
0.01215
0.00055
-0.01041
-0.01437
-0.01129
-0.00165
0.00146
-0.00195
0.00067
0.00101
-0.00464
-0.00217
0.00476
0.00436
0.00436
0.00717
0.00684
0.00662
0.00427
0.00052
-0.00238
-0.00012
-0.00021
-0.00107
-0.00009
0.00021
-0.00027
0.00168
0.00476
0.00443
0.00317
0.00269
0.00281
0.00067
-0.00012
0.00021
0.00003
0.00000
0.00055
0.00000
0.00037
0.00079
0.00058
0.00043
0.00214
0.00235
0.00143
0.00232
0.00223
0.00153
0.00107
0.00110
0.00046
-0.00079
-0.00082
-0.00031
-0.00015
-0.00003
-0.00003
0.00049
0.00061
0.00040
0.00043
0.00171
0.00150
0.00031
0.00140
0.00067
0.00018
0.00040
-0.00043
-0.00198
-0.00134
-0.00079
-0.00131
-0.00040
-0.00031
-0.00006
0.00095
0.00095
0.00024
-0.00018
0.00003
-0.00043
-0.00037
-0.00009
-0.00076
-0.00061
-0.00055
-0.00092
-0.00113
-0.00128
-0.00125
-0.00113
-0.00037
0.00021
0.00021
0.00012
0.00012
0.00003
0.00000
-0.00012
0.00000
-0.00009
-0.00015
-0.00034
-0.00085
-0.00143
-0.00171
-0.00128
-0.00079
-0.00064
-0.00067
-0.00067
-0.00037
-0.00003
0.00031
0.00049
0.00015
-0.00043
-0.00064
-0.00052
-0.00076
-0.00116
-0.00116
-0.00076
-0.00058
-0.00064
-0.00061
-0.00067
-0.00076
-0.00043
0.00015
0.00037
0.00003
-0.00031
-0.00015
-0.00003
-0.00015
-0.00015
-0.00015
-0.00024
-0.00034
-0.00031
-0.00027
-0.00046
-0.00064
-0.00049
-0.00027
-0.00009
0.00000
0.00012
0.00018
0.00009
0.00009
0.00003
-0.00006
-0.00015
-0.00027
-0.00018
-0.00012
-0.00006
-0.00015
-0.00027
-0.00024
0.00000
0.00031
0.00027
0.00012
0.00003
0.00000
0.00000
0.00000
0.00000
0.00000
0.00000
0.00000
0.00000
0.00000
0.00000
0.00000
0.00000
0.00000
0.00000
0.00000
0.00000
0.00000
0.00000
0.00000
0.00000
0.00000
0.00000
0.00000
0.00000
0.00000
0.00000
0.00000
0.00000
0.00000
0.00000
0.00000
0.00000
0.00000
0.00000
0.00000
0.00000
0.00000
0.00000
0.00000
0.00000
0.00000
0.00000
0.00000
0.00000
0.00000
0.00000
0.00000
0.00000
0.00000
0.00000
0.00000
0.00000
0.00000
0.00000
0.00000
0.00000
0.00000
0.00000
0.00000
0.00000
0.00000
0.00000
0.00000
0.00000
0.00000
0.00000
0.00000
0.00000
0.00000
0.00000
0.00000
0.00000
0.00000
0.00000
0.00000
0.00000
0.00000
0.00000
0.00000
0.00000
0.00000
0.00000
0.00000
0.00000
0.00000
0.00000
0.00000
0.00000
0.00000
0.00000
0.00000
0.00000
0.00000
0.00000
0.00000
0.00000
0.00000
0.00000
0.00000
0.00000
0.00000
0.00000
0.00000
0.00000
0.00000
0.00000
0.00000
0.00000
0.00000
0.00000
0.00000
0.00000
0.00000
0.00000
0.00000
0.00000
0.00000
0.00000
0.00000
0.00000
0.00000
0.00000
0.00000
0.00000
0.00000
0.00000
0.00000
0.00000
0.00000
0.00000
0.00000
0.00000
0.00000
0.00000
0.00000
0.00000
0.00000
