-0.00003
-0.00006
-0.00009
-0.00018
-0.00015
-0.00012
-0.00015
-0.00015
-0.00012
-0.00009
-0.00012
-0.00009
-0.00003
-0.00006
-0.00009
-0.00009
-0.00018
-0.00021
-0.00012
-0.00012
-0.00009
-0.00006
-0.00009
-0.00012
-0.00015
-0.00021
-0.00027
-0.00027
-0.00024
-0.00024
-0.00015
-0.00012
-0.00009
-0.00006
-0.00009
-0.00015
-0.00021
-0.00018
-0.00021
-0.00021
-0.00015
-0.00015
-0.00015
-0.00018
-0.00018
-0.00018
-0.00018
-0.00021
-0.00021
-0.00018
-0.00018
-0.00018
-0.00021
-0.00027
-0.00024
-0.00027
-0.00027
-0.00021
-0.00018
-0.00018
-0.00018
-0.00015
-0.00021
-0.00027
-0.00027
-0.00027
-0.00027
-0.00024
-0.00021
-0.00024
-0.00027
-0.00024
-0.00027
-0.00027
-0.00027
-0.00027
-0.00027
-0.00027
-0.00031
-0.00027
-0.00021
-0.00024
-0.00027
-0.00024
-0.00024
-0.00024
-0.00031
-0.00031
-0.00037
-0.00037
-0.00037
-0.00037
-0.00031
-0.00027
-0.00031
-0.00027
-0.00027
-0.00031
-0.00027
-0.00027
-0.00027
-0.00031
-0.00034
-0.00034
-0.00037
-0.00034
-0.00034
-0.00034
-0.00027
-0.00027
-0.00034
-0.00034
-0.00031
-0.00031
-0.00034
-0.00034
-0.00031
-0.00027
-0.00034
-0.00037
-0.00031
-0.00037
-0.00043
-0.00037
-0.00037
-0.00040
-0.00034
-0.00027
-0.00034
-0.00037
-0.00031
-0.00031
-0.00027
-0.00031
-0.00040
-0.00040
-0.00040
-0.00043
-0.00040
-0.00037
-0.00034
-0.00037
-0.00034
-0.00037
-0.00040
-0.00040
-0.00040
-0.00037
-0.00034
-0.00037
-0.00037
-0.00040
-0.00043
-0.00043
-0.00037
-0.00034
-0.00040
-0.00031
-0.00027
-0.00031
-0.00034
-0.00034
-0.00034
-0.00040
-0.00043
-0.00049
-0.00043
-0.00046
-0.00049
-0.00043
-0.00034
-0.00040
-0.00037
-0.00031
-0.00037
-0.00040
-0.00043
-0.00040
-0.00043
-0.00037
-0.00040
-0.00046
-0.00046
-0.00049
-0.00040
-0.00040
-0.00040
-0.00037
-0.00031
-0.00034
-0.00049
-0.00034
-0.00040
-0.00024
-0.00043
-0.00027
-0.00061
-0.00037
-0.00534
-0.02020
-0.01971
-0.01862
-0.01740
-0.00656
0.00775
0.01868
0.01654
0.01355
0.00876
0.00186
-0.00284
-0.00812
-0.00558
0.00003
-0.00082
-0.00046
0.00256
0.00153
-0.00150
0.00000
0.00146
0.00134
0.00168
0.00287
0.00381
0.00494
0.00378
0.00000
-0.00015
0.00073
-0.00043
-0.00061
0.00040
0.00076
0.00085
0.00186
0.00262
0.00177
0.00140
0.00110
0.00092
0.00006
-0.00021
0.00009
0.00018
0.00037
0.00000
-0.00034
0.00000
0.00018
-0.00021
0.00027
0.00146
0.00171
0.00137
0.00134
0.00098
0.00040
0.00018
0.00009
0.00012
-0.00031
-0.00092
-0.00116
-0.00034
0.00024
0.00000
0.00046
0.00061
0.00006
-0.00055
-0.00031
-0.00082
-0.00076
0.00015
-0.00018
-0.00009
-0.00046
-0.00067
-0.00034
-0.00021
-0.00107
-0.00128
-0.00085
-0.00098
-0.00107
-0.00070
-0.00055
-0.00085
-0.00082
-0.00067
-0.00037
-0.00055
-0.00082
-0.00089
-0.00101
-0.00104
-0.00110
-0.00110
-0.00122
-0.00134
-0.00104
-0.00082
-0.00107
-0.00116
-0.00110
-0.00058
-0.00024
-0.00034
-0.00034
-0.00040
-0.00043
-0.00061
-0.00079
-0.00107
-0.00137
-0.00137
-0.00140
-0.00156
-0.00146
-0.00122
-0.00082
-0.00049
-0.00012
0.00003
-0.00024
-0.00061
-0.00085
-0.00082
-0.00085
-0.00104
-0.00119
-0.00131
-0.00128
-0.00122
-0.00107
-0.00085
-0.00082
-0.00070
-0.00046
-0.00027
-0.00018
-0.00031
-0.00034
-0.00034
-0.00031
-0.00027
-0.00034
-0.00031
0.00000
0.00000
0.00000
0.00000
0.00000
0.00000
0.00000
0.00000
0.00000
0.00000
0.00000
0.00000
0.00000
0.00000
0.00000
0.00000
0.00000
0.00000
0.00000
0.00000
0.00000
0.00000
0.00000
0.00000
0.00000
0.00000
0.00000
0.00000
0.00000
0.00000
0.00000
0.00000
0.00000
0.00000
0.00000
0.00000
0.00000
0.00000
0.00000
0.00000
0.00000
0.00000
0.00000
0.00000
0.00000
0.00000
0.00000
0.00000
0.00000
0.00000
0.00000
0.00000
0.00000
0.00000
0.00000
0.00000
0.00000
0.00000
0.00000
0.00000
0.00000
0.00000
0.00000
0.00000
0.00000
0.00000
0.00000
0.00000
0.00000
0.00000
0.00000
0.00000
0.00000
0.00000
0.00000
0.00000
0.00000
0.00000
0.00000
0.00000
0.00000
0.00000
0.00000
0.00000
0.00000
0.00000
0.00000
0.00000
0.00000
0.00000
0.00000
0.00000
0.00000
0.00000
0.00000
0.00000
0.00000
0.00000
0.00000
0.00000
0.00000
0.00000
0.00000
0.00000
0.00000
0.00000
0.00000
0.00000
0.00000
0.00000
0.00000
0.00000
0.00000
0.00000
0.00000
0.00000
0.00000
0.00000
0.00000
0.00000
0.00000
0.00000
0.00000
0.00000
0.00000
0.00000
0.00000
0.00000
0.00000
0.00000
0.00000
0.00000
0.00000
0.00000
0.00000
0.00000
0.00000
0.00000
0.00000
0.00000
0.00000
0.00000
0.00000
0.00000
0.00000
0.00000
0.00000
0.00000
0.00000
0.00000
0.00000
0.00000
0.00000
0.00000
0.00000
0.00000
0.00000
0.00000
0.00000
0.00000
0.00000
0.00000
0.00000
