-0.00018
-0.00021
-0.00018
-0.00018
-0.00018
-0.00021
-0.00021
-0.00024
-0.00018
-0.00018
-0.00018
-0.00024
-0.00021
-0.00015
-0.00015
-0.00021
-0.00024
-0.00021
-0.00015
-0.00021
-0.00031
-0.00021
-0.00018
-0.00024
-0.00021
-0.00024
-0.00018
-0.00015
-0.00009
-0.00012
-0.00012
-0.00015
-0.00024
-0.00027
-0.00021
-0.00018
-0.00027
-0.00024
-0.00018
-0.00015
-0.00009
-0.00015
-0.00012
-0.00015
-0.00018
-0.00018
-0.00015
-0.00015
-0.00012
-0.00009
-0.00009
-0.00015
-0.00015
-0.00012
-0.00037
-0.00015
-0.00021
-0.00018
-0.00012
-0.00021
-0.00015
-0.00012
-0.00009
-0.00018
-0.00015
-0.00015
-0.00009
-0.00015
-0.00021
-0.00018
-0.00024
-0.00024
-0.00012
-0.00012
-0.00015
-0.00003
-0.00018
-0.00024
-0.00018
-0.00021
-0.00021
-0.00006
0.00000
-0.00012
-0.00012
-0.00009
-0.00018
-0.00018
-0.00015
-0.00024
-0.00015
-0.00015
-0.00018
-0.00018
-0.00012
-0.00015
-0.00012
-0.00012
-0.00018
-0.00006
-0.00015
-0.00012
-0.00009
-0.00012
-0.00015
-0.00009
-0.00009
-0.00021
-0.00009
-0.00006
-0.00012
-0.00012
-0.00006
-0.00006
-0.00009
-0.00009
-0.00009
-0.00006
-0.00015
-0.00015
-0.00015
-0.00021
-0.00024
-0.00024
-0.00015
-0.00009
-0.00003
0.00000
0.00000
-0.00003
-0.00015
-0.00012
-0.00015
-0.00018
-0.00021
-0.00015
-0.00012
-0.00015
-0.00006
-0.00006
-0.00006
-0.00012
-0.00003
0.00000
-0.00006
-0.00003
-0.00009
-0.00012
-0.00021
-0.00021
-0.00021
-0.00021
-0.00015
-0.00015
-0.00006
0.00000
0.00000
-0.00009
-0.00012
0.00000
-0.00015
-0.00021
-0.00006
-0.00006
-0.00009
-0.00003
-0.00003
-0.00006
-0.00012
0.00003
-0.00009
0.00012
-0.00027
0.00003
-0.00015
-0.00043
0.00061
-0.00204
0.00333
-0.00552
-0.00348
-0.14871
-0.06915
0.01929
0.00531
0.05148
0.02072
0.02795
0.02478
0.07257
0.01654
-0.00366
-0.00922
-0.00781
0.00833
0.01929
-0.02414
-0.03458
0.01193
-0.00067
-0.00143
0.02612
0.01135
-0.00806
0.00897
0.01059
-0.00128
0.00275
-0.00262
-0.01633
0.00085
0.00073
-0.01038
-0.00027
0.01328
0.00555
0.00000
0.00677
0.00275
-0.00021
0.00150
0.00403
-0.00140
0.00107
0.00000
0.00006
0.00119
0.00174
-0.00308
-0.00436
-0.00266
0.00104
-0.00076
0.00098
0.00409
0.00198
0.00241
0.00427
0.00336
0.00018
-0.00092
-0.00049
-0.00232
-0.00323
-0.00201
-0.00278
-0.00131
-0.00043
-0.00064
0.00079
0.00067
0.00092
-0.00031
0.00162
0.00165
-0.00031
-0.00092
-0.00082
-0.00204
-0.00156
-0.00143
-0.00043
-0.00244
-0.00195
-0.00095
-0.00061
0.00107
0.00024
-0.00006
0.00055
-0.00061
-0.00079
-0.00119
-0.00073
-0.00214
-0.00116
-0.00040
-0.00150
-0.00131
-0.00174
-0.00183
-0.00143
-0.00183
-0.00174
-0.00073
-0.00061
-0.00015
0.00070
0.00134
0.00098
0.00058
0.00085
0.00024
-0.00040
-0.00110
-0.00153
-0.00137
-0.00201
-0.00244
-0.00201
-0.00183
-0.00159
-0.00095
0.00006
0.00031
-0.00009
0.00015
-0.00003
-0.00049
-0.00079
-0.00089
-0.00073
-0.00101
-0.00113
-0.00119
-0.00134
-0.00140
-0.00125
-0.00034
0.00003
0.00000
-0.00021
-0.00012
0.00043
0.00046
0.00070
0.00101
0.00073
0.00024
-0.00009
0.00006
-0.00015
-0.00092
-0.00095
-0.00085
-0.00085
-0.00089
-0.00058
-0.00031
-0.00040
0.00000
0.00024
0.00052
0.00064
0.00049
0.00043
0.00046
0.00012
-0.00015
-0.00027
-0.00037
-0.00070
-0.00070
-0.00034
-0.00015
0.00018
0.00037
0.00076
0.00095
0.00089
0.00092
0.00046
0.00000
0.00000
0.00000
0.00000
0.00000
0.00000
0.00000
0.00000
0.00000
0.00000
0.00000
0.00000
0.00000
0.00000
0.00000
0.00000
0.00000
0.00000
0.00000
0.00000
0.00000
0.00000
0.00000
0.00000
0.00000
0.00000
0.00000
0.00000
0.00000
0.00000
0.00000
0.00000
0.00000
0.00000
0.00000
0.00000
0.00000
0.00000
0.00000
0.00000
0.00000
0.00000
0.00000
0.00000
0.00000
0.00000
0.00000
0.00000
0.00000
0.00000
0.00000
0.00000
0.00000
0.00000
0.00000
0.00000
0.00000
0.00000
0.00000
0.00000
0.00000
0.00000
0.00000
0.00000
0.00000
0.00000
0.00000
0.00000
0.00000
0.00000
0.00000
0.00000
0.00000
0.00000
0.00000
0.00000
0.00000
0.00000
0.00000
0.00000
0.00000
0.00000
0.00000
0.00000
0.00000
0.00000
0.00000
0.00000
0.00000
0.00000
0.00000
0.00000
0.00000
0.00000
0.00000
0.00000
0.00000
0.00000
0.00000
0.00000
0.00000
0.00000
0.00000
0.00000
0.00000
0.00000
0.00000
0.00000
0.00000
0.00000
0.00000
0.00000
0.00000
0.00000
0.00000
0.00000
0.00000
0.00000
0.00000
0.00000
0.00000
0.00000
0.00000
0.00000
0.00000
0.00000
0.00000
0.00000
0.00000
0.00000
0.00000
0.00000
0.00000
0.00000
0.00000
0.00000
0.00000
0.00000
0.00000
0.00000
0.00000
0.00000
0.00000
0.00000
0.00000
0.00000
0.00000
0.00000
0.00000
0.00000
