-0.00018
-0.00018
-0.00012
-0.00012
-0.00015
-0.00009
-0.00006
-0.00012
-0.00015
-0.00015
-0.00015
-0.00012
-0.00006
-0.00003
-0.00009
-0.00012
-0.00009
-0.00009
-0.00009
-0.00009
-0.00009
-0.00009
-0.00006
-0.00006
-0.00003
-0.00003
-0.00012
-0.00015
-0.00009
-0.00009
-0.00012
-0.00009
-0.00006
-0.00006
-0.00015
-0.00015
-0.00015
-0.00006
-0.00006
-0.00003
0.00000
-0.00003
0.00000
0.00003
0.00003
0.00000
-0.00009
-0.00015
-0.00018
-0.00018
-0.00015
-0.00009
-0.00006
-0.00006
-0.00012
-0.00012
-0.00012
-0.00006
0.00000
0.00000
0.00000
-0.00006
-0.00015
-0.00018
-0.00021
-0.00015
-0.00003
-0.00006
0.00000
-0.00006
-0.00012
-0.00015
-0.00015
-0.00009
-0.00012
-0.00003
0.00003
0.00000
-0.00003
-0.00009
-0.00012
-0.00015
-0.00012
-0.00012
-0.00009
0.00000
0.00000
-0.00003
-0.00003
-0.00006
-0.00012
-0.00012
-0.00006
-0.00003
-0.00009
-0.00006
-0.00006
-0.00006
-0.00012
-0.00018
-0.00015
-0.00015
-0.00015
-0.00009
-0.00006
-0.00009
-0.00009
-0.00006
-0.00003
-0.00003
-0.00006
-0.00009
-0.00009
-0.00012
-0.00012
-0.00012
-0.00006
-0.00018
-0.00018
-0.00012
-0.00009
-0.00006
-0.00003
-0.00003
-0.00006
-0.00009
-0.00009
-0.00009
-0.00015
-0.00015
-0.00015
-0.00018
-0.00018
-0.00015
-0.00012
-0.00006
-0.00006
-0.00006
-0.00006
-0.00009
-0.00009
-0.00015
-0.00012
-0.00012
-0.00018
-0.00015
-0.00009
-0.00012
-0.00009
-0.00006
-0.00009
-0.00012
-0.00012
-0.00006
-0.00012
-0.00015
-0.00012
-0.00009
-0.00012
-0.00018
-0.00018
-0.00018
-0.00015
-0.00009
-0.00006
-0.00003
-0.00006
-0.00006
-0.00006
-0.00012
-0.00015
-0.00012
-0.00012
-0.00012
-0.00012
-0.00012
-0.00015
-0.00018
-0.00021
-0.00021
-0.00015
-0.00009
-0.00003
-0.00006
0.00000
-0.00021
0.00000
-0.00040
-0.00003
-0.00037
0.00015
-0.00009
-0.00012
-0.00885
-0.04602
-0.03442
-0.02289
-0.02185
0.00525
0.02765
0.04648
0.03281
0.02606
0.01224
-0.00601
-0.01099
-0.02023
-0.00839
0.00485
0.00006
-0.00073
0.00623
0.00372
0.00018
0.00378
0.00317
-0.00015
-0.00052
0.00009
-0.00092
0.00134
0.00092
-0.00381
-0.00256
-0.00195
-0.00354
-0.00241
0.00177
0.00394
0.00412
0.00687
0.00696
0.00394
0.00241
0.00217
0.00101
-0.00040
-0.00095
-0.00104
-0.00098
-0.00027
0.00000
-0.00070
-0.00012
0.00058
0.00000
0.00140
0.00330
0.00275
0.00204
0.00244
0.00204
0.00027
-0.00043
-0.00024
-0.00101
-0.00146
-0.00119
-0.00085
0.00015
-0.00003
-0.00027
0.00064
0.00064
0.00119
0.00064
0.00098
0.00092
-0.00018
-0.00076
-0.00165
-0.00101
-0.00143
-0.00089
0.00003
-0.00055
-0.00031
0.00015
-0.00009
-0.00052
-0.00031
-0.00009
0.00015
-0.00003
-0.00031
-0.00061
-0.00049
-0.00092
-0.00128
-0.00089
-0.00150
-0.00174
-0.00140
-0.00104
-0.00070
-0.00076
-0.00067
-0.00046
-0.00031
-0.00040
-0.00049
-0.00027
0.00000
0.00003
0.00049
0.00037
-0.00024
-0.00061
-0.00107
-0.00128
-0.00153
-0.00146
-0.00143
-0.00134
-0.00098
-0.00092
-0.00070
-0.00046
-0.00012
0.00000
-0.00018
-0.00040
-0.00085
-0.00098
-0.00092
-0.00104
-0.00101
-0.00089
-0.00052
-0.00046
-0.00055
-0.00055
-0.00046
-0.00040
-0.00021
-0.00009
-0.00012
-0.00027
-0.00018
0.00000
-0.00006
-0.00012
-0.00031
-0.00040
-0.00034
-0.00031
-0.00027
-0.00046
-0.00064
-0.00070
-0.00058
-0.00021
-0.00006
-0.00003
-0.00006
-0.00009
-0.00006
-0.00009
0.00000
0.00006
0.00000
-0.00021
0.00000
0.00000
0.00000
0.00000
0.00000
0.00000
0.00000
0.00000
0.00000
0.00000
0.00000
0.00000
0.00000
0.00000
0.00000
0.00000
0.00000
0.00000
0.00000
0.00000
0.00000
0.00000
0.00000
0.00000
0.00000
0.00000
0.00000
0.00000
0.00000
0.00000
0.00000
0.00000
0.00000
0.00000
0.00000
0.00000
0.00000
0.00000
0.00000
0.00000
0.00000
0.00000
0.00000
0.00000
0.00000
0.00000
0.00000
0.00000
0.00000
0.00000
0.00000
0.00000
0.00000
0.00000
0.00000
0.00000
0.00000
0.00000
0.00000
0.00000
0.00000
0.00000
0.00000
0.00000
0.00000
0.00000
0.00000
0.00000
0.00000
0.00000
0.00000
0.00000
0.00000
0.00000
0.00000
0.00000
0.00000
0.00000
0.00000
0.00000
0.00000
0.00000
0.00000
0.00000
0.00000
0.00000
0.00000
0.00000
0.00000
0.00000
0.00000
0.00000
0.00000
0.00000
0.00000
0.00000
0.00000
0.00000
0.00000
0.00000
0.00000
0.00000
0.00000
0.00000
0.00000
0.00000
0.00000
0.00000
0.00000
0.00000
0.00000
0.00000
0.00000
0.00000
0.00000
0.00000
0.00000
0.00000
0.00000
0.00000
0.00000
0.00000
0.00000
0.00000
0.00000
0.00000
0.00000
0.00000
0.00000
0.00000
0.00000
0.00000
0.00000
0.00000
0.00000
0.00000
0.00000
0.00000
0.00000
0.00000
0.00000
0.00000
0.00000
0.00000
0.00000
0.00000
0.00000
0.00000
0.00000
0.00000
