-0.00034
-0.00037
-0.00040
-0.00034
-0.00037
-0.00040
-0.00037
-0.00031
-0.00031
-0.00031
-0.00027
-0.00034
-0.00034
-0.00034
-0.00037
-0.00037
-0.00031
-0.00037
-0.00040
-0.00037
-0.00040
-0.00037
-0.00024
-0.00018
-0.00027
-0.00034
-0.00027
-0.00031
-0.00031
-0.00031
-0.00027
-0.00034
-0.00037
-0.00034
-0.00037
-0.00040
-0.00043
-0.00040
-0.00040
-0.00037
-0.00027
-0.00027
-0.00024
-0.00021
-0.00031
-0.00034
-0.00034
-0.00037
-0.00031
-0.00027
-0.00027
-0.00027
-0.00027
-0.00027
-0.00024
-0.00027
-0.00021
-0.00024
-0.00034
-0.00021
-0.00027
-0.00037
-0.00037
-0.00037
-0.00031
-0.00031
-0.00018
-0.00018
-0.00018
-0.00018
-0.00021
-0.00024
-0.00027
-0.00027
-0.00018
-0.00015
-0.00021
-0.00027
-0.00031
-0.00031
-0.00031
-0.00027
-0.00024
-0.00021
-0.00018
-0.00015
-0.00009
-0.00009
-0.00015
-0.00018
-0.00015
-0.00018
-0.00024
-0.00027
-0.00021
-0.00018
-0.00015
-0.00018
-0.00024
-0.00024
-0.00031
-0.00027
-0.00021
-0.00018
-0.00024
-0.00021
-0.00015
-0.00015
-0.00015
-0.00012
-0.00009
-0.00012
-0.00012
-0.00009
-0.00003
-0.00012
-0.00018
-0.00015
-0.00015
-0.00018
-0.00015
-0.00012
-0.00009
-0.00003
-0.00006
-0.00015
-0.00018
-0.00021
-0.00024
-0.00024
-0.00018
-0.00012
-0.00018
-0.00015
-0.00012
-0.00015
-0.00012
-0.00009
-0.00006
-0.00003
-0.00006
-0.00006
-0.00003
-0.00009
-0.00009
-0.00009
-0.00009
-0.00012
-0.00009
-0.00003
0.00000
-0.00003
-0.00009
-0.00006
-0.00006
-0.00018
-0.00021
-0.00012
-0.00006
-0.00012
-0.00006
0.00000
-0.00003
-0.00003
-0.00006
-0.00006
-0.00003
-0.00009
-0.00006
0.00000
0.00000
0.00006
0.00006
0.00015
-0.00003
0.00015
-0.00037
0.00027
-0.00073
0.00055
-0.00104
0.00101
-0.00150
0.00171
-0.02417
-0.08957
-0.02814
-0.01642
-0.02884
0.00858
0.02637
0.03723
0.04596
0.06747
0.03754
0.00873
-0.01172
-0.03247
-0.01379
-0.00366
-0.01956
-0.00449
0.02161
0.00955
0.00528
0.01404
-0.00146
-0.00797
0.00320
-0.00003
-0.00253
0.00458
0.00015
-0.00308
0.00723
0.00269
-0.00607
-0.00223
0.00125
-0.00278
-0.00128
0.00604
0.00800
0.00568
0.00601
0.00400
-0.00040
-0.00226
-0.00229
-0.00256
-0.00217
-0.00153
-0.00272
-0.00259
0.00049
0.00137
-0.00021
0.00238
0.00461
0.00247
0.00296
0.00485
0.00320
0.00040
0.00000
-0.00058
-0.00217
-0.00171
-0.00073
-0.00122
-0.00037
-0.00073
-0.00085
-0.00006
0.00043
0.00018
0.00018
0.00150
0.00089
-0.00082
-0.00092
0.00018
-0.00031
-0.00070
-0.00018
-0.00049
-0.00079
-0.00095
-0.00104
-0.00177
-0.00073
-0.00085
-0.00040
0.00070
-0.00012
0.00095
0.00107
0.00027
-0.00140
-0.00171
-0.00104
-0.00168
-0.00146
-0.00171
-0.00146
-0.00104
-0.00137
-0.00085
-0.00052
-0.00052
-0.00009
0.00046
0.00095
0.00067
0.00070
0.00104
0.00073
0.00046
-0.00009
-0.00082
-0.00150
-0.00223
-0.00238
-0.00223
-0.00201
-0.00153
-0.00089
-0.00012
0.00027
0.00040
0.00055
0.00043
-0.00003
-0.00049
-0.00079
-0.00095
-0.00128
-0.00128
-0.00110
-0.00104
-0.00104
-0.00076
-0.00021
0.00000
0.00000
-0.00006
0.00000
0.00024
0.00018
0.00040
0.00058
0.00055
0.00031
0.00000
0.00006
-0.00009
-0.00055
-0.00073
-0.00061
-0.00058
-0.00061
-0.00034
-0.00012
-0.00021
-0.00003
0.00031
0.00055
0.00058
0.00037
0.00037
0.00031
0.00006
-0.00006
-0.00012
-0.00018
-0.00040
-0.00037
-0.00012
-0.00040
-0.00089
-0.00079
-0.00037
0.00000
0.00000
0.00000
0.00000
0.00000
0.00000
0.00000
0.00000
0.00000
0.00000
0.00000
0.00000
0.00000
0.00000
0.00000
0.00000
0.00000
0.00000
0.00000
0.00000
0.00000
0.00000
0.00000
0.00000
0.00000
0.00000
0.00000
0.00000
0.00000
0.00000
0.00000
0.00000
0.00000
0.00000
0.00000
0.00000
0.00000
0.00000
0.00000
0.00000
0.00000
0.00000
0.00000
0.00000
0.00000
0.00000
0.00000
0.00000
0.00000
0.00000
0.00000
0.00000
0.00000
0.00000
0.00000
0.00000
0.00000
0.00000
0.00000
0.00000
0.00000
0.00000
0.00000
0.00000
0.00000
0.00000
0.00000
0.00000
0.00000
0.00000
0.00000
0.00000
0.00000
0.00000
0.00000
0.00000
0.00000
0.00000
0.00000
0.00000
0.00000
0.00000
0.00000
0.00000
0.00000
0.00000
0.00000
0.00000
0.00000
0.00000
0.00000
0.00000
0.00000
0.00000
0.00000
0.00000
0.00000
0.00000
0.00000
0.00000
0.00000
0.00000
0.00000
0.00000
0.00000
0.00000
0.00000
0.00000
0.00000
0.00000
0.00000
0.00000
0.00000
0.00000
0.00000
0.00000
0.00000
0.00000
0.00000
0.00000
0.00000
0.00000
0.00000
0.00000
0.00000
0.00000
0.00000
0.00000
0.00000
0.00000
0.00000
0.00000
0.00000
0.00000
0.00000
0.00000
0.00000
0.00000
0.00000
0.00000
0.00000
0.00000
0.00000
0.00000
0.00000
0.00000
0.00000
0.00000
0.00000
0.00000
