0.00006
0.00009
0.00015
0.00015
0.00006
0.00006
0.00000
-0.00003
0.00006
0.00012
0.00012
0.00009
0.00015
0.00006
0.00000
-0.00003
-0.00003
0.00000
0.00012
0.00009
0.00003
0.00009
0.00009
0.00006
0.00009
0.00015
0.00015
0.00018
0.00018
0.00012
0.00003
0.00000
-0.00003
-0.00006
0.00000
0.00003
0.00000
0.00003
0.00003
0.00003
0.00006
0.00009
0.00018
0.00012
0.00012
0.00009
0.00000
0.00003
0.00009
0.00000
0.00003
0.00000
0.00012
-0.00009
-0.00012
0.00015
0.00000
0.00003
0.00009
0.00006
0.00006
0.00009
0.00003
0.00000
-0.00003
0.00000
0.00003
0.00000
0.00009
0.00003
0.00000
0.00006
0.00015
0.00006
0.00003
0.00012
0.00000
0.00000
0.00006
0.00003
0.00000
0.00006
0.00000
-0.00003
-0.00003
0.00000
0.00000
0.00003
0.00006
0.00000
0.00006
0.00000
0.00000
0.00000
-0.00006
-0.00006
0.00000
0.00000
0.00006
0.00003
-0.00003
0.00009
0.00000
-0.00012
-0.00006
0.00000
-0.00003
0.00000
0.00000
-0.00003
-0.00003
-0.00003
-0.00003
-0.00003
0.00000
0.00000
0.00000
0.00000
0.00000
0.00000
0.00000
-0.00006
0.00000
-0.00009
-0.00012
-0.00006
-0.00003
-0.00006
0.00000
0.00000
-0.00003
-0.00006
-0.00003
-0.00006
-0.00012
-0.00006
-0.00015
-0.00009
-0.00006
-0.00006
0.00000
0.00000
0.00000
0.00000
-0.00003
-0.00012
-0.00009
-0.00009
-0.00009
-0.00003
0.00000
-0.00003
-0.00006
0.00000
0.00000
-0.00006
-0.00009
-0.00009
-0.00006
-0.00006
-0.00021
-0.00024
-0.00015
-0.00009
0.00000
0.00000
-0.00006
0.00012
-0.00012
0.00009
-0.00027
0.00043
-0.00122
0.00125
-0.00232
0.00269
-0.00406
0.00510
-0.00693
0.00940
-0.07224
-0.20648
-0.00500
0.02927
0.04398
0.07886
0.05890
0.03140
0.07977
0.01428
-0.04376
-0.02612
-0.02512
0.00064
0.02383
0.03104
-0.03854
-0.00473
0.01740
-0.01984
0.01154
0.02435
-0.01981
0.00061
0.01797
0.00110
0.00433
0.01105
-0.00500
-0.00378
0.00903
-0.00977
-0.01401
0.00058
0.00323
-0.00494
0.00385
0.00586
0.00760
0.00446
0.00739
0.00101
-0.00381
-0.00192
-0.00061
-0.00052
0.00211
0.00046
-0.00446
-0.00510
-0.00089
0.00162
-0.00018
0.00592
0.00610
0.00122
0.00201
0.00244
-0.00070
-0.00183
-0.00165
-0.00165
-0.00287
-0.00229
-0.00134
-0.00311
-0.00073
-0.00168
-0.00116
0.00040
0.00110
-0.00018
0.00037
0.00211
0.00201
-0.00076
-0.00089
-0.00146
-0.00247
-0.00214
-0.00223
-0.00201
-0.00290
-0.00247
-0.00174
-0.00107
-0.00003
0.00067
0.00079
0.00140
0.00024
0.00000
-0.00089
-0.00153
-0.00391
-0.00351
-0.00204
-0.00192
-0.00168
-0.00128
-0.00159
-0.00116
-0.00198
-0.00131
-0.00092
-0.00104
0.00018
0.00101
0.00137
0.00098
0.00061
0.00073
-0.00061
-0.00174
-0.00214
-0.00256
-0.00281
-0.00287
-0.00235
-0.00183
-0.00226
-0.00131
-0.00012
0.00076
0.00067
0.00027
0.00018
-0.00070
-0.00165
-0.00183
-0.00165
-0.00131
-0.00137
-0.00125
-0.00150
-0.00180
-0.00192
-0.00153
-0.00037
0.00024
0.00003
-0.00018
0.00012
0.00034
0.00031
0.00064
0.00079
0.00031
-0.00012
-0.00049
-0.00055
-0.00085
-0.00156
-0.00150
-0.00128
-0.00110
-0.00082
-0.00049
-0.00018
-0.00006
0.00012
0.00037
0.00043
0.00024
-0.00009
0.00000
-0.00003
-0.00049
-0.00064
-0.00073
-0.00092
-0.00101
-0.00067
-0.00034
-0.00003
0.00006
0.00031
0.00076
0.00085
0.00082
0.00098
0.00082
0.00006
-0.00034
-0.00082
-0.00113
-0.00162
-0.00214
-0.00174
-0.00140
-0.00052
0.00031
0.00092
0.00122
-0.00003
0.00000
0.00000
0.00000
0.00000
0.00000
0.00000
0.00000
0.00000
0.00000
0.00000
0.00000
0.00000
0.00000
0.00000
0.00000
0.00000
0.00000
0.00000
0.00000
0.00000
0.00000
0.00000
0.00000
0.00000
0.00000
0.00000
0.00000
0.00000
0.00000
0.00000
0.00000
0.00000
0.00000
0.00000
0.00000
0.00000
0.00000
0.00000
0.00000
0.00000
0.00000
0.00000
0.00000
0.00000
0.00000
0.00000
0.00000
0.00000
0.00000
0.00000
0.00000
0.00000
0.00000
0.00000
0.00000
0.00000
0.00000
0.00000
0.00000
0.00000
0.00000
0.00000
0.00000
0.00000
0.00000
0.00000
0.00000
0.00000
0.00000
0.00000
0.00000
0.00000
0.00000
0.00000
0.00000
0.00000
0.00000
0.00000
0.00000
0.00000
0.00000
0.00000
0.00000
0.00000
0.00000
0.00000
0.00000
0.00000
0.00000
0.00000
0.00000
0.00000
0.00000
0.00000
0.00000
0.00000
0.00000
0.00000
0.00000
0.00000
0.00000
0.00000
0.00000
0.00000
0.00000
0.00000
0.00000
0.00000
0.00000
0.00000
0.00000
0.00000
0.00000
0.00000
0.00000
0.00000
0.00000
0.00000
0.00000
0.00000
0.00000
0.00000
0.00000
0.00000
0.00000
0.00000
0.00000
0.00000
0.00000
0.00000
0.00000
0.00000
0.00000
0.00000
0.00000
0.00000
0.00000
