-0.00015
-0.00012
-0.00003
0.00000
0.00000
0.00000
0.00000
0.00000
0.00000
0.00000
-0.00003
-0.00003
-0.00003
-0.00009
-0.00009
-0.00003
0.00000
0.00003
0.00006
0.00000
0.00000
0.00000
0.00000
-0.00003
-0.00006
0.00000
0.00000
0.00000
0.00000
-0.00003
0.00000
-0.00006
-0.00003
0.00000
-0.00021
0.00009
0.00000
0.00000
0.00009
0.00003
0.00000
0.00000
0.00000
0.00000
0.00000
0.00000
0.00000
0.00000
0.00000
0.00000
-0.00003
0.00003
0.00000
-0.00012
0.00003
0.00006
0.00000
0.00003
0.00003
0.00000
-0.00003
0.00003
0.00006
0.00006
0.00000
0.00000
0.00006
0.00006
0.00006
0.00003
0.00000
0.00006
0.00006
0.00000
0.00006
0.00009
0.00006
0.00003
0.00006
0.00000
-0.00003
0.00003
0.00006
0.00009
0.00009
0.00009
0.00009
0.00012
0.00006
0.00006
0.00009
0.00006
0.00000
0.00003
0.00009
0.00009
0.00006
0.00015
0.00021
0.00006
0.00000
0.00006
0.00012
0.00003
0.00000
0.00006
0.00006
0.00009
0.00009
0.00015
0.00018
0.00009
0.00006
0.00009
0.00015
0.00012
0.00015
0.00018
0.00018
0.00015
0.00006
0.00003
0.00000
0.00000
0.00009
0.00015
0.00018
0.00021
0.00018
0.00012
0.00012
0.00012
0.00009
0.00012
0.00015
0.00012
0.00003
0.00009
0.00012
0.00012
0.00012
0.00015
0.00018
0.00012
0.00012
0.00015
0.00018
0.00009
0.00009
0.00018
0.00015
0.00012
0.00009
0.00012
0.00009
0.00003
0.00000
0.00000
0.00012
0.00012
0.00012
0.00021
0.00024
0.00024
0.00018
0.00009
0.00012
0.00003
0.00006
-0.00003
0.00034
-0.00009
0.00052
-0.00015
0.00043
-0.00006
0.00003
0.00067
-0.00082
-0.01599
-0.14578
-0.09738
0.01047
0.00922
0.03860
0.08755
0.12006
0.05359
0.00443
-0.00726
0.02463
-0.00467
-0.08511
-0.07660
0.00226
0.03162
0.01395
0.02130
0.01996
0.00320
-0.00458
-0.00479
0.00879
0.02325
0.00781
-0.01431
-0.00259
0.00629
-0.00665
-0.01004
-0.00317
0.00092
-0.00510
0.00165
0.00726
0.00543
0.00534
0.00577
0.00330
0.00168
0.00409
0.00034
-0.00287
-0.00317
-0.00284
-0.00244
0.00034
-0.00024
-0.00284
-0.00089
0.00363
0.00168
0.00165
0.00601
0.00562
0.00027
0.00000
0.00339
0.00150
-0.00235
-0.00272
-0.00339
-0.00455
-0.00354
-0.00079
0.00372
0.00330
-0.00113
-0.00229
0.00040
0.00259
0.00070
0.00024
0.00134
0.00021
-0.00162
-0.00134
0.00018
-0.00067
-0.00308
-0.00217
-0.00140
-0.00174
-0.00153
-0.00006
0.00107
0.00012
-0.00174
-0.00052
0.00150
0.00159
-0.00006
-0.00122
-0.00150
-0.00037
-0.00034
-0.00217
-0.00357
-0.00333
-0.00134
-0.00055
-0.00143
-0.00107
-0.00003
-0.00055
0.00009
0.00201
0.00308
0.00168
-0.00018
0.00000
0.00055
-0.00070
-0.00278
-0.00290
-0.00174
-0.00220
-0.00253
-0.00238
-0.00189
-0.00131
0.00006
0.00189
0.00211
0.00079
-0.00027
-0.00046
-0.00061
-0.00137
-0.00150
-0.00128
-0.00168
-0.00208
-0.00198
-0.00110
-0.00055
-0.00049
0.00021
0.00082
0.00055
-0.00034
-0.00043
0.00052
0.00076
0.00052
0.00040
0.00021
-0.00003
-0.00015
0.00018
-0.00021
-0.00177
-0.00244
-0.00146
-0.00006
0.00000
-0.00043
-0.00043
-0.00018
0.00015
0.00061
0.00128
0.00125
0.00012
-0.00073
-0.00076
-0.00058
-0.00067
-0.00061
-0.00021
-0.00034
-0.00092
-0.00104
-0.00027
0.00076
0.00134
0.00153
0.00125
0.00055
0.00003
-0.00009
-0.00043
-0.00067
-0.00085
-0.00095
-0.00104
-0.00104
-0.00037
0.00034
-0.00070
-0.00134
-0.00113
-0.00070
0.00012
-0.00027
0.00168
0.00180
0.00177
0.00244
0.00128
0.00134
-0.00021
-0.00070
0.00015
0.00058
0.00031
0.00110
0.00162
0.00067
0.00089
-0.00012
-0.00021
-0.00220
-0.00201
-0.00009
-0.00031
0.00006
-0.00018
-0.00052
-0.00101
0.00058
0.00110
0.00015
0.00037
-0.00098
-0.00177
0.00018
0.00085
0.00046
0.00000
-0.00125
-0.00027
-0.00040
0.00052
0.00159
0.00061
-0.00003
-0.00076
-0.00104
-0.00027
-0.00015
0.00000
0.00000
0.00000
0.00000
0.00000
0.00000
0.00000
0.00000
0.00000
0.00000
0.00000
0.00000
0.00000
0.00000
0.00000
0.00000
0.00000
0.00000
0.00000
0.00000
0.00000
0.00000
0.00000
0.00000
0.00000
0.00000
0.00000
0.00000
0.00000
0.00000
0.00000
0.00000
0.00000
0.00000
0.00000
0.00000
0.00000
0.00000
0.00000
0.00000
0.00000
0.00000
0.00000
0.00000
0.00000
0.00000
0.00000
0.00000
0.00000
0.00000
0.00000
0.00000
0.00000
0.00000
0.00000
0.00000
0.00000
0.00000
0.00000
0.00000
0.00000
0.00000
0.00000
0.00000
0.00000
0.00000
0.00000
0.00000
0.00000
0.00000
0.00000
0.00000
0.00000
0.00000
0.00000
0.00000
0.00000
0.00000
0.00000
0.00000
0.00000
0.00000
0.00000
0.00000
0.00000
0.00000
0.00000
0.00000
0.00000
0.00000
0.00000
