-0.00012
-0.00015
-0.00012
-0.00012
-0.00009
-0.00009
-0.00003
0.00000
-0.00003
0.00000
0.00000
0.00000
0.00003
0.00000
-0.00003
-0.00009
-0.00006
-0.00006
-0.00009
-0.00003
0.00000
0.00000
0.00000
0.00000
0.00000
-0.00003
-0.00003
0.00000
-0.00003
-0.00006
-0.00003
0.00000
0.00000
0.00000
-0.00021
0.00009
0.00000
-0.00009
0.00000
-0.00003
0.00000
-0.00003
0.00000
0.00003
0.00006
0.00006
0.00003
0.00000
0.00000
0.00000
-0.00003
-0.00006
-0.00006
-0.00006
-0.00006
-0.00003
0.00000
0.00000
0.00000
0.00000
0.00000
0.00003
0.00000
-0.00006
0.00000
0.00000
-0.00006
-0.00003
0.00000
0.00000
-0.00003
0.00000
0.00000
0.00000
0.00000
0.00000
0.00000
0.00000
0.00000
0.00000
0.00003
0.00003
0.00006
0.00006
0.00006
0.00003
0.00000
0.00000
0.00003
0.00003
0.00003
0.00003
0.00003
0.00000
-0.00003
-0.00006
-0.00006
-0.00003
0.00000
0.00000
0.00000
0.00000
0.00003
0.00000
-0.00003
0.00000
0.00000
0.00000
0.00003
0.00000
0.00000
-0.00003
-0.00006
-0.00006
-0.00006
-0.00009
-0.00003
0.00003
0.00003
0.00003
0.00009
0.00006
0.00000
0.00000
0.00000
0.00000
0.00000
0.00000
0.00000
-0.00003
-0.00009
-0.00012
-0.00012
-0.00006
0.00000
-0.00003
-0.00003
0.00000
0.00000
0.00000
-0.00003
-0.00006
-0.00006
-0.00006
0.00000
0.00006
0.00009
0.00009
0.00003
0.00000
0.00000
0.00000
-0.00003
-0.00003
-0.00003
-0.00006
-0.00006
-0.00003
-0.00003
0.00000
-0.00003
0.00000
0.00000
-0.00003
-0.00003
-0.00006
-0.00006
-0.00012
-0.00012
-0.00012
-0.00012
-0.00009
-0.00003
0.00000
-0.00003
-0.00003
-0.00003
-0.00003
0.00000
0.00000
-0.00003
-0.00006
-0.00006
-0.00009
-0.00006
-0.00006
-0.00009
-0.00015
-0.00006
-0.00006
-0.00006
-0.00003
0.00000
-0.00006
0.00000
-0.00015
0.00000
-0.00031
0.00000
-0.00024
0.00027
-0.00507
-0.01758
-0.01392
-0.01099
-0.01022
-0.00812
-0.00366
0.00534
0.01410
0.01376
0.01105
0.00900
0.00046
-0.00552
-0.00580
-0.00305
-0.00317
-0.00266
-0.00089
0.00122
0.00632
0.00574
0.00107
0.00156
0.00412
0.00482
0.00339
0.00183
0.00009
0.00046
0.00027
-0.00058
0.00049
0.00076
-0.00012
0.00000
0.00146
0.00247
0.00192
0.00082
0.00098
0.00174
0.00165
0.00082
0.00027
0.00058
0.00055
-0.00009
-0.00043
0.00006
0.00064
0.00043
0.00015
0.00052
0.00082
0.00110
0.00116
0.00122
0.00119
0.00067
-0.00012
-0.00052
-0.00037
-0.00012
0.00098
0.00119
0.00070
0.00021
-0.00070
-0.00034
-0.00015
-0.00058
-0.00101
-0.00085
-0.00003
0.00061
0.00104
0.00067
0.00018
-0.00027
-0.00092
-0.00101
-0.00073
-0.00089
-0.00107
-0.00055
-0.00021
-0.00034
-0.00055
-0.00055
-0.00040
-0.00049
-0.00052
-0.00043
-0.00034
-0.00064
-0.00092
-0.00085
-0.00055
-0.00064
-0.00116
-0.00131
-0.00107
-0.00070
-0.00067
-0.00089
-0.00098
-0.00064
-0.00037
-0.00040
-0.00049
-0.00027
-0.00009
-0.00018
-0.00040
-0.00061
-0.00082
-0.00101
-0.00119
-0.00122
-0.00107
-0.00098
-0.00085
-0.00070
-0.00043
-0.00027
-0.00037
-0.00073
-0.00085
-0.00058
-0.00031
-0.00058
-0.00128
-0.00134
-0.00092
-0.00067
-0.00079
-0.00095
-0.00079
-0.00061
-0.00052
-0.00040
-0.00031
-0.00043
-0.00055
-0.00043
-0.00027
-0.00037
-0.00046
-0.00018
0.00006
-0.00009
-0.00061
-0.00076
-0.00049
-0.00046
-0.00064
-0.00064
-0.00040
-0.00027
-0.00027
-0.00024
-0.00009
0.00003
-0.00009
-0.00015
-0.00015
-0.00024
-0.00024
-0.00012
0.00000
0.00000
0.00000
0.00000
0.00000
0.00000
0.00000
0.00000
0.00000
0.00000
0.00000
0.00000
0.00000
0.00000
0.00000
0.00000
0.00000
0.00000
0.00000
0.00000
0.00000
0.00000
0.00000
0.00000
0.00000
0.00000
0.00000
0.00000
0.00000
0.00000
0.00000
0.00000
0.00000
0.00000
0.00000
0.00000
0.00000
0.00000
0.00000
0.00000
0.00000
0.00000
0.00000
0.00000
0.00000
0.00000
0.00000
0.00000
0.00000
0.00000
0.00000
0.00000
0.00000
0.00000
0.00000
0.00000
0.00000
0.00000
0.00000
0.00000
0.00000
0.00000
0.00000
0.00000
0.00000
0.00000
0.00000
0.00000
0.00000
0.00000
0.00000
0.00000
0.00000
0.00000
0.00000
0.00000
0.00000
0.00000
0.00000
0.00000
0.00000
0.00000
0.00000
0.00000
0.00000
0.00000
0.00000
0.00000
0.00000
0.00000
0.00000
0.00000
0.00000
0.00000
0.00000
0.00000
0.00000
0.00000
0.00000
0.00000
0.00000
0.00000
0.00000
0.00000
0.00000
0.00000
0.00000
0.00000
0.00000
0.00000
0.00000
0.00000
0.00000
0.00000
0.00000
0.00000
0.00000
0.00000
0.00000
0.00000
0.00000
0.00000
0.00000
0.00000
0.00000
0.00000
0.00000
0.00000
0.00000
0.00000
0.00000
0.00000
0.00000
0.00000
0.00000
0.00000
0.00000
0.00000
0.00000
0.00000
0.00000
