-0.00031
-0.00037
-0.00037
-0.00040
-0.00037
-0.00034
-0.00037
-0.00031
-0.00031
-0.00027
-0.00027
-0.00024
-0.00031
-0.00037
-0.00037
-0.00037
-0.00037
-0.00034
-0.00031
-0.00027
-0.00027
-0.00034
-0.00027
-0.00031
-0.00031
-0.00034
-0.00034
-0.00034
-0.00037
-0.00034
-0.00024
-0.00027
-0.00024
-0.00027
-0.00052
-0.00018
-0.00027
-0.00027
-0.00024
-0.00027
-0.00024
-0.00027
-0.00024
-0.00021
-0.00024
-0.00027
-0.00027
-0.00031
-0.00034
-0.00031
-0.00024
-0.00021
-0.00027
-0.00021
-0.00021
-0.00043
-0.00024
-0.00031
-0.00024
-0.00021
-0.00024
-0.00024
-0.00034
-0.00018
-0.00018
-0.00024
-0.00024
-0.00024
-0.00027
-0.00027
-0.00018
-0.00012
-0.00024
-0.00024
-0.00024
-0.00027
-0.00018
-0.00024
-0.00021
-0.00021
-0.00021
-0.00015
-0.00018
-0.00009
-0.00015
-0.00024
-0.00024
-0.00021
-0.00018
-0.00015
-0.00018
-0.00018
-0.00018
-0.00021
-0.00021
-0.00018
-0.00021
-0.00021
-0.00018
-0.00015
-0.00006
-0.00018
-0.00018
-0.00018
-0.00021
-0.00021
-0.00021
-0.00015
-0.00015
-0.00009
-0.00006
-0.00006
-0.00012
-0.00018
-0.00024
-0.00024
-0.00021
-0.00021
-0.00015
-0.00009
-0.00009
-0.00009
-0.00009
-0.00009
-0.00018
-0.00018
-0.00015
-0.00018
-0.00018
-0.00015
-0.00009
-0.00009
-0.00006
-0.00009
-0.00012
-0.00012
-0.00009
-0.00015
-0.00021
-0.00012
-0.00015
-0.00012
-0.00012
-0.00003
-0.00003
-0.00012
-0.00009
-0.00006
-0.00006
-0.00015
-0.00015
-0.00009
-0.00009
-0.00009
-0.00009
-0.00003
-0.00009
-0.00009
-0.00009
-0.00012
-0.00003
-0.00009
-0.00009
-0.00009
-0.00012
-0.00006
-0.00009
-0.00003
0.00000
-0.00009
0.00000
-0.00012
0.00009
-0.00031
0.00009
-0.00021
-0.00021
0.00034
-0.00125
0.00217
-0.00357
-0.01019
-0.14508
-0.09998
-0.02255
0.01724
0.09821
0.10092
0.11996
0.01453
0.00357
0.00458
0.00146
-0.03781
-0.08072
-0.06674
-0.00912
0.03214
0.04361
0.05032
0.02216
-0.01071
-0.01669
0.00082
0.00357
0.00171
-0.00476
-0.00488
-0.00211
0.00995
0.00162
-0.00507
-0.00150
-0.00183
-0.00565
0.00162
0.00873
-0.00031
0.00067
0.00748
0.00610
0.00223
0.00522
-0.00119
-0.00534
-0.00314
-0.00052
-0.00299
-0.00189
-0.00146
-0.00278
-0.00079
0.00394
0.00201
0.00232
0.00806
0.00650
0.00134
0.00043
0.00198
-0.00012
-0.00201
-0.00281
-0.00446
-0.00546
-0.00223
0.00195
0.00375
0.00241
-0.00037
-0.00146
-0.00101
0.00140
0.00064
0.00113
0.00128
-0.00043
-0.00146
-0.00043
-0.00012
-0.00174
-0.00275
-0.00076
-0.00143
-0.00174
-0.00110
-0.00003
0.00076
-0.00085
0.00015
0.00113
0.00040
0.00073
-0.00040
-0.00040
-0.00043
-0.00174
-0.00180
-0.00180
-0.00229
-0.00314
-0.00131
0.00015
-0.00110
-0.00110
-0.00040
-0.00073
0.00085
0.00220
0.00250
0.00189
0.00055
0.00040
-0.00027
-0.00153
-0.00278
-0.00272
-0.00189
-0.00232
-0.00189
-0.00131
-0.00146
-0.00122
0.00003
0.00192
0.00235
0.00107
-0.00031
-0.00107
-0.00104
-0.00137
-0.00137
-0.00110
-0.00146
-0.00159
-0.00137
-0.00095
-0.00049
-0.00006
0.00064
0.00067
0.00031
-0.00024
-0.00043
0.00037
0.00070
0.00085
0.00067
0.00031
-0.00006
-0.00021
0.00003
-0.00043
-0.00171
-0.00220
-0.00140
-0.00009
0.00043
0.00034
0.00006
-0.00012
0.00037
0.00107
0.00140
0.00095
-0.00009
-0.00067
-0.00079
-0.00064
-0.00049
-0.00027
0.00000
-0.00027
-0.00070
-0.00070
-0.00009
0.00079
0.00089
0.00116
0.00061
-0.00003
-0.00012
0.00012
0.00052
-0.00003
0.00003
0.00049
-0.00128
-0.00238
-0.00195
-0.00089
0.00089
0.00140
0.00336
0.00241
0.00122
0.00174
-0.00037
-0.00082
-0.00104
-0.00131
-0.00153
-0.00082
0.00043
0.00214
0.00223
0.00122
0.00247
0.00165
0.00092
-0.00101
-0.00043
0.00110
-0.00204
-0.00073
0.00192
0.00095
0.00064
0.00049
0.00003
0.00018
-0.00055
-0.00156
-0.00101
-0.00024
0.00003
-0.00082
0.00012
0.00128
0.00049
0.00031
0.00095
0.00113
-0.00012
-0.00024
0.00092
0.00037
-0.00006
-0.00043
-0.00101
-0.00018
-0.00018
-0.00037
0.00162
0.00180
-0.00024
-0.00085
0.00000
0.00027
-0.00082
-0.00076
0.00009
-0.00113
-0.00015
0.00076
0.00006
0.00000
0.00000
0.00000
0.00000
0.00000
0.00000
0.00000
0.00000
0.00000
0.00000
0.00000
0.00000
0.00000
0.00000
0.00000
0.00000
0.00000
0.00000
0.00000
0.00000
0.00000
0.00000
0.00000
0.00000
0.00000
0.00000
0.00000
0.00000
0.00000
0.00000
0.00000
0.00000
0.00000
0.00000
0.00000
0.00000
0.00000
0.00000
0.00000
0.00000
0.00000
0.00000
0.00000
0.00000
0.00000
0.00000
0.00000
0.00000
0.00000
0.00000
0.00000
0.00000
0.00000
0.00000
0.00000
0.00000
0.00000
0.00000
0.00000
0.00000
0.00000
0.00000
0.00000
0.00000
0.00000
0.00000
0.00000
0.00000
0.00000
0.00000
0.00000
0.00000
0.00000
0.00000
0.00000
0.00000
