-0.00024
-0.00027
-0.00031
-0.00024
-0.00027
-0.00031
-0.00027
-0.00021
-0.00021
-0.00024
-0.00027
-0.00024
-0.00027
-0.00027
-0.00027
-0.00031
-0.00034
-0.00034
-0.00031
-0.00034
-0.00031
-0.00031
-0.00027
-0.00027
-0.00027
-0.00031
-0.00031
-0.00031
-0.00031
-0.00031
-0.00027
-0.00031
-0.00037
-0.00031
-0.00052
-0.00015
-0.00024
-0.00031
-0.00024
-0.00034
-0.00034
-0.00034
-0.00034
-0.00034
-0.00034
-0.00031
-0.00031
-0.00034
-0.00034
-0.00034
-0.00037
-0.00034
-0.00034
-0.00034
-0.00034
-0.00034
-0.00037
-0.00037
-0.00037
-0.00034
-0.00034
-0.00034
-0.00034
-0.00031
-0.00027
-0.00037
-0.00040
-0.00037
-0.00037
-0.00040
-0.00040
-0.00037
-0.00034
-0.00040
-0.00037
-0.00034
-0.00037
-0.00037
-0.00034
-0.00034
-0.00037
-0.00031
-0.00034
-0.00034
-0.00034
-0.00034
-0.00037
-0.00037
-0.00037
-0.00037
-0.00037
-0.00037
-0.00037
-0.00037
-0.00037
-0.00034
-0.00034
-0.00037
-0.00034
-0.00034
-0.00034
-0.00037
-0.00034
-0.00034
-0.00040
-0.00037
-0.00040
-0.00040
-0.00037
-0.00034
-0.00037
-0.00034
-0.00027
-0.00031
-0.00037
-0.00040
-0.00037
-0.00040
-0.00046
-0.00043
-0.00034
-0.00037
-0.00040
-0.00034
-0.00031
-0.00031
-0.00037
-0.00034
-0.00034
-0.00037
-0.00040
-0.00037
-0.00037
-0.00040
-0.00040
-0.00037
-0.00037
-0.00037
-0.00040
-0.00037
-0.00040
-0.00040
-0.00040
-0.00037
-0.00037
-0.00040
-0.00034
-0.00034
-0.00037
-0.00037
-0.00037
-0.00040
-0.00043
-0.00040
-0.00040
-0.00040
-0.00043
-0.00037
-0.00037
-0.00040
-0.00040
-0.00037
-0.00040
-0.00040
-0.00043
-0.00037
-0.00034
-0.00037
-0.00037
-0.00034
-0.00037
-0.00043
-0.00043
-0.00040
-0.00040
-0.00040
-0.00037
-0.00034
-0.00034
-0.00037
-0.00037
-0.00040
-0.00040
-0.00049
-0.00043
-0.00043
-0.00043
-0.00046
-0.00034
-0.00046
-0.00027
-0.00061
-0.00018
-0.00067
0.00003
-0.00092
0.00021
-0.00998
-0.03122
-0.01590
-0.01495
-0.01361
-0.00659
0.00070
0.01974
0.02780
0.02219
0.01428
0.01254
0.00055
-0.00992
-0.01059
-0.00699
-0.00726
-0.00516
-0.00238
0.00262
0.00937
0.00427
-0.00323
-0.00146
-0.00052
-0.00119
-0.00079
-0.00040
-0.00003
0.00186
0.00354
0.00266
0.00427
0.00323
0.00043
-0.00092
-0.00055
0.00049
0.00134
0.00040
0.00040
0.00241
0.00278
0.00180
0.00061
0.00006
-0.00040
-0.00095
-0.00131
-0.00113
-0.00012
0.00052
0.00015
0.00104
0.00168
0.00122
0.00095
0.00137
0.00153
0.00046
-0.00049
-0.00009
0.00018
-0.00058
-0.00168
-0.00104
0.00070
0.00079
-0.00037
-0.00061
0.00040
0.00058
-0.00018
-0.00095
-0.00067
-0.00082
-0.00058
-0.00015
0.00070
0.00107
-0.00012
-0.00070
-0.00095
-0.00095
-0.00125
-0.00146
-0.00119
-0.00082
-0.00006
-0.00015
-0.00034
-0.00037
-0.00061
-0.00064
-0.00067
-0.00076
-0.00082
-0.00095
-0.00110
-0.00107
-0.00095
-0.00113
-0.00156
-0.00134
-0.00082
-0.00073
-0.00070
-0.00046
-0.00024
-0.00009
0.00000
0.00015
-0.00012
-0.00061
-0.00098
-0.00095
-0.00085
-0.00119
-0.00153
-0.00162
-0.00150
-0.00134
-0.00131
-0.00113
-0.00070
-0.00024
0.00000
-0.00018
-0.00052
-0.00064
-0.00058
-0.00058
-0.00082
-0.00095
-0.00079
-0.00079
-0.00101
-0.00110
-0.00098
-0.00085
-0.00076
-0.00067
-0.00040
-0.00024
-0.00034
-0.00027
0.00000
0.00006
-0.00012
-0.00027
-0.00027
-0.00037
-0.00076
-0.00085
-0.00064
-0.00055
-0.00073
-0.00082
-0.00055
-0.00034
-0.00040
-0.00040
-0.00015
0.00012
0.00015
-0.00003
-0.00018
-0.00021
-0.00027
-0.00031
-0.00031
-0.00037
-0.00043
-0.00040
-0.00021
0.00000
0.00000
0.00000
0.00000
0.00000
0.00000
0.00000
0.00000
0.00000
0.00000
0.00000
0.00000
0.00000
0.00000
0.00000
0.00000
0.00000
0.00000
0.00000
0.00000
0.00000
0.00000
0.00000
0.00000
0.00000
0.00000
0.00000
0.00000
0.00000
0.00000
0.00000
0.00000
0.00000
0.00000
0.00000
0.00000
0.00000
0.00000
0.00000
0.00000
0.00000
0.00000
0.00000
0.00000
0.00000
0.00000
0.00000
0.00000
0.00000
0.00000
0.00000
0.00000
0.00000
0.00000
0.00000
0.00000
0.00000
0.00000
0.00000
0.00000
0.00000
0.00000
0.00000
0.00000
0.00000
0.00000
0.00000
0.00000
0.00000
0.00000
0.00000
0.00000
0.00000
0.00000
0.00000
0.00000
0.00000
0.00000
0.00000
0.00000
0.00000
0.00000
0.00000
0.00000
0.00000
0.00000
0.00000
0.00000
0.00000
0.00000
0.00000
0.00000
0.00000
0.00000
0.00000
0.00000
0.00000
0.00000
0.00000
0.00000
0.00000
0.00000
0.00000
0.00000
0.00000
0.00000
0.00000
0.00000
0.00000
0.00000
0.00000
0.00000
0.00000
0.00000
0.00000
0.00000
0.00000
0.00000
0.00000
0.00000
0.00000
0.00000
0.00000
0.00000
0.00000
0.00000
0.00000
0.00000
0.00000
0.00000
0.00000
0.00000
0.00000
0.00000
0.00000
0.00000
0.00000
0.00000
0.00000
0.00000
