-0.00018
-0.00018
-0.00018
-0.00021
-0.00021
-0.00018
-0.00015
-0.00015
-0.00015
-0.00015
-0.00012
-0.00015
-0.00015
-0.00012
-0.00009
-0.00012
-0.00015
-0.00012
-0.00015
-0.00018
-0.00015
-0.00018
-0.00018
-0.00021
-0.00021
-0.00021
-0.00024
-0.00027
-0.00021
-0.00015
-0.00021
-0.00021
-0.00021
-0.00018
-0.00040
-0.00003
-0.00012
-0.00015
-0.00015
-0.00018
-0.00009
-0.00015
-0.00015
-0.00021
-0.00021
-0.00021
-0.00021
-0.00021
-0.00018
-0.00018
-0.00021
-0.00015
-0.00012
-0.00009
-0.00009
-0.00015
-0.00018
-0.00021
-0.00024
-0.00021
-0.00024
-0.00021
-0.00012
-0.00012
-0.00015
-0.00012
-0.00012
-0.00015
-0.00024
-0.00024
-0.00021
-0.00021
-0.00021
-0.00018
-0.00018
-0.00015
-0.00015
-0.00012
-0.00012
-0.00015
-0.00018
-0.00021
-0.00021
-0.00018
-0.00015
-0.00012
-0.00015
-0.00015
-0.00012
-0.00009
-0.00012
-0.00018
-0.00015
-0.00009
-0.00012
-0.00012
-0.00006
-0.00006
-0.00015
-0.00015
-0.00015
-0.00021
-0.00024
-0.00021
-0.00018
-0.00015
-0.00009
-0.00006
-0.00003
-0.00003
-0.00012
-0.00015
-0.00021
-0.00021
-0.00024
-0.00018
-0.00012
-0.00009
-0.00006
-0.00006
-0.00009
-0.00012
-0.00009
-0.00012
-0.00012
-0.00012
-0.00009
-0.00009
-0.00015
-0.00012
-0.00012
-0.00015
-0.00018
-0.00015
-0.00015
-0.00012
-0.00006
-0.00006
-0.00006
-0.00006
-0.00009
-0.00009
-0.00012
-0.00015
-0.00018
-0.00012
-0.00012
-0.00018
-0.00015
-0.00009
-0.00009
-0.00012
-0.00009
-0.00009
-0.00015
-0.00015
-0.00018
-0.00018
-0.00015
-0.00018
-0.00018
-0.00015
-0.00012
-0.00009
-0.00003
-0.00003
-0.00006
-0.00006
-0.00006
-0.00006
-0.00009
-0.00012
-0.00009
-0.00012
-0.00012
-0.00009
-0.00009
-0.00009
-0.00015
-0.00012
-0.00015
-0.00018
-0.00018
-0.00018
-0.00012
-0.00015
-0.00012
-0.00012
-0.00006
-0.00009
-0.00006
-0.00015
-0.00003
-0.00024
0.00000
-0.00040
0.00009
-0.00055
0.00031
-0.00815
-0.02142
-0.01410
-0.01294
-0.01093
-0.00760
-0.00027
0.01147
0.01965
0.01620
0.01242
0.01111
0.00156
-0.00610
-0.00922
-0.00684
-0.00613
-0.00351
-0.00360
0.00034
0.00623
0.00455
0.00125
0.00217
0.00293
0.00235
0.00339
0.00375
0.00372
0.00302
-0.00003
-0.00159
0.00006
0.00003
-0.00049
0.00049
0.00058
0.00107
0.00269
0.00220
0.00238
0.00272
0.00140
0.00006
0.00031
0.00018
-0.00040
-0.00015
-0.00031
-0.00034
0.00034
0.00049
0.00037
0.00131
0.00131
0.00064
0.00113
0.00201
0.00198
0.00064
-0.00034
0.00003
-0.00015
-0.00067
-0.00104
0.00067
0.00143
0.00021
0.00034
-0.00046
0.00000
-0.00006
-0.00101
-0.00079
-0.00003
0.00043
0.00034
0.00104
0.00079
-0.00015
-0.00061
-0.00104
-0.00134
-0.00122
-0.00119
-0.00073
0.00012
-0.00006
-0.00052
-0.00037
-0.00015
-0.00012
-0.00040
-0.00073
-0.00082
-0.00043
-0.00037
-0.00089
-0.00122
-0.00110
-0.00101
-0.00095
-0.00125
-0.00101
-0.00061
-0.00055
-0.00064
-0.00049
-0.00034
-0.00034
-0.00012
-0.00006
-0.00024
-0.00061
-0.00070
-0.00055
-0.00061
-0.00107
-0.00143
-0.00150
-0.00137
-0.00107
-0.00070
-0.00058
-0.00052
-0.00031
-0.00003
-0.00006
-0.00046
-0.00089
-0.00089
-0.00049
-0.00040
-0.00082
-0.00131
-0.00137
-0.00113
-0.00092
-0.00076
-0.00058
-0.00046
-0.00052
-0.00043
-0.00012
-0.00003
-0.00021
-0.00037
-0.00040
-0.00037
-0.00031
-0.00024
-0.00021
-0.00037
-0.00061
-0.00067
-0.00061
-0.00061
-0.00058
-0.00055
-0.00037
-0.00018
-0.00021
-0.00027
-0.00012
0.00006
-0.00006
-0.00034
-0.00024
-0.00006
-0.00009
-0.00027
-0.00037
-0.00012
-0.00009
-0.00040
-0.00052
-0.00024
0.00006
0.00006
-0.00006
-0.00012
-0.00006
-0.00012
0.00000
0.00000
0.00000
0.00000
0.00000
0.00000
0.00000
0.00000
0.00000
0.00000
0.00000
0.00000
0.00000
0.00000
0.00000
0.00000
0.00000
0.00000
0.00000
0.00000
0.00000
0.00000
0.00000
0.00000
0.00000
0.00000
0.00000
0.00000
0.00000
0.00000
0.00000
0.00000
0.00000
0.00000
0.00000
0.00000
0.00000
0.00000
0.00000
0.00000
0.00000
0.00000
0.00000
0.00000
0.00000
0.00000
0.00000
0.00000
0.00000
0.00000
0.00000
0.00000
0.00000
0.00000
0.00000
0.00000
0.00000
0.00000
0.00000
0.00000
0.00000
0.00000
0.00000
0.00000
0.00000
0.00000
0.00000
0.00000
0.00000
0.00000
0.00000
0.00000
0.00000
0.00000
0.00000
0.00000
0.00000
0.00000
0.00000
0.00000
0.00000
0.00000
0.00000
0.00000
0.00000
0.00000
0.00000
0.00000
0.00000
0.00000
0.00000
0.00000
0.00000
0.00000
0.00000
0.00000
0.00000
0.00000
0.00000
0.00000
0.00000
0.00000
0.00000
0.00000
0.00000
0.00000
0.00000
0.00000
0.00000
0.00000
0.00000
0.00000
0.00000
0.00000
0.00000
0.00000
0.00000
0.00000
0.00000
0.00000
0.00000
0.00000
0.00000
0.00000
0.00000
0.00000
0.00000
0.00000
0.00000
0.00000
