-0.00012
-0.00012
-0.00012
-0.00012
-0.00009
-0.00006
-0.00003
-0.00003
-0.00006
-0.00006
0.00000
0.00000
-0.00003
-0.00003
-0.00006
-0.00009
-0.00012
-0.00009
-0.00006
-0.00006
-0.00006
-0.00003
-0.00003
0.00000
0.00000
-0.00003
-0.00003
-0.00003
-0.00003
-0.00003
-0.00003
-0.00003
-0.00003
0.00000
-0.00021
0.00009
0.00000
0.00000
0.00000
0.00000
0.00000
-0.00003
0.00000
-0.00003
0.00000
0.00000
0.00000
-0.00003
-0.00003
0.00000
0.00000
0.00000
0.00000
0.00000
0.00000
0.00000
0.00000
0.00000
0.00000
0.00000
0.00000
0.00000
0.00000
0.00003
0.00000
0.00000
0.00006
0.00000
0.00003
0.00003
0.00003
0.00000
0.00000
0.00006
0.00003
0.00003
0.00000
0.00003
0.00003
0.00003
0.00009
0.00006
0.00009
0.00009
0.00003
0.00003
0.00000
0.00000
0.00000
0.00000
0.00006
0.00006
0.00009
0.00012
0.00006
0.00006
0.00006
0.00003
0.00000
0.00003
0.00009
0.00009
0.00009
0.00012
0.00009
0.00006
0.00006
0.00006
0.00009
0.00009
0.00009
0.00009
0.00015
0.00009
0.00006
0.00009
0.00009
0.00009
0.00006
0.00009
0.00009
0.00009
0.00009
0.00006
0.00006
0.00006
0.00012
0.00012
0.00012
0.00012
0.00015
0.00009
0.00009
0.00009
0.00009
0.00006
0.00009
0.00012
0.00015
0.00012
0.00012
0.00009
0.00009
0.00009
0.00009
0.00012
0.00015
0.00012
0.00015
0.00012
0.00009
0.00012
0.00012
0.00012
0.00012
0.00012
0.00012
0.00012
0.00015
0.00009
0.00015
0.00012
0.00012
0.00012
0.00015
0.00012
0.00012
0.00012
0.00012
0.00012
0.00018
0.00015
0.00018
0.00012
0.00006
0.00009
0.00009
0.00009
0.00009
0.00009
0.00021
0.00006
0.00027
-0.00006
0.00052
-0.00043
0.00061
-0.00073
0.00092
-0.00104
0.00119
-0.02029
-0.06924
-0.02716
-0.04202
0.00439
0.05515
0.05319
0.03976
0.00906
0.02667
0.00974
-0.00244
-0.02670
-0.02792
-0.02170
-0.01147
0.00098
0.02377
0.02512
0.00034
-0.00375
0.00192
0.00427
0.00101
-0.00171
-0.00098
0.00085
0.00162
-0.00217
-0.00476
0.00015
-0.00168
-0.00323
-0.00079
0.00473
0.00433
0.00314
0.00565
0.00574
0.00342
0.00314
0.00180
-0.00150
-0.00049
-0.00110
-0.00171
-0.00128
0.00104
0.00085
-0.00009
-0.00009
0.00143
0.00131
0.00311
0.00446
0.00235
0.00232
0.00241
0.00031
-0.00040
0.00040
-0.00095
-0.00327
-0.00250
-0.00043
0.00018
0.00122
0.00092
0.00113
0.00165
0.00095
0.00000
0.00003
0.00076
0.00000
-0.00055
-0.00015
-0.00012
-0.00116
-0.00031
-0.00098
-0.00049
-0.00058
-0.00061
0.00064
0.00055
0.00031
-0.00064
0.00009
-0.00003
-0.00064
0.00000
-0.00085
-0.00049
-0.00076
-0.00079
-0.00021
-0.00082
-0.00134
-0.00183
-0.00067
-0.00043
-0.00073
-0.00067
-0.00073
-0.00055
0.00027
0.00064
0.00092
0.00073
0.00015
-0.00015
-0.00046
-0.00052
-0.00079
-0.00107
-0.00140
-0.00128
-0.00119
-0.00183
-0.00214
-0.00125
0.00000
0.00095
0.00095
0.00034
-0.00040
-0.00089
-0.00101
-0.00085
-0.00061
-0.00098
-0.00137
-0.00104
-0.00067
-0.00061
-0.00058
-0.00024
0.00009
-0.00009
-0.00009
-0.00018
-0.00040
-0.00046
-0.00009
0.00061
0.00046
-0.00034
-0.00073
-0.00043
-0.00012
-0.00037
-0.00073
-0.00070
-0.00064
-0.00043
-0.00015
-0.00003
-0.00037
-0.00052
-0.00003
0.00040
0.00046
0.00021
0.00000
0.00000
0.00000
0.00000
0.00000
0.00000
0.00000
0.00000
0.00000
0.00000
0.00000
0.00000
0.00000
0.00000
0.00000
0.00000
0.00000
0.00000
0.00000
0.00000
0.00000
0.00000
0.00000
0.00000
0.00000
0.00000
0.00000
0.00000
0.00000
0.00000
0.00000
0.00000
0.00000
0.00000
0.00000
0.00000
0.00000
0.00000
0.00000
0.00000
0.00000
0.00000
0.00000
0.00000
0.00000
0.00000
0.00000
0.00000
0.00000
0.00000
0.00000
0.00000
0.00000
0.00000
0.00000
0.00000
0.00000
0.00000
0.00000
0.00000
0.00000
0.00000
0.00000
0.00000
0.00000
0.00000
0.00000
0.00000
0.00000
0.00000
0.00000
0.00000
0.00000
0.00000
0.00000
0.00000
0.00000
0.00000
0.00000
0.00000
0.00000
0.00000
0.00000
0.00000
0.00000
0.00000
0.00000
0.00000
0.00000
0.00000
0.00000
0.00000
0.00000
0.00000
0.00000
0.00000
0.00000
0.00000
0.00000
0.00000
0.00000
0.00000
0.00000
0.00000
0.00000
0.00000
0.00000
0.00000
0.00000
0.00000
0.00000
0.00000
0.00000
0.00000
0.00000
0.00000
0.00000
0.00000
0.00000
0.00000
0.00000
0.00000
0.00000
0.00000
0.00000
0.00000
0.00000
0.00000
0.00000
0.00000
0.00000
0.00000
0.00000
0.00000
0.00000
0.00000
0.00000
0.00000
0.00000
0.00000
0.00000
0.00000
0.00000
0.00000
0.00000
0.00000
0.00000
0.00000
0.00000
0.00000
0.00000
0.00000
0.00000
0.00000
0.00000
0.00000
0.00000
