-0.00031
-0.00031
-0.00034
-0.00034
-0.00031
-0.00034
-0.00034
-0.00031
-0.00031
-0.00034
-0.00034
-0.00031
-0.00031
-0.00034
-0.00031
-0.00031
-0.00031
-0.00031
-0.00034
-0.00031
-0.00031
-0.00034
-0.00037
-0.00034
-0.00034
-0.00034
-0.00034
-0.00031
-0.00031
-0.00031
-0.00027
-0.00031
-0.00034
-0.00027
-0.00034
-0.00037
-0.00034
-0.00034
-0.00034
-0.00037
-0.00031
-0.00034
-0.00034
-0.00031
-0.00037
-0.00037
-0.00034
-0.00031
-0.00031
-0.00031
-0.00031
-0.00031
-0.00034
-0.00034
-0.00031
-0.00034
-0.00034
-0.00034
-0.00031
-0.00034
-0.00034
-0.00034
-0.00031
-0.00027
-0.00027
-0.00034
-0.00031
-0.00031
-0.00034
-0.00034
-0.00037
-0.00034
-0.00034
-0.00031
-0.00031
-0.00031
-0.00027
-0.00027
-0.00031
-0.00031
-0.00031
-0.00031
-0.00034
-0.00034
-0.00031
-0.00034
-0.00034
-0.00034
-0.00034
-0.00034
-0.00034
-0.00034
-0.00031
-0.00027
-0.00034
-0.00037
-0.00034
-0.00031
-0.00034
-0.00034
-0.00034
-0.00034
-0.00034
-0.00027
-0.00031
-0.00031
-0.00031
-0.00031
-0.00031
-0.00034
-0.00034
-0.00034
-0.00034
-0.00031
-0.00031
-0.00031
-0.00031
-0.00027
-0.00027
-0.00027
-0.00031
-0.00031
-0.00031
-0.00034
-0.00031
-0.00027
-0.00027
-0.00027
-0.00027
-0.00027
-0.00027
-0.00027
-0.00031
-0.00031
-0.00031
-0.00031
-0.00034
-0.00031
-0.00027
-0.00031
-0.00031
-0.00027
-0.00024
-0.00024
-0.00027
-0.00027
-0.00027
-0.00027
-0.00027
-0.00027
-0.00027
-0.00031
-0.00031
-0.00034
-0.00031
-0.00031
-0.00027
-0.00024
-0.00021
-0.00021
-0.00024
-0.00024
-0.00027
-0.00027
-0.00027
-0.00031
-0.00031
-0.00027
-0.00027
-0.00031
-0.00024
-0.00024
-0.00027
-0.00027
-0.00021
-0.00018
-0.00021
-0.00021
-0.00021
-0.00024
-0.00021
-0.00027
-0.00021
-0.00034
-0.00009
-0.00049
-0.00034
-0.00027
-0.00037
0.00015
-0.00027
-0.01166
-0.07666
-0.07880
-0.01587
0.03171
0.04968
0.03976
0.03656
0.02985
0.02478
-0.00781
-0.02469
-0.01816
-0.01260
-0.00357
0.00879
0.00232
-0.00687
-0.00211
0.00119
-0.00067
0.00748
0.00876
0.00644
0.01132
0.00803
-0.00208
-0.00262
-0.00116
-0.00482
-0.00534
-0.00436
-0.00259
0.00146
0.00562
0.00180
0.00037
0.00208
0.00311
0.00391
0.00467
0.00281
-0.00003
-0.00174
-0.00220
-0.00140
0.00021
0.00052
-0.00082
-0.00122
-0.00076
0.00079
0.00232
0.00443
0.00458
0.00281
0.00153
0.00024
-0.00031
-0.00079
-0.00131
-0.00082
-0.00067
-0.00040
-0.00092
-0.00201
-0.00162
0.00061
0.00122
0.00186
0.00171
0.00073
-0.00046
0.00021
0.00021
-0.00058
-0.00052
-0.00168
-0.00110
-0.00012
-0.00015
-0.00104
-0.00082
-0.00064
-0.00125
-0.00003
-0.00003
-0.00031
0.00000
-0.00049
-0.00098
-0.00061
-0.00021
-0.00082
-0.00107
-0.00073
-0.00107
-0.00119
-0.00134
-0.00146
-0.00150
-0.00177
-0.00204
-0.00122
0.00031
0.00085
0.00143
0.00180
0.00107
0.00031
-0.00058
-0.00174
-0.00244
-0.00238
-0.00214
-0.00134
-0.00055
-0.00089
-0.00052
-0.00006
-0.00055
-0.00092
-0.00067
-0.00064
-0.00061
-0.00043
-0.00064
-0.00052
-0.00031
-0.00064
-0.00073
-0.00076
-0.00116
-0.00140
-0.00104
-0.00101
-0.00116
-0.00110
-0.00073
-0.00015
0.00021
0.00052
0.00055
0.00049
0.00037
0.00018
-0.00009
-0.00082
-0.00168
-0.00198
-0.00143
-0.00089
-0.00082
-0.00055
-0.00015
0.00000
0.00000
0.00000
0.00000
0.00000
0.00000
0.00000
0.00000
0.00000
0.00000
0.00000
0.00000
0.00000
0.00000
0.00000
0.00000
0.00000
0.00000
0.00000
0.00000
0.00000
0.00000
0.00000
0.00000
0.00000
0.00000
0.00000
0.00000
0.00000
0.00000
0.00000
0.00000
0.00000
0.00000
0.00000
0.00000
0.00000
0.00000
0.00000
0.00000
0.00000
0.00000
0.00000
0.00000
0.00000
0.00000
0.00000
0.00000
0.00000
0.00000
0.00000
0.00000
0.00000
0.00000
0.00000
0.00000
0.00000
0.00000
0.00000
0.00000
0.00000
0.00000
0.00000
0.00000
0.00000
0.00000
0.00000
0.00000
0.00000
0.00000
0.00000
0.00000
0.00000
0.00000
0.00000
0.00000
0.00000
0.00000
0.00000
0.00000
0.00000
0.00000
0.00000
0.00000
0.00000
0.00000
0.00000
0.00000
0.00000
0.00000
0.00000
0.00000
0.00000
0.00000
0.00000
0.00000
0.00000
0.00000
0.00000
0.00000
0.00000
0.00000
0.00000
0.00000
0.00000
0.00000
0.00000
0.00000
0.00000
0.00000
0.00000
0.00000
0.00000
0.00000
0.00000
0.00000
0.00000
0.00000
0.00000
0.00000
0.00000
0.00000
0.00000
0.00000
0.00000
0.00000
0.00000
0.00000
0.00000
0.00000
0.00000
0.00000
0.00000
0.00000
0.00000
0.00000
0.00000
0.00000
0.00000
0.00000
0.00000
0.00000
0.00000
0.00000
0.00000
0.00000
0.00000
0.00000
0.00000
0.00000
0.00000
0.00000
0.00000
0.00000
0.00000
0.00000
0.00000
0.00000
0.00000
0.00000
0.00000
0.00000
0.00000
0.00000
0.00000
0.00000
