-0.00034
-0.00034
-0.00037
-0.00034
-0.00034
-0.00034
-0.00034
-0.00031
-0.00034
-0.00034
-0.00034
-0.00037
-0.00037
-0.00034
-0.00034
-0.00034
-0.00034
-0.00034
-0.00034
-0.00034
-0.00034
-0.00037
-0.00034
-0.00034
-0.00037
-0.00037
-0.00037
-0.00034
-0.00034
-0.00034
-0.00037
-0.00034
-0.00037
-0.00034
-0.00027
-0.00052
-0.00040
-0.00034
-0.00040
-0.00037
-0.00034
-0.00037
-0.00037
-0.00037
-0.00037
-0.00037
-0.00037
-0.00037
-0.00037
-0.00037
-0.00037
-0.00034
-0.00037
-0.00037
-0.00037
-0.00037
-0.00040
-0.00040
-0.00040
-0.00037
-0.00034
-0.00034
-0.00034
-0.00031
-0.00034
-0.00037
-0.00034
-0.00040
-0.00040
-0.00043
-0.00040
-0.00040
-0.00040
-0.00037
-0.00034
-0.00034
-0.00034
-0.00034
-0.00034
-0.00034
-0.00034
-0.00037
-0.00037
-0.00037
-0.00040
-0.00040
-0.00037
-0.00037
-0.00040
-0.00040
-0.00034
-0.00037
-0.00037
-0.00034
-0.00037
-0.00037
-0.00037
-0.00037
-0.00034
-0.00037
-0.00037
-0.00037
-0.00037
-0.00040
-0.00037
-0.00034
-0.00034
-0.00037
-0.00037
-0.00034
-0.00034
-0.00040
-0.00037
-0.00034
-0.00037
-0.00037
-0.00034
-0.00034
-0.00034
-0.00034
-0.00034
-0.00037
-0.00037
-0.00040
-0.00037
-0.00037
-0.00034
-0.00034
-0.00031
-0.00031
-0.00031
-0.00031
-0.00034
-0.00034
-0.00037
-0.00034
-0.00034
-0.00034
-0.00034
-0.00031
-0.00034
-0.00037
-0.00034
-0.00031
-0.00034
-0.00034
-0.00031
-0.00031
-0.00034
-0.00031
-0.00031
-0.00031
-0.00034
-0.00034
-0.00031
-0.00031
-0.00031
-0.00031
-0.00027
-0.00027
-0.00031
-0.00027
-0.00027
-0.00031
-0.00031
-0.00027
-0.00031
-0.00031
-0.00031
-0.00031
-0.00024
-0.00027
-0.00027
-0.00027
-0.00024
-0.00027
-0.00027
-0.00027
-0.00027
-0.00034
-0.00027
-0.00031
-0.00018
-0.00046
-0.00006
-0.00055
0.00000
-0.00089
0.00024
-0.00113
0.00058
-0.02365
-0.07391
-0.04572
-0.01419
0.01031
0.04324
0.05215
0.03531
0.01584
0.00827
0.00720
0.01309
-0.00864
-0.03751
-0.02850
-0.00415
0.00009
0.01160
0.01358
0.00360
0.00327
0.00482
-0.00082
0.00482
0.00800
-0.00156
-0.00128
0.00171
-0.00381
-0.00357
0.00131
-0.00192
-0.00375
-0.00098
-0.00009
0.00256
0.00681
0.00601
0.00449
0.00287
0.00064
-0.00116
-0.00128
-0.00134
-0.00204
-0.00247
-0.00031
0.00131
0.00107
0.00119
0.00116
0.00043
0.00018
0.00189
0.00238
0.00137
0.00052
0.00027
0.00134
0.00168
0.00031
-0.00137
-0.00250
-0.00214
-0.00140
0.00031
0.00107
0.00058
0.00027
-0.00006
0.00046
0.00089
0.00058
0.00018
-0.00031
-0.00055
-0.00079
-0.00128
-0.00159
-0.00171
-0.00092
-0.00052
-0.00067
-0.00070
-0.00055
0.00021
0.00067
0.00046
0.00012
-0.00021
-0.00052
-0.00076
-0.00092
-0.00110
-0.00146
-0.00131
-0.00150
-0.00150
-0.00143
-0.00116
-0.00113
-0.00122
-0.00146
-0.00150
0.00006
0.00070
0.00055
0.00107
0.00098
0.00067
0.00021
-0.00095
-0.00217
-0.00235
-0.00223
-0.00180
-0.00055
-0.00046
-0.00070
-0.00034
-0.00043
-0.00089
-0.00043
-0.00055
-0.00085
-0.00055
-0.00076
-0.00098
-0.00043
-0.00024
-0.00064
-0.00061
-0.00092
-0.00146
-0.00131
-0.00110
-0.00113
-0.00076
-0.00031
-0.00027
-0.00006
0.00000
-0.00009
0.00003
-0.00012
-0.00061
-0.00104
-0.00098
-0.00082
-0.00070
-0.00003
0.00040
0.00024
0.00015
0.00043
0.00037
-0.00024
-0.00067
-0.00073
-0.00070
-0.00037
0.00000
0.00000
0.00000
0.00000
0.00000
0.00000
0.00000
0.00000
0.00000
0.00000
0.00000
0.00000
0.00000
0.00000
0.00000
0.00000
0.00000
0.00000
0.00000
0.00000
0.00000
0.00000
0.00000
0.00000
0.00000
0.00000
0.00000
0.00000
0.00000
0.00000
0.00000
0.00000
0.00000
0.00000
0.00000
0.00000
0.00000
0.00000
0.00000
0.00000
0.00000
0.00000
0.00000
0.00000
0.00000
0.00000
0.00000
0.00000
0.00000
0.00000
0.00000
0.00000
0.00000
0.00000
0.00000
0.00000
0.00000
0.00000
0.00000
0.00000
0.00000
0.00000
0.00000
0.00000
0.00000
0.00000
0.00000
0.00000
0.00000
0.00000
0.00000
0.00000
0.00000
0.00000
0.00000
0.00000
0.00000
0.00000
0.00000
0.00000
0.00000
0.00000
0.00000
0.00000
0.00000
0.00000
0.00000
0.00000
0.00000
0.00000
0.00000
0.00000
0.00000
0.00000
0.00000
0.00000
0.00000
0.00000
0.00000
0.00000
0.00000
0.00000
0.00000
0.00000
0.00000
0.00000
0.00000
0.00000
0.00000
0.00000
0.00000
0.00000
0.00000
0.00000
0.00000
0.00000
0.00000
0.00000
0.00000
0.00000
0.00000
0.00000
0.00000
0.00000
0.00000
0.00000
0.00000
0.00000
0.00000
0.00000
0.00000
0.00000
0.00000
0.00000
0.00000
0.00000
0.00000
0.00000
0.00000
0.00000
0.00000
0.00000
0.00000
0.00000
0.00000
0.00000
0.00000
0.00000
0.00000
0.00000
0.00000
0.00000
0.00000
0.00000
0.00000
0.00000
0.00000
0.00000
0.00000
0.00000
