0.00006
0.00012
0.00003
0.00000
0.00003
0.00009
0.00006
0.00015
0.00015
0.00009
0.00009
0.00009
0.00006
0.00006
0.00018
0.00000
0.00006
0.00015
0.00003
0.00000
0.00012
0.00003
0.00003
0.00015
0.00009
0.00009
0.00012
0.00006
0.00000
0.00003
0.00003
0.00000
0.00000
0.00006
0.00000
0.00000
0.00003
0.00000
0.00009
0.00015
0.00012
0.00003
0.00000
0.00009
0.00006
0.00000
0.00006
0.00009
0.00009
0.00000
-0.00003
-0.00003
0.00000
0.00003
0.00034
0.00003
0.00009
0.00015
-0.00012
0.00003
0.00009
-0.00003
-0.00012
0.00012
0.00003
0.00000
0.00006
0.00000
0.00000
0.00000
0.00012
0.00018
0.00009
0.00012
0.00006
-0.00006
-0.00003
0.00003
-0.00003
-0.00003
0.00000
0.00000
-0.00006
0.00006
0.00003
-0.00009
0.00000
0.00003
-0.00012
-0.00006
0.00000
0.00000
0.00003
0.00003
-0.00006
-0.00009
-0.00006
-0.00006
-0.00003
0.00000
0.00000
-0.00012
-0.00009
0.00006
-0.00012
-0.00021
-0.00006
0.00000
-0.00003
0.00003
0.00009
-0.00003
-0.00003
-0.00012
-0.00021
-0.00018
-0.00006
-0.00012
-0.00006
0.00003
0.00003
-0.00006
-0.00006
-0.00003
-0.00015
-0.00015
-0.00003
-0.00006
0.00000
0.00000
-0.00006
-0.00012
-0.00006
-0.00012
-0.00012
-0.00006
-0.00006
-0.00006
-0.00018
0.00000
0.00006
0.00003
0.00003
-0.00003
-0.00009
-0.00024
-0.00015
-0.00009
0.00000
-0.00012
-0.00009
0.00000
-0.00009
-0.00009
-0.00009
-0.00006
-0.00003
-0.00003
0.00003
0.00000
-0.00006
-0.00012
-0.00021
-0.00021
-0.00018
-0.00009
-0.00003
0.00000
-0.00006
-0.00003
-0.00012
0.00006
-0.00031
0.00024
-0.00101
0.00140
-0.00272
0.00366
-0.00555
0.00766
-0.01141
0.01379
-0.13205
-0.18985
0.03198
-0.01346
0.07562
0.16080
0.10831
-0.03604
0.01492
-0.00504
-0.03833
-0.00070
-0.04196
0.01453
0.04868
0.01205
-0.05014
0.01306
0.01062
-0.03149
0.03671
0.03302
-0.02203
0.00256
0.01318
-0.01062
0.00522
0.00879
-0.01660
0.00143
0.00888
-0.01367
-0.00882
0.00940
0.00146
-0.00830
0.00952
0.01074
0.00476
0.00217
0.01111
0.00131
-0.00772
-0.00418
-0.00134
-0.00363
0.00247
0.00018
-0.00555
-0.00165
0.00156
-0.00128
0.00204
0.01099
0.00323
-0.00320
0.00360
0.00162
-0.00360
-0.00244
0.00000
-0.00168
-0.00266
-0.00092
-0.00156
-0.00027
-0.00049
-0.00320
0.00003
0.00143
0.00052
-0.00153
0.00156
0.00266
-0.00119
-0.00189
-0.00089
-0.00223
-0.00287
-0.00217
-0.00076
-0.00259
-0.00278
-0.00256
-0.00101
0.00092
0.00058
0.00067
0.00150
0.00055
-0.00189
-0.00107
-0.00006
-0.00131
-0.00220
-0.00061
-0.00180
-0.00323
-0.00299
-0.00247
-0.00208
-0.00110
-0.00092
-0.00037
-0.00031
-0.00046
-0.00092
-0.00070
-0.00031
-0.00012
0.00095
0.00143
0.00052
-0.00037
-0.00085
-0.00174
-0.00232
-0.00253
-0.00250
-0.00266
-0.00186
-0.00040
0.00027
0.00012
0.00027
0.00009
-0.00052
-0.00116
-0.00162
-0.00159
-0.00122
-0.00085
-0.00104
-0.00119
-0.00134
-0.00223
-0.00220
-0.00085
0.00015
0.00040
0.00037
0.00064
0.00064
0.00046
0.00070
0.00082
0.00052
-0.00037
-0.00092
-0.00092
-0.00092
-0.00119
-0.00140
-0.00110
-0.00089
-0.00089
-0.00024
0.00052
0.00049
0.00015
0.00034
0.00055
0.00037
0.00021
0.00012
-0.00003
-0.00046
-0.00076
-0.00064
-0.00085
-0.00092
-0.00073
0.00000
0.00067
0.00085
0.00089
0.00092
0.00070
0.00018
0.00012
0.00037
0.00012
-0.00046
-0.00055
-0.00043
-0.00031
-0.00052
-0.00037
-0.00012
-0.00067
-0.00079
-0.00031
-0.00018
-0.00034
-0.00018
0.00015
0.00058
0.00095
0.00070
0.00000
0.00000
0.00000
0.00000
0.00000
0.00000
0.00000
0.00000
0.00000
0.00000
0.00000
0.00000
0.00000
0.00000
0.00000
0.00000
0.00000
0.00000
0.00000
0.00000
0.00000
0.00000
0.00000
0.00000
0.00000
0.00000
0.00000
0.00000
0.00000
0.00000
0.00000
0.00000
0.00000
0.00000
0.00000
0.00000
0.00000
0.00000
0.00000
0.00000
0.00000
0.00000
0.00000
0.00000
0.00000
0.00000
0.00000
0.00000
0.00000
0.00000
0.00000
0.00000
0.00000
0.00000
0.00000
0.00000
0.00000
0.00000
0.00000
0.00000
0.00000
0.00000
0.00000
0.00000
0.00000
0.00000
0.00000
0.00000
0.00000
0.00000
0.00000
0.00000
0.00000
0.00000
0.00000
0.00000
0.00000
0.00000
0.00000
0.00000
0.00000
0.00000
0.00000
0.00000
0.00000
0.00000
0.00000
0.00000
0.00000
0.00000
0.00000
0.00000
0.00000
0.00000
0.00000
0.00000
0.00000
0.00000
0.00000
0.00000
0.00000
0.00000
0.00000
0.00000
0.00000
0.00000
0.00000
0.00000
0.00000
0.00000
0.00000
0.00000
0.00000
0.00000
0.00000
0.00000
0.00000
0.00000
0.00000
0.00000
0.00000
0.00000
0.00000
0.00000
0.00000
0.00000
0.00000
0.00000
0.00000
0.00000
0.00000
