0.00000
-0.00006
-0.00015
-0.00015
-0.00015
-0.00006
-0.00003
-0.00009
-0.00012
-0.00003
-0.00009
-0.00015
-0.00009
-0.00003
-0.00012
-0.00012
-0.00003
-0.00012
-0.00009
-0.00003
-0.00009
0.00000
0.00009
0.00000
-0.00009
-0.00006
-0.00015
-0.00015
-0.00006
-0.00021
-0.00021
-0.00003
-0.00006
-0.00018
-0.00015
-0.00012
-0.00015
-0.00006
-0.00006
-0.00015
-0.00012
-0.00012
-0.00009
-0.00003
-0.00012
-0.00021
-0.00015
-0.00021
-0.00024
-0.00015
-0.00015
-0.00012
-0.00006
-0.00009
-0.00018
-0.00012
-0.00006
-0.00027
-0.00009
0.00000
-0.00024
-0.00003
-0.00006
-0.00027
-0.00018
-0.00006
-0.00012
-0.00009
-0.00006
-0.00009
-0.00018
-0.00018
-0.00003
-0.00015
-0.00024
-0.00018
-0.00018
-0.00018
-0.00009
-0.00006
-0.00015
-0.00012
-0.00009
-0.00012
-0.00003
0.00000
0.00000
-0.00015
-0.00018
-0.00015
-0.00018
-0.00012
-0.00012
-0.00012
-0.00012
-0.00009
-0.00009
-0.00012
-0.00006
-0.00006
-0.00003
0.00006
0.00009
-0.00012
-0.00018
-0.00003
-0.00018
-0.00027
-0.00015
-0.00024
-0.00027
-0.00006
0.00000
-0.00006
0.00000
0.00000
-0.00006
0.00000
-0.00003
-0.00021
-0.00021
-0.00009
-0.00015
-0.00012
0.00000
-0.00003
-0.00018
-0.00012
-0.00003
-0.00015
-0.00009
0.00000
-0.00006
-0.00009
-0.00009
-0.00012
-0.00009
-0.00009
-0.00012
-0.00006
-0.00009
-0.00009
-0.00006
-0.00009
-0.00006
-0.00012
-0.00006
-0.00003
-0.00006
-0.00006
-0.00003
-0.00003
0.00000
0.00000
-0.00006
-0.00003
-0.00006
-0.00006
-0.00006
-0.00012
-0.00003
-0.00003
0.00003
0.00006
0.00000
-0.00006
-0.00018
-0.00024
-0.00012
-0.00012
-0.00003
0.00000
0.00000
0.00006
0.00006
-0.00009
-0.00031
0.00037
-0.00095
0.00122
-0.00198
0.00314
-0.00476
-0.00131
-0.14478
-0.18997
-0.02347
-0.00040
0.13141
0.25473
0.11304
-0.01120
-0.00330
-0.05020
-0.07156
-0.04007
-0.04684
-0.00647
0.05048
0.01358
-0.01337
0.03900
0.01157
-0.01996
0.04404
0.02005
-0.03809
-0.00061
0.00183
-0.01627
0.00864
0.00867
-0.01538
0.00278
0.00925
-0.01328
0.00122
0.01181
-0.00497
-0.00204
0.01248
0.00653
-0.00009
0.00638
0.00638
-0.00290
-0.00638
-0.00327
-0.00323
-0.00250
0.00256
0.00018
-0.00262
-0.00092
0.00061
-0.00046
0.00436
0.00961
0.00226
-0.00110
0.00357
-0.00082
-0.00473
-0.00040
0.00052
-0.00165
-0.00177
0.00012
-0.00061
-0.00018
0.00037
-0.00204
0.00089
0.00171
-0.00098
0.00027
0.00183
0.00143
-0.00110
-0.00131
-0.00104
-0.00339
-0.00269
-0.00107
0.00012
-0.00208
-0.00281
-0.00122
-0.00079
0.00116
0.00165
0.00107
0.00162
0.00046
-0.00128
-0.00067
-0.00024
-0.00177
-0.00192
-0.00076
-0.00217
-0.00345
-0.00244
-0.00223
-0.00153
0.00000
0.00040
0.00085
0.00040
-0.00018
-0.00055
-0.00055
-0.00046
-0.00021
0.00116
0.00195
0.00089
0.00012
-0.00076
-0.00201
-0.00259
-0.00287
-0.00272
-0.00272
-0.00177
0.00012
0.00101
0.00146
0.00150
0.00089
-0.00024
-0.00150
-0.00186
-0.00201
-0.00162
-0.00107
-0.00098
-0.00104
-0.00122
-0.00156
-0.00113
0.00003
0.00064
0.00076
0.00104
0.00131
0.00113
0.00085
0.00101
0.00089
0.00018
-0.00067
-0.00122
-0.00143
-0.00146
-0.00146
-0.00119
-0.00052
-0.00037
-0.00021
0.00043
0.00092
0.00076
0.00070
0.00082
0.00064
0.00034
0.00024
0.00015
-0.00009
-0.00049
-0.00061
-0.00049
-0.00070
-0.00085
-0.00040
0.00040
0.00098
0.00146
0.00143
0.00116
0.00076
0.00027
0.00015
0.00021
-0.00018
-0.00061
-0.00034
-0.00012
-0.00021
-0.00027
-0.00006
-0.00012
-0.00043
-0.00024
0.00031
0.00055
0.00073
0.00079
0.00049
0.00031
0.00000
0.00021
0.00046
0.00049
0.00009
-0.00006
0.00000
0.00000
0.00000
0.00000
0.00000
0.00000
0.00000
0.00000
0.00000
0.00000
0.00000
0.00000
0.00000
0.00000
0.00000
0.00000
0.00000
0.00000
0.00000
0.00000
0.00000
0.00000
0.00000
0.00000
0.00000
0.00000
0.00000
0.00000
0.00000
0.00000
0.00000
0.00000
0.00000
0.00000
0.00000
0.00000
0.00000
0.00000
0.00000
0.00000
0.00000
0.00000
0.00000
0.00000
0.00000
0.00000
0.00000
0.00000
0.00000
0.00000
0.00000
0.00000
0.00000
0.00000
0.00000
0.00000
0.00000
0.00000
0.00000
0.00000
0.00000
0.00000
0.00000
0.00000
0.00000
0.00000
0.00000
0.00000
0.00000
0.00000
0.00000
0.00000
0.00000
0.00000
0.00000
0.00000
0.00000
0.00000
0.00000
0.00000
0.00000
0.00000
0.00000
0.00000
0.00000
0.00000
0.00000
0.00000
0.00000
0.00000
0.00000
0.00000
0.00000
0.00000
0.00000
0.00000
0.00000
0.00000
0.00000
0.00000
0.00000
0.00000
0.00000
0.00000
0.00000
0.00000
0.00000
0.00000
0.00000
0.00000
0.00000
0.00000
0.00000
0.00000
0.00000
0.00000
0.00000
0.00000
0.00000
0.00000
0.00000
0.00000
0.00000
0.00000
0.00000
