-0.00012
-0.00009
0.00000
0.00003
0.00009
0.00000
0.00000
-0.00006
-0.00024
-0.00018
-0.00012
-0.00012
0.00000
-0.00003
-0.00006
-0.00018
-0.00012
-0.00012
0.00000
-0.00003
-0.00003
-0.00009
-0.00006
-0.00006
-0.00012
-0.00009
-0.00012
-0.00003
-0.00006
-0.00003
-0.00009
-0.00006
-0.00015
-0.00018
-0.00015
-0.00018
-0.00009
0.00003
0.00000
-0.00003
-0.00003
-0.00015
-0.00015
-0.00006
-0.00006
-0.00006
-0.00006
0.00000
-0.00006
-0.00006
-0.00003
-0.00012
-0.00009
-0.00012
-0.00018
-0.00012
-0.00012
-0.00009
-0.00006
0.00000
0.00000
-0.00003
-0.00024
0.00000
-0.00034
-0.00009
0.00003
-0.00009
-0.00009
-0.00018
0.00003
-0.00012
-0.00015
-0.00015
-0.00006
-0.00006
-0.00003
0.00003
0.00000
-0.00009
-0.00009
-0.00012
-0.00015
-0.00006
-0.00009
-0.00003
0.00000
-0.00009
-0.00021
-0.00012
0.00000
-0.00018
-0.00018
-0.00009
-0.00018
-0.00018
-0.00003
-0.00003
0.00003
-0.00003
0.00000
0.00000
-0.00003
-0.00018
-0.00024
-0.00009
-0.00012
-0.00015
-0.00021
-0.00003
-0.00006
-0.00006
0.00000
0.00000
0.00000
-0.00015
-0.00012
-0.00015
-0.00021
-0.00018
-0.00012
-0.00006
-0.00006
-0.00006
0.00000
0.00003
0.00000
-0.00003
-0.00006
-0.00015
-0.00012
-0.00012
-0.00003
-0.00009
-0.00015
-0.00015
-0.00009
-0.00003
-0.00006
-0.00003
-0.00006
-0.00012
-0.00009
-0.00009
-0.00015
-0.00015
-0.00012
-0.00018
-0.00003
0.00000
0.00000
-0.00009
-0.00018
-0.00012
-0.00021
-0.00012
-0.00018
-0.00003
0.00003
-0.00003
-0.00003
-0.00012
-0.00006
-0.00018
-0.00012
-0.00006
-0.00018
-0.00006
-0.00018
-0.00009
-0.00015
-0.00021
-0.00009
-0.00006
-0.00003
-0.00006
-0.00009
0.00000
-0.00018
0.00006
-0.00034
0.00000
-0.00015
-0.00061
0.00113
-0.00281
0.00446
-0.00751
-0.00244
-0.14716
-0.05374
-0.07751
-0.03561
0.18448
0.14749
0.11356
-0.06467
-0.00122
-0.01471
-0.02817
-0.04233
-0.03827
0.01862
0.01743
-0.00763
0.01175
0.02966
-0.01462
-0.01035
0.02029
0.00943
-0.00812
-0.00552
-0.00079
0.00458
0.00836
0.00021
-0.00906
0.00711
-0.00198
-0.00873
-0.00220
0.00482
-0.00375
-0.00186
0.01166
0.00540
0.00070
0.00333
0.00461
-0.00522
-0.00302
-0.00302
-0.00128
-0.00107
0.00302
-0.00040
0.00131
0.00140
0.00125
-0.00092
0.00644
0.00516
-0.00180
0.00171
0.00284
-0.00061
-0.00278
-0.00079
0.00284
-0.00226
-0.00177
-0.00064
-0.00134
-0.00003
-0.00241
0.00027
0.00110
0.00024
0.00089
0.00003
0.00464
0.00061
-0.00168
-0.00052
-0.00180
-0.00339
-0.00330
-0.00122
0.00085
-0.00208
-0.00073
-0.00171
-0.00037
0.00046
0.00012
0.00208
0.00140
-0.00034
-0.00095
-0.00104
-0.00003
-0.00198
-0.00162
-0.00122
-0.00244
-0.00165
-0.00217
-0.00137
-0.00128
-0.00064
0.00046
-0.00003
-0.00061
-0.00076
-0.00107
0.00034
-0.00040
0.00034
0.00070
0.00043
0.00043
-0.00040
-0.00073
-0.00180
-0.00262
-0.00220
-0.00281
-0.00256
-0.00165
-0.00031
0.00076
0.00089
0.00122
0.00000
-0.00110
-0.00150
-0.00168
-0.00131
-0.00119
-0.00104
-0.00064
-0.00073
-0.00125
-0.00177
-0.00134
-0.00064
-0.00061
-0.00021
0.00037
0.00070
0.00067
0.00052
0.00092
0.00073
-0.00009
-0.00073
-0.00104
-0.00119
-0.00156
-0.00165
-0.00104
-0.00085
-0.00055
-0.00006
0.00034
0.00040
-0.00003
0.00000
0.00027
0.00018
0.00000
-0.00003
0.00000
-0.00027
-0.00073
-0.00049
-0.00055
-0.00064
-0.00073
-0.00055
0.00003
0.00027
0.00064
0.00055
0.00085
0.00049
0.00006
0.00021
0.00009
-0.00027
-0.00021
0.00000
-0.00015
-0.00037
-0.00049
-0.00037
-0.00067
-0.00073
-0.00040
0.00006
0.00043
0.00043
0.00055
0.00049
0.00018
0.00024
0.00037
0.00037
-0.00009
-0.00040
-0.00046
-0.00037
-0.00018
0.00000
0.00018
-0.00034
-0.00070
-0.00085
-0.00040
0.00000
0.00000
0.00000
0.00000
0.00000
0.00000
0.00000
0.00000
0.00000
0.00000
0.00000
0.00000
0.00000
0.00000
0.00000
0.00000
0.00000
0.00000
0.00000
0.00000
0.00000
0.00000
0.00000
0.00000
0.00000
0.00000
0.00000
0.00000
0.00000
0.00000
0.00000
0.00000
0.00000
0.00000
0.00000
0.00000
0.00000
0.00000
0.00000
0.00000
0.00000
0.00000
0.00000
0.00000
0.00000
0.00000
0.00000
0.00000
0.00000
0.00000
0.00000
0.00000
0.00000
0.00000
0.00000
0.00000
0.00000
0.00000
0.00000
0.00000
0.00000
0.00000
0.00000
0.00000
0.00000
0.00000
0.00000
0.00000
0.00000
0.00000
0.00000
0.00000
0.00000
0.00000
0.00000
0.00000
0.00000
0.00000
0.00000
0.00000
0.00000
0.00000
0.00000
0.00000
0.00000
0.00000
0.00000
0.00000
0.00000
0.00000
0.00000
0.00000
0.00000
0.00000
0.00000
0.00000
0.00000
0.00000
0.00000
0.00000
0.00000
0.00000
0.00000
0.00000
0.00000
0.00000
0.00000
0.00000
0.00000
0.00000
0.00000
0.00000
