0.00000
-0.00003
-0.00009
-0.00003
-0.00003
-0.00012
-0.00006
0.00000
-0.00003
0.00000
-0.00006
0.00000
-0.00003
-0.00009
-0.00009
-0.00015
-0.00012
-0.00018
-0.00012
-0.00006
0.00003
-0.00006
-0.00006
0.00000
-0.00009
-0.00009
-0.00018
-0.00009
-0.00009
-0.00012
-0.00006
-0.00003
-0.00006
-0.00006
-0.00006
-0.00009
-0.00009
-0.00012
-0.00012
-0.00006
-0.00003
-0.00009
-0.00012
-0.00012
-0.00015
-0.00012
-0.00003
-0.00009
-0.00015
-0.00006
-0.00006
-0.00015
-0.00015
-0.00012
0.00000
-0.00040
-0.00015
0.00000
-0.00018
-0.00006
-0.00006
-0.00015
-0.00015
-0.00006
-0.00018
-0.00009
-0.00012
-0.00006
-0.00012
-0.00012
0.00000
-0.00009
-0.00015
-0.00003
-0.00012
-0.00031
-0.00012
-0.00006
-0.00024
-0.00015
-0.00009
-0.00012
-0.00015
-0.00003
-0.00015
-0.00027
-0.00015
-0.00009
-0.00012
-0.00003
-0.00006
-0.00009
-0.00009
-0.00018
-0.00018
-0.00012
-0.00012
-0.00012
-0.00015
-0.00012
-0.00012
-0.00031
-0.00027
0.00000
-0.00012
-0.00024
-0.00006
0.00000
-0.00015
-0.00009
-0.00006
-0.00012
-0.00012
-0.00015
-0.00018
-0.00018
-0.00015
-0.00018
-0.00009
-0.00003
-0.00009
-0.00006
-0.00006
-0.00012
-0.00018
-0.00012
-0.00015
-0.00015
-0.00009
-0.00012
-0.00009
-0.00009
-0.00009
-0.00012
-0.00006
-0.00009
-0.00015
-0.00006
-0.00015
-0.00006
-0.00012
-0.00009
-0.00009
-0.00018
-0.00021
-0.00021
-0.00012
-0.00015
-0.00006
-0.00009
-0.00006
-0.00006
-0.00009
-0.00009
-0.00009
-0.00009
-0.00012
-0.00012
-0.00006
-0.00012
-0.00012
-0.00015
-0.00018
-0.00015
-0.00021
-0.00015
-0.00003
-0.00003
-0.00009
-0.00006
-0.00006
-0.00003
-0.00006
-0.00003
-0.00055
0.00085
-0.00198
0.00269
-0.00467
0.00693
-0.01062
0.00766
-0.17383
-0.15884
0.03619
-0.01022
0.10861
0.17270
0.08432
-0.03595
0.02908
-0.03333
-0.03336
-0.01071
-0.04050
0.02350
0.04599
0.00018
-0.04285
0.02438
-0.00284
-0.02328
0.04837
0.01785
-0.02615
0.01309
0.00854
-0.00867
0.01245
0.00369
-0.01709
0.00162
0.00131
-0.01651
-0.00327
0.01041
-0.00183
-0.00244
0.01184
0.00897
0.00464
0.00330
0.01068
-0.00146
-0.00827
-0.00311
-0.00131
-0.00378
0.00287
-0.00049
-0.00558
-0.00122
0.00189
-0.00140
0.00424
0.01154
0.00119
-0.00208
0.00494
0.00027
-0.00409
-0.00162
-0.00064
-0.00275
-0.00235
-0.00095
-0.00159
0.00009
-0.00070
-0.00229
0.00140
0.00180
0.00015
-0.00085
0.00198
0.00180
-0.00107
-0.00180
-0.00113
-0.00259
-0.00302
-0.00156
-0.00024
-0.00308
-0.00290
-0.00211
-0.00046
0.00122
0.00119
0.00101
0.00156
0.00037
-0.00183
-0.00079
0.00000
-0.00174
-0.00174
-0.00058
-0.00223
-0.00339
-0.00266
-0.00204
-0.00168
-0.00040
-0.00049
-0.00015
-0.00024
-0.00043
-0.00064
-0.00037
-0.00009
0.00034
0.00134
0.00171
0.00055
-0.00027
-0.00085
-0.00198
-0.00238
-0.00250
-0.00241
-0.00223
-0.00125
0.00024
0.00058
0.00049
0.00070
0.00009
-0.00058
-0.00107
-0.00143
-0.00137
-0.00104
-0.00067
-0.00092
-0.00098
-0.00122
-0.00211
-0.00168
-0.00037
0.00046
0.00067
0.00070
0.00092
0.00092
0.00085
0.00104
0.00116
0.00067
-0.00031
-0.00095
-0.00107
-0.00101
-0.00122
-0.00122
-0.00082
-0.00067
-0.00037
0.00040
0.00085
0.00061
0.00049
0.00055
0.00067
0.00055
0.00040
0.00021
-0.00003
-0.00043
-0.00052
-0.00043
-0.00070
-0.00076
-0.00049
0.00034
0.00089
0.00122
0.00122
0.00122
0.00092
0.00024
0.00027
0.00052
0.00012
-0.00037
-0.00027
-0.00012
-0.00009
-0.00027
0.00000
-0.00006
-0.00052
-0.00040
0.00018
0.00024
0.00015
-0.00006
0.00000
0.00024
0.00000
0.00000
0.00000
0.00000
0.00000
0.00000
0.00000
0.00000
0.00000
0.00000
0.00000
0.00000
0.00000
0.00000
0.00000
0.00000
0.00000
0.00000
0.00000
0.00000
0.00000
0.00000
0.00000
0.00000
0.00000
0.00000
0.00000
0.00000
0.00000
0.00000
0.00000
0.00000
0.00000
0.00000
0.00000
0.00000
0.00000
0.00000
0.00000
0.00000
0.00000
0.00000
0.00000
0.00000
0.00000
0.00000
0.00000
0.00000
0.00000
0.00000
0.00000
0.00000
0.00000
0.00000
0.00000
0.00000
0.00000
0.00000
0.00000
0.00000
0.00000
0.00000
0.00000
0.00000
0.00000
0.00000
0.00000
0.00000
0.00000
0.00000
0.00000
0.00000
0.00000
0.00000
0.00000
0.00000
0.00000
0.00000
0.00000
0.00000
0.00000
0.00000
0.00000
0.00000
0.00000
0.00000
0.00000
0.00000
0.00000
0.00000
0.00000
0.00000
0.00000
0.00000
0.00000
0.00000
0.00000
0.00000
0.00000
0.00000
0.00000
0.00000
0.00000
0.00000
0.00000
0.00000
0.00000
0.00000
0.00000
0.00000
0.00000
0.00000
0.00000
0.00000
0.00000
0.00000
0.00000
0.00000
0.00000
0.00000
0.00000
0.00000
0.00000
0.00000
0.00000
0.00000
0.00000
0.00000
0.00000
0.00000
0.00000
0.00000
0.00000
