0.00012
0.00021
0.00018
0.00018
0.00018
0.00018
0.00012
0.00015
0.00018
0.00009
0.00015
0.00018
0.00018
0.00018
0.00024
0.00018
0.00012
0.00015
0.00015
0.00012
0.00018
0.00018
0.00015
0.00018
0.00018
0.00018
0.00018
0.00015
0.00018
0.00015
0.00015
0.00015
0.00015
0.00015
0.00015
0.00012
0.00015
0.00018
0.00012
0.00015
0.00024
0.00021
0.00015
0.00018
0.00018
0.00009
0.00015
0.00012
0.00012
0.00015
0.00012
0.00012
0.00015
0.00015
0.00027
0.00012
0.00006
0.00031
0.00006
0.00009
0.00012
0.00006
0.00009
0.00009
0.00015
0.00015
0.00012
0.00009
0.00012
0.00018
0.00015
0.00018
0.00015
0.00015
0.00015
0.00006
0.00006
0.00018
0.00009
0.00009
0.00015
0.00012
0.00009
0.00015
0.00021
0.00003
0.00006
0.00015
0.00009
0.00012
0.00018
0.00003
0.00009
0.00012
0.00006
0.00009
0.00018
0.00015
0.00003
0.00012
0.00021
0.00012
0.00000
0.00012
0.00015
0.00000
0.00003
0.00009
0.00009
0.00006
0.00009
0.00009
0.00009
0.00006
0.00000
0.00006
0.00012
0.00006
0.00003
0.00012
0.00009
0.00000
0.00003
0.00003
0.00003
0.00003
0.00006
0.00009
0.00006
0.00003
0.00000
0.00003
0.00003
0.00000
0.00000
0.00003
0.00003
0.00000
-0.00003
0.00000
0.00003
-0.00003
0.00003
0.00006
0.00003
0.00000
-0.00003
0.00000
-0.00003
0.00000
0.00000
0.00000
0.00000
0.00000
0.00000
0.00003
0.00003
0.00000
0.00000
0.00000
-0.00006
0.00000
-0.00006
0.00000
0.00000
-0.00009
-0.00003
0.00000
-0.00003
0.00000
-0.00006
0.00012
-0.00018
0.00037
-0.00070
0.00079
-0.00116
0.00140
-0.00183
0.00204
-0.00250
0.00305
-0.03690
-0.14682
-0.00494
-0.00424
-0.01660
0.07809
0.05283
0.01022
-0.02451
0.01730
0.03503
0.04102
0.00763
-0.02716
0.03183
0.02762
-0.04663
-0.02576
0.01620
-0.00742
0.00961
0.02505
0.00052
-0.00507
-0.00165
-0.01135
0.00430
0.01978
-0.00745
-0.01062
0.01178
-0.00076
-0.00891
0.00082
0.00494
-0.00113
0.00345
0.00739
0.00409
0.00327
0.00510
0.00116
-0.00204
-0.00223
-0.00287
-0.00159
0.00162
0.00076
-0.00439
-0.00317
0.00040
-0.00049
-0.00089
0.00430
0.00464
-0.00119
0.00143
0.00360
0.00162
-0.00021
-0.00067
0.00012
-0.00067
-0.00165
-0.00232
-0.00183
0.00015
-0.00211
-0.00150
0.00143
0.00180
-0.00015
-0.00073
0.00195
0.00003
-0.00345
-0.00220
-0.00235
-0.00134
-0.00073
-0.00043
0.00037
-0.00150
-0.00195
-0.00204
-0.00009
0.00061
-0.00162
-0.00070
-0.00034
-0.00104
-0.00049
0.00012
0.00043
-0.00116
-0.00095
-0.00104
-0.00238
-0.00223
-0.00247
-0.00208
-0.00153
-0.00180
-0.00113
-0.00082
-0.00061
-0.00070
-0.00079
-0.00021
-0.00049
0.00003
0.00085
0.00037
0.00031
-0.00021
-0.00064
-0.00098
-0.00137
-0.00110
-0.00180
-0.00226
-0.00195
-0.00168
-0.00122
-0.00101
-0.00040
-0.00024
-0.00043
-0.00058
-0.00098
-0.00067
-0.00076
-0.00104
-0.00098
-0.00125
-0.00150
-0.00204
-0.00159
-0.00043
-0.00040
-0.00043
-0.00021
0.00006
0.00018
0.00021
0.00076
0.00082
0.00012
-0.00031
-0.00049
-0.00034
-0.00061
-0.00119
-0.00110
-0.00098
-0.00116
-0.00113
-0.00061
-0.00037
-0.00049
-0.00018
0.00021
0.00031
0.00031
0.00018
0.00015
0.00018
-0.00015
-0.00046
-0.00061
-0.00064
-0.00079
-0.00046
0.00003
0.00012
0.00015
0.00012
0.00021
-0.00006
-0.00006
0.00037
0.00049
0.00009
-0.00037
-0.00037
-0.00046
-0.00082
-0.00104
-0.00107
-0.00092
-0.00085
-0.00027
0.00027
0.00021
-0.00012
0.00000
0.00000
0.00000
0.00000
0.00000
0.00000
0.00000
0.00000
0.00000
0.00000
0.00000
0.00000
0.00000
0.00000
0.00000
0.00000
0.00000
0.00000
0.00000
0.00000
0.00000
0.00000
0.00000
0.00000
0.00000
0.00000
0.00000
0.00000
0.00000
0.00000
0.00000
0.00000
0.00000
0.00000
0.00000
0.00000
0.00000
0.00000
0.00000
0.00000
0.00000
0.00000
0.00000
0.00000
0.00000
0.00000
0.00000
0.00000
0.00000
0.00000
0.00000
0.00000
0.00000
0.00000
0.00000
0.00000
0.00000
0.00000
0.00000
0.00000
0.00000
0.00000
0.00000
0.00000
0.00000
0.00000
0.00000
0.00000
0.00000
0.00000
0.00000
0.00000
0.00000
0.00000
0.00000
0.00000
0.00000
0.00000
0.00000
0.00000
0.00000
0.00000
0.00000
0.00000
0.00000
0.00000
0.00000
0.00000
0.00000
0.00000
0.00000
0.00000
0.00000
0.00000
0.00000
0.00000
0.00000
0.00000
0.00000
0.00000
0.00000
0.00000
0.00000
0.00000
0.00000
0.00000
0.00000
0.00000
0.00000
0.00000
0.00000
0.00000
0.00000
0.00000
0.00000
0.00000
0.00000
0.00000
0.00000
0.00000
0.00000
0.00000
0.00000
0.00000
0.00000
0.00000
0.00000
0.00000
0.00000
0.00000
0.00000
0.00000
0.00000
0.00000
0.00000
