-0.00037
-0.00034
-0.00034
-0.00031
-0.00027
-0.00034
-0.00034
-0.00034
-0.00027
-0.00027
-0.00031
-0.00031
-0.00027
-0.00031
-0.00031
-0.00031
-0.00031
-0.00027
-0.00031
-0.00027
-0.00027
-0.00027
-0.00031
-0.00027
-0.00024
-0.00031
-0.00027
-0.00027
-0.00024
-0.00024
-0.00027
-0.00027
-0.00031
-0.00024
-0.00027
-0.00031
-0.00027
-0.00031
-0.00034
-0.00027
-0.00018
-0.00024
-0.00024
-0.00018
-0.00024
-0.00027
-0.00024
-0.00018
-0.00021
-0.00018
-0.00021
-0.00024
-0.00027
-0.00031
-0.00027
-0.00024
-0.00027
-0.00015
-0.00018
-0.00018
-0.00012
-0.00024
-0.00021
-0.00024
-0.00024
-0.00024
-0.00031
-0.00021
-0.00018
-0.00021
-0.00018
-0.00015
-0.00018
-0.00021
-0.00021
-0.00021
-0.00021
-0.00024
-0.00021
-0.00018
-0.00015
-0.00018
-0.00015
-0.00018
-0.00018
-0.00018
-0.00018
-0.00012
-0.00015
-0.00021
-0.00012
-0.00009
-0.00012
-0.00018
-0.00015
-0.00012
-0.00015
-0.00015
-0.00015
-0.00015
-0.00018
-0.00024
-0.00021
-0.00012
-0.00018
-0.00021
-0.00012
-0.00012
-0.00018
-0.00018
-0.00015
-0.00012
-0.00015
-0.00012
-0.00006
-0.00006
-0.00012
-0.00015
-0.00015
-0.00018
-0.00021
-0.00018
-0.00015
-0.00015
-0.00009
-0.00006
-0.00009
-0.00006
-0.00009
-0.00012
-0.00015
-0.00018
-0.00012
-0.00009
-0.00006
-0.00009
-0.00015
-0.00012
-0.00015
-0.00015
-0.00015
-0.00012
-0.00006
-0.00009
-0.00012
-0.00009
-0.00015
-0.00015
-0.00012
-0.00012
-0.00009
-0.00009
-0.00003
-0.00006
-0.00009
-0.00006
-0.00009
-0.00009
-0.00006
-0.00006
-0.00012
-0.00012
-0.00015
-0.00009
-0.00006
-0.00012
-0.00012
-0.00009
-0.00009
-0.00006
-0.00009
-0.00006
-0.00003
-0.00015
0.00000
-0.00012
0.00015
-0.00046
0.00058
-0.00098
0.00116
-0.00183
0.00226
-0.00323
0.00391
-0.04300
-0.10092
-0.00421
-0.01569
-0.01532
0.02795
0.02362
0.02402
-0.00021
0.02811
0.06320
0.04053
0.00098
-0.02628
0.01312
0.00992
-0.03409
-0.01672
0.00629
0.00098
0.00391
0.00604
0.00497
0.00275
-0.00342
-0.00101
0.00952
0.01288
-0.00485
-0.00742
0.00452
0.00049
-0.00467
-0.00192
0.00354
0.00174
0.00046
0.00385
0.00516
0.00214
0.00299
0.00217
0.00064
-0.00201
-0.00290
-0.00116
0.00070
-0.00031
-0.00220
-0.00095
0.00131
-0.00006
-0.00098
0.00211
0.00339
-0.00009
0.00082
0.00354
0.00333
0.00113
-0.00003
0.00113
-0.00018
-0.00122
-0.00168
-0.00113
0.00067
-0.00134
-0.00046
0.00085
0.00043
-0.00156
-0.00198
0.00119
0.00061
-0.00107
-0.00012
0.00043
0.00073
-0.00049
-0.00082
-0.00089
-0.00189
-0.00180
-0.00183
-0.00064
0.00037
-0.00079
0.00003
0.00024
0.00000
0.00018
0.00037
0.00058
-0.00076
-0.00089
-0.00101
-0.00162
-0.00150
-0.00189
-0.00162
-0.00113
-0.00140
-0.00079
-0.00092
-0.00064
-0.00043
-0.00049
0.00024
0.00012
0.00064
0.00107
0.00073
0.00070
0.00000
-0.00021
-0.00052
-0.00095
-0.00092
-0.00165
-0.00177
-0.00156
-0.00131
-0.00085
-0.00067
-0.00021
-0.00024
-0.00018
0.00003
-0.00012
0.00009
-0.00021
-0.00082
-0.00098
-0.00101
-0.00095
-0.00122
-0.00098
-0.00043
-0.00046
-0.00031
-0.00009
0.00027
0.00061
0.00076
0.00119
0.00125
0.00082
0.00040
0.00009
0.00009
-0.00034
-0.00101
-0.00110
-0.00095
-0.00089
-0.00076
-0.00027
0.00015
0.00021
0.00037
0.00073
0.00082
0.00052
0.00031
0.00052
0.00061
0.00037
0.00015
0.00003
0.00000
-0.00009
-0.00012
0.00000
0.00006
0.00006
0.00034
0.00076
0.00073
0.00064
0.00073
0.00067
0.00000
-0.00024
-0.00043
-0.00009
-0.00018
0.00012
0.00024
0.00018
0.00000
0.00000
0.00000
0.00000
0.00000
0.00000
0.00000
0.00000
0.00000
0.00000
0.00000
0.00000
0.00000
0.00000
0.00000
0.00000
0.00000
0.00000
0.00000
0.00000
0.00000
0.00000
0.00000
0.00000
0.00000
0.00000
0.00000
0.00000
0.00000
0.00000
0.00000
0.00000
0.00000
0.00000
0.00000
0.00000
0.00000
0.00000
0.00000
0.00000
0.00000
0.00000
0.00000
0.00000
0.00000
0.00000
0.00000
0.00000
0.00000
0.00000
0.00000
0.00000
0.00000
0.00000
0.00000
0.00000
0.00000
0.00000
0.00000
0.00000
0.00000
0.00000
0.00000
0.00000
0.00000
0.00000
0.00000
0.00000
0.00000
0.00000
0.00000
0.00000
0.00000
0.00000
0.00000
0.00000
0.00000
0.00000
0.00000
0.00000
0.00000
0.00000
0.00000
0.00000
0.00000
0.00000
0.00000
0.00000
0.00000
0.00000
0.00000
0.00000
0.00000
0.00000
0.00000
0.00000
0.00000
0.00000
0.00000
0.00000
0.00000
0.00000
0.00000
0.00000
0.00000
0.00000
0.00000
0.00000
0.00000
0.00000
0.00000
0.00000
0.00000
0.00000
0.00000
0.00000
0.00000
0.00000
0.00000
0.00000
0.00000
0.00000
0.00000
0.00000
0.00000
0.00000
0.00000
0.00000
0.00000
0.00000
0.00000
0.00000
0.00000
0.00000
0.00000
0.00000
0.00000
