-0.00012
-0.00009
-0.00009
-0.00012
-0.00006
-0.00003
-0.00012
-0.00012
-0.00012
-0.00015
-0.00012
-0.00006
-0.00006
-0.00018
-0.00012
-0.00018
-0.00018
-0.00009
-0.00012
-0.00015
-0.00009
-0.00006
-0.00015
-0.00009
-0.00009
-0.00015
-0.00018
-0.00021
-0.00018
-0.00015
-0.00012
-0.00009
-0.00003
-0.00003
-0.00021
-0.00021
-0.00018
-0.00018
-0.00018
-0.00015
-0.00012
-0.00018
-0.00024
-0.00021
-0.00012
-0.00015
-0.00015
-0.00012
-0.00018
-0.00021
-0.00018
-0.00024
-0.00024
-0.00031
-0.00012
-0.00037
-0.00031
-0.00003
-0.00034
-0.00012
-0.00009
-0.00015
-0.00031
-0.00015
-0.00018
-0.00034
-0.00027
-0.00031
-0.00027
-0.00034
-0.00027
-0.00021
-0.00024
-0.00015
-0.00015
-0.00024
-0.00021
-0.00021
-0.00043
-0.00034
-0.00021
-0.00021
-0.00037
-0.00027
-0.00018
-0.00040
-0.00040
-0.00024
-0.00024
-0.00027
-0.00021
-0.00018
-0.00018
-0.00024
-0.00031
-0.00040
-0.00034
-0.00031
-0.00046
-0.00034
-0.00018
-0.00031
-0.00040
-0.00015
-0.00021
-0.00043
-0.00031
-0.00021
-0.00031
-0.00037
-0.00027
-0.00031
-0.00031
-0.00031
-0.00037
-0.00031
-0.00031
-0.00040
-0.00034
-0.00027
-0.00034
-0.00043
-0.00037
-0.00027
-0.00040
-0.00043
-0.00031
-0.00034
-0.00037
-0.00034
-0.00037
-0.00040
-0.00040
-0.00037
-0.00040
-0.00034
-0.00034
-0.00037
-0.00046
-0.00034
-0.00037
-0.00043
-0.00031
-0.00034
-0.00031
-0.00043
-0.00040
-0.00046
-0.00046
-0.00046
-0.00049
-0.00031
-0.00034
-0.00034
-0.00031
-0.00031
-0.00031
-0.00040
-0.00037
-0.00043
-0.00037
-0.00034
-0.00049
-0.00043
-0.00037
-0.00043
-0.00040
-0.00031
-0.00037
-0.00037
-0.00052
-0.00021
-0.00067
0.00012
-0.00146
0.00116
-0.00269
0.00272
-0.00458
0.00525
-0.00787
0.00958
-0.07504
-0.18143
0.02936
-0.02267
0.02448
0.11026
0.09637
-0.01724
-0.03802
0.04050
-0.00833
0.02509
-0.02115
-0.01035
0.05600
0.02222
-0.05670
-0.01428
0.02026
-0.02084
0.00851
0.04410
-0.00201
-0.01050
0.00424
-0.01025
0.00247
0.01654
-0.01840
-0.01318
0.01535
-0.00436
-0.00919
0.00946
0.01123
-0.00604
0.00415
0.00952
0.00003
-0.00314
0.00519
0.00189
-0.00348
-0.00244
-0.00079
-0.00140
0.00284
0.00232
-0.00574
-0.00278
0.00177
-0.00174
-0.00226
0.00772
0.00342
-0.00549
0.00128
0.00415
-0.00046
-0.00174
0.00125
0.00073
-0.00180
-0.00052
-0.00305
-0.00183
0.00000
-0.00424
-0.00183
0.00089
0.00113
-0.00143
0.00052
0.00378
-0.00113
-0.00275
-0.00134
-0.00168
-0.00244
-0.00336
-0.00027
-0.00092
-0.00256
-0.00198
-0.00198
0.00107
0.00034
-0.00089
-0.00021
-0.00021
-0.00143
-0.00140
0.00037
0.00015
-0.00226
-0.00067
-0.00113
-0.00250
-0.00259
-0.00299
-0.00262
-0.00195
-0.00128
-0.00055
-0.00067
-0.00034
-0.00113
-0.00092
-0.00006
-0.00034
0.00058
0.00085
0.00052
-0.00006
-0.00079
-0.00104
-0.00180
-0.00183
-0.00150
-0.00214
-0.00195
-0.00143
-0.00067
-0.00076
-0.00076
-0.00024
-0.00064
-0.00076
-0.00092
-0.00098
-0.00067
-0.00073
-0.00098
-0.00122
-0.00125
-0.00180
-0.00220
-0.00107
0.00000
-0.00003
0.00000
0.00009
0.00015
0.00006
0.00037
0.00107
0.00092
0.00012
-0.00058
-0.00073
-0.00058
-0.00101
-0.00125
-0.00092
-0.00064
-0.00070
-0.00052
0.00009
0.00009
-0.00024
-0.00012
0.00015
0.00024
0.00015
0.00027
0.00055
0.00027
-0.00021
-0.00024
-0.00052
-0.00067
-0.00076
-0.00027
0.00024
0.00043
0.00037
0.00043
0.00076
0.00037
0.00021
0.00040
0.00027
-0.00031
-0.00031
-0.00006
0.00003
-0.00012
-0.00034
-0.00052
-0.00101
-0.00119
-0.00095
-0.00012
0.00018
0.00076
0.00037
0.00000
0.00000
0.00000
0.00000
0.00000
0.00000
0.00000
0.00000
0.00000
0.00000
0.00000
0.00000
0.00000
0.00000
0.00000
0.00000
0.00000
0.00000
0.00000
0.00000
0.00000
0.00000
0.00000
0.00000
0.00000
0.00000
0.00000
0.00000
0.00000
0.00000
0.00000
0.00000
0.00000
0.00000
0.00000
0.00000
0.00000
0.00000
0.00000
0.00000
0.00000
0.00000
0.00000
0.00000
0.00000
0.00000
0.00000
0.00000
0.00000
0.00000
0.00000
0.00000
0.00000
0.00000
0.00000
0.00000
0.00000
0.00000
0.00000
0.00000
0.00000
0.00000
0.00000
0.00000
0.00000
0.00000
0.00000
0.00000
0.00000
0.00000
0.00000
0.00000
0.00000
0.00000
0.00000
0.00000
0.00000
0.00000
0.00000
0.00000
0.00000
0.00000
0.00000
0.00000
0.00000
0.00000
0.00000
0.00000
0.00000
0.00000
0.00000
0.00000
0.00000
0.00000
0.00000
0.00000
0.00000
0.00000
0.00000
0.00000
0.00000
0.00000
0.00000
0.00000
0.00000
0.00000
0.00000
0.00000
0.00000
0.00000
0.00000
0.00000
0.00000
0.00000
0.00000
0.00000
0.00000
0.00000
0.00000
0.00000
0.00000
0.00000
0.00000
0.00000
0.00000
0.00000
0.00000
0.00000
0.00000
0.00000
0.00000
0.00000
0.00000
0.00000
