-0.00021
-0.00027
-0.00031
-0.00021
-0.00018
-0.00024
-0.00021
-0.00021
-0.00021
-0.00024
-0.00018
-0.00015
-0.00018
-0.00021
-0.00021
-0.00018
-0.00024
-0.00021
-0.00021
-0.00018
-0.00015
-0.00021
-0.00021
-0.00015
-0.00018
-0.00024
-0.00018
-0.00015
-0.00021
-0.00027
-0.00021
-0.00024
-0.00027
-0.00018
-0.00021
-0.00021
-0.00021
-0.00021
-0.00018
-0.00021
-0.00021
-0.00021
-0.00018
-0.00015
-0.00021
-0.00024
-0.00018
-0.00024
-0.00024
-0.00018
-0.00018
-0.00024
-0.00021
-0.00015
-0.00015
-0.00024
-0.00015
-0.00015
-0.00031
-0.00009
-0.00018
-0.00024
-0.00018
-0.00024
-0.00021
-0.00024
-0.00015
-0.00015
-0.00024
-0.00021
-0.00018
-0.00015
-0.00012
-0.00009
-0.00018
-0.00021
-0.00012
-0.00018
-0.00021
-0.00012
-0.00015
-0.00018
-0.00012
-0.00018
-0.00027
-0.00024
-0.00015
-0.00018
-0.00018
-0.00015
-0.00015
-0.00009
-0.00009
-0.00024
-0.00018
-0.00012
-0.00015
-0.00012
-0.00012
-0.00009
-0.00015
-0.00021
-0.00015
-0.00009
-0.00021
-0.00021
-0.00009
-0.00012
-0.00018
-0.00015
-0.00006
-0.00006
-0.00006
-0.00006
-0.00009
-0.00009
-0.00021
-0.00018
-0.00009
-0.00012
-0.00018
-0.00015
-0.00009
-0.00006
-0.00009
-0.00009
0.00000
-0.00003
-0.00003
-0.00006
-0.00009
-0.00012
-0.00015
-0.00009
-0.00009
-0.00012
-0.00012
-0.00006
0.00000
-0.00003
-0.00012
-0.00015
-0.00009
-0.00018
-0.00018
-0.00006
-0.00006
-0.00003
-0.00006
0.00000
0.00000
0.00000
-0.00006
-0.00009
-0.00006
-0.00009
-0.00012
-0.00009
0.00000
0.00000
-0.00006
0.00000
-0.00006
0.00000
-0.00003
-0.00006
0.00000
-0.00006
-0.00006
-0.00003
-0.00006
-0.00006
-0.00012
0.00000
-0.00006
0.00015
-0.00009
0.00012
-0.00003
-0.00018
0.00034
-0.00107
0.00165
-0.00287
-0.00595
-0.10364
-0.05258
0.01065
-0.03284
0.02863
0.03232
0.02527
0.00345
0.00131
0.05106
0.05261
0.02408
-0.02277
-0.00476
0.02789
-0.02155
-0.03220
0.00183
0.00494
0.00192
0.00894
0.00400
0.00351
-0.00247
-0.00543
0.00238
0.01657
0.00497
-0.01047
0.00137
0.00375
-0.00497
-0.00403
0.00134
0.00269
0.00134
0.00366
0.00653
0.00354
0.00241
0.00305
0.00073
-0.00125
-0.00314
-0.00290
-0.00052
0.00046
-0.00201
-0.00208
0.00067
0.00119
-0.00061
0.00165
0.00433
0.00085
-0.00061
0.00223
0.00290
0.00159
-0.00027
0.00064
0.00067
-0.00082
-0.00171
-0.00140
0.00031
-0.00073
-0.00168
0.00095
0.00134
0.00027
-0.00177
-0.00098
0.00073
-0.00134
-0.00116
-0.00043
0.00046
0.00034
-0.00092
0.00046
-0.00153
-0.00241
-0.00171
-0.00119
0.00006
-0.00070
-0.00070
0.00024
-0.00024
0.00000
0.00012
0.00089
0.00000
-0.00128
-0.00064
-0.00137
-0.00171
-0.00162
-0.00217
-0.00150
-0.00156
-0.00104
-0.00061
-0.00073
-0.00040
-0.00070
-0.00027
0.00000
0.00015
0.00104
0.00082
0.00067
0.00037
-0.00009
-0.00018
-0.00092
-0.00089
-0.00131
-0.00201
-0.00171
-0.00140
-0.00101
-0.00082
-0.00049
-0.00006
-0.00027
-0.00037
-0.00031
-0.00009
0.00012
-0.00024
-0.00085
-0.00110
-0.00119
-0.00137
-0.00119
-0.00049
-0.00031
-0.00037
-0.00018
0.00018
0.00049
0.00049
0.00089
0.00128
0.00104
0.00052
0.00006
0.00003
-0.00006
-0.00067
-0.00104
-0.00107
-0.00104
-0.00104
-0.00055
0.00003
0.00015
0.00015
0.00046
0.00076
0.00073
0.00040
0.00027
0.00043
0.00024
0.00006
0.00003
-0.00009
-0.00027
-0.00018
0.00006
0.00027
0.00015
0.00009
0.00037
0.00055
0.00055
0.00052
0.00061
0.00031
-0.00031
-0.00046
-0.00043
-0.00040
-0.00027
-0.00006
0.00040
-0.00015
0.00000
0.00000
0.00000
0.00000
0.00000
0.00000
0.00000
0.00000
0.00000
0.00000
0.00000
0.00000
0.00000
0.00000
0.00000
0.00000
0.00000
0.00000
0.00000
0.00000
0.00000
0.00000
0.00000
0.00000
0.00000
0.00000
0.00000
0.00000
0.00000
0.00000
0.00000
0.00000
0.00000
0.00000
0.00000
0.00000
0.00000
0.00000
0.00000
0.00000
0.00000
0.00000
0.00000
0.00000
0.00000
0.00000
0.00000
0.00000
0.00000
0.00000
0.00000
0.00000
0.00000
0.00000
0.00000
0.00000
0.00000
0.00000
0.00000
0.00000
0.00000
0.00000
0.00000
0.00000
0.00000
0.00000
0.00000
0.00000
0.00000
0.00000
0.00000
0.00000
0.00000
0.00000
0.00000
0.00000
0.00000
0.00000
0.00000
0.00000
0.00000
0.00000
0.00000
0.00000
0.00000
0.00000
0.00000
0.00000
0.00000
0.00000
0.00000
0.00000
0.00000
0.00000
0.00000
0.00000
0.00000
0.00000
0.00000
0.00000
0.00000
0.00000
0.00000
0.00000
0.00000
0.00000
0.00000
0.00000
0.00000
0.00000
0.00000
0.00000
0.00000
0.00000
0.00000
0.00000
0.00000
0.00000
0.00000
0.00000
0.00000
0.00000
0.00000
0.00000
0.00000
0.00000
0.00000
0.00000
0.00000
0.00000
0.00000
0.00000
0.00000
0.00000
0.00000
0.00000
0.00000
