0.00000
0.00000
0.00003
0.00000
0.00000
0.00003
0.00000
0.00003
0.00003
-0.00003
-0.00006
0.00000
0.00000
0.00000
0.00000
0.00006
0.00003
0.00000
0.00000
0.00003
0.00000
0.00000
0.00006
0.00006
0.00000
-0.00003
-0.00003
0.00000
0.00000
0.00000
0.00006
0.00003
0.00000
0.00003
0.00009
0.00000
0.00000
0.00000
0.00000
0.00000
0.00000
0.00000
0.00000
0.00000
-0.00006
-0.00006
0.00000
0.00000
-0.00003
0.00000
0.00009
0.00009
0.00009
0.00009
0.00003
0.00000
-0.00003
-0.00003
0.00000
-0.00003
0.00000
0.00000
0.00000
0.00009
0.00003
0.00000
0.00003
0.00000
0.00000
0.00000
0.00000
0.00000
0.00000
0.00000
0.00000
0.00000
0.00003
0.00000
0.00000
0.00000
0.00000
0.00000
0.00003
0.00006
0.00003
0.00003
0.00006
0.00003
0.00000
0.00000
0.00000
0.00000
0.00006
0.00000
0.00000
0.00006
0.00003
0.00000
0.00000
-0.00003
-0.00003
0.00000
-0.00003
0.00000
0.00000
0.00000
0.00003
0.00000
0.00000
0.00000
0.00003
-0.00003
0.00000
0.00006
0.00000
-0.00003
0.00000
-0.00003
-0.00003
0.00000
0.00000
0.00000
-0.00003
-0.00012
-0.00006
0.00000
0.00000
0.00000
0.00003
0.00006
0.00003
0.00000
-0.00003
-0.00006
-0.00006
-0.00006
-0.00003
-0.00003
-0.00003
-0.00003
0.00000
0.00000
0.00000
0.00000
0.00000
-0.00003
-0.00003
-0.00006
-0.00003
0.00000
-0.00003
0.00000
0.00000
0.00000
0.00000
-0.00003
-0.00006
-0.00009
-0.00003
0.00000
0.00000
0.00006
0.00003
-0.00006
-0.00006
-0.00006
-0.00009
-0.00009
-0.00003
-0.00003
-0.00006
-0.00012
-0.00009
-0.00009
-0.00012
-0.00009
-0.00006
0.00000
0.00000
-0.00006
0.00003
0.00000
0.00009
-0.00015
0.00024
-0.00034
0.00024
-0.00073
0.00040
-0.00098
0.00076
-0.01459
-0.05573
-0.03275
-0.02960
-0.03537
-0.00903
0.01917
0.04996
0.06171
0.04880
0.03622
0.01163
-0.00937
-0.02661
-0.02219
-0.00620
-0.01544
-0.00696
0.00616
0.00690
0.00961
0.00894
0.00330
0.00287
0.00229
-0.00070
0.00015
0.00342
-0.00046
-0.00305
-0.00006
-0.00229
-0.00519
-0.00305
0.00024
0.00122
0.00153
0.00360
0.00558
0.00421
0.00308
0.00101
-0.00034
-0.00107
-0.00137
-0.00034
0.00113
0.00085
-0.00015
-0.00024
0.00040
0.00009
-0.00027
0.00119
0.00266
0.00171
0.00180
0.00284
0.00204
0.00162
0.00064
-0.00003
-0.00034
-0.00055
-0.00153
-0.00238
-0.00070
-0.00113
-0.00119
0.00015
0.00049
0.00095
0.00082
0.00101
0.00058
-0.00018
-0.00012
-0.00082
-0.00085
-0.00140
-0.00159
-0.00079
-0.00110
-0.00116
-0.00079
-0.00058
-0.00021
-0.00049
-0.00018
0.00018
0.00021
0.00027
-0.00018
-0.00006
-0.00058
-0.00073
-0.00073
-0.00134
-0.00146
-0.00186
-0.00229
-0.00192
-0.00171
-0.00113
-0.00070
-0.00037
0.00009
0.00000
0.00000
-0.00003
-0.00015
0.00009
0.00003
0.00015
0.00021
-0.00021
-0.00064
-0.00125
-0.00159
-0.00201
-0.00232
-0.00214
-0.00189
-0.00134
-0.00058
0.00015
0.00046
0.00027
0.00003
-0.00040
-0.00079
-0.00104
-0.00125
-0.00131
-0.00125
-0.00122
-0.00140
-0.00143
-0.00107
-0.00070
-0.00040
-0.00015
0.00006
0.00040
0.00061
0.00070
0.00064
0.00043
-0.00009
-0.00073
-0.00098
-0.00104
-0.00110
-0.00110
-0.00104
-0.00089
-0.00070
-0.00049
-0.00024
-0.00006
0.00003
0.00012
0.00015
0.00018
0.00006
0.00000
-0.00009
-0.00021
-0.00037
-0.00049
-0.00049
-0.00049
-0.00049
-0.00043
-0.00018
-0.00021
-0.00027
-0.00006
0.00003
0.00018
0.00000
0.00061
-0.00024
0.00000
0.00000
0.00000
0.00000
0.00000
0.00000
0.00000
0.00000
0.00000
0.00000
0.00000
0.00000
0.00000
0.00000
0.00000
0.00000
0.00000
0.00000
0.00000
0.00000
0.00000
0.00000
0.00000
0.00000
0.00000
0.00000
0.00000
0.00000
0.00000
0.00000
0.00000
0.00000
0.00000
0.00000
0.00000
0.00000
0.00000
0.00000
0.00000
0.00000
0.00000
0.00000
0.00000
0.00000
0.00000
0.00000
0.00000
0.00000
0.00000
0.00000
0.00000
0.00000
0.00000
0.00000
0.00000
0.00000
0.00000
0.00000
0.00000
0.00000
0.00000
0.00000
0.00000
0.00000
0.00000
0.00000
0.00000
0.00000
0.00000
0.00000
0.00000
0.00000
0.00000
0.00000
0.00000
0.00000
0.00000
0.00000
0.00000
0.00000
0.00000
0.00000
0.00000
0.00000
0.00000
0.00000
0.00000
0.00000
0.00000
0.00000
0.00000
0.00000
0.00000
0.00000
0.00000
0.00000
0.00000
0.00000
0.00000
0.00000
0.00000
0.00000
0.00000
0.00000
0.00000
0.00000
0.00000
0.00000
0.00000
0.00000
0.00000
0.00000
0.00000
0.00000
0.00000
0.00000
0.00000
0.00000
0.00000
0.00000
0.00000
0.00000
0.00000
0.00000
0.00000
0.00000
0.00000
0.00000
0.00000
0.00000
0.00000
0.00000
0.00000
0.00000
0.00000
0.00000
0.00000
0.00000
