0.00000
0.00000
0.00003
-0.00003
-0.00012
-0.00012
-0.00018
-0.00021
-0.00009
0.00003
0.00003
0.00000
0.00000
0.00000
-0.00006
-0.00012
-0.00006
-0.00006
0.00000
0.00000
-0.00003
-0.00003
-0.00006
-0.00012
-0.00009
-0.00003
-0.00003
-0.00003
0.00000
-0.00006
-0.00009
-0.00009
-0.00015
-0.00015
0.00000
0.00000
0.00003
0.00006
0.00009
0.00000
-0.00003
-0.00006
-0.00009
-0.00009
-0.00006
-0.00003
0.00000
0.00003
0.00000
0.00000
-0.00003
-0.00006
-0.00012
-0.00012
-0.00009
-0.00003
0.00000
0.00003
0.00003
0.00006
0.00006
0.00000
0.00003
0.00000
0.00003
0.00003
-0.00003
-0.00003
0.00003
0.00000
0.00000
0.00000
-0.00003
-0.00006
-0.00006
-0.00003
-0.00003
0.00000
0.00009
0.00006
0.00000
0.00000
-0.00003
-0.00003
0.00000
0.00003
0.00006
0.00006
0.00003
0.00000
-0.00003
0.00000
0.00000
0.00000
-0.00003
0.00000
0.00000
-0.00006
0.00000
0.00003
0.00003
0.00000
0.00000
0.00000
-0.00006
-0.00006
-0.00003
0.00003
0.00003
0.00000
0.00012
0.00015
0.00003
0.00000
0.00000
-0.00009
-0.00015
-0.00003
0.00000
0.00006
0.00012
0.00012
0.00009
0.00006
0.00000
-0.00003
0.00000
0.00000
-0.00009
-0.00009
-0.00006
-0.00009
-0.00003
0.00000
0.00000
0.00000
0.00000
0.00000
-0.00003
-0.00003
0.00003
0.00003
0.00000
0.00006
0.00003
0.00000
0.00000
0.00000
0.00000
0.00000
0.00000
-0.00003
0.00000
0.00003
0.00000
0.00000
0.00003
-0.00003
-0.00006
0.00000
0.00000
-0.00003
0.00000
0.00000
0.00000
0.00000
0.00003
0.00000
0.00000
0.00000
-0.00003
-0.00003
0.00000
0.00000
0.00000
0.00000
-0.00003
0.00000
0.00000
-0.00006
-0.00006
0.00000
0.00003
0.00006
0.00003
0.00000
-0.00003
-0.00021
-0.00021
-0.00021
-0.00006
-0.00003
-0.00009
0.00058
-0.00067
-0.00513
-0.04440
-0.04578
-0.02481
-0.02835
-0.00760
0.02908
0.05841
0.05441
0.03058
0.01373
0.00290
-0.01111
-0.01944
-0.02121
-0.00565
-0.00369
-0.00360
0.00916
0.01154
0.00494
0.00165
-0.00046
-0.00143
-0.00085
-0.00143
-0.00183
0.00146
0.00330
-0.00012
0.00003
0.00183
-0.00143
-0.00412
-0.00345
-0.00232
0.00037
0.00488
0.00864
0.00803
0.00577
0.00461
0.00183
-0.00073
-0.00189
-0.00183
-0.00168
-0.00150
-0.00150
-0.00122
-0.00027
0.00131
0.00073
0.00146
0.00388
0.00339
0.00226
0.00247
0.00235
0.00101
-0.00034
-0.00064
-0.00107
-0.00079
-0.00137
-0.00165
-0.00067
-0.00043
0.00003
0.00143
0.00168
0.00052
0.00015
0.00067
0.00061
0.00003
-0.00037
-0.00067
-0.00076
-0.00098
-0.00134
-0.00055
-0.00040
-0.00079
-0.00070
-0.00040
-0.00021
-0.00027
-0.00006
0.00027
0.00009
0.00003
-0.00027
-0.00043
-0.00049
-0.00101
-0.00122
-0.00140
-0.00153
-0.00146
-0.00146
-0.00122
-0.00095
-0.00067
-0.00034
-0.00018
-0.00006
-0.00031
-0.00052
-0.00046
-0.00037
-0.00024
-0.00021
-0.00012
0.00000
-0.00006
-0.00034
-0.00098
-0.00140
-0.00171
-0.00195
-0.00183
-0.00137
-0.00089
-0.00049
-0.00003
0.00015
-0.00003
-0.00040
-0.00076
-0.00098
-0.00107
-0.00122
-0.00128
-0.00110
-0.00098
-0.00104
-0.00113
-0.00092
-0.00061
-0.00052
-0.00046
-0.00015
0.00034
0.00043
0.00031
0.00024
0.00018
-0.00003
-0.00043
-0.00070
-0.00082
-0.00107
-0.00128
-0.00122
-0.00098
-0.00067
-0.00043
-0.00021
-0.00006
0.00006
0.00018
0.00021
0.00012
-0.00009
-0.00027
-0.00031
-0.00037
-0.00037
-0.00037
-0.00043
-0.00037
-0.00031
-0.00027
-0.00027
-0.00034
-0.00021
-0.00015
0.00009
-0.00006
0.00012
-0.00021
0.00000
0.00000
0.00000
0.00000
0.00000
0.00000
0.00000
0.00000
0.00000
0.00000
0.00000
0.00000
0.00000
0.00000
0.00000
0.00000
0.00000
0.00000
0.00000
0.00000
0.00000
0.00000
0.00000
0.00000
0.00000
0.00000
0.00000
0.00000
0.00000
0.00000
0.00000
0.00000
0.00000
0.00000
0.00000
0.00000
0.00000
0.00000
0.00000
0.00000
0.00000
0.00000
0.00000
0.00000
0.00000
0.00000
0.00000
0.00000
0.00000
0.00000
0.00000
0.00000
0.00000
0.00000
0.00000
0.00000
0.00000
0.00000
0.00000
0.00000
0.00000
0.00000
0.00000
0.00000
0.00000
0.00000
0.00000
0.00000
0.00000
0.00000
0.00000
0.00000
0.00000
0.00000
0.00000
0.00000
0.00000
0.00000
0.00000
0.00000
0.00000
0.00000
0.00000
0.00000
0.00000
0.00000
0.00000
0.00000
0.00000
0.00000
0.00000
0.00000
0.00000
0.00000
0.00000
0.00000
0.00000
0.00000
0.00000
0.00000
0.00000
0.00000
0.00000
0.00000
0.00000
0.00000
0.00000
0.00000
0.00000
0.00000
0.00000
0.00000
0.00000
0.00000
0.00000
0.00000
0.00000
0.00000
0.00000
0.00000
0.00000
0.00000
0.00000
0.00000
0.00000
0.00000
0.00000
0.00000
0.00000
0.00000
0.00000
0.00000
0.00000
0.00000
0.00000
