-0.00018
-0.00021
-0.00024
-0.00015
-0.00009
-0.00009
-0.00009
-0.00012
-0.00015
-0.00015
-0.00018
-0.00021
-0.00018
-0.00015
-0.00012
-0.00006
-0.00003
-0.00009
-0.00012
-0.00015
-0.00024
-0.00021
-0.00015
-0.00018
-0.00021
-0.00012
-0.00009
-0.00015
-0.00012
-0.00006
-0.00012
-0.00012
-0.00018
-0.00015
-0.00015
-0.00018
-0.00018
-0.00015
-0.00012
-0.00015
-0.00009
-0.00009
-0.00009
-0.00012
-0.00012
-0.00009
-0.00012
-0.00015
-0.00012
-0.00009
-0.00012
-0.00009
-0.00006
-0.00015
-0.00018
-0.00012
-0.00015
-0.00021
-0.00015
-0.00012
-0.00009
-0.00006
0.00000
-0.00009
-0.00015
-0.00015
-0.00018
-0.00015
-0.00012
-0.00009
-0.00015
-0.00012
-0.00012
-0.00012
-0.00009
-0.00009
-0.00009
-0.00009
-0.00009
-0.00012
-0.00009
-0.00012
-0.00012
-0.00006
-0.00009
-0.00012
-0.00012
-0.00012
-0.00009
-0.00006
-0.00009
-0.00012
-0.00009
-0.00006
-0.00009
-0.00009
-0.00009
-0.00009
-0.00012
-0.00015
-0.00012
-0.00009
-0.00009
-0.00012
-0.00012
-0.00009
-0.00009
-0.00003
0.00000
0.00000
-0.00006
-0.00012
-0.00015
-0.00018
-0.00024
-0.00021
-0.00012
-0.00012
-0.00009
0.00000
-0.00003
-0.00009
-0.00009
-0.00006
-0.00009
-0.00009
-0.00009
-0.00018
-0.00015
-0.00012
-0.00015
-0.00012
-0.00009
-0.00009
-0.00009
-0.00003
-0.00003
-0.00009
0.00000
0.00000
-0.00006
-0.00012
-0.00012
-0.00012
-0.00009
-0.00009
-0.00006
-0.00009
-0.00012
-0.00015
-0.00012
-0.00006
-0.00009
-0.00009
-0.00003
-0.00003
-0.00012
-0.00009
-0.00009
-0.00015
-0.00021
-0.00015
-0.00006
-0.00006
0.00000
0.00000
0.00000
0.00000
-0.00006
-0.00006
-0.00006
-0.00009
-0.00006
-0.00006
-0.00006
-0.00009
-0.00009
-0.00003
-0.00009
-0.00018
0.00000
-0.00015
-0.00009
-0.00003
0.00000
0.00003
-0.00003
-0.00006
-0.00003
-0.00003
-0.00006
-0.00009
0.00000
-0.00003
-0.00018
-0.00018
-0.00012
-0.00006
0.00000
-0.00003
0.00000
-0.00012
-0.00104
-0.01172
-0.01730
-0.01385
-0.01328
-0.00873
0.00238
0.01373
0.01785
0.01559
0.00732
-0.00076
-0.01242
-0.02524
-0.02853
-0.01816
0.00208
0.02106
0.02975
0.02545
0.01486
0.00674
-0.00256
-0.00870
-0.00748
-0.00333
-0.00052
0.00201
0.00339
0.00360
0.00259
0.00128
0.00116
0.00104
0.00027
-0.00018
0.00089
0.00269
0.00336
0.00299
0.00195
0.00153
0.00104
-0.00037
-0.00089
-0.00040
-0.00049
-0.00070
0.00021
0.00159
0.00211
0.00287
0.00256
0.00122
0.00079
0.00064
0.00000
0.00003
0.00034
-0.00009
0.00000
0.00027
0.00021
0.00061
0.00064
0.00052
0.00101
0.00143
0.00092
0.00058
0.00052
0.00003
-0.00027
-0.00009
-0.00021
-0.00043
-0.00046
-0.00067
-0.00049
-0.00012
-0.00021
-0.00027
-0.00021
-0.00031
-0.00043
-0.00009
0.00000
-0.00031
-0.00052
-0.00049
-0.00055
-0.00067
-0.00067
-0.00064
-0.00058
-0.00043
-0.00043
-0.00049
-0.00049
-0.00067
-0.00076
-0.00085
-0.00092
-0.00076
-0.00064
-0.00061
-0.00070
-0.00089
-0.00098
-0.00098
-0.00079
-0.00058
-0.00055
-0.00043
-0.00031
-0.00031
-0.00031
-0.00058
-0.00073
-0.00092
-0.00101
-0.00085
-0.00064
-0.00049
-0.00052
-0.00027
0.00009
0.00012
-0.00037
-0.00098
-0.00125
-0.00137
-0.00128
-0.00098
-0.00058
-0.00046
-0.00055
-0.00046
-0.00043
-0.00049
-0.00052
-0.00046
-0.00043
-0.00043
-0.00040
-0.00034
-0.00034
-0.00043
-0.00046
-0.00040
-0.00031
-0.00034
-0.00034
-0.00012
-0.00009
-0.00021
-0.00015
0.00000
-0.00003
-0.00018
-0.00015
-0.00015
-0.00024
-0.00031
-0.00040
-0.00034
-0.00015
-0.00009
-0.00024
-0.00015
-0.00003
0.00000
0.00009
0.00012
0.00009
0.00000
-0.00009
-0.00015
-0.00027
-0.00018
-0.00006
-0.00006
-0.00009
0.00000
0.00000
0.00000
0.00000
0.00000
0.00000
0.00000
0.00000
0.00000
0.00000
0.00000
0.00000
0.00000
0.00000
0.00000
0.00000
0.00000
0.00000
0.00000
0.00000
0.00000
0.00000
0.00000
0.00000
0.00000
0.00000
0.00000
0.00000
0.00000
0.00000
0.00000
0.00000
0.00000
0.00000
0.00000
0.00000
0.00000
0.00000
0.00000
0.00000
0.00000
0.00000
0.00000
0.00000
0.00000
0.00000
0.00000
0.00000
0.00000
0.00000
0.00000
0.00000
0.00000
0.00000
0.00000
0.00000
0.00000
0.00000
0.00000
0.00000
0.00000
0.00000
0.00000
0.00000
0.00000
0.00000
0.00000
0.00000
0.00000
0.00000
0.00000
0.00000
0.00000
0.00000
0.00000
0.00000
0.00000
0.00000
0.00000
0.00000
0.00000
0.00000
0.00000
0.00000
0.00000
0.00000
0.00000
0.00000
0.00000
0.00000
0.00000
0.00000
0.00000
0.00000
0.00000
0.00000
0.00000
0.00000
0.00000
0.00000
0.00000
0.00000
0.00000
0.00000
0.00000
0.00000
0.00000
0.00000
0.00000
0.00000
0.00000
0.00000
0.00000
0.00000
0.00000
0.00000
0.00000
0.00000
0.00000
0.00000
0.00000
0.00000
0.00000
0.00000
0.00000
0.00000
0.00000
