-0.00027
-0.00037
-0.00037
-0.00031
-0.00027
-0.00031
-0.00027
-0.00027
-0.00027
-0.00027
-0.00024
-0.00027
-0.00024
-0.00027
-0.00031
-0.00034
-0.00034
-0.00034
-0.00037
-0.00034
-0.00031
-0.00027
-0.00024
-0.00031
-0.00031
-0.00034
-0.00037
-0.00031
-0.00024
-0.00024
-0.00024
-0.00018
-0.00027
-0.00027
-0.00027
-0.00037
-0.00034
-0.00031
-0.00034
-0.00034
-0.00024
-0.00037
-0.00034
-0.00024
-0.00027
-0.00031
-0.00031
-0.00027
-0.00034
-0.00034
-0.00024
-0.00027
-0.00034
-0.00031
-0.00027
-0.00031
-0.00034
-0.00037
-0.00034
-0.00031
-0.00031
-0.00031
-0.00031
-0.00027
-0.00031
-0.00027
-0.00031
-0.00034
-0.00034
-0.00034
-0.00031
-0.00024
-0.00024
-0.00024
-0.00021
-0.00027
-0.00037
-0.00034
-0.00031
-0.00027
-0.00027
-0.00021
-0.00031
-0.00034
-0.00031
-0.00034
-0.00031
-0.00031
-0.00034
-0.00031
-0.00031
-0.00031
-0.00021
-0.00027
-0.00027
-0.00021
-0.00021
-0.00027
-0.00027
-0.00031
-0.00034
-0.00034
-0.00034
-0.00031
-0.00021
-0.00018
-0.00024
-0.00024
-0.00024
-0.00031
-0.00034
-0.00024
-0.00027
-0.00031
-0.00024
-0.00021
-0.00021
-0.00021
-0.00024
-0.00031
-0.00034
-0.00031
-0.00024
-0.00024
-0.00027
-0.00021
-0.00015
-0.00021
-0.00024
-0.00024
-0.00027
-0.00031
-0.00021
-0.00021
-0.00021
-0.00015
-0.00018
-0.00018
-0.00018
-0.00024
-0.00031
-0.00031
-0.00027
-0.00027
-0.00027
-0.00024
-0.00021
-0.00018
-0.00015
-0.00015
-0.00018
-0.00015
-0.00018
-0.00021
-0.00024
-0.00021
-0.00018
-0.00018
-0.00015
-0.00015
-0.00015
-0.00018
-0.00015
-0.00018
-0.00021
-0.00021
-0.00021
-0.00015
-0.00012
-0.00018
-0.00015
-0.00012
-0.00018
-0.00015
-0.00015
-0.00018
-0.00012
-0.00012
-0.00018
-0.00024
0.00000
-0.00018
-0.00015
-0.00012
-0.00018
-0.00015
-0.00024
-0.00018
-0.00012
-0.00009
-0.00015
-0.00009
-0.00006
-0.00012
-0.00018
-0.00015
-0.00009
-0.00021
-0.00024
-0.00024
-0.00024
-0.00024
0.00021
0.00009
-0.00012
-0.00522
-0.01331
-0.01227
-0.01028
-0.00885
-0.00360
0.00296
-0.00092
-0.00494
-0.00882
-0.01382
-0.00793
0.00525
0.01724
0.02087
0.01880
0.01303
0.00629
0.00070
-0.00516
-0.00677
-0.00385
-0.00269
0.00006
0.00418
0.00494
0.00311
0.00211
0.00208
0.00159
0.00143
0.00119
0.00055
0.00043
0.00085
0.00052
0.00052
0.00156
0.00186
0.00119
0.00110
0.00092
0.00046
0.00067
0.00140
0.00107
0.00076
0.00146
0.00131
0.00085
0.00119
0.00034
-0.00034
0.00018
0.00021
0.00015
0.00064
0.00085
0.00012
0.00085
0.00183
0.00116
0.00119
0.00116
0.00089
0.00058
0.00018
0.00031
0.00009
-0.00031
-0.00058
-0.00021
-0.00012
-0.00070
-0.00043
0.00027
0.00049
0.00024
0.00012
0.00003
-0.00012
-0.00040
-0.00034
-0.00024
-0.00046
-0.00085
-0.00092
-0.00064
-0.00070
-0.00076
-0.00058
-0.00031
-0.00018
-0.00009
0.00009
0.00018
-0.00003
-0.00043
-0.00076
-0.00098
-0.00089
-0.00076
-0.00067
-0.00076
-0.00104
-0.00110
-0.00098
-0.00079
-0.00058
-0.00031
-0.00018
-0.00027
-0.00034
-0.00031
-0.00024
-0.00021
-0.00024
-0.00040
-0.00040
-0.00015
-0.00018
-0.00043
-0.00058
-0.00046
-0.00040
-0.00070
-0.00104
-0.00104
-0.00095
-0.00089
-0.00055
-0.00006
0.00003
-0.00027
-0.00040
-0.00037
-0.00052
-0.00070
-0.00046
-0.00034
-0.00061
-0.00064
-0.00043
-0.00031
-0.00040
-0.00021
0.00000
0.00006
0.00012
0.00021
0.00037
0.00034
0.00018
0.00006
-0.00003
-0.00021
-0.00034
-0.00031
-0.00015
-0.00009
-0.00024
-0.00027
-0.00012
0.00000
0.00015
0.00018
0.00006
0.00006
0.00034
0.00049
0.00043
0.00037
0.00018
0.00000
-0.00021
-0.00037
-0.00021
-0.00009
-0.00015
0.00000
0.00000
0.00000
0.00000
0.00000
0.00000
0.00000
0.00000
0.00000
0.00000
0.00000
0.00000
0.00000
0.00000
0.00000
0.00000
0.00000
0.00000
0.00000
0.00000
0.00000
0.00000
0.00000
0.00000
0.00000
0.00000
0.00000
0.00000
0.00000
0.00000
0.00000
0.00000
0.00000
0.00000
0.00000
0.00000
0.00000
0.00000
0.00000
0.00000
0.00000
0.00000
0.00000
0.00000
0.00000
0.00000
0.00000
0.00000
0.00000
0.00000
0.00000
0.00000
0.00000
0.00000
0.00000
0.00000
0.00000
0.00000
0.00000
0.00000
0.00000
0.00000
0.00000
0.00000
0.00000
0.00000
0.00000
0.00000
0.00000
0.00000
0.00000
0.00000
0.00000
0.00000
0.00000
0.00000
0.00000
0.00000
0.00000
0.00000
0.00000
0.00000
0.00000
0.00000
0.00000
0.00000
0.00000
0.00000
0.00000
0.00000
0.00000
0.00000
0.00000
0.00000
0.00000
0.00000
0.00000
0.00000
0.00000
0.00000
0.00000
0.00000
0.00000
0.00000
0.00000
0.00000
0.00000
0.00000
0.00000
0.00000
0.00000
0.00000
0.00000
0.00000
0.00000
0.00000
0.00000
0.00000
0.00000
0.00000
0.00000
0.00000
0.00000
0.00000
0.00000
0.00000
0.00000
0.00000
