-0.00006
-0.00006
-0.00009
-0.00006
-0.00006
-0.00012
-0.00012
-0.00012
-0.00012
-0.00012
-0.00006
-0.00006
-0.00006
-0.00006
-0.00012
-0.00009
-0.00006
-0.00012
-0.00015
-0.00006
-0.00009
-0.00012
-0.00006
-0.00006
-0.00009
-0.00006
-0.00006
-0.00009
-0.00009
-0.00009
-0.00015
-0.00009
-0.00009
-0.00006
-0.00009
-0.00012
-0.00009
-0.00009
-0.00015
-0.00012
-0.00006
-0.00012
-0.00012
-0.00006
-0.00009
-0.00012
-0.00012
-0.00009
-0.00012
-0.00015
-0.00015
-0.00015
-0.00012
-0.00015
-0.00009
-0.00006
-0.00006
-0.00009
-0.00012
-0.00015
-0.00018
-0.00018
-0.00015
-0.00009
-0.00009
-0.00009
-0.00006
-0.00006
-0.00018
-0.00018
-0.00015
-0.00015
-0.00015
-0.00012
-0.00012
-0.00012
-0.00015
-0.00015
-0.00006
-0.00012
-0.00015
-0.00009
-0.00012
-0.00015
-0.00018
-0.00012
-0.00012
-0.00015
-0.00012
-0.00012
-0.00012
-0.00012
-0.00009
-0.00012
-0.00012
-0.00015
-0.00018
-0.00009
-0.00012
-0.00015
-0.00009
-0.00006
-0.00015
-0.00012
-0.00009
-0.00015
-0.00018
-0.00012
-0.00009
-0.00009
-0.00009
-0.00009
-0.00012
-0.00018
-0.00015
-0.00012
-0.00012
-0.00012
-0.00009
-0.00006
-0.00009
-0.00009
-0.00009
-0.00009
-0.00012
-0.00018
-0.00015
-0.00012
-0.00015
-0.00015
-0.00009
-0.00006
-0.00012
-0.00009
-0.00006
-0.00009
-0.00015
-0.00012
-0.00009
-0.00009
-0.00012
-0.00009
-0.00003
-0.00009
-0.00015
-0.00012
-0.00006
-0.00012
-0.00015
-0.00009
-0.00003
-0.00006
-0.00012
-0.00009
-0.00006
-0.00009
-0.00012
-0.00006
-0.00006
-0.00006
-0.00012
-0.00009
-0.00009
-0.00009
-0.00006
-0.00006
-0.00006
-0.00006
-0.00006
-0.00012
-0.00012
-0.00015
-0.00012
-0.00009
-0.00009
-0.00006
-0.00003
-0.00009
-0.00006
-0.00012
-0.00018
0.00000
-0.00012
-0.00012
-0.00009
-0.00006
-0.00003
-0.00006
-0.00003
-0.00006
-0.00003
-0.00009
-0.00009
0.00000
-0.00003
-0.00006
-0.00006
-0.00009
-0.00027
-0.00027
-0.00031
-0.00024
-0.00018
0.00034
0.00040
-0.00009
-0.00610
-0.01990
-0.01694
-0.02075
-0.02313
-0.00107
0.01404
0.01422
0.00665
0.00620
0.00534
0.00311
-0.00079
-0.00314
0.00433
0.00745
0.00229
0.00345
0.00543
0.00110
0.00085
0.00259
0.00061
-0.00027
0.00082
0.00104
0.00259
0.00397
0.00189
0.00003
0.00174
0.00134
0.00040
0.00052
0.00006
-0.00061
-0.00061
0.00107
0.00208
0.00232
0.00247
0.00204
0.00140
0.00104
0.00076
0.00021
0.00037
0.00067
0.00000
0.00009
0.00070
0.00058
0.00000
0.00110
0.00150
0.00046
0.00122
0.00143
0.00006
0.00000
0.00134
0.00116
0.00009
0.00031
0.00009
0.00037
0.00076
-0.00037
-0.00037
0.00031
-0.00015
-0.00031
0.00021
0.00018
-0.00006
0.00031
0.00021
-0.00021
-0.00031
-0.00064
-0.00073
-0.00046
-0.00043
-0.00055
-0.00070
-0.00058
-0.00037
-0.00031
-0.00040
-0.00052
-0.00052
-0.00031
-0.00018
-0.00006
-0.00015
-0.00021
-0.00009
-0.00058
-0.00113
-0.00140
-0.00125
-0.00082
-0.00058
-0.00049
-0.00070
-0.00089
-0.00098
-0.00082
-0.00037
-0.00024
-0.00034
-0.00027
-0.00012
-0.00006
-0.00012
0.00000
-0.00012
-0.00055
-0.00076
-0.00067
-0.00061
-0.00098
-0.00107
-0.00058
-0.00021
-0.00040
-0.00064
-0.00058
-0.00067
-0.00085
-0.00055
-0.00015
-0.00024
-0.00064
-0.00070
-0.00055
-0.00067
-0.00073
-0.00058
-0.00052
-0.00076
-0.00061
-0.00018
0.00000
-0.00006
0.00000
0.00018
0.00009
-0.00012
-0.00003
0.00012
-0.00003
-0.00034
-0.00027
-0.00012
-0.00024
-0.00034
-0.00024
-0.00012
-0.00018
-0.00024
-0.00012
-0.00003
0.00000
0.00012
0.00012
0.00000
-0.00003
0.00009
0.00015
0.00006
0.00000
-0.00006
-0.00006
-0.00018
-0.00009
0.00018
0.00034
0.00018
0.00003
0.00000
0.00000
-0.00003
0.00000
0.00000
0.00000
0.00000
0.00000
0.00000
0.00000
0.00000
0.00000
0.00000
0.00000
0.00000
0.00000
0.00000
0.00000
0.00000
0.00000
0.00000
0.00000
0.00000
0.00000
0.00000
0.00000
0.00000
0.00000
0.00000
0.00000
0.00000
0.00000
0.00000
0.00000
0.00000
0.00000
0.00000
0.00000
0.00000
0.00000
0.00000
0.00000
0.00000
0.00000
0.00000
0.00000
0.00000
0.00000
0.00000
0.00000
0.00000
0.00000
0.00000
0.00000
0.00000
0.00000
0.00000
0.00000
0.00000
0.00000
0.00000
0.00000
0.00000
0.00000
0.00000
0.00000
0.00000
0.00000
0.00000
0.00000
0.00000
0.00000
0.00000
0.00000
0.00000
0.00000
0.00000
0.00000
0.00000
0.00000
0.00000
0.00000
0.00000
0.00000
0.00000
0.00000
0.00000
0.00000
0.00000
0.00000
0.00000
0.00000
0.00000
0.00000
0.00000
0.00000
0.00000
0.00000
0.00000
0.00000
0.00000
0.00000
0.00000
0.00000
0.00000
0.00000
0.00000
0.00000
0.00000
0.00000
0.00000
0.00000
0.00000
0.00000
0.00000
0.00000
0.00000
0.00000
0.00000
0.00000
0.00000
0.00000
0.00000
0.00000
0.00000
0.00000
