0.00006
0.00003
0.00006
0.00009
0.00006
0.00006
0.00012
0.00006
0.00009
0.00015
0.00012
0.00009
0.00009
0.00009
0.00006
0.00003
0.00006
0.00009
0.00006
0.00003
0.00006
0.00012
0.00012
0.00012
0.00018
0.00018
0.00009
0.00009
0.00006
0.00006
0.00009
0.00012
0.00015
0.00018
0.00012
0.00009
0.00009
0.00012
0.00018
0.00021
0.00024
0.00021
0.00021
0.00012
0.00009
0.00012
0.00012
0.00012
0.00021
0.00015
0.00012
0.00021
0.00024
0.00021
0.00015
0.00018
0.00012
0.00015
0.00021
0.00015
0.00012
0.00015
0.00021
0.00015
0.00015
0.00018
0.00012
0.00009
0.00015
0.00021
0.00021
0.00027
0.00024
0.00018
0.00021
0.00021
0.00012
0.00015
0.00021
0.00018
0.00021
0.00021
0.00021
0.00018
0.00015
0.00021
0.00024
0.00012
0.00012
0.00015
0.00018
0.00021
0.00024
0.00027
0.00024
0.00021
0.00012
0.00012
0.00018
0.00012
0.00018
0.00027
0.00021
0.00015
0.00018
0.00024
0.00021
0.00018
0.00021
0.00024
0.00021
0.00024
0.00021
0.00021
0.00018
0.00009
0.00018
0.00021
0.00021
0.00024
0.00024
0.00021
0.00015
0.00012
0.00012
0.00012
0.00018
0.00024
0.00027
0.00024
0.00015
0.00015
0.00018
0.00018
0.00024
0.00024
0.00018
0.00018
0.00015
0.00015
0.00021
0.00021
0.00021
0.00021
0.00015
0.00009
0.00012
0.00015
0.00018
0.00021
0.00021
0.00021
0.00024
0.00018
0.00018
0.00021
0.00018
0.00018
0.00021
0.00015
0.00009
0.00015
0.00018
0.00018
0.00021
0.00027
0.00021
0.00024
0.00024
0.00021
0.00018
0.00018
0.00018
0.00018
0.00015
0.00012
0.00015
0.00018
0.00018
0.00018
0.00012
0.00024
0.00021
0.00006
0.00009
0.00012
0.00012
0.00018
0.00024
0.00024
0.00024
0.00018
0.00018
0.00024
0.00024
0.00003
0.00015
0.00006
0.00043
-0.00021
0.00061
-0.00055
-0.00046
-0.01682
-0.02560
-0.01727
-0.02692
-0.00461
0.02240
0.03174
0.02002
0.00601
0.00226
-0.00504
-0.00958
-0.01309
-0.00763
0.00104
0.00037
-0.00165
0.00604
0.00842
0.00534
0.00769
0.00763
0.00311
0.00183
0.00098
0.00061
0.00143
0.00125
-0.00107
0.00070
0.00275
0.00015
-0.00021
0.00128
0.00159
0.00125
0.00290
0.00314
0.00186
0.00107
0.00107
0.00058
0.00058
0.00058
0.00034
0.00027
0.00092
0.00092
0.00064
0.00095
0.00134
0.00076
0.00073
0.00253
0.00183
0.00067
0.00165
0.00131
0.00006
0.00000
0.00098
0.00000
-0.00064
0.00049
0.00027
0.00021
0.00018
0.00000
0.00076
0.00116
0.00092
0.00046
0.00049
0.00043
-0.00037
-0.00009
-0.00003
-0.00082
-0.00079
-0.00070
-0.00031
-0.00027
-0.00021
-0.00018
-0.00064
-0.00031
-0.00021
-0.00006
0.00009
-0.00003
0.00003
-0.00021
-0.00061
-0.00098
-0.00104
-0.00064
-0.00061
-0.00055
-0.00052
-0.00067
-0.00073
-0.00098
-0.00101
-0.00082
-0.00055
-0.00024
-0.00031
-0.00040
-0.00076
-0.00107
-0.00070
-0.00015
0.00006
-0.00003
-0.00031
-0.00052
-0.00073
-0.00092
-0.00101
-0.00107
-0.00104
-0.00085
-0.00046
-0.00012
-0.00024
-0.00058
-0.00064
-0.00040
-0.00049
-0.00073
-0.00070
-0.00079
-0.00104
-0.00101
-0.00064
-0.00052
-0.00076
-0.00082
-0.00070
-0.00061
-0.00061
-0.00037
-0.00003
-0.00015
-0.00031
-0.00015
-0.00003
-0.00024
-0.00052
-0.00043
-0.00037
-0.00058
-0.00061
-0.00037
-0.00024
-0.00034
-0.00031
-0.00012
-0.00006
-0.00015
-0.00009
0.00000
0.00000
-0.00018
-0.00037
-0.00040
-0.00021
-0.00006
-0.00012
-0.00034
-0.00046
-0.00037
-0.00015
0.00006
0.00009
0.00021
0.00027
0.00003
-0.00009
0.00000
0.00012
0.00009
-0.00003
-0.00006
-0.00015
-0.00037
-0.00052
-0.00034
0.00000
0.00000
0.00000
0.00000
0.00000
0.00000
0.00000
0.00000
0.00000
0.00000
0.00000
0.00000
0.00000
0.00000
0.00000
0.00000
0.00000
0.00000
0.00000
0.00000
0.00000
0.00000
0.00000
0.00000
0.00000
0.00000
0.00000
0.00000
0.00000
0.00000
0.00000
0.00000
0.00000
0.00000
0.00000
0.00000
0.00000
0.00000
0.00000
0.00000
0.00000
0.00000
0.00000
0.00000
0.00000
0.00000
0.00000
0.00000
0.00000
0.00000
0.00000
0.00000
0.00000
0.00000
0.00000
0.00000
0.00000
0.00000
0.00000
0.00000
0.00000
0.00000
0.00000
0.00000
0.00000
0.00000
0.00000
0.00000
0.00000
0.00000
0.00000
0.00000
0.00000
0.00000
0.00000
0.00000
0.00000
0.00000
0.00000
0.00000
0.00000
0.00000
0.00000
0.00000
0.00000
0.00000
0.00000
0.00000
0.00000
0.00000
0.00000
0.00000
0.00000
0.00000
0.00000
0.00000
0.00000
0.00000
0.00000
0.00000
0.00000
0.00000
0.00000
0.00000
0.00000
0.00000
0.00000
0.00000
0.00000
0.00000
0.00000
0.00000
0.00000
0.00000
0.00000
0.00000
0.00000
0.00000
0.00000
0.00000
0.00000
