-0.00015
-0.00015
-0.00009
-0.00009
-0.00018
-0.00024
-0.00018
-0.00018
-0.00018
-0.00012
-0.00012
-0.00015
-0.00021
-0.00021
-0.00018
-0.00018
-0.00021
-0.00018
-0.00018
-0.00021
-0.00018
-0.00018
-0.00015
-0.00012
-0.00015
-0.00018
-0.00018
-0.00021
-0.00021
-0.00015
-0.00012
-0.00018
-0.00024
-0.00027
-0.00031
-0.00031
-0.00027
-0.00012
-0.00006
-0.00012
-0.00015
-0.00018
-0.00024
-0.00031
-0.00027
-0.00021
-0.00021
-0.00018
-0.00018
-0.00018
-0.00021
-0.00024
-0.00024
-0.00021
-0.00021
-0.00021
-0.00024
-0.00024
-0.00027
-0.00027
-0.00021
-0.00024
-0.00024
-0.00021
-0.00018
-0.00021
-0.00024
-0.00027
-0.00027
-0.00024
-0.00027
-0.00024
-0.00027
-0.00021
-0.00018
-0.00024
-0.00021
-0.00021
-0.00018
-0.00018
-0.00024
-0.00027
-0.00027
-0.00021
-0.00031
-0.00031
-0.00027
-0.00024
-0.00031
-0.00031
-0.00027
-0.00024
-0.00027
-0.00024
-0.00021
-0.00027
-0.00024
-0.00031
-0.00031
-0.00034
-0.00037
-0.00027
-0.00027
-0.00018
-0.00021
-0.00027
-0.00031
-0.00040
-0.00034
-0.00034
-0.00034
-0.00034
-0.00027
-0.00024
-0.00027
-0.00024
-0.00027
-0.00027
-0.00031
-0.00037
-0.00034
-0.00034
-0.00037
-0.00034
-0.00031
-0.00027
-0.00027
-0.00027
-0.00027
-0.00024
-0.00027
-0.00034
-0.00031
-0.00031
-0.00040
-0.00046
-0.00034
-0.00031
-0.00034
-0.00034
-0.00031
-0.00024
-0.00031
-0.00034
-0.00027
-0.00027
-0.00031
-0.00027
-0.00027
-0.00037
-0.00040
-0.00037
-0.00034
-0.00031
-0.00034
-0.00034
-0.00031
-0.00027
-0.00027
-0.00027
-0.00027
-0.00034
-0.00037
-0.00031
-0.00027
-0.00034
-0.00037
-0.00031
-0.00031
-0.00034
-0.00040
-0.00031
-0.00027
-0.00031
-0.00031
-0.00027
-0.00021
-0.00024
-0.00024
-0.00024
-0.00031
-0.00034
-0.00043
-0.00040
-0.00027
-0.00034
-0.00034
-0.00031
-0.00021
-0.00024
-0.00021
-0.00046
-0.00018
-0.00076
0.00009
-0.00089
0.00064
-0.00143
0.00009
-0.02560
-0.04086
-0.02084
-0.03973
0.00165
0.04419
0.05078
0.02884
0.00348
0.00272
-0.00546
-0.00937
-0.01724
-0.00812
0.00562
0.00098
-0.00497
0.00430
0.00211
-0.00589
-0.00070
0.00140
-0.00131
0.00043
0.00116
0.00363
0.00787
0.00681
-0.00003
0.00031
0.00339
0.00015
-0.00095
-0.00046
-0.00089
-0.00128
0.00208
0.00406
0.00314
0.00204
0.00214
0.00082
0.00064
0.00021
-0.00058
-0.00095
-0.00046
-0.00031
-0.00046
0.00076
0.00128
0.00034
0.00076
0.00256
0.00156
0.00076
0.00171
0.00076
0.00092
0.00037
-0.00043
0.00052
-0.00049
-0.00098
-0.00003
0.00064
-0.00101
-0.00159
0.00043
-0.00046
0.00015
0.00095
0.00043
0.00128
0.00079
-0.00055
-0.00043
0.00000
-0.00079
-0.00174
-0.00067
-0.00067
-0.00134
-0.00052
-0.00107
-0.00095
-0.00037
-0.00031
0.00046
0.00058
-0.00006
-0.00085
-0.00070
-0.00052
-0.00131
-0.00089
-0.00064
-0.00085
-0.00107
-0.00156
-0.00165
-0.00146
-0.00098
-0.00040
-0.00012
-0.00012
-0.00058
-0.00079
-0.00092
-0.00110
-0.00064
-0.00006
0.00037
0.00040
-0.00009
-0.00070
-0.00131
-0.00162
-0.00146
-0.00150
-0.00150
-0.00140
-0.00107
-0.00064
-0.00024
0.00003
-0.00009
-0.00037
-0.00049
-0.00049
-0.00049
-0.00092
-0.00119
-0.00101
-0.00076
-0.00067
-0.00089
-0.00095
-0.00101
-0.00104
-0.00052
0.00009
0.00037
0.00003
-0.00012
0.00012
0.00000
-0.00034
-0.00052
-0.00052
-0.00064
-0.00076
-0.00061
-0.00049
-0.00064
-0.00076
-0.00055
-0.00018
-0.00003
0.00000
0.00015
0.00027
0.00012
0.00000
0.00003
0.00003
-0.00006
-0.00018
-0.00021
-0.00027
-0.00049
-0.00055
-0.00037
0.00000
0.00027
0.00024
0.00015
0.00003
0.00006
0.00034
0.00049
0.00046
0.00015
-0.00009
-0.00024
-0.00024
-0.00015
-0.00009
0.00000
0.00000
-0.00009
-0.00012
-0.00015
-0.00009
0.00015
0.00043
0.00058
0.00058
0.00046
0.00003
0.00000
0.00000
0.00000
0.00000
0.00000
0.00000
0.00000
0.00000
0.00000
0.00000
0.00000
0.00000
0.00000
0.00000
0.00000
0.00000
0.00000
0.00000
0.00000
0.00000
0.00000
0.00000
0.00000
0.00000
0.00000
0.00000
0.00000
0.00000
0.00000
0.00000
0.00000
0.00000
0.00000
0.00000
0.00000
0.00000
0.00000
0.00000
0.00000
0.00000
0.00000
0.00000
0.00000
0.00000
0.00000
0.00000
0.00000
0.00000
0.00000
0.00000
0.00000
0.00000
0.00000
0.00000
0.00000
0.00000
0.00000
0.00000
0.00000
0.00000
0.00000
0.00000
0.00000
0.00000
0.00000
0.00000
0.00000
0.00000
0.00000
0.00000
0.00000
0.00000
0.00000
0.00000
0.00000
0.00000
0.00000
0.00000
0.00000
0.00000
0.00000
0.00000
0.00000
0.00000
0.00000
0.00000
0.00000
0.00000
0.00000
0.00000
0.00000
0.00000
0.00000
0.00000
0.00000
0.00000
0.00000
0.00000
0.00000
0.00000
0.00000
0.00000
0.00000
0.00000
0.00000
0.00000
0.00000
0.00000
0.00000
0.00000
0.00000
0.00000
0.00000
