-0.00003
-0.00003
0.00000
0.00000
0.00000
-0.00003
-0.00003
0.00000
-0.00006
-0.00003
0.00000
0.00000
0.00000
0.00000
0.00000
0.00000
0.00000
-0.00003
0.00000
0.00000
0.00000
0.00000
0.00000
0.00000
0.00000
0.00000
0.00000
0.00000
0.00000
0.00000
0.00000
0.00000
-0.00003
0.00000
-0.00018
0.00012
0.00003
0.00000
0.00003
0.00000
0.00003
0.00000
0.00003
0.00000
0.00000
0.00000
0.00000
0.00000
0.00000
0.00000
0.00003
0.00003
0.00003
0.00000
0.00003
0.00000
0.00000
0.00000
0.00003
0.00003
0.00003
0.00003
0.00003
0.00003
0.00000
0.00003
0.00000
0.00003
0.00006
0.00006
0.00006
0.00009
0.00006
0.00003
0.00012
0.00006
0.00006
0.00009
0.00006
0.00009
0.00009
0.00009
0.00009
0.00012
0.00009
0.00006
0.00012
0.00012
0.00012
0.00012
0.00012
0.00009
0.00009
0.00009
0.00009
0.00012
0.00012
0.00012
0.00012
0.00015
0.00012
0.00015
0.00015
0.00012
0.00012
0.00012
0.00015
0.00015
0.00012
0.00012
0.00012
0.00012
0.00012
0.00012
0.00012
0.00015
0.00012
0.00012
0.00015
0.00012
0.00009
0.00015
0.00012
0.00009
0.00012
0.00015
0.00012
0.00012
0.00012
0.00012
0.00012
0.00009
0.00009
0.00012
0.00012
0.00009
0.00012
0.00012
0.00009
0.00009
0.00012
0.00012
0.00009
0.00012
0.00009
0.00012
0.00012
0.00012
0.00009
0.00009
0.00012
0.00009
0.00009
0.00009
0.00006
0.00009
0.00009
0.00009
0.00006
0.00009
0.00009
0.00009
0.00006
0.00009
0.00009
0.00006
0.00009
0.00006
0.00009
0.00006
0.00006
0.00009
0.00006
0.00009
0.00009
0.00009
0.00006
0.00006
0.00009
0.00006
0.00003
0.00006
0.00003
0.00003
0.00000
-0.00006
0.00000
0.00000
0.00000
0.00012
0.00018
0.00000
0.00006
0.00000
0.00000
0.00009
-0.00027
0.00064
-0.00082
-0.00494
-0.03995
-0.02808
-0.02213
-0.01611
0.02179
0.03018
0.03677
0.01105
0.01648
0.01169
0.00131
-0.01147
-0.02133
-0.01453
-0.00620
-0.00275
0.00635
0.01501
0.00424
-0.00330
-0.00266
0.00000
-0.00052
-0.00211
-0.00003
0.00281
0.00720
0.00467
0.00055
0.00140
0.00189
0.00101
0.00052
0.00131
0.00000
-0.00055
0.00201
0.00357
0.00342
0.00201
0.00146
0.00040
0.00095
0.00055
-0.00024
-0.00183
-0.00143
-0.00076
0.00046
0.00189
0.00201
0.00095
0.00128
0.00217
0.00159
0.00177
0.00049
0.00015
0.00125
0.00031
0.00089
-0.00064
-0.00137
0.00000
0.00027
-0.00027
-0.00079
0.00034
-0.00009
-0.00040
0.00058
0.00027
0.00140
0.00119
-0.00040
-0.00015
0.00043
-0.00012
-0.00101
-0.00122
-0.00125
-0.00119
-0.00015
-0.00009
-0.00024
-0.00027
-0.00052
-0.00037
-0.00009
-0.00021
-0.00021
-0.00024
-0.00037
-0.00070
-0.00067
-0.00055
-0.00107
-0.00122
-0.00128
-0.00122
-0.00098
-0.00101
-0.00101
-0.00067
-0.00021
-0.00003
-0.00018
-0.00018
-0.00043
-0.00079
-0.00104
-0.00073
-0.00012
0.00000
-0.00027
-0.00082
-0.00098
-0.00095
-0.00128
-0.00162
-0.00162
-0.00110
-0.00046
-0.00018
-0.00021
-0.00034
-0.00037
-0.00055
-0.00085
-0.00079
-0.00058
-0.00070
-0.00128
-0.00153
-0.00089
-0.00043
-0.00070
-0.00098
-0.00089
-0.00049
-0.00040
-0.00024
0.00003
0.00003
-0.00009
-0.00027
-0.00037
-0.00058
-0.00079
-0.00061
-0.00043
-0.00064
-0.00092
-0.00092
-0.00064
-0.00037
-0.00043
-0.00067
-0.00061
-0.00018
0.00015
0.00018
0.00000
-0.00009
-0.00027
-0.00040
-0.00040
-0.00024
-0.00021
-0.00034
-0.00058
-0.00098
-0.00104
-0.00113
-0.00052
-0.00015
0.00058
0.00027
0.00000
0.00000
0.00000
0.00000
0.00000
0.00000
0.00000
0.00000
0.00000
0.00000
0.00000
0.00000
0.00000
0.00000
0.00000
0.00000
0.00000
0.00000
0.00000
0.00000
0.00000
0.00000
0.00000
0.00000
0.00000
0.00000
0.00000
0.00000
0.00000
0.00000
0.00000
0.00000
0.00000
0.00000
0.00000
0.00000
0.00000
0.00000
0.00000
0.00000
0.00000
0.00000
0.00000
0.00000
0.00000
0.00000
0.00000
0.00000
0.00000
0.00000
0.00000
0.00000
0.00000
0.00000
0.00000
0.00000
0.00000
0.00000
0.00000
0.00000
0.00000
0.00000
0.00000
0.00000
0.00000
0.00000
0.00000
0.00000
0.00000
0.00000
0.00000
0.00000
0.00000
0.00000
0.00000
0.00000
0.00000
0.00000
0.00000
0.00000
0.00000
0.00000
0.00000
0.00000
0.00000
0.00000
0.00000
0.00000
0.00000
0.00000
0.00000
0.00000
0.00000
0.00000
0.00000
0.00000
0.00000
0.00000
0.00000
0.00000
0.00000
0.00000
0.00000
0.00000
0.00000
0.00000
0.00000
0.00000
0.00000
0.00000
0.00000
0.00000
0.00000
0.00000
0.00000
0.00000
0.00000
0.00000
0.00000
0.00000
0.00000
0.00000
0.00000
0.00000
0.00000
0.00000
0.00000
0.00000
0.00000
0.00000
0.00000
0.00000
0.00000
0.00000
