-0.00031
-0.00031
-0.00027
-0.00027
-0.00031
-0.00027
-0.00027
-0.00034
-0.00034
-0.00031
-0.00037
-0.00031
-0.00027
-0.00031
-0.00027
-0.00027
-0.00031
-0.00034
-0.00031
-0.00034
-0.00037
-0.00031
-0.00031
-0.00031
-0.00027
-0.00027
-0.00027
-0.00031
-0.00031
-0.00031
-0.00027
-0.00027
-0.00027
-0.00021
-0.00043
-0.00009
-0.00024
-0.00027
-0.00024
-0.00037
-0.00031
-0.00031
-0.00024
-0.00027
-0.00027
-0.00021
-0.00027
-0.00031
-0.00024
-0.00021
-0.00024
-0.00024
-0.00024
-0.00021
-0.00024
-0.00027
-0.00024
-0.00021
-0.00027
-0.00031
-0.00027
-0.00024
-0.00021
-0.00024
-0.00024
-0.00021
-0.00021
-0.00024
-0.00024
-0.00024
-0.00024
-0.00024
-0.00027
-0.00021
-0.00018
-0.00015
-0.00018
-0.00021
-0.00015
-0.00018
-0.00018
-0.00021
-0.00021
-0.00018
-0.00024
-0.00024
-0.00018
-0.00018
-0.00021
-0.00021
-0.00018
-0.00021
-0.00024
-0.00021
-0.00015
-0.00021
-0.00021
-0.00018
-0.00012
-0.00015
-0.00015
-0.00015
-0.00015
-0.00021
-0.00024
-0.00018
-0.00018
-0.00018
-0.00021
-0.00015
-0.00015
-0.00021
-0.00021
-0.00018
-0.00018
-0.00018
-0.00012
-0.00009
-0.00009
-0.00012
-0.00015
-0.00012
-0.00015
-0.00018
-0.00018
-0.00018
-0.00018
-0.00018
-0.00015
-0.00015
-0.00018
-0.00015
-0.00015
-0.00015
-0.00009
-0.00012
-0.00012
-0.00012
-0.00015
-0.00012
-0.00015
-0.00015
-0.00015
-0.00015
-0.00012
-0.00012
-0.00015
-0.00009
-0.00006
-0.00009
-0.00012
-0.00012
-0.00012
-0.00015
-0.00015
-0.00012
-0.00012
-0.00012
-0.00015
-0.00012
-0.00009
-0.00012
-0.00015
-0.00015
-0.00012
-0.00009
-0.00006
-0.00003
-0.00006
-0.00006
-0.00003
-0.00006
-0.00009
-0.00012
-0.00015
-0.00015
-0.00015
-0.00015
-0.00006
-0.00006
-0.00006
-0.00009
-0.00009
0.00000
-0.00012
-0.00009
-0.00003
-0.00006
-0.00012
-0.00006
-0.00003
-0.00006
-0.00006
-0.00009
-0.00003
0.00000
-0.00003
-0.00006
-0.00003
-0.00006
-0.00009
-0.00003
-0.00015
-0.00040
-0.00027
0.00009
0.00055
-0.00024
-0.00107
-0.00580
-0.00894
-0.01016
-0.01877
-0.02048
-0.02017
-0.01077
0.00406
0.01361
0.01767
0.01212
0.01538
0.01590
0.00787
0.00220
-0.00238
-0.00558
-0.00546
-0.00278
0.00131
0.00488
0.00378
-0.00055
0.00037
0.00482
0.00327
0.00128
0.00104
-0.00021
0.00089
0.00223
0.00125
0.00031
0.00085
-0.00021
-0.00092
0.00104
0.00156
0.00101
0.00159
0.00134
0.00122
0.00171
0.00119
-0.00043
0.00006
0.00266
0.00198
0.00003
-0.00052
-0.00098
0.00046
0.00034
-0.00055
0.00012
0.00092
0.00098
0.00089
0.00220
0.00217
0.00110
0.00055
0.00024
0.00067
0.00015
-0.00089
-0.00082
-0.00021
-0.00027
-0.00085
-0.00021
0.00031
0.00040
0.00064
0.00024
0.00040
0.00027
-0.00012
-0.00040
-0.00040
-0.00049
-0.00082
-0.00070
-0.00046
-0.00043
-0.00055
-0.00085
-0.00082
-0.00043
-0.00037
-0.00049
-0.00024
0.00006
0.00018
0.00012
0.00000
-0.00055
-0.00116
-0.00107
-0.00079
-0.00061
-0.00076
-0.00101
-0.00113
-0.00131
-0.00110
-0.00064
-0.00009
-0.00012
-0.00061
-0.00052
0.00012
0.00043
0.00003
-0.00046
-0.00049
-0.00012
0.00006
-0.00021
-0.00064
-0.00095
-0.00110
-0.00085
-0.00061
-0.00061
-0.00085
-0.00098
-0.00067
-0.00024
0.00009
-0.00006
-0.00052
-0.00064
-0.00052
-0.00046
-0.00058
-0.00076
-0.00089
-0.00082
-0.00061
-0.00037
-0.00027
-0.00021
-0.00006
0.00003
-0.00006
-0.00006
0.00012
0.00049
0.00043
0.00000
-0.00024
-0.00024
-0.00024
-0.00043
-0.00055
-0.00037
-0.00021
-0.00031
-0.00043
-0.00024
0.00000
0.00009
0.00015
0.00018
0.00006
0.00003
0.00021
0.00034
0.00031
0.00003
0.00000
0.00000
0.00000
0.00000
0.00000
0.00000
0.00000
0.00000
0.00000
0.00000
0.00000
0.00000
0.00000
0.00000
0.00000
0.00000
0.00000
0.00000
0.00000
0.00000
0.00000
0.00000
0.00000
0.00000
0.00000
0.00000
0.00000
0.00000
0.00000
0.00000
0.00000
0.00000
0.00000
0.00000
0.00000
0.00000
0.00000
0.00000
0.00000
0.00000
0.00000
0.00000
0.00000
0.00000
0.00000
0.00000
0.00000
0.00000
0.00000
0.00000
0.00000
0.00000
0.00000
0.00000
0.00000
0.00000
0.00000
0.00000
0.00000
0.00000
0.00000
0.00000
0.00000
0.00000
0.00000
0.00000
0.00000
0.00000
0.00000
0.00000
0.00000
0.00000
0.00000
0.00000
0.00000
0.00000
0.00000
0.00000
0.00000
0.00000
0.00000
0.00000
0.00000
0.00000
0.00000
0.00000
0.00000
0.00000
0.00000
0.00000
0.00000
0.00000
0.00000
0.00000
0.00000
0.00000
0.00000
0.00000
0.00000
0.00000
0.00000
0.00000
0.00000
0.00000
0.00000
0.00000
0.00000
0.00000
0.00000
0.00000
0.00000
0.00000
0.00000
0.00000
0.00000
0.00000
0.00000
0.00000
0.00000
0.00000
0.00000
0.00000
0.00000
0.00000
0.00000
0.00000
0.00000
0.00000
0.00000
0.00000
0.00000
0.00000
