-0.00012
-0.00009
-0.00009
-0.00012
-0.00009
-0.00009
-0.00006
-0.00009
-0.00012
-0.00006
-0.00006
-0.00009
-0.00009
-0.00009
-0.00009
-0.00009
-0.00009
-0.00006
-0.00009
-0.00009
-0.00006
-0.00006
-0.00009
-0.00012
-0.00012
-0.00012
-0.00012
-0.00015
-0.00012
-0.00006
-0.00012
-0.00012
-0.00009
-0.00006
-0.00034
0.00000
-0.00009
-0.00015
-0.00009
-0.00015
-0.00009
-0.00012
-0.00009
-0.00009
-0.00009
-0.00009
-0.00009
-0.00012
-0.00012
-0.00012
-0.00012
-0.00015
-0.00015
-0.00015
-0.00012
-0.00012
-0.00015
-0.00009
-0.00009
-0.00009
-0.00012
-0.00012
-0.00012
-0.00015
-0.00015
-0.00012
-0.00012
-0.00015
-0.00012
-0.00012
-0.00015
-0.00012
-0.00009
-0.00012
-0.00012
-0.00015
-0.00009
-0.00012
-0.00012
-0.00015
-0.00012
-0.00012
-0.00018
-0.00015
-0.00012
-0.00012
-0.00015
-0.00012
-0.00012
-0.00012
-0.00012
-0.00015
-0.00009
-0.00012
-0.00015
-0.00012
-0.00012
-0.00015
-0.00018
-0.00012
-0.00009
-0.00015
-0.00015
-0.00012
-0.00012
-0.00015
-0.00012
-0.00012
-0.00012
-0.00015
-0.00015
-0.00015
-0.00015
-0.00015
-0.00012
-0.00012
-0.00012
-0.00012
-0.00012
-0.00009
-0.00012
-0.00012
-0.00009
-0.00012
-0.00015
-0.00018
-0.00015
-0.00015
-0.00015
-0.00012
-0.00012
-0.00012
-0.00012
-0.00009
-0.00009
-0.00012
-0.00012
-0.00009
-0.00015
-0.00015
-0.00009
-0.00012
-0.00015
-0.00015
-0.00015
-0.00015
-0.00012
-0.00015
-0.00015
-0.00012
-0.00012
-0.00012
-0.00012
-0.00006
-0.00006
-0.00009
-0.00009
-0.00012
-0.00009
-0.00012
-0.00015
-0.00018
-0.00018
-0.00012
-0.00012
-0.00012
-0.00012
-0.00015
-0.00012
-0.00015
-0.00012
-0.00009
-0.00012
-0.00015
-0.00012
-0.00009
-0.00012
-0.00015
-0.00012
-0.00012
-0.00012
-0.00015
-0.00021
-0.00012
-0.00018
-0.00015
-0.00003
-0.00003
-0.00006
-0.00003
-0.00003
-0.00012
-0.00012
-0.00015
-0.00012
-0.00012
-0.00009
-0.00009
-0.00012
-0.00015
-0.00024
-0.00006
-0.00024
-0.00024
-0.00037
0.00024
0.00040
-0.00024
-0.00815
-0.01993
-0.01498
-0.02203
-0.01575
0.00000
0.00888
0.01367
0.00739
0.00995
0.00900
0.00671
-0.00021
-0.00345
-0.00143
-0.00247
-0.00204
0.00537
0.00833
0.00516
0.00266
0.00089
0.00134
0.00131
-0.00012
-0.00089
0.00134
0.00293
0.00137
0.00043
0.00049
0.00067
0.00049
0.00024
0.00055
0.00043
-0.00003
0.00034
0.00220
0.00327
0.00272
0.00134
0.00018
0.00037
0.00009
-0.00089
-0.00156
-0.00003
0.00220
0.00214
0.00009
-0.00049
0.00018
0.00140
0.00153
-0.00018
-0.00012
0.00095
0.00058
0.00046
0.00113
0.00110
-0.00040
-0.00046
0.00018
0.00040
0.00061
-0.00031
-0.00079
-0.00040
-0.00024
-0.00015
0.00009
0.00064
0.00015
0.00000
0.00009
-0.00027
-0.00040
-0.00076
-0.00107
-0.00085
-0.00046
-0.00040
-0.00073
-0.00034
-0.00034
-0.00024
-0.00034
-0.00070
-0.00101
-0.00101
-0.00043
0.00015
0.00021
-0.00024
-0.00064
-0.00076
-0.00085
-0.00113
-0.00131
-0.00128
-0.00070
-0.00027
-0.00061
-0.00125
-0.00128
-0.00064
-0.00003
-0.00021
-0.00067
-0.00046
0.00012
0.00021
-0.00018
-0.00037
-0.00040
-0.00052
-0.00082
-0.00092
-0.00064
-0.00095
-0.00143
-0.00101
0.00003
0.00046
-0.00046
-0.00128
-0.00110
-0.00052
-0.00027
-0.00034
-0.00052
-0.00067
-0.00092
-0.00104
-0.00085
-0.00061
-0.00064
-0.00067
-0.00037
-0.00003
0.00006
-0.00006
-0.00015
-0.00012
-0.00012
-0.00015
-0.00015
0.00000
0.00003
-0.00018
-0.00043
-0.00046
-0.00046
-0.00040
-0.00034
-0.00015
0.00000
-0.00012
-0.00031
-0.00031
-0.00009
0.00006
0.00006
-0.00006
-0.00024
-0.00015
0.00009
0.00000
-0.00027
-0.00037
-0.00043
-0.00046
-0.00061
-0.00018
0.00027
0.00000
0.00000
0.00000
0.00000
0.00000
0.00000
0.00000
0.00000
0.00000
0.00000
0.00000
0.00000
0.00000
0.00000
0.00000
0.00000
0.00000
0.00000
0.00000
0.00000
0.00000
0.00000
0.00000
0.00000
0.00000
0.00000
0.00000
0.00000
0.00000
0.00000
0.00000
0.00000
0.00000
0.00000
0.00000
0.00000
0.00000
0.00000
0.00000
0.00000
0.00000
0.00000
0.00000
0.00000
0.00000
0.00000
0.00000
0.00000
0.00000
0.00000
0.00000
0.00000
0.00000
0.00000
0.00000
0.00000
0.00000
0.00000
0.00000
0.00000
0.00000
0.00000
0.00000
0.00000
0.00000
0.00000
0.00000
0.00000
0.00000
0.00000
0.00000
0.00000
0.00000
0.00000
0.00000
0.00000
0.00000
0.00000
0.00000
0.00000
0.00000
0.00000
0.00000
0.00000
0.00000
0.00000
0.00000
0.00000
0.00000
0.00000
0.00000
0.00000
0.00000
0.00000
0.00000
0.00000
0.00000
0.00000
0.00000
0.00000
0.00000
0.00000
0.00000
0.00000
0.00000
0.00000
0.00000
0.00000
0.00000
0.00000
0.00000
0.00000
0.00000
0.00000
0.00000
0.00000
0.00000
0.00000
0.00000
0.00000
0.00000
0.00000
0.00000
0.00000
0.00000
0.00000
0.00000
