-0.00040
-0.00037
-0.00037
-0.00040
-0.00037
-0.00037
-0.00034
-0.00034
-0.00031
-0.00027
-0.00034
-0.00037
-0.00034
-0.00034
-0.00034
-0.00040
-0.00040
-0.00040
-0.00037
-0.00037
-0.00027
-0.00027
-0.00027
-0.00027
-0.00031
-0.00031
-0.00034
-0.00031
-0.00034
-0.00037
-0.00034
-0.00031
-0.00024
-0.00021
-0.00046
-0.00009
-0.00015
-0.00027
-0.00021
-0.00031
-0.00027
-0.00034
-0.00031
-0.00024
-0.00021
-0.00018
-0.00021
-0.00021
-0.00027
-0.00034
-0.00034
-0.00031
-0.00031
-0.00027
-0.00021
-0.00018
-0.00018
-0.00015
-0.00015
-0.00018
-0.00018
-0.00021
-0.00024
-0.00018
-0.00015
-0.00012
-0.00009
-0.00009
-0.00018
-0.00012
-0.00024
-0.00024
-0.00021
-0.00021
-0.00021
-0.00021
-0.00012
-0.00018
-0.00015
-0.00012
-0.00015
-0.00021
-0.00021
-0.00015
-0.00012
-0.00006
-0.00003
-0.00009
-0.00012
-0.00015
-0.00018
-0.00021
-0.00018
-0.00015
-0.00012
-0.00009
0.00000
0.00000
-0.00006
-0.00012
-0.00012
-0.00009
-0.00009
-0.00012
-0.00009
-0.00006
-0.00003
-0.00006
-0.00003
-0.00006
-0.00009
-0.00009
-0.00009
-0.00006
-0.00009
-0.00009
-0.00009
-0.00015
-0.00018
-0.00012
-0.00006
-0.00006
0.00000
0.00003
0.00003
0.00000
0.00000
0.00000
-0.00006
-0.00006
-0.00003
0.00000
0.00000
-0.00003
-0.00006
-0.00009
-0.00012
-0.00012
-0.00006
0.00000
0.00000
0.00000
0.00006
0.00006
0.00006
0.00000
0.00000
0.00000
-0.00003
-0.00003
0.00000
0.00000
0.00000
0.00000
0.00000
-0.00003
0.00000
0.00006
0.00003
0.00009
0.00009
0.00012
0.00009
0.00000
-0.00003
-0.00003
0.00000
-0.00003
0.00000
0.00003
0.00000
0.00000
0.00006
0.00015
0.00006
0.00003
0.00003
0.00003
0.00006
0.00006
0.00006
0.00006
0.00003
0.00009
0.00006
0.00018
0.00003
0.00000
0.00000
-0.00043
0.00049
-0.00079
0.00159
-0.00204
-0.00311
-0.05914
-0.04269
-0.02759
-0.02264
0.04056
0.04935
0.05920
0.01215
0.02136
0.01233
-0.00192
-0.01724
-0.03162
-0.02277
-0.01221
-0.00351
0.01157
0.02985
0.01273
-0.00317
-0.00177
0.00348
0.00146
-0.00323
-0.00311
-0.00385
0.00244
0.00122
-0.00446
-0.00183
0.00073
0.00000
0.00064
0.00388
0.00400
0.00192
0.00461
0.00531
0.00424
0.00287
0.00223
-0.00150
-0.00159
-0.00027
0.00000
-0.00137
0.00003
0.00058
0.00098
0.00189
0.00146
0.00003
0.00159
0.00305
0.00122
0.00128
0.00250
0.00156
0.00064
0.00021
0.00064
-0.00101
-0.00235
-0.00046
-0.00003
0.00113
0.00137
0.00049
0.00098
0.00073
0.00046
-0.00085
0.00143
0.00052
-0.00116
-0.00003
-0.00015
-0.00018
-0.00037
-0.00049
-0.00027
-0.00021
-0.00018
-0.00098
0.00018
0.00046
0.00003
0.00018
0.00049
0.00034
0.00015
-0.00046
-0.00082
-0.00061
-0.00043
-0.00040
-0.00095
-0.00107
-0.00137
-0.00113
-0.00046
-0.00031
-0.00043
-0.00055
-0.00024
0.00027
0.00000
-0.00024
-0.00049
-0.00021
0.00012
0.00021
0.00058
0.00043
0.00006
-0.00070
-0.00137
-0.00128
-0.00153
-0.00177
-0.00150
-0.00073
0.00009
0.00046
0.00055
0.00024
-0.00012
-0.00037
-0.00055
-0.00055
-0.00089
-0.00116
-0.00101
-0.00067
-0.00061
-0.00076
-0.00058
0.00006
0.00018
-0.00012
-0.00009
0.00040
0.00067
0.00034
0.00021
0.00021
0.00015
-0.00015
-0.00043
-0.00052
-0.00070
-0.00098
-0.00113
-0.00092
-0.00040
0.00031
0.00073
0.00037
-0.00012
-0.00006
0.00037
0.00046
0.00015
-0.00018
-0.00015
-0.00003
-0.00012
-0.00012
0.00006
0.00018
-0.00006
-0.00034
-0.00058
-0.00052
-0.00031
0.00009
0.00055
0.00076
0.00058
0.00040
-0.00006
0.00000
0.00000
0.00000
0.00000
0.00000
0.00000
0.00000
0.00000
0.00000
0.00000
0.00000
0.00000
0.00000
0.00000
0.00000
0.00000
0.00000
0.00000
0.00000
0.00000
0.00000
0.00000
0.00000
0.00000
0.00000
0.00000
0.00000
0.00000
0.00000
0.00000
0.00000
0.00000
0.00000
0.00000
0.00000
0.00000
0.00000
0.00000
0.00000
0.00000
0.00000
0.00000
0.00000
0.00000
0.00000
0.00000
0.00000
0.00000
0.00000
0.00000
0.00000
0.00000
0.00000
0.00000
0.00000
0.00000
0.00000
0.00000
0.00000
0.00000
0.00000
0.00000
0.00000
0.00000
0.00000
0.00000
0.00000
0.00000
0.00000
0.00000
0.00000
0.00000
0.00000
0.00000
0.00000
0.00000
0.00000
0.00000
0.00000
0.00000
0.00000
0.00000
0.00000
0.00000
0.00000
0.00000
0.00000
0.00000
0.00000
0.00000
0.00000
0.00000
0.00000
0.00000
0.00000
0.00000
0.00000
0.00000
0.00000
0.00000
0.00000
0.00000
0.00000
0.00000
0.00000
0.00000
0.00000
0.00000
0.00000
0.00000
0.00000
0.00000
0.00000
0.00000
0.00000
0.00000
0.00000
0.00000
0.00000
0.00000
0.00000
0.00000
0.00000
0.00000
0.00000
0.00000
0.00000
0.00000
0.00000
0.00000
0.00000
0.00000
0.00000
0.00000
0.00000
0.00000
