-0.00031
-0.00027
-0.00027
-0.00024
-0.00024
-0.00021
-0.00018
-0.00021
-0.00021
-0.00021
-0.00021
-0.00021
-0.00027
-0.00027
-0.00021
-0.00024
-0.00024
-0.00021
-0.00018
-0.00018
-0.00018
-0.00015
-0.00015
-0.00018
-0.00021
-0.00021
-0.00021
-0.00021
-0.00021
-0.00021
-0.00018
-0.00018
-0.00018
-0.00015
-0.00040
-0.00006
-0.00015
-0.00018
-0.00012
-0.00021
-0.00012
-0.00015
-0.00015
-0.00018
-0.00018
-0.00021
-0.00021
-0.00021
-0.00018
-0.00012
-0.00012
-0.00012
-0.00015
-0.00012
-0.00012
-0.00015
-0.00015
-0.00012
-0.00012
-0.00015
-0.00015
-0.00012
-0.00009
-0.00015
-0.00015
-0.00012
-0.00015
-0.00012
-0.00009
-0.00009
-0.00006
-0.00006
-0.00012
-0.00009
-0.00009
-0.00009
-0.00009
-0.00009
-0.00006
-0.00009
-0.00006
-0.00006
-0.00003
-0.00003
-0.00006
-0.00006
-0.00006
-0.00006
-0.00006
-0.00006
-0.00006
-0.00003
-0.00006
-0.00006
-0.00003
-0.00003
-0.00003
-0.00003
-0.00003
-0.00003
0.00000
0.00000
0.00000
0.00000
-0.00003
-0.00003
0.00000
-0.00003
-0.00006
-0.00003
0.00000
0.00000
0.00000
0.00000
0.00000
0.00000
-0.00003
-0.00003
0.00000
0.00000
0.00000
0.00003
0.00003
0.00003
0.00000
0.00000
0.00000
0.00000
0.00000
0.00000
0.00000
0.00003
0.00003
0.00003
0.00006
0.00003
0.00003
0.00006
0.00006
0.00006
0.00003
0.00003
0.00003
0.00000
0.00003
0.00003
0.00003
0.00003
0.00006
0.00006
0.00006
0.00006
0.00009
0.00009
0.00009
0.00006
0.00006
0.00009
0.00006
0.00003
0.00006
0.00006
0.00006
0.00009
0.00006
0.00009
0.00012
0.00012
0.00009
0.00009
0.00012
0.00009
0.00006
0.00006
0.00006
0.00006
0.00006
0.00006
0.00009
0.00009
0.00009
0.00006
0.00000
0.00012
0.00003
0.00012
0.00018
0.00021
0.00015
0.00012
0.00018
0.00009
0.00009
0.00009
0.00012
0.00015
0.00012
0.00012
0.00015
0.00012
0.00003
0.00015
0.00003
-0.00015
-0.00018
0.00040
0.00070
0.00018
-0.00241
-0.00839
-0.00851
-0.00537
-0.00925
-0.01819
-0.01932
-0.01541
-0.00385
0.00842
0.01599
0.01376
0.01077
0.01672
0.01389
0.00873
0.00269
-0.00433
-0.00699
-0.00488
-0.00220
0.00262
0.00507
0.00067
-0.00076
0.00436
0.00562
0.00290
0.00131
-0.00031
-0.00012
0.00278
0.00226
0.00018
0.00131
0.00076
-0.00076
0.00052
0.00168
0.00110
0.00110
0.00137
0.00134
0.00192
0.00162
0.00003
0.00067
0.00302
0.00238
0.00076
-0.00052
-0.00098
0.00052
0.00018
-0.00043
0.00037
0.00095
0.00116
0.00134
0.00235
0.00235
0.00165
0.00064
0.00024
0.00119
0.00064
-0.00070
-0.00055
0.00003
-0.00021
-0.00064
-0.00024
0.00043
0.00085
0.00079
0.00027
0.00046
0.00076
0.00009
-0.00024
-0.00009
-0.00015
-0.00034
-0.00055
-0.00027
0.00000
-0.00037
-0.00082
-0.00082
-0.00015
-0.00012
-0.00034
-0.00006
0.00031
0.00040
0.00018
0.00006
-0.00018
-0.00079
-0.00092
-0.00064
-0.00037
-0.00037
-0.00070
-0.00110
-0.00122
-0.00085
-0.00043
-0.00006
-0.00015
-0.00046
-0.00024
0.00024
0.00052
0.00024
-0.00018
-0.00037
-0.00003
0.00031
0.00006
-0.00034
-0.00089
-0.00098
-0.00064
-0.00037
-0.00052
-0.00092
-0.00095
-0.00055
-0.00015
0.00012
0.00003
-0.00018
-0.00043
-0.00046
-0.00024
-0.00024
-0.00055
-0.00076
-0.00076
-0.00061
-0.00031
-0.00024
-0.00018
0.00000
0.00012
0.00006
0.00003
0.00024
0.00055
0.00058
0.00018
-0.00006
-0.00012
-0.00012
-0.00027
-0.00046
-0.00037
-0.00018
-0.00018
-0.00024
-0.00015
0.00000
0.00009
0.00021
0.00024
0.00015
0.00009
0.00024
0.00046
0.00046
0.00021
-0.00003
0.00000
0.00000
0.00000
0.00000
0.00000
0.00000
0.00000
0.00000
0.00000
0.00000
0.00000
0.00000
0.00000
0.00000
0.00000
0.00000
0.00000
0.00000
0.00000
0.00000
0.00000
0.00000
0.00000
0.00000
0.00000
0.00000
0.00000
0.00000
0.00000
0.00000
0.00000
0.00000
0.00000
0.00000
0.00000
0.00000
0.00000
0.00000
0.00000
0.00000
0.00000
0.00000
0.00000
0.00000
0.00000
0.00000
0.00000
0.00000
0.00000
0.00000
0.00000
0.00000
0.00000
0.00000
0.00000
0.00000
0.00000
0.00000
0.00000
0.00000
0.00000
0.00000
0.00000
0.00000
0.00000
0.00000
0.00000
0.00000
0.00000
0.00000
0.00000
0.00000
0.00000
0.00000
0.00000
0.00000
0.00000
0.00000
0.00000
0.00000
0.00000
0.00000
0.00000
0.00000
0.00000
0.00000
0.00000
0.00000
0.00000
0.00000
0.00000
0.00000
0.00000
0.00000
0.00000
0.00000
0.00000
0.00000
0.00000
0.00000
0.00000
0.00000
0.00000
0.00000
0.00000
0.00000
0.00000
0.00000
0.00000
0.00000
0.00000
0.00000
0.00000
0.00000
0.00000
0.00000
0.00000
0.00000
0.00000
0.00000
0.00000
0.00000
0.00000
0.00000
0.00000
0.00000
0.00000
0.00000
0.00000
0.00000
0.00000
