-0.00018
-0.00021
-0.00018
-0.00021
-0.00024
-0.00024
-0.00024
-0.00021
-0.00024
-0.00024
-0.00024
-0.00024
-0.00024
-0.00027
-0.00024
-0.00021
-0.00021
-0.00021
-0.00021
-0.00021
-0.00024
-0.00024
-0.00021
-0.00021
-0.00024
-0.00024
-0.00024
-0.00024
-0.00024
-0.00024
-0.00021
-0.00024
-0.00027
-0.00021
-0.00046
-0.00015
-0.00018
-0.00021
-0.00021
-0.00027
-0.00018
-0.00024
-0.00021
-0.00024
-0.00024
-0.00024
-0.00021
-0.00024
-0.00027
-0.00021
-0.00024
-0.00024
-0.00027
-0.00027
-0.00021
-0.00021
-0.00024
-0.00024
-0.00021
-0.00024
-0.00027
-0.00027
-0.00024
-0.00027
-0.00027
-0.00024
-0.00021
-0.00021
-0.00027
-0.00021
-0.00024
-0.00031
-0.00031
-0.00034
-0.00031
-0.00031
-0.00024
-0.00021
-0.00021
-0.00024
-0.00024
-0.00021
-0.00021
-0.00024
-0.00027
-0.00031
-0.00027
-0.00027
-0.00031
-0.00027
-0.00027
-0.00031
-0.00027
-0.00027
-0.00024
-0.00024
-0.00027
-0.00027
-0.00027
-0.00027
-0.00027
-0.00027
-0.00024
-0.00027
-0.00024
-0.00027
-0.00027
-0.00027
-0.00027
-0.00027
-0.00027
-0.00024
-0.00024
-0.00024
-0.00021
-0.00027
-0.00027
-0.00027
-0.00027
-0.00027
-0.00027
-0.00027
-0.00024
-0.00024
-0.00024
-0.00024
-0.00027
-0.00027
-0.00027
-0.00024
-0.00027
-0.00027
-0.00024
-0.00021
-0.00021
-0.00027
-0.00027
-0.00024
-0.00027
-0.00031
-0.00027
-0.00021
-0.00024
-0.00024
-0.00024
-0.00021
-0.00024
-0.00024
-0.00024
-0.00027
-0.00024
-0.00027
-0.00027
-0.00024
-0.00024
-0.00027
-0.00024
-0.00021
-0.00024
-0.00024
-0.00024
-0.00027
-0.00027
-0.00021
-0.00024
-0.00024
-0.00024
-0.00024
-0.00024
-0.00024
-0.00021
-0.00024
-0.00027
-0.00024
-0.00024
-0.00021
-0.00021
-0.00024
-0.00024
-0.00021
-0.00024
-0.00024
-0.00021
-0.00018
-0.00024
-0.00018
-0.00031
-0.00018
-0.00034
-0.00027
-0.00031
-0.00061
0.00006
-0.00101
-0.00543
-0.04547
-0.03354
-0.01199
-0.01938
-0.00839
-0.00443
0.02521
0.03842
0.04105
0.03067
0.02951
0.01126
-0.02103
-0.02396
-0.01233
-0.00818
-0.01019
-0.00458
-0.00119
0.01022
0.01401
0.00488
0.00424
0.00183
-0.00397
-0.00482
-0.00079
0.00049
-0.00162
-0.00031
-0.00089
0.00125
0.00150
-0.00098
-0.00214
-0.00229
-0.00021
0.00235
0.00461
0.00461
0.00482
0.00400
0.00323
0.00180
-0.00040
-0.00250
-0.00284
-0.00256
-0.00201
-0.00055
0.00052
-0.00021
0.00067
0.00320
0.00314
0.00189
0.00266
0.00226
0.00189
0.00092
-0.00092
-0.00159
-0.00140
-0.00159
-0.00220
-0.00040
-0.00018
-0.00073
0.00040
0.00082
0.00116
0.00061
0.00058
0.00000
-0.00003
-0.00027
-0.00079
-0.00024
-0.00073
-0.00150
-0.00101
-0.00079
-0.00098
-0.00110
-0.00046
0.00006
-0.00009
-0.00031
-0.00012
0.00009
0.00027
-0.00003
-0.00027
-0.00043
-0.00076
-0.00073
-0.00092
-0.00119
-0.00159
-0.00150
-0.00122
-0.00140
-0.00128
-0.00079
-0.00046
-0.00037
-0.00049
-0.00018
0.00009
0.00009
0.00006
0.00000
-0.00006
-0.00031
-0.00015
-0.00003
-0.00043
-0.00107
-0.00159
-0.00180
-0.00174
-0.00156
-0.00110
-0.00073
-0.00058
-0.00034
0.00003
0.00024
0.00000
-0.00040
-0.00076
-0.00113
-0.00143
-0.00140
-0.00116
-0.00076
-0.00073
-0.00076
-0.00055
-0.00015
0.00000
-0.00003
0.00000
0.00012
0.00040
0.00052
0.00040
0.00018
0.00000
-0.00018
-0.00049
-0.00085
-0.00125
-0.00137
-0.00104
-0.00055
-0.00031
-0.00034
-0.00018
0.00009
0.00031
0.00046
0.00040
0.00024
0.00015
0.00009
-0.00003
-0.00015
-0.00037
-0.00061
-0.00061
-0.00049
-0.00021
0.00009
0.00021
0.00018
0.00021
0.00040
0.00061
0.00064
0.00040
0.00006
0.00000
0.00012
0.00006
-0.00018
-0.00040
-0.00034
-0.00015
-0.00012
-0.00009
0.00003
0.00021
0.00021
0.00021
0.00037
0.00040
0.00037
0.00031
0.00021
0.00009
0.00000
0.00000
0.00003
0.00000
0.00000
0.00000
0.00000
0.00000
0.00000
0.00000
0.00000
0.00000
0.00000
0.00000
0.00000
0.00000
0.00000
0.00000
0.00000
0.00000
0.00000
0.00000
0.00000
0.00000
0.00000
0.00000
0.00000
0.00000
0.00000
0.00000
0.00000
0.00000
0.00000
0.00000
0.00000
0.00000
0.00000
0.00000
0.00000
0.00000
0.00000
0.00000
0.00000
0.00000
0.00000
0.00000
0.00000
0.00000
0.00000
0.00000
0.00000
0.00000
0.00000
0.00000
0.00000
0.00000
0.00000
0.00000
0.00000
0.00000
0.00000
0.00000
0.00000
0.00000
0.00000
0.00000
0.00000
0.00000
0.00000
0.00000
0.00000
0.00000
0.00000
0.00000
0.00000
0.00000
0.00000
0.00000
0.00000
0.00000
0.00000
0.00000
0.00000
0.00000
0.00000
0.00000
0.00000
0.00000
0.00000
0.00000
0.00000
0.00000
0.00000
0.00000
0.00000
0.00000
0.00000
0.00000
0.00000
0.00000
0.00000
0.00000
0.00000
0.00000
0.00000
0.00000
0.00000
0.00000
0.00000
0.00000
0.00000
0.00000
0.00000
0.00000
0.00000
0.00000
