-0.00037
-0.00040
-0.00040
-0.00040
-0.00040
-0.00040
-0.00040
-0.00037
-0.00040
-0.00040
-0.00040
-0.00040
-0.00040
-0.00034
-0.00037
-0.00040
-0.00031
-0.00034
-0.00037
-0.00040
-0.00040
-0.00037
-0.00043
-0.00040
-0.00040
-0.00040
-0.00040
-0.00037
-0.00040
-0.00043
-0.00043
-0.00046
-0.00040
-0.00034
-0.00058
-0.00021
-0.00031
-0.00040
-0.00034
-0.00040
-0.00040
-0.00043
-0.00037
-0.00037
-0.00037
-0.00037
-0.00037
-0.00040
-0.00040
-0.00037
-0.00037
-0.00034
-0.00037
-0.00034
-0.00037
-0.00043
-0.00043
-0.00040
-0.00037
-0.00037
-0.00031
-0.00031
-0.00031
-0.00031
-0.00031
-0.00034
-0.00040
-0.00040
-0.00034
-0.00031
-0.00034
-0.00037
-0.00034
-0.00034
-0.00034
-0.00037
-0.00031
-0.00027
-0.00031
-0.00027
-0.00024
-0.00024
-0.00027
-0.00027
-0.00027
-0.00031
-0.00027
-0.00031
-0.00034
-0.00031
-0.00031
-0.00031
-0.00024
-0.00024
-0.00031
-0.00027
-0.00021
-0.00024
-0.00027
-0.00024
-0.00027
-0.00031
-0.00027
-0.00021
-0.00018
-0.00024
-0.00031
-0.00027
-0.00024
-0.00024
-0.00027
-0.00024
-0.00018
-0.00021
-0.00024
-0.00018
-0.00015
-0.00024
-0.00024
-0.00021
-0.00024
-0.00027
-0.00024
-0.00024
-0.00024
-0.00018
-0.00021
-0.00021
-0.00018
-0.00018
-0.00018
-0.00012
-0.00012
-0.00012
-0.00018
-0.00018
-0.00021
-0.00027
-0.00024
-0.00027
-0.00027
-0.00024
-0.00021
-0.00018
-0.00015
-0.00012
-0.00009
-0.00015
-0.00018
-0.00018
-0.00015
-0.00015
-0.00015
-0.00015
-0.00015
-0.00012
-0.00015
-0.00012
-0.00015
-0.00012
-0.00015
-0.00012
-0.00012
-0.00012
-0.00009
-0.00012
-0.00012
-0.00009
-0.00006
-0.00009
-0.00012
-0.00012
-0.00012
-0.00015
-0.00012
-0.00012
-0.00009
-0.00012
-0.00009
-0.00006
-0.00006
-0.00006
-0.00012
-0.00006
-0.00006
-0.00009
-0.00003
-0.00012
-0.00009
-0.00027
-0.00003
-0.00027
-0.00003
-0.00027
-0.00006
0.00003
-0.00031
-0.00702
-0.04462
-0.02451
-0.00967
-0.01352
-0.00574
0.00226
0.02350
0.02890
0.03705
0.02487
0.02246
0.00009
-0.02170
-0.01709
-0.00708
-0.00601
-0.00763
-0.00113
0.00125
0.00714
0.00824
0.00198
0.00003
0.00067
-0.00229
-0.00269
0.00226
0.00208
-0.00146
-0.00101
-0.00201
-0.00137
-0.00055
0.00262
0.00473
0.00494
0.00568
0.00406
0.00198
0.00134
0.00131
-0.00009
-0.00040
-0.00034
-0.00043
-0.00034
0.00046
-0.00015
-0.00049
-0.00089
-0.00024
0.00089
0.00247
0.00351
0.00217
0.00143
0.00272
0.00232
0.00027
-0.00079
-0.00064
-0.00119
-0.00128
-0.00085
0.00037
0.00159
0.00012
-0.00058
0.00043
0.00128
0.00043
-0.00089
-0.00037
0.00024
0.00076
0.00049
0.00027
0.00024
-0.00040
-0.00107
-0.00089
-0.00073
-0.00058
-0.00064
-0.00012
0.00027
0.00003
-0.00024
-0.00003
0.00031
0.00018
-0.00024
-0.00037
-0.00018
-0.00012
-0.00046
-0.00113
-0.00122
-0.00092
-0.00092
-0.00113
-0.00085
-0.00027
-0.00040
-0.00070
-0.00058
-0.00018
0.00018
-0.00015
-0.00027
0.00015
0.00034
0.00021
0.00000
0.00000
-0.00012
-0.00061
-0.00085
-0.00101
-0.00116
-0.00143
-0.00143
-0.00092
-0.00043
-0.00006
0.00000
-0.00009
-0.00021
-0.00034
-0.00037
-0.00046
-0.00055
-0.00070
-0.00067
-0.00049
-0.00049
-0.00067
-0.00064
-0.00040
-0.00018
0.00000
0.00012
0.00037
0.00049
0.00040
0.00027
0.00027
0.00015
-0.00006
-0.00024
-0.00049
-0.00082
-0.00082
-0.00034
-0.00009
-0.00043
-0.00064
-0.00027
0.00012
0.00031
0.00046
0.00043
0.00027
0.00012
0.00012
0.00012
0.00006
-0.00006
-0.00015
-0.00009
0.00003
0.00003
0.00003
0.00009
0.00015
0.00027
0.00040
0.00034
0.00034
0.00043
0.00043
0.00018
0.00006
0.00024
0.00031
0.00018
0.00000
0.00009
0.00021
0.00012
0.00000
-0.00006
0.00000
0.00012
0.00027
0.00046
0.00058
0.00046
0.00024
0.00009
0.00009
0.00024
0.00021
0.00009
0.00000
0.00000
0.00000
0.00000
0.00000
0.00000
0.00000
0.00000
0.00000
0.00000
0.00000
0.00000
0.00000
0.00000
0.00000
0.00000
0.00000
0.00000
0.00000
0.00000
0.00000
0.00000
0.00000
0.00000
0.00000
0.00000
0.00000
0.00000
0.00000
0.00000
0.00000
0.00000
0.00000
0.00000
0.00000
0.00000
0.00000
0.00000
0.00000
0.00000
0.00000
0.00000
0.00000
0.00000
0.00000
0.00000
0.00000
0.00000
0.00000
0.00000
0.00000
0.00000
0.00000
0.00000
0.00000
0.00000
0.00000
0.00000
0.00000
0.00000
0.00000
0.00000
0.00000
0.00000
0.00000
0.00000
0.00000
0.00000
0.00000
0.00000
0.00000
0.00000
0.00000
0.00000
0.00000
0.00000
0.00000
0.00000
0.00000
0.00000
0.00000
0.00000
0.00000
0.00000
0.00000
0.00000
0.00000
0.00000
0.00000
0.00000
0.00000
0.00000
0.00000
0.00000
0.00000
0.00000
0.00000
0.00000
0.00000
0.00000
0.00000
0.00000
0.00000
0.00000
0.00000
0.00000
0.00000
0.00000
0.00000
0.00000
