-0.00012
-0.00018
-0.00018
-0.00015
-0.00015
-0.00015
-0.00009
-0.00009
-0.00012
-0.00009
-0.00009
-0.00012
-0.00015
-0.00018
-0.00021
-0.00024
-0.00021
-0.00024
-0.00018
-0.00012
-0.00015
-0.00012
-0.00012
-0.00012
-0.00012
-0.00015
-0.00015
-0.00018
-0.00018
-0.00021
-0.00018
-0.00018
-0.00024
-0.00018
-0.00043
-0.00009
-0.00015
-0.00018
-0.00012
-0.00015
-0.00012
-0.00021
-0.00018
-0.00021
-0.00021
-0.00024
-0.00024
-0.00024
-0.00024
-0.00024
-0.00024
-0.00021
-0.00018
-0.00018
-0.00024
-0.00024
-0.00027
-0.00027
-0.00031
-0.00031
-0.00027
-0.00027
-0.00031
-0.00031
-0.00031
-0.00027
-0.00027
-0.00027
-0.00027
-0.00027
-0.00027
-0.00027
-0.00024
-0.00024
-0.00027
-0.00024
-0.00027
-0.00034
-0.00031
-0.00034
-0.00037
-0.00037
-0.00034
-0.00031
-0.00031
-0.00031
-0.00031
-0.00031
-0.00031
-0.00040
-0.00037
-0.00034
-0.00031
-0.00034
-0.00034
-0.00027
-0.00031
-0.00034
-0.00034
-0.00034
-0.00037
-0.00037
-0.00034
-0.00031
-0.00034
-0.00034
-0.00031
-0.00037
-0.00043
-0.00040
-0.00040
-0.00043
-0.00043
-0.00037
-0.00037
-0.00037
-0.00040
-0.00034
-0.00027
-0.00034
-0.00034
-0.00034
-0.00037
-0.00040
-0.00043
-0.00046
-0.00049
-0.00052
-0.00049
-0.00040
-0.00040
-0.00037
-0.00037
-0.00040
-0.00040
-0.00040
-0.00040
-0.00040
-0.00043
-0.00043
-0.00040
-0.00043
-0.00046
-0.00049
-0.00046
-0.00046
-0.00046
-0.00043
-0.00043
-0.00043
-0.00040
-0.00040
-0.00040
-0.00043
-0.00043
-0.00046
-0.00046
-0.00046
-0.00046
-0.00043
-0.00043
-0.00043
-0.00040
-0.00043
-0.00046
-0.00046
-0.00046
-0.00046
-0.00046
-0.00049
-0.00049
-0.00046
-0.00043
-0.00043
-0.00046
-0.00046
-0.00046
-0.00043
-0.00052
-0.00049
-0.00052
-0.00052
-0.00058
-0.00058
-0.00046
-0.00046
-0.00040
-0.00040
-0.00031
-0.00037
-0.00040
-0.00046
-0.00043
-0.00040
-0.00049
-0.00046
-0.00040
-0.00046
-0.00043
-0.00046
-0.00049
-0.00055
-0.00052
-0.00076
-0.00058
-0.00055
-0.00006
-0.00507
-0.01266
-0.01010
-0.00674
-0.00525
-0.00336
-0.00137
0.00171
-0.00348
-0.00623
-0.00439
-0.00540
-0.00784
-0.00790
0.00266
0.01617
0.02203
0.01825
0.01096
0.00238
-0.00323
-0.00485
-0.00452
-0.00513
-0.00555
-0.00342
0.00052
0.00568
0.00769
0.00470
0.00085
-0.00116
-0.00085
0.00043
0.00162
0.00128
0.00061
0.00021
-0.00034
-0.00037
0.00006
-0.00006
-0.00012
0.00046
0.00040
0.00000
0.00034
0.00104
0.00201
0.00223
0.00146
0.00000
-0.00104
-0.00122
-0.00119
-0.00079
-0.00052
-0.00018
0.00058
0.00092
0.00122
0.00153
0.00070
-0.00021
-0.00006
0.00040
0.00024
-0.00015
-0.00031
-0.00052
-0.00076
-0.00116
-0.00137
-0.00052
0.00000
0.00003
-0.00006
-0.00037
-0.00052
-0.00040
-0.00037
-0.00073
-0.00098
-0.00076
-0.00031
-0.00027
-0.00067
-0.00137
-0.00143
-0.00122
-0.00104
-0.00085
-0.00104
-0.00082
-0.00037
-0.00015
-0.00037
-0.00064
-0.00067
-0.00101
-0.00134
-0.00125
-0.00092
-0.00067
-0.00092
-0.00122
-0.00146
-0.00146
-0.00116
-0.00082
-0.00082
-0.00104
-0.00092
-0.00031
-0.00003
-0.00027
-0.00061
-0.00070
-0.00067
-0.00067
-0.00058
-0.00058
-0.00076
-0.00119
-0.00110
-0.00055
-0.00049
-0.00092
-0.00146
-0.00146
-0.00128
-0.00101
-0.00064
-0.00043
-0.00049
-0.00073
-0.00076
-0.00055
-0.00052
-0.00095
-0.00113
-0.00082
-0.00046
-0.00046
-0.00089
-0.00098
-0.00052
-0.00009
-0.00015
-0.00037
-0.00021
0.00003
0.00000
-0.00012
-0.00012
-0.00027
-0.00061
-0.00079
-0.00064
-0.00027
-0.00021
-0.00049
-0.00067
-0.00058
-0.00024
0.00000
0.00000
-0.00015
-0.00034
-0.00024
0.00000
0.00018
0.00021
0.00000
-0.00034
-0.00058
-0.00058
-0.00043
-0.00021
-0.00015
-0.00009
0.00000
0.00009
-0.00006
0.00000
0.00000
0.00000
0.00000
0.00000
0.00000
0.00000
0.00000
0.00000
0.00000
0.00000
0.00000
0.00000
0.00000
0.00000
0.00000
0.00000
0.00000
0.00000
0.00000
0.00000
0.00000
0.00000
0.00000
0.00000
0.00000
0.00000
0.00000
0.00000
0.00000
0.00000
0.00000
0.00000
0.00000
0.00000
0.00000
0.00000
0.00000
0.00000
0.00000
0.00000
0.00000
0.00000
0.00000
0.00000
0.00000
0.00000
0.00000
0.00000
0.00000
0.00000
0.00000
0.00000
0.00000
0.00000
0.00000
0.00000
0.00000
0.00000
0.00000
0.00000
0.00000
0.00000
0.00000
0.00000
0.00000
0.00000
0.00000
0.00000
0.00000
0.00000
0.00000
0.00000
0.00000
0.00000
0.00000
0.00000
0.00000
0.00000
0.00000
0.00000
0.00000
0.00000
0.00000
0.00000
0.00000
0.00000
0.00000
0.00000
0.00000
0.00000
0.00000
0.00000
0.00000
0.00000
0.00000
0.00000
0.00000
0.00000
0.00000
0.00000
0.00000
0.00000
0.00000
0.00000
0.00000
0.00000
0.00000
0.00000
0.00000
0.00000
0.00000
0.00000
0.00000
0.00000
0.00000
0.00000
0.00000
0.00000
0.00000
0.00000
