-0.00009
-0.00012
-0.00012
-0.00012
-0.00012
-0.00009
-0.00006
-0.00003
0.00000
-0.00003
-0.00006
-0.00009
-0.00003
-0.00003
-0.00009
-0.00006
-0.00006
-0.00006
-0.00006
-0.00006
-0.00009
-0.00012
-0.00009
-0.00009
-0.00006
-0.00006
-0.00003
-0.00006
-0.00006
-0.00006
-0.00006
-0.00006
-0.00009
-0.00006
-0.00027
0.00003
-0.00006
-0.00012
-0.00006
-0.00012
-0.00003
-0.00006
-0.00006
-0.00006
-0.00006
-0.00006
-0.00006
-0.00006
-0.00009
-0.00009
-0.00009
-0.00006
-0.00009
-0.00012
-0.00009
-0.00009
-0.00006
-0.00006
-0.00006
-0.00009
-0.00006
-0.00006
-0.00009
-0.00006
-0.00006
-0.00009
-0.00012
-0.00012
-0.00009
-0.00012
-0.00015
-0.00009
-0.00009
-0.00009
-0.00006
-0.00006
-0.00006
-0.00009
-0.00012
-0.00009
-0.00009
-0.00009
-0.00009
-0.00006
-0.00009
-0.00012
-0.00012
-0.00009
-0.00009
-0.00012
-0.00009
-0.00009
-0.00009
-0.00009
-0.00006
-0.00006
-0.00012
-0.00012
-0.00009
-0.00012
-0.00009
-0.00006
-0.00009
-0.00009
-0.00009
-0.00009
-0.00009
-0.00009
-0.00012
-0.00015
-0.00009
-0.00009
-0.00015
-0.00015
-0.00009
-0.00009
-0.00009
-0.00003
-0.00006
-0.00012
-0.00015
-0.00015
-0.00018
-0.00015
-0.00015
-0.00018
-0.00015
-0.00006
-0.00006
-0.00006
-0.00006
-0.00009
-0.00012
-0.00009
-0.00009
-0.00009
-0.00012
-0.00015
-0.00015
-0.00015
-0.00012
-0.00012
-0.00015
-0.00015
-0.00015
-0.00015
-0.00009
-0.00006
-0.00009
-0.00006
-0.00009
-0.00009
-0.00012
-0.00015
-0.00012
-0.00018
-0.00015
-0.00012
-0.00012
-0.00012
-0.00012
-0.00012
-0.00012
-0.00012
-0.00012
-0.00012
-0.00015
-0.00015
-0.00012
-0.00009
-0.00012
-0.00015
-0.00012
-0.00009
-0.00009
-0.00015
-0.00015
-0.00009
-0.00015
-0.00012
-0.00009
-0.00012
-0.00015
-0.00015
-0.00015
-0.00012
-0.00021
-0.00021
-0.00012
-0.00021
-0.00009
-0.00024
0.00000
-0.00037
0.00000
-0.00052
0.00021
-0.00058
0.00027
-0.01007
-0.03860
-0.01852
-0.00967
-0.00995
-0.00430
0.00342
0.01804
0.02496
0.02985
0.02225
0.01694
-0.00354
-0.01743
-0.01398
-0.00467
-0.00449
-0.00623
-0.00284
-0.00180
0.00391
0.00644
0.00244
0.00058
-0.00021
-0.00452
-0.00308
0.00110
0.00113
0.00189
0.00348
0.00510
0.00418
0.00247
0.00314
0.00101
-0.00079
-0.00104
0.00015
0.00052
0.00110
0.00214
0.00192
0.00229
0.00180
-0.00003
-0.00110
-0.00064
-0.00159
-0.00174
0.00006
0.00092
0.00131
0.00217
0.00186
0.00143
0.00143
0.00171
0.00116
-0.00012
-0.00095
-0.00061
-0.00024
0.00012
0.00031
0.00021
0.00015
-0.00052
-0.00079
-0.00058
0.00003
-0.00024
-0.00043
0.00067
0.00076
0.00052
0.00037
0.00015
-0.00021
-0.00095
-0.00128
-0.00089
-0.00079
-0.00092
-0.00089
-0.00021
-0.00018
-0.00079
-0.00064
-0.00009
0.00015
-0.00006
-0.00055
-0.00052
-0.00055
-0.00064
-0.00098
-0.00128
-0.00116
-0.00089
-0.00079
-0.00110
-0.00107
-0.00101
-0.00128
-0.00110
-0.00043
0.00000
-0.00018
-0.00061
-0.00034
-0.00009
-0.00021
-0.00043
-0.00040
-0.00018
-0.00043
-0.00073
-0.00101
-0.00137
-0.00162
-0.00150
-0.00110
-0.00095
-0.00110
-0.00107
-0.00067
-0.00018
0.00000
-0.00018
-0.00049
-0.00067
-0.00082
-0.00095
-0.00089
-0.00098
-0.00104
-0.00092
-0.00058
-0.00058
-0.00076
-0.00070
-0.00031
0.00012
0.00012
-0.00009
-0.00027
-0.00027
-0.00015
-0.00012
-0.00021
-0.00058
-0.00104
-0.00104
-0.00061
-0.00046
-0.00089
-0.00101
-0.00061
-0.00012
0.00003
-0.00009
-0.00018
-0.00009
0.00000
0.00000
-0.00003
-0.00012
-0.00021
-0.00034
-0.00043
-0.00031
-0.00027
-0.00034
-0.00040
-0.00027
-0.00009
0.00000
0.00000
-0.00009
-0.00012
0.00000
0.00006
0.00015
0.00006
-0.00003
-0.00015
-0.00012
-0.00009
-0.00027
-0.00043
-0.00058
-0.00049
-0.00021
0.00000
0.00009
0.00009
-0.00006
-0.00018
-0.00006
0.00015
0.00015
0.00000
0.00000
0.00000
0.00000
0.00000
0.00000
0.00000
0.00000
0.00000
0.00000
0.00000
0.00000
0.00000
0.00000
0.00000
0.00000
0.00000
0.00000
0.00000
0.00000
0.00000
0.00000
0.00000
0.00000
0.00000
0.00000
0.00000
0.00000
0.00000
0.00000
0.00000
0.00000
0.00000
0.00000
0.00000
0.00000
0.00000
0.00000
0.00000
0.00000
0.00000
0.00000
0.00000
0.00000
0.00000
0.00000
0.00000
0.00000
0.00000
0.00000
0.00000
0.00000
0.00000
0.00000
0.00000
0.00000
0.00000
0.00000
0.00000
0.00000
0.00000
0.00000
0.00000
0.00000
0.00000
0.00000
0.00000
0.00000
0.00000
0.00000
0.00000
0.00000
0.00000
0.00000
0.00000
0.00000
0.00000
0.00000
0.00000
0.00000
0.00000
0.00000
0.00000
0.00000
0.00000
0.00000
0.00000
0.00000
0.00000
0.00000
0.00000
0.00000
0.00000
0.00000
0.00000
0.00000
0.00000
0.00000
0.00000
0.00000
0.00000
0.00000
0.00000
0.00000
0.00000
0.00000
0.00000
0.00000
0.00000
0.00000
0.00000
