-0.00046
-0.00031
-0.00034
-0.00040
-0.00037
-0.00031
-0.00034
-0.00040
-0.00037
-0.00037
-0.00043
-0.00043
-0.00040
-0.00037
-0.00037
-0.00034
-0.00037
-0.00034
-0.00031
-0.00031
-0.00031
-0.00031
-0.00031
-0.00034
-0.00031
-0.00037
-0.00040
-0.00034
-0.00037
-0.00037
-0.00034
-0.00031
-0.00031
-0.00024
-0.00049
-0.00015
-0.00021
-0.00034
-0.00031
-0.00034
-0.00031
-0.00040
-0.00037
-0.00037
-0.00037
-0.00037
-0.00034
-0.00031
-0.00027
-0.00027
-0.00024
-0.00021
-0.00024
-0.00027
-0.00027
-0.00027
-0.00027
-0.00024
-0.00024
-0.00027
-0.00024
-0.00027
-0.00027
-0.00024
-0.00027
-0.00027
-0.00027
-0.00027
-0.00024
-0.00027
-0.00031
-0.00027
-0.00027
-0.00027
-0.00027
-0.00021
-0.00021
-0.00021
-0.00021
-0.00021
-0.00021
-0.00024
-0.00024
-0.00024
-0.00021
-0.00021
-0.00021
-0.00024
-0.00021
-0.00018
-0.00021
-0.00021
-0.00021
-0.00024
-0.00021
-0.00021
-0.00027
-0.00027
-0.00024
-0.00024
-0.00024
-0.00021
-0.00015
-0.00018
-0.00021
-0.00024
-0.00024
-0.00021
-0.00024
-0.00024
-0.00021
-0.00021
-0.00021
-0.00021
-0.00021
-0.00018
-0.00018
-0.00018
-0.00018
-0.00018
-0.00018
-0.00018
-0.00015
-0.00018
-0.00018
-0.00018
-0.00018
-0.00021
-0.00018
-0.00015
-0.00012
-0.00015
-0.00015
-0.00012
-0.00012
-0.00015
-0.00018
-0.00018
-0.00018
-0.00021
-0.00018
-0.00012
-0.00015
-0.00015
-0.00012
-0.00015
-0.00015
-0.00012
-0.00009
-0.00009
-0.00012
-0.00015
-0.00015
-0.00012
-0.00012
-0.00012
-0.00012
-0.00012
-0.00009
-0.00006
-0.00009
-0.00009
-0.00006
-0.00006
-0.00012
-0.00012
-0.00015
-0.00012
-0.00012
-0.00009
-0.00006
-0.00003
-0.00006
-0.00003
-0.00003
-0.00006
-0.00012
-0.00012
-0.00009
-0.00009
-0.00006
-0.00006
-0.00003
-0.00009
-0.00012
-0.00012
-0.00009
-0.00009
-0.00012
-0.00006
-0.00009
-0.00006
-0.00018
0.00003
-0.00015
0.00003
-0.00018
0.00012
-0.00003
0.00000
-0.00610
-0.03207
-0.02069
-0.00861
-0.00949
-0.00415
0.00076
0.01382
0.02054
0.02667
0.02222
0.01575
-0.00040
-0.01398
-0.01248
-0.00439
-0.00427
-0.00797
-0.00467
-0.00198
0.00272
0.00641
0.00259
-0.00378
-0.00302
-0.00125
-0.00021
0.00592
0.00732
0.00656
0.00598
0.00418
0.00183
-0.00024
-0.00116
-0.00372
-0.00256
0.00076
0.00189
0.00253
0.00369
0.00351
0.00253
0.00195
0.00076
-0.00018
-0.00098
-0.00119
-0.00125
-0.00034
0.00058
0.00122
0.00110
0.00113
0.00244
0.00189
0.00143
0.00204
0.00104
0.00006
0.00000
0.00040
0.00015
0.00052
0.00052
-0.00006
-0.00006
-0.00076
-0.00095
-0.00021
0.00037
0.00055
0.00070
0.00079
0.00058
0.00079
0.00092
0.00055
-0.00015
-0.00085
-0.00107
-0.00034
-0.00049
-0.00070
-0.00073
-0.00040
-0.00012
-0.00037
-0.00018
0.00040
0.00058
-0.00006
-0.00058
-0.00027
-0.00006
-0.00034
-0.00085
-0.00098
-0.00049
-0.00037
-0.00082
-0.00116
-0.00101
-0.00092
-0.00092
-0.00043
0.00003
0.00015
0.00009
-0.00024
-0.00031
-0.00003
0.00003
0.00003
-0.00006
-0.00012
-0.00040
-0.00058
-0.00082
-0.00089
-0.00089
-0.00104
-0.00122
-0.00113
-0.00085
-0.00043
-0.00006
0.00018
0.00021
0.00009
-0.00009
-0.00040
-0.00076
-0.00089
-0.00061
-0.00040
-0.00046
-0.00064
-0.00061
-0.00064
-0.00064
-0.00037
0.00006
0.00024
0.00009
0.00000
0.00018
0.00034
0.00024
0.00018
0.00003
-0.00040
-0.00085
-0.00064
-0.00031
-0.00040
-0.00073
-0.00064
-0.00018
0.00018
0.00018
0.00018
0.00031
0.00031
0.00021
0.00015
0.00024
0.00018
0.00000
-0.00009
-0.00006
0.00000
-0.00003
-0.00015
-0.00018
0.00000
0.00024
0.00024
0.00006
0.00018
0.00052
0.00061
0.00046
0.00037
0.00031
0.00024
0.00018
0.00015
0.00012
-0.00006
-0.00031
-0.00027
-0.00009
0.00012
0.00021
0.00024
0.00021
0.00018
0.00031
0.00046
0.00043
-0.00006
0.00000
0.00000
0.00000
0.00000
0.00000
0.00000
0.00000
0.00000
0.00000
0.00000
0.00000
0.00000
0.00000
0.00000
0.00000
0.00000
0.00000
0.00000
0.00000
0.00000
0.00000
0.00000
0.00000
0.00000
0.00000
0.00000
0.00000
0.00000
0.00000
0.00000
0.00000
0.00000
0.00000
0.00000
0.00000
0.00000
0.00000
0.00000
0.00000
0.00000
0.00000
0.00000
0.00000
0.00000
0.00000
0.00000
0.00000
0.00000
0.00000
0.00000
0.00000
0.00000
0.00000
0.00000
0.00000
0.00000
0.00000
0.00000
0.00000
0.00000
0.00000
0.00000
0.00000
0.00000
0.00000
0.00000
0.00000
0.00000
0.00000
0.00000
0.00000
0.00000
0.00000
0.00000
0.00000
0.00000
0.00000
0.00000
0.00000
0.00000
0.00000
0.00000
0.00000
0.00000
0.00000
0.00000
0.00000
0.00000
0.00000
0.00000
0.00000
0.00000
0.00000
0.00000
0.00000
0.00000
0.00000
0.00000
0.00000
0.00000
0.00000
0.00000
0.00000
0.00000
0.00000
0.00000
0.00000
0.00000
0.00000
0.00000
