-0.00006
-0.00006
-0.00009
-0.00012
-0.00009
-0.00009
-0.00012
-0.00009
-0.00009
-0.00009
-0.00012
-0.00015
-0.00009
-0.00003
-0.00003
-0.00006
-0.00003
0.00000
-0.00006
-0.00018
-0.00021
-0.00021
-0.00024
-0.00024
-0.00018
-0.00012
-0.00012
-0.00003
0.00000
0.00000
-0.00003
-0.00006
-0.00009
-0.00009
-0.00037
-0.00006
-0.00015
-0.00018
-0.00015
-0.00018
-0.00009
-0.00009
-0.00006
-0.00006
-0.00003
-0.00006
-0.00009
-0.00009
-0.00012
-0.00012
-0.00012
-0.00009
-0.00012
-0.00012
-0.00009
-0.00012
-0.00012
-0.00009
-0.00012
-0.00015
-0.00012
-0.00006
-0.00006
-0.00009
-0.00012
-0.00012
-0.00012
-0.00012
-0.00009
-0.00006
-0.00006
-0.00012
-0.00009
-0.00006
-0.00006
-0.00012
-0.00012
-0.00012
-0.00015
-0.00015
-0.00015
-0.00012
-0.00012
-0.00012
-0.00015
-0.00012
-0.00006
-0.00006
-0.00009
-0.00006
-0.00006
-0.00006
-0.00003
-0.00006
-0.00006
-0.00003
-0.00006
-0.00009
-0.00009
-0.00009
-0.00012
-0.00018
-0.00015
-0.00012
-0.00018
-0.00018
-0.00012
-0.00006
-0.00006
-0.00003
0.00000
0.00000
0.00000
0.00000
-0.00009
-0.00012
-0.00021
-0.00024
-0.00021
-0.00018
-0.00012
-0.00006
0.00000
0.00003
0.00003
0.00000
-0.00003
-0.00012
-0.00015
-0.00018
-0.00018
-0.00015
-0.00012
-0.00012
-0.00006
-0.00006
-0.00009
-0.00012
-0.00012
-0.00012
-0.00012
-0.00006
0.00000
0.00000
-0.00003
0.00000
-0.00006
-0.00015
-0.00018
-0.00021
-0.00024
-0.00021
-0.00012
-0.00009
-0.00003
0.00000
0.00000
0.00000
-0.00003
-0.00009
-0.00012
-0.00012
-0.00012
-0.00015
-0.00015
-0.00012
-0.00009
-0.00006
-0.00006
-0.00009
-0.00012
-0.00015
-0.00015
-0.00009
-0.00012
-0.00012
-0.00012
-0.00009
-0.00015
-0.00018
-0.00015
-0.00015
-0.00021
-0.00015
-0.00009
-0.00012
-0.00009
-0.00009
-0.00006
-0.00006
-0.00009
-0.00015
-0.00009
-0.00009
-0.00009
-0.00018
-0.00015
-0.00018
-0.00024
0.00000
-0.00031
-0.00262
-0.01935
-0.01959
-0.00861
-0.00809
-0.00418
-0.00174
0.00565
0.01202
0.01672
0.01849
0.01416
0.00464
-0.00726
-0.01288
-0.00864
-0.00644
-0.00830
-0.01111
-0.01151
-0.00507
0.00381
0.01382
0.01550
0.01419
0.01068
0.00528
0.00348
0.00137
-0.00323
-0.00653
-0.00604
-0.00485
-0.00159
0.00351
0.00552
0.00327
0.00244
0.00275
0.00220
0.00211
0.00119
0.00000
0.00027
0.00061
-0.00003
-0.00046
-0.00101
-0.00104
-0.00079
-0.00021
0.00137
0.00131
0.00180
0.00235
0.00183
0.00180
0.00089
0.00000
-0.00061
0.00000
0.00055
0.00024
-0.00009
-0.00079
-0.00067
-0.00003
0.00006
0.00012
0.00031
0.00037
0.00046
0.00055
0.00055
0.00073
0.00034
-0.00012
-0.00058
-0.00058
-0.00067
-0.00101
-0.00085
-0.00119
-0.00098
-0.00061
-0.00034
0.00003
-0.00015
-0.00024
-0.00006
-0.00006
-0.00015
-0.00052
-0.00073
-0.00082
-0.00076
-0.00061
-0.00089
-0.00110
-0.00101
-0.00110
-0.00098
-0.00073
-0.00055
-0.00055
-0.00064
-0.00061
-0.00055
-0.00037
-0.00037
-0.00052
-0.00058
-0.00064
-0.00052
-0.00049
-0.00058
-0.00079
-0.00082
-0.00079
-0.00089
-0.00110
-0.00128
-0.00119
-0.00085
-0.00064
-0.00058
-0.00037
0.00000
-0.00015
-0.00070
-0.00079
-0.00046
-0.00037
-0.00076
-0.00113
-0.00128
-0.00116
-0.00092
-0.00070
-0.00073
-0.00089
-0.00058
-0.00018
0.00009
-0.00009
-0.00031
-0.00021
-0.00003
-0.00003
-0.00031
-0.00049
-0.00076
-0.00098
-0.00085
-0.00055
-0.00034
-0.00046
-0.00052
-0.00031
0.00000
0.00009
0.00000
0.00003
0.00012
0.00006
-0.00009
-0.00024
-0.00034
-0.00040
-0.00052
-0.00049
-0.00034
-0.00027
-0.00037
-0.00046
-0.00024
0.00006
0.00031
0.00031
0.00015
0.00015
0.00003
0.00000
0.00003
0.00018
0.00018
-0.00006
-0.00027
-0.00040
-0.00046
-0.00037
-0.00021
-0.00003
0.00000
0.00000
0.00000
0.00000
0.00000
0.00000
0.00000
0.00000
0.00000
0.00000
0.00000
0.00000
0.00000
0.00000
0.00000
0.00000
0.00000
0.00000
0.00000
0.00000
0.00000
0.00000
0.00000
0.00000
0.00000
0.00000
0.00000
0.00000
0.00000
0.00000
0.00000
0.00000
0.00000
0.00000
0.00000
0.00000
0.00000
0.00000
0.00000
0.00000
0.00000
0.00000
0.00000
0.00000
0.00000
0.00000
0.00000
0.00000
0.00000
0.00000
0.00000
0.00000
0.00000
0.00000
0.00000
0.00000
0.00000
0.00000
0.00000
0.00000
0.00000
0.00000
0.00000
0.00000
0.00000
0.00000
0.00000
0.00000
0.00000
0.00000
0.00000
0.00000
0.00000
0.00000
0.00000
0.00000
0.00000
0.00000
0.00000
0.00000
0.00000
0.00000
0.00000
0.00000
0.00000
0.00000
0.00000
0.00000
0.00000
0.00000
0.00000
0.00000
0.00000
0.00000
0.00000
0.00000
0.00000
0.00000
0.00000
0.00000
0.00000
0.00000
0.00000
0.00000
0.00000
0.00000
0.00000
0.00000
0.00000
0.00000
0.00000
0.00000
0.00000
0.00000
0.00000
0.00000
0.00000
0.00000
