-0.00021
-0.00018
-0.00018
-0.00018
-0.00018
-0.00015
-0.00012
-0.00015
-0.00015
-0.00015
-0.00018
-0.00018
-0.00018
-0.00018
-0.00018
-0.00015
-0.00021
-0.00015
-0.00015
-0.00015
-0.00018
-0.00015
-0.00012
-0.00012
-0.00012
-0.00012
-0.00009
-0.00009
-0.00012
-0.00012
-0.00012
-0.00009
-0.00012
-0.00009
-0.00034
0.00000
-0.00009
-0.00015
-0.00006
-0.00015
-0.00009
-0.00009
-0.00009
-0.00009
-0.00009
-0.00009
-0.00009
-0.00009
-0.00012
-0.00012
-0.00012
-0.00015
-0.00012
-0.00006
-0.00006
-0.00009
-0.00006
0.00000
0.00000
-0.00006
-0.00006
-0.00009
-0.00012
-0.00012
-0.00009
-0.00009
-0.00009
-0.00009
-0.00006
-0.00003
-0.00006
-0.00003
-0.00006
-0.00006
-0.00006
-0.00003
-0.00003
0.00000
0.00000
0.00000
0.00000
0.00000
0.00000
0.00000
-0.00003
-0.00003
-0.00012
-0.00009
-0.00006
-0.00009
-0.00006
0.00000
0.00000
0.00000
0.00000
0.00000
0.00003
0.00000
-0.00003
-0.00003
-0.00003
-0.00003
-0.00003
0.00003
0.00000
0.00000
0.00003
0.00003
0.00000
0.00000
0.00000
0.00000
-0.00003
0.00000
0.00000
0.00000
0.00000
0.00000
0.00000
0.00000
0.00000
0.00003
0.00003
0.00003
0.00003
0.00003
0.00006
0.00000
0.00000
0.00000
0.00000
-0.00003
0.00000
0.00003
0.00000
0.00003
0.00003
0.00003
0.00006
0.00006
0.00000
0.00000
0.00000
0.00000
0.00000
0.00003
0.00006
0.00006
0.00006
0.00006
0.00006
0.00006
0.00000
0.00000
0.00000
0.00000
0.00000
0.00000
0.00000
0.00000
0.00006
0.00006
0.00003
0.00006
0.00006
0.00003
0.00000
0.00003
0.00003
0.00003
0.00003
0.00003
0.00003
0.00003
0.00003
0.00006
0.00003
0.00000
0.00000
0.00003
0.00003
0.00003
0.00000
0.00003
0.00000
0.00006
0.00000
0.00015
-0.00009
0.00015
-0.00024
0.00031
-0.00055
0.00049
-0.00064
0.00061
-0.01477
-0.04929
-0.01855
-0.01288
-0.01279
-0.00674
0.00653
0.02960
0.03372
0.03824
0.02548
0.02356
-0.00467
-0.02444
-0.01703
-0.00641
-0.00778
-0.00739
-0.00116
0.00275
0.01175
0.00931
0.00134
0.00064
-0.00003
-0.00330
-0.00275
0.00137
0.00095
0.00153
0.00113
-0.00232
-0.00125
-0.00262
-0.00180
0.00000
0.00388
0.00699
0.00656
0.00418
0.00330
0.00378
0.00153
-0.00049
-0.00134
-0.00201
-0.00201
-0.00067
-0.00034
0.00031
0.00089
-0.00049
-0.00027
0.00348
0.00351
0.00235
0.00159
0.00220
0.00357
0.00079
-0.00140
-0.00095
-0.00058
-0.00153
-0.00171
-0.00031
0.00104
0.00061
0.00003
0.00021
0.00146
0.00153
-0.00043
-0.00043
0.00018
0.00015
0.00027
-0.00003
-0.00009
-0.00046
-0.00070
-0.00095
-0.00104
-0.00061
-0.00064
0.00006
0.00018
-0.00006
-0.00009
0.00015
0.00031
0.00015
-0.00024
-0.00040
-0.00049
-0.00021
-0.00055
-0.00107
-0.00125
-0.00119
-0.00104
-0.00128
-0.00122
-0.00052
-0.00024
-0.00040
-0.00049
-0.00012
0.00024
-0.00006
-0.00027
0.00000
0.00015
0.00000
-0.00003
0.00000
-0.00012
-0.00079
-0.00119
-0.00140
-0.00137
-0.00134
-0.00119
-0.00098
-0.00079
-0.00034
0.00012
0.00034
0.00006
-0.00049
-0.00079
-0.00085
-0.00082
-0.00089
-0.00092
-0.00067
-0.00073
-0.00079
-0.00058
-0.00037
-0.00037
-0.00043
0.00000
0.00049
0.00064
0.00049
0.00027
0.00012
-0.00003
-0.00006
-0.00024
-0.00076
-0.00140
-0.00131
-0.00061
-0.00012
-0.00031
-0.00064
-0.00046
-0.00003
0.00021
0.00034
0.00031
0.00027
0.00012
0.00000
0.00000
-0.00009
-0.00027
-0.00037
-0.00040
-0.00034
-0.00015
0.00000
0.00000
0.00000
0.00018
0.00040
0.00040
0.00040
0.00031
0.00021
0.00012
0.00003
0.00000
-0.00012
-0.00021
-0.00024
-0.00012
-0.00003
-0.00003
0.00003
0.00006
0.00000
-0.00006
0.00006
0.00027
0.00040
0.00034
0.00024
0.00012
0.00000
0.00000
0.00000
-0.00006
0.00000
0.00000
0.00000
0.00000
0.00000
0.00000
0.00000
0.00000
0.00000
0.00000
0.00000
0.00000
0.00000
0.00000
0.00000
0.00000
0.00000
0.00000
0.00000
0.00000
0.00000
0.00000
0.00000
0.00000
0.00000
0.00000
0.00000
0.00000
0.00000
0.00000
0.00000
0.00000
0.00000
0.00000
0.00000
0.00000
0.00000
0.00000
0.00000
0.00000
0.00000
0.00000
0.00000
0.00000
0.00000
0.00000
0.00000
0.00000
0.00000
0.00000
0.00000
0.00000
0.00000
0.00000
0.00000
0.00000
0.00000
0.00000
0.00000
0.00000
0.00000
0.00000
0.00000
0.00000
0.00000
0.00000
0.00000
0.00000
0.00000
0.00000
0.00000
0.00000
0.00000
0.00000
0.00000
0.00000
0.00000
0.00000
0.00000
0.00000
0.00000
0.00000
0.00000
0.00000
0.00000
0.00000
0.00000
0.00000
0.00000
0.00000
0.00000
0.00000
0.00000
0.00000
0.00000
0.00000
0.00000
0.00000
0.00000
0.00000
0.00000
0.00000
0.00000
0.00000
0.00000
0.00000
0.00000
0.00000
0.00000
0.00000
0.00000
