-0.00024
-0.00024
-0.00021
-0.00021
-0.00021
-0.00021
-0.00018
-0.00021
-0.00024
-0.00024
-0.00024
-0.00021
-0.00027
-0.00027
-0.00021
-0.00021
-0.00027
-0.00021
-0.00021
-0.00021
-0.00021
-0.00021
-0.00021
-0.00018
-0.00024
-0.00021
-0.00021
-0.00021
-0.00024
-0.00024
-0.00021
-0.00024
-0.00024
-0.00021
-0.00046
-0.00003
-0.00015
-0.00024
-0.00012
-0.00024
-0.00021
-0.00021
-0.00021
-0.00024
-0.00027
-0.00021
-0.00024
-0.00024
-0.00018
-0.00018
-0.00021
-0.00012
-0.00037
-0.00018
-0.00015
-0.00034
-0.00021
-0.00024
-0.00024
-0.00021
-0.00021
-0.00018
-0.00021
-0.00024
-0.00021
-0.00021
-0.00021
-0.00018
-0.00018
-0.00021
-0.00018
-0.00015
-0.00024
-0.00018
-0.00015
-0.00024
-0.00021
-0.00018
-0.00018
-0.00021
-0.00012
-0.00015
-0.00024
-0.00018
-0.00018
-0.00021
-0.00012
-0.00018
-0.00018
-0.00009
-0.00012
-0.00018
-0.00018
-0.00012
-0.00018
-0.00024
-0.00024
-0.00009
-0.00018
-0.00024
-0.00009
-0.00012
-0.00012
-0.00012
-0.00015
-0.00015
-0.00012
-0.00018
-0.00018
-0.00012
-0.00012
-0.00021
-0.00018
-0.00012
-0.00012
-0.00018
-0.00015
-0.00009
-0.00012
-0.00018
-0.00012
-0.00015
-0.00015
-0.00015
-0.00018
-0.00009
-0.00006
-0.00015
-0.00009
-0.00009
-0.00009
-0.00015
-0.00015
-0.00012
-0.00009
-0.00015
-0.00012
-0.00009
-0.00012
-0.00012
-0.00012
-0.00006
-0.00012
-0.00012
-0.00015
-0.00012
-0.00015
-0.00015
-0.00009
-0.00009
-0.00009
-0.00009
-0.00009
-0.00003
-0.00009
-0.00006
-0.00012
-0.00006
-0.00006
-0.00018
-0.00006
-0.00012
-0.00012
-0.00006
-0.00015
-0.00012
-0.00003
-0.00012
-0.00003
-0.00018
0.00021
-0.00070
0.00098
-0.00183
0.00250
-0.00406
0.00568
-0.00851
0.01016
-0.09375
-0.09683
0.05566
-0.02066
-0.00436
0.00781
0.02811
0.03973
0.02075
-0.00351
0.03256
0.03876
-0.00784
-0.03119
0.02545
0.02225
-0.00986
0.00110
-0.00534
-0.01135
0.00058
-0.01004
-0.00565
0.02631
0.00632
-0.01132
0.00336
0.01721
-0.00092
-0.00375
-0.00171
-0.00378
0.00040
0.00137
-0.00043
-0.00009
0.00449
0.00299
0.00229
0.00165
0.00406
-0.00128
0.00021
0.00040
-0.00006
-0.00308
0.00140
0.00110
-0.00003
-0.00128
0.00003
-0.00317
-0.00226
0.00403
0.00211
-0.00101
0.00235
0.00357
0.00342
0.00085
0.00027
0.00076
-0.00174
-0.00223
-0.00293
-0.00009
0.00049
-0.00385
-0.00290
-0.00046
0.00272
-0.00076
-0.00107
0.00302
0.00156
-0.00092
-0.00131
-0.00098
0.00009
-0.00211
-0.00162
-0.00104
-0.00098
-0.00177
-0.00198
0.00034
0.00018
-0.00217
-0.00089
0.00000
0.00046
0.00049
-0.00031
0.00000
-0.00098
-0.00061
-0.00150
-0.00146
-0.00162
-0.00217
-0.00153
-0.00104
-0.00073
-0.00055
-0.00140
-0.00079
-0.00037
-0.00006
-0.00031
-0.00049
0.00067
0.00073
0.00006
-0.00021
0.00000
0.00058
-0.00046
-0.00128
-0.00095
-0.00153
-0.00192
-0.00162
-0.00061
-0.00018
-0.00095
-0.00131
-0.00089
-0.00015
-0.00009
-0.00009
0.00012
-0.00003
-0.00073
-0.00104
-0.00098
-0.00085
-0.00134
-0.00131
-0.00046
-0.00012
-0.00024
-0.00015
0.00049
0.00089
0.00095
0.00110
0.00095
0.00049
0.00015
0.00003
0.00006
-0.00076
-0.00131
-0.00079
-0.00003
-0.00006
-0.00049
-0.00058
-0.00043
-0.00040
-0.00018
0.00043
0.00098
0.00076
0.00027
0.00024
0.00027
0.00024
0.00027
0.00009
-0.00018
-0.00061
-0.00055
0.00000
0.00046
0.00043
0.00043
0.00064
0.00067
0.00067
0.00067
0.00055
0.00027
0.00046
0.00046
0.00009
-0.00021
-0.00009
-0.00009
-0.00037
-0.00031
0.00015
0.00027
-0.00006
-0.00034
0.00009
0.00070
0.00098
0.00073
0.00055
0.00037
0.00015
0.00006
0.00003
0.00009
-0.00018
0.00000
-0.00024
-0.00061
-0.00027
-0.00024
0.00018
0.00000
0.00000
0.00000
0.00000
0.00000
0.00000
0.00000
0.00000
0.00000
0.00000
0.00000
0.00000
0.00000
0.00000
0.00000
0.00000
0.00000
0.00000
0.00000
0.00000
0.00000
0.00000
0.00000
0.00000
0.00000
0.00000
0.00000
0.00000
0.00000
0.00000
0.00000
0.00000
0.00000
0.00000
0.00000
0.00000
0.00000
0.00000
0.00000
0.00000
0.00000
0.00000
0.00000
0.00000
0.00000
0.00000
0.00000
0.00000
0.00000
0.00000
0.00000
0.00000
0.00000
0.00000
0.00000
0.00000
0.00000
0.00000
0.00000
0.00000
0.00000
0.00000
0.00000
0.00000
0.00000
0.00000
0.00000
0.00000
0.00000
0.00000
0.00000
0.00000
0.00000
0.00000
0.00000
0.00000
0.00000
0.00000
0.00000
0.00000
0.00000
0.00000
0.00000
0.00000
0.00000
0.00000
0.00000
0.00000
0.00000
0.00000
0.00000
0.00000
0.00000
0.00000
0.00000
0.00000
0.00000
0.00000
0.00000
0.00000
0.00000
0.00000
0.00000
0.00000
0.00000
0.00000
0.00000
0.00000
0.00000
0.00000
0.00000
0.00000
0.00000
0.00000
0.00000
0.00000
0.00000
0.00000
0.00000
0.00000
0.00000
