-0.00034
-0.00031
-0.00031
-0.00040
-0.00034
-0.00031
-0.00034
-0.00034
-0.00037
-0.00031
-0.00034
-0.00034
-0.00031
-0.00031
-0.00037
-0.00037
-0.00031
-0.00037
-0.00037
-0.00034
-0.00034
-0.00034
-0.00031
-0.00037
-0.00031
-0.00031
-0.00037
-0.00037
-0.00037
-0.00034
-0.00037
-0.00037
-0.00034
-0.00031
-0.00055
-0.00021
-0.00027
-0.00037
-0.00034
-0.00040
-0.00037
-0.00043
-0.00040
-0.00037
-0.00037
-0.00037
-0.00031
-0.00027
-0.00031
-0.00037
-0.00034
-0.00034
-0.00037
-0.00043
-0.00037
-0.00034
-0.00031
-0.00043
-0.00031
-0.00027
-0.00037
-0.00037
-0.00040
-0.00034
-0.00031
-0.00034
-0.00034
-0.00031
-0.00031
-0.00031
-0.00031
-0.00027
-0.00024
-0.00027
-0.00034
-0.00027
-0.00027
-0.00031
-0.00031
-0.00031
-0.00031
-0.00031
-0.00027
-0.00027
-0.00027
-0.00024
-0.00024
-0.00031
-0.00024
-0.00024
-0.00027
-0.00024
-0.00027
-0.00024
-0.00024
-0.00018
-0.00021
-0.00027
-0.00021
-0.00018
-0.00021
-0.00021
-0.00021
-0.00024
-0.00027
-0.00024
-0.00021
-0.00024
-0.00018
-0.00018
-0.00021
-0.00015
-0.00021
-0.00018
-0.00018
-0.00024
-0.00024
-0.00021
-0.00021
-0.00021
-0.00018
-0.00015
-0.00021
-0.00018
-0.00018
-0.00015
-0.00018
-0.00021
-0.00018
-0.00015
-0.00012
-0.00015
-0.00015
-0.00015
-0.00018
-0.00021
-0.00021
-0.00015
-0.00012
-0.00015
-0.00018
-0.00009
-0.00009
-0.00012
-0.00015
-0.00015
-0.00009
-0.00012
-0.00015
-0.00015
-0.00006
-0.00009
-0.00015
-0.00009
-0.00009
-0.00009
-0.00012
-0.00009
-0.00003
-0.00006
-0.00009
-0.00009
-0.00003
-0.00006
-0.00012
-0.00009
-0.00006
-0.00009
-0.00009
-0.00009
-0.00006
-0.00006
-0.00003
-0.00003
-0.00003
0.00003
-0.00021
0.00034
-0.00079
0.00113
-0.00198
0.00284
-0.00439
0.00327
-0.06717
-0.05725
0.01971
-0.01508
-0.01059
-0.02759
0.00043
0.04025
0.04575
0.01059
0.03293
0.04221
0.00949
-0.00519
0.00415
0.00351
-0.01300
-0.01404
-0.02158
-0.00140
0.01102
-0.00729
-0.00156
0.01822
0.01071
0.00165
0.00204
0.00418
0.00314
0.00031
-0.00604
-0.00320
0.00101
-0.00137
-0.00320
-0.00137
0.00299
0.00330
0.00217
0.00165
0.00623
0.00284
0.00110
0.00000
-0.00043
-0.00165
-0.00125
-0.00195
-0.00146
0.00027
-0.00003
-0.00192
0.00021
0.00302
0.00134
0.00034
0.00183
0.00363
0.00409
0.00125
0.00006
0.00085
-0.00049
-0.00089
-0.00214
-0.00180
0.00000
-0.00208
-0.00159
0.00046
0.00150
-0.00098
-0.00055
0.00217
0.00113
0.00027
-0.00043
-0.00070
0.00070
-0.00107
-0.00232
-0.00171
-0.00058
-0.00146
-0.00153
-0.00031
-0.00040
-0.00055
-0.00006
0.00027
0.00070
0.00040
-0.00046
-0.00021
0.00000
-0.00037
-0.00134
-0.00131
-0.00104
-0.00107
-0.00116
-0.00140
-0.00122
-0.00085
-0.00128
-0.00085
-0.00021
0.00021
-0.00003
-0.00037
0.00052
0.00104
0.00067
0.00015
0.00015
0.00058
-0.00018
-0.00128
-0.00125
-0.00122
-0.00159
-0.00174
-0.00122
-0.00061
-0.00073
-0.00095
-0.00040
0.00046
0.00049
-0.00006
-0.00012
0.00000
-0.00027
-0.00085
-0.00122
-0.00125
-0.00122
-0.00101
-0.00061
-0.00034
-0.00018
0.00009
0.00052
0.00085
0.00092
0.00092
0.00095
0.00089
0.00055
0.00015
-0.00018
-0.00058
-0.00092
-0.00082
-0.00052
-0.00046
-0.00073
-0.00067
-0.00024
0.00012
0.00034
0.00052
0.00070
0.00052
0.00031
0.00049
0.00061
0.00043
-0.00006
-0.00027
-0.00018
-0.00021
-0.00024
-0.00024
0.00003
0.00031
0.00058
0.00061
0.00046
0.00064
0.00070
0.00040
0.00027
0.00058
0.00073
0.00034
-0.00031
-0.00046
-0.00024
-0.00018
-0.00018
-0.00012
0.00009
0.00018
0.00018
0.00031
0.00064
0.00061
0.00052
0.00055
0.00046
0.00037
0.00015
0.00015
0.00000
-0.00003
-0.00009
0.00018
-0.00024
-0.00076
-0.00043
0.00000
0.00079
0.00003
0.00000
0.00000
0.00000
0.00000
0.00000
0.00000
0.00000
0.00000
0.00000
0.00000
0.00000
0.00000
0.00000
0.00000
0.00000
0.00000
0.00000
0.00000
0.00000
0.00000
0.00000
0.00000
0.00000
0.00000
0.00000
0.00000
0.00000
0.00000
0.00000
0.00000
0.00000
0.00000
0.00000
0.00000
0.00000
0.00000
0.00000
0.00000
0.00000
0.00000
0.00000
0.00000
0.00000
0.00000
0.00000
0.00000
0.00000
0.00000
0.00000
0.00000
0.00000
0.00000
0.00000
0.00000
0.00000
0.00000
0.00000
0.00000
0.00000
0.00000
0.00000
0.00000
0.00000
0.00000
0.00000
0.00000
0.00000
0.00000
0.00000
0.00000
0.00000
0.00000
0.00000
0.00000
0.00000
0.00000
0.00000
0.00000
0.00000
0.00000
0.00000
0.00000
0.00000
0.00000
0.00000
0.00000
0.00000
0.00000
0.00000
0.00000
0.00000
0.00000
0.00000
0.00000
0.00000
0.00000
0.00000
0.00000
0.00000
0.00000
0.00000
0.00000
0.00000
0.00000
0.00000
0.00000
0.00000
0.00000
0.00000
0.00000
0.00000
0.00000
0.00000
0.00000
