-0.00015
-0.00018
-0.00018
-0.00027
-0.00021
-0.00012
-0.00015
-0.00021
-0.00012
-0.00009
-0.00012
-0.00021
-0.00018
-0.00018
-0.00018
-0.00012
-0.00012
-0.00006
-0.00012
-0.00006
-0.00009
-0.00015
-0.00018
-0.00021
-0.00018
-0.00021
-0.00021
-0.00015
-0.00009
-0.00009
-0.00015
-0.00009
-0.00006
-0.00006
-0.00040
-0.00003
-0.00006
-0.00015
-0.00018
-0.00018
0.00000
-0.00012
-0.00012
-0.00009
-0.00006
-0.00009
-0.00012
-0.00009
-0.00003
-0.00009
0.00000
-0.00006
-0.00024
0.00009
-0.00021
-0.00021
-0.00009
-0.00009
0.00000
-0.00012
0.00000
0.00000
-0.00003
-0.00009
-0.00009
-0.00003
0.00000
0.00000
-0.00003
-0.00003
0.00003
-0.00009
-0.00018
0.00000
-0.00009
-0.00015
-0.00009
-0.00003
0.00000
-0.00006
0.00006
0.00000
-0.00003
0.00000
-0.00003
0.00000
0.00003
-0.00003
0.00006
0.00000
0.00000
0.00000
0.00000
0.00003
0.00000
0.00000
0.00006
0.00009
-0.00003
0.00000
0.00009
0.00000
-0.00003
-0.00003
0.00000
0.00000
0.00000
0.00006
0.00012
0.00012
0.00009
0.00006
0.00012
0.00009
0.00000
0.00000
0.00006
0.00003
0.00003
0.00006
0.00012
0.00006
0.00006
0.00006
0.00003
0.00006
0.00000
0.00000
0.00000
0.00003
0.00006
0.00009
0.00015
0.00018
0.00009
0.00006
0.00015
0.00006
0.00006
0.00000
0.00003
0.00012
0.00003
0.00006
0.00012
0.00018
0.00009
0.00009
0.00009
0.00009
0.00006
0.00003
0.00009
0.00006
0.00006
0.00009
0.00006
0.00021
0.00012
0.00006
0.00012
0.00012
0.00012
0.00006
0.00009
0.00021
0.00006
0.00024
-0.00006
0.00052
-0.00040
0.00073
-0.00049
0.00040
0.00018
-0.00092
0.00253
-0.00406
-0.01569
-0.18921
-0.00598
0.05350
-0.04092
0.03052
0.02921
0.11191
0.02704
-0.01511
0.00482
0.04056
0.01086
-0.06796
-0.02213
0.04535
0.00333
-0.01089
0.01279
0.00723
-0.00018
-0.00784
-0.01300
0.01688
0.02573
-0.00491
-0.01364
0.00974
0.00806
-0.01169
-0.00119
0.00351
0.00287
-0.00009
0.00171
0.00189
-0.00146
0.00262
0.00372
0.00000
0.00192
0.00464
0.00241
0.00159
-0.00049
-0.00317
-0.00363
0.00183
-0.00003
-0.00238
0.00104
0.00357
-0.00284
0.00168
0.00754
0.00116
-0.00125
0.00150
0.00348
0.00110
-0.00266
0.00027
0.00012
-0.00150
-0.00293
-0.00189
0.00381
-0.00031
-0.00427
-0.00174
0.00116
0.00220
-0.00238
0.00021
0.00360
0.00040
-0.00165
-0.00110
0.00000
-0.00073
-0.00241
-0.00034
-0.00107
-0.00113
-0.00259
-0.00128
0.00211
-0.00031
-0.00156
0.00052
0.00003
0.00018
-0.00052
0.00079
-0.00009
-0.00067
-0.00092
-0.00278
-0.00174
-0.00159
-0.00146
-0.00098
-0.00177
-0.00079
-0.00043
-0.00049
0.00040
0.00012
0.00040
-0.00079
-0.00009
0.00143
0.00061
0.00012
-0.00015
0.00061
0.00021
-0.00192
-0.00180
-0.00174
-0.00241
-0.00229
-0.00082
0.00107
0.00037
-0.00052
-0.00037
0.00006
0.00000
-0.00089
-0.00046
0.00027
-0.00034
-0.00134
-0.00165
-0.00110
-0.00119
-0.00119
-0.00015
0.00012
0.00021
0.00000
0.00027
0.00116
0.00125
0.00143
0.00131
0.00061
0.00000
-0.00027
0.00000
-0.00058
-0.00180
-0.00143
-0.00012
0.00043
-0.00031
-0.00064
0.00000
0.00018
0.00015
0.00052
0.00125
0.00122
0.00031
-0.00006
0.00006
0.00000
0.00003
0.00000
-0.00003
-0.00018
-0.00049
-0.00015
0.00031
0.00082
0.00082
0.00098
0.00085
0.00064
0.00055
0.00049
0.00012
0.00006
0.00052
0.00052
-0.00006
-0.00046
-0.00018
-0.00009
-0.00027
-0.00018
0.00012
0.00000
-0.00021
-0.00006
0.00040
0.00058
0.00052
0.00064
0.00073
-0.00003
-0.00171
-0.00082
0.00037
0.00049
-0.00079
0.00000
0.00000
0.00000
0.00000
0.00000
0.00000
0.00000
0.00000
0.00000
0.00000
0.00000
0.00000
0.00000
0.00000
0.00000
0.00000
0.00000
0.00000
0.00000
0.00000
0.00000
0.00000
0.00000
0.00000
0.00000
0.00000
0.00000
0.00000
0.00000
0.00000
0.00000
0.00000
0.00000
0.00000
0.00000
0.00000
0.00000
0.00000
0.00000
0.00000
0.00000
0.00000
0.00000
0.00000
0.00000
0.00000
0.00000
0.00000
0.00000
0.00000
0.00000
0.00000
0.00000
0.00000
0.00000
0.00000
0.00000
0.00000
0.00000
0.00000
0.00000
0.00000
0.00000
0.00000
0.00000
0.00000
0.00000
0.00000
0.00000
0.00000
0.00000
0.00000
0.00000
0.00000
0.00000
0.00000
0.00000
0.00000
0.00000
0.00000
0.00000
0.00000
0.00000
0.00000
0.00000
0.00000
0.00000
0.00000
0.00000
0.00000
0.00000
0.00000
0.00000
0.00000
0.00000
0.00000
0.00000
0.00000
0.00000
0.00000
0.00000
0.00000
0.00000
0.00000
0.00000
0.00000
0.00000
0.00000
0.00000
0.00000
0.00000
0.00000
0.00000
0.00000
0.00000
0.00000
0.00000
0.00000
0.00000
0.00000
0.00000
0.00000
0.00000
0.00000
0.00000
0.00000
0.00000
