-0.00040
-0.00034
-0.00037
-0.00037
-0.00031
-0.00027
-0.00031
-0.00034
-0.00037
-0.00034
-0.00040
-0.00034
-0.00034
-0.00034
-0.00034
-0.00037
-0.00034
-0.00034
-0.00034
-0.00037
-0.00034
-0.00034
-0.00031
-0.00027
-0.00027
-0.00027
-0.00031
-0.00027
-0.00031
-0.00034
-0.00031
-0.00024
-0.00031
-0.00027
-0.00052
-0.00018
-0.00027
-0.00031
-0.00021
-0.00031
-0.00024
-0.00024
-0.00027
-0.00031
-0.00027
-0.00031
-0.00031
-0.00031
-0.00031
-0.00031
-0.00024
-0.00018
-0.00024
-0.00021
-0.00012
-0.00031
-0.00027
-0.00015
-0.00021
-0.00037
-0.00024
-0.00021
-0.00027
-0.00021
-0.00018
-0.00015
-0.00027
-0.00024
-0.00021
-0.00021
-0.00015
-0.00015
-0.00018
-0.00021
-0.00021
-0.00027
-0.00024
-0.00018
-0.00021
-0.00024
-0.00015
-0.00009
-0.00021
-0.00018
-0.00012
-0.00021
-0.00024
-0.00012
-0.00012
-0.00015
-0.00015
-0.00012
-0.00015
-0.00012
-0.00021
-0.00018
-0.00012
-0.00009
-0.00021
-0.00021
-0.00003
-0.00012
-0.00021
-0.00012
-0.00009
-0.00015
-0.00015
-0.00009
-0.00012
-0.00015
-0.00012
-0.00009
-0.00012
-0.00012
-0.00012
-0.00012
-0.00012
-0.00012
-0.00012
-0.00006
-0.00003
-0.00006
-0.00009
-0.00006
-0.00009
-0.00015
-0.00009
-0.00006
-0.00009
-0.00006
-0.00006
-0.00006
0.00000
-0.00003
-0.00003
-0.00006
-0.00006
-0.00009
-0.00015
-0.00006
-0.00003
-0.00003
-0.00006
0.00000
0.00000
-0.00006
-0.00006
-0.00006
-0.00006
-0.00006
-0.00006
-0.00003
0.00000
0.00000
0.00000
0.00000
0.00000
-0.00006
-0.00006
-0.00006
-0.00003
-0.00003
-0.00006
-0.00006
0.00000
0.00000
0.00000
0.00003
0.00000
0.00000
0.00000
0.00000
0.00000
0.00009
-0.00031
0.00049
-0.00098
0.00153
-0.00256
0.00403
-0.00620
0.00623
-0.10745
-0.15582
-0.03421
0.04102
0.02911
0.08145
0.14847
0.07687
0.01825
-0.02429
0.00537
-0.00946
-0.07098
-0.08484
-0.03342
0.03235
0.02469
0.02829
0.04602
0.01654
-0.00473
-0.00024
0.00131
0.00180
0.00226
-0.01312
-0.01074
0.00024
-0.00192
-0.00934
0.00027
0.01013
0.00345
0.00250
0.00806
0.00043
-0.00424
0.00510
0.00861
-0.00027
0.00034
0.00330
-0.00162
-0.00262
-0.00085
-0.00418
-0.00287
0.00000
-0.00168
-0.00177
0.00443
0.00388
-0.00070
0.00455
0.00827
0.00024
-0.00223
0.00259
0.00220
-0.00189
-0.00275
-0.00302
-0.00333
-0.00262
-0.00070
0.00177
0.00330
0.00034
-0.00214
0.00031
0.00323
0.00140
0.00021
0.00070
-0.00079
-0.00333
-0.00293
-0.00058
-0.00076
-0.00299
-0.00067
0.00040
0.00015
-0.00128
-0.00134
0.00027
0.00107
0.00000
-0.00061
0.00076
0.00024
-0.00098
-0.00024
-0.00055
-0.00119
-0.00165
-0.00128
-0.00253
-0.00238
-0.00128
-0.00113
-0.00070
-0.00052
-0.00006
-0.00009
0.00000
0.00040
0.00049
0.00012
-0.00049
-0.00006
0.00095
0.00076
-0.00009
-0.00043
-0.00034
-0.00095
-0.00189
-0.00247
-0.00314
-0.00336
-0.00186
0.00073
0.00208
0.00180
0.00082
0.00006
-0.00055
-0.00107
-0.00098
-0.00089
-0.00125
-0.00192
-0.00229
-0.00168
-0.00122
-0.00101
0.00000
0.00122
0.00128
0.00061
0.00046
0.00076
0.00101
0.00113
0.00107
0.00061
-0.00049
-0.00119
-0.00092
-0.00067
-0.00140
-0.00232
-0.00168
-0.00003
0.00073
0.00070
0.00055
0.00046
0.00012
0.00031
0.00107
0.00116
0.00046
-0.00037
-0.00058
-0.00058
-0.00058
-0.00043
-0.00009
0.00000
-0.00027
-0.00027
0.00015
0.00070
0.00107
0.00143
0.00134
0.00064
-0.00009
-0.00027
-0.00009
0.00003
0.00006
-0.00018
-0.00061
-0.00113
-0.00070
-0.00049
-0.00018
-0.00012
0.00037
-0.00003
0.00000
0.00000
0.00000
0.00000
0.00000
0.00000
0.00000
0.00000
0.00000
0.00000
0.00000
0.00000
0.00000
0.00000
0.00000
0.00000
0.00000
0.00000
0.00000
0.00000
0.00000
0.00000
0.00000
0.00000
0.00000
0.00000
0.00000
0.00000
0.00000
0.00000
0.00000
0.00000
0.00000
0.00000
0.00000
0.00000
0.00000
0.00000
0.00000
0.00000
0.00000
0.00000
0.00000
0.00000
0.00000
0.00000
0.00000
0.00000
0.00000
0.00000
0.00000
0.00000
0.00000
0.00000
0.00000
0.00000
0.00000
0.00000
0.00000
0.00000
0.00000
0.00000
0.00000
0.00000
0.00000
0.00000
0.00000
0.00000
0.00000
0.00000
0.00000
0.00000
0.00000
0.00000
0.00000
0.00000
0.00000
0.00000
0.00000
0.00000
0.00000
0.00000
0.00000
0.00000
0.00000
0.00000
0.00000
0.00000
0.00000
0.00000
0.00000
0.00000
0.00000
0.00000
0.00000
0.00000
0.00000
0.00000
0.00000
0.00000
0.00000
0.00000
0.00000
0.00000
0.00000
0.00000
0.00000
0.00000
0.00000
0.00000
0.00000
0.00000
0.00000
0.00000
0.00000
0.00000
0.00000
0.00000
0.00000
0.00000
0.00000
0.00000
0.00000
0.00000
0.00000
0.00000
0.00000
0.00000
0.00000
0.00000
0.00000
0.00000
0.00000
0.00000
0.00000
0.00000
0.00000
