0.00012
0.00003
-0.00003
0.00000
0.00000
-0.00015
-0.00006
-0.00003
0.00000
0.00003
0.00006
0.00009
0.00003
0.00006
-0.00003
-0.00006
-0.00006
-0.00006
-0.00006
0.00000
0.00000
0.00000
0.00000
-0.00006
0.00000
-0.00003
0.00000
-0.00009
0.00000
0.00000
-0.00006
-0.00003
-0.00006
0.00000
-0.00031
0.00003
-0.00003
-0.00006
0.00000
-0.00009
-0.00006
-0.00003
0.00000
-0.00006
-0.00003
0.00000
-0.00003
-0.00012
-0.00012
-0.00006
-0.00012
-0.00009
-0.00003
-0.00006
-0.00003
-0.00003
-0.00003
-0.00006
-0.00006
-0.00009
-0.00003
-0.00027
0.00000
-0.00018
-0.00015
0.00000
-0.00009
-0.00003
-0.00024
0.00000
-0.00006
-0.00015
-0.00012
-0.00006
-0.00015
-0.00015
-0.00006
-0.00006
-0.00006
-0.00009
-0.00012
-0.00015
-0.00003
-0.00012
-0.00018
-0.00012
-0.00018
-0.00015
-0.00018
-0.00003
-0.00009
-0.00015
-0.00012
-0.00018
-0.00015
-0.00012
-0.00015
-0.00012
-0.00015
-0.00012
-0.00015
-0.00018
-0.00012
-0.00021
-0.00024
-0.00021
-0.00012
-0.00021
-0.00018
-0.00012
-0.00015
-0.00015
-0.00018
-0.00012
-0.00015
-0.00015
-0.00018
-0.00021
-0.00024
-0.00027
-0.00031
-0.00024
-0.00015
-0.00018
-0.00012
-0.00009
-0.00012
-0.00018
-0.00021
-0.00018
-0.00031
-0.00027
-0.00027
-0.00031
-0.00021
-0.00021
-0.00015
-0.00024
-0.00021
-0.00021
-0.00031
-0.00027
-0.00024
-0.00024
-0.00027
-0.00021
-0.00027
-0.00018
-0.00024
-0.00031
-0.00031
-0.00037
-0.00031
-0.00037
-0.00031
-0.00031
-0.00021
-0.00018
-0.00031
-0.00027
-0.00034
-0.00031
-0.00027
-0.00034
-0.00034
-0.00037
-0.00027
-0.00037
-0.00037
-0.00027
-0.00043
-0.00040
-0.00037
-0.00031
-0.00031
-0.00037
-0.00034
-0.00034
-0.00037
-0.00031
-0.00064
0.00027
-0.00177
0.00198
-0.00427
0.00558
-0.00928
0.00339
-0.13510
-0.08472
-0.00656
-0.03949
0.12799
0.08646
0.10764
-0.00906
0.00937
0.01935
-0.01971
-0.02945
-0.06116
-0.03488
-0.01297
0.00458
0.02701
0.06299
0.00714
-0.02200
-0.00906
0.00974
0.00745
-0.00464
-0.00262
-0.00418
0.00385
0.00314
-0.01004
-0.00250
0.00259
-0.00345
-0.00317
0.00598
0.00797
-0.00552
0.00177
0.00589
0.00323
0.00107
0.00302
-0.00525
-0.00360
-0.00183
-0.00174
-0.00464
-0.00079
0.00061
0.00018
0.00320
0.00366
0.00000
0.00226
0.00635
0.00153
-0.00031
0.00107
-0.00006
-0.00177
-0.00204
0.00009
-0.00333
-0.00436
-0.00137
-0.00046
0.00195
0.00122
-0.00098
-0.00079
-0.00195
0.00128
0.00061
0.00146
0.00143
-0.00250
-0.00119
-0.00021
-0.00229
-0.00281
-0.00253
-0.00027
-0.00256
-0.00162
-0.00140
-0.00146
0.00110
0.00018
0.00034
0.00046
-0.00061
-0.00067
-0.00043
-0.00027
-0.00217
-0.00281
-0.00122
-0.00208
-0.00174
-0.00204
-0.00223
-0.00107
-0.00052
-0.00034
-0.00070
-0.00140
-0.00027
-0.00046
0.00006
-0.00043
-0.00095
-0.00006
-0.00034
0.00027
-0.00012
-0.00104
-0.00146
-0.00217
-0.00165
-0.00241
-0.00366
-0.00320
-0.00171
0.00073
0.00131
0.00082
-0.00003
-0.00131
-0.00134
-0.00134
-0.00107
-0.00107
-0.00162
-0.00177
-0.00192
-0.00168
-0.00137
-0.00098
-0.00009
-0.00021
-0.00031
-0.00009
-0.00003
0.00027
0.00021
0.00049
0.00040
-0.00021
-0.00082
-0.00137
-0.00137
-0.00128
-0.00171
-0.00198
-0.00156
-0.00061
0.00024
0.00046
-0.00006
-0.00085
-0.00052
0.00024
0.00055
0.00018
-0.00037
-0.00055
-0.00067
-0.00098
-0.00067
-0.00040
-0.00046
-0.00076
-0.00089
-0.00046
-0.00009
0.00037
0.00052
0.00085
0.00012
-0.00082
-0.00107
-0.00067
-0.00037
-0.00024
-0.00021
0.00000
0.00000
0.00000
0.00000
0.00000
0.00000
0.00000
0.00000
0.00000
0.00000
0.00000
0.00000
0.00000
0.00000
0.00000
0.00000
0.00000
0.00000
0.00000
0.00000
0.00000
0.00000
0.00000
0.00000
0.00000
0.00000
0.00000
0.00000
0.00000
0.00000
0.00000
0.00000
0.00000
0.00000
0.00000
0.00000
0.00000
0.00000
0.00000
0.00000
0.00000
0.00000
0.00000
0.00000
0.00000
0.00000
0.00000
0.00000
0.00000
0.00000
0.00000
0.00000
0.00000
0.00000
0.00000
0.00000
0.00000
0.00000
0.00000
0.00000
0.00000
0.00000
0.00000
0.00000
0.00000
0.00000
0.00000
0.00000
0.00000
0.00000
0.00000
0.00000
0.00000
0.00000
0.00000
0.00000
0.00000
0.00000
0.00000
0.00000
0.00000
0.00000
0.00000
0.00000
0.00000
0.00000
0.00000
0.00000
0.00000
0.00000
0.00000
0.00000
0.00000
0.00000
0.00000
0.00000
0.00000
0.00000
0.00000
0.00000
0.00000
0.00000
0.00000
0.00000
0.00000
0.00000
0.00000
0.00000
0.00000
0.00000
0.00000
0.00000
0.00000
0.00000
0.00000
0.00000
0.00000
0.00000
0.00000
0.00000
0.00000
0.00000
0.00000
0.00000
0.00000
0.00000
0.00000
0.00000
0.00000
0.00000
0.00000
0.00000
0.00000
0.00000
0.00000
0.00000
0.00000
0.00000
0.00000
0.00000
