-0.00024
-0.00018
-0.00018
-0.00024
-0.00018
-0.00021
-0.00024
-0.00024
-0.00027
-0.00027
-0.00034
-0.00024
-0.00024
-0.00027
-0.00024
-0.00021
-0.00027
-0.00027
-0.00024
-0.00024
-0.00027
-0.00031
-0.00031
-0.00027
-0.00024
-0.00027
-0.00024
-0.00027
-0.00027
-0.00031
-0.00034
-0.00031
-0.00031
-0.00021
-0.00049
-0.00015
-0.00018
-0.00037
-0.00034
-0.00040
-0.00027
-0.00031
-0.00031
-0.00027
-0.00021
-0.00027
-0.00031
-0.00024
-0.00034
-0.00034
-0.00037
-0.00037
-0.00040
-0.00037
-0.00031
-0.00031
-0.00031
-0.00021
-0.00037
-0.00043
-0.00021
-0.00043
-0.00037
-0.00037
-0.00027
-0.00034
-0.00037
-0.00024
-0.00031
-0.00027
-0.00034
-0.00034
-0.00040
-0.00034
-0.00034
-0.00037
-0.00034
-0.00027
-0.00034
-0.00040
-0.00031
-0.00034
-0.00046
-0.00040
-0.00034
-0.00037
-0.00037
-0.00018
-0.00024
-0.00034
-0.00027
-0.00034
-0.00034
-0.00037
-0.00037
-0.00037
-0.00040
-0.00034
-0.00043
-0.00037
-0.00027
-0.00040
-0.00037
-0.00031
-0.00037
-0.00040
-0.00031
-0.00024
-0.00037
-0.00043
-0.00031
-0.00037
-0.00043
-0.00031
-0.00031
-0.00027
-0.00034
-0.00034
-0.00031
-0.00037
-0.00037
-0.00040
-0.00031
-0.00027
-0.00034
-0.00031
-0.00027
-0.00031
-0.00040
-0.00037
-0.00034
-0.00037
-0.00034
-0.00034
-0.00034
-0.00034
-0.00034
-0.00031
-0.00031
-0.00034
-0.00031
-0.00040
-0.00031
-0.00031
-0.00034
-0.00027
-0.00040
-0.00034
-0.00040
-0.00037
-0.00034
-0.00037
-0.00031
-0.00037
-0.00027
-0.00027
-0.00024
-0.00031
-0.00031
-0.00031
-0.00043
-0.00040
-0.00040
-0.00034
-0.00027
-0.00034
-0.00024
-0.00027
-0.00034
-0.00031
-0.00031
-0.00037
-0.00034
-0.00037
-0.00015
-0.00043
0.00006
-0.00092
0.00064
-0.00174
0.00146
-0.00269
0.00272
-0.00412
0.00354
-0.06604
-0.17737
-0.02670
-0.01968
0.06250
0.12247
0.11673
0.08401
-0.02307
0.01950
-0.01834
-0.03259
-0.06558
-0.06482
-0.02731
0.02121
0.03006
0.05804
0.04858
-0.00909
-0.02496
-0.01028
0.00436
-0.00589
0.00003
-0.00085
-0.00253
0.00809
0.00323
-0.00888
0.00021
0.00131
-0.00571
-0.00223
0.00995
0.00134
-0.00125
0.00723
0.00604
0.00034
0.00269
0.00143
-0.00461
-0.00299
-0.00226
-0.00381
-0.00504
0.00040
-0.00140
-0.00012
0.00412
0.00299
-0.00067
0.00461
0.00699
0.00089
0.00031
0.00241
0.00089
-0.00131
-0.00198
-0.00293
-0.00513
-0.00308
-0.00104
0.00061
0.00287
0.00043
-0.00006
-0.00012
0.00067
0.00058
-0.00076
0.00195
-0.00031
-0.00278
-0.00095
-0.00113
-0.00186
-0.00235
-0.00095
-0.00067
-0.00159
-0.00076
-0.00262
0.00061
0.00143
-0.00043
0.00043
-0.00015
-0.00079
0.00000
0.00024
-0.00095
-0.00238
-0.00131
-0.00146
-0.00214
-0.00204
-0.00266
-0.00131
-0.00027
-0.00082
-0.00012
-0.00037
-0.00012
0.00027
-0.00009
0.00003
-0.00089
-0.00003
0.00031
0.00049
0.00046
-0.00067
-0.00092
-0.00140
-0.00180
-0.00198
-0.00342
-0.00363
-0.00211
0.00049
0.00214
0.00171
0.00110
-0.00024
-0.00143
-0.00156
-0.00122
-0.00085
-0.00137
-0.00174
-0.00159
-0.00131
-0.00107
-0.00116
-0.00031
0.00079
0.00073
0.00052
0.00021
0.00040
0.00067
0.00082
0.00125
0.00052
-0.00052
-0.00116
-0.00119
-0.00092
-0.00146
-0.00214
-0.00174
-0.00052
0.00061
0.00104
0.00085
0.00000
-0.00049
0.00031
0.00125
0.00116
0.00015
-0.00058
-0.00052
-0.00070
-0.00064
-0.00021
-0.00003
-0.00003
-0.00046
-0.00040
-0.00012
0.00043
0.00107
0.00134
0.00125
0.00046
0.00000
-0.00043
-0.00043
-0.00055
-0.00061
-0.00040
-0.00046
-0.00018
-0.00070
-0.00009
0.00000
0.00000
0.00000
0.00000
0.00000
0.00000
0.00000
0.00000
0.00000
0.00000
0.00000
0.00000
0.00000
0.00000
0.00000
0.00000
0.00000
0.00000
0.00000
0.00000
0.00000
0.00000
0.00000
0.00000
0.00000
0.00000
0.00000
0.00000
0.00000
0.00000
0.00000
0.00000
0.00000
0.00000
0.00000
0.00000
0.00000
0.00000
0.00000
0.00000
0.00000
0.00000
0.00000
0.00000
0.00000
0.00000
0.00000
0.00000
0.00000
0.00000
0.00000
0.00000
0.00000
0.00000
0.00000
0.00000
0.00000
0.00000
0.00000
0.00000
0.00000
0.00000
0.00000
0.00000
0.00000
0.00000
0.00000
0.00000
0.00000
0.00000
0.00000
0.00000
0.00000
0.00000
0.00000
0.00000
0.00000
0.00000
0.00000
0.00000
0.00000
0.00000
0.00000
0.00000
0.00000
0.00000
0.00000
0.00000
0.00000
0.00000
0.00000
0.00000
0.00000
0.00000
0.00000
0.00000
0.00000
0.00000
0.00000
0.00000
0.00000
0.00000
0.00000
0.00000
0.00000
0.00000
0.00000
0.00000
0.00000
0.00000
0.00000
0.00000
0.00000
0.00000
0.00000
0.00000
0.00000
0.00000
0.00000
0.00000
0.00000
0.00000
0.00000
0.00000
0.00000
0.00000
0.00000
0.00000
0.00000
0.00000
0.00000
0.00000
0.00000
0.00000
0.00000
0.00000
0.00000
0.00000
