-0.00018
-0.00018
-0.00021
-0.00021
-0.00018
-0.00027
-0.00034
-0.00024
-0.00024
-0.00024
-0.00024
-0.00021
-0.00021
-0.00021
-0.00021
-0.00027
-0.00027
-0.00027
-0.00024
-0.00031
-0.00024
-0.00021
-0.00021
-0.00021
-0.00021
-0.00021
-0.00027
-0.00027
-0.00031
-0.00024
-0.00021
-0.00024
-0.00024
-0.00018
-0.00034
-0.00012
-0.00018
-0.00024
-0.00021
-0.00027
-0.00027
-0.00027
-0.00024
-0.00027
-0.00021
-0.00024
-0.00024
-0.00024
-0.00024
-0.00024
-0.00021
-0.00021
-0.00018
-0.00021
-0.00018
-0.00018
-0.00021
-0.00027
-0.00024
-0.00024
-0.00015
-0.00024
-0.00034
-0.00003
-0.00034
-0.00012
-0.00018
-0.00015
-0.00027
-0.00034
-0.00015
-0.00024
-0.00018
-0.00015
-0.00015
-0.00021
-0.00018
-0.00012
-0.00021
-0.00021
-0.00018
-0.00027
-0.00027
-0.00012
-0.00021
-0.00018
-0.00021
-0.00015
-0.00018
-0.00018
-0.00009
-0.00027
-0.00024
-0.00024
-0.00024
-0.00018
-0.00015
-0.00018
-0.00018
-0.00018
-0.00015
-0.00021
-0.00018
-0.00021
-0.00027
-0.00021
-0.00018
-0.00018
-0.00027
-0.00015
-0.00018
-0.00024
-0.00021
-0.00015
-0.00012
-0.00021
-0.00012
-0.00015
-0.00015
-0.00012
-0.00018
-0.00024
-0.00024
-0.00021
-0.00021
-0.00015
-0.00012
-0.00015
-0.00018
-0.00012
-0.00012
-0.00021
-0.00015
-0.00021
-0.00021
-0.00015
-0.00015
-0.00012
-0.00012
-0.00012
-0.00015
-0.00015
-0.00015
-0.00018
-0.00024
-0.00024
-0.00018
-0.00024
-0.00012
-0.00012
-0.00006
-0.00012
-0.00012
-0.00009
-0.00009
-0.00006
-0.00015
-0.00006
-0.00009
-0.00009
-0.00015
-0.00018
-0.00015
-0.00021
-0.00015
-0.00018
-0.00015
-0.00006
-0.00015
-0.00006
-0.00009
-0.00015
-0.00012
-0.00009
-0.00009
-0.00012
-0.00018
0.00000
-0.00031
0.00015
-0.00061
0.00055
-0.00095
0.00073
-0.00089
0.00027
0.00012
-0.00131
-0.02673
-0.15073
-0.01971
-0.04422
0.01962
0.11798
0.08551
0.07834
-0.02762
0.03873
-0.00250
-0.01007
-0.04703
-0.05319
-0.02664
-0.00616
0.00421
0.04208
0.05099
-0.00858
-0.01651
0.00037
0.01321
0.00143
-0.00577
-0.00461
-0.00180
0.00787
-0.00168
-0.00940
0.00211
0.00150
-0.00363
-0.00052
0.00876
0.00131
-0.00409
0.00491
0.00525
0.00238
0.00259
0.00049
-0.00525
-0.00073
-0.00034
-0.00162
-0.00394
0.00137
0.00070
0.00201
0.00406
0.00217
0.00018
0.00403
0.00494
0.00046
0.00092
0.00165
-0.00082
-0.00162
0.00000
0.00037
-0.00363
-0.00269
-0.00079
0.00067
0.00250
-0.00021
-0.00079
-0.00061
0.00122
0.00119
-0.00012
0.00385
-0.00031
-0.00165
0.00021
-0.00137
-0.00171
-0.00201
-0.00211
-0.00046
-0.00143
-0.00101
-0.00177
0.00079
0.00134
0.00052
0.00140
-0.00006
-0.00067
0.00027
-0.00021
-0.00064
-0.00226
-0.00143
-0.00064
-0.00110
-0.00140
-0.00229
-0.00134
-0.00009
-0.00015
-0.00018
-0.00101
-0.00058
0.00034
0.00000
0.00040
-0.00037
-0.00003
0.00021
0.00037
0.00110
-0.00006
-0.00089
-0.00146
-0.00146
-0.00125
-0.00287
-0.00342
-0.00214
0.00000
0.00156
0.00131
0.00110
0.00015
-0.00092
-0.00122
-0.00104
-0.00040
-0.00070
-0.00134
-0.00159
-0.00137
-0.00101
-0.00098
-0.00052
0.00021
0.00018
0.00027
0.00031
0.00043
0.00064
0.00070
0.00119
0.00082
-0.00003
-0.00082
-0.00107
-0.00079
-0.00110
-0.00159
-0.00140
-0.00070
0.00018
0.00073
0.00079
0.00009
-0.00055
0.00000
0.00085
0.00098
0.00037
-0.00018
-0.00024
-0.00040
-0.00037
-0.00012
-0.00021
-0.00031
-0.00055
-0.00018
0.00006
0.00031
0.00064
0.00079
0.00092
0.00000
-0.00049
-0.00043
-0.00003
0.00000
0.00027
-0.00024
0.00024
0.00000
0.00000
0.00000
0.00000
0.00000
0.00000
0.00000
0.00000
0.00000
0.00000
0.00000
0.00000
0.00000
0.00000
0.00000
0.00000
0.00000
0.00000
0.00000
0.00000
0.00000
0.00000
0.00000
0.00000
0.00000
0.00000
0.00000
0.00000
0.00000
0.00000
0.00000
0.00000
0.00000
0.00000
0.00000
0.00000
0.00000
0.00000
0.00000
0.00000
0.00000
0.00000
0.00000
0.00000
0.00000
0.00000
0.00000
0.00000
0.00000
0.00000
0.00000
0.00000
0.00000
0.00000
0.00000
0.00000
0.00000
0.00000
0.00000
0.00000
0.00000
0.00000
0.00000
0.00000
0.00000
0.00000
0.00000
0.00000
0.00000
0.00000
0.00000
0.00000
0.00000
0.00000
0.00000
0.00000
0.00000
0.00000
0.00000
0.00000
0.00000
0.00000
0.00000
0.00000
0.00000
0.00000
0.00000
0.00000
0.00000
0.00000
0.00000
0.00000
0.00000
0.00000
0.00000
0.00000
0.00000
0.00000
0.00000
0.00000
0.00000
0.00000
0.00000
0.00000
0.00000
0.00000
0.00000
0.00000
0.00000
0.00000
0.00000
0.00000
0.00000
0.00000
0.00000
0.00000
0.00000
0.00000
0.00000
0.00000
0.00000
0.00000
0.00000
0.00000
0.00000
0.00000
0.00000
0.00000
0.00000
0.00000
0.00000
0.00000
0.00000
0.00000
0.00000
0.00000
0.00000
0.00000
