-0.00021
-0.00024
-0.00027
-0.00024
-0.00024
-0.00031
-0.00031
-0.00027
-0.00027
-0.00024
-0.00021
-0.00021
-0.00024
-0.00027
-0.00034
-0.00037
-0.00031
-0.00027
-0.00027
-0.00024
-0.00021
-0.00024
-0.00027
-0.00024
-0.00027
-0.00027
-0.00024
-0.00024
-0.00031
-0.00027
-0.00021
-0.00024
-0.00024
-0.00021
-0.00037
-0.00018
-0.00027
-0.00031
-0.00027
-0.00027
-0.00021
-0.00027
-0.00024
-0.00021
-0.00024
-0.00027
-0.00024
-0.00024
-0.00027
-0.00021
-0.00021
-0.00027
-0.00027
-0.00027
-0.00031
-0.00024
-0.00021
-0.00021
-0.00024
-0.00018
-0.00024
-0.00037
-0.00027
-0.00027
-0.00027
-0.00027
-0.00027
-0.00024
-0.00018
-0.00021
-0.00024
-0.00024
-0.00024
-0.00024
-0.00024
-0.00024
-0.00024
-0.00024
-0.00024
-0.00018
-0.00024
-0.00031
-0.00027
-0.00021
-0.00027
-0.00024
-0.00021
-0.00024
-0.00024
-0.00021
-0.00024
-0.00027
-0.00021
-0.00021
-0.00021
-0.00018
-0.00024
-0.00024
-0.00024
-0.00024
-0.00024
-0.00021
-0.00015
-0.00015
-0.00018
-0.00021
-0.00024
-0.00027
-0.00027
-0.00021
-0.00021
-0.00018
-0.00018
-0.00018
-0.00021
-0.00015
-0.00018
-0.00021
-0.00018
-0.00018
-0.00027
-0.00021
-0.00018
-0.00018
-0.00021
-0.00018
-0.00012
-0.00015
-0.00018
-0.00018
-0.00024
-0.00024
-0.00018
-0.00012
-0.00012
-0.00012
-0.00012
-0.00018
-0.00018
-0.00015
-0.00018
-0.00018
-0.00015
-0.00015
-0.00018
-0.00015
-0.00018
-0.00015
-0.00015
-0.00012
-0.00015
-0.00015
-0.00012
-0.00012
-0.00009
-0.00009
-0.00009
-0.00012
-0.00012
-0.00012
-0.00012
-0.00009
-0.00009
-0.00009
-0.00012
-0.00012
-0.00006
-0.00012
-0.00015
-0.00015
-0.00012
-0.00006
-0.00006
-0.00009
-0.00006
-0.00006
0.00000
-0.00012
0.00000
-0.00027
0.00003
-0.00027
0.00000
-0.00021
-0.00021
0.00031
-0.00070
-0.02066
-0.12338
-0.09216
0.01401
0.05655
0.07324
0.05020
0.04102
0.03632
0.02710
-0.03119
-0.04382
-0.01898
-0.00778
0.00537
0.02081
0.00131
-0.01193
-0.00168
-0.00195
0.00400
0.01746
0.00128
-0.00552
0.00732
0.00406
-0.00171
0.00565
0.00626
-0.00159
0.00137
-0.00211
-0.00757
-0.00446
0.00104
-0.00049
0.00040
0.00449
0.00412
0.00491
0.00699
0.00528
0.00055
-0.00247
-0.00305
-0.00378
-0.00366
-0.00186
-0.00171
-0.00037
0.00449
0.00580
0.00604
0.00717
0.00345
-0.00052
-0.00238
-0.00333
-0.00323
-0.00061
0.00140
0.00150
0.00076
0.00003
-0.00195
-0.00162
0.00000
0.00049
0.00140
0.00183
0.00107
0.00079
0.00031
0.00070
0.00098
0.00012
-0.00095
-0.00302
-0.00284
-0.00162
-0.00125
-0.00107
-0.00162
-0.00101
-0.00092
-0.00009
0.00043
0.00000
0.00021
0.00031
0.00000
0.00034
0.00040
0.00055
0.00000
0.00000
-0.00034
-0.00098
-0.00153
-0.00153
-0.00052
-0.00003
-0.00009
-0.00043
0.00006
0.00024
-0.00046
0.00027
0.00034
-0.00037
-0.00015
-0.00031
-0.00085
-0.00128
-0.00131
-0.00153
-0.00125
-0.00134
-0.00140
-0.00061
-0.00049
-0.00070
-0.00009
0.00009
0.00000
-0.00024
-0.00037
-0.00058
-0.00058
-0.00058
-0.00089
-0.00061
-0.00055
-0.00092
-0.00104
-0.00116
-0.00165
-0.00174
-0.00110
-0.00040
0.00006
0.00043
0.00073
0.00095
0.00125
0.00143
0.00098
0.00046
-0.00009
-0.00058
-0.00076
-0.00061
-0.00079
-0.00110
-0.00101
-0.00101
-0.00085
-0.00055
-0.00009
-0.00018
-0.00009
0.00031
-0.00027
-0.00003
0.00070
0.00021
-0.00037
-0.00015
-0.00018
-0.00006
0.00009
-0.00006
0.00003
0.00043
0.00064
0.00082
0.00104
0.00098
0.00061
0.00079
0.00092
0.00037
0.00000
0.00000
0.00000
0.00000
0.00000
0.00000
0.00000
0.00000
0.00000
0.00000
0.00000
0.00000
0.00000
0.00000
0.00000
0.00000
0.00000
0.00000
0.00000
0.00000
0.00000
0.00000
0.00000
0.00000
0.00000
0.00000
0.00000
0.00000
0.00000
0.00000
0.00000
0.00000
0.00000
0.00000
0.00000
0.00000
0.00000
0.00000
0.00000
0.00000
0.00000
0.00000
0.00000
0.00000
0.00000
0.00000
0.00000
0.00000
0.00000
0.00000
0.00000
0.00000
0.00000
0.00000
0.00000
0.00000
0.00000
0.00000
0.00000
0.00000
0.00000
0.00000
0.00000
0.00000
0.00000
0.00000
0.00000
0.00000
0.00000
0.00000
0.00000
0.00000
0.00000
0.00000
0.00000
0.00000
0.00000
0.00000
0.00000
0.00000
0.00000
0.00000
0.00000
0.00000
0.00000
0.00000
0.00000
0.00000
0.00000
0.00000
0.00000
0.00000
0.00000
0.00000
0.00000
0.00000
0.00000
0.00000
0.00000
0.00000
0.00000
0.00000
0.00000
0.00000
0.00000
0.00000
0.00000
0.00000
0.00000
0.00000
0.00000
0.00000
0.00000
0.00000
0.00000
0.00000
0.00000
0.00000
0.00000
0.00000
0.00000
0.00000
0.00000
0.00000
0.00000
0.00000
0.00000
0.00000
0.00000
0.00000
0.00000
0.00000
0.00000
0.00000
0.00000
0.00000
0.00000
0.00000
0.00000
0.00000
0.00000
0.00000
0.00000
