-0.00024
-0.00024
-0.00024
-0.00024
-0.00024
-0.00021
-0.00021
-0.00021
-0.00018
-0.00021
-0.00024
-0.00018
-0.00021
-0.00027
-0.00024
-0.00021
-0.00024
-0.00024
-0.00021
-0.00021
-0.00018
-0.00018
-0.00018
-0.00021
-0.00021
-0.00021
-0.00021
-0.00021
-0.00024
-0.00024
-0.00018
-0.00018
-0.00018
-0.00021
-0.00027
-0.00015
-0.00024
-0.00018
-0.00018
-0.00018
-0.00018
-0.00021
-0.00021
-0.00021
-0.00021
-0.00021
-0.00018
-0.00021
-0.00018
-0.00018
-0.00015
-0.00018
-0.00021
-0.00015
-0.00015
-0.00018
-0.00015
-0.00012
-0.00018
-0.00024
-0.00018
-0.00018
-0.00021
-0.00021
-0.00015
-0.00015
-0.00021
-0.00015
-0.00015
-0.00018
-0.00018
-0.00021
-0.00021
-0.00018
-0.00018
-0.00018
-0.00015
-0.00018
-0.00021
-0.00018
-0.00015
-0.00018
-0.00021
-0.00018
-0.00015
-0.00015
-0.00015
-0.00015
-0.00012
-0.00018
-0.00018
-0.00018
-0.00018
-0.00018
-0.00018
-0.00018
-0.00018
-0.00018
-0.00015
-0.00012
-0.00015
-0.00018
-0.00015
-0.00015
-0.00018
-0.00018
-0.00015
-0.00015
-0.00015
-0.00015
-0.00012
-0.00012
-0.00018
-0.00018
-0.00015
-0.00018
-0.00018
-0.00015
-0.00009
-0.00012
-0.00012
-0.00015
-0.00015
-0.00015
-0.00018
-0.00015
-0.00012
-0.00015
-0.00015
-0.00009
-0.00012
-0.00015
-0.00015
-0.00012
-0.00012
-0.00015
-0.00012
-0.00012
-0.00009
-0.00009
-0.00006
-0.00009
-0.00012
-0.00015
-0.00012
-0.00012
-0.00015
-0.00012
-0.00009
-0.00006
-0.00006
-0.00006
-0.00009
-0.00012
-0.00012
-0.00009
-0.00009
-0.00009
-0.00012
-0.00012
-0.00009
-0.00006
-0.00006
-0.00003
-0.00003
-0.00006
-0.00009
-0.00006
-0.00009
-0.00012
-0.00009
0.00000
-0.00003
-0.00006
-0.00006
-0.00009
-0.00012
-0.00009
-0.00003
-0.00003
-0.00003
0.00000
0.00000
0.00006
-0.00009
-0.00015
-0.00021
-0.00015
-0.00018
0.00009
0.00034
0.00000
-0.01230
-0.06351
-0.06070
-0.01117
0.01785
0.03699
0.03439
0.02890
0.02567
0.01807
-0.00504
-0.01825
-0.01334
-0.01038
-0.00266
0.00970
0.00320
-0.00357
0.00116
0.00162
0.00357
0.00946
0.00171
-0.00351
0.00259
0.00400
0.00122
0.00323
0.00342
-0.00107
-0.00003
-0.00067
-0.00369
-0.00198
0.00006
-0.00015
0.00082
0.00272
0.00336
0.00360
0.00418
0.00369
0.00186
0.00046
-0.00110
-0.00247
-0.00134
0.00067
0.00076
0.00064
0.00153
0.00250
0.00192
0.00186
0.00192
0.00037
-0.00070
-0.00031
0.00058
0.00122
0.00180
0.00208
0.00116
0.00049
-0.00061
-0.00192
-0.00177
-0.00104
-0.00012
0.00067
0.00165
0.00195
0.00119
0.00095
0.00061
-0.00076
-0.00131
-0.00113
-0.00085
-0.00052
-0.00070
-0.00046
-0.00067
-0.00082
-0.00101
-0.00110
-0.00064
-0.00040
-0.00034
0.00000
0.00018
0.00031
0.00024
0.00037
0.00037
0.00015
-0.00021
-0.00040
-0.00055
-0.00073
-0.00043
-0.00021
-0.00024
-0.00055
-0.00055
-0.00067
-0.00113
-0.00107
-0.00073
-0.00031
-0.00009
0.00015
0.00000
-0.00040
-0.00064
-0.00085
-0.00079
-0.00119
-0.00131
-0.00119
-0.00107
-0.00092
-0.00076
-0.00027
0.00009
0.00024
0.00003
-0.00031
-0.00049
-0.00058
-0.00058
-0.00049
-0.00070
-0.00113
-0.00128
-0.00113
-0.00098
-0.00079
-0.00052
-0.00027
-0.00006
0.00003
0.00000
0.00000
0.00000
0.00000
0.00000
0.00000
0.00000
0.00000
0.00000
0.00000
0.00000
0.00000
0.00000
0.00000
0.00000
0.00000
0.00000
0.00000
0.00000
0.00000
0.00000
0.00000
0.00000
0.00000
0.00000
0.00000
0.00000
0.00000
0.00000
0.00000
0.00000
0.00000
0.00000
0.00000
0.00000
0.00000
0.00000
0.00000
0.00000
0.00000
0.00000
0.00000
0.00000
0.00000
0.00000
0.00000
0.00000
0.00000
0.00000
0.00000
0.00000
0.00000
0.00000
0.00000
0.00000
0.00000
0.00000
0.00000
0.00000
0.00000
0.00000
0.00000
0.00000
0.00000
0.00000
0.00000
0.00000
0.00000
0.00000
0.00000
0.00000
0.00000
0.00000
0.00000
0.00000
0.00000
0.00000
0.00000
0.00000
0.00000
0.00000
0.00000
0.00000
0.00000
0.00000
0.00000
0.00000
0.00000
0.00000
0.00000
0.00000
0.00000
0.00000
0.00000
0.00000
0.00000
0.00000
0.00000
0.00000
0.00000
0.00000
0.00000
0.00000
0.00000
0.00000
0.00000
0.00000
0.00000
0.00000
0.00000
0.00000
0.00000
0.00000
0.00000
0.00000
0.00000
0.00000
0.00000
0.00000
0.00000
0.00000
0.00000
0.00000
0.00000
0.00000
0.00000
0.00000
0.00000
0.00000
0.00000
0.00000
0.00000
0.00000
0.00000
0.00000
0.00000
0.00000
0.00000
0.00000
0.00000
0.00000
0.00000
0.00000
0.00000
0.00000
0.00000
0.00000
0.00000
0.00000
0.00000
0.00000
0.00000
0.00000
0.00000
0.00000
0.00000
0.00000
0.00000
0.00000
0.00000
0.00000
0.00000
0.00000
0.00000
0.00000
0.00000
0.00000
0.00000
0.00000
0.00000
0.00000
0.00000
0.00000
0.00000
0.00000
0.00000
0.00000
0.00000
