-0.00015
-0.00015
-0.00018
-0.00018
-0.00015
-0.00018
-0.00018
-0.00015
-0.00018
-0.00015
-0.00018
-0.00018
-0.00018
-0.00018
-0.00018
-0.00021
-0.00018
-0.00018
-0.00018
-0.00015
-0.00015
-0.00018
-0.00018
-0.00015
-0.00018
-0.00018
-0.00018
-0.00018
-0.00018
-0.00018
-0.00015
-0.00015
-0.00015
-0.00015
-0.00024
-0.00012
-0.00018
-0.00018
-0.00018
-0.00018
-0.00018
-0.00018
-0.00018
-0.00018
-0.00021
-0.00021
-0.00018
-0.00018
-0.00018
-0.00018
-0.00018
-0.00018
-0.00021
-0.00018
-0.00015
-0.00018
-0.00018
-0.00015
-0.00018
-0.00018
-0.00015
-0.00018
-0.00018
-0.00015
-0.00024
-0.00021
-0.00021
-0.00018
-0.00015
-0.00018
-0.00018
-0.00018
-0.00015
-0.00015
-0.00015
-0.00018
-0.00018
-0.00018
-0.00018
-0.00018
-0.00018
-0.00018
-0.00021
-0.00018
-0.00021
-0.00021
-0.00021
-0.00018
-0.00018
-0.00018
-0.00018
-0.00018
-0.00012
-0.00018
-0.00021
-0.00018
-0.00021
-0.00021
-0.00018
-0.00021
-0.00024
-0.00021
-0.00018
-0.00018
-0.00018
-0.00018
-0.00018
-0.00015
-0.00015
-0.00015
-0.00015
-0.00018
-0.00018
-0.00018
-0.00021
-0.00021
-0.00018
-0.00018
-0.00015
-0.00012
-0.00015
-0.00015
-0.00018
-0.00021
-0.00018
-0.00018
-0.00018
-0.00018
-0.00018
-0.00015
-0.00018
-0.00018
-0.00015
-0.00018
-0.00018
-0.00018
-0.00018
-0.00018
-0.00015
-0.00015
-0.00015
-0.00015
-0.00018
-0.00018
-0.00018
-0.00021
-0.00018
-0.00018
-0.00021
-0.00021
-0.00018
-0.00018
-0.00018
-0.00018
-0.00018
-0.00018
-0.00021
-0.00024
-0.00021
-0.00015
-0.00018
-0.00021
-0.00015
-0.00018
-0.00021
-0.00021
-0.00018
-0.00021
-0.00024
-0.00018
-0.00015
-0.00021
-0.00024
-0.00024
-0.00018
-0.00021
-0.00024
-0.00018
-0.00018
-0.00018
-0.00018
-0.00018
-0.00015
-0.00024
-0.00009
-0.00073
0.00024
-0.00110
0.00101
-0.00180
0.00067
-0.04279
-0.07608
-0.04581
-0.00049
0.04660
0.04388
0.04031
0.02692
0.02866
0.00574
-0.02234
-0.02277
-0.01639
-0.00787
0.00571
0.00943
0.00235
0.00012
-0.00150
0.00113
0.00726
0.00647
-0.00363
-0.00113
0.00299
0.00171
0.00284
0.00494
0.00186
0.00128
0.00015
-0.00339
-0.00497
-0.00253
-0.00104
-0.00064
0.00229
0.00296
0.00412
0.00528
0.00525
0.00226
-0.00003
-0.00177
-0.00192
-0.00168
0.00000
-0.00006
-0.00049
-0.00085
-0.00015
0.00012
0.00095
0.00296
0.00345
0.00430
0.00415
0.00253
0.00113
-0.00082
-0.00262
-0.00391
-0.00247
-0.00110
-0.00079
0.00031
0.00043
-0.00003
0.00046
0.00076
0.00140
0.00107
0.00131
0.00122
0.00073
-0.00031
-0.00238
-0.00278
-0.00189
-0.00125
-0.00092
-0.00146
-0.00131
-0.00131
-0.00098
-0.00031
-0.00009
-0.00003
-0.00015
-0.00027
-0.00018
0.00000
0.00027
-0.00012
-0.00037
-0.00031
-0.00067
-0.00110
-0.00122
-0.00177
-0.00128
-0.00061
-0.00034
0.00027
0.00034
0.00052
-0.00034
-0.00003
-0.00049
-0.00113
-0.00150
-0.00146
-0.00098
-0.00140
-0.00110
-0.00101
-0.00098
-0.00064
-0.00082
-0.00064
-0.00089
-0.00085
-0.00064
-0.00073
-0.00064
-0.00070
-0.00055
-0.00052
-0.00079
-0.00095
-0.00104
-0.00101
-0.00073
-0.00076
-0.00104
-0.00134
-0.00153
-0.00140
-0.00092
-0.00034
-0.00006
-0.00009
0.00012
0.00031
0.00046
0.00040
0.00012
-0.00018
-0.00052
-0.00061
-0.00070
-0.00076
-0.00098
-0.00110
-0.00092
-0.00067
-0.00061
-0.00070
-0.00067
-0.00049
-0.00055
-0.00082
-0.00073
-0.00027
-0.00021
0.00009
0.00018
0.00027
0.00006
0.00000
0.00000
0.00000
0.00000
0.00000
0.00000
0.00000
0.00000
0.00000
0.00000
0.00000
0.00000
0.00000
0.00000
0.00000
0.00000
0.00000
0.00000
0.00000
0.00000
0.00000
0.00000
0.00000
0.00000
0.00000
0.00000
0.00000
0.00000
0.00000
0.00000
0.00000
0.00000
0.00000
0.00000
0.00000
0.00000
0.00000
0.00000
0.00000
0.00000
0.00000
0.00000
0.00000
0.00000
0.00000
0.00000
0.00000
0.00000
0.00000
0.00000
0.00000
0.00000
0.00000
0.00000
0.00000
0.00000
0.00000
0.00000
0.00000
0.00000
0.00000
0.00000
0.00000
0.00000
0.00000
0.00000
0.00000
0.00000
0.00000
0.00000
0.00000
0.00000
0.00000
0.00000
0.00000
0.00000
0.00000
0.00000
0.00000
0.00000
0.00000
0.00000
0.00000
0.00000
0.00000
0.00000
0.00000
0.00000
0.00000
0.00000
0.00000
0.00000
0.00000
0.00000
0.00000
0.00000
0.00000
0.00000
0.00000
0.00000
0.00000
0.00000
0.00000
0.00000
0.00000
0.00000
0.00000
0.00000
0.00000
0.00000
0.00000
0.00000
0.00000
0.00000
0.00000
0.00000
0.00000
0.00000
0.00000
0.00000
0.00000
0.00000
0.00000
0.00000
0.00000
0.00000
0.00000
0.00000
0.00000
0.00000
0.00000
0.00000
0.00000
0.00000
0.00000
0.00000
0.00000
0.00000
0.00000
0.00000
0.00000
0.00000
0.00000
0.00000
0.00000
0.00000
0.00000
0.00000
0.00000
0.00000
0.00000
0.00000
