-0.00021
-0.00021
-0.00018
-0.00012
-0.00009
-0.00012
-0.00012
-0.00015
-0.00018
-0.00021
-0.00018
-0.00012
-0.00012
-0.00015
-0.00015
-0.00012
-0.00015
-0.00012
-0.00012
-0.00012
-0.00015
-0.00018
-0.00015
-0.00015
-0.00018
-0.00018
-0.00021
-0.00024
-0.00021
-0.00018
-0.00015
-0.00012
-0.00015
-0.00015
-0.00021
-0.00012
-0.00015
-0.00012
-0.00012
-0.00018
-0.00015
-0.00015
-0.00015
-0.00018
-0.00021
-0.00024
-0.00021
-0.00024
-0.00021
-0.00018
-0.00015
-0.00015
-0.00018
-0.00015
-0.00021
-0.00024
-0.00021
-0.00015
-0.00018
-0.00015
-0.00018
-0.00027
-0.00015
-0.00012
-0.00015
-0.00015
-0.00018
-0.00015
-0.00018
-0.00021
-0.00024
-0.00027
-0.00024
-0.00021
-0.00018
-0.00018
-0.00015
-0.00018
-0.00018
-0.00015
-0.00018
-0.00021
-0.00015
-0.00018
-0.00021
-0.00018
-0.00018
-0.00015
-0.00015
-0.00012
-0.00015
-0.00018
-0.00015
-0.00015
-0.00009
-0.00009
-0.00021
-0.00021
-0.00018
-0.00021
-0.00027
-0.00027
-0.00027
-0.00027
-0.00018
-0.00009
0.00000
-0.00003
-0.00003
-0.00009
-0.00018
-0.00024
-0.00027
-0.00024
-0.00018
-0.00015
-0.00015
-0.00018
-0.00021
-0.00021
-0.00018
-0.00018
-0.00018
-0.00015
-0.00012
-0.00012
-0.00012
-0.00012
-0.00015
-0.00018
-0.00021
-0.00018
-0.00018
-0.00021
-0.00012
-0.00012
-0.00012
-0.00012
-0.00012
-0.00012
-0.00015
-0.00015
-0.00009
-0.00012
-0.00027
-0.00027
-0.00027
-0.00027
-0.00024
-0.00021
-0.00015
-0.00009
-0.00009
-0.00009
-0.00006
-0.00009
-0.00012
-0.00012
-0.00012
-0.00015
-0.00015
-0.00012
-0.00012
-0.00015
-0.00015
-0.00018
-0.00018
-0.00021
-0.00018
-0.00015
-0.00015
-0.00012
-0.00006
-0.00012
-0.00012
-0.00018
-0.00012
-0.00021
-0.00009
-0.00034
0.00000
-0.00034
-0.00012
-0.00024
-0.00018
0.00015
-0.00089
-0.02322
-0.12067
-0.08279
0.02200
0.04248
0.06598
0.04346
0.03653
0.04672
0.01990
-0.02310
-0.03867
-0.01697
-0.00974
0.00342
0.02158
0.00000
-0.00854
0.00018
-0.00357
0.00259
0.01315
-0.00186
-0.00488
0.00671
0.00638
0.00284
0.00711
0.00446
-0.00253
-0.00055
-0.00424
-0.00882
-0.00357
0.00134
0.00067
0.00174
0.00552
0.00497
0.00443
0.00595
0.00366
0.00006
-0.00208
-0.00296
-0.00604
-0.00424
-0.00049
0.00040
0.00095
0.00314
0.00598
0.00418
0.00375
0.00327
-0.00076
-0.00211
-0.00143
-0.00119
0.00018
0.00006
0.00040
-0.00085
-0.00043
-0.00089
-0.00284
-0.00055
0.00119
0.00125
0.00116
0.00150
0.00180
0.00018
0.00079
0.00067
-0.00098
-0.00192
-0.00360
-0.00345
-0.00183
-0.00104
-0.00107
-0.00174
-0.00067
-0.00052
-0.00089
0.00000
-0.00027
-0.00024
0.00009
0.00009
0.00027
0.00018
0.00037
-0.00040
-0.00046
-0.00006
-0.00089
-0.00162
-0.00107
-0.00089
-0.00079
-0.00119
-0.00018
-0.00006
-0.00076
0.00006
-0.00009
-0.00055
-0.00009
-0.00031
-0.00134
-0.00119
-0.00089
-0.00195
-0.00168
-0.00137
-0.00156
-0.00073
-0.00079
-0.00131
-0.00107
-0.00018
-0.00018
-0.00052
-0.00043
-0.00095
-0.00089
-0.00046
-0.00092
-0.00089
-0.00055
-0.00079
-0.00113
-0.00140
-0.00180
-0.00211
-0.00186
-0.00113
-0.00046
0.00000
0.00018
0.00037
0.00089
0.00116
0.00095
0.00046
0.00003
-0.00040
-0.00082
-0.00092
-0.00079
-0.00092
-0.00116
-0.00119
-0.00113
-0.00134
-0.00113
-0.00027
-0.00009
-0.00037
-0.00043
-0.00082
-0.00073
-0.00006
0.00003
0.00006
0.00064
0.00043
0.00006
0.00009
-0.00049
-0.00076
-0.00015
0.00034
0.00031
0.00079
0.00089
0.00046
0.00061
0.00043
-0.00049
-0.00110
-0.00110
-0.00085
0.00009
0.00043
0.00040
0.00000
0.00000
0.00000
0.00000
0.00000
0.00000
0.00000
0.00000
0.00000
0.00000
0.00000
0.00000
0.00000
0.00000
0.00000
0.00000
0.00000
0.00000
0.00000
0.00000
0.00000
0.00000
0.00000
0.00000
0.00000
0.00000
0.00000
0.00000
0.00000
0.00000
0.00000
0.00000
0.00000
0.00000
0.00000
0.00000
0.00000
0.00000
0.00000
0.00000
0.00000
0.00000
0.00000
0.00000
0.00000
0.00000
0.00000
0.00000
0.00000
0.00000
0.00000
0.00000
0.00000
0.00000
0.00000
0.00000
0.00000
0.00000
0.00000
0.00000
0.00000
0.00000
0.00000
0.00000
0.00000
0.00000
0.00000
0.00000
0.00000
0.00000
0.00000
0.00000
0.00000
0.00000
0.00000
0.00000
0.00000
0.00000
0.00000
0.00000
0.00000
0.00000
0.00000
0.00000
0.00000
0.00000
0.00000
0.00000
0.00000
0.00000
0.00000
0.00000
0.00000
0.00000
0.00000
0.00000
0.00000
0.00000
0.00000
0.00000
0.00000
0.00000
0.00000
0.00000
0.00000
0.00000
0.00000
0.00000
0.00000
0.00000
0.00000
0.00000
0.00000
0.00000
0.00000
0.00000
0.00000
0.00000
0.00000
0.00000
0.00000
0.00000
0.00000
0.00000
0.00000
0.00000
0.00000
0.00000
0.00000
0.00000
0.00000
0.00000
0.00000
0.00000
0.00000
0.00000
0.00000
