-0.00006
-0.00006
-0.00006
-0.00009
-0.00009
-0.00006
-0.00006
-0.00006
-0.00006
-0.00009
-0.00009
-0.00009
-0.00006
-0.00006
-0.00006
-0.00009
-0.00009
-0.00012
-0.00012
-0.00012
-0.00012
-0.00009
-0.00006
-0.00009
-0.00012
-0.00009
-0.00012
-0.00012
-0.00012
-0.00009
-0.00012
-0.00012
-0.00012
-0.00015
-0.00027
-0.00012
-0.00015
-0.00012
-0.00012
-0.00018
-0.00015
-0.00015
-0.00015
-0.00015
-0.00015
-0.00015
-0.00015
-0.00018
-0.00018
-0.00015
-0.00021
-0.00018
-0.00015
-0.00015
-0.00015
-0.00018
-0.00021
-0.00021
-0.00021
-0.00021
-0.00021
-0.00015
-0.00027
-0.00027
-0.00021
-0.00024
-0.00024
-0.00027
-0.00024
-0.00024
-0.00021
-0.00021
-0.00027
-0.00024
-0.00021
-0.00024
-0.00024
-0.00024
-0.00021
-0.00027
-0.00027
-0.00024
-0.00027
-0.00031
-0.00031
-0.00027
-0.00031
-0.00031
-0.00027
-0.00024
-0.00024
-0.00024
-0.00027
-0.00027
-0.00031
-0.00034
-0.00031
-0.00034
-0.00034
-0.00034
-0.00027
-0.00027
-0.00034
-0.00034
-0.00031
-0.00031
-0.00037
-0.00034
-0.00031
-0.00034
-0.00034
-0.00034
-0.00034
-0.00037
-0.00034
-0.00034
-0.00031
-0.00031
-0.00037
-0.00037
-0.00037
-0.00040
-0.00040
-0.00034
-0.00031
-0.00031
-0.00031
-0.00031
-0.00034
-0.00040
-0.00040
-0.00037
-0.00037
-0.00040
-0.00037
-0.00034
-0.00034
-0.00034
-0.00037
-0.00037
-0.00037
-0.00040
-0.00043
-0.00040
-0.00040
-0.00040
-0.00037
-0.00034
-0.00034
-0.00037
-0.00037
-0.00040
-0.00040
-0.00040
-0.00040
-0.00040
-0.00040
-0.00037
-0.00037
-0.00037
-0.00034
-0.00034
-0.00040
-0.00040
-0.00040
-0.00040
-0.00040
-0.00037
-0.00037
-0.00037
-0.00037
-0.00040
-0.00040
-0.00040
-0.00037
-0.00037
-0.00034
-0.00034
-0.00034
-0.00040
-0.00031
-0.00058
-0.00003
-0.00098
0.00021
-0.00168
0.00146
-0.00284
0.00128
-0.05573
-0.10629
-0.04794
0.01709
0.06625
0.05307
0.04681
0.03247
0.03131
0.00223
-0.03513
-0.02963
-0.01428
-0.00452
0.00781
0.00949
-0.00217
-0.00293
-0.00125
0.00314
0.01102
0.00934
-0.00632
-0.00360
0.00357
0.00137
0.00134
0.00623
0.00366
0.00098
-0.00104
-0.00433
-0.00507
-0.00269
-0.00125
-0.00153
0.00140
0.00317
0.00436
0.00455
0.00525
0.00314
-0.00021
-0.00253
-0.00208
-0.00302
-0.00125
-0.00015
-0.00192
-0.00272
-0.00027
0.00244
0.00385
0.00641
0.00616
0.00226
0.00082
-0.00089
-0.00308
-0.00421
-0.00238
-0.00107
0.00040
0.00159
0.00049
-0.00171
-0.00150
-0.00073
-0.00031
0.00067
0.00153
0.00052
0.00064
0.00125
0.00034
-0.00089
-0.00183
-0.00256
-0.00201
-0.00140
-0.00137
-0.00262
-0.00235
-0.00183
-0.00122
-0.00003
0.00027
0.00018
0.00000
-0.00012
-0.00018
-0.00052
-0.00006
-0.00018
-0.00061
-0.00037
-0.00061
-0.00107
-0.00201
-0.00156
-0.00095
-0.00107
-0.00104
-0.00040
0.00000
-0.00021
-0.00009
-0.00003
-0.00018
-0.00021
-0.00076
-0.00128
-0.00140
-0.00177
-0.00223
-0.00171
-0.00162
-0.00153
-0.00082
-0.00073
-0.00104
-0.00070
-0.00009
-0.00021
-0.00021
-0.00058
-0.00110
-0.00122
-0.00131
-0.00150
-0.00110
-0.00052
-0.00061
-0.00095
-0.00119
-0.00177
-0.00201
-0.00162
-0.00092
-0.00052
-0.00034
-0.00012
0.00012
0.00064
0.00095
0.00098
0.00055
0.00000
-0.00064
-0.00113
-0.00125
-0.00131
-0.00131
-0.00110
-0.00076
-0.00076
-0.00079
-0.00073
-0.00049
-0.00055
-0.00024
-0.00021
-0.00079
-0.00012
-0.00009
-0.00024
-0.00055
-0.00024
-0.00018
-0.00009
0.00000
-0.00006
0.00000
0.00000
0.00000
0.00000
0.00000
0.00000
0.00000
0.00000
0.00000
0.00000
0.00000
0.00000
0.00000
0.00000
0.00000
0.00000
0.00000
0.00000
0.00000
0.00000
0.00000
0.00000
0.00000
0.00000
0.00000
0.00000
0.00000
0.00000
0.00000
0.00000
0.00000
0.00000
0.00000
0.00000
0.00000
0.00000
0.00000
0.00000
0.00000
0.00000
0.00000
0.00000
0.00000
0.00000
0.00000
0.00000
0.00000
0.00000
0.00000
0.00000
0.00000
0.00000
0.00000
0.00000
0.00000
0.00000
0.00000
0.00000
0.00000
0.00000
0.00000
0.00000
0.00000
0.00000
0.00000
0.00000
0.00000
0.00000
0.00000
0.00000
0.00000
0.00000
0.00000
0.00000
0.00000
0.00000
0.00000
0.00000
0.00000
0.00000
0.00000
0.00000
0.00000
0.00000
0.00000
0.00000
0.00000
0.00000
0.00000
0.00000
0.00000
0.00000
0.00000
0.00000
0.00000
0.00000
0.00000
0.00000
0.00000
0.00000
0.00000
0.00000
0.00000
0.00000
0.00000
0.00000
0.00000
0.00000
0.00000
0.00000
0.00000
0.00000
0.00000
0.00000
0.00000
0.00000
0.00000
0.00000
0.00000
0.00000
0.00000
0.00000
0.00000
0.00000
0.00000
0.00000
0.00000
0.00000
0.00000
0.00000
0.00000
0.00000
0.00000
0.00000
0.00000
0.00000
0.00000
0.00000
0.00000
0.00000
0.00000
0.00000
0.00000
0.00000
0.00000
0.00000
0.00000
0.00000
0.00000
0.00000
0.00000
