0.00000
0.00003
0.00000
0.00000
0.00000
-0.00006
-0.00006
-0.00003
0.00000
0.00006
0.00012
0.00012
0.00015
0.00012
0.00006
0.00000
0.00000
0.00000
0.00003
0.00012
0.00006
0.00000
0.00000
0.00000
0.00000
0.00000
0.00003
0.00003
0.00006
0.00006
0.00003
0.00003
0.00006
0.00006
0.00000
0.00009
0.00006
0.00003
0.00003
0.00000
0.00003
0.00000
0.00003
0.00006
0.00003
0.00003
0.00006
0.00006
0.00003
0.00003
0.00009
0.00009
0.00009
0.00009
0.00009
0.00003
0.00000
0.00000
0.00000
0.00000
0.00000
0.00006
0.00009
0.00012
0.00003
0.00012
0.00012
0.00000
0.00000
-0.00003
-0.00003
-0.00003
0.00003
0.00009
0.00003
0.00003
0.00006
0.00006
0.00003
0.00006
0.00009
0.00003
0.00003
0.00003
0.00003
0.00006
0.00000
0.00000
0.00006
0.00006
0.00003
0.00003
0.00006
0.00003
0.00000
0.00003
0.00003
0.00000
0.00000
0.00000
0.00000
0.00000
0.00000
0.00003
0.00000
0.00000
0.00003
0.00000
0.00003
0.00003
0.00003
0.00000
0.00003
0.00000
0.00000
0.00000
0.00000
0.00000
0.00000
0.00000
0.00000
0.00000
0.00000
0.00000
0.00000
0.00000
0.00000
0.00000
0.00000
0.00000
0.00000
-0.00003
-0.00003
0.00000
0.00000
0.00000
0.00000
0.00000
0.00000
-0.00003
-0.00003
-0.00003
-0.00003
-0.00003
-0.00003
0.00000
0.00000
-0.00003
0.00000
0.00000
-0.00003
-0.00006
-0.00009
-0.00009
-0.00012
-0.00012
-0.00009
-0.00003
-0.00003
0.00000
0.00000
0.00000
-0.00006
-0.00006
-0.00006
-0.00012
-0.00012
-0.00009
-0.00009
-0.00006
-0.00006
-0.00009
-0.00006
-0.00009
-0.00006
-0.00006
-0.00012
-0.00009
-0.00009
-0.00006
-0.00015
-0.00006
-0.00012
-0.00015
-0.00009
-0.00037
0.00009
-0.00070
0.00092
-0.00122
-0.00717
-0.07388
-0.07504
-0.00424
0.01324
0.03818
0.03992
0.03204
0.03467
0.02316
-0.00311
-0.01974
-0.01416
-0.01331
-0.00894
0.01245
0.00626
-0.00333
0.00247
-0.00204
-0.00073
0.00980
0.00177
-0.00391
0.00461
0.00620
0.00137
0.00394
0.00241
-0.00372
-0.00223
-0.00134
-0.00391
-0.00073
0.00238
0.00168
0.00104
0.00256
0.00336
0.00217
0.00275
0.00262
0.00024
-0.00137
-0.00198
-0.00232
-0.00140
0.00168
0.00165
0.00015
0.00037
0.00098
0.00034
0.00204
0.00342
0.00223
0.00183
0.00189
0.00089
0.00046
-0.00070
-0.00201
-0.00229
-0.00143
-0.00095
-0.00101
0.00027
0.00040
0.00043
0.00095
0.00089
0.00079
0.00015
0.00018
0.00052
-0.00052
-0.00180
-0.00211
-0.00156
-0.00082
-0.00104
-0.00104
-0.00104
-0.00137
-0.00171
-0.00140
-0.00070
-0.00046
-0.00052
-0.00034
-0.00015
0.00024
0.00040
0.00024
0.00031
0.00055
0.00000
-0.00064
-0.00137
-0.00171
-0.00153
-0.00122
-0.00058
-0.00067
-0.00052
-0.00043
-0.00076
-0.00110
-0.00146
-0.00150
-0.00107
-0.00012
-0.00021
-0.00061
-0.00082
-0.00113
-0.00125
-0.00186
-0.00192
-0.00183
-0.00153
-0.00089
-0.00052
-0.00037
-0.00046
-0.00040
-0.00049
-0.00076
-0.00085
-0.00107
-0.00113
-0.00092
-0.00104
-0.00159
-0.00174
-0.00168
-0.00177
-0.00159
-0.00119
-0.00085
-0.00055
-0.00018
0.00003
0.00018
0.00024
0.00031
0.00034
0.00003
-0.00043
-0.00095
-0.00101
-0.00082
-0.00095
-0.00113
-0.00122
-0.00131
-0.00137
-0.00171
-0.00177
-0.00146
-0.00092
-0.00034
0.00000
0.00000
0.00000
0.00000
0.00000
0.00000
0.00000
0.00000
0.00000
0.00000
0.00000
0.00000
0.00000
0.00000
0.00000
0.00000
0.00000
0.00000
0.00000
0.00000
0.00000
0.00000
0.00000
0.00000
0.00000
0.00000
0.00000
0.00000
0.00000
0.00000
0.00000
0.00000
0.00000
0.00000
0.00000
0.00000
0.00000
0.00000
0.00000
0.00000
0.00000
0.00000
0.00000
0.00000
0.00000
0.00000
0.00000
0.00000
0.00000
0.00000
0.00000
0.00000
0.00000
0.00000
0.00000
0.00000
0.00000
0.00000
0.00000
0.00000
0.00000
0.00000
0.00000
0.00000
0.00000
0.00000
0.00000
0.00000
0.00000
0.00000
0.00000
0.00000
0.00000
0.00000
0.00000
0.00000
0.00000
0.00000
0.00000
0.00000
0.00000
0.00000
0.00000
0.00000
0.00000
0.00000
0.00000
0.00000
0.00000
0.00000
0.00000
0.00000
0.00000
0.00000
0.00000
0.00000
0.00000
0.00000
0.00000
0.00000
0.00000
0.00000
0.00000
0.00000
0.00000
0.00000
0.00000
0.00000
0.00000
0.00000
0.00000
0.00000
0.00000
0.00000
0.00000
0.00000
0.00000
0.00000
0.00000
0.00000
0.00000
0.00000
0.00000
0.00000
0.00000
0.00000
0.00000
0.00000
0.00000
0.00000
0.00000
0.00000
0.00000
0.00000
0.00000
0.00000
0.00000
0.00000
0.00000
0.00000
0.00000
0.00000
0.00000
0.00000
0.00000
0.00000
0.00000
0.00000
0.00000
0.00000
0.00000
0.00000
0.00000
0.00000
0.00000
0.00000
0.00000
0.00000
0.00000
0.00000
