-0.00024
-0.00024
-0.00024
-0.00024
-0.00024
-0.00024
-0.00027
-0.00027
-0.00024
-0.00024
-0.00021
-0.00021
-0.00021
-0.00024
-0.00024
-0.00021
-0.00021
-0.00024
-0.00021
-0.00018
-0.00018
-0.00018
-0.00018
-0.00018
-0.00018
-0.00021
-0.00018
-0.00015
-0.00015
-0.00021
-0.00015
-0.00015
-0.00018
-0.00015
-0.00021
-0.00012
-0.00018
-0.00015
-0.00015
-0.00012
-0.00012
-0.00015
-0.00009
-0.00012
-0.00015
-0.00015
-0.00012
-0.00015
-0.00015
-0.00012
-0.00009
-0.00009
-0.00012
-0.00006
-0.00006
-0.00012
-0.00009
-0.00006
-0.00006
-0.00012
-0.00012
-0.00006
-0.00006
-0.00003
-0.00012
-0.00009
-0.00003
-0.00012
-0.00003
-0.00003
-0.00006
-0.00003
0.00000
0.00000
-0.00006
-0.00006
-0.00006
-0.00006
-0.00003
-0.00003
0.00000
-0.00003
-0.00006
0.00000
0.00000
-0.00003
-0.00003
-0.00003
0.00000
0.00000
0.00000
0.00000
0.00000
0.00000
0.00000
0.00000
0.00000
0.00000
0.00000
0.00000
0.00000
0.00000
0.00000
0.00000
0.00000
0.00000
0.00003
0.00003
0.00000
0.00003
0.00000
0.00000
0.00000
0.00000
0.00003
0.00003
0.00003
0.00006
0.00006
0.00006
0.00003
0.00003
0.00006
0.00003
0.00000
0.00003
0.00006
0.00003
0.00003
0.00006
0.00006
0.00009
0.00009
0.00006
0.00006
0.00006
0.00006
0.00006
0.00006
0.00006
0.00006
0.00006
0.00009
0.00006
0.00006
0.00009
0.00009
0.00006
0.00009
0.00009
0.00006
0.00009
0.00006
0.00006
0.00009
0.00006
0.00006
0.00009
0.00012
0.00009
0.00012
0.00012
0.00009
0.00012
0.00012
0.00012
0.00009
0.00012
0.00009
0.00006
0.00012
0.00009
0.00009
0.00012
0.00012
0.00012
0.00009
0.00009
0.00009
0.00012
0.00015
0.00009
0.00024
-0.00003
0.00027
-0.00037
0.00046
-0.00067
0.00122
-0.00095
0.00052
-0.03879
-0.08755
-0.03125
0.00687
0.02588
0.04239
0.03366
0.03293
0.02939
0.00955
-0.01434
-0.01779
-0.01154
-0.01303
0.00491
0.01266
-0.00107
-0.00052
0.00095
-0.00308
0.00644
0.00797
-0.00241
0.00104
0.00745
0.00336
0.00131
0.00357
-0.00098
-0.00293
0.00058
-0.00204
-0.00229
0.00140
0.00235
0.00092
0.00189
0.00342
0.00238
0.00241
0.00363
0.00183
-0.00009
-0.00095
-0.00140
-0.00122
0.00156
0.00229
0.00052
0.00052
0.00134
0.00098
0.00070
0.00250
0.00253
0.00131
0.00253
0.00266
0.00201
0.00116
-0.00012
-0.00180
-0.00208
-0.00107
-0.00089
-0.00037
0.00101
0.00067
0.00076
0.00134
0.00137
0.00070
0.00055
0.00131
0.00046
-0.00095
-0.00150
-0.00162
-0.00082
-0.00034
-0.00043
-0.00040
-0.00082
-0.00131
-0.00119
-0.00073
-0.00021
-0.00027
-0.00012
0.00034
0.00067
0.00092
0.00089
0.00067
0.00058
0.00037
-0.00012
-0.00095
-0.00119
-0.00098
-0.00089
-0.00012
-0.00012
-0.00012
-0.00012
-0.00037
-0.00095
-0.00125
-0.00092
-0.00067
0.00018
0.00031
0.00000
-0.00027
-0.00070
-0.00076
-0.00153
-0.00168
-0.00131
-0.00101
-0.00055
-0.00031
-0.00015
-0.00018
-0.00009
-0.00003
-0.00018
-0.00024
-0.00040
-0.00067
-0.00070
-0.00079
-0.00119
-0.00131
-0.00119
-0.00122
-0.00125
-0.00098
-0.00052
-0.00021
0.00012
0.00031
0.00031
0.00040
0.00058
0.00073
0.00040
0.00000
-0.00034
-0.00049
-0.00043
-0.00052
-0.00076
-0.00095
-0.00101
-0.00089
-0.00107
-0.00140
-0.00134
-0.00095
-0.00021
0.00018
0.00055
0.00107
0.00095
0.00067
0.00049
0.00009
-0.00006
-0.00018
-0.00021
-0.00012
-0.00009
0.00006
0.00018
0.00040
0.00021
-0.00058
-0.00082
-0.00043
0.00018
-0.00003
0.00000
0.00000
0.00000
0.00000
0.00000
0.00000
0.00000
0.00000
0.00000
0.00000
0.00000
0.00000
0.00000
0.00000
0.00000
0.00000
0.00000
0.00000
0.00000
0.00000
0.00000
0.00000
0.00000
0.00000
0.00000
0.00000
0.00000
0.00000
0.00000
0.00000
0.00000
0.00000
0.00000
0.00000
0.00000
0.00000
0.00000
0.00000
0.00000
0.00000
0.00000
0.00000
0.00000
0.00000
0.00000
0.00000
0.00000
0.00000
0.00000
0.00000
0.00000
0.00000
0.00000
0.00000
0.00000
0.00000
0.00000
0.00000
0.00000
0.00000
0.00000
0.00000
0.00000
0.00000
0.00000
0.00000
0.00000
0.00000
0.00000
0.00000
0.00000
0.00000
0.00000
0.00000
0.00000
0.00000
0.00000
0.00000
0.00000
0.00000
0.00000
0.00000
0.00000
0.00000
0.00000
0.00000
0.00000
0.00000
0.00000
0.00000
0.00000
0.00000
0.00000
0.00000
0.00000
0.00000
0.00000
0.00000
0.00000
0.00000
0.00000
0.00000
0.00000
0.00000
0.00000
0.00000
0.00000
0.00000
0.00000
0.00000
0.00000
0.00000
0.00000
0.00000
0.00000
0.00000
0.00000
0.00000
0.00000
0.00000
0.00000
0.00000
0.00000
0.00000
0.00000
0.00000
0.00000
0.00000
0.00000
0.00000
0.00000
0.00000
0.00000
0.00000
0.00000
0.00000
0.00000
0.00000
0.00000
