-0.00006
-0.00009
-0.00012
-0.00009
-0.00006
-0.00006
-0.00009
-0.00006
-0.00009
-0.00012
-0.00015
-0.00009
-0.00009
-0.00009
-0.00009
-0.00009
-0.00009
-0.00015
-0.00015
-0.00015
-0.00012
-0.00012
-0.00012
-0.00009
-0.00009
-0.00012
-0.00009
-0.00006
-0.00009
-0.00012
-0.00006
-0.00006
-0.00012
-0.00012
-0.00024
-0.00009
-0.00012
-0.00009
-0.00009
-0.00009
-0.00006
-0.00009
-0.00009
-0.00009
-0.00012
-0.00012
-0.00009
-0.00012
-0.00009
-0.00009
-0.00009
-0.00006
-0.00003
-0.00009
-0.00012
-0.00012
-0.00012
-0.00012
-0.00006
-0.00006
-0.00006
-0.00009
-0.00021
-0.00015
-0.00015
-0.00009
-0.00012
-0.00009
-0.00009
-0.00009
-0.00006
-0.00012
-0.00012
-0.00012
-0.00009
-0.00009
-0.00006
-0.00003
-0.00009
-0.00009
-0.00009
-0.00015
-0.00015
-0.00012
-0.00009
-0.00012
-0.00009
-0.00009
-0.00012
-0.00009
-0.00003
-0.00006
-0.00009
-0.00006
-0.00006
-0.00012
-0.00012
-0.00009
-0.00009
-0.00009
-0.00003
-0.00009
-0.00012
-0.00009
-0.00009
-0.00012
-0.00009
-0.00006
-0.00009
-0.00009
-0.00009
-0.00012
-0.00009
-0.00006
-0.00009
-0.00009
-0.00006
-0.00012
-0.00015
-0.00012
-0.00015
-0.00012
-0.00012
-0.00009
-0.00009
-0.00009
-0.00009
-0.00006
-0.00009
-0.00012
-0.00009
-0.00012
-0.00015
-0.00015
-0.00015
-0.00012
-0.00009
-0.00009
-0.00009
-0.00009
-0.00012
-0.00018
-0.00018
-0.00015
-0.00018
-0.00018
-0.00012
-0.00015
-0.00012
-0.00009
-0.00012
-0.00015
-0.00015
-0.00015
-0.00018
-0.00015
-0.00015
-0.00015
-0.00012
-0.00009
-0.00009
-0.00012
-0.00015
-0.00021
-0.00021
-0.00018
-0.00018
-0.00012
-0.00012
-0.00012
-0.00018
-0.00018
-0.00015
-0.00015
-0.00018
-0.00012
-0.00009
-0.00009
-0.00018
0.00000
-0.00037
0.00000
-0.00034
0.00000
-0.00055
0.00000
0.00000
-0.00024
-0.01581
-0.10229
-0.08765
-0.01007
0.05307
0.06729
0.04874
0.04236
0.03107
0.02457
-0.02438
-0.03745
-0.02142
-0.00763
0.00140
0.01389
0.00259
-0.00589
-0.00244
0.00125
0.00665
0.01505
0.00177
-0.00800
0.00217
0.00354
-0.00012
0.00406
0.00620
0.00189
0.00104
-0.00266
-0.00571
-0.00412
-0.00046
-0.00168
0.00006
0.00302
0.00418
0.00458
0.00577
0.00497
0.00156
-0.00235
-0.00247
-0.00244
-0.00174
-0.00015
-0.00217
-0.00339
-0.00159
0.00424
0.00513
0.00726
0.00711
0.00229
-0.00006
-0.00119
-0.00290
-0.00388
-0.00244
-0.00058
0.00052
0.00253
0.00159
-0.00156
-0.00125
-0.00092
-0.00024
0.00021
0.00150
0.00134
0.00052
0.00128
0.00089
-0.00015
-0.00095
-0.00235
-0.00235
-0.00150
-0.00095
-0.00165
-0.00253
-0.00174
-0.00150
-0.00043
0.00055
0.00061
0.00012
-0.00003
-0.00003
-0.00009
0.00006
0.00043
-0.00043
-0.00031
-0.00043
-0.00073
-0.00137
-0.00165
-0.00085
-0.00076
-0.00079
-0.00052
-0.00018
0.00006
-0.00018
0.00012
0.00006
-0.00009
-0.00012
-0.00089
-0.00104
-0.00140
-0.00183
-0.00189
-0.00162
-0.00159
-0.00128
-0.00055
-0.00061
-0.00085
-0.00037
-0.00006
-0.00009
-0.00024
-0.00061
-0.00092
-0.00119
-0.00131
-0.00131
-0.00095
-0.00046
-0.00064
-0.00092
-0.00125
-0.00195
-0.00211
-0.00140
-0.00058
-0.00009
0.00000
0.00015
0.00043
0.00082
0.00116
0.00089
0.00037
-0.00037
-0.00092
-0.00116
-0.00107
-0.00128
-0.00143
-0.00110
-0.00076
-0.00064
-0.00064
-0.00049
-0.00098
-0.00009
-0.00024
-0.00027
0.00021
-0.00031
-0.00027
-0.00101
-0.00043
-0.00049
0.00000
0.00000
0.00009
0.00024
0.00000
-0.00003
0.00000
0.00000
0.00000
0.00000
0.00000
0.00000
0.00000
0.00000
0.00000
0.00000
0.00000
0.00000
0.00000
0.00000
0.00000
0.00000
0.00000
0.00000
0.00000
0.00000
0.00000
0.00000
0.00000
0.00000
0.00000
0.00000
0.00000
0.00000
0.00000
0.00000
0.00000
0.00000
0.00000
0.00000
0.00000
0.00000
0.00000
0.00000
0.00000
0.00000
0.00000
0.00000
0.00000
0.00000
0.00000
0.00000
0.00000
0.00000
0.00000
0.00000
0.00000
0.00000
0.00000
0.00000
0.00000
0.00000
0.00000
0.00000
0.00000
0.00000
0.00000
0.00000
0.00000
0.00000
0.00000
0.00000
0.00000
0.00000
0.00000
0.00000
0.00000
0.00000
0.00000
0.00000
0.00000
0.00000
0.00000
0.00000
0.00000
0.00000
0.00000
0.00000
0.00000
0.00000
0.00000
0.00000
0.00000
0.00000
0.00000
0.00000
0.00000
0.00000
0.00000
0.00000
0.00000
0.00000
0.00000
0.00000
0.00000
0.00000
0.00000
0.00000
0.00000
0.00000
0.00000
0.00000
0.00000
0.00000
0.00000
0.00000
0.00000
0.00000
0.00000
0.00000
0.00000
0.00000
0.00000
0.00000
0.00000
0.00000
0.00000
0.00000
0.00000
0.00000
0.00000
0.00000
0.00000
0.00000
0.00000
0.00000
0.00000
0.00000
0.00000
0.00000
0.00000
0.00000
0.00000
0.00000
0.00000
0.00000
0.00000
0.00000
0.00000
0.00000
0.00000
0.00000
0.00000
0.00000
0.00000
