-0.00031
-0.00027
-0.00027
-0.00027
-0.00027
-0.00027
-0.00027
-0.00027
-0.00024
-0.00027
-0.00031
-0.00031
-0.00027
-0.00027
-0.00031
-0.00031
-0.00031
-0.00031
-0.00031
-0.00034
-0.00037
-0.00031
-0.00027
-0.00031
-0.00027
-0.00027
-0.00031
-0.00034
-0.00031
-0.00037
-0.00034
-0.00034
-0.00034
-0.00031
-0.00037
-0.00027
-0.00037
-0.00031
-0.00034
-0.00040
-0.00034
-0.00037
-0.00037
-0.00034
-0.00037
-0.00037
-0.00037
-0.00034
-0.00034
-0.00034
-0.00034
-0.00031
-0.00037
-0.00037
-0.00034
-0.00037
-0.00040
-0.00037
-0.00031
-0.00034
-0.00037
-0.00027
-0.00037
-0.00043
-0.00031
-0.00037
-0.00037
-0.00034
-0.00037
-0.00034
-0.00031
-0.00031
-0.00034
-0.00037
-0.00034
-0.00034
-0.00037
-0.00031
-0.00027
-0.00034
-0.00037
-0.00034
-0.00040
-0.00043
-0.00034
-0.00034
-0.00034
-0.00031
-0.00034
-0.00037
-0.00037
-0.00037
-0.00037
-0.00037
-0.00034
-0.00034
-0.00031
-0.00034
-0.00040
-0.00037
-0.00037
-0.00037
-0.00037
-0.00037
-0.00034
-0.00037
-0.00037
-0.00034
-0.00034
-0.00037
-0.00034
-0.00037
-0.00037
-0.00037
-0.00037
-0.00037
-0.00034
-0.00034
-0.00037
-0.00034
-0.00031
-0.00034
-0.00037
-0.00034
-0.00037
-0.00040
-0.00037
-0.00037
-0.00037
-0.00037
-0.00037
-0.00034
-0.00034
-0.00034
-0.00037
-0.00031
-0.00031
-0.00037
-0.00034
-0.00034
-0.00034
-0.00034
-0.00037
-0.00037
-0.00037
-0.00037
-0.00034
-0.00034
-0.00034
-0.00031
-0.00031
-0.00034
-0.00034
-0.00037
-0.00037
-0.00037
-0.00034
-0.00037
-0.00037
-0.00034
-0.00034
-0.00034
-0.00034
-0.00031
-0.00031
-0.00027
-0.00034
-0.00034
-0.00031
-0.00034
-0.00037
-0.00034
-0.00034
-0.00031
-0.00034
-0.00034
-0.00031
-0.00031
-0.00024
-0.00034
-0.00018
-0.00055
0.00000
-0.00085
0.00031
-0.00125
0.00079
-0.00186
-0.00006
-0.04752
-0.11145
-0.02985
0.02072
0.03137
0.05115
0.03610
0.03568
0.03680
0.00763
-0.02380
-0.02194
-0.00961
-0.01282
0.00525
0.01340
-0.00613
-0.00085
0.00452
-0.00482
0.00720
0.00943
-0.00616
-0.00204
0.00772
0.00238
0.00232
0.00891
-0.00009
-0.00433
-0.00061
-0.00632
-0.00607
0.00043
0.00284
0.00140
0.00388
0.00449
0.00247
0.00412
0.00528
0.00180
-0.00125
-0.00296
-0.00394
-0.00369
-0.00128
-0.00153
-0.00223
-0.00049
0.00409
0.00537
0.00595
0.00674
0.00354
-0.00049
-0.00061
-0.00177
-0.00259
-0.00204
-0.00128
-0.00058
-0.00003
0.00064
-0.00076
-0.00076
0.00052
0.00003
0.00089
0.00177
0.00146
0.00095
0.00037
0.00027
-0.00082
-0.00168
-0.00253
-0.00290
-0.00116
-0.00018
-0.00031
-0.00104
-0.00119
-0.00128
-0.00171
-0.00079
-0.00024
-0.00021
0.00009
-0.00024
0.00003
0.00070
0.00076
0.00024
0.00003
0.00058
-0.00031
-0.00101
-0.00082
-0.00143
-0.00146
-0.00052
-0.00034
-0.00021
-0.00015
-0.00009
-0.00067
-0.00034
-0.00043
-0.00165
-0.00128
-0.00046
-0.00043
-0.00079
-0.00095
-0.00089
-0.00104
-0.00119
-0.00113
-0.00116
-0.00113
-0.00076
-0.00031
-0.00003
-0.00012
-0.00018
-0.00021
-0.00052
-0.00076
-0.00104
-0.00110
-0.00089
-0.00070
-0.00076
-0.00085
-0.00140
-0.00201
-0.00168
-0.00082
-0.00018
0.00021
0.00052
0.00058
0.00067
0.00085
0.00095
0.00067
0.00018
-0.00027
-0.00058
-0.00064
-0.00076
-0.00104
-0.00104
-0.00089
-0.00076
-0.00061
-0.00073
-0.00143
-0.00150
-0.00052
0.00021
0.00052
0.00070
0.00089
0.00085
0.00052
0.00037
0.00015
-0.00027
-0.00043
-0.00027
0.00009
0.00000
0.00000
0.00000
0.00000
0.00000
0.00000
0.00000
0.00000
0.00000
0.00000
0.00000
0.00000
0.00000
0.00000
0.00000
0.00000
0.00000
0.00000
0.00000
0.00000
0.00000
0.00000
0.00000
0.00000
0.00000
0.00000
0.00000
0.00000
0.00000
0.00000
0.00000
0.00000
0.00000
0.00000
0.00000
0.00000
0.00000
0.00000
0.00000
0.00000
0.00000
0.00000
0.00000
0.00000
0.00000
0.00000
0.00000
0.00000
0.00000
0.00000
0.00000
0.00000
0.00000
0.00000
0.00000
0.00000
0.00000
0.00000
0.00000
0.00000
0.00000
0.00000
0.00000
0.00000
0.00000
0.00000
0.00000
0.00000
0.00000
0.00000
0.00000
0.00000
0.00000
0.00000
0.00000
0.00000
0.00000
0.00000
0.00000
0.00000
0.00000
0.00000
0.00000
0.00000
0.00000
0.00000
0.00000
0.00000
0.00000
0.00000
0.00000
0.00000
0.00000
0.00000
0.00000
0.00000
0.00000
0.00000
0.00000
0.00000
0.00000
0.00000
0.00000
0.00000
0.00000
0.00000
0.00000
0.00000
0.00000
0.00000
0.00000
0.00000
0.00000
0.00000
0.00000
0.00000
0.00000
0.00000
0.00000
0.00000
0.00000
0.00000
0.00000
0.00000
0.00000
0.00000
0.00000
0.00000
0.00000
0.00000
0.00000
0.00000
0.00000
0.00000
0.00000
0.00000
0.00000
0.00000
0.00000
0.00000
0.00000
0.00000
0.00000
0.00000
0.00000
0.00000
0.00000
0.00000
0.00000
0.00000
