-0.00024
-0.00024
-0.00024
-0.00021
-0.00021
-0.00024
-0.00024
-0.00024
-0.00021
-0.00024
-0.00024
-0.00021
-0.00024
-0.00027
-0.00027
-0.00021
-0.00024
-0.00024
-0.00021
-0.00021
-0.00021
-0.00024
-0.00024
-0.00024
-0.00024
-0.00021
-0.00024
-0.00024
-0.00024
-0.00027
-0.00024
-0.00024
-0.00024
-0.00024
-0.00031
-0.00015
-0.00024
-0.00024
-0.00021
-0.00027
-0.00021
-0.00024
-0.00021
-0.00024
-0.00027
-0.00027
-0.00027
-0.00027
-0.00027
-0.00024
-0.00021
-0.00024
-0.00024
-0.00024
-0.00024
-0.00027
-0.00027
-0.00024
-0.00024
-0.00027
-0.00027
-0.00024
-0.00027
-0.00031
-0.00021
-0.00021
-0.00031
-0.00027
-0.00024
-0.00024
-0.00024
-0.00024
-0.00024
-0.00024
-0.00024
-0.00024
-0.00024
-0.00024
-0.00027
-0.00027
-0.00024
-0.00024
-0.00024
-0.00021
-0.00021
-0.00024
-0.00027
-0.00024
-0.00024
-0.00024
-0.00027
-0.00024
-0.00024
-0.00024
-0.00024
-0.00024
-0.00027
-0.00031
-0.00024
-0.00024
-0.00024
-0.00027
-0.00024
-0.00021
-0.00024
-0.00024
-0.00024
-0.00024
-0.00027
-0.00027
-0.00024
-0.00021
-0.00024
-0.00024
-0.00024
-0.00024
-0.00027
-0.00027
-0.00024
-0.00024
-0.00024
-0.00024
-0.00021
-0.00024
-0.00027
-0.00027
-0.00024
-0.00027
-0.00027
-0.00021
-0.00021
-0.00024
-0.00024
-0.00024
-0.00024
-0.00024
-0.00024
-0.00021
-0.00024
-0.00024
-0.00021
-0.00018
-0.00024
-0.00024
-0.00021
-0.00024
-0.00024
-0.00021
-0.00021
-0.00021
-0.00021
-0.00021
-0.00021
-0.00021
-0.00024
-0.00024
-0.00021
-0.00021
-0.00024
-0.00018
-0.00018
-0.00021
-0.00021
-0.00018
-0.00018
-0.00021
-0.00021
-0.00018
-0.00021
-0.00024
-0.00021
-0.00015
-0.00018
-0.00021
-0.00018
-0.00018
-0.00021
-0.00021
-0.00021
-0.00018
-0.00021
-0.00021
-0.00018
-0.00006
-0.00021
-0.00031
-0.00034
-0.00034
-0.00027
-0.00009
0.00021
-0.00015
-0.01083
-0.05984
-0.06253
-0.01459
0.01706
0.03598
0.03436
0.02841
0.02487
0.01843
-0.00388
-0.01819
-0.01398
-0.01035
-0.00333
0.00888
0.00369
-0.00299
0.00098
0.00180
0.00296
0.00876
0.00168
-0.00403
0.00220
0.00427
0.00150
0.00293
0.00333
-0.00089
-0.00037
-0.00085
-0.00391
-0.00256
-0.00027
-0.00027
0.00092
0.00281
0.00317
0.00330
0.00403
0.00372
0.00195
0.00027
-0.00153
-0.00272
-0.00150
0.00055
0.00079
0.00055
0.00110
0.00214
0.00192
0.00189
0.00201
0.00046
-0.00101
-0.00095
0.00015
0.00101
0.00153
0.00204
0.00122
0.00040
-0.00061
-0.00183
-0.00195
-0.00131
-0.00037
0.00049
0.00134
0.00174
0.00098
0.00061
0.00049
-0.00067
-0.00140
-0.00131
-0.00095
-0.00073
-0.00085
-0.00061
-0.00076
-0.00095
-0.00107
-0.00110
-0.00079
-0.00055
-0.00046
-0.00021
-0.00003
0.00012
0.00012
0.00018
0.00015
0.00003
-0.00034
-0.00046
-0.00058
-0.00076
-0.00049
-0.00037
-0.00043
-0.00064
-0.00055
-0.00079
-0.00122
-0.00113
-0.00079
-0.00043
-0.00021
0.00000
-0.00009
-0.00040
-0.00061
-0.00082
-0.00085
-0.00128
-0.00143
-0.00131
-0.00122
-0.00107
-0.00073
-0.00027
0.00000
0.00009
-0.00015
-0.00052
-0.00055
-0.00052
-0.00058
-0.00052
-0.00079
-0.00125
-0.00137
-0.00119
-0.00104
-0.00089
-0.00064
-0.00040
-0.00021
-0.00006
-0.00015
-0.00018
0.00003
0.00046
0.00067
0.00049
0.00000
-0.00046
-0.00073
-0.00067
-0.00049
-0.00055
-0.00073
-0.00089
-0.00107
-0.00140
-0.00140
-0.00098
-0.00040
0.00009
0.00037
0.00070
0.00085
0.00079
0.00064
0.00021
-0.00015
-0.00037
-0.00031
-0.00015
0.00000
0.00015
0.00027
0.00037
0.00040
0.00027
-0.00024
-0.00046
-0.00009
0.00031
0.00012
-0.00037
-0.00031
0.00006
0.00000
0.00000
0.00000
0.00000
0.00000
0.00000
0.00000
0.00000
0.00000
0.00000
0.00000
0.00000
0.00000
0.00000
0.00000
0.00000
0.00000
0.00000
0.00000
0.00000
0.00000
0.00000
0.00000
0.00000
0.00000
0.00000
0.00000
0.00000
0.00000
0.00000
0.00000
0.00000
0.00000
0.00000
0.00000
0.00000
0.00000
0.00000
0.00000
0.00000
0.00000
0.00000
0.00000
0.00000
0.00000
0.00000
0.00000
0.00000
0.00000
0.00000
0.00000
0.00000
0.00000
0.00000
0.00000
0.00000
0.00000
0.00000
0.00000
0.00000
0.00000
0.00000
0.00000
0.00000
0.00000
0.00000
0.00000
0.00000
0.00000
0.00000
0.00000
0.00000
0.00000
0.00000
0.00000
0.00000
0.00000
0.00000
0.00000
0.00000
0.00000
0.00000
0.00000
0.00000
0.00000
0.00000
0.00000
0.00000
0.00000
0.00000
0.00000
0.00000
0.00000
0.00000
0.00000
0.00000
0.00000
0.00000
0.00000
0.00000
0.00000
0.00000
0.00000
0.00000
0.00000
0.00000
0.00000
0.00000
0.00000
0.00000
0.00000
0.00000
0.00000
0.00000
0.00000
0.00000
0.00000
0.00000
0.00000
0.00000
0.00000
0.00000
0.00000
0.00000
0.00000
0.00000
0.00000
0.00000
0.00000
0.00000
0.00000
0.00000
0.00000
0.00000
