-0.00018
-0.00021
-0.00015
-0.00012
-0.00015
-0.00012
-0.00012
-0.00015
-0.00021
-0.00018
-0.00015
-0.00018
-0.00021
-0.00021
-0.00018
-0.00018
-0.00015
-0.00018
-0.00018
-0.00018
-0.00015
-0.00012
-0.00015
-0.00015
-0.00015
-0.00015
-0.00018
-0.00021
-0.00021
-0.00018
-0.00015
-0.00018
-0.00015
-0.00012
-0.00021
-0.00015
-0.00018
-0.00015
-0.00015
-0.00018
-0.00015
-0.00018
-0.00021
-0.00021
-0.00018
-0.00018
-0.00015
-0.00009
-0.00012
-0.00015
-0.00018
-0.00018
-0.00018
-0.00018
-0.00015
-0.00012
-0.00015
-0.00015
-0.00018
-0.00015
-0.00015
-0.00015
-0.00018
-0.00015
-0.00015
-0.00021
-0.00018
-0.00018
-0.00018
-0.00018
-0.00015
-0.00015
-0.00015
-0.00012
-0.00012
-0.00012
-0.00018
-0.00018
-0.00018
-0.00018
-0.00021
-0.00021
-0.00015
-0.00015
-0.00015
-0.00012
-0.00015
-0.00015
-0.00021
-0.00021
-0.00015
-0.00015
-0.00015
-0.00015
-0.00012
-0.00018
-0.00021
-0.00015
-0.00015
-0.00015
-0.00012
-0.00012
-0.00018
-0.00018
-0.00015
-0.00015
-0.00015
-0.00012
-0.00015
-0.00015
-0.00015
-0.00018
-0.00018
-0.00015
-0.00015
-0.00018
-0.00018
-0.00015
-0.00018
-0.00018
-0.00012
-0.00009
-0.00012
-0.00012
-0.00012
-0.00015
-0.00021
-0.00018
-0.00015
-0.00021
-0.00021
-0.00018
-0.00018
-0.00015
-0.00015
-0.00018
-0.00018
-0.00015
-0.00015
-0.00015
-0.00012
-0.00015
-0.00018
-0.00015
-0.00015
-0.00021
-0.00021
-0.00021
-0.00021
-0.00021
-0.00018
-0.00012
-0.00012
-0.00015
-0.00018
-0.00015
-0.00021
-0.00024
-0.00021
-0.00015
-0.00012
-0.00015
-0.00015
-0.00015
-0.00018
-0.00021
-0.00021
-0.00021
-0.00021
-0.00021
-0.00015
-0.00012
-0.00015
-0.00018
-0.00018
-0.00015
-0.00021
-0.00024
-0.00021
-0.00021
-0.00018
-0.00021
-0.00006
-0.00024
0.00000
-0.00061
0.00000
-0.00064
0.00015
-0.00055
0.00079
-0.01425
-0.06561
-0.06033
-0.02652
0.02591
0.04587
0.03979
0.03226
0.02606
0.02081
-0.01077
-0.02213
-0.01968
-0.01251
-0.00073
0.00964
0.00510
0.00174
-0.00131
-0.00101
0.00397
0.00830
0.00076
-0.00320
0.00146
0.00238
0.00238
0.00446
0.00299
0.00131
0.00128
-0.00217
-0.00467
-0.00363
-0.00134
-0.00134
0.00131
0.00287
0.00385
0.00467
0.00491
0.00302
0.00113
-0.00061
-0.00134
-0.00150
-0.00119
-0.00055
-0.00043
-0.00052
0.00018
0.00085
0.00067
0.00095
0.00211
0.00333
0.00388
0.00360
0.00198
0.00058
-0.00098
-0.00244
-0.00317
-0.00208
-0.00125
-0.00095
-0.00012
0.00058
0.00046
0.00037
0.00116
0.00131
0.00116
0.00137
0.00085
0.00000
-0.00122
-0.00266
-0.00244
-0.00146
-0.00070
-0.00116
-0.00131
-0.00101
-0.00125
-0.00085
-0.00055
-0.00034
-0.00024
-0.00024
-0.00006
0.00006
0.00012
0.00000
-0.00043
-0.00031
-0.00052
-0.00082
-0.00122
-0.00162
-0.00131
-0.00098
-0.00040
0.00000
0.00006
0.00046
-0.00012
-0.00027
-0.00052
-0.00104
-0.00137
-0.00140
-0.00104
-0.00131
-0.00104
-0.00095
-0.00085
-0.00070
-0.00089
-0.00089
-0.00095
-0.00107
-0.00098
-0.00092
-0.00067
-0.00046
-0.00031
-0.00040
-0.00073
-0.00101
-0.00113
-0.00101
-0.00067
-0.00070
-0.00110
-0.00128
-0.00146
-0.00146
-0.00104
-0.00055
-0.00024
-0.00018
-0.00003
0.00012
0.00027
0.00027
0.00021
0.00006
-0.00018
-0.00043
-0.00070
-0.00082
-0.00101
-0.00098
-0.00085
-0.00073
-0.00073
-0.00082
-0.00073
-0.00055
-0.00064
-0.00076
-0.00061
-0.00027
-0.00021
-0.00009
-0.00003
0.00009
0.00034
0.00024
0.00006
-0.00024
-0.00034
-0.00027
-0.00012
0.00006
0.00000
0.00000
0.00000
0.00000
0.00000
0.00000
0.00000
0.00000
0.00000
0.00000
0.00000
0.00000
0.00000
0.00000
0.00000
0.00000
0.00000
0.00000
0.00000
0.00000
0.00000
0.00000
0.00000
0.00000
0.00000
0.00000
0.00000
0.00000
0.00000
0.00000
0.00000
0.00000
0.00000
0.00000
0.00000
0.00000
0.00000
0.00000
0.00000
0.00000
0.00000
0.00000
0.00000
0.00000
0.00000
0.00000
0.00000
0.00000
0.00000
0.00000
0.00000
0.00000
0.00000
0.00000
0.00000
0.00000
0.00000
0.00000
0.00000
0.00000
0.00000
0.00000
0.00000
0.00000
0.00000
0.00000
0.00000
0.00000
0.00000
0.00000
0.00000
0.00000
0.00000
0.00000
0.00000
0.00000
0.00000
0.00000
0.00000
0.00000
0.00000
0.00000
0.00000
0.00000
0.00000
0.00000
0.00000
0.00000
0.00000
0.00000
0.00000
0.00000
0.00000
0.00000
0.00000
0.00000
0.00000
0.00000
0.00000
0.00000
0.00000
0.00000
0.00000
0.00000
0.00000
0.00000
0.00000
0.00000
0.00000
0.00000
0.00000
0.00000
0.00000
0.00000
0.00000
0.00000
0.00000
0.00000
0.00000
0.00000
0.00000
0.00000
0.00000
0.00000
0.00000
0.00000
0.00000
0.00000
0.00000
0.00000
0.00000
0.00000
0.00000
0.00000
0.00000
0.00000
0.00000
0.00000
0.00000
0.00000
0.00000
0.00000
0.00000
0.00000
0.00000
