-0.00018
-0.00018
-0.00012
-0.00012
-0.00018
-0.00015
-0.00009
-0.00015
-0.00015
-0.00012
-0.00012
-0.00015
-0.00015
-0.00015
-0.00015
-0.00015
-0.00012
-0.00012
-0.00018
-0.00015
-0.00018
-0.00021
-0.00018
-0.00015
-0.00015
-0.00012
-0.00006
-0.00015
-0.00015
-0.00015
-0.00018
-0.00021
-0.00021
-0.00015
-0.00024
-0.00015
-0.00021
-0.00015
-0.00015
-0.00018
-0.00015
-0.00015
-0.00012
-0.00015
-0.00018
-0.00015
-0.00015
-0.00018
-0.00018
-0.00015
-0.00021
-0.00021
-0.00015
-0.00015
-0.00015
-0.00015
-0.00015
-0.00015
-0.00015
-0.00012
-0.00021
-0.00031
-0.00018
-0.00021
-0.00021
-0.00021
-0.00021
-0.00015
-0.00015
-0.00012
-0.00015
-0.00018
-0.00018
-0.00018
-0.00018
-0.00018
-0.00021
-0.00021
-0.00018
-0.00015
-0.00018
-0.00021
-0.00018
-0.00018
-0.00021
-0.00018
-0.00018
-0.00018
-0.00021
-0.00012
-0.00015
-0.00021
-0.00018
-0.00018
-0.00015
-0.00018
-0.00021
-0.00018
-0.00015
-0.00012
-0.00018
-0.00018
-0.00015
-0.00015
-0.00021
-0.00018
-0.00015
-0.00021
-0.00015
-0.00009
-0.00012
-0.00012
-0.00012
-0.00018
-0.00015
-0.00018
-0.00018
-0.00018
-0.00018
-0.00018
-0.00018
-0.00015
-0.00018
-0.00018
-0.00018
-0.00015
-0.00015
-0.00018
-0.00015
-0.00015
-0.00018
-0.00015
-0.00015
-0.00015
-0.00012
-0.00012
-0.00018
-0.00018
-0.00015
-0.00018
-0.00021
-0.00015
-0.00012
-0.00015
-0.00015
-0.00015
-0.00021
-0.00021
-0.00021
-0.00021
-0.00018
-0.00012
-0.00018
-0.00021
-0.00015
-0.00018
-0.00021
-0.00015
-0.00015
-0.00018
-0.00021
-0.00015
-0.00015
-0.00018
-0.00018
-0.00015
-0.00015
-0.00021
-0.00024
-0.00018
-0.00024
-0.00024
-0.00018
-0.00018
-0.00018
-0.00018
-0.00012
-0.00027
-0.00006
-0.00043
0.00015
-0.00058
0.00018
-0.00089
0.00049
-0.00101
-0.00009
-0.04166
-0.13568
-0.05853
0.03198
0.05261
0.06949
0.03976
0.03949
0.04327
0.01300
-0.03540
-0.03735
-0.01352
-0.00961
0.01184
0.01953
-0.00488
-0.00775
-0.00009
-0.00443
0.00586
0.01321
-0.00519
-0.00244
0.00931
0.00488
0.00189
0.00787
0.00198
-0.00217
0.00070
-0.00595
-0.00900
-0.00192
0.00171
-0.00067
0.00238
0.00568
0.00412
0.00494
0.00665
0.00317
-0.00043
-0.00272
-0.00342
-0.00610
-0.00342
-0.00040
0.00058
0.00198
0.00394
0.00601
0.00406
0.00302
0.00201
-0.00165
-0.00235
-0.00107
-0.00070
0.00089
0.00067
0.00040
-0.00128
-0.00073
-0.00150
-0.00262
-0.00040
0.00128
0.00140
0.00122
0.00162
0.00156
0.00052
0.00113
0.00049
-0.00101
-0.00217
-0.00397
-0.00320
-0.00177
-0.00095
-0.00104
-0.00159
-0.00067
-0.00049
-0.00046
0.00003
-0.00021
-0.00012
0.00003
0.00034
0.00031
0.00027
0.00040
-0.00040
-0.00024
-0.00027
-0.00095
-0.00162
-0.00122
-0.00067
-0.00049
-0.00082
-0.00027
0.00031
-0.00058
-0.00015
0.00015
-0.00061
-0.00021
-0.00006
-0.00101
-0.00131
-0.00089
-0.00180
-0.00168
-0.00125
-0.00171
-0.00089
-0.00058
-0.00125
-0.00104
-0.00006
0.00000
-0.00037
-0.00018
-0.00070
-0.00092
-0.00040
-0.00073
-0.00092
-0.00049
-0.00067
-0.00116
-0.00131
-0.00171
-0.00214
-0.00174
-0.00079
-0.00009
0.00018
0.00034
0.00055
0.00098
0.00134
0.00110
0.00058
0.00003
-0.00040
-0.00070
-0.00073
-0.00073
-0.00092
-0.00104
-0.00104
-0.00104
-0.00101
-0.00116
-0.00058
0.00031
0.00021
-0.00009
-0.00049
-0.00027
-0.00031
-0.00018
0.00006
0.00037
0.00055
0.00021
0.00021
-0.00015
-0.00031
-0.00009
0.00034
0.00070
0.00064
0.00073
0.00070
0.00089
0.00064
0.00015
-0.00046
-0.00101
-0.00089
-0.00034
0.00015
0.00021
0.00000
0.00000
0.00000
0.00000
0.00000
0.00000
0.00000
0.00000
0.00000
0.00000
0.00000
0.00000
0.00000
0.00000
0.00000
0.00000
0.00000
0.00000
0.00000
0.00000
0.00000
0.00000
0.00000
0.00000
0.00000
0.00000
0.00000
0.00000
0.00000
0.00000
0.00000
0.00000
0.00000
0.00000
0.00000
0.00000
0.00000
0.00000
0.00000
0.00000
0.00000
0.00000
0.00000
0.00000
0.00000
0.00000
0.00000
0.00000
0.00000
0.00000
0.00000
0.00000
0.00000
0.00000
0.00000
0.00000
0.00000
0.00000
0.00000
0.00000
0.00000
0.00000
0.00000
0.00000
0.00000
0.00000
0.00000
0.00000
0.00000
0.00000
0.00000
0.00000
0.00000
0.00000
0.00000
0.00000
0.00000
0.00000
0.00000
0.00000
0.00000
0.00000
0.00000
0.00000
0.00000
0.00000
0.00000
0.00000
0.00000
0.00000
0.00000
0.00000
0.00000
0.00000
0.00000
0.00000
0.00000
0.00000
0.00000
0.00000
0.00000
0.00000
0.00000
0.00000
0.00000
0.00000
0.00000
0.00000
0.00000
0.00000
0.00000
0.00000
0.00000
0.00000
0.00000
0.00000
0.00000
0.00000
0.00000
0.00000
0.00000
0.00000
0.00000
0.00000
0.00000
0.00000
0.00000
0.00000
0.00000
0.00000
0.00000
0.00000
0.00000
0.00000
0.00000
0.00000
0.00000
