-0.00009
-0.00009
-0.00009
-0.00009
-0.00015
-0.00015
-0.00012
-0.00012
-0.00009
-0.00006
-0.00006
-0.00009
-0.00009
-0.00012
-0.00012
-0.00009
-0.00009
-0.00009
-0.00012
-0.00012
-0.00009
-0.00012
-0.00012
-0.00009
-0.00006
-0.00006
-0.00006
-0.00012
-0.00012
-0.00009
-0.00012
-0.00009
-0.00012
-0.00012
-0.00018
-0.00009
-0.00015
-0.00012
-0.00009
-0.00012
-0.00009
-0.00015
-0.00012
-0.00009
-0.00012
-0.00015
-0.00009
-0.00009
-0.00015
-0.00012
-0.00012
-0.00012
-0.00015
-0.00015
-0.00015
-0.00012
-0.00012
-0.00009
-0.00012
-0.00006
-0.00015
-0.00027
-0.00012
-0.00015
-0.00018
-0.00018
-0.00018
-0.00015
-0.00012
-0.00012
-0.00012
-0.00015
-0.00015
-0.00012
-0.00015
-0.00015
-0.00012
-0.00018
-0.00018
-0.00012
-0.00018
-0.00021
-0.00015
-0.00015
-0.00018
-0.00018
-0.00012
-0.00015
-0.00015
-0.00009
-0.00015
-0.00018
-0.00015
-0.00018
-0.00015
-0.00015
-0.00018
-0.00015
-0.00009
-0.00009
-0.00015
-0.00009
-0.00009
-0.00012
-0.00012
-0.00009
-0.00012
-0.00018
-0.00015
-0.00015
-0.00015
-0.00012
-0.00012
-0.00012
-0.00012
-0.00012
-0.00015
-0.00012
-0.00012
-0.00015
-0.00015
-0.00012
-0.00015
-0.00015
-0.00009
-0.00009
-0.00012
-0.00012
-0.00015
-0.00012
-0.00015
-0.00012
-0.00012
-0.00012
-0.00006
-0.00009
-0.00009
-0.00012
-0.00009
-0.00012
-0.00015
-0.00012
-0.00009
-0.00012
-0.00009
-0.00009
-0.00009
-0.00006
-0.00012
-0.00015
-0.00012
-0.00012
-0.00012
-0.00012
-0.00006
-0.00009
-0.00009
-0.00006
-0.00009
-0.00006
-0.00009
-0.00009
-0.00009
-0.00009
-0.00009
-0.00012
-0.00006
-0.00009
-0.00015
-0.00009
-0.00009
-0.00009
-0.00009
-0.00009
-0.00009
-0.00012
-0.00003
-0.00015
0.00000
-0.00031
0.00024
-0.00052
0.00031
-0.00079
0.00061
-0.00098
0.00006
-0.04108
-0.13373
-0.05838
0.03098
0.05344
0.06805
0.04028
0.03928
0.04181
0.01340
-0.03607
-0.03574
-0.01331
-0.00931
0.01147
0.01907
-0.00433
-0.00885
-0.00040
-0.00418
0.00668
0.01422
-0.00488
-0.00198
0.00989
0.00394
0.00095
0.00735
0.00220
-0.00150
0.00073
-0.00583
-0.00821
-0.00174
0.00153
-0.00067
0.00256
0.00546
0.00397
0.00522
0.00662
0.00323
-0.00055
-0.00256
-0.00388
-0.00668
-0.00327
0.00049
0.00211
0.00241
0.00476
0.00574
0.00272
0.00229
0.00150
-0.00278
-0.00204
-0.00067
0.00027
0.00156
0.00119
0.00000
-0.00174
-0.00070
-0.00165
-0.00244
0.00031
0.00143
0.00119
0.00134
0.00156
0.00125
0.00046
0.00098
0.00027
-0.00085
-0.00214
-0.00391
-0.00299
-0.00153
-0.00095
-0.00085
-0.00146
-0.00079
-0.00076
-0.00073
0.00003
-0.00018
-0.00027
0.00021
0.00046
0.00018
0.00024
0.00040
-0.00034
-0.00040
-0.00049
-0.00101
-0.00165
-0.00107
-0.00046
-0.00049
-0.00082
-0.00027
0.00024
-0.00052
-0.00003
0.00000
-0.00076
-0.00012
-0.00006
-0.00113
-0.00104
-0.00089
-0.00183
-0.00165
-0.00137
-0.00171
-0.00082
-0.00070
-0.00122
-0.00073
-0.00006
-0.00018
-0.00034
-0.00031
-0.00082
-0.00082
-0.00040
-0.00089
-0.00095
-0.00052
-0.00076
-0.00116
-0.00128
-0.00174
-0.00208
-0.00168
-0.00095
-0.00021
0.00015
0.00037
0.00061
0.00104
0.00131
0.00104
0.00055
0.00012
-0.00027
-0.00070
-0.00079
-0.00079
-0.00095
-0.00113
-0.00113
-0.00146
-0.00140
-0.00064
0.00015
0.00061
0.00027
-0.00015
-0.00107
-0.00085
-0.00046
-0.00021
-0.00006
0.00027
0.00070
0.00046
0.00015
-0.00027
-0.00024
-0.00003
0.00034
0.00052
0.00055
0.00082
0.00073
0.00079
0.00079
0.00055
-0.00027
-0.00104
-0.00107
-0.00055
0.00000
-0.00003
-0.00012
-0.00037
-0.00043
-0.00049
-0.00095
-0.00107
-0.00122
-0.00009
0.00000
0.00000
0.00000
0.00000
0.00000
0.00000
0.00000
0.00000
0.00000
0.00000
0.00000
0.00000
0.00000
0.00000
0.00000
0.00000
0.00000
0.00000
0.00000
0.00000
0.00000
0.00000
0.00000
0.00000
0.00000
0.00000
0.00000
0.00000
0.00000
0.00000
0.00000
0.00000
0.00000
0.00000
0.00000
0.00000
0.00000
0.00000
0.00000
0.00000
0.00000
0.00000
0.00000
0.00000
0.00000
0.00000
0.00000
0.00000
0.00000
0.00000
0.00000
0.00000
0.00000
0.00000
0.00000
0.00000
0.00000
0.00000
0.00000
0.00000
0.00000
0.00000
0.00000
0.00000
0.00000
0.00000
0.00000
0.00000
0.00000
0.00000
0.00000
0.00000
0.00000
0.00000
0.00000
0.00000
0.00000
0.00000
0.00000
0.00000
0.00000
0.00000
0.00000
0.00000
0.00000
0.00000
0.00000
0.00000
0.00000
0.00000
0.00000
0.00000
0.00000
0.00000
0.00000
0.00000
0.00000
0.00000
0.00000
0.00000
0.00000
0.00000
0.00000
0.00000
0.00000
0.00000
0.00000
0.00000
0.00000
0.00000
0.00000
0.00000
0.00000
0.00000
0.00000
0.00000
0.00000
0.00000
0.00000
0.00000
0.00000
0.00000
0.00000
0.00000
0.00000
0.00000
0.00000
0.00000
0.00000
