-0.00009
-0.00012
-0.00015
-0.00009
-0.00012
-0.00021
-0.00015
-0.00009
-0.00009
-0.00006
-0.00003
-0.00006
-0.00006
-0.00012
-0.00018
-0.00015
-0.00012
-0.00015
-0.00015
-0.00006
-0.00006
-0.00015
-0.00012
-0.00009
-0.00012
-0.00012
-0.00012
-0.00009
-0.00012
-0.00015
-0.00015
-0.00015
-0.00015
-0.00012
-0.00024
0.00000
-0.00012
-0.00015
-0.00015
-0.00021
-0.00018
-0.00018
-0.00018
-0.00015
-0.00015
-0.00018
-0.00012
-0.00012
-0.00015
-0.00015
-0.00015
-0.00018
-0.00021
-0.00021
-0.00021
-0.00018
-0.00021
-0.00021
-0.00015
-0.00009
-0.00018
-0.00031
-0.00012
-0.00018
-0.00021
-0.00018
-0.00021
-0.00021
-0.00021
-0.00015
-0.00015
-0.00015
-0.00015
-0.00015
-0.00015
-0.00018
-0.00018
-0.00018
-0.00021
-0.00021
-0.00021
-0.00027
-0.00024
-0.00021
-0.00024
-0.00021
-0.00018
-0.00018
-0.00018
-0.00012
-0.00018
-0.00021
-0.00015
-0.00021
-0.00024
-0.00021
-0.00024
-0.00024
-0.00021
-0.00018
-0.00024
-0.00021
-0.00018
-0.00018
-0.00021
-0.00018
-0.00018
-0.00018
-0.00021
-0.00021
-0.00021
-0.00021
-0.00024
-0.00024
-0.00027
-0.00024
-0.00024
-0.00024
-0.00021
-0.00018
-0.00021
-0.00024
-0.00018
-0.00018
-0.00024
-0.00021
-0.00018
-0.00018
-0.00021
-0.00021
-0.00024
-0.00024
-0.00024
-0.00027
-0.00024
-0.00027
-0.00031
-0.00024
-0.00018
-0.00021
-0.00021
-0.00018
-0.00018
-0.00024
-0.00027
-0.00024
-0.00024
-0.00027
-0.00031
-0.00027
-0.00024
-0.00024
-0.00024
-0.00024
-0.00027
-0.00027
-0.00024
-0.00018
-0.00018
-0.00024
-0.00027
-0.00024
-0.00027
-0.00027
-0.00031
-0.00027
-0.00021
-0.00031
-0.00034
-0.00024
-0.00027
-0.00027
-0.00021
-0.00024
-0.00024
-0.00027
-0.00021
-0.00034
-0.00012
-0.00043
0.00006
-0.00067
0.00006
-0.00095
0.00027
-0.00101
-0.00006
-0.03729
-0.13129
-0.06415
0.02795
0.05380
0.06735
0.04245
0.03812
0.03979
0.01620
-0.03622
-0.03607
-0.01392
-0.00925
0.00946
0.01950
-0.00391
-0.01047
-0.00040
-0.00424
0.00653
0.01562
-0.00436
-0.00262
0.00983
0.00275
-0.00046
0.00684
0.00281
-0.00159
0.00082
-0.00513
-0.00790
-0.00229
0.00116
-0.00122
0.00214
0.00500
0.00354
0.00516
0.00668
0.00330
-0.00064
-0.00278
-0.00385
-0.00696
-0.00391
0.00049
0.00244
0.00272
0.00452
0.00583
0.00259
0.00201
0.00085
-0.00287
-0.00272
-0.00104
0.00043
0.00186
0.00140
-0.00003
-0.00192
-0.00110
-0.00165
-0.00241
0.00027
0.00143
0.00116
0.00113
0.00134
0.00079
0.00006
0.00070
0.00034
-0.00082
-0.00201
-0.00363
-0.00296
-0.00156
-0.00107
-0.00092
-0.00156
-0.00113
-0.00095
-0.00089
-0.00006
-0.00018
-0.00034
0.00012
0.00037
0.00012
0.00006
0.00027
-0.00034
-0.00046
-0.00070
-0.00101
-0.00162
-0.00113
-0.00052
-0.00052
-0.00082
-0.00040
0.00024
-0.00043
-0.00015
-0.00009
-0.00085
-0.00015
-0.00009
-0.00107
-0.00107
-0.00101
-0.00177
-0.00174
-0.00137
-0.00177
-0.00092
-0.00070
-0.00116
-0.00073
-0.00027
-0.00034
-0.00049
-0.00040
-0.00082
-0.00082
-0.00043
-0.00092
-0.00095
-0.00061
-0.00082
-0.00119
-0.00125
-0.00174
-0.00211
-0.00177
-0.00116
-0.00040
0.00009
0.00037
0.00055
0.00095
0.00122
0.00098
0.00052
0.00009
-0.00034
-0.00079
-0.00085
-0.00082
-0.00104
-0.00113
-0.00134
-0.00168
-0.00125
-0.00043
0.00031
0.00049
0.00043
-0.00040
-0.00128
-0.00104
-0.00064
-0.00058
-0.00027
0.00018
0.00067
0.00061
0.00024
-0.00018
-0.00027
-0.00003
0.00015
0.00061
0.00067
0.00067
0.00073
0.00085
0.00058
0.00052
0.00006
0.00000
0.00000
0.00000
0.00000
0.00000
0.00000
0.00000
0.00000
0.00000
0.00000
0.00000
0.00000
0.00000
0.00000
0.00000
0.00000
0.00000
0.00000
0.00000
0.00000
0.00000
0.00000
0.00000
0.00000
0.00000
0.00000
0.00000
0.00000
0.00000
0.00000
0.00000
0.00000
0.00000
0.00000
0.00000
0.00000
0.00000
0.00000
0.00000
0.00000
0.00000
0.00000
0.00000
0.00000
0.00000
0.00000
0.00000
0.00000
0.00000
0.00000
0.00000
0.00000
0.00000
0.00000
0.00000
0.00000
0.00000
0.00000
0.00000
0.00000
0.00000
0.00000
0.00000
0.00000
0.00000
0.00000
0.00000
0.00000
0.00000
0.00000
0.00000
0.00000
0.00000
0.00000
0.00000
0.00000
0.00000
0.00000
0.00000
0.00000
0.00000
0.00000
0.00000
0.00000
0.00000
0.00000
0.00000
0.00000
0.00000
0.00000
0.00000
0.00000
0.00000
0.00000
0.00000
0.00000
0.00000
0.00000
0.00000
0.00000
0.00000
0.00000
0.00000
0.00000
0.00000
0.00000
0.00000
0.00000
0.00000
0.00000
0.00000
0.00000
0.00000
0.00000
0.00000
0.00000
0.00000
0.00000
0.00000
0.00000
0.00000
0.00000
0.00000
0.00000
0.00000
0.00000
0.00000
0.00000
0.00000
0.00000
0.00000
0.00000
0.00000
0.00000
0.00000
0.00000
0.00000
0.00000
0.00000
0.00000
0.00000
0.00000
