-0.00037
-0.00037
-0.00040
-0.00040
-0.00034
-0.00043
-0.00037
-0.00034
-0.00037
-0.00040
-0.00037
-0.00037
-0.00040
-0.00040
-0.00040
-0.00040
-0.00040
-0.00040
-0.00040
-0.00037
-0.00034
-0.00037
-0.00040
-0.00037
-0.00040
-0.00040
-0.00037
-0.00037
-0.00037
-0.00037
-0.00034
-0.00040
-0.00043
-0.00043
-0.00058
-0.00027
-0.00040
-0.00040
-0.00037
-0.00040
-0.00037
-0.00040
-0.00037
-0.00040
-0.00040
-0.00037
-0.00037
-0.00037
-0.00037
-0.00037
-0.00037
-0.00034
-0.00037
-0.00037
-0.00037
-0.00040
-0.00040
-0.00037
-0.00037
-0.00040
-0.00027
-0.00040
-0.00043
-0.00034
-0.00034
-0.00034
-0.00040
-0.00037
-0.00037
-0.00034
-0.00034
-0.00034
-0.00034
-0.00034
-0.00034
-0.00034
-0.00031
-0.00034
-0.00037
-0.00031
-0.00031
-0.00040
-0.00037
-0.00034
-0.00034
-0.00037
-0.00037
-0.00034
-0.00034
-0.00031
-0.00031
-0.00034
-0.00037
-0.00034
-0.00031
-0.00027
-0.00034
-0.00034
-0.00031
-0.00027
-0.00031
-0.00037
-0.00031
-0.00027
-0.00031
-0.00031
-0.00027
-0.00031
-0.00034
-0.00027
-0.00027
-0.00031
-0.00031
-0.00027
-0.00027
-0.00024
-0.00024
-0.00027
-0.00027
-0.00027
-0.00031
-0.00031
-0.00031
-0.00031
-0.00027
-0.00024
-0.00024
-0.00024
-0.00027
-0.00031
-0.00031
-0.00031
-0.00024
-0.00021
-0.00021
-0.00018
-0.00021
-0.00024
-0.00027
-0.00024
-0.00024
-0.00027
-0.00024
-0.00018
-0.00024
-0.00024
-0.00024
-0.00021
-0.00021
-0.00024
-0.00018
-0.00021
-0.00021
-0.00024
-0.00021
-0.00021
-0.00021
-0.00021
-0.00018
-0.00018
-0.00021
-0.00024
-0.00021
-0.00024
-0.00021
-0.00024
-0.00018
-0.00018
-0.00024
-0.00024
-0.00024
-0.00018
-0.00018
-0.00018
-0.00018
-0.00018
-0.00015
-0.00015
-0.00018
-0.00006
-0.00040
0.00012
-0.00073
0.00055
-0.00165
0.00183
-0.00290
0.00024
-0.07291
-0.12354
-0.03519
0.03601
0.07623
0.05588
0.04749
0.03558
0.03293
-0.00427
-0.04456
-0.02975
-0.01065
-0.00174
0.01273
0.01111
-0.00723
-0.00702
0.00006
0.00299
0.01285
0.01181
-0.00677
-0.00165
0.00577
0.00073
0.00085
0.00699
0.00232
0.00070
0.00043
-0.00513
-0.00647
-0.00128
0.00024
-0.00156
0.00223
0.00455
0.00467
0.00543
0.00613
0.00314
-0.00110
-0.00342
-0.00302
-0.00284
-0.00040
-0.00177
-0.00305
-0.00226
0.00467
0.00577
0.00739
0.00839
0.00314
-0.00104
-0.00266
-0.00339
-0.00339
-0.00165
0.00037
0.00037
0.00159
0.00146
-0.00171
-0.00067
0.00003
0.00012
0.00027
0.00110
0.00125
0.00040
0.00116
0.00098
0.00043
-0.00027
-0.00192
-0.00305
-0.00183
-0.00113
-0.00098
-0.00180
-0.00156
-0.00137
-0.00104
0.00024
0.00076
0.00040
0.00027
0.00003
0.00000
0.00006
0.00073
0.00021
-0.00027
-0.00024
-0.00070
-0.00107
-0.00156
-0.00089
-0.00031
-0.00031
-0.00040
-0.00021
0.00021
-0.00009
-0.00009
0.00043
-0.00012
-0.00003
-0.00031
-0.00064
-0.00101
-0.00153
-0.00165
-0.00143
-0.00134
-0.00150
-0.00092
-0.00027
-0.00058
-0.00027
0.00009
-0.00012
-0.00012
-0.00009
-0.00043
-0.00085
-0.00070
-0.00092
-0.00104
-0.00052
-0.00052
-0.00085
-0.00076
-0.00113
-0.00180
-0.00162
-0.00082
-0.00012
0.00034
0.00067
0.00076
0.00089
0.00131
0.00131
0.00085
0.00024
-0.00037
-0.00076
-0.00073
-0.00061
-0.00101
-0.00116
-0.00098
-0.00079
-0.00040
-0.00006
0.00006
-0.00046
-0.00009
0.00000
0.00000
0.00000
0.00000
0.00000
0.00000
0.00000
0.00000
0.00000
0.00000
0.00000
0.00000
0.00000
0.00000
0.00000
0.00000
0.00000
0.00000
0.00000
0.00000
0.00000
0.00000
0.00000
0.00000
0.00000
0.00000
0.00000
0.00000
0.00000
0.00000
0.00000
0.00000
0.00000
0.00000
0.00000
0.00000
0.00000
0.00000
0.00000
0.00000
0.00000
0.00000
0.00000
0.00000
0.00000
0.00000
0.00000
0.00000
0.00000
0.00000
0.00000
0.00000
0.00000
0.00000
0.00000
0.00000
0.00000
0.00000
0.00000
0.00000
0.00000
0.00000
0.00000
0.00000
0.00000
0.00000
0.00000
0.00000
0.00000
0.00000
0.00000
0.00000
0.00000
0.00000
0.00000
0.00000
0.00000
0.00000
0.00000
0.00000
0.00000
0.00000
0.00000
0.00000
0.00000
0.00000
0.00000
0.00000
0.00000
0.00000
0.00000
0.00000
0.00000
0.00000
0.00000
0.00000
0.00000
0.00000
0.00000
0.00000
0.00000
0.00000
0.00000
0.00000
0.00000
0.00000
0.00000
0.00000
0.00000
0.00000
0.00000
0.00000
0.00000
0.00000
0.00000
0.00000
0.00000
0.00000
0.00000
0.00000
0.00000
0.00000
0.00000
0.00000
0.00000
0.00000
0.00000
0.00000
0.00000
0.00000
0.00000
0.00000
0.00000
0.00000
0.00000
0.00000
0.00000
0.00000
0.00000
0.00000
0.00000
0.00000
0.00000
0.00000
0.00000
0.00000
0.00000
0.00000
0.00000
0.00000
0.00000
0.00000
0.00000
0.00000
0.00000
0.00000
0.00000
0.00000
0.00000
0.00000
0.00000
0.00000
0.00000
