-0.00024
-0.00021
-0.00021
-0.00024
-0.00027
-0.00031
-0.00027
-0.00031
-0.00031
-0.00027
-0.00027
-0.00024
-0.00024
-0.00024
-0.00027
-0.00027
-0.00031
-0.00027
-0.00034
-0.00031
-0.00024
-0.00027
-0.00027
-0.00024
-0.00024
-0.00027
-0.00027
-0.00027
-0.00027
-0.00031
-0.00034
-0.00034
-0.00031
-0.00031
-0.00037
-0.00024
-0.00024
-0.00027
-0.00027
-0.00031
-0.00034
-0.00040
-0.00034
-0.00027
-0.00027
-0.00034
-0.00027
-0.00027
-0.00031
-0.00031
-0.00027
-0.00027
-0.00031
-0.00034
-0.00031
-0.00031
-0.00037
-0.00034
-0.00037
-0.00031
-0.00031
-0.00043
-0.00027
-0.00021
-0.00027
-0.00027
-0.00031
-0.00031
-0.00031
-0.00034
-0.00034
-0.00037
-0.00034
-0.00031
-0.00034
-0.00034
-0.00031
-0.00034
-0.00034
-0.00031
-0.00027
-0.00034
-0.00031
-0.00031
-0.00037
-0.00037
-0.00034
-0.00031
-0.00031
-0.00027
-0.00027
-0.00031
-0.00027
-0.00031
-0.00034
-0.00034
-0.00037
-0.00037
-0.00034
-0.00034
-0.00034
-0.00034
-0.00027
-0.00024
-0.00027
-0.00027
-0.00031
-0.00034
-0.00034
-0.00031
-0.00034
-0.00034
-0.00031
-0.00031
-0.00031
-0.00027
-0.00027
-0.00031
-0.00031
-0.00031
-0.00031
-0.00031
-0.00031
-0.00034
-0.00034
-0.00034
-0.00034
-0.00034
-0.00034
-0.00034
-0.00037
-0.00034
-0.00034
-0.00034
-0.00034
-0.00031
-0.00034
-0.00034
-0.00031
-0.00027
-0.00024
-0.00027
-0.00021
-0.00024
-0.00031
-0.00031
-0.00034
-0.00034
-0.00034
-0.00034
-0.00034
-0.00034
-0.00037
-0.00037
-0.00031
-0.00027
-0.00031
-0.00027
-0.00024
-0.00031
-0.00034
-0.00034
-0.00031
-0.00034
-0.00031
-0.00027
-0.00024
-0.00027
-0.00034
-0.00031
-0.00034
-0.00031
-0.00027
-0.00027
-0.00027
-0.00031
-0.00027
-0.00034
-0.00027
-0.00040
-0.00021
-0.00024
-0.00043
0.00000
-0.00079
0.00055
-0.00177
-0.01392
-0.10370
-0.09113
0.01352
0.03271
0.05402
0.04593
0.03540
0.04324
0.02417
-0.01398
-0.03442
-0.01733
-0.00894
-0.00348
0.01852
0.00342
-0.01007
0.00229
-0.00119
-0.00021
0.01227
0.00092
-0.00671
0.00464
0.00662
0.00171
0.00644
0.00641
-0.00229
-0.00269
-0.00333
-0.00766
-0.00488
0.00159
0.00180
0.00140
0.00565
0.00513
0.00281
0.00540
0.00427
0.00034
-0.00171
-0.00266
-0.00534
-0.00513
-0.00143
-0.00116
0.00003
0.00241
0.00601
0.00577
0.00540
0.00504
0.00064
-0.00275
-0.00281
-0.00241
-0.00125
-0.00037
0.00070
0.00006
-0.00058
-0.00049
-0.00195
-0.00058
0.00089
0.00064
0.00098
0.00153
0.00165
0.00027
0.00049
0.00061
-0.00116
-0.00195
-0.00317
-0.00311
-0.00156
-0.00073
-0.00076
-0.00143
-0.00089
-0.00098
-0.00128
-0.00040
-0.00049
-0.00015
0.00021
-0.00012
0.00018
0.00040
0.00061
-0.00009
-0.00015
0.00034
-0.00092
-0.00140
-0.00098
-0.00116
-0.00119
-0.00089
-0.00015
-0.00043
-0.00021
0.00000
-0.00043
-0.00031
-0.00009
-0.00116
-0.00134
-0.00070
-0.00110
-0.00168
-0.00137
-0.00113
-0.00134
-0.00095
-0.00107
-0.00116
-0.00089
-0.00046
-0.00031
-0.00043
-0.00055
-0.00070
-0.00034
-0.00055
-0.00098
-0.00079
-0.00085
-0.00104
-0.00116
-0.00128
-0.00143
-0.00162
-0.00177
-0.00140
-0.00070
-0.00015
0.00021
0.00064
0.00095
0.00085
0.00079
0.00073
0.00040
-0.00018
-0.00061
-0.00070
-0.00076
-0.00095
-0.00116
-0.00134
-0.00137
-0.00089
-0.00058
-0.00027
-0.00024
-0.00085
-0.00098
-0.00061
0.00003
0.00031
0.00037
0.00052
0.00037
0.00046
0.00024
-0.00040
-0.00049
-0.00031
-0.00003
0.00000
0.00000
0.00000
0.00000
0.00000
0.00000
0.00000
0.00000
0.00000
0.00000
0.00000
0.00000
0.00000
0.00000
0.00000
0.00000
0.00000
0.00000
0.00000
0.00000
0.00000
0.00000
0.00000
0.00000
0.00000
0.00000
0.00000
0.00000
0.00000
0.00000
0.00000
0.00000
0.00000
0.00000
0.00000
0.00000
0.00000
0.00000
0.00000
0.00000
0.00000
0.00000
0.00000
0.00000
0.00000
0.00000
0.00000
0.00000
0.00000
0.00000
0.00000
0.00000
0.00000
0.00000
0.00000
0.00000
0.00000
0.00000
0.00000
0.00000
0.00000
0.00000
0.00000
0.00000
0.00000
0.00000
0.00000
0.00000
0.00000
0.00000
0.00000
0.00000
0.00000
0.00000
0.00000
0.00000
0.00000
0.00000
0.00000
0.00000
0.00000
0.00000
0.00000
0.00000
0.00000
0.00000
0.00000
0.00000
0.00000
0.00000
0.00000
0.00000
0.00000
0.00000
0.00000
0.00000
0.00000
0.00000
0.00000
0.00000
0.00000
0.00000
0.00000
0.00000
0.00000
0.00000
0.00000
0.00000
0.00000
0.00000
0.00000
0.00000
0.00000
0.00000
0.00000
0.00000
0.00000
0.00000
0.00000
0.00000
0.00000
0.00000
0.00000
0.00000
0.00000
0.00000
0.00000
0.00000
0.00000
0.00000
0.00000
0.00000
0.00000
0.00000
0.00000
0.00000
0.00000
0.00000
0.00000
0.00000
0.00000
0.00000
0.00000
0.00000
0.00000
0.00000
0.00000
0.00000
0.00000
0.00000
0.00000
