-0.00012
-0.00009
-0.00012
-0.00012
-0.00015
-0.00015
-0.00018
-0.00018
-0.00015
-0.00012
-0.00015
-0.00018
-0.00012
-0.00012
-0.00018
-0.00018
-0.00018
-0.00018
-0.00018
-0.00015
-0.00018
-0.00018
-0.00015
-0.00018
-0.00021
-0.00021
-0.00018
-0.00018
-0.00015
-0.00015
-0.00015
-0.00018
-0.00018
-0.00021
-0.00031
-0.00015
-0.00021
-0.00018
-0.00018
-0.00021
-0.00018
-0.00024
-0.00021
-0.00021
-0.00021
-0.00018
-0.00018
-0.00018
-0.00018
-0.00018
-0.00018
-0.00021
-0.00021
-0.00021
-0.00021
-0.00021
-0.00024
-0.00021
-0.00021
-0.00018
-0.00021
-0.00012
-0.00021
-0.00031
-0.00024
-0.00021
-0.00018
-0.00024
-0.00021
-0.00021
-0.00021
-0.00021
-0.00021
-0.00021
-0.00024
-0.00021
-0.00018
-0.00018
-0.00018
-0.00018
-0.00018
-0.00018
-0.00021
-0.00024
-0.00021
-0.00021
-0.00024
-0.00024
-0.00021
-0.00024
-0.00021
-0.00015
-0.00018
-0.00021
-0.00024
-0.00024
-0.00021
-0.00021
-0.00024
-0.00024
-0.00021
-0.00021
-0.00027
-0.00024
-0.00021
-0.00021
-0.00027
-0.00021
-0.00021
-0.00027
-0.00021
-0.00021
-0.00021
-0.00024
-0.00021
-0.00021
-0.00027
-0.00024
-0.00024
-0.00024
-0.00024
-0.00027
-0.00027
-0.00027
-0.00027
-0.00027
-0.00021
-0.00021
-0.00021
-0.00024
-0.00024
-0.00027
-0.00027
-0.00024
-0.00024
-0.00027
-0.00027
-0.00024
-0.00027
-0.00027
-0.00024
-0.00024
-0.00027
-0.00027
-0.00027
-0.00027
-0.00027
-0.00027
-0.00027
-0.00024
-0.00027
-0.00027
-0.00027
-0.00024
-0.00031
-0.00031
-0.00027
-0.00027
-0.00031
-0.00027
-0.00024
-0.00024
-0.00027
-0.00027
-0.00031
-0.00031
-0.00031
-0.00031
-0.00024
-0.00027
-0.00031
-0.00031
-0.00031
-0.00027
-0.00031
-0.00031
-0.00027
-0.00027
-0.00021
-0.00034
-0.00015
-0.00052
0.00000
-0.00070
-0.00003
-0.00101
0.00040
-0.00098
0.00079
-0.02130
-0.09488
-0.07361
-0.01218
0.04901
0.05966
0.04697
0.03873
0.02911
0.02087
-0.02325
-0.03305
-0.02017
-0.00821
0.00165
0.01093
0.00275
-0.00171
-0.00217
0.00119
0.00723
0.01147
-0.00055
-0.00662
0.00174
0.00317
0.00098
0.00482
0.00522
0.00146
0.00012
-0.00262
-0.00446
-0.00409
-0.00125
-0.00174
0.00024
0.00272
0.00424
0.00415
0.00504
0.00458
0.00168
-0.00150
-0.00208
-0.00284
-0.00232
0.00012
0.00003
-0.00192
-0.00128
0.00034
0.00201
0.00467
0.00687
0.00476
0.00192
0.00061
-0.00134
-0.00314
-0.00287
-0.00162
-0.00085
0.00058
0.00067
-0.00046
-0.00143
-0.00073
-0.00012
0.00037
0.00131
0.00116
0.00052
0.00122
0.00107
-0.00009
-0.00131
-0.00232
-0.00211
-0.00171
-0.00104
-0.00186
-0.00250
-0.00159
-0.00140
-0.00040
0.00018
0.00040
0.00027
-0.00003
-0.00006
-0.00037
-0.00034
0.00003
-0.00040
-0.00015
-0.00027
-0.00076
-0.00165
-0.00171
-0.00101
-0.00095
-0.00110
-0.00031
-0.00003
-0.00003
0.00015
0.00000
0.00000
-0.00012
-0.00027
-0.00113
-0.00131
-0.00162
-0.00211
-0.00165
-0.00150
-0.00143
-0.00092
-0.00064
-0.00082
-0.00076
-0.00003
-0.00009
-0.00018
-0.00034
-0.00098
-0.00119
-0.00119
-0.00125
-0.00101
-0.00043
-0.00049
-0.00089
-0.00110
-0.00140
-0.00168
-0.00159
-0.00113
-0.00076
-0.00046
-0.00018
0.00006
0.00046
0.00082
0.00092
0.00067
0.00024
-0.00031
-0.00098
-0.00128
-0.00119
-0.00101
-0.00085
-0.00070
-0.00079
-0.00089
-0.00076
-0.00052
-0.00037
-0.00031
-0.00018
-0.00067
-0.00058
-0.00003
-0.00009
-0.00037
-0.00027
-0.00006
-0.00018
0.00009
-0.00003
-0.00006
0.00003
-0.00009
0.00009
0.00031
0.00043
0.00061
0.00052
0.00052
0.00040
0.00027
-0.00009
0.00000
0.00000
0.00000
0.00000
0.00000
0.00000
0.00000
0.00000
0.00000
0.00000
0.00000
0.00000
0.00000
0.00000
0.00000
0.00000
0.00000
0.00000
0.00000
0.00000
0.00000
0.00000
0.00000
0.00000
0.00000
0.00000
0.00000
0.00000
0.00000
0.00000
0.00000
0.00000
0.00000
0.00000
0.00000
0.00000
0.00000
0.00000
0.00000
0.00000
0.00000
0.00000
0.00000
0.00000
0.00000
0.00000
0.00000
0.00000
0.00000
0.00000
0.00000
0.00000
0.00000
0.00000
0.00000
0.00000
0.00000
0.00000
0.00000
0.00000
0.00000
0.00000
0.00000
0.00000
0.00000
0.00000
0.00000
0.00000
0.00000
0.00000
0.00000
0.00000
0.00000
0.00000
0.00000
0.00000
0.00000
0.00000
0.00000
0.00000
0.00000
0.00000
0.00000
0.00000
0.00000
0.00000
0.00000
0.00000
0.00000
0.00000
0.00000
0.00000
0.00000
0.00000
0.00000
0.00000
0.00000
0.00000
0.00000
0.00000
0.00000
0.00000
0.00000
0.00000
0.00000
0.00000
0.00000
0.00000
0.00000
0.00000
0.00000
0.00000
0.00000
0.00000
0.00000
0.00000
0.00000
0.00000
0.00000
0.00000
0.00000
0.00000
0.00000
0.00000
0.00000
0.00000
0.00000
0.00000
0.00000
0.00000
0.00000
0.00000
0.00000
0.00000
0.00000
0.00000
0.00000
0.00000
0.00000
