-0.00024
-0.00021
-0.00021
-0.00021
-0.00021
-0.00021
-0.00024
-0.00024
-0.00021
-0.00021
-0.00021
-0.00021
-0.00021
-0.00021
-0.00021
-0.00024
-0.00021
-0.00021
-0.00021
-0.00021
-0.00021
-0.00018
-0.00024
-0.00024
-0.00021
-0.00024
-0.00024
-0.00021
-0.00018
-0.00021
-0.00021
-0.00021
-0.00021
-0.00021
-0.00031
-0.00021
-0.00024
-0.00021
-0.00018
-0.00021
-0.00018
-0.00024
-0.00024
-0.00021
-0.00024
-0.00021
-0.00018
-0.00021
-0.00021
-0.00021
-0.00021
-0.00018
-0.00021
-0.00021
-0.00021
-0.00021
-0.00021
-0.00024
-0.00021
-0.00021
-0.00021
-0.00021
-0.00024
-0.00021
-0.00021
-0.00021
-0.00021
-0.00024
-0.00024
-0.00021
-0.00021
-0.00021
-0.00018
-0.00018
-0.00024
-0.00027
-0.00021
-0.00021
-0.00021
-0.00024
-0.00021
-0.00021
-0.00024
-0.00021
-0.00018
-0.00021
-0.00024
-0.00021
-0.00021
-0.00021
-0.00018
-0.00021
-0.00021
-0.00021
-0.00024
-0.00021
-0.00018
-0.00021
-0.00021
-0.00018
-0.00018
-0.00024
-0.00018
-0.00018
-0.00021
-0.00021
-0.00021
-0.00018
-0.00021
-0.00024
-0.00021
-0.00021
-0.00021
-0.00021
-0.00018
-0.00018
-0.00018
-0.00018
-0.00018
-0.00018
-0.00021
-0.00021
-0.00018
-0.00018
-0.00021
-0.00018
-0.00015
-0.00018
-0.00018
-0.00021
-0.00018
-0.00021
-0.00021
-0.00018
-0.00018
-0.00015
-0.00018
-0.00018
-0.00018
-0.00021
-0.00021
-0.00021
-0.00021
-0.00018
-0.00021
-0.00018
-0.00018
-0.00018
-0.00018
-0.00021
-0.00021
-0.00021
-0.00021
-0.00021
-0.00021
-0.00018
-0.00018
-0.00018
-0.00018
-0.00018
-0.00021
-0.00024
-0.00024
-0.00024
-0.00024
-0.00024
-0.00021
-0.00015
-0.00018
-0.00021
-0.00021
-0.00021
-0.00024
-0.00024
-0.00024
-0.00021
-0.00024
-0.00021
-0.00024
-0.00015
-0.00031
-0.00015
-0.00027
-0.00021
-0.00018
-0.00064
0.00021
-0.00119
-0.00784
-0.06833
-0.06470
-0.02213
-0.00055
0.03754
0.05618
0.05380
0.02258
0.00787
0.00171
0.01157
0.00256
-0.03217
-0.03976
-0.01443
0.00211
0.01392
0.01932
0.00821
-0.00058
0.00089
0.00012
0.00256
0.00607
0.00125
-0.00256
0.00067
0.00131
-0.00143
-0.00037
-0.00052
-0.00037
-0.00198
-0.00049
-0.00012
-0.00085
0.00137
0.00449
0.00461
0.00424
0.00320
0.00058
-0.00043
-0.00006
-0.00195
-0.00351
-0.00287
-0.00290
-0.00204
0.00238
0.00418
0.00488
0.00647
0.00418
0.00153
-0.00128
-0.00278
-0.00287
-0.00143
-0.00040
-0.00027
-0.00070
0.00040
0.00043
0.00095
0.00015
-0.00055
-0.00040
-0.00067
-0.00012
0.00058
0.00125
0.00150
0.00079
-0.00037
-0.00101
-0.00183
-0.00201
-0.00189
-0.00156
-0.00165
-0.00177
-0.00137
-0.00150
-0.00049
0.00046
0.00024
0.00024
-0.00009
-0.00027
0.00006
0.00024
0.00018
-0.00034
-0.00015
-0.00003
-0.00073
-0.00085
-0.00070
-0.00070
-0.00092
-0.00168
-0.00143
-0.00064
-0.00079
-0.00098
-0.00024
0.00043
0.00082
0.00043
-0.00034
-0.00055
-0.00098
-0.00220
-0.00211
-0.00116
-0.00165
-0.00165
-0.00122
-0.00156
-0.00092
0.00003
0.00024
0.00003
0.00003
-0.00064
-0.00119
-0.00095
-0.00101
-0.00089
-0.00027
-0.00052
-0.00122
-0.00143
-0.00177
-0.00180
-0.00125
-0.00064
-0.00043
-0.00037
-0.00018
-0.00003
0.00037
0.00079
0.00101
0.00076
0.00006
-0.00055
-0.00082
-0.00067
-0.00070
-0.00122
-0.00134
-0.00101
-0.00064
-0.00098
-0.00049
-0.00073
-0.00131
-0.00040
-0.00040
0.00009
-0.00021
-0.00009
-0.00018
-0.00058
-0.00012
0.00000
0.00000
0.00000
0.00000
0.00000
0.00000
0.00000
0.00000
0.00000
0.00000
0.00000
0.00000
0.00000
0.00000
0.00000
0.00000
0.00000
0.00000
0.00000
0.00000
0.00000
0.00000
0.00000
0.00000
0.00000
0.00000
0.00000
0.00000
0.00000
0.00000
0.00000
0.00000
0.00000
0.00000
0.00000
0.00000
0.00000
0.00000
0.00000
0.00000
0.00000
0.00000
0.00000
0.00000
0.00000
0.00000
0.00000
0.00000
0.00000
0.00000
0.00000
0.00000
0.00000
0.00000
0.00000
0.00000
0.00000
0.00000
0.00000
0.00000
0.00000
0.00000
0.00000
0.00000
0.00000
0.00000
0.00000
0.00000
0.00000
0.00000
0.00000
0.00000
0.00000
0.00000
0.00000
0.00000
0.00000
0.00000
0.00000
0.00000
0.00000
0.00000
0.00000
0.00000
0.00000
0.00000
0.00000
0.00000
0.00000
0.00000
0.00000
0.00000
0.00000
0.00000
0.00000
0.00000
0.00000
0.00000
0.00000
0.00000
0.00000
0.00000
0.00000
0.00000
0.00000
0.00000
0.00000
0.00000
0.00000
0.00000
0.00000
0.00000
0.00000
0.00000
0.00000
0.00000
0.00000
0.00000
0.00000
0.00000
0.00000
0.00000
0.00000
0.00000
0.00000
0.00000
0.00000
0.00000
0.00000
0.00000
0.00000
0.00000
0.00000
0.00000
0.00000
0.00000
0.00000
0.00000
0.00000
0.00000
0.00000
0.00000
0.00000
0.00000
0.00000
0.00000
0.00000
0.00000
0.00000
0.00000
0.00000
0.00000
0.00000
0.00000
0.00000
0.00000
