-0.00021
-0.00018
-0.00021
-0.00018
-0.00018
-0.00024
-0.00024
-0.00021
-0.00024
-0.00024
-0.00021
-0.00021
-0.00021
-0.00018
-0.00018
-0.00018
-0.00018
-0.00021
-0.00021
-0.00021
-0.00018
-0.00018
-0.00021
-0.00021
-0.00021
-0.00024
-0.00021
-0.00021
-0.00021
-0.00024
-0.00018
-0.00018
-0.00021
-0.00018
-0.00027
-0.00021
-0.00018
-0.00018
-0.00018
-0.00024
-0.00024
-0.00024
-0.00024
-0.00021
-0.00021
-0.00018
-0.00018
-0.00021
-0.00021
-0.00015
-0.00018
-0.00021
-0.00021
-0.00021
-0.00021
-0.00021
-0.00021
-0.00021
-0.00021
-0.00021
-0.00015
-0.00024
-0.00024
-0.00015
-0.00021
-0.00021
-0.00021
-0.00018
-0.00021
-0.00021
-0.00018
-0.00018
-0.00018
-0.00024
-0.00024
-0.00021
-0.00018
-0.00018
-0.00018
-0.00018
-0.00018
-0.00021
-0.00021
-0.00018
-0.00021
-0.00021
-0.00024
-0.00021
-0.00018
-0.00021
-0.00018
-0.00015
-0.00018
-0.00021
-0.00021
-0.00018
-0.00018
-0.00021
-0.00021
-0.00021
-0.00021
-0.00021
-0.00018
-0.00015
-0.00018
-0.00018
-0.00015
-0.00018
-0.00024
-0.00024
-0.00021
-0.00024
-0.00021
-0.00021
-0.00021
-0.00021
-0.00021
-0.00018
-0.00012
-0.00012
-0.00018
-0.00015
-0.00012
-0.00018
-0.00024
-0.00024
-0.00024
-0.00024
-0.00021
-0.00018
-0.00018
-0.00021
-0.00015
-0.00018
-0.00018
-0.00018
-0.00021
-0.00018
-0.00018
-0.00018
-0.00015
-0.00018
-0.00021
-0.00021
-0.00021
-0.00021
-0.00021
-0.00021
-0.00018
-0.00021
-0.00021
-0.00021
-0.00021
-0.00021
-0.00021
-0.00018
-0.00018
-0.00018
-0.00018
-0.00018
-0.00018
-0.00021
-0.00024
-0.00024
-0.00021
-0.00024
-0.00024
-0.00018
-0.00021
-0.00027
-0.00027
-0.00024
-0.00021
-0.00021
-0.00018
-0.00015
-0.00018
-0.00018
-0.00024
-0.00009
-0.00046
0.00000
-0.00067
0.00034
-0.00113
0.00073
-0.00180
0.00085
-0.03409
-0.08551
-0.04056
-0.01166
0.01691
0.05130
0.06155
0.04138
0.01312
0.00290
0.00458
0.01361
-0.01306
-0.04385
-0.03000
-0.00281
0.00674
0.01755
0.01566
0.00211
-0.00058
0.00189
0.00000
0.00598
0.00586
-0.00177
-0.00229
0.00174
-0.00067
-0.00159
-0.00024
-0.00031
-0.00095
-0.00156
0.00031
-0.00085
0.00024
0.00311
0.00458
0.00433
0.00467
0.00195
-0.00076
-0.00107
-0.00040
-0.00345
-0.00394
-0.00266
-0.00253
0.00159
0.00449
0.00562
0.00577
0.00394
0.00174
-0.00110
-0.00244
-0.00311
-0.00208
-0.00012
0.00000
0.00000
0.00015
0.00027
0.00052
0.00031
-0.00015
-0.00043
-0.00055
-0.00095
0.00027
0.00113
0.00128
0.00131
0.00009
-0.00067
-0.00153
-0.00229
-0.00186
-0.00156
-0.00119
-0.00198
-0.00189
-0.00162
-0.00131
0.00015
0.00043
0.00024
0.00015
-0.00046
-0.00009
0.00046
0.00034
-0.00018
-0.00064
0.00000
-0.00034
-0.00101
-0.00067
-0.00067
-0.00092
-0.00113
-0.00180
-0.00110
-0.00073
-0.00089
-0.00079
0.00003
0.00055
0.00052
0.00043
-0.00037
-0.00085
-0.00128
-0.00241
-0.00189
-0.00131
-0.00174
-0.00146
-0.00134
-0.00159
-0.00085
0.00034
0.00043
0.00000
-0.00024
-0.00098
-0.00125
-0.00085
-0.00098
-0.00067
-0.00046
-0.00089
-0.00128
-0.00143
-0.00189
-0.00192
-0.00113
-0.00049
-0.00034
-0.00015
-0.00003
0.00009
0.00064
0.00101
0.00101
0.00049
-0.00021
-0.00079
-0.00079
-0.00055
-0.00076
-0.00137
-0.00146
-0.00113
-0.00082
-0.00015
-0.00037
-0.00073
-0.00079
-0.00049
-0.00012
-0.00043
-0.00034
-0.00034
-0.00046
-0.00027
0.00003
0.00000
0.00000
0.00000
0.00000
0.00000
0.00000
0.00000
0.00000
0.00000
0.00000
0.00000
0.00000
0.00000
0.00000
0.00000
0.00000
0.00000
0.00000
0.00000
0.00000
0.00000
0.00000
0.00000
0.00000
0.00000
0.00000
0.00000
0.00000
0.00000
0.00000
0.00000
0.00000
0.00000
0.00000
0.00000
0.00000
0.00000
0.00000
0.00000
0.00000
0.00000
0.00000
0.00000
0.00000
0.00000
0.00000
0.00000
0.00000
0.00000
0.00000
0.00000
0.00000
0.00000
0.00000
0.00000
0.00000
0.00000
0.00000
0.00000
0.00000
0.00000
0.00000
0.00000
0.00000
0.00000
0.00000
0.00000
0.00000
0.00000
0.00000
0.00000
0.00000
0.00000
0.00000
0.00000
0.00000
0.00000
0.00000
0.00000
0.00000
0.00000
0.00000
0.00000
0.00000
0.00000
0.00000
0.00000
0.00000
0.00000
0.00000
0.00000
0.00000
0.00000
0.00000
0.00000
0.00000
0.00000
0.00000
0.00000
0.00000
0.00000
0.00000
0.00000
0.00000
0.00000
0.00000
0.00000
0.00000
0.00000
0.00000
0.00000
0.00000
0.00000
0.00000
0.00000
0.00000
0.00000
0.00000
0.00000
0.00000
0.00000
0.00000
0.00000
0.00000
0.00000
0.00000
0.00000
0.00000
0.00000
0.00000
0.00000
0.00000
0.00000
0.00000
0.00000
0.00000
0.00000
0.00000
0.00000
0.00000
0.00000
0.00000
0.00000
0.00000
0.00000
0.00000
0.00000
0.00000
0.00000
0.00000
0.00000
0.00000
0.00000
0.00000
0.00000
0.00000
