-0.00046
-0.00043
-0.00043
-0.00043
-0.00043
-0.00043
-0.00046
-0.00043
-0.00043
-0.00046
-0.00046
-0.00046
-0.00046
-0.00046
-0.00046
-0.00043
-0.00046
-0.00043
-0.00043
-0.00043
-0.00040
-0.00043
-0.00046
-0.00046
-0.00046
-0.00046
-0.00046
-0.00043
-0.00043
-0.00040
-0.00040
-0.00043
-0.00043
-0.00043
-0.00052
-0.00046
-0.00043
-0.00043
-0.00043
-0.00046
-0.00040
-0.00043
-0.00043
-0.00043
-0.00040
-0.00040
-0.00043
-0.00046
-0.00043
-0.00043
-0.00043
-0.00040
-0.00040
-0.00040
-0.00040
-0.00043
-0.00043
-0.00040
-0.00043
-0.00040
-0.00040
-0.00049
-0.00043
-0.00040
-0.00043
-0.00040
-0.00040
-0.00040
-0.00040
-0.00040
-0.00037
-0.00034
-0.00037
-0.00040
-0.00040
-0.00043
-0.00040
-0.00040
-0.00040
-0.00040
-0.00040
-0.00043
-0.00037
-0.00037
-0.00043
-0.00040
-0.00037
-0.00037
-0.00040
-0.00034
-0.00034
-0.00037
-0.00037
-0.00037
-0.00040
-0.00040
-0.00040
-0.00040
-0.00037
-0.00040
-0.00040
-0.00037
-0.00037
-0.00034
-0.00037
-0.00037
-0.00034
-0.00040
-0.00043
-0.00040
-0.00040
-0.00043
-0.00040
-0.00037
-0.00037
-0.00037
-0.00034
-0.00031
-0.00034
-0.00034
-0.00037
-0.00037
-0.00037
-0.00037
-0.00037
-0.00037
-0.00037
-0.00037
-0.00037
-0.00034
-0.00040
-0.00037
-0.00034
-0.00037
-0.00037
-0.00034
-0.00034
-0.00034
-0.00034
-0.00034
-0.00034
-0.00034
-0.00034
-0.00034
-0.00037
-0.00037
-0.00034
-0.00034
-0.00034
-0.00034
-0.00031
-0.00031
-0.00031
-0.00031
-0.00027
-0.00027
-0.00034
-0.00031
-0.00031
-0.00034
-0.00034
-0.00031
-0.00031
-0.00031
-0.00027
-0.00031
-0.00024
-0.00024
-0.00034
-0.00031
-0.00027
-0.00034
-0.00031
-0.00027
-0.00024
-0.00027
-0.00027
-0.00027
-0.00021
-0.00027
-0.00027
-0.00015
-0.00046
0.00009
-0.00098
0.00061
-0.00180
-0.00482
-0.06686
-0.07858
-0.01889
-0.00388
0.03452
0.06134
0.05865
0.02838
0.00687
0.00037
0.01044
0.00867
-0.03058
-0.04544
-0.01553
0.00378
0.01007
0.01862
0.00934
-0.00156
0.00113
0.00153
0.00162
0.00916
0.00372
-0.00375
-0.00037
0.00119
-0.00296
-0.00107
-0.00003
-0.00024
-0.00143
-0.00027
0.00000
-0.00073
0.00223
0.00412
0.00397
0.00476
0.00421
0.00067
-0.00162
-0.00101
-0.00241
-0.00491
-0.00238
-0.00168
0.00046
0.00366
0.00635
0.00558
0.00333
0.00226
-0.00027
-0.00256
-0.00305
-0.00232
0.00012
0.00089
0.00073
-0.00006
-0.00031
0.00031
-0.00024
0.00021
0.00037
-0.00009
-0.00098
-0.00055
0.00110
0.00140
0.00122
0.00089
-0.00027
-0.00092
-0.00195
-0.00217
-0.00156
-0.00110
-0.00113
-0.00198
-0.00183
-0.00150
-0.00079
0.00037
0.00055
0.00040
-0.00006
-0.00024
0.00037
0.00058
0.00043
-0.00034
-0.00049
-0.00006
-0.00055
-0.00085
-0.00031
-0.00046
-0.00079
-0.00116
-0.00153
-0.00061
-0.00052
-0.00098
-0.00021
0.00021
0.00040
0.00067
0.00040
-0.00049
-0.00079
-0.00156
-0.00223
-0.00131
-0.00128
-0.00159
-0.00113
-0.00134
-0.00153
-0.00040
0.00076
0.00031
0.00015
-0.00027
-0.00107
-0.00092
-0.00055
-0.00058
-0.00046
-0.00055
-0.00107
-0.00125
-0.00137
-0.00174
-0.00165
-0.00082
-0.00027
-0.00003
0.00012
0.00018
0.00043
0.00101
0.00125
0.00101
0.00031
-0.00037
-0.00064
-0.00052
-0.00034
-0.00064
-0.00125
-0.00174
-0.00119
0.00000
0.00015
-0.00009
-0.00046
-0.00070
-0.00055
-0.00043
-0.00024
-0.00021
-0.00040
-0.00040
-0.00009
0.00052
0.00101
0.00098
0.00064
-0.00006
-0.00061
-0.00037
0.00024
0.00076
0.00107
0.00082
0.00040
0.00003
-0.00024
-0.00015
-0.00073
-0.00116
-0.00058
0.00006
0.00015
0.00015
0.00134
0.00119
0.00027
0.00073
0.00046
0.00012
0.00046
0.00076
0.00043
0.00009
0.00015
0.00000
0.00000
0.00000
0.00000
0.00000
0.00000
0.00000
0.00000
0.00000
0.00000
0.00000
0.00000
0.00000
0.00000
0.00000
0.00000
0.00000
0.00000
0.00000
0.00000
0.00000
0.00000
0.00000
0.00000
0.00000
0.00000
0.00000
0.00000
0.00000
0.00000
0.00000
0.00000
0.00000
0.00000
0.00000
0.00000
0.00000
0.00000
0.00000
0.00000
0.00000
0.00000
0.00000
0.00000
0.00000
0.00000
0.00000
0.00000
0.00000
0.00000
0.00000
0.00000
0.00000
0.00000
0.00000
0.00000
0.00000
0.00000
0.00000
0.00000
0.00000
0.00000
0.00000
0.00000
0.00000
0.00000
0.00000
0.00000
0.00000
0.00000
0.00000
0.00000
0.00000
0.00000
0.00000
0.00000
0.00000
0.00000
0.00000
0.00000
0.00000
0.00000
0.00000
0.00000
0.00000
0.00000
0.00000
0.00000
0.00000
0.00000
0.00000
0.00000
0.00000
0.00000
0.00000
0.00000
0.00000
0.00000
0.00000
0.00000
0.00000
0.00000
0.00000
0.00000
0.00000
0.00000
0.00000
0.00000
0.00000
0.00000
0.00000
0.00000
0.00000
0.00000
0.00000
0.00000
0.00000
0.00000
0.00000
0.00000
0.00000
0.00000
0.00000
0.00000
0.00000
