0.00003
0.00003
0.00003
0.00003
0.00006
0.00003
0.00003
0.00003
0.00006
0.00003
0.00000
0.00000
0.00000
0.00000
0.00000
0.00000
0.00003
0.00000
0.00003
0.00006
0.00006
0.00003
0.00003
0.00006
0.00000
0.00000
0.00003
0.00003
0.00000
0.00000
0.00003
0.00003
0.00006
0.00003
-0.00003
0.00006
0.00003
0.00003
0.00000
0.00003
0.00006
0.00000
0.00003
0.00003
0.00003
0.00000
0.00003
0.00006
0.00006
0.00003
0.00003
0.00000
0.00003
0.00006
0.00003
0.00003
0.00006
0.00006
0.00003
0.00003
0.00006
0.00006
0.00003
0.00006
0.00000
0.00003
0.00003
0.00000
0.00006
0.00000
0.00000
0.00000
0.00003
0.00006
0.00006
0.00009
0.00006
0.00006
0.00003
0.00006
0.00003
0.00000
0.00003
0.00003
0.00000
0.00003
0.00006
0.00003
0.00003
0.00000
0.00003
0.00003
0.00003
0.00006
0.00006
0.00006
0.00003
0.00000
0.00003
0.00000
0.00000
0.00000
0.00003
0.00000
0.00000
0.00003
0.00003
0.00003
0.00000
0.00003
0.00003
0.00000
0.00000
0.00000
0.00000
-0.00003
-0.00003
0.00000
0.00000
0.00000
0.00000
0.00000
0.00000
0.00000
0.00000
0.00000
-0.00003
0.00000
0.00000
0.00000
0.00000
0.00000
0.00000
-0.00006
-0.00003
-0.00003
0.00000
0.00000
0.00000
0.00000
0.00000
0.00000
0.00000
-0.00003
-0.00003
-0.00003
-0.00003
-0.00006
-0.00003
-0.00003
0.00000
-0.00003
-0.00003
0.00000
-0.00006
-0.00009
-0.00006
-0.00006
-0.00009
-0.00006
-0.00003
0.00000
0.00000
0.00000
-0.00003
-0.00003
-0.00009
-0.00009
-0.00009
-0.00003
-0.00009
-0.00012
-0.00006
-0.00006
-0.00009
-0.00006
-0.00006
-0.00006
-0.00009
-0.00009
-0.00003
-0.00006
-0.00006
-0.00012
0.00003
-0.00046
0.00031
-0.00101
0.00110
-0.00162
-0.00201
-0.05197
-0.06641
-0.01199
-0.01443
0.01837
0.04105
0.04553
0.03702
0.01166
0.00235
0.00348
0.00931
-0.01764
-0.03378
-0.00989
0.00012
0.00458
0.01456
0.00760
-0.00150
0.00241
-0.00101
0.00000
0.01001
0.00372
-0.00378
0.00110
0.00266
-0.00449
-0.00217
-0.00015
-0.00189
0.00101
0.00269
0.00122
0.00098
0.00269
0.00159
0.00168
0.00229
0.00159
0.00061
0.00000
-0.00070
-0.00137
-0.00150
0.00064
0.00122
-0.00021
-0.00070
0.00006
-0.00034
0.00156
0.00357
0.00299
0.00269
0.00229
0.00095
0.00070
-0.00021
-0.00168
-0.00287
-0.00275
-0.00226
-0.00128
0.00140
0.00177
0.00104
0.00085
-0.00009
0.00046
0.00034
0.00031
0.00040
-0.00034
-0.00040
-0.00140
-0.00174
-0.00146
-0.00153
-0.00040
-0.00119
-0.00140
-0.00143
-0.00168
-0.00046
-0.00049
-0.00049
-0.00034
-0.00058
0.00006
0.00031
0.00055
0.00009
-0.00052
-0.00031
-0.00134
-0.00171
-0.00085
-0.00082
-0.00064
-0.00055
-0.00049
0.00018
-0.00003
-0.00043
-0.00079
-0.00043
-0.00107
-0.00174
-0.00085
-0.00058
-0.00067
-0.00070
-0.00085
-0.00067
-0.00098
-0.00146
-0.00159
-0.00159
-0.00174
-0.00134
-0.00043
0.00000
-0.00006
-0.00049
-0.00101
-0.00098
-0.00067
-0.00058
-0.00058
-0.00079
-0.00128
-0.00150
-0.00131
-0.00134
-0.00131
-0.00104
-0.00070
-0.00061
-0.00052
-0.00043
-0.00031
0.00000
0.00046
0.00067
0.00049
-0.00006
-0.00067
-0.00073
-0.00058
-0.00070
-0.00113
-0.00131
-0.00113
-0.00079
-0.00049
-0.00049
-0.00073
-0.00085
-0.00067
-0.00046
-0.00049
-0.00058
-0.00070
-0.00055
-0.00027
0.00000
0.00000
0.00000
0.00000
0.00000
0.00000
0.00000
0.00000
0.00000
0.00000
0.00000
0.00000
0.00000
0.00000
0.00000
0.00000
0.00000
0.00000
0.00000
0.00000
0.00000
0.00000
0.00000
0.00000
0.00000
0.00000
0.00000
0.00000
0.00000
0.00000
0.00000
0.00000
0.00000
0.00000
0.00000
0.00000
0.00000
0.00000
0.00000
0.00000
0.00000
0.00000
0.00000
0.00000
0.00000
0.00000
0.00000
0.00000
0.00000
0.00000
0.00000
0.00000
0.00000
0.00000
0.00000
0.00000
0.00000
0.00000
0.00000
0.00000
0.00000
0.00000
0.00000
0.00000
0.00000
0.00000
0.00000
0.00000
0.00000
0.00000
0.00000
0.00000
0.00000
0.00000
0.00000
0.00000
0.00000
0.00000
0.00000
0.00000
0.00000
0.00000
0.00000
0.00000
0.00000
0.00000
0.00000
0.00000
0.00000
0.00000
0.00000
0.00000
0.00000
0.00000
0.00000
0.00000
0.00000
0.00000
0.00000
0.00000
0.00000
0.00000
0.00000
0.00000
0.00000
0.00000
0.00000
0.00000
0.00000
0.00000
0.00000
0.00000
0.00000
0.00000
0.00000
0.00000
0.00000
0.00000
0.00000
0.00000
0.00000
0.00000
0.00000
0.00000
0.00000
0.00000
0.00000
0.00000
0.00000
0.00000
0.00000
0.00000
0.00000
0.00000
0.00000
0.00000
0.00000
0.00000
0.00000
0.00000
0.00000
0.00000
0.00000
0.00000
0.00000
0.00000
0.00000
0.00000
0.00000
0.00000
0.00000
0.00000
0.00000
0.00000
