-0.00012
-0.00012
-0.00012
-0.00012
-0.00015
-0.00015
-0.00012
-0.00012
-0.00012
-0.00012
-0.00015
-0.00015
-0.00012
-0.00012
-0.00015
-0.00015
-0.00015
-0.00018
-0.00018
-0.00012
-0.00015
-0.00018
-0.00012
-0.00009
-0.00015
-0.00015
-0.00012
-0.00015
-0.00015
-0.00012
-0.00015
-0.00015
-0.00015
-0.00018
-0.00027
-0.00015
-0.00018
-0.00018
-0.00012
-0.00015
-0.00012
-0.00015
-0.00012
-0.00012
-0.00015
-0.00018
-0.00012
-0.00015
-0.00018
-0.00012
-0.00012
-0.00015
-0.00015
-0.00012
-0.00015
-0.00015
-0.00012
-0.00015
-0.00012
-0.00009
-0.00018
-0.00021
-0.00012
-0.00018
-0.00012
-0.00012
-0.00015
-0.00015
-0.00012
-0.00012
-0.00012
-0.00012
-0.00012
-0.00015
-0.00015
-0.00009
-0.00006
-0.00012
-0.00015
-0.00009
-0.00012
-0.00015
-0.00012
-0.00012
-0.00015
-0.00015
-0.00015
-0.00012
-0.00009
-0.00012
-0.00012
-0.00009
-0.00009
-0.00012
-0.00012
-0.00009
-0.00012
-0.00015
-0.00012
-0.00009
-0.00009
-0.00009
-0.00009
-0.00012
-0.00012
-0.00009
-0.00009
-0.00009
-0.00009
-0.00012
-0.00009
-0.00009
-0.00012
-0.00012
-0.00009
-0.00012
-0.00012
-0.00009
-0.00009
-0.00012
-0.00012
-0.00009
-0.00006
-0.00009
-0.00006
-0.00006
-0.00009
-0.00009
-0.00012
-0.00012
-0.00012
-0.00009
-0.00012
-0.00012
-0.00009
-0.00012
-0.00009
-0.00006
-0.00009
-0.00012
-0.00009
-0.00006
-0.00009
-0.00012
-0.00006
-0.00006
-0.00009
-0.00012
-0.00012
-0.00012
-0.00012
-0.00012
-0.00012
-0.00006
-0.00003
-0.00006
-0.00006
-0.00006
-0.00009
-0.00012
-0.00009
-0.00009
-0.00009
-0.00006
-0.00006
-0.00006
-0.00003
-0.00009
-0.00009
-0.00012
-0.00012
-0.00009
-0.00009
-0.00009
-0.00006
-0.00006
-0.00003
-0.00006
0.00003
-0.00021
0.00012
-0.00046
0.00034
-0.00076
0.00064
-0.00125
-0.00101
-0.04593
-0.09662
-0.02722
-0.00577
0.01471
0.06320
0.06201
0.04465
0.01053
0.00027
0.00302
0.01724
-0.01505
-0.05008
-0.02362
0.00507
0.00528
0.01675
0.01419
-0.00455
-0.00189
0.00244
-0.00134
0.01007
0.01114
-0.00183
-0.00113
0.00510
-0.00494
-0.00568
0.00143
-0.00153
-0.00201
0.00018
0.00024
-0.00027
0.00458
0.00476
0.00278
0.00528
0.00452
0.00046
-0.00049
-0.00223
-0.00552
-0.00507
-0.00076
0.00192
0.00150
0.00546
0.00516
0.00162
0.00189
0.00156
-0.00064
-0.00235
-0.00204
-0.00113
0.00082
0.00342
0.00183
-0.00031
-0.00092
-0.00198
-0.00211
0.00046
0.00156
-0.00018
-0.00040
0.00064
0.00107
0.00110
0.00104
0.00107
-0.00003
-0.00092
-0.00186
-0.00235
-0.00119
-0.00128
-0.00146
-0.00122
-0.00134
-0.00137
-0.00177
-0.00012
0.00040
0.00000
0.00073
0.00064
0.00015
0.00012
0.00021
0.00018
-0.00061
-0.00049
-0.00070
-0.00101
-0.00061
0.00003
-0.00021
-0.00067
-0.00159
-0.00073
0.00034
-0.00119
-0.00046
0.00024
0.00040
0.00079
-0.00006
-0.00073
-0.00046
-0.00131
-0.00238
-0.00116
-0.00052
-0.00165
-0.00150
-0.00122
-0.00140
-0.00073
0.00021
-0.00012
0.00003
-0.00006
-0.00107
-0.00070
-0.00021
-0.00070
-0.00049
-0.00015
-0.00092
-0.00146
-0.00165
-0.00174
-0.00150
-0.00101
-0.00058
-0.00027
0.00000
0.00018
0.00049
0.00107
0.00125
0.00107
0.00049
-0.00024
-0.00070
-0.00058
-0.00037
-0.00092
-0.00116
-0.00092
-0.00085
-0.00052
-0.00031
-0.00021
-0.00027
-0.00076
-0.00070
-0.00043
-0.00027
-0.00058
-0.00067
-0.00046
-0.00021
0.00018
0.00027
0.00040
0.00058
0.00012
-0.00031
-0.00012
0.00027
0.00055
0.00082
0.00076
0.00040
0.00040
0.00058
0.00031
-0.00018
-0.00046
-0.00067
-0.00070
-0.00073
-0.00049
-0.00040
-0.00079
-0.00076
-0.00055
-0.00040
-0.00009
0.00000
0.00000
0.00000
0.00000
0.00000
0.00000
0.00000
0.00000
0.00000
0.00000
0.00000
0.00000
0.00000
0.00000
0.00000
0.00000
0.00000
0.00000
0.00000
0.00000
0.00000
0.00000
0.00000
0.00000
0.00000
0.00000
0.00000
0.00000
0.00000
0.00000
0.00000
0.00000
0.00000
0.00000
0.00000
0.00000
0.00000
0.00000
0.00000
0.00000
0.00000
0.00000
0.00000
0.00000
0.00000
0.00000
0.00000
0.00000
0.00000
0.00000
0.00000
0.00000
0.00000
0.00000
0.00000
0.00000
0.00000
0.00000
0.00000
0.00000
0.00000
0.00000
0.00000
0.00000
0.00000
0.00000
0.00000
0.00000
0.00000
0.00000
0.00000
0.00000
0.00000
0.00000
0.00000
0.00000
0.00000
0.00000
0.00000
0.00000
0.00000
0.00000
0.00000
0.00000
0.00000
0.00000
0.00000
0.00000
0.00000
0.00000
0.00000
0.00000
0.00000
0.00000
0.00000
0.00000
0.00000
0.00000
0.00000
0.00000
0.00000
0.00000
0.00000
0.00000
0.00000
0.00000
0.00000
0.00000
0.00000
0.00000
0.00000
0.00000
0.00000
0.00000
0.00000
0.00000
0.00000
0.00000
0.00000
0.00000
0.00000
0.00000
0.00000
0.00000
0.00000
0.00000
0.00000
0.00000
0.00000
0.00000
0.00000
