-0.00024
-0.00027
-0.00018
-0.00015
-0.00021
-0.00018
-0.00021
-0.00024
-0.00027
-0.00024
-0.00021
-0.00024
-0.00018
-0.00018
-0.00021
-0.00024
-0.00024
-0.00027
-0.00027
-0.00027
-0.00027
-0.00021
-0.00024
-0.00027
-0.00024
-0.00027
-0.00027
-0.00031
-0.00031
-0.00024
-0.00027
-0.00027
-0.00024
-0.00021
-0.00034
-0.00024
-0.00024
-0.00024
-0.00027
-0.00031
-0.00027
-0.00027
-0.00027
-0.00031
-0.00031
-0.00027
-0.00031
-0.00034
-0.00027
-0.00024
-0.00024
-0.00024
-0.00024
-0.00024
-0.00027
-0.00031
-0.00031
-0.00034
-0.00031
-0.00031
-0.00034
-0.00034
-0.00034
-0.00034
-0.00034
-0.00031
-0.00027
-0.00034
-0.00031
-0.00024
-0.00031
-0.00031
-0.00034
-0.00037
-0.00037
-0.00037
-0.00037
-0.00034
-0.00031
-0.00031
-0.00031
-0.00027
-0.00024
-0.00024
-0.00027
-0.00031
-0.00037
-0.00043
-0.00043
-0.00040
-0.00037
-0.00034
-0.00034
-0.00027
-0.00027
-0.00027
-0.00031
-0.00031
-0.00034
-0.00037
-0.00037
-0.00034
-0.00037
-0.00037
-0.00037
-0.00040
-0.00040
-0.00040
-0.00037
-0.00037
-0.00034
-0.00034
-0.00034
-0.00037
-0.00040
-0.00040
-0.00040
-0.00040
-0.00040
-0.00040
-0.00037
-0.00037
-0.00034
-0.00037
-0.00037
-0.00040
-0.00040
-0.00037
-0.00040
-0.00040
-0.00037
-0.00037
-0.00040
-0.00040
-0.00040
-0.00043
-0.00046
-0.00043
-0.00040
-0.00040
-0.00037
-0.00034
-0.00031
-0.00034
-0.00034
-0.00037
-0.00040
-0.00043
-0.00043
-0.00043
-0.00046
-0.00043
-0.00043
-0.00040
-0.00034
-0.00037
-0.00037
-0.00040
-0.00037
-0.00037
-0.00037
-0.00037
-0.00040
-0.00040
-0.00043
-0.00043
-0.00043
-0.00040
-0.00037
-0.00043
-0.00040
-0.00040
-0.00040
-0.00046
-0.00046
-0.00043
-0.00046
-0.00043
-0.00037
-0.00040
-0.00040
-0.00040
-0.00040
-0.00037
-0.00037
-0.00037
-0.00046
-0.00040
-0.00076
-0.00034
-0.00095
0.00012
-0.00122
-0.00266
-0.03690
-0.05325
-0.02048
-0.01050
0.01276
0.03012
0.03513
0.02679
0.00958
0.00232
0.00424
0.00797
-0.01096
-0.02521
-0.01245
-0.00134
0.00348
0.01102
0.00812
0.00082
0.00192
-0.00021
0.00012
0.00580
0.00284
-0.00259
-0.00073
0.00064
-0.00278
-0.00101
0.00085
-0.00043
-0.00073
0.00024
-0.00003
0.00034
0.00110
0.00101
0.00201
0.00284
0.00339
0.00226
0.00085
-0.00031
-0.00137
-0.00119
-0.00031
-0.00076
-0.00131
-0.00043
0.00116
0.00131
0.00146
0.00223
0.00089
-0.00076
-0.00092
-0.00046
0.00034
0.00079
0.00146
0.00098
-0.00024
-0.00070
-0.00095
-0.00015
-0.00006
-0.00113
-0.00153
-0.00098
-0.00003
0.00000
0.00040
0.00116
0.00049
-0.00046
-0.00085
-0.00098
-0.00101
-0.00137
-0.00134
-0.00122
-0.00150
-0.00162
-0.00128
-0.00043
-0.00024
-0.00067
-0.00079
-0.00073
-0.00040
-0.00031
-0.00034
-0.00058
-0.00095
-0.00073
-0.00003
0.00031
-0.00076
-0.00049
-0.00052
-0.00058
-0.00098
-0.00159
-0.00186
-0.00171
-0.00122
-0.00061
0.00000
0.00034
-0.00027
-0.00037
-0.00049
-0.00101
-0.00116
-0.00116
-0.00165
-0.00165
-0.00162
-0.00177
-0.00165
-0.00110
-0.00043
-0.00015
-0.00015
-0.00067
-0.00073
-0.00034
-0.00040
-0.00070
-0.00076
-0.00098
-0.00128
-0.00150
-0.00143
-0.00131
-0.00110
-0.00079
-0.00046
-0.00027
-0.00049
-0.00085
-0.00082
-0.00015
0.00049
0.00052
-0.00009
-0.00055
-0.00055
-0.00049
-0.00049
-0.00085
-0.00125
-0.00116
-0.00082
-0.00052
-0.00055
-0.00089
-0.00119
-0.00113
-0.00067
-0.00027
0.00000
0.00021
0.00015
0.00000
-0.00009
0.00003
0.00000
0.00000
0.00000
0.00000
0.00000
0.00000
0.00000
0.00000
0.00000
0.00000
0.00000
0.00000
0.00000
0.00000
0.00000
0.00000
0.00000
0.00000
0.00000
0.00000
0.00000
0.00000
0.00000
0.00000
0.00000
0.00000
0.00000
0.00000
0.00000
0.00000
0.00000
0.00000
0.00000
0.00000
0.00000
0.00000
0.00000
0.00000
0.00000
0.00000
0.00000
0.00000
0.00000
0.00000
0.00000
0.00000
0.00000
0.00000
0.00000
0.00000
0.00000
0.00000
0.00000
0.00000
0.00000
0.00000
0.00000
0.00000
0.00000
0.00000
0.00000
0.00000
0.00000
0.00000
0.00000
0.00000
0.00000
0.00000
0.00000
0.00000
0.00000
0.00000
0.00000
0.00000
0.00000
0.00000
0.00000
0.00000
0.00000
0.00000
0.00000
0.00000
0.00000
0.00000
0.00000
0.00000
0.00000
0.00000
0.00000
0.00000
0.00000
0.00000
0.00000
0.00000
0.00000
0.00000
0.00000
0.00000
0.00000
0.00000
0.00000
0.00000
0.00000
0.00000
0.00000
0.00000
0.00000
0.00000
0.00000
0.00000
0.00000
0.00000
0.00000
0.00000
0.00000
0.00000
0.00000
0.00000
0.00000
0.00000
0.00000
0.00000
0.00000
0.00000
0.00000
0.00000
0.00000
0.00000
0.00000
0.00000
0.00000
0.00000
0.00000
0.00000
0.00000
0.00000
0.00000
0.00000
0.00000
0.00000
0.00000
0.00000
0.00000
0.00000
0.00000
0.00000
0.00000
0.00000
0.00000
0.00000
