-0.00027
-0.00027
-0.00024
-0.00021
-0.00024
-0.00027
-0.00021
-0.00024
-0.00027
-0.00027
-0.00024
-0.00024
-0.00027
-0.00027
-0.00024
-0.00024
-0.00027
-0.00027
-0.00027
-0.00024
-0.00027
-0.00027
-0.00021
-0.00021
-0.00024
-0.00021
-0.00021
-0.00024
-0.00024
-0.00024
-0.00027
-0.00027
-0.00024
-0.00024
-0.00034
-0.00024
-0.00027
-0.00027
-0.00024
-0.00027
-0.00021
-0.00024
-0.00024
-0.00021
-0.00021
-0.00024
-0.00024
-0.00027
-0.00024
-0.00021
-0.00024
-0.00024
-0.00021
-0.00024
-0.00024
-0.00024
-0.00024
-0.00024
-0.00027
-0.00021
-0.00024
-0.00031
-0.00021
-0.00027
-0.00027
-0.00021
-0.00021
-0.00024
-0.00024
-0.00021
-0.00021
-0.00021
-0.00021
-0.00024
-0.00024
-0.00021
-0.00021
-0.00024
-0.00024
-0.00021
-0.00024
-0.00027
-0.00021
-0.00024
-0.00024
-0.00021
-0.00024
-0.00024
-0.00024
-0.00021
-0.00024
-0.00024
-0.00018
-0.00021
-0.00021
-0.00018
-0.00021
-0.00021
-0.00021
-0.00021
-0.00024
-0.00021
-0.00021
-0.00024
-0.00021
-0.00018
-0.00018
-0.00021
-0.00018
-0.00018
-0.00021
-0.00018
-0.00021
-0.00021
-0.00018
-0.00015
-0.00018
-0.00018
-0.00018
-0.00021
-0.00021
-0.00021
-0.00018
-0.00018
-0.00018
-0.00015
-0.00012
-0.00015
-0.00015
-0.00018
-0.00021
-0.00015
-0.00015
-0.00015
-0.00012
-0.00012
-0.00018
-0.00015
-0.00012
-0.00015
-0.00015
-0.00018
-0.00012
-0.00015
-0.00018
-0.00012
-0.00012
-0.00015
-0.00018
-0.00015
-0.00012
-0.00015
-0.00015
-0.00012
-0.00009
-0.00015
-0.00015
-0.00012
-0.00015
-0.00012
-0.00009
-0.00012
-0.00012
-0.00012
-0.00015
-0.00012
-0.00006
-0.00015
-0.00015
-0.00012
-0.00015
-0.00012
-0.00009
-0.00009
-0.00012
-0.00012
-0.00009
-0.00015
0.00000
-0.00021
0.00003
-0.00034
0.00006
-0.00034
-0.00003
-0.00021
-0.00061
-0.02396
-0.08975
-0.04581
-0.00372
-0.00397
0.05002
0.05820
0.05020
0.02197
0.00244
0.00040
0.01346
0.00089
-0.04156
-0.03204
0.00037
0.00229
0.01178
0.01883
-0.00031
-0.00363
0.00153
-0.00336
0.00668
0.01385
-0.00006
-0.00281
0.00659
-0.00183
-0.00668
0.00052
-0.00165
-0.00275
-0.00034
0.00046
0.00040
0.00510
0.00537
0.00235
0.00464
0.00421
0.00079
-0.00003
-0.00195
-0.00446
-0.00439
-0.00217
0.00140
0.00101
0.00317
0.00500
0.00284
0.00256
0.00327
0.00049
-0.00198
-0.00159
-0.00119
-0.00064
0.00189
0.00192
0.00012
-0.00034
-0.00131
-0.00238
0.00031
0.00208
-0.00015
-0.00037
0.00031
0.00070
0.00125
0.00119
0.00134
0.00024
-0.00076
-0.00116
-0.00165
-0.00125
-0.00153
-0.00192
-0.00128
-0.00131
-0.00140
-0.00153
-0.00058
0.00076
0.00027
0.00046
0.00052
0.00003
0.00018
0.00009
0.00024
-0.00052
-0.00061
-0.00043
-0.00104
-0.00052
-0.00052
-0.00061
-0.00079
0.00034
0.00000
-0.00107
0.00000
0.00000
0.00049
0.00098
-0.00024
-0.00089
-0.00027
-0.00082
-0.00180
-0.00137
-0.00092
-0.00122
-0.00104
-0.00085
-0.00079
-0.00058
-0.00073
-0.00092
0.00000
0.00000
-0.00043
-0.00061
-0.00055
-0.00052
-0.00037
-0.00024
-0.00034
-0.00052
-0.00113
-0.00150
-0.00134
-0.00125
-0.00134
-0.00073
-0.00021
-0.00006
0.00003
0.00037
0.00085
0.00116
0.00128
0.00079
0.00006
-0.00067
-0.00052
0.00006
-0.00009
-0.00079
-0.00122
-0.00089
-0.00046
-0.00031
-0.00037
-0.00034
-0.00040
-0.00024
0.00015
0.00009
-0.00012
-0.00058
-0.00085
-0.00076
-0.00043
0.00021
0.00058
0.00052
0.00073
0.00049
0.00027
0.00024
0.00037
0.00055
0.00067
0.00067
0.00067
0.00070
0.00070
0.00061
0.00043
0.00000
0.00000
0.00000
0.00000
0.00000
0.00000
0.00000
0.00000
0.00000
0.00000
0.00000
0.00000
0.00000
0.00000
0.00000
0.00000
0.00000
0.00000
0.00000
0.00000
0.00000
0.00000
0.00000
0.00000
0.00000
0.00000
0.00000
0.00000
0.00000
0.00000
0.00000
0.00000
0.00000
0.00000
0.00000
0.00000
0.00000
0.00000
0.00000
0.00000
0.00000
0.00000
0.00000
0.00000
0.00000
0.00000
0.00000
0.00000
0.00000
0.00000
0.00000
0.00000
0.00000
0.00000
0.00000
0.00000
0.00000
0.00000
0.00000
0.00000
0.00000
0.00000
0.00000
0.00000
0.00000
0.00000
0.00000
0.00000
0.00000
0.00000
0.00000
0.00000
0.00000
0.00000
0.00000
0.00000
0.00000
0.00000
0.00000
0.00000
0.00000
0.00000
0.00000
0.00000
0.00000
0.00000
0.00000
0.00000
0.00000
0.00000
0.00000
0.00000
0.00000
0.00000
0.00000
0.00000
0.00000
0.00000
0.00000
0.00000
0.00000
0.00000
0.00000
0.00000
0.00000
0.00000
0.00000
0.00000
0.00000
0.00000
0.00000
0.00000
0.00000
0.00000
0.00000
0.00000
0.00000
0.00000
0.00000
0.00000
0.00000
0.00000
0.00000
0.00000
0.00000
0.00000
0.00000
0.00000
0.00000
0.00000
0.00000
0.00000
0.00000
0.00000
0.00000
0.00000
0.00000
0.00000
0.00000
0.00000
0.00000
