-0.00037
-0.00037
-0.00040
-0.00037
-0.00037
-0.00037
-0.00037
-0.00037
-0.00034
-0.00034
-0.00034
-0.00037
-0.00037
-0.00034
-0.00037
-0.00040
-0.00040
-0.00040
-0.00040
-0.00037
-0.00034
-0.00037
-0.00034
-0.00034
-0.00034
-0.00037
-0.00040
-0.00037
-0.00040
-0.00040
-0.00037
-0.00034
-0.00037
-0.00034
-0.00043
-0.00034
-0.00034
-0.00037
-0.00034
-0.00037
-0.00037
-0.00037
-0.00037
-0.00034
-0.00037
-0.00037
-0.00037
-0.00040
-0.00040
-0.00037
-0.00037
-0.00037
-0.00037
-0.00037
-0.00037
-0.00040
-0.00040
-0.00037
-0.00040
-0.00040
-0.00037
-0.00040
-0.00040
-0.00040
-0.00037
-0.00037
-0.00037
-0.00034
-0.00040
-0.00037
-0.00037
-0.00043
-0.00040
-0.00040
-0.00040
-0.00040
-0.00040
-0.00037
-0.00037
-0.00037
-0.00034
-0.00037
-0.00037
-0.00037
-0.00037
-0.00037
-0.00037
-0.00040
-0.00040
-0.00040
-0.00037
-0.00037
-0.00037
-0.00040
-0.00037
-0.00037
-0.00040
-0.00037
-0.00037
-0.00037
-0.00040
-0.00040
-0.00037
-0.00037
-0.00037
-0.00040
-0.00037
-0.00037
-0.00040
-0.00037
-0.00037
-0.00037
-0.00040
-0.00037
-0.00034
-0.00037
-0.00037
-0.00040
-0.00037
-0.00037
-0.00037
-0.00037
-0.00037
-0.00037
-0.00040
-0.00034
-0.00034
-0.00037
-0.00037
-0.00034
-0.00037
-0.00040
-0.00037
-0.00037
-0.00037
-0.00037
-0.00037
-0.00034
-0.00034
-0.00037
-0.00037
-0.00034
-0.00037
-0.00037
-0.00037
-0.00037
-0.00037
-0.00037
-0.00034
-0.00031
-0.00034
-0.00037
-0.00034
-0.00031
-0.00034
-0.00034
-0.00034
-0.00037
-0.00037
-0.00034
-0.00034
-0.00034
-0.00031
-0.00034
-0.00034
-0.00031
-0.00034
-0.00034
-0.00034
-0.00037
-0.00037
-0.00031
-0.00034
-0.00034
-0.00034
-0.00034
-0.00034
-0.00034
-0.00034
-0.00031
-0.00034
-0.00031
-0.00034
-0.00031
-0.00031
-0.00024
-0.00031
-0.00037
-0.00040
-0.00058
-0.00037
-0.00070
0.00009
-0.00073
-0.00497
-0.04059
-0.04822
-0.01871
-0.00824
0.01663
0.03079
0.03357
0.02264
0.00836
0.00220
0.00635
0.00607
-0.01425
-0.02393
-0.01050
-0.00092
0.00589
0.01260
0.00671
0.00006
0.00143
-0.00018
0.00116
0.00601
0.00204
-0.00220
0.00000
0.00027
-0.00229
0.00018
-0.00003
-0.00159
-0.00015
0.00046
0.00037
0.00092
0.00107
0.00183
0.00336
0.00330
0.00278
0.00177
0.00021
-0.00079
-0.00085
-0.00049
-0.00009
-0.00067
-0.00122
0.00018
0.00201
0.00162
0.00143
0.00226
0.00134
-0.00021
-0.00089
-0.00073
0.00031
0.00073
0.00049
0.00049
0.00061
0.00021
-0.00009
0.00064
0.00064
-0.00055
-0.00137
-0.00113
-0.00049
-0.00012
0.00055
0.00113
0.00064
-0.00009
-0.00058
-0.00061
-0.00052
-0.00095
-0.00101
-0.00113
-0.00128
-0.00122
-0.00082
-0.00006
-0.00009
-0.00064
-0.00082
-0.00070
-0.00012
-0.00006
-0.00006
-0.00052
-0.00049
-0.00012
0.00034
0.00055
-0.00046
-0.00031
-0.00037
-0.00064
-0.00085
-0.00143
-0.00183
-0.00140
-0.00079
-0.00012
0.00027
0.00034
-0.00012
0.00000
-0.00018
-0.00079
-0.00110
-0.00095
-0.00146
-0.00146
-0.00146
-0.00153
-0.00116
-0.00049
-0.00015
-0.00009
-0.00012
-0.00037
-0.00031
-0.00012
-0.00034
-0.00061
-0.00055
-0.00067
-0.00101
-0.00128
-0.00125
-0.00110
-0.00079
-0.00052
-0.00012
0.00000
-0.00034
-0.00070
-0.00043
0.00034
0.00082
0.00040
-0.00031
-0.00034
-0.00012
-0.00012
-0.00034
-0.00064
-0.00098
-0.00095
-0.00061
-0.00040
-0.00064
-0.00101
-0.00113
-0.00070
-0.00009
0.00000
0.00000
0.00000
0.00000
0.00000
0.00000
0.00000
0.00000
0.00000
0.00000
0.00000
0.00000
0.00000
0.00000
0.00000
0.00000
0.00000
0.00000
0.00000
0.00000
0.00000
0.00000
0.00000
0.00000
0.00000
0.00000
0.00000
0.00000
0.00000
0.00000
0.00000
0.00000
0.00000
0.00000
0.00000
0.00000
0.00000
0.00000
0.00000
0.00000
0.00000
0.00000
0.00000
0.00000
0.00000
0.00000
0.00000
0.00000
0.00000
0.00000
0.00000
0.00000
0.00000
0.00000
0.00000
0.00000
0.00000
0.00000
0.00000
0.00000
0.00000
0.00000
0.00000
0.00000
0.00000
0.00000
0.00000
0.00000
0.00000
0.00000
0.00000
0.00000
0.00000
0.00000
0.00000
0.00000
0.00000
0.00000
0.00000
0.00000
0.00000
0.00000
0.00000
0.00000
0.00000
0.00000
0.00000
0.00000
0.00000
0.00000
0.00000
0.00000
0.00000
0.00000
0.00000
0.00000
0.00000
0.00000
0.00000
0.00000
0.00000
0.00000
0.00000
0.00000
0.00000
0.00000
0.00000
0.00000
0.00000
0.00000
0.00000
0.00000
0.00000
0.00000
0.00000
0.00000
0.00000
0.00000
0.00000
0.00000
0.00000
0.00000
0.00000
0.00000
0.00000
0.00000
0.00000
0.00000
0.00000
0.00000
0.00000
0.00000
0.00000
0.00000
0.00000
0.00000
0.00000
0.00000
0.00000
0.00000
0.00000
0.00000
0.00000
0.00000
0.00000
0.00000
0.00000
0.00000
0.00000
0.00000
0.00000
0.00000
0.00000
0.00000
0.00000
0.00000
