-0.00037
-0.00037
-0.00034
-0.00031
-0.00034
-0.00031
-0.00027
-0.00034
-0.00037
-0.00037
-0.00040
-0.00043
-0.00040
-0.00037
-0.00037
-0.00034
-0.00034
-0.00034
-0.00034
-0.00037
-0.00040
-0.00043
-0.00034
-0.00031
-0.00037
-0.00031
-0.00027
-0.00034
-0.00034
-0.00037
-0.00037
-0.00037
-0.00037
-0.00031
-0.00040
-0.00027
-0.00031
-0.00034
-0.00034
-0.00043
-0.00037
-0.00037
-0.00034
-0.00027
-0.00027
-0.00024
-0.00024
-0.00027
-0.00031
-0.00031
-0.00037
-0.00040
-0.00037
-0.00034
-0.00031
-0.00024
-0.00021
-0.00021
-0.00024
-0.00024
-0.00037
-0.00040
-0.00031
-0.00040
-0.00034
-0.00027
-0.00027
-0.00024
-0.00027
-0.00024
-0.00024
-0.00024
-0.00024
-0.00027
-0.00027
-0.00024
-0.00024
-0.00031
-0.00031
-0.00027
-0.00031
-0.00027
-0.00021
-0.00024
-0.00024
-0.00024
-0.00021
-0.00021
-0.00024
-0.00024
-0.00024
-0.00024
-0.00027
-0.00031
-0.00021
-0.00021
-0.00027
-0.00024
-0.00021
-0.00021
-0.00027
-0.00021
-0.00024
-0.00024
-0.00021
-0.00021
-0.00018
-0.00021
-0.00021
-0.00021
-0.00024
-0.00024
-0.00024
-0.00024
-0.00018
-0.00018
-0.00021
-0.00015
-0.00015
-0.00021
-0.00021
-0.00018
-0.00018
-0.00021
-0.00018
-0.00015
-0.00018
-0.00018
-0.00018
-0.00015
-0.00015
-0.00015
-0.00018
-0.00015
-0.00012
-0.00018
-0.00018
-0.00015
-0.00018
-0.00021
-0.00015
-0.00012
-0.00015
-0.00015
-0.00012
-0.00012
-0.00015
-0.00015
-0.00015
-0.00015
-0.00012
-0.00015
-0.00015
-0.00012
-0.00012
-0.00018
-0.00012
-0.00009
-0.00009
-0.00009
-0.00006
-0.00006
-0.00012
-0.00009
-0.00012
-0.00012
-0.00012
-0.00015
-0.00018
-0.00015
-0.00018
-0.00015
-0.00012
-0.00012
-0.00009
-0.00012
-0.00006
-0.00006
0.00000
-0.00024
0.00012
-0.00046
0.00034
-0.00076
0.00067
-0.00131
-0.00092
-0.04590
-0.09647
-0.02832
-0.00546
0.01569
0.06308
0.06253
0.04391
0.01016
0.00049
0.00342
0.01703
-0.01559
-0.05023
-0.02408
0.00482
0.00592
0.01678
0.01382
-0.00418
-0.00107
0.00262
-0.00092
0.00995
0.01041
-0.00174
-0.00162
0.00446
-0.00476
-0.00494
0.00116
-0.00104
-0.00162
0.00006
0.00055
-0.00058
0.00394
0.00464
0.00314
0.00510
0.00452
0.00101
-0.00058
-0.00217
-0.00522
-0.00513
-0.00073
0.00214
0.00143
0.00528
0.00583
0.00174
0.00150
0.00159
-0.00052
-0.00253
-0.00220
-0.00098
0.00101
0.00354
0.00204
-0.00037
-0.00095
-0.00171
-0.00192
0.00052
0.00162
0.00009
-0.00034
0.00067
0.00116
0.00107
0.00107
0.00116
-0.00006
-0.00082
-0.00165
-0.00226
-0.00119
-0.00122
-0.00131
-0.00113
-0.00125
-0.00128
-0.00174
0.00000
0.00064
0.00006
0.00076
0.00073
0.00024
0.00024
0.00043
0.00037
-0.00046
-0.00040
-0.00052
-0.00092
-0.00043
0.00024
-0.00015
-0.00052
-0.00143
-0.00101
0.00046
-0.00089
-0.00046
0.00031
0.00040
0.00089
0.00043
-0.00043
-0.00049
-0.00098
-0.00235
-0.00137
-0.00031
-0.00146
-0.00146
-0.00101
-0.00125
-0.00079
0.00055
0.00015
0.00009
0.00018
-0.00085
-0.00076
-0.00012
-0.00046
-0.00043
0.00000
-0.00079
-0.00146
-0.00153
-0.00156
-0.00146
-0.00098
-0.00049
-0.00012
0.00024
0.00037
0.00061
0.00119
0.00140
0.00119
0.00061
-0.00015
-0.00055
-0.00049
-0.00024
-0.00085
-0.00110
-0.00079
-0.00079
-0.00031
0.00000
0.00000
-0.00027
-0.00055
-0.00067
-0.00052
-0.00006
-0.00037
-0.00061
-0.00034
0.00003
0.00046
0.00058
0.00061
0.00061
0.00037
-0.00006
0.00000
0.00000
0.00000
0.00000
0.00000
0.00000
0.00000
0.00000
0.00000
0.00000
0.00000
0.00000
0.00000
0.00000
0.00000
0.00000
0.00000
0.00000
0.00000
0.00000
0.00000
0.00000
0.00000
0.00000
0.00000
0.00000
0.00000
0.00000
0.00000
0.00000
0.00000
0.00000
0.00000
0.00000
0.00000
0.00000
0.00000
0.00000
0.00000
0.00000
0.00000
0.00000
0.00000
0.00000
0.00000
0.00000
0.00000
0.00000
0.00000
0.00000
0.00000
0.00000
0.00000
0.00000
0.00000
0.00000
0.00000
0.00000
0.00000
0.00000
0.00000
0.00000
0.00000
0.00000
0.00000
0.00000
0.00000
0.00000
0.00000
0.00000
0.00000
0.00000
0.00000
0.00000
0.00000
0.00000
0.00000
0.00000
0.00000
0.00000
0.00000
0.00000
0.00000
0.00000
0.00000
0.00000
0.00000
0.00000
0.00000
0.00000
0.00000
0.00000
0.00000
0.00000
0.00000
0.00000
0.00000
0.00000
0.00000
0.00000
0.00000
0.00000
0.00000
0.00000
0.00000
0.00000
0.00000
0.00000
0.00000
0.00000
0.00000
0.00000
0.00000
0.00000
0.00000
0.00000
0.00000
0.00000
0.00000
0.00000
0.00000
0.00000
0.00000
0.00000
0.00000
0.00000
0.00000
0.00000
0.00000
0.00000
0.00000
0.00000
0.00000
0.00000
0.00000
0.00000
0.00000
0.00000
0.00000
0.00000
0.00000
0.00000
0.00000
0.00000
0.00000
0.00000
0.00000
0.00000
0.00000
0.00000
0.00000
0.00000
