-0.00021
-0.00021
-0.00021
-0.00021
-0.00024
-0.00021
-0.00021
-0.00021
-0.00018
-0.00021
-0.00021
-0.00021
-0.00024
-0.00021
-0.00024
-0.00027
-0.00021
-0.00021
-0.00021
-0.00021
-0.00021
-0.00021
-0.00024
-0.00024
-0.00021
-0.00024
-0.00024
-0.00021
-0.00024
-0.00024
-0.00024
-0.00021
-0.00021
-0.00018
-0.00027
-0.00021
-0.00021
-0.00021
-0.00021
-0.00024
-0.00024
-0.00024
-0.00024
-0.00021
-0.00024
-0.00024
-0.00024
-0.00021
-0.00024
-0.00024
-0.00024
-0.00024
-0.00024
-0.00024
-0.00021
-0.00021
-0.00021
-0.00024
-0.00021
-0.00021
-0.00024
-0.00024
-0.00024
-0.00024
-0.00024
-0.00024
-0.00021
-0.00021
-0.00024
-0.00024
-0.00024
-0.00024
-0.00024
-0.00024
-0.00024
-0.00027
-0.00027
-0.00024
-0.00024
-0.00024
-0.00021
-0.00024
-0.00024
-0.00021
-0.00024
-0.00021
-0.00024
-0.00027
-0.00024
-0.00024
-0.00024
-0.00024
-0.00024
-0.00027
-0.00027
-0.00027
-0.00024
-0.00024
-0.00027
-0.00024
-0.00024
-0.00024
-0.00024
-0.00024
-0.00027
-0.00027
-0.00024
-0.00027
-0.00024
-0.00024
-0.00024
-0.00021
-0.00024
-0.00024
-0.00024
-0.00027
-0.00027
-0.00024
-0.00024
-0.00024
-0.00024
-0.00024
-0.00021
-0.00021
-0.00024
-0.00024
-0.00021
-0.00024
-0.00027
-0.00024
-0.00024
-0.00024
-0.00024
-0.00021
-0.00021
-0.00021
-0.00024
-0.00024
-0.00021
-0.00021
-0.00021
-0.00021
-0.00021
-0.00024
-0.00024
-0.00024
-0.00024
-0.00027
-0.00024
-0.00021
-0.00024
-0.00024
-0.00024
-0.00024
-0.00024
-0.00024
-0.00024
-0.00021
-0.00024
-0.00021
-0.00021
-0.00024
-0.00024
-0.00027
-0.00024
-0.00024
-0.00024
-0.00021
-0.00024
-0.00021
-0.00024
-0.00027
-0.00024
-0.00021
-0.00024
-0.00027
-0.00027
-0.00027
-0.00027
-0.00024
-0.00024
-0.00024
-0.00024
-0.00021
-0.00021
-0.00021
-0.00018
-0.00037
-0.00034
-0.00052
-0.00024
-0.00064
0.00009
-0.00052
-0.00140
-0.02600
-0.04861
-0.02881
-0.01184
0.00775
0.02805
0.03290
0.02444
0.01224
0.00372
0.00543
0.00668
-0.00769
-0.02289
-0.01562
-0.00217
0.00497
0.01242
0.00839
0.00089
-0.00027
0.00043
0.00070
0.00513
0.00433
-0.00098
-0.00064
0.00113
-0.00110
-0.00131
-0.00098
-0.00189
-0.00107
0.00101
0.00113
0.00101
0.00146
0.00247
0.00378
0.00342
0.00235
0.00095
0.00000
-0.00040
-0.00043
-0.00058
-0.00006
-0.00052
-0.00092
0.00015
0.00183
0.00192
0.00122
0.00180
0.00183
0.00046
-0.00058
-0.00085
0.00000
0.00079
0.00018
-0.00009
0.00009
0.00031
0.00040
0.00052
0.00082
0.00058
-0.00052
-0.00156
-0.00113
-0.00006
0.00058
0.00082
0.00031
-0.00027
-0.00031
-0.00043
-0.00064
-0.00067
-0.00052
-0.00101
-0.00131
-0.00104
-0.00076
-0.00027
-0.00018
-0.00079
-0.00098
-0.00073
-0.00018
0.00000
0.00000
-0.00024
-0.00067
0.00006
0.00009
0.00043
0.00009
-0.00067
-0.00046
-0.00064
-0.00076
-0.00113
-0.00204
-0.00146
-0.00082
-0.00006
0.00000
-0.00015
-0.00006
0.00015
-0.00003
-0.00073
-0.00104
-0.00101
-0.00125
-0.00150
-0.00143
-0.00134
-0.00107
-0.00076
-0.00055
-0.00024
-0.00015
-0.00027
-0.00018
-0.00012
-0.00046
-0.00070
-0.00055
-0.00049
-0.00079
-0.00128
-0.00143
-0.00119
-0.00092
-0.00058
-0.00021
0.00003
-0.00034
-0.00067
-0.00031
0.00027
0.00049
0.00009
-0.00037
-0.00040
-0.00015
-0.00012
-0.00031
-0.00052
-0.00079
-0.00098
-0.00082
-0.00067
-0.00095
-0.00116
-0.00110
-0.00076
-0.00021
0.00034
0.00064
0.00064
0.00049
0.00024
0.00006
0.00000
0.00000
0.00000
0.00000
0.00000
0.00000
0.00000
0.00000
0.00000
0.00000
0.00000
0.00000
0.00000
0.00000
0.00000
0.00000
0.00000
0.00000
0.00000
0.00000
0.00000
0.00000
0.00000
0.00000
0.00000
0.00000
0.00000
0.00000
0.00000
0.00000
0.00000
0.00000
0.00000
0.00000
0.00000
0.00000
0.00000
0.00000
0.00000
0.00000
0.00000
0.00000
0.00000
0.00000
0.00000
0.00000
0.00000
0.00000
0.00000
0.00000
0.00000
0.00000
0.00000
0.00000
0.00000
0.00000
0.00000
0.00000
0.00000
0.00000
0.00000
0.00000
0.00000
0.00000
0.00000
0.00000
0.00000
0.00000
0.00000
0.00000
0.00000
0.00000
0.00000
0.00000
0.00000
0.00000
0.00000
0.00000
0.00000
0.00000
0.00000
0.00000
0.00000
0.00000
0.00000
0.00000
0.00000
0.00000
0.00000
0.00000
0.00000
0.00000
0.00000
0.00000
0.00000
0.00000
0.00000
0.00000
0.00000
0.00000
0.00000
0.00000
0.00000
0.00000
0.00000
0.00000
0.00000
0.00000
0.00000
0.00000
0.00000
0.00000
0.00000
0.00000
0.00000
0.00000
0.00000
0.00000
0.00000
0.00000
0.00000
0.00000
0.00000
0.00000
0.00000
0.00000
0.00000
0.00000
0.00000
0.00000
0.00000
0.00000
0.00000
0.00000
0.00000
0.00000
0.00000
0.00000
0.00000
0.00000
0.00000
0.00000
0.00000
0.00000
0.00000
0.00000
0.00000
0.00000
0.00000
0.00000
