-0.00009
-0.00009
-0.00009
-0.00009
-0.00006
-0.00003
-0.00006
-0.00006
-0.00006
-0.00006
-0.00012
-0.00012
-0.00012
-0.00012
-0.00012
-0.00009
-0.00006
-0.00006
-0.00009
-0.00006
-0.00006
-0.00006
-0.00006
-0.00006
-0.00003
-0.00009
-0.00012
-0.00006
-0.00006
-0.00009
-0.00006
-0.00003
-0.00006
-0.00009
-0.00021
0.00000
-0.00006
-0.00009
-0.00006
-0.00006
-0.00006
-0.00009
-0.00006
-0.00003
-0.00006
-0.00009
-0.00006
-0.00006
-0.00009
-0.00009
-0.00006
-0.00006
-0.00009
-0.00009
-0.00006
-0.00006
-0.00006
-0.00006
-0.00006
-0.00009
-0.00009
-0.00009
-0.00009
-0.00009
-0.00012
-0.00006
-0.00006
-0.00012
-0.00009
-0.00009
-0.00009
-0.00012
-0.00012
-0.00012
-0.00012
-0.00012
-0.00009
-0.00006
-0.00009
-0.00015
-0.00012
-0.00009
-0.00012
-0.00012
-0.00009
-0.00009
-0.00012
-0.00012
-0.00006
-0.00009
-0.00012
-0.00015
-0.00012
-0.00012
-0.00015
-0.00009
-0.00009
-0.00012
-0.00012
-0.00012
-0.00009
-0.00009
-0.00012
-0.00012
-0.00012
-0.00012
-0.00012
-0.00012
-0.00009
-0.00012
-0.00012
-0.00009
-0.00009
-0.00012
-0.00012
-0.00012
-0.00012
-0.00012
-0.00009
-0.00009
-0.00012
-0.00009
-0.00009
-0.00009
-0.00012
-0.00012
-0.00012
-0.00015
-0.00015
-0.00012
-0.00012
-0.00012
-0.00012
-0.00012
-0.00009
-0.00009
-0.00009
-0.00009
-0.00012
-0.00012
-0.00012
-0.00012
-0.00012
-0.00012
-0.00009
-0.00012
-0.00012
-0.00012
-0.00012
-0.00012
-0.00015
-0.00012
-0.00009
-0.00012
-0.00012
-0.00012
-0.00012
-0.00012
-0.00015
-0.00012
-0.00012
-0.00012
-0.00009
-0.00009
-0.00009
-0.00012
-0.00012
-0.00009
-0.00012
-0.00012
-0.00012
-0.00012
-0.00012
-0.00015
-0.00012
-0.00012
-0.00012
-0.00015
-0.00012
-0.00009
-0.00012
-0.00015
-0.00009
-0.00015
-0.00009
-0.00018
0.00000
-0.00043
-0.00006
-0.00067
0.00000
-0.00058
0.00037
-0.01236
-0.04596
-0.03973
-0.02545
0.00125
0.02438
0.03622
0.03342
0.01779
0.00787
0.00293
0.00821
-0.00320
-0.02039
-0.02249
-0.00925
0.00266
0.01212
0.01160
0.00424
0.00098
-0.00095
-0.00073
0.00244
0.00421
0.00305
0.00107
0.00107
0.00018
-0.00055
-0.00134
-0.00171
-0.00195
-0.00204
-0.00006
0.00113
0.00186
0.00302
0.00388
0.00308
0.00336
0.00259
0.00073
-0.00027
-0.00098
-0.00159
-0.00064
0.00003
-0.00058
-0.00034
0.00076
0.00095
0.00079
0.00153
0.00156
0.00137
0.00098
0.00122
0.00201
0.00192
0.00089
-0.00027
-0.00128
-0.00217
-0.00229
-0.00171
-0.00027
0.00034
0.00055
0.00076
0.00140
0.00137
0.00061
0.00015
-0.00018
-0.00079
-0.00146
-0.00168
-0.00107
-0.00073
-0.00070
-0.00073
-0.00073
-0.00101
-0.00116
-0.00070
-0.00049
-0.00055
-0.00070
-0.00058
-0.00043
-0.00006
-0.00003
0.00024
-0.00012
-0.00027
-0.00055
-0.00034
-0.00009
-0.00128
-0.00073
-0.00146
-0.00134
-0.00052
-0.00085
-0.00082
-0.00095
-0.00079
-0.00009
-0.00009
-0.00058
-0.00122
-0.00082
-0.00076
-0.00067
-0.00095
-0.00125
-0.00159
-0.00128
-0.00153
-0.00165
-0.00137
-0.00104
-0.00024
0.00021
-0.00009
-0.00064
-0.00082
-0.00079
-0.00064
-0.00067
-0.00110
-0.00137
-0.00137
-0.00137
-0.00146
-0.00143
-0.00116
-0.00058
-0.00018
-0.00018
-0.00034
-0.00024
-0.00024
-0.00018
0.00009
0.00000
0.00000
0.00000
0.00000
0.00000
0.00000
0.00000
0.00000
0.00000
0.00000
0.00000
0.00000
0.00000
0.00000
0.00000
0.00000
0.00000
0.00000
0.00000
0.00000
0.00000
0.00000
0.00000
0.00000
0.00000
0.00000
0.00000
0.00000
0.00000
0.00000
0.00000
0.00000
0.00000
0.00000
0.00000
0.00000
0.00000
0.00000
0.00000
0.00000
0.00000
0.00000
0.00000
0.00000
0.00000
0.00000
0.00000
0.00000
0.00000
0.00000
0.00000
0.00000
0.00000
0.00000
0.00000
0.00000
0.00000
0.00000
0.00000
0.00000
0.00000
0.00000
0.00000
0.00000
0.00000
0.00000
0.00000
0.00000
0.00000
0.00000
0.00000
0.00000
0.00000
0.00000
0.00000
0.00000
0.00000
0.00000
0.00000
0.00000
0.00000
0.00000
0.00000
0.00000
0.00000
0.00000
0.00000
0.00000
0.00000
0.00000
0.00000
0.00000
0.00000
0.00000
0.00000
0.00000
0.00000
0.00000
0.00000
0.00000
0.00000
0.00000
0.00000
0.00000
0.00000
0.00000
0.00000
0.00000
0.00000
0.00000
0.00000
0.00000
0.00000
0.00000
0.00000
0.00000
0.00000
0.00000
0.00000
0.00000
0.00000
0.00000
0.00000
0.00000
0.00000
0.00000
0.00000
0.00000
0.00000
0.00000
0.00000
0.00000
0.00000
0.00000
0.00000
0.00000
0.00000
0.00000
0.00000
0.00000
0.00000
0.00000
0.00000
0.00000
0.00000
0.00000
0.00000
0.00000
0.00000
0.00000
0.00000
0.00000
0.00000
0.00000
0.00000
0.00000
0.00000
0.00000
0.00000
0.00000
0.00000
0.00000
0.00000
0.00000
0.00000
0.00000
0.00000
0.00000
0.00000
0.00000
0.00000
0.00000
0.00000
