0.00009
0.00009
0.00003
0.00006
0.00006
0.00003
0.00006
0.00006
0.00006
0.00000
0.00000
0.00003
0.00000
0.00000
0.00003
0.00006
0.00003
0.00003
0.00006
0.00006
0.00003
0.00003
0.00003
0.00003
0.00003
0.00003
0.00006
0.00006
0.00003
0.00003
0.00006
0.00006
0.00003
0.00006
0.00000
0.00018
0.00012
0.00009
0.00012
0.00009
0.00009
0.00006
0.00009
0.00006
0.00006
0.00009
0.00009
0.00009
0.00012
0.00009
0.00009
0.00009
0.00012
0.00015
0.00012
0.00012
0.00012
0.00012
0.00009
0.00009
0.00012
0.00009
0.00006
0.00006
0.00006
0.00009
0.00012
0.00015
0.00018
0.00018
0.00015
0.00012
0.00012
0.00006
0.00000
0.00003
0.00006
0.00009
0.00009
0.00012
0.00015
0.00015
0.00012
0.00015
0.00012
0.00012
0.00012
0.00012
0.00012
0.00012
0.00009
0.00006
0.00006
0.00009
0.00009
0.00012
0.00015
0.00015
0.00012
0.00012
0.00012
0.00012
0.00015
0.00012
0.00012
0.00012
0.00015
0.00012
0.00012
0.00012
0.00009
0.00003
0.00009
0.00015
0.00012
0.00009
0.00012
0.00012
0.00009
0.00009
0.00009
0.00009
0.00012
0.00009
0.00012
0.00012
0.00009
0.00009
0.00009
0.00006
0.00003
0.00006
0.00009
0.00009
0.00012
0.00015
0.00018
0.00015
0.00009
0.00009
0.00012
0.00006
0.00003
0.00003
0.00003
0.00003
0.00003
0.00006
0.00009
0.00009
0.00006
0.00009
0.00003
0.00000
0.00003
0.00003
0.00003
0.00003
0.00006
0.00006
0.00009
0.00006
0.00003
0.00003
0.00003
0.00000
0.00003
0.00003
0.00006
0.00009
0.00006
0.00006
0.00003
0.00006
0.00000
0.00000
0.00003
0.00003
0.00003
0.00006
0.00009
0.00006
0.00003
0.00003
0.00000
0.00006
-0.00003
0.00000
-0.00027
0.00000
-0.00049
0.00027
-0.00040
0.00006
-0.01956
-0.04816
-0.03491
-0.01486
0.00449
0.02594
0.03589
0.02765
0.01483
0.00494
0.00458
0.00778
-0.00476
-0.02203
-0.01938
-0.00385
0.00421
0.01163
0.01114
0.00281
-0.00043
-0.00009
-0.00009
0.00455
0.00586
0.00058
-0.00089
0.00110
-0.00006
-0.00089
-0.00067
-0.00177
-0.00232
-0.00015
0.00186
0.00165
0.00165
0.00214
0.00345
0.00366
0.00330
0.00180
0.00031
-0.00040
-0.00061
-0.00089
0.00000
0.00012
-0.00085
-0.00052
0.00125
0.00226
0.00189
0.00195
0.00195
0.00070
-0.00055
-0.00082
0.00003
0.00098
0.00140
0.00055
-0.00024
0.00000
-0.00015
0.00000
0.00015
0.00000
-0.00015
-0.00049
-0.00052
0.00006
0.00082
0.00113
0.00034
-0.00052
-0.00070
-0.00073
-0.00070
-0.00101
-0.00067
-0.00055
-0.00107
-0.00125
-0.00095
-0.00040
-0.00021
-0.00064
-0.00110
-0.00089
-0.00046
-0.00006
0.00012
0.00000
-0.00024
-0.00064
0.00015
0.00000
-0.00006
-0.00040
-0.00110
-0.00082
-0.00073
-0.00089
-0.00128
-0.00186
-0.00116
-0.00034
0.00000
-0.00024
-0.00058
-0.00027
0.00000
-0.00061
-0.00101
-0.00119
-0.00140
-0.00143
-0.00159
-0.00165
-0.00143
-0.00101
-0.00061
-0.00034
-0.00018
-0.00046
-0.00061
-0.00034
-0.00031
-0.00064
-0.00085
-0.00089
-0.00098
-0.00122
-0.00162
-0.00165
-0.00128
-0.00082
-0.00043
-0.00021
-0.00021
-0.00061
-0.00073
-0.00034
0.00018
0.00027
-0.00021
-0.00079
-0.00076
-0.00040
-0.00024
-0.00058
-0.00098
-0.00119
-0.00116
-0.00101
-0.00116
-0.00146
-0.00150
-0.00110
-0.00061
0.00000
0.00055
0.00058
0.00034
0.00009
-0.00012
-0.00031
-0.00043
-0.00052
-0.00058
-0.00058
-0.00052
-0.00040
-0.00015
0.00012
0.00012
-0.00015
-0.00040
-0.00049
-0.00037
-0.00052
-0.00040
-0.00012
-0.00012
0.00000
0.00000
0.00000
0.00000
0.00000
0.00000
0.00000
0.00000
0.00000
0.00000
0.00000
0.00000
0.00000
0.00000
0.00000
0.00000
0.00000
0.00000
0.00000
0.00000
0.00000
0.00000
0.00000
0.00000
0.00000
0.00000
0.00000
0.00000
0.00000
0.00000
0.00000
0.00000
0.00000
0.00000
0.00000
0.00000
0.00000
0.00000
0.00000
0.00000
0.00000
0.00000
0.00000
0.00000
0.00000
0.00000
0.00000
0.00000
0.00000
0.00000
0.00000
0.00000
0.00000
0.00000
0.00000
0.00000
0.00000
0.00000
0.00000
0.00000
0.00000
0.00000
0.00000
0.00000
0.00000
0.00000
0.00000
0.00000
0.00000
0.00000
0.00000
0.00000
0.00000
0.00000
0.00000
0.00000
0.00000
0.00000
0.00000
0.00000
0.00000
0.00000
0.00000
0.00000
0.00000
0.00000
0.00000
0.00000
0.00000
0.00000
0.00000
0.00000
0.00000
0.00000
0.00000
0.00000
0.00000
0.00000
0.00000
0.00000
0.00000
0.00000
0.00000
0.00000
0.00000
0.00000
0.00000
0.00000
0.00000
0.00000
0.00000
0.00000
0.00000
0.00000
0.00000
0.00000
0.00000
0.00000
0.00000
0.00000
0.00000
0.00000
0.00000
0.00000
0.00000
0.00000
0.00000
0.00000
0.00000
0.00000
0.00000
0.00000
0.00000
