-0.00006
-0.00009
-0.00006
-0.00009
-0.00009
-0.00009
-0.00006
-0.00009
-0.00006
-0.00006
-0.00009
-0.00009
-0.00006
-0.00006
-0.00009
-0.00006
-0.00006
-0.00009
-0.00009
-0.00006
-0.00009
-0.00009
-0.00009
-0.00009
-0.00009
-0.00009
-0.00006
-0.00006
-0.00003
-0.00006
-0.00006
-0.00003
-0.00006
-0.00006
-0.00012
-0.00003
-0.00006
-0.00009
-0.00006
-0.00009
-0.00006
-0.00009
-0.00006
-0.00003
-0.00006
-0.00006
-0.00006
-0.00006
-0.00003
-0.00003
-0.00006
-0.00003
-0.00006
-0.00006
-0.00006
-0.00006
-0.00006
-0.00006
-0.00003
-0.00003
-0.00003
0.00000
-0.00003
-0.00012
-0.00003
-0.00003
-0.00009
0.00000
-0.00006
-0.00006
-0.00006
-0.00006
-0.00003
-0.00006
0.00000
-0.00003
-0.00009
-0.00006
-0.00003
-0.00003
-0.00006
-0.00003
-0.00006
-0.00009
-0.00003
-0.00003
-0.00009
-0.00003
-0.00003
-0.00006
-0.00006
-0.00003
-0.00003
-0.00006
-0.00006
-0.00006
-0.00006
-0.00006
-0.00006
-0.00006
-0.00009
-0.00009
-0.00006
-0.00006
-0.00003
-0.00006
-0.00006
-0.00003
-0.00003
-0.00006
-0.00009
-0.00006
-0.00009
-0.00009
-0.00006
-0.00003
-0.00006
-0.00006
-0.00003
-0.00006
-0.00006
-0.00009
-0.00009
-0.00006
-0.00006
-0.00009
-0.00006
-0.00003
-0.00006
-0.00006
-0.00009
-0.00006
-0.00009
-0.00009
-0.00006
-0.00006
-0.00009
-0.00009
-0.00009
-0.00009
-0.00006
-0.00009
-0.00012
-0.00009
-0.00009
-0.00012
-0.00009
-0.00006
-0.00009
-0.00009
-0.00009
-0.00009
-0.00006
-0.00009
-0.00009
-0.00012
-0.00012
-0.00009
-0.00009
-0.00009
-0.00009
-0.00009
-0.00009
-0.00009
-0.00009
-0.00012
-0.00012
-0.00012
-0.00009
-0.00012
-0.00015
-0.00012
-0.00015
-0.00012
-0.00012
-0.00009
-0.00009
-0.00012
-0.00009
-0.00012
-0.00006
-0.00018
-0.00006
-0.00012
-0.00040
0.00006
-0.00079
0.00061
-0.00137
-0.00845
-0.06921
-0.05740
-0.00668
-0.01328
0.03168
0.04599
0.04813
0.03149
0.00702
0.00150
0.00668
0.00757
-0.02808
-0.03348
-0.00470
-0.00012
0.00833
0.01611
0.00464
-0.00232
0.00220
-0.00275
0.00323
0.01144
0.00107
-0.00394
0.00339
0.00168
-0.00592
-0.00085
-0.00137
-0.00208
0.00095
0.00183
0.00146
0.00272
0.00363
0.00128
0.00226
0.00369
0.00101
-0.00043
-0.00055
-0.00092
-0.00186
-0.00238
-0.00089
-0.00046
-0.00046
0.00165
0.00208
0.00208
0.00461
0.00473
0.00208
0.00058
-0.00037
-0.00183
-0.00122
-0.00061
-0.00082
-0.00183
-0.00125
-0.00131
-0.00015
0.00198
0.00125
0.00015
0.00043
0.00018
0.00067
0.00018
0.00052
0.00021
-0.00085
-0.00067
-0.00137
-0.00143
-0.00137
-0.00195
-0.00101
-0.00125
-0.00113
-0.00146
-0.00153
-0.00006
-0.00027
-0.00027
0.00000
-0.00031
0.00006
-0.00009
0.00003
-0.00018
-0.00027
-0.00021
-0.00119
-0.00183
-0.00122
-0.00046
-0.00082
-0.00037
-0.00018
-0.00009
0.00012
0.00000
-0.00043
-0.00031
-0.00064
-0.00186
-0.00171
-0.00067
-0.00107
-0.00110
-0.00043
-0.00064
-0.00110
-0.00101
-0.00168
-0.00168
-0.00125
-0.00116
-0.00079
-0.00018
-0.00003
-0.00049
-0.00076
-0.00119
-0.00131
-0.00061
-0.00024
-0.00061
-0.00104
-0.00165
-0.00183
-0.00159
-0.00116
-0.00085
-0.00076
-0.00082
-0.00076
-0.00024
0.00024
0.00027
0.00034
0.00046
0.00027
0.00000
-0.00043
-0.00073
-0.00101
-0.00131
-0.00131
-0.00113
-0.00098
-0.00082
-0.00092
-0.00067
-0.00058
-0.00027
-0.00015
-0.00040
-0.00067
-0.00085
-0.00101
-0.00113
-0.00104
-0.00040
0.00003
0.00012
0.00021
0.00003
-0.00027
-0.00046
-0.00024
0.00024
0.00052
0.00040
0.00018
0.00024
0.00027
0.00000
0.00000
0.00000
0.00000
0.00000
0.00000
0.00000
0.00000
0.00000
0.00000
0.00000
0.00000
0.00000
0.00000
0.00000
0.00000
0.00000
0.00000
0.00000
0.00000
0.00000
0.00000
0.00000
0.00000
0.00000
0.00000
0.00000
0.00000
0.00000
0.00000
0.00000
0.00000
0.00000
0.00000
0.00000
0.00000
0.00000
0.00000
0.00000
0.00000
0.00000
0.00000
0.00000
0.00000
0.00000
0.00000
0.00000
0.00000
0.00000
0.00000
0.00000
0.00000
0.00000
0.00000
0.00000
0.00000
0.00000
0.00000
0.00000
0.00000
0.00000
0.00000
0.00000
0.00000
0.00000
0.00000
0.00000
0.00000
0.00000
0.00000
0.00000
0.00000
0.00000
0.00000
0.00000
0.00000
0.00000
0.00000
0.00000
0.00000
0.00000
0.00000
0.00000
0.00000
0.00000
0.00000
0.00000
0.00000
0.00000
0.00000
0.00000
0.00000
0.00000
0.00000
0.00000
0.00000
0.00000
0.00000
0.00000
0.00000
0.00000
0.00000
0.00000
0.00000
0.00000
0.00000
0.00000
0.00000
0.00000
0.00000
0.00000
0.00000
0.00000
0.00000
0.00000
0.00000
0.00000
0.00000
0.00000
0.00000
0.00000
0.00000
0.00000
0.00000
0.00000
0.00000
0.00000
0.00000
0.00000
0.00000
0.00000
0.00000
0.00000
0.00000
0.00000
0.00000
0.00000
0.00000
0.00000
0.00000
0.00000
