-0.00018
-0.00015
-0.00021
-0.00009
-0.00006
-0.00018
-0.00021
-0.00015
-0.00021
-0.00024
-0.00009
-0.00009
-0.00021
-0.00012
-0.00018
-0.00034
-0.00031
-0.00018
-0.00024
-0.00018
-0.00006
-0.00012
-0.00012
-0.00009
-0.00018
-0.00021
-0.00018
-0.00018
-0.00027
-0.00024
-0.00018
-0.00015
-0.00015
-0.00018
-0.00012
-0.00012
-0.00027
-0.00031
-0.00027
-0.00024
-0.00021
-0.00021
-0.00018
-0.00018
-0.00034
-0.00031
-0.00027
-0.00024
-0.00024
-0.00015
-0.00018
-0.00012
-0.00018
-0.00012
-0.00027
-0.00021
-0.00012
-0.00043
-0.00043
-0.00031
-0.00021
-0.00031
-0.00024
-0.00015
-0.00006
-0.00012
-0.00021
-0.00021
-0.00027
-0.00037
-0.00031
-0.00034
-0.00027
-0.00021
-0.00024
-0.00024
-0.00006
-0.00021
-0.00034
-0.00024
-0.00021
-0.00034
-0.00027
-0.00015
-0.00024
-0.00031
-0.00018
-0.00021
-0.00018
-0.00012
-0.00018
-0.00021
-0.00024
-0.00027
-0.00027
-0.00012
-0.00015
-0.00031
-0.00021
-0.00012
-0.00031
-0.00040
-0.00018
-0.00021
-0.00034
-0.00024
-0.00021
-0.00024
-0.00021
-0.00009
-0.00012
-0.00012
-0.00018
-0.00027
-0.00024
-0.00024
-0.00031
-0.00031
-0.00021
-0.00021
-0.00027
-0.00024
-0.00012
-0.00015
-0.00021
-0.00018
-0.00021
-0.00027
-0.00024
-0.00024
-0.00024
-0.00021
-0.00021
-0.00021
-0.00021
-0.00021
-0.00012
-0.00021
-0.00021
-0.00015
-0.00018
-0.00021
-0.00024
-0.00021
-0.00034
-0.00031
-0.00024
-0.00018
-0.00018
-0.00021
-0.00021
-0.00021
-0.00024
-0.00027
-0.00021
-0.00015
-0.00021
-0.00021
-0.00021
-0.00021
-0.00024
-0.00034
-0.00027
-0.00018
-0.00021
-0.00031
-0.00021
-0.00024
-0.00015
-0.00027
0.00000
-0.00046
0.00040
-0.00104
0.00116
-0.00220
0.00250
-0.00391
0.00473
-0.00671
0.00867
-0.06570
-0.18222
0.00378
-0.00900
-0.04102
0.08279
0.19971
0.08218
-0.01996
-0.06702
-0.04828
0.01770
0.01862
-0.03000
0.02521
0.05396
-0.01898
-0.00842
0.01752
-0.02496
-0.02036
0.01642
-0.00381
0.01270
0.02356
-0.00916
-0.01447
0.02902
0.00552
-0.02048
0.00488
0.00156
-0.00940
0.00168
0.00363
-0.00854
0.00211
0.00989
0.00287
-0.00009
0.00757
-0.00070
-0.00443
0.00046
0.00076
-0.00601
0.00098
0.00281
-0.00122
-0.00162
0.00293
-0.00204
-0.00378
0.00601
0.00824
0.00021
0.00027
0.00189
-0.00171
-0.00211
0.00165
0.00134
-0.00150
-0.00131
-0.00360
-0.00375
0.00034
-0.00082
-0.00104
0.00089
0.00150
-0.00159
-0.00110
0.00223
0.00046
-0.00211
-0.00089
-0.00189
-0.00229
-0.00330
-0.00098
-0.00018
-0.00009
0.00024
-0.00137
-0.00095
-0.00012
-0.00125
-0.00064
0.00040
-0.00064
-0.00116
-0.00006
0.00009
-0.00165
-0.00085
-0.00113
-0.00220
-0.00220
-0.00165
-0.00241
-0.00177
-0.00089
0.00040
0.00018
0.00000
-0.00101
-0.00046
0.00073
0.00052
0.00046
0.00122
0.00021
-0.00226
-0.00336
-0.00223
-0.00204
-0.00220
-0.00095
-0.00064
-0.00116
-0.00095
-0.00003
0.00009
0.00000
0.00000
0.00000
0.00000
0.00000
0.00000
0.00000
0.00000
0.00000
0.00000
0.00000
0.00000
0.00000
0.00000
0.00000
0.00000
0.00000
0.00000
0.00000
0.00000
0.00000
0.00000
0.00000
0.00000
0.00000
0.00000
0.00000
0.00000
0.00000
0.00000
0.00000
0.00000
0.00000
0.00000
0.00000
0.00000
0.00000
0.00000
0.00000
0.00000
0.00000
0.00000
0.00000
0.00000
0.00000
0.00000
0.00000
0.00000
0.00000
0.00000
0.00000
0.00000
0.00000
0.00000
0.00000
0.00000
0.00000
0.00000
0.00000
0.00000
0.00000
0.00000
0.00000
0.00000
0.00000
0.00000
0.00000
0.00000
0.00000
0.00000
0.00000
0.00000
0.00000
0.00000
0.00000
0.00000
0.00000
0.00000
0.00000
0.00000
0.00000
0.00000
0.00000
0.00000
0.00000
0.00000
0.00000
0.00000
0.00000
0.00000
0.00000
0.00000
0.00000
0.00000
0.00000
0.00000
0.00000
0.00000
0.00000
0.00000
0.00000
0.00000
0.00000
0.00000
0.00000
0.00000
0.00000
0.00000
0.00000
0.00000
0.00000
0.00000
0.00000
0.00000
0.00000
0.00000
0.00000
0.00000
0.00000
0.00000
0.00000
0.00000
0.00000
0.00000
0.00000
0.00000
0.00000
0.00000
0.00000
0.00000
0.00000
0.00000
0.00000
0.00000
0.00000
0.00000
0.00000
0.00000
0.00000
0.00000
0.00000
0.00000
0.00000
0.00000
0.00000
0.00000
0.00000
0.00000
0.00000
0.00000
0.00000
0.00000
0.00000
0.00000
0.00000
0.00000
0.00000
0.00000
0.00000
0.00000
0.00000
0.00000
0.00000
0.00000
0.00000
0.00000
0.00000
0.00000
0.00000
0.00000
0.00000
0.00000
0.00000
0.00000
0.00000
0.00000
0.00000
0.00000
0.00000
0.00000
0.00000
0.00000
0.00000
0.00000
0.00000
0.00000
0.00000
0.00000
0.00000
0.00000
0.00000
0.00000
0.00000
0.00000
0.00000
0.00000
0.00000
0.00000
0.00000
0.00000
0.00000
0.00000
0.00000
0.00000
0.00000
0.00000
0.00000
