-0.00037
-0.00043
-0.00040
-0.00040
-0.00037
-0.00037
-0.00031
-0.00024
-0.00024
-0.00024
-0.00027
-0.00027
-0.00034
-0.00037
-0.00031
-0.00031
-0.00031
-0.00024
-0.00021
-0.00027
-0.00027
-0.00031
-0.00031
-0.00031
-0.00031
-0.00031
-0.00031
-0.00037
-0.00031
-0.00024
-0.00021
-0.00018
-0.00018
-0.00015
-0.00021
-0.00027
-0.00037
-0.00037
-0.00037
-0.00037
-0.00024
-0.00021
-0.00021
-0.00021
-0.00018
-0.00024
-0.00027
-0.00021
-0.00012
-0.00012
-0.00021
-0.00018
-0.00021
-0.00027
-0.00031
-0.00031
-0.00034
-0.00031
-0.00021
-0.00015
-0.00015
-0.00018
-0.00018
-0.00015
-0.00015
-0.00015
-0.00024
-0.00021
-0.00024
-0.00027
-0.00024
-0.00021
-0.00021
-0.00024
-0.00024
-0.00027
-0.00031
-0.00024
-0.00009
-0.00006
-0.00009
-0.00012
-0.00015
-0.00018
-0.00018
-0.00021
-0.00021
-0.00024
-0.00024
-0.00021
-0.00009
-0.00009
-0.00006
-0.00006
-0.00015
-0.00018
-0.00012
-0.00012
-0.00012
-0.00012
-0.00012
-0.00012
-0.00015
-0.00021
-0.00024
-0.00018
-0.00018
-0.00018
-0.00009
-0.00009
-0.00012
-0.00012
-0.00009
-0.00006
-0.00009
-0.00012
-0.00012
-0.00018
-0.00024
-0.00018
-0.00012
-0.00006
-0.00003
0.00000
0.00000
-0.00009
-0.00012
-0.00015
-0.00018
-0.00018
-0.00015
-0.00012
-0.00006
-0.00003
-0.00006
-0.00003
-0.00003
-0.00006
-0.00009
-0.00009
-0.00006
-0.00012
-0.00009
-0.00012
-0.00018
-0.00009
0.00003
0.00003
0.00000
0.00000
-0.00003
-0.00012
-0.00009
-0.00003
-0.00012
-0.00012
-0.00006
-0.00009
-0.00012
-0.00009
-0.00009
-0.00006
-0.00003
-0.00006
-0.00009
0.00000
0.00000
-0.00003
-0.00003
0.00000
-0.00006
-0.00006
0.00000
0.00000
0.00000
0.00000
-0.00003
-0.00006
-0.00012
-0.00012
-0.00006
-0.00006
0.00000
-0.00012
0.00006
0.00009
0.00006
-0.00012
0.00018
-0.00031
0.00034
-0.00064
0.00055
-0.00116
0.00146
-0.01733
-0.04465
-0.02628
-0.02335
-0.02792
0.01608
0.05051
0.04163
0.03592
0.00424
-0.00452
0.00238
-0.00916
-0.02051
-0.00662
0.00391
-0.00491
0.00055
0.00531
-0.00336
0.00159
0.00607
0.00003
0.00778
0.00882
-0.00293
-0.00018
0.00473
-0.00262
-0.00327
0.00037
0.00000
-0.00058
0.00177
0.00174
0.00110
0.00342
0.00290
0.00195
0.00281
0.00302
0.00058
0.00064
0.00177
0.00061
-0.00095
0.00037
-0.00034
-0.00055
0.00043
0.00122
0.00055
0.00043
0.00201
0.00299
0.00250
0.00235
0.00110
0.00058
0.00055
-0.00009
0.00000
0.00015
-0.00024
-0.00052
-0.00027
0.00046
0.00006
-0.00006
0.00073
0.00101
0.00073
0.00076
0.00079
0.00076
0.00006
0.00000
-0.00052
-0.00116
-0.00140
-0.00143
-0.00092
-0.00009
0.00000
0.00000
0.00012
0.00021
0.00012
0.00046
0.00058
0.00006
-0.00040
-0.00052
-0.00055
-0.00055
-0.00055
-0.00070
-0.00098
-0.00098
-0.00089
-0.00082
-0.00049
-0.00055
-0.00064
-0.00052
-0.00024
0.00000
0.00015
0.00037
0.00052
0.00037
0.00012
0.00000
0.00000
0.00000
0.00000
0.00000
0.00000
0.00000
0.00000
0.00000
0.00000
0.00000
0.00000
0.00000
0.00000
0.00000
0.00000
0.00000
0.00000
0.00000
0.00000
0.00000
0.00000
0.00000
0.00000
0.00000
0.00000
0.00000
0.00000
0.00000
0.00000
0.00000
0.00000
0.00000
0.00000
0.00000
0.00000
0.00000
0.00000
0.00000
0.00000
0.00000
0.00000
0.00000
0.00000
0.00000
0.00000
0.00000
0.00000
0.00000
0.00000
0.00000
0.00000
0.00000
0.00000
0.00000
0.00000
0.00000
0.00000
0.00000
0.00000
0.00000
0.00000
0.00000
0.00000
0.00000
0.00000
0.00000
0.00000
0.00000
0.00000
0.00000
0.00000
0.00000
0.00000
0.00000
0.00000
0.00000
0.00000
0.00000
0.00000
0.00000
0.00000
0.00000
0.00000
0.00000
0.00000
0.00000
0.00000
0.00000
0.00000
0.00000
0.00000
0.00000
0.00000
0.00000
0.00000
0.00000
0.00000
0.00000
0.00000
0.00000
0.00000
0.00000
0.00000
0.00000
0.00000
0.00000
0.00000
0.00000
0.00000
0.00000
0.00000
0.00000
0.00000
0.00000
0.00000
0.00000
0.00000
0.00000
0.00000
0.00000
0.00000
0.00000
0.00000
0.00000
0.00000
0.00000
0.00000
0.00000
0.00000
0.00000
0.00000
0.00000
0.00000
0.00000
0.00000
0.00000
0.00000
0.00000
0.00000
0.00000
0.00000
0.00000
0.00000
0.00000
0.00000
0.00000
0.00000
0.00000
0.00000
0.00000
0.00000
0.00000
0.00000
0.00000
0.00000
0.00000
0.00000
0.00000
0.00000
0.00000
0.00000
0.00000
0.00000
0.00000
0.00000
0.00000
0.00000
0.00000
0.00000
0.00000
0.00000
0.00000
0.00000
0.00000
0.00000
0.00000
0.00000
0.00000
0.00000
0.00000
0.00000
0.00000
0.00000
0.00000
0.00000
0.00000
0.00000
0.00000
0.00000
0.00000
0.00000
0.00000
0.00000
0.00000
0.00000
0.00000
0.00000
0.00000
0.00000
0.00000
0.00000
0.00000
0.00000
0.00000
