-0.00031
-0.00034
-0.00027
-0.00024
-0.00024
-0.00024
-0.00018
-0.00021
-0.00024
-0.00027
-0.00034
-0.00034
-0.00031
-0.00031
-0.00037
-0.00027
-0.00027
-0.00027
-0.00015
-0.00015
-0.00021
-0.00018
-0.00018
-0.00027
-0.00024
-0.00027
-0.00034
-0.00037
-0.00034
-0.00027
-0.00027
-0.00015
-0.00012
-0.00015
-0.00018
-0.00024
-0.00024
-0.00021
-0.00024
-0.00027
-0.00021
-0.00024
-0.00027
-0.00027
-0.00027
-0.00018
-0.00018
-0.00018
-0.00015
-0.00015
-0.00018
-0.00018
-0.00018
-0.00021
-0.00031
-0.00021
-0.00027
-0.00024
-0.00012
-0.00027
-0.00024
-0.00021
-0.00018
-0.00024
-0.00012
-0.00015
-0.00018
-0.00015
-0.00015
-0.00021
-0.00027
-0.00015
-0.00009
-0.00018
-0.00012
-0.00012
-0.00015
-0.00015
-0.00009
-0.00018
-0.00024
-0.00018
-0.00015
-0.00018
-0.00012
-0.00009
-0.00012
-0.00012
-0.00012
-0.00018
-0.00018
-0.00012
-0.00015
-0.00015
-0.00012
-0.00015
-0.00018
-0.00012
0.00000
-0.00006
-0.00006
0.00000
-0.00003
-0.00015
-0.00009
-0.00012
-0.00018
-0.00015
-0.00012
-0.00012
-0.00012
-0.00003
-0.00006
-0.00003
0.00000
0.00000
-0.00003
0.00000
-0.00012
-0.00012
-0.00006
-0.00006
-0.00009
-0.00012
-0.00015
-0.00015
-0.00012
-0.00009
-0.00009
-0.00006
-0.00009
-0.00006
0.00000
0.00000
-0.00003
-0.00006
-0.00006
-0.00006
0.00000
-0.00003
-0.00006
-0.00003
-0.00006
-0.00006
-0.00009
-0.00003
-0.00009
-0.00003
-0.00006
-0.00003
-0.00003
-0.00003
0.00000
-0.00006
0.00000
0.00000
-0.00003
0.00000
-0.00003
0.00000
-0.00003
0.00000
0.00000
-0.00006
-0.00006
-0.00009
-0.00009
-0.00009
0.00000
0.00000
0.00006
0.00003
0.00009
-0.00012
0.00024
-0.00052
0.00070
-0.00113
0.00156
-0.00211
0.00296
-0.00378
0.00452
-0.04935
-0.11404
-0.00262
-0.01831
-0.02750
0.01282
0.09326
0.05951
0.02011
-0.02353
-0.02094
0.06308
0.02979
0.00000
-0.01068
0.00769
-0.01401
-0.02298
-0.00256
-0.01038
0.00958
0.02020
-0.00043
0.01450
0.01462
-0.01007
-0.00952
0.00967
0.00287
-0.00812
-0.00626
-0.00330
-0.00095
0.00381
0.00446
-0.00073
0.00467
0.00497
0.00458
0.00189
0.00308
0.00079
-0.00327
-0.00067
0.00189
-0.00177
-0.00018
0.00140
-0.00162
-0.00275
0.00000
0.00018
-0.00031
0.00507
0.00549
0.00150
0.00122
0.00156
-0.00031
0.00015
0.00174
-0.00009
-0.00189
-0.00143
-0.00223
-0.00119
0.00098
0.00058
-0.00031
0.00000
0.00110
-0.00009
0.00012
0.00116
0.00018
-0.00064
-0.00076
-0.00128
-0.00177
-0.00226
-0.00143
-0.00107
-0.00006
-0.00006
-0.00116
-0.00073
0.00006
0.00043
0.00003
0.00055
0.00000
-0.00055
-0.00055
-0.00085
-0.00085
-0.00031
-0.00079
-0.00113
-0.00165
-0.00125
-0.00183
-0.00168
-0.00076
-0.00015
-0.00024
-0.00098
-0.00095
0.00037
0.00110
0.00110
0.00089
0.00104
0.00037
-0.00125
-0.00168
-0.00131
-0.00153
-0.00208
-0.00177
-0.00162
-0.00165
-0.00128
-0.00027
-0.00009
0.00000
0.00000
0.00000
0.00000
0.00000
0.00000
0.00000
0.00000
0.00000
0.00000
0.00000
0.00000
0.00000
0.00000
0.00000
0.00000
0.00000
0.00000
0.00000
0.00000
0.00000
0.00000
0.00000
0.00000
0.00000
0.00000
0.00000
0.00000
0.00000
0.00000
0.00000
0.00000
0.00000
0.00000
0.00000
0.00000
0.00000
0.00000
0.00000
0.00000
0.00000
0.00000
0.00000
0.00000
0.00000
0.00000
0.00000
0.00000
0.00000
0.00000
0.00000
0.00000
0.00000
0.00000
0.00000
0.00000
0.00000
0.00000
0.00000
0.00000
0.00000
0.00000
0.00000
0.00000
0.00000
0.00000
0.00000
0.00000
0.00000
0.00000
0.00000
0.00000
0.00000
0.00000
0.00000
0.00000
0.00000
0.00000
0.00000
0.00000
0.00000
0.00000
0.00000
0.00000
0.00000
0.00000
0.00000
0.00000
0.00000
0.00000
0.00000
0.00000
0.00000
0.00000
0.00000
0.00000
0.00000
0.00000
0.00000
0.00000
0.00000
0.00000
0.00000
0.00000
0.00000
0.00000
0.00000
0.00000
0.00000
0.00000
0.00000
0.00000
0.00000
0.00000
0.00000
0.00000
0.00000
0.00000
0.00000
0.00000
0.00000
0.00000
0.00000
0.00000
0.00000
0.00000
0.00000
0.00000
0.00000
0.00000
0.00000
0.00000
0.00000
0.00000
0.00000
0.00000
0.00000
0.00000
0.00000
0.00000
0.00000
0.00000
0.00000
0.00000
0.00000
0.00000
0.00000
0.00000
0.00000
0.00000
0.00000
0.00000
0.00000
0.00000
0.00000
0.00000
0.00000
0.00000
0.00000
0.00000
0.00000
0.00000
0.00000
0.00000
0.00000
0.00000
0.00000
0.00000
0.00000
0.00000
0.00000
0.00000
0.00000
0.00000
0.00000
0.00000
0.00000
0.00000
0.00000
0.00000
0.00000
0.00000
0.00000
0.00000
0.00000
0.00000
0.00000
0.00000
0.00000
0.00000
0.00000
0.00000
0.00000
0.00000
0.00000
0.00000
0.00000
0.00000
0.00000
0.00000
0.00000
0.00000
0.00000
0.00000
0.00000
