-0.00006
-0.00003
-0.00009
-0.00024
-0.00021
-0.00018
-0.00015
0.00000
0.00000
-0.00003
0.00006
-0.00003
-0.00015
-0.00006
-0.00006
-0.00021
-0.00018
-0.00012
-0.00015
-0.00021
-0.00015
-0.00012
-0.00006
-0.00003
0.00003
0.00003
-0.00003
0.00000
0.00000
0.00006
-0.00003
-0.00018
-0.00021
-0.00031
-0.00031
-0.00012
-0.00003
0.00000
0.00000
0.00000
0.00000
-0.00009
-0.00003
0.00000
-0.00006
-0.00003
-0.00003
-0.00012
-0.00012
-0.00018
-0.00018
-0.00009
0.00009
0.00015
0.00003
0.00000
0.00000
-0.00015
0.00000
-0.00003
-0.00012
0.00006
-0.00027
-0.00034
-0.00015
-0.00015
-0.00006
-0.00009
-0.00003
0.00000
-0.00003
-0.00003
-0.00009
-0.00009
-0.00003
-0.00003
-0.00003
0.00003
0.00006
-0.00006
-0.00015
-0.00006
-0.00018
-0.00012
0.00000
-0.00003
-0.00003
-0.00009
-0.00006
-0.00009
-0.00009
-0.00003
-0.00003
0.00006
0.00003
-0.00009
-0.00012
-0.00024
-0.00024
-0.00018
-0.00009
-0.00006
-0.00015
-0.00018
0.00000
0.00000
-0.00015
0.00006
0.00012
-0.00009
-0.00018
-0.00018
-0.00021
-0.00034
-0.00027
-0.00009
-0.00006
0.00000
0.00000
0.00003
0.00006
0.00000
-0.00012
-0.00006
-0.00006
-0.00015
-0.00012
0.00000
0.00000
-0.00012
-0.00012
-0.00015
-0.00024
-0.00015
-0.00009
-0.00003
0.00000
-0.00006
-0.00012
-0.00003
0.00006
0.00000
-0.00018
-0.00018
-0.00018
-0.00034
-0.00018
-0.00006
-0.00009
-0.00012
-0.00009
-0.00006
-0.00003
0.00006
0.00000
-0.00006
-0.00006
-0.00009
-0.00009
-0.00006
-0.00003
-0.00021
-0.00027
-0.00021
-0.00015
-0.00003
-0.00012
-0.00006
-0.00006
-0.00015
-0.00006
-0.00003
-0.00006
0.00000
-0.00024
-0.00003
-0.00031
0.00018
-0.00073
0.00076
-0.00116
0.00113
-0.00150
0.00156
-0.00177
0.00171
-0.03683
-0.16531
-0.02905
-0.04092
-0.05847
0.13489
0.17557
0.14203
0.01035
-0.06961
-0.02640
-0.01041
-0.04370
-0.06070
0.01282
0.03888
-0.00641
0.01486
0.02701
-0.01169
-0.00998
0.00406
-0.00299
0.01694
0.00470
-0.01675
0.00482
0.01666
-0.00085
-0.00974
0.00357
0.00009
-0.00534
-0.00250
0.00000
-0.00079
0.00137
0.00607
0.00845
0.00366
0.00208
-0.00021
-0.00296
-0.00278
-0.00183
-0.00314
0.00000
0.00180
-0.00076
-0.00031
0.00247
0.00201
-0.00067
0.00522
0.00647
-0.00052
-0.00021
-0.00027
-0.00058
-0.00095
-0.00122
0.00156
-0.00043
-0.00192
-0.00220
-0.00159
0.00128
-0.00165
-0.00031
0.00177
0.00116
0.00089
-0.00015
0.00192
0.00092
-0.00198
-0.00073
-0.00278
-0.00305
-0.00391
-0.00259
0.00195
0.00034
0.00107
-0.00009
-0.00055
0.00027
-0.00146
-0.00031
-0.00037
-0.00150
-0.00061
-0.00073
0.00006
-0.00061
-0.00046
-0.00073
-0.00214
-0.00226
-0.00250
-0.00214
-0.00125
-0.00058
0.00064
0.00015
-0.00024
-0.00012
0.00024
0.00113
0.00040
0.00043
0.00058
-0.00073
0.00000
0.00000
0.00000
0.00000
0.00000
0.00000
0.00000
0.00000
0.00000
0.00000
0.00000
0.00000
0.00000
0.00000
0.00000
0.00000
0.00000
0.00000
0.00000
0.00000
0.00000
0.00000
0.00000
0.00000
0.00000
0.00000
0.00000
0.00000
0.00000
0.00000
0.00000
0.00000
0.00000
0.00000
0.00000
0.00000
0.00000
0.00000
0.00000
0.00000
0.00000
0.00000
0.00000
0.00000
0.00000
0.00000
0.00000
0.00000
0.00000
0.00000
0.00000
0.00000
0.00000
0.00000
0.00000
0.00000
0.00000
0.00000
0.00000
0.00000
0.00000
0.00000
0.00000
0.00000
0.00000
0.00000
0.00000
0.00000
0.00000
0.00000
0.00000
0.00000
0.00000
0.00000
0.00000
0.00000
0.00000
0.00000
0.00000
0.00000
0.00000
0.00000
0.00000
0.00000
0.00000
0.00000
0.00000
0.00000
0.00000
0.00000
0.00000
0.00000
0.00000
0.00000
0.00000
0.00000
0.00000
0.00000
0.00000
0.00000
0.00000
0.00000
0.00000
0.00000
0.00000
0.00000
0.00000
0.00000
0.00000
0.00000
0.00000
0.00000
0.00000
0.00000
0.00000
0.00000
0.00000
0.00000
0.00000
0.00000
0.00000
0.00000
0.00000
0.00000
0.00000
0.00000
0.00000
0.00000
0.00000
0.00000
0.00000
0.00000
0.00000
0.00000
0.00000
0.00000
0.00000
0.00000
0.00000
0.00000
0.00000
0.00000
0.00000
0.00000
0.00000
0.00000
0.00000
0.00000
0.00000
0.00000
0.00000
0.00000
0.00000
0.00000
0.00000
0.00000
0.00000
0.00000
0.00000
0.00000
0.00000
0.00000
0.00000
0.00000
0.00000
0.00000
0.00000
0.00000
0.00000
0.00000
0.00000
0.00000
0.00000
0.00000
0.00000
0.00000
0.00000
0.00000
0.00000
0.00000
0.00000
0.00000
0.00000
0.00000
0.00000
0.00000
0.00000
0.00000
0.00000
0.00000
0.00000
0.00000
0.00000
0.00000
0.00000
0.00000
0.00000
0.00000
0.00000
0.00000
0.00000
0.00000
0.00000
0.00000
0.00000
0.00000
0.00000
0.00000
0.00000
0.00000
0.00000
0.00000
0.00000
