0.00006
0.00003
0.00009
0.00009
0.00006
0.00009
0.00012
0.00006
0.00006
0.00006
0.00009
0.00009
0.00012
0.00012
0.00012
0.00003
0.00000
0.00006
0.00009
0.00003
0.00000
0.00003
0.00003
0.00000
0.00003
0.00009
0.00006
0.00006
0.00009
0.00006
0.00003
0.00003
0.00012
0.00015
0.00009
0.00003
0.00003
0.00006
0.00000
0.00000
0.00009
0.00009
0.00006
0.00009
0.00015
0.00015
0.00009
0.00006
0.00006
0.00000
-0.00006
0.00000
0.00009
0.00006
0.00006
0.00009
0.00006
0.00006
0.00006
0.00012
0.00012
0.00009
0.00003
0.00003
0.00000
-0.00003
0.00000
0.00006
0.00006
0.00003
0.00003
0.00003
0.00003
0.00000
0.00000
0.00003
0.00000
0.00000
0.00006
0.00009
0.00003
0.00000
0.00000
-0.00006
-0.00006
-0.00003
0.00000
0.00006
0.00006
0.00006
0.00012
0.00009
0.00000
0.00000
0.00000
-0.00006
-0.00009
0.00000
0.00000
0.00000
0.00000
0.00000
-0.00003
-0.00003
0.00000
0.00003
0.00000
0.00000
0.00000
0.00000
-0.00003
0.00000
0.00000
-0.00003
-0.00003
0.00000
-0.00003
-0.00006
-0.00003
0.00000
0.00000
0.00000
0.00000
0.00000
-0.00003
-0.00009
-0.00009
-0.00006
-0.00006
-0.00006
0.00000
0.00000
-0.00003
-0.00009
-0.00006
-0.00006
-0.00006
-0.00003
-0.00003
0.00000
-0.00003
-0.00003
-0.00003
-0.00006
-0.00009
-0.00015
-0.00015
-0.00012
-0.00009
-0.00009
-0.00006
-0.00006
-0.00009
-0.00012
-0.00012
-0.00015
-0.00015
-0.00009
-0.00009
-0.00009
-0.00012
-0.00006
-0.00006
-0.00009
-0.00009
-0.00015
-0.00015
-0.00015
-0.00012
-0.00009
-0.00009
-0.00009
-0.00012
-0.00009
-0.00009
-0.00012
-0.00009
-0.00012
-0.00015
-0.00012
-0.00012
-0.00024
-0.00003
-0.00003
-0.00018
-0.00012
-0.00012
-0.00003
-0.00006
-0.00003
-0.00006
-0.00009
-0.00024
-0.00018
-0.00024
0.00003
-0.00043
0.00006
-0.00055
-0.00024
-0.01346
-0.02518
-0.01901
-0.01767
-0.01288
0.00079
0.01724
0.01828
0.02078
0.01022
-0.00192
0.00214
-0.00418
-0.00882
-0.00150
0.00296
0.00275
0.00461
0.00314
-0.00116
0.00009
0.00076
-0.00189
0.00293
0.00558
0.00095
0.00217
0.00409
0.00092
0.00009
-0.00049
-0.00162
-0.00055
0.00040
0.00018
0.00110
0.00330
0.00327
0.00253
0.00235
0.00171
0.00067
0.00076
0.00061
-0.00015
-0.00070
0.00000
0.00024
0.00037
0.00101
0.00107
0.00024
0.00012
0.00043
0.00067
0.00131
0.00183
0.00107
0.00058
0.00107
0.00079
-0.00006
-0.00021
0.00000
0.00000
0.00015
0.00015
-0.00012
-0.00061
-0.00031
0.00031
0.00018
0.00018
0.00000
0.00000
-0.00009
-0.00015
-0.00034
-0.00067
-0.00098
-0.00131
-0.00131
-0.00076
-0.00055
-0.00064
-0.00031
-0.00003
-0.00031
-0.00027
-0.00015
-0.00024
-0.00049
-0.00073
-0.00079
-0.00067
-0.00064
-0.00107
-0.00113
-0.00110
-0.00113
-0.00116
-0.00089
-0.00061
-0.00064
-0.00073
-0.00107
-0.00128
-0.00092
-0.00043
-0.00021
-0.00015
-0.00006
0.00000
0.00000
0.00000
0.00000
0.00000
0.00000
0.00000
0.00000
0.00000
0.00000
0.00000
0.00000
0.00000
0.00000
0.00000
0.00000
0.00000
0.00000
0.00000
0.00000
0.00000
0.00000
0.00000
0.00000
0.00000
0.00000
0.00000
0.00000
0.00000
0.00000
0.00000
0.00000
0.00000
0.00000
0.00000
0.00000
0.00000
0.00000
0.00000
0.00000
0.00000
0.00000
0.00000
0.00000
0.00000
0.00000
0.00000
0.00000
0.00000
0.00000
0.00000
0.00000
0.00000
0.00000
0.00000
0.00000
0.00000
0.00000
0.00000
0.00000
0.00000
0.00000
0.00000
0.00000
0.00000
0.00000
0.00000
0.00000
0.00000
0.00000
0.00000
0.00000
0.00000
0.00000
0.00000
0.00000
0.00000
0.00000
0.00000
0.00000
0.00000
0.00000
0.00000
0.00000
0.00000
0.00000
0.00000
0.00000
0.00000
0.00000
0.00000
0.00000
0.00000
0.00000
0.00000
0.00000
0.00000
0.00000
0.00000
0.00000
0.00000
0.00000
0.00000
0.00000
0.00000
0.00000
0.00000
0.00000
0.00000
0.00000
0.00000
0.00000
0.00000
0.00000
0.00000
0.00000
0.00000
0.00000
0.00000
0.00000
0.00000
0.00000
0.00000
0.00000
0.00000
0.00000
0.00000
0.00000
0.00000
0.00000
0.00000
0.00000
0.00000
0.00000
0.00000
0.00000
0.00000
0.00000
0.00000
0.00000
0.00000
0.00000
0.00000
0.00000
0.00000
0.00000
0.00000
0.00000
0.00000
0.00000
0.00000
0.00000
0.00000
0.00000
0.00000
0.00000
0.00000
0.00000
0.00000
0.00000
0.00000
0.00000
0.00000
0.00000
0.00000
0.00000
0.00000
0.00000
0.00000
0.00000
0.00000
0.00000
0.00000
0.00000
0.00000
0.00000
0.00000
0.00000
0.00000
0.00000
0.00000
0.00000
0.00000
0.00000
0.00000
0.00000
0.00000
0.00000
0.00000
0.00000
0.00000
0.00000
0.00000
0.00000
0.00000
0.00000
0.00000
0.00000
0.00000
0.00000
