0.00000
0.00003
0.00000
0.00006
0.00009
0.00000
-0.00003
0.00000
-0.00012
-0.00009
-0.00003
-0.00003
-0.00003
0.00009
0.00000
-0.00006
0.00003
0.00003
-0.00015
-0.00009
-0.00003
-0.00009
-0.00009
0.00000
0.00000
-0.00006
-0.00003
0.00000
-0.00009
-0.00012
-0.00012
-0.00012
-0.00009
-0.00006
-0.00009
-0.00009
-0.00003
-0.00006
-0.00012
-0.00006
0.00000
-0.00015
-0.00018
-0.00006
-0.00009
-0.00015
-0.00012
-0.00003
-0.00012
-0.00012
-0.00009
-0.00009
-0.00018
-0.00006
-0.00015
-0.00027
0.00000
-0.00021
-0.00031
-0.00015
-0.00006
-0.00024
-0.00021
-0.00009
-0.00015
-0.00021
-0.00009
-0.00015
-0.00021
-0.00021
-0.00015
-0.00021
-0.00021
-0.00003
-0.00015
-0.00024
-0.00006
-0.00015
-0.00024
-0.00018
-0.00021
-0.00031
-0.00031
-0.00018
-0.00018
-0.00021
-0.00015
-0.00018
-0.00018
-0.00018
-0.00024
-0.00018
-0.00018
-0.00031
-0.00037
-0.00021
-0.00021
-0.00027
-0.00027
-0.00003
-0.00009
-0.00040
-0.00031
-0.00018
-0.00031
-0.00034
-0.00015
-0.00015
-0.00031
-0.00021
-0.00024
-0.00027
-0.00024
-0.00031
-0.00034
-0.00024
-0.00021
-0.00027
-0.00024
-0.00018
-0.00024
-0.00037
-0.00031
-0.00024
-0.00037
-0.00034
-0.00027
-0.00024
-0.00024
-0.00027
-0.00031
-0.00031
-0.00031
-0.00034
-0.00031
-0.00027
-0.00024
-0.00037
-0.00031
-0.00015
-0.00027
-0.00031
-0.00027
-0.00027
-0.00031
-0.00031
-0.00034
-0.00034
-0.00018
-0.00027
-0.00027
-0.00015
-0.00024
-0.00046
-0.00043
-0.00031
-0.00043
-0.00034
-0.00024
-0.00024
-0.00018
-0.00024
-0.00027
-0.00027
-0.00034
-0.00040
-0.00034
-0.00027
-0.00021
-0.00040
-0.00024
-0.00061
0.00009
-0.00104
0.00055
-0.00140
0.00092
-0.00180
0.00116
-0.00153
0.00067
-0.03104
-0.19275
-0.03937
0.01120
-0.05029
0.05762
0.20993
0.12799
-0.01929
-0.05328
-0.06046
-0.01001
0.02200
-0.03122
0.00476
0.06424
-0.00388
-0.01251
0.02136
-0.01166
-0.03079
0.01169
-0.00455
0.00012
0.02496
0.00433
-0.01660
0.02267
0.01804
-0.02139
-0.00391
0.00504
-0.01065
-0.00385
0.00601
-0.00662
-0.00275
0.01297
0.00906
-0.00308
0.00595
0.00311
-0.00803
-0.00378
0.00253
-0.00565
-0.00229
0.00500
-0.00040
-0.00293
0.00320
0.00049
-0.00580
0.00443
0.00919
0.00046
-0.00076
0.00262
-0.00116
-0.00327
0.00085
0.00171
-0.00238
-0.00171
-0.00235
-0.00409
-0.00037
-0.00046
-0.00162
0.00018
0.00180
-0.00085
-0.00198
0.00180
0.00049
-0.00269
-0.00089
-0.00156
-0.00253
-0.00354
-0.00165
0.00000
-0.00070
0.00055
-0.00110
-0.00122
-0.00027
-0.00128
-0.00140
0.00000
-0.00082
-0.00150
-0.00058
0.00043
-0.00177
-0.00116
-0.00104
-0.00220
-0.00269
-0.00189
-0.00250
-0.00244
-0.00137
0.00031
0.00009
-0.00012
-0.00064
-0.00058
0.00034
0.00024
0.00009
0.00082
0.00018
-0.00229
-0.00372
-0.00262
-0.00238
-0.00308
-0.00146
-0.00046
-0.00107
-0.00116
-0.00018
0.00000
-0.00058
0.00000
0.00000
0.00000
0.00000
0.00000
0.00000
0.00000
0.00000
0.00000
0.00000
0.00000
0.00000
0.00000
0.00000
0.00000
0.00000
0.00000
0.00000
0.00000
0.00000
0.00000
0.00000
0.00000
0.00000
0.00000
0.00000
0.00000
0.00000
0.00000
0.00000
0.00000
0.00000
0.00000
0.00000
0.00000
0.00000
0.00000
0.00000
0.00000
0.00000
0.00000
0.00000
0.00000
0.00000
0.00000
0.00000
0.00000
0.00000
0.00000
0.00000
0.00000
0.00000
0.00000
0.00000
0.00000
0.00000
0.00000
0.00000
0.00000
0.00000
0.00000
0.00000
0.00000
0.00000
0.00000
0.00000
0.00000
0.00000
0.00000
0.00000
0.00000
0.00000
0.00000
0.00000
0.00000
0.00000
0.00000
0.00000
0.00000
0.00000
0.00000
0.00000
0.00000
0.00000
0.00000
0.00000
0.00000
0.00000
0.00000
0.00000
0.00000
0.00000
0.00000
0.00000
0.00000
0.00000
0.00000
0.00000
0.00000
0.00000
0.00000
0.00000
0.00000
0.00000
0.00000
0.00000
0.00000
0.00000
0.00000
0.00000
0.00000
0.00000
0.00000
0.00000
0.00000
0.00000
0.00000
0.00000
0.00000
0.00000
0.00000
0.00000
0.00000
0.00000
0.00000
0.00000
0.00000
0.00000
0.00000
0.00000
0.00000
0.00000
0.00000
0.00000
0.00000
0.00000
0.00000
0.00000
0.00000
0.00000
0.00000
0.00000
0.00000
0.00000
0.00000
0.00000
0.00000
0.00000
0.00000
0.00000
0.00000
0.00000
0.00000
0.00000
0.00000
0.00000
0.00000
0.00000
0.00000
0.00000
0.00000
0.00000
0.00000
0.00000
0.00000
0.00000
0.00000
0.00000
0.00000
0.00000
0.00000
0.00000
0.00000
0.00000
0.00000
0.00000
0.00000
0.00000
0.00000
0.00000
0.00000
0.00000
0.00000
0.00000
0.00000
0.00000
0.00000
0.00000
0.00000
0.00000
0.00000
0.00000
0.00000
0.00000
0.00000
0.00000
0.00000
0.00000
0.00000
0.00000
0.00000
0.00000
0.00000
0.00000
0.00000
0.00000
