-0.00003
-0.00006
-0.00012
-0.00009
-0.00009
-0.00012
-0.00009
-0.00003
-0.00006
-0.00006
-0.00003
-0.00006
-0.00012
-0.00009
-0.00012
-0.00015
-0.00009
-0.00006
-0.00009
-0.00012
-0.00009
-0.00012
-0.00009
-0.00003
-0.00009
-0.00012
-0.00012
-0.00015
-0.00018
-0.00009
-0.00003
0.00000
0.00000
0.00000
-0.00003
-0.00012
-0.00015
-0.00015
-0.00015
-0.00024
-0.00021
-0.00012
-0.00012
-0.00006
0.00000
0.00000
-0.00003
-0.00009
-0.00009
-0.00012
-0.00009
-0.00006
-0.00006
-0.00003
-0.00006
-0.00015
-0.00012
-0.00009
-0.00015
-0.00015
-0.00006
-0.00009
-0.00018
-0.00012
-0.00003
-0.00003
-0.00003
0.00000
-0.00012
-0.00012
-0.00012
-0.00015
-0.00003
-0.00003
-0.00009
-0.00009
-0.00006
-0.00012
-0.00015
-0.00012
-0.00012
-0.00012
-0.00012
-0.00009
-0.00003
-0.00003
-0.00003
-0.00003
-0.00006
0.00000
-0.00003
-0.00012
-0.00018
-0.00018
-0.00018
-0.00015
-0.00006
-0.00003
-0.00003
0.00000
-0.00006
-0.00012
-0.00006
-0.00015
-0.00015
-0.00006
-0.00006
-0.00006
-0.00003
-0.00006
-0.00012
-0.00009
-0.00012
-0.00012
-0.00009
-0.00009
-0.00009
-0.00009
-0.00009
-0.00018
-0.00018
-0.00012
-0.00009
-0.00009
-0.00003
0.00000
-0.00006
-0.00012
-0.00006
-0.00009
-0.00015
-0.00012
-0.00012
-0.00012
-0.00009
-0.00009
-0.00003
-0.00003
-0.00012
-0.00018
-0.00015
-0.00009
-0.00018
-0.00012
-0.00009
-0.00015
-0.00018
-0.00012
-0.00006
-0.00009
-0.00012
-0.00009
-0.00006
-0.00015
-0.00015
-0.00009
-0.00012
-0.00006
-0.00006
-0.00009
-0.00015
-0.00018
-0.00015
-0.00009
-0.00006
-0.00009
-0.00009
-0.00006
-0.00012
-0.00015
-0.00015
-0.00015
-0.00018
-0.00015
-0.00009
-0.00009
-0.00009
-0.00015
-0.00015
-0.00015
-0.00018
-0.00012
-0.00006
-0.00009
-0.00009
-0.00024
-0.00009
-0.00021
0.00009
-0.00067
0.00031
-0.00128
0.00137
-0.00192
0.00180
-0.03183
-0.04938
-0.01379
-0.02097
-0.00089
0.01639
0.03091
0.02786
0.02444
0.01337
-0.00595
0.00348
-0.00342
-0.01459
-0.00772
-0.00363
0.00168
0.01108
0.00784
0.00241
0.00522
0.00177
-0.00778
-0.00150
0.00601
-0.00073
-0.00089
0.00208
0.00046
0.00085
0.00119
-0.00064
-0.00003
0.00119
-0.00104
-0.00317
0.00098
0.00296
0.00098
0.00220
0.00504
0.00317
0.00143
0.00095
0.00064
-0.00067
-0.00021
-0.00049
-0.00073
0.00073
0.00140
0.00073
0.00098
0.00204
0.00134
0.00101
0.00201
0.00119
0.00024
-0.00012
0.00009
-0.00006
-0.00031
0.00003
-0.00037
-0.00015
0.00015
0.00009
0.00061
0.00067
0.00089
0.00000
-0.00024
0.00006
-0.00027
-0.00015
-0.00012
-0.00049
-0.00095
-0.00110
-0.00067
-0.00092
-0.00082
-0.00082
-0.00085
-0.00037
-0.00012
0.00018
0.00043
0.00015
-0.00012
-0.00052
-0.00046
-0.00055
-0.00079
-0.00067
-0.00095
-0.00095
-0.00089
-0.00110
-0.00125
-0.00125
-0.00098
-0.00073
-0.00058
-0.00052
-0.00052
-0.00009
0.00009
0.00021
0.00034
0.00006
0.00000
0.00000
0.00000
0.00000
0.00000
0.00000
0.00000
0.00000
0.00000
0.00000
0.00000
0.00000
0.00000
0.00000
0.00000
0.00000
0.00000
0.00000
0.00000
0.00000
0.00000
0.00000
0.00000
0.00000
0.00000
0.00000
0.00000
0.00000
0.00000
0.00000
0.00000
0.00000
0.00000
0.00000
0.00000
0.00000
0.00000
0.00000
0.00000
0.00000
0.00000
0.00000
0.00000
0.00000
0.00000
0.00000
0.00000
0.00000
0.00000
0.00000
0.00000
0.00000
0.00000
0.00000
0.00000
0.00000
0.00000
0.00000
0.00000
0.00000
0.00000
0.00000
0.00000
0.00000
0.00000
0.00000
0.00000
0.00000
0.00000
0.00000
0.00000
0.00000
0.00000
0.00000
0.00000
0.00000
0.00000
0.00000
0.00000
0.00000
0.00000
0.00000
0.00000
0.00000
0.00000
0.00000
0.00000
0.00000
0.00000
0.00000
0.00000
0.00000
0.00000
0.00000
0.00000
0.00000
0.00000
0.00000
0.00000
0.00000
0.00000
0.00000
0.00000
0.00000
0.00000
0.00000
0.00000
0.00000
0.00000
0.00000
0.00000
0.00000
0.00000
0.00000
0.00000
0.00000
0.00000
0.00000
0.00000
0.00000
0.00000
0.00000
0.00000
0.00000
0.00000
0.00000
0.00000
0.00000
0.00000
0.00000
0.00000
0.00000
0.00000
0.00000
0.00000
0.00000
0.00000
0.00000
0.00000
0.00000
0.00000
0.00000
0.00000
0.00000
0.00000
0.00000
0.00000
0.00000
0.00000
0.00000
0.00000
0.00000
0.00000
0.00000
0.00000
0.00000
0.00000
0.00000
0.00000
0.00000
0.00000
0.00000
0.00000
0.00000
0.00000
0.00000
0.00000
0.00000
0.00000
0.00000
0.00000
0.00000
0.00000
0.00000
0.00000
0.00000
0.00000
0.00000
0.00000
0.00000
0.00000
0.00000
0.00000
0.00000
0.00000
0.00000
0.00000
0.00000
0.00000
0.00000
0.00000
0.00000
0.00000
0.00000
0.00000
0.00000
0.00000
0.00000
0.00000
0.00000
0.00000
0.00000
0.00000
0.00000
0.00000
