-0.00009
-0.00009
-0.00009
-0.00009
-0.00009
-0.00003
-0.00006
-0.00006
-0.00006
-0.00009
-0.00015
-0.00018
-0.00015
-0.00015
-0.00015
-0.00009
-0.00006
-0.00006
-0.00006
-0.00012
-0.00015
-0.00015
-0.00012
-0.00006
-0.00006
-0.00006
-0.00009
-0.00015
-0.00015
-0.00012
-0.00015
-0.00012
-0.00006
-0.00006
-0.00012
-0.00012
-0.00009
-0.00015
-0.00015
-0.00009
-0.00006
-0.00009
-0.00012
-0.00009
-0.00015
-0.00015
-0.00012
-0.00009
-0.00012
-0.00012
-0.00009
-0.00012
-0.00012
-0.00009
-0.00009
-0.00009
-0.00012
-0.00012
-0.00012
-0.00015
-0.00012
-0.00009
-0.00006
-0.00012
-0.00015
-0.00009
-0.00012
-0.00015
-0.00015
-0.00006
-0.00012
-0.00015
-0.00012
-0.00009
-0.00006
-0.00009
-0.00006
-0.00006
-0.00009
-0.00012
-0.00015
-0.00012
-0.00015
-0.00012
-0.00006
-0.00009
-0.00012
-0.00012
-0.00006
-0.00009
-0.00012
-0.00015
-0.00015
-0.00018
-0.00021
-0.00018
-0.00012
-0.00009
-0.00009
-0.00006
-0.00006
-0.00012
-0.00018
-0.00015
-0.00009
-0.00015
-0.00015
-0.00015
-0.00015
-0.00015
-0.00018
-0.00018
-0.00012
-0.00009
-0.00009
-0.00009
-0.00009
-0.00015
-0.00015
-0.00015
-0.00015
-0.00018
-0.00012
-0.00012
-0.00015
-0.00015
-0.00018
-0.00018
-0.00015
-0.00009
-0.00006
-0.00012
-0.00012
-0.00015
-0.00018
-0.00015
-0.00015
-0.00015
-0.00018
-0.00018
-0.00018
-0.00015
-0.00012
-0.00006
-0.00009
-0.00009
-0.00015
-0.00018
-0.00012
-0.00015
-0.00018
-0.00015
-0.00009
-0.00012
-0.00015
-0.00012
-0.00012
-0.00012
-0.00012
-0.00012
-0.00012
-0.00009
-0.00012
-0.00009
-0.00006
-0.00009
-0.00015
-0.00015
-0.00015
-0.00012
-0.00012
-0.00015
-0.00015
-0.00015
-0.00015
-0.00009
-0.00009
-0.00012
-0.00012
-0.00003
-0.00009
0.00000
-0.00021
0.00006
-0.00037
0.00006
-0.00049
0.00000
-0.00067
0.00000
-0.00998
-0.05728
-0.04962
-0.03506
-0.01712
0.00296
0.04004
0.06226
0.03983
0.02924
0.00662
0.01242
0.00278
-0.01642
-0.02127
-0.01791
-0.00702
-0.00217
0.00687
0.01321
0.00864
0.00632
0.00006
-0.00333
0.00232
0.00256
0.00027
0.00195
0.00229
-0.00037
-0.00296
-0.00146
0.00018
-0.00140
-0.00018
-0.00067
0.00049
0.00293
0.00403
0.00369
0.00262
0.00253
0.00052
-0.00186
-0.00165
-0.00137
-0.00150
-0.00089
-0.00037
0.00049
0.00134
0.00250
0.00204
0.00217
0.00290
0.00217
0.00113
0.00116
0.00110
-0.00009
-0.00061
-0.00040
-0.00085
-0.00079
-0.00079
-0.00085
-0.00073
0.00000
0.00070
0.00046
0.00079
0.00082
0.00037
0.00052
0.00046
-0.00021
-0.00107
-0.00137
-0.00146
-0.00177
-0.00156
-0.00104
-0.00082
-0.00040
-0.00046
-0.00015
0.00000
0.00024
0.00021
-0.00015
-0.00021
-0.00089
-0.00107
-0.00049
-0.00043
-0.00024
-0.00055
-0.00070
-0.00104
-0.00153
-0.00171
-0.00195
-0.00140
-0.00064
-0.00049
-0.00046
-0.00067
-0.00034
0.00037
0.00064
0.00076
0.00055
0.00003
0.00000
0.00000
0.00000
0.00000
0.00000
0.00000
0.00000
0.00000
0.00000
0.00000
0.00000
0.00000
0.00000
0.00000
0.00000
0.00000
0.00000
0.00000
0.00000
0.00000
0.00000
0.00000
0.00000
0.00000
0.00000
0.00000
0.00000
0.00000
0.00000
0.00000
0.00000
0.00000
0.00000
0.00000
0.00000
0.00000
0.00000
0.00000
0.00000
0.00000
0.00000
0.00000
0.00000
0.00000
0.00000
0.00000
0.00000
0.00000
0.00000
0.00000
0.00000
0.00000
0.00000
0.00000
0.00000
0.00000
0.00000
0.00000
0.00000
0.00000
0.00000
0.00000
0.00000
0.00000
0.00000
0.00000
0.00000
0.00000
0.00000
0.00000
0.00000
0.00000
0.00000
0.00000
0.00000
0.00000
0.00000
0.00000
0.00000
0.00000
0.00000
0.00000
0.00000
0.00000
0.00000
0.00000
0.00000
0.00000
0.00000
0.00000
0.00000
0.00000
0.00000
0.00000
0.00000
0.00000
0.00000
0.00000
0.00000
0.00000
0.00000
0.00000
0.00000
0.00000
0.00000
0.00000
0.00000
0.00000
0.00000
0.00000
0.00000
0.00000
0.00000
0.00000
0.00000
0.00000
0.00000
0.00000
0.00000
0.00000
0.00000
0.00000
0.00000
0.00000
0.00000
0.00000
0.00000
0.00000
0.00000
0.00000
0.00000
0.00000
0.00000
0.00000
0.00000
0.00000
0.00000
0.00000
0.00000
0.00000
0.00000
0.00000
0.00000
0.00000
0.00000
0.00000
0.00000
0.00000
0.00000
0.00000
0.00000
0.00000
0.00000
0.00000
0.00000
0.00000
0.00000
0.00000
0.00000
0.00000
0.00000
0.00000
0.00000
0.00000
0.00000
0.00000
0.00000
0.00000
0.00000
0.00000
0.00000
0.00000
0.00000
0.00000
0.00000
0.00000
0.00000
0.00000
0.00000
0.00000
0.00000
0.00000
0.00000
0.00000
0.00000
0.00000
0.00000
0.00000
0.00000
0.00000
0.00000
0.00000
0.00000
0.00000
0.00000
0.00000
0.00000
0.00000
0.00000
0.00000
0.00000
0.00000
0.00000
0.00000
0.00000
0.00000
0.00000
0.00000
0.00000
