-0.00009
-0.00006
-0.00009
-0.00012
-0.00009
-0.00006
-0.00006
-0.00009
-0.00009
-0.00003
-0.00006
-0.00009
-0.00015
-0.00015
-0.00018
-0.00027
-0.00024
-0.00018
-0.00012
-0.00006
0.00003
0.00000
-0.00003
-0.00009
-0.00018
-0.00021
-0.00018
-0.00015
-0.00018
-0.00021
-0.00012
-0.00018
-0.00021
-0.00021
-0.00021
-0.00018
-0.00021
-0.00015
-0.00009
-0.00009
-0.00006
-0.00009
-0.00021
-0.00024
-0.00024
-0.00024
-0.00024
-0.00018
-0.00015
-0.00018
-0.00021
-0.00018
-0.00018
-0.00018
-0.00012
-0.00031
-0.00006
-0.00018
-0.00037
-0.00034
-0.00024
-0.00034
-0.00034
-0.00027
-0.00024
-0.00012
-0.00015
-0.00015
-0.00021
-0.00027
-0.00018
-0.00021
-0.00018
-0.00015
-0.00021
-0.00031
-0.00027
-0.00027
-0.00043
-0.00040
-0.00031
-0.00031
-0.00031
-0.00021
-0.00021
-0.00027
-0.00021
-0.00015
-0.00021
-0.00018
-0.00024
-0.00027
-0.00027
-0.00027
-0.00031
-0.00031
-0.00027
-0.00031
-0.00040
-0.00027
-0.00021
-0.00031
-0.00031
-0.00018
-0.00027
-0.00027
-0.00021
-0.00027
-0.00034
-0.00027
-0.00031
-0.00034
-0.00037
-0.00034
-0.00031
-0.00031
-0.00027
-0.00034
-0.00027
-0.00024
-0.00024
-0.00027
-0.00027
-0.00021
-0.00027
-0.00027
-0.00031
-0.00040
-0.00040
-0.00046
-0.00052
-0.00043
-0.00040
-0.00040
-0.00027
-0.00012
-0.00009
-0.00018
-0.00031
-0.00037
-0.00040
-0.00034
-0.00037
-0.00034
-0.00031
-0.00043
-0.00046
-0.00046
-0.00046
-0.00046
-0.00034
-0.00027
-0.00021
-0.00021
-0.00031
-0.00031
-0.00037
-0.00043
-0.00037
-0.00031
-0.00027
-0.00037
-0.00040
-0.00037
-0.00040
-0.00040
-0.00040
-0.00037
-0.00034
-0.00034
-0.00031
-0.00043
-0.00031
-0.00055
-0.00049
-0.00018
-0.00116
0.00085
-0.00269
0.00357
-0.00662
-0.00003
-0.13132
-0.07407
0.01956
-0.04068
-0.00195
0.09503
0.11850
0.02368
-0.01740
-0.07172
0.02191
0.04672
0.01187
-0.00601
0.02274
0.00742
-0.02383
-0.00665
-0.00894
-0.01889
0.01450
0.00787
0.00238
0.02737
0.00430
-0.01663
0.00540
0.00961
-0.00775
-0.00610
-0.00012
-0.00372
-0.00330
0.00467
-0.00330
-0.00232
0.00595
0.00528
0.00305
0.00427
0.00470
-0.00458
-0.00302
0.00092
-0.00070
-0.00290
0.00180
-0.00052
-0.00198
-0.00177
-0.00024
-0.00238
0.00162
0.00641
0.00385
-0.00064
0.00134
0.00061
-0.00110
0.00024
0.00162
-0.00107
-0.00232
-0.00253
-0.00363
-0.00211
-0.00027
-0.00076
-0.00009
0.00104
0.00031
-0.00116
0.00067
0.00092
-0.00098
-0.00146
-0.00134
-0.00235
-0.00302
-0.00266
-0.00076
-0.00085
0.00000
-0.00131
-0.00183
-0.00122
-0.00040
-0.00049
0.00031
-0.00009
-0.00085
-0.00082
-0.00015
-0.00119
-0.00131
-0.00128
-0.00180
-0.00238
-0.00204
-0.00162
-0.00211
-0.00150
-0.00049
0.00000
-0.00052
-0.00150
-0.00156
0.00000
0.00061
0.00058
0.00052
0.00079
-0.00089
-0.00256
-0.00226
-0.00159
-0.00204
-0.00201
-0.00171
-0.00195
-0.00198
-0.00092
-0.00024
-0.00027
0.00000
0.00000
0.00000
0.00000
0.00000
0.00000
0.00000
0.00000
0.00000
0.00000
0.00000
0.00000
0.00000
0.00000
0.00000
0.00000
0.00000
0.00000
0.00000
0.00000
0.00000
0.00000
0.00000
0.00000
0.00000
0.00000
0.00000
0.00000
0.00000
0.00000
0.00000
0.00000
0.00000
0.00000
0.00000
0.00000
0.00000
0.00000
0.00000
0.00000
0.00000
0.00000
0.00000
0.00000
0.00000
0.00000
0.00000
0.00000
0.00000
0.00000
0.00000
0.00000
0.00000
0.00000
0.00000
0.00000
0.00000
0.00000
0.00000
0.00000
0.00000
0.00000
0.00000
0.00000
0.00000
0.00000
0.00000
0.00000
0.00000
0.00000
0.00000
0.00000
0.00000
0.00000
0.00000
0.00000
0.00000
0.00000
0.00000
0.00000
0.00000
0.00000
0.00000
0.00000
0.00000
0.00000
0.00000
0.00000
0.00000
0.00000
0.00000
0.00000
0.00000
0.00000
0.00000
0.00000
0.00000
0.00000
0.00000
0.00000
0.00000
0.00000
0.00000
0.00000
0.00000
0.00000
0.00000
0.00000
0.00000
0.00000
0.00000
0.00000
0.00000
0.00000
0.00000
0.00000
0.00000
0.00000
0.00000
0.00000
0.00000
0.00000
0.00000
0.00000
0.00000
0.00000
0.00000
0.00000
0.00000
0.00000
0.00000
0.00000
0.00000
0.00000
0.00000
0.00000
0.00000
0.00000
0.00000
0.00000
0.00000
0.00000
0.00000
0.00000
0.00000
0.00000
0.00000
0.00000
0.00000
0.00000
0.00000
0.00000
0.00000
0.00000
0.00000
0.00000
0.00000
0.00000
0.00000
0.00000
0.00000
0.00000
0.00000
0.00000
0.00000
0.00000
0.00000
0.00000
0.00000
0.00000
0.00000
0.00000
0.00000
0.00000
0.00000
0.00000
0.00000
0.00000
0.00000
0.00000
0.00000
0.00000
0.00000
0.00000
0.00000
0.00000
0.00000
0.00000
0.00000
0.00000
0.00000
0.00000
0.00000
0.00000
0.00000
0.00000
0.00000
0.00000
0.00000
0.00000
0.00000
0.00000
0.00000
0.00000
0.00000
0.00000
