0.00000
0.00003
0.00000
-0.00003
0.00000
0.00006
0.00000
0.00000
0.00006
0.00000
-0.00003
0.00006
0.00006
0.00000
0.00006
0.00000
-0.00009
-0.00003
0.00000
-0.00006
0.00000
0.00009
0.00000
0.00000
0.00003
0.00000
-0.00003
0.00003
0.00003
0.00000
0.00000
0.00000
-0.00003
0.00000
-0.00006
-0.00003
0.00000
0.00000
-0.00003
0.00000
0.00003
0.00003
0.00000
0.00000
0.00000
0.00000
-0.00003
-0.00003
0.00000
-0.00012
-0.00009
0.00000
0.00003
0.00000
0.00012
-0.00012
-0.00003
0.00009
-0.00012
-0.00015
0.00003
0.00003
-0.00021
-0.00006
0.00000
-0.00009
-0.00003
0.00000
-0.00012
-0.00012
-0.00012
-0.00003
-0.00009
0.00000
0.00006
-0.00009
-0.00012
0.00000
-0.00012
-0.00018
-0.00006
0.00000
-0.00012
0.00000
0.00000
-0.00021
-0.00018
-0.00009
-0.00021
-0.00012
-0.00003
-0.00009
-0.00006
-0.00003
-0.00012
-0.00012
0.00000
-0.00012
-0.00024
-0.00015
-0.00006
-0.00021
-0.00024
-0.00006
-0.00009
-0.00024
-0.00015
-0.00009
-0.00027
-0.00024
-0.00015
-0.00018
-0.00015
-0.00009
-0.00012
-0.00009
-0.00003
-0.00015
-0.00021
-0.00009
-0.00012
-0.00021
-0.00018
-0.00012
-0.00021
-0.00021
-0.00018
-0.00024
-0.00024
-0.00018
-0.00021
-0.00018
-0.00015
-0.00018
-0.00018
-0.00015
-0.00015
-0.00015
-0.00024
-0.00021
-0.00018
-0.00024
-0.00024
-0.00018
-0.00015
-0.00024
-0.00021
-0.00018
-0.00015
-0.00018
-0.00021
-0.00018
-0.00015
-0.00024
-0.00027
-0.00024
-0.00021
-0.00031
-0.00018
-0.00018
-0.00021
-0.00015
-0.00018
-0.00021
-0.00024
-0.00031
-0.00031
-0.00018
-0.00018
-0.00015
-0.00027
-0.00012
-0.00052
0.00012
-0.00116
0.00110
-0.00247
0.00287
-0.00488
0.00656
-0.00986
0.01196
-0.10446
-0.17575
-0.00095
-0.02982
-0.01395
0.13733
0.25433
0.06137
-0.03833
-0.05515
-0.06369
-0.01947
0.00211
-0.04742
0.03622
0.06015
-0.01035
0.01117
0.01532
-0.03275
-0.02170
0.02280
-0.00830
0.00269
0.02966
-0.01123
-0.01187
0.03610
0.00012
-0.02383
0.00287
-0.00275
-0.01083
0.00748
0.00421
-0.00998
0.00790
0.01752
0.00140
-0.00351
0.00821
-0.00400
-0.00949
-0.00287
0.00095
-0.00674
0.00278
0.00546
-0.00159
-0.00259
0.00500
-0.00223
-0.00247
0.00925
0.00653
-0.00256
0.00058
0.00159
-0.00345
-0.00226
0.00293
-0.00070
-0.00357
-0.00073
-0.00266
-0.00262
0.00021
-0.00125
-0.00079
0.00095
0.00214
-0.00153
-0.00055
0.00189
-0.00125
-0.00211
-0.00024
-0.00259
-0.00363
-0.00406
0.00000
-0.00021
0.00040
0.00095
-0.00134
-0.00116
-0.00037
-0.00113
-0.00049
-0.00021
-0.00079
-0.00189
-0.00034
-0.00079
-0.00235
-0.00018
-0.00128
-0.00281
-0.00232
-0.00168
-0.00262
-0.00211
-0.00006
0.00089
-0.00018
-0.00003
-0.00104
-0.00027
0.00052
0.00052
0.00076
0.00085
-0.00085
-0.00330
-0.00369
-0.00259
-0.00327
-0.00281
-0.00095
-0.00064
-0.00079
-0.00021
0.00061
-0.00012
0.00000
0.00000
0.00000
0.00000
0.00000
0.00000
0.00000
0.00000
0.00000
0.00000
0.00000
0.00000
0.00000
0.00000
0.00000
0.00000
0.00000
0.00000
0.00000
0.00000
0.00000
0.00000
0.00000
0.00000
0.00000
0.00000
0.00000
0.00000
0.00000
0.00000
0.00000
0.00000
0.00000
0.00000
0.00000
0.00000
0.00000
0.00000
0.00000
0.00000
0.00000
0.00000
0.00000
0.00000
0.00000
0.00000
0.00000
0.00000
0.00000
0.00000
0.00000
0.00000
0.00000
0.00000
0.00000
0.00000
0.00000
0.00000
0.00000
0.00000
0.00000
0.00000
0.00000
0.00000
0.00000
0.00000
0.00000
0.00000
0.00000
0.00000
0.00000
0.00000
0.00000
0.00000
0.00000
0.00000
0.00000
0.00000
0.00000
0.00000
0.00000
0.00000
0.00000
0.00000
0.00000
0.00000
0.00000
0.00000
0.00000
0.00000
0.00000
0.00000
0.00000
0.00000
0.00000
0.00000
0.00000
0.00000
0.00000
0.00000
0.00000
0.00000
0.00000
0.00000
0.00000
0.00000
0.00000
0.00000
0.00000
0.00000
0.00000
0.00000
0.00000
0.00000
0.00000
0.00000
0.00000
0.00000
0.00000
0.00000
0.00000
0.00000
0.00000
0.00000
0.00000
0.00000
0.00000
0.00000
0.00000
0.00000
0.00000
0.00000
0.00000
0.00000
0.00000
0.00000
0.00000
0.00000
0.00000
0.00000
0.00000
0.00000
0.00000
0.00000
0.00000
0.00000
0.00000
0.00000
0.00000
0.00000
0.00000
0.00000
0.00000
0.00000
0.00000
0.00000
0.00000
0.00000
0.00000
0.00000
0.00000
0.00000
0.00000
0.00000
0.00000
0.00000
0.00000
0.00000
0.00000
0.00000
0.00000
0.00000
0.00000
0.00000
0.00000
0.00000
0.00000
0.00000
0.00000
0.00000
0.00000
0.00000
0.00000
0.00000
0.00000
0.00000
0.00000
0.00000
0.00000
0.00000
0.00000
0.00000
0.00000
0.00000
0.00000
0.00000
0.00000
0.00000
0.00000
0.00000
0.00000
0.00000
0.00000
0.00000
0.00000
0.00000
