0.00006
0.00009
0.00012
0.00006
0.00006
0.00012
0.00006
0.00000
0.00006
0.00006
0.00003
0.00009
0.00012
0.00006
0.00009
0.00009
0.00006
0.00006
0.00009
0.00003
0.00003
0.00009
0.00003
0.00003
0.00012
0.00009
0.00009
0.00018
0.00009
0.00003
0.00003
0.00009
0.00006
0.00006
0.00009
0.00009
0.00009
0.00006
0.00006
0.00003
0.00006
0.00003
0.00009
0.00015
0.00009
0.00009
0.00009
0.00009
0.00009
0.00006
0.00009
0.00009
0.00012
0.00009
0.00012
0.00009
0.00006
0.00012
0.00012
0.00000
0.00012
0.00015
0.00006
0.00006
0.00012
0.00006
0.00006
0.00009
0.00006
0.00012
0.00009
0.00009
0.00012
0.00012
0.00015
0.00009
0.00009
0.00009
0.00003
0.00000
0.00006
0.00006
0.00006
0.00006
0.00009
0.00006
0.00000
0.00003
0.00009
0.00009
0.00009
0.00012
0.00006
0.00009
0.00009
0.00006
0.00003
0.00003
0.00000
0.00000
0.00009
0.00006
0.00003
0.00012
0.00012
0.00000
0.00003
0.00003
0.00000
0.00003
0.00006
0.00009
0.00006
0.00006
0.00006
0.00006
0.00003
0.00000
0.00000
0.00000
0.00000
-0.00003
0.00000
0.00000
0.00000
0.00003
0.00006
0.00003
0.00000
0.00003
0.00000
0.00000
0.00000
0.00000
0.00000
0.00000
0.00003
0.00000
0.00000
0.00000
0.00000
0.00000
-0.00006
-0.00003
0.00000
0.00000
0.00000
0.00000
0.00000
0.00000
-0.00003
-0.00003
0.00000
-0.00006
-0.00006
0.00000
0.00000
0.00000
0.00000
0.00000
0.00000
-0.00006
-0.00009
-0.00009
-0.00003
-0.00006
-0.00006
0.00000
0.00000
-0.00006
-0.00006
-0.00003
-0.00003
-0.00006
-0.00003
-0.00015
0.00000
-0.00018
0.00000
-0.00006
-0.00027
0.00034
-0.00098
0.00146
-0.00266
-0.00531
-0.08447
-0.05405
-0.00150
-0.03836
-0.02316
0.03479
0.07758
0.04758
0.02362
-0.01630
0.03165
0.04568
-0.00006
-0.01941
-0.01147
-0.00778
-0.01804
-0.00732
0.00073
0.00562
0.02075
0.00616
-0.00195
0.01093
-0.00345
-0.01294
0.00308
0.00824
-0.00049
-0.00546
-0.00287
0.00006
0.00281
0.00290
-0.00079
0.00116
0.00278
0.00137
0.00232
0.00281
0.00317
0.00027
-0.00067
0.00098
0.00027
-0.00272
-0.00113
-0.00189
-0.00272
-0.00107
0.00146
0.00052
0.00146
0.00436
0.00241
0.00027
0.00159
0.00098
0.00003
0.00073
0.00104
-0.00076
-0.00089
-0.00119
-0.00195
-0.00092
-0.00055
-0.00113
-0.00095
0.00040
0.00055
-0.00040
0.00067
0.00092
0.00003
-0.00073
-0.00140
-0.00204
-0.00232
-0.00192
-0.00116
-0.00107
-0.00064
-0.00116
-0.00079
-0.00046
-0.00018
-0.00052
-0.00034
0.00000
-0.00067
-0.00085
-0.00052
-0.00089
-0.00064
-0.00076
-0.00107
-0.00165
-0.00211
-0.00214
-0.00214
-0.00156
-0.00113
-0.00101
-0.00089
-0.00079
-0.00015
0.00061
0.00043
0.00046
0.00046
0.00027
-0.00055
-0.00153
-0.00171
-0.00195
-0.00266
-0.00278
-0.00220
-0.00171
-0.00153
-0.00098
0.00000
0.00000
0.00000
0.00000
0.00000
0.00000
0.00000
0.00000
0.00000
0.00000
0.00000
0.00000
0.00000
0.00000
0.00000
0.00000
0.00000
0.00000
0.00000
0.00000
0.00000
0.00000
0.00000
0.00000
0.00000
0.00000
0.00000
0.00000
0.00000
0.00000
0.00000
0.00000
0.00000
0.00000
0.00000
0.00000
0.00000
0.00000
0.00000
0.00000
0.00000
0.00000
0.00000
0.00000
0.00000
0.00000
0.00000
0.00000
0.00000
0.00000
0.00000
0.00000
0.00000
0.00000
0.00000
0.00000
0.00000
0.00000
0.00000
0.00000
0.00000
0.00000
0.00000
0.00000
0.00000
0.00000
0.00000
0.00000
0.00000
0.00000
0.00000
0.00000
0.00000
0.00000
0.00000
0.00000
0.00000
0.00000
0.00000
0.00000
0.00000
0.00000
0.00000
0.00000
0.00000
0.00000
0.00000
0.00000
0.00000
0.00000
0.00000
0.00000
0.00000
0.00000
0.00000
0.00000
0.00000
0.00000
0.00000
0.00000
0.00000
0.00000
0.00000
0.00000
0.00000
0.00000
0.00000
0.00000
0.00000
0.00000
0.00000
0.00000
0.00000
0.00000
0.00000
0.00000
0.00000
0.00000
0.00000
0.00000
0.00000
0.00000
0.00000
0.00000
0.00000
0.00000
0.00000
0.00000
0.00000
0.00000
0.00000
0.00000
0.00000
0.00000
0.00000
0.00000
0.00000
0.00000
0.00000
0.00000
0.00000
0.00000
0.00000
0.00000
0.00000
0.00000
0.00000
0.00000
0.00000
0.00000
0.00000
0.00000
0.00000
0.00000
0.00000
0.00000
0.00000
0.00000
0.00000
0.00000
0.00000
0.00000
0.00000
0.00000
0.00000
0.00000
0.00000
0.00000
0.00000
0.00000
0.00000
0.00000
0.00000
0.00000
0.00000
0.00000
0.00000
0.00000
0.00000
0.00000
0.00000
0.00000
0.00000
0.00000
0.00000
0.00000
0.00000
0.00000
0.00000
0.00000
0.00000
0.00000
0.00000
0.00000
0.00000
0.00000
0.00000
0.00000
0.00000
0.00000
0.00000
0.00000
0.00000
0.00000
