-0.00009
-0.00018
-0.00009
-0.00009
-0.00006
-0.00009
-0.00015
-0.00012
-0.00015
-0.00012
-0.00003
-0.00009
0.00000
0.00003
-0.00009
-0.00012
-0.00012
-0.00018
-0.00009
-0.00006
-0.00003
0.00000
0.00000
-0.00003
-0.00006
-0.00006
-0.00012
-0.00012
-0.00012
-0.00006
-0.00006
-0.00006
-0.00003
-0.00003
0.00000
0.00000
-0.00003
-0.00006
-0.00009
-0.00009
-0.00009
-0.00015
-0.00009
-0.00009
-0.00009
0.00000
-0.00003
-0.00009
-0.00003
-0.00009
-0.00009
-0.00003
0.00000
-0.00006
-0.00006
0.00000
-0.00006
-0.00006
0.00000
0.00003
0.00006
0.00009
0.00006
0.00000
-0.00015
-0.00012
-0.00009
-0.00031
-0.00021
-0.00006
-0.00009
0.00000
0.00009
0.00012
0.00012
0.00006
0.00003
-0.00003
-0.00012
-0.00009
-0.00006
-0.00003
0.00003
0.00006
0.00000
0.00003
0.00000
-0.00012
-0.00006
-0.00003
-0.00012
-0.00009
-0.00003
0.00000
0.00000
0.00003
0.00003
0.00000
0.00000
-0.00003
0.00000
0.00003
0.00000
-0.00003
0.00000
-0.00006
-0.00009
0.00000
0.00000
0.00003
0.00003
0.00000
0.00006
0.00000
-0.00009
0.00000
0.00000
-0.00003
0.00000
0.00000
-0.00006
0.00000
0.00006
-0.00003
0.00000
0.00006
0.00000
-0.00003
0.00000
-0.00006
-0.00009
0.00003
0.00006
0.00009
0.00018
0.00018
0.00000
0.00000
0.00000
0.00000
-0.00006
-0.00003
-0.00006
-0.00012
-0.00003
0.00009
0.00012
0.00003
0.00012
0.00009
0.00000
0.00003
0.00006
0.00003
0.00000
-0.00006
0.00000
0.00000
-0.00003
-0.00003
0.00000
0.00003
0.00006
0.00009
0.00012
0.00012
0.00000
0.00000
0.00000
0.00000
0.00009
0.00003
0.00012
0.00003
-0.00015
-0.00012
-0.00009
-0.00006
0.00003
0.00012
0.00018
0.00009
0.00021
-0.00009
0.00046
-0.00064
0.00089
-0.00168
0.00201
-0.00311
0.00256
-0.05811
-0.08035
-0.00424
-0.05185
-0.02386
0.10559
0.08890
0.06506
0.02396
-0.03064
-0.00742
-0.01227
-0.04181
-0.03387
0.02283
0.01257
-0.00574
0.02567
0.00949
-0.01605
0.00485
-0.00143
-0.00711
0.01575
-0.00009
-0.01263
0.01331
0.00861
-0.00790
0.00201
0.00394
-0.00641
-0.00323
0.00061
-0.00409
0.00070
0.00485
0.00439
0.00644
0.00650
0.00314
0.00037
-0.00021
-0.00119
-0.00327
-0.00311
-0.00027
-0.00034
0.00003
0.00159
0.00308
0.00037
0.00098
0.00500
0.00330
0.00082
0.00226
0.00018
-0.00034
-0.00015
-0.00061
0.00034
0.00018
-0.00061
-0.00107
-0.00012
0.00034
-0.00171
0.00052
0.00226
0.00107
0.00073
0.00079
0.00122
-0.00043
-0.00140
-0.00021
-0.00146
-0.00159
-0.00177
-0.00119
0.00015
-0.00067
-0.00018
0.00003
-0.00021
0.00064
-0.00003
0.00079
0.00015
-0.00067
-0.00040
-0.00055
-0.00089
-0.00104
-0.00052
-0.00064
-0.00134
-0.00113
-0.00186
-0.00195
-0.00131
-0.00049
0.00034
0.00009
0.00009
0.00012
0.00018
0.00043
0.00027
0.00040
0.00021
0.00000
0.00000
0.00000
0.00000
0.00000
0.00000
0.00000
0.00000
0.00000
0.00000
0.00000
0.00000
0.00000
0.00000
0.00000
0.00000
0.00000
0.00000
0.00000
0.00000
0.00000
0.00000
0.00000
0.00000
0.00000
0.00000
0.00000
0.00000
0.00000
0.00000
0.00000
0.00000
0.00000
0.00000
0.00000
0.00000
0.00000
0.00000
0.00000
0.00000
0.00000
0.00000
0.00000
0.00000
0.00000
0.00000
0.00000
0.00000
0.00000
0.00000
0.00000
0.00000
0.00000
0.00000
0.00000
0.00000
0.00000
0.00000
0.00000
0.00000
0.00000
0.00000
0.00000
0.00000
0.00000
0.00000
0.00000
0.00000
0.00000
0.00000
0.00000
0.00000
0.00000
0.00000
0.00000
0.00000
0.00000
0.00000
0.00000
0.00000
0.00000
0.00000
0.00000
0.00000
0.00000
0.00000
0.00000
0.00000
0.00000
0.00000
0.00000
0.00000
0.00000
0.00000
0.00000
0.00000
0.00000
0.00000
0.00000
0.00000
0.00000
0.00000
0.00000
0.00000
0.00000
0.00000
0.00000
0.00000
0.00000
0.00000
0.00000
0.00000
0.00000
0.00000
0.00000
0.00000
0.00000
0.00000
0.00000
0.00000
0.00000
0.00000
0.00000
0.00000
0.00000
0.00000
0.00000
0.00000
0.00000
0.00000
0.00000
0.00000
0.00000
0.00000
0.00000
0.00000
0.00000
0.00000
0.00000
0.00000
0.00000
0.00000
0.00000
0.00000
0.00000
0.00000
0.00000
0.00000
0.00000
0.00000
0.00000
0.00000
0.00000
0.00000
0.00000
0.00000
0.00000
0.00000
0.00000
0.00000
0.00000
0.00000
0.00000
0.00000
0.00000
0.00000
0.00000
0.00000
0.00000
0.00000
0.00000
0.00000
0.00000
0.00000
0.00000
0.00000
0.00000
0.00000
0.00000
0.00000
0.00000
0.00000
0.00000
0.00000
0.00000
0.00000
0.00000
0.00000
0.00000
0.00000
0.00000
0.00000
0.00000
0.00000
0.00000
0.00000
0.00000
0.00000
0.00000
0.00000
0.00000
0.00000
0.00000
0.00000
0.00000
0.00000
0.00000
0.00000
0.00000
