-0.00015
-0.00012
-0.00018
-0.00024
-0.00021
-0.00018
-0.00015
-0.00015
-0.00012
-0.00009
-0.00012
-0.00018
-0.00015
-0.00015
-0.00021
-0.00024
-0.00018
-0.00018
-0.00021
-0.00012
-0.00006
-0.00006
-0.00006
-0.00006
-0.00006
-0.00009
-0.00012
-0.00012
-0.00012
-0.00018
-0.00009
0.00000
-0.00006
-0.00006
-0.00009
-0.00012
-0.00015
-0.00009
-0.00006
-0.00006
0.00000
-0.00003
-0.00003
-0.00006
-0.00012
-0.00012
-0.00012
-0.00015
-0.00012
-0.00003
-0.00003
-0.00006
-0.00006
-0.00006
-0.00003
-0.00003
-0.00006
-0.00006
-0.00006
-0.00009
-0.00003
0.00000
0.00003
0.00006
0.00006
0.00003
0.00000
-0.00003
-0.00003
0.00000
0.00000
-0.00006
-0.00003
0.00006
0.00003
0.00000
0.00009
0.00006
-0.00006
0.00000
0.00000
-0.00003
-0.00006
-0.00003
0.00000
0.00000
0.00000
0.00003
0.00003
0.00003
0.00000
0.00000
0.00000
0.00000
0.00000
0.00000
0.00000
0.00003
0.00006
0.00006
0.00006
0.00006
0.00006
0.00006
0.00003
0.00000
0.00003
0.00006
0.00003
0.00006
0.00012
0.00012
0.00006
0.00003
0.00006
0.00000
0.00000
0.00009
0.00006
0.00000
0.00000
0.00003
0.00003
0.00012
0.00015
0.00015
0.00015
0.00012
0.00006
0.00003
0.00006
0.00000
0.00003
0.00006
0.00003
0.00006
0.00012
0.00015
0.00012
0.00012
0.00009
0.00006
0.00009
0.00009
0.00009
0.00012
0.00012
0.00009
0.00009
0.00009
0.00009
0.00012
0.00015
0.00015
0.00009
0.00006
0.00012
0.00012
0.00012
0.00012
0.00009
0.00006
0.00006
0.00012
0.00012
0.00018
0.00018
0.00015
0.00015
0.00012
0.00009
0.00012
0.00012
0.00009
0.00009
0.00009
0.00009
0.00012
0.00012
0.00012
0.00018
0.00009
0.00000
0.00021
0.00000
0.00000
0.00012
0.00018
0.00021
0.00027
0.00009
0.00012
0.00009
0.00024
0.00006
0.00003
0.00012
0.00015
-0.00299
-0.02667
-0.02576
-0.01846
-0.02045
-0.00940
0.02017
0.02893
0.02795
0.02371
-0.00110
-0.00076
-0.00171
-0.01425
-0.01401
-0.00098
0.00162
0.00406
0.00897
0.00443
0.00024
0.00339
-0.00015
-0.00052
0.00629
0.00143
-0.00330
0.00360
0.00403
0.00101
0.00320
0.00180
-0.00171
-0.00098
-0.00024
-0.00140
0.00204
0.00372
0.00278
0.00363
0.00461
0.00232
0.00095
0.00101
0.00000
-0.00049
-0.00034
-0.00006
0.00003
0.00021
0.00125
0.00183
0.00140
0.00159
0.00153
0.00095
0.00079
0.00168
0.00168
0.00116
0.00082
0.00046
0.00049
0.00034
-0.00043
-0.00037
0.00064
0.00085
0.00037
0.00009
0.00052
0.00070
0.00040
0.00049
0.00021
0.00003
-0.00018
-0.00003
0.00000
-0.00049
-0.00067
-0.00076
-0.00067
-0.00046
-0.00052
-0.00009
0.00021
0.00018
0.00009
0.00034
0.00015
-0.00034
-0.00043
-0.00043
-0.00085
-0.00079
-0.00046
-0.00037
-0.00058
-0.00082
-0.00113
-0.00110
-0.00073
-0.00058
-0.00037
-0.00006
-0.00012
-0.00037
-0.00055
-0.00058
-0.00031
0.00000
0.00000
0.00000
0.00000
0.00000
0.00000
0.00000
0.00000
0.00000
0.00000
0.00000
0.00000
0.00000
0.00000
0.00000
0.00000
0.00000
0.00000
0.00000
0.00000
0.00000
0.00000
0.00000
0.00000
0.00000
0.00000
0.00000
0.00000
0.00000
0.00000
0.00000
0.00000
0.00000
0.00000
0.00000
0.00000
0.00000
0.00000
0.00000
0.00000
0.00000
0.00000
0.00000
0.00000
0.00000
0.00000
0.00000
0.00000
0.00000
0.00000
0.00000
0.00000
0.00000
0.00000
0.00000
0.00000
0.00000
0.00000
0.00000
0.00000
0.00000
0.00000
0.00000
0.00000
0.00000
0.00000
0.00000
0.00000
0.00000
0.00000
0.00000
0.00000
0.00000
0.00000
0.00000
0.00000
0.00000
0.00000
0.00000
0.00000
0.00000
0.00000
0.00000
0.00000
0.00000
0.00000
0.00000
0.00000
0.00000
0.00000
0.00000
0.00000
0.00000
0.00000
0.00000
0.00000
0.00000
0.00000
0.00000
0.00000
0.00000
0.00000
0.00000
0.00000
0.00000
0.00000
0.00000
0.00000
0.00000
0.00000
0.00000
0.00000
0.00000
0.00000
0.00000
0.00000
0.00000
0.00000
0.00000
0.00000
0.00000
0.00000
0.00000
0.00000
0.00000
0.00000
0.00000
0.00000
0.00000
0.00000
0.00000
0.00000
0.00000
0.00000
0.00000
0.00000
0.00000
0.00000
0.00000
0.00000
0.00000
0.00000
0.00000
0.00000
0.00000
0.00000
0.00000
0.00000
0.00000
0.00000
0.00000
0.00000
0.00000
0.00000
0.00000
0.00000
0.00000
0.00000
0.00000
0.00000
0.00000
0.00000
0.00000
0.00000
0.00000
0.00000
0.00000
0.00000
0.00000
0.00000
0.00000
0.00000
0.00000
0.00000
0.00000
0.00000
0.00000
0.00000
0.00000
0.00000
0.00000
0.00000
0.00000
0.00000
0.00000
0.00000
0.00000
0.00000
0.00000
0.00000
0.00000
0.00000
0.00000
0.00000
0.00000
0.00000
0.00000
0.00000
0.00000
0.00000
0.00000
0.00000
0.00000
