0.00003
0.00000
0.00000
0.00000
0.00000
0.00003
0.00006
0.00006
0.00000
0.00000
0.00000
-0.00003
0.00000
0.00006
0.00009
0.00003
0.00006
0.00003
0.00000
-0.00003
-0.00003
0.00000
0.00000
0.00006
0.00006
0.00006
0.00003
0.00000
0.00000
0.00000
0.00003
0.00003
0.00006
0.00009
0.00006
0.00000
0.00006
0.00006
0.00000
0.00000
0.00000
-0.00003
0.00003
0.00003
0.00000
0.00003
0.00006
0.00000
0.00000
0.00003
0.00000
0.00003
0.00006
0.00006
0.00006
0.00003
0.00000
0.00000
0.00000
0.00000
0.00000
0.00003
0.00000
0.00000
0.00003
0.00006
0.00003
0.00000
0.00000
0.00000
0.00003
0.00000
0.00003
0.00003
0.00000
0.00000
0.00000
0.00000
0.00000
0.00003
0.00000
0.00000
0.00000
0.00000
0.00000
0.00000
0.00000
0.00003
0.00000
0.00000
-0.00003
-0.00003
-0.00003
-0.00006
-0.00003
0.00000
0.00000
0.00003
0.00000
0.00000
0.00003
0.00000
0.00000
0.00003
0.00003
-0.00003
-0.00003
0.00000
-0.00006
-0.00003
0.00006
0.00006
0.00000
0.00003
0.00000
-0.00003
-0.00003
-0.00006
-0.00006
-0.00003
0.00000
0.00000
0.00003
0.00006
0.00000
0.00000
0.00000
0.00000
0.00000
0.00000
0.00003
0.00000
-0.00009
-0.00006
-0.00006
-0.00012
-0.00009
0.00000
0.00003
0.00006
0.00006
0.00003
-0.00003
-0.00003
-0.00009
-0.00009
-0.00006
-0.00006
-0.00006
0.00000
-0.00003
-0.00006
-0.00006
0.00000
0.00000
-0.00003
-0.00006
-0.00006
-0.00009
-0.00012
-0.00006
-0.00003
-0.00006
-0.00003
0.00000
-0.00003
-0.00009
-0.00009
-0.00009
-0.00015
-0.00012
-0.00003
-0.00003
-0.00009
-0.00012
-0.00009
-0.00012
-0.00015
-0.00015
-0.00006
-0.00009
0.00000
0.00003
-0.00018
-0.00018
-0.00024
-0.00018
-0.00015
-0.00003
0.00003
0.00003
-0.00006
-0.00027
-0.00024
-0.00037
0.00009
-0.00049
-0.00140
-0.01730
-0.01923
-0.01306
-0.01367
-0.00958
-0.00391
0.00519
0.00815
0.01382
0.01254
0.00711
0.00766
0.00439
-0.00134
-0.00296
-0.00406
-0.00250
0.00125
0.00052
0.00220
0.00409
0.00336
0.00171
0.00363
0.00378
-0.00089
-0.00104
0.00000
-0.00079
-0.00201
-0.00174
-0.00049
0.00241
0.00424
0.00284
0.00159
0.00174
0.00162
0.00055
0.00110
0.00195
0.00116
0.00085
0.00134
0.00125
0.00027
-0.00046
-0.00055
0.00006
0.00055
0.00070
0.00067
0.00079
0.00107
0.00076
0.00085
0.00125
0.00128
0.00058
-0.00021
-0.00006
0.00006
0.00006
0.00009
0.00000
0.00040
0.00049
0.00037
0.00031
0.00015
-0.00009
-0.00058
-0.00024
0.00021
0.00012
0.00000
-0.00012
-0.00049
-0.00104
-0.00110
-0.00092
-0.00098
-0.00082
-0.00058
-0.00040
-0.00018
-0.00021
-0.00034
-0.00034
-0.00052
-0.00061
-0.00052
-0.00049
-0.00064
-0.00049
-0.00027
-0.00073
-0.00113
-0.00119
-0.00110
-0.00095
-0.00095
-0.00107
-0.00116
-0.00098
-0.00064
-0.00046
-0.00037
-0.00043
-0.00043
-0.00031
0.00000
0.00000
0.00000
0.00000
0.00000
0.00000
0.00000
0.00000
0.00000
0.00000
0.00000
0.00000
0.00000
0.00000
0.00000
0.00000
0.00000
0.00000
0.00000
0.00000
0.00000
0.00000
0.00000
0.00000
0.00000
0.00000
0.00000
0.00000
0.00000
0.00000
0.00000
0.00000
0.00000
0.00000
0.00000
0.00000
0.00000
0.00000
0.00000
0.00000
0.00000
0.00000
0.00000
0.00000
0.00000
0.00000
0.00000
0.00000
0.00000
0.00000
0.00000
0.00000
0.00000
0.00000
0.00000
0.00000
0.00000
0.00000
0.00000
0.00000
0.00000
0.00000
0.00000
0.00000
0.00000
0.00000
0.00000
0.00000
0.00000
0.00000
0.00000
0.00000
0.00000
0.00000
0.00000
0.00000
0.00000
0.00000
0.00000
0.00000
0.00000
0.00000
0.00000
0.00000
0.00000
0.00000
0.00000
0.00000
0.00000
0.00000
0.00000
0.00000
0.00000
0.00000
0.00000
0.00000
0.00000
0.00000
0.00000
0.00000
0.00000
0.00000
0.00000
0.00000
0.00000
0.00000
0.00000
0.00000
0.00000
0.00000
0.00000
0.00000
0.00000
0.00000
0.00000
0.00000
0.00000
0.00000
0.00000
0.00000
0.00000
0.00000
0.00000
0.00000
0.00000
0.00000
0.00000
0.00000
0.00000
0.00000
0.00000
0.00000
0.00000
0.00000
0.00000
0.00000
0.00000
0.00000
0.00000
0.00000
0.00000
0.00000
0.00000
0.00000
0.00000
0.00000
0.00000
0.00000
0.00000
0.00000
0.00000
0.00000
0.00000
0.00000
0.00000
0.00000
0.00000
0.00000
0.00000
0.00000
0.00000
0.00000
0.00000
0.00000
0.00000
0.00000
0.00000
0.00000
0.00000
0.00000
0.00000
0.00000
0.00000
0.00000
0.00000
0.00000
0.00000
0.00000
0.00000
0.00000
0.00000
0.00000
0.00000
0.00000
0.00000
0.00000
0.00000
0.00000
0.00000
0.00000
0.00000
0.00000
0.00000
0.00000
0.00000
0.00000
0.00000
0.00000
0.00000
0.00000
0.00000
0.00000
0.00000
