-0.00003
-0.00006
-0.00009
-0.00006
-0.00009
-0.00012
-0.00009
-0.00009
-0.00009
-0.00012
-0.00012
-0.00012
-0.00015
-0.00012
-0.00006
-0.00003
-0.00009
-0.00012
-0.00009
-0.00012
-0.00009
-0.00009
-0.00009
-0.00006
-0.00009
-0.00009
-0.00003
0.00000
-0.00006
-0.00009
-0.00012
-0.00018
-0.00018
-0.00015
-0.00012
-0.00009
-0.00006
0.00000
0.00000
-0.00006
-0.00009
-0.00009
-0.00009
-0.00015
-0.00018
-0.00012
-0.00009
-0.00012
-0.00009
-0.00009
-0.00009
-0.00009
-0.00006
-0.00009
-0.00009
-0.00006
-0.00003
-0.00003
-0.00003
-0.00006
-0.00015
-0.00015
-0.00015
-0.00018
-0.00015
-0.00015
-0.00009
-0.00006
-0.00006
-0.00003
-0.00006
-0.00006
-0.00003
-0.00009
-0.00012
-0.00009
-0.00009
-0.00009
-0.00012
-0.00009
-0.00006
-0.00006
-0.00009
-0.00009
-0.00009
-0.00012
-0.00012
-0.00009
-0.00009
-0.00009
-0.00006
-0.00006
-0.00006
-0.00006
-0.00009
-0.00012
-0.00015
-0.00015
-0.00009
-0.00009
-0.00006
-0.00003
-0.00003
-0.00006
-0.00009
-0.00012
-0.00009
-0.00006
-0.00009
-0.00009
-0.00009
-0.00015
-0.00015
-0.00012
-0.00006
-0.00003
-0.00003
-0.00003
-0.00009
-0.00009
-0.00012
-0.00012
-0.00009
-0.00009
-0.00006
-0.00003
-0.00003
-0.00006
-0.00009
-0.00006
-0.00009
-0.00009
-0.00006
-0.00006
-0.00006
-0.00003
-0.00003
-0.00006
-0.00006
-0.00009
-0.00015
-0.00015
-0.00009
-0.00009
-0.00009
-0.00003
0.00000
0.00000
0.00000
-0.00003
-0.00003
-0.00003
-0.00009
-0.00012
-0.00012
-0.00012
-0.00012
-0.00012
-0.00006
-0.00006
-0.00006
0.00000
0.00000
0.00000
0.00000
0.00000
-0.00003
-0.00009
-0.00006
-0.00009
-0.00006
-0.00006
-0.00009
-0.00012
-0.00012
-0.00009
-0.00003
0.00000
0.00003
0.00003
-0.00003
-0.00003
-0.00015
-0.00012
-0.00009
-0.00015
-0.00006
0.00000
-0.00003
-0.00006
-0.00006
-0.00003
0.00009
-0.00034
0.00015
-0.00043
-0.00217
-0.03067
-0.03290
-0.01904
-0.02560
-0.01187
0.02908
0.03787
0.03271
0.02499
-0.00021
0.00116
-0.00018
-0.01569
-0.01785
-0.00256
-0.00269
-0.00317
0.00726
0.00528
0.00082
0.00668
0.00232
-0.00021
0.00769
0.00256
-0.00491
0.00162
0.00137
-0.00232
0.00226
0.00223
0.00012
0.00156
0.00070
-0.00165
0.00046
0.00235
0.00235
0.00275
0.00354
0.00287
0.00204
0.00089
0.00058
-0.00046
-0.00162
-0.00006
0.00003
-0.00037
0.00046
0.00079
0.00034
0.00201
0.00333
0.00195
0.00113
0.00140
0.00021
0.00031
0.00113
0.00031
-0.00018
0.00000
-0.00021
-0.00043
-0.00024
0.00009
0.00012
0.00061
0.00082
0.00027
0.00052
0.00076
0.00052
-0.00003
-0.00034
-0.00046
-0.00079
-0.00101
-0.00095
-0.00082
-0.00070
-0.00046
-0.00055
-0.00024
-0.00012
0.00003
0.00034
0.00046
0.00021
-0.00027
-0.00055
-0.00064
-0.00085
-0.00082
-0.00092
-0.00089
-0.00073
-0.00055
-0.00089
-0.00122
-0.00122
-0.00110
-0.00055
-0.00024
-0.00018
0.00006
0.00021
0.00000
0.00000
0.00000
0.00000
0.00000
0.00000
0.00000
0.00000
0.00000
0.00000
0.00000
0.00000
0.00000
0.00000
0.00000
0.00000
0.00000
0.00000
0.00000
0.00000
0.00000
0.00000
0.00000
0.00000
0.00000
0.00000
0.00000
0.00000
0.00000
0.00000
0.00000
0.00000
0.00000
0.00000
0.00000
0.00000
0.00000
0.00000
0.00000
0.00000
0.00000
0.00000
0.00000
0.00000
0.00000
0.00000
0.00000
0.00000
0.00000
0.00000
0.00000
0.00000
0.00000
0.00000
0.00000
0.00000
0.00000
0.00000
0.00000
0.00000
0.00000
0.00000
0.00000
0.00000
0.00000
0.00000
0.00000
0.00000
0.00000
0.00000
0.00000
0.00000
0.00000
0.00000
0.00000
0.00000
0.00000
0.00000
0.00000
0.00000
0.00000
0.00000
0.00000
0.00000
0.00000
0.00000
0.00000
0.00000
0.00000
0.00000
0.00000
0.00000
0.00000
0.00000
0.00000
0.00000
0.00000
0.00000
0.00000
0.00000
0.00000
0.00000
0.00000
0.00000
0.00000
0.00000
0.00000
0.00000
0.00000
0.00000
0.00000
0.00000
0.00000
0.00000
0.00000
0.00000
0.00000
0.00000
0.00000
0.00000
0.00000
0.00000
0.00000
0.00000
0.00000
0.00000
0.00000
0.00000
0.00000
0.00000
0.00000
0.00000
0.00000
0.00000
0.00000
0.00000
0.00000
0.00000
0.00000
0.00000
0.00000
0.00000
0.00000
0.00000
0.00000
0.00000
0.00000
0.00000
0.00000
0.00000
0.00000
0.00000
0.00000
0.00000
0.00000
0.00000
0.00000
0.00000
0.00000
0.00000
0.00000
0.00000
0.00000
0.00000
0.00000
0.00000
0.00000
0.00000
0.00000
0.00000
0.00000
0.00000
0.00000
0.00000
0.00000
0.00000
0.00000
0.00000
0.00000
0.00000
0.00000
0.00000
0.00000
0.00000
0.00000
0.00000
0.00000
0.00000
0.00000
0.00000
0.00000
0.00000
0.00000
0.00000
0.00000
0.00000
0.00000
0.00000
0.00000
0.00000
0.00000
0.00000
0.00000
0.00000
0.00000
0.00000
0.00000
