-0.00040
-0.00040
-0.00037
-0.00034
-0.00031
-0.00031
-0.00031
-0.00031
-0.00034
-0.00040
-0.00040
-0.00037
-0.00037
-0.00037
-0.00034
-0.00037
-0.00037
-0.00034
-0.00037
-0.00043
-0.00040
-0.00034
-0.00037
-0.00031
-0.00031
-0.00034
-0.00037
-0.00034
-0.00040
-0.00037
-0.00034
-0.00037
-0.00037
-0.00037
-0.00040
-0.00043
-0.00040
-0.00034
-0.00037
-0.00037
-0.00031
-0.00037
-0.00040
-0.00031
-0.00034
-0.00037
-0.00034
-0.00034
-0.00040
-0.00037
-0.00034
-0.00037
-0.00034
-0.00034
-0.00043
-0.00037
-0.00034
-0.00037
-0.00037
-0.00034
-0.00034
-0.00040
-0.00040
-0.00034
-0.00037
-0.00034
-0.00031
-0.00027
-0.00031
-0.00034
-0.00034
-0.00037
-0.00037
-0.00034
-0.00031
-0.00031
-0.00024
-0.00024
-0.00027
-0.00031
-0.00034
-0.00037
-0.00034
-0.00031
-0.00034
-0.00034
-0.00031
-0.00031
-0.00031
-0.00024
-0.00021
-0.00027
-0.00034
-0.00024
-0.00027
-0.00034
-0.00024
-0.00021
-0.00027
-0.00024
-0.00021
-0.00027
-0.00031
-0.00027
-0.00027
-0.00034
-0.00034
-0.00034
-0.00031
-0.00031
-0.00024
-0.00024
-0.00024
-0.00021
-0.00024
-0.00027
-0.00024
-0.00024
-0.00027
-0.00021
-0.00021
-0.00031
-0.00031
-0.00027
-0.00031
-0.00037
-0.00031
-0.00021
-0.00015
-0.00012
-0.00012
-0.00015
-0.00024
-0.00031
-0.00034
-0.00034
-0.00031
-0.00027
-0.00024
-0.00021
-0.00021
-0.00024
-0.00024
-0.00024
-0.00024
-0.00027
-0.00027
-0.00027
-0.00034
-0.00031
-0.00027
-0.00024
-0.00024
-0.00018
-0.00018
-0.00027
-0.00027
-0.00024
-0.00027
-0.00031
-0.00024
-0.00021
-0.00027
-0.00031
-0.00024
-0.00018
-0.00021
-0.00018
-0.00018
-0.00021
-0.00024
-0.00015
-0.00018
-0.00024
-0.00021
-0.00021
-0.00031
-0.00024
-0.00021
-0.00018
-0.00034
-0.00024
-0.00009
-0.00031
-0.00015
-0.00015
-0.00015
-0.00015
-0.00015
-0.00018
-0.00015
-0.00009
-0.00018
-0.00024
-0.00015
-0.00027
-0.00018
-0.00031
-0.00015
-0.00034
-0.00021
-0.00366
-0.01291
-0.01428
-0.01642
-0.01886
-0.01477
-0.00543
-0.00034
0.01108
0.02014
0.01541
0.01080
0.00610
0.00281
-0.00027
-0.00058
-0.00491
-0.00235
0.00171
-0.00061
-0.00046
0.00229
0.00220
0.00320
0.00485
0.00333
0.00131
0.00018
-0.00229
-0.00186
0.00229
0.00198
0.00018
0.00146
0.00208
0.00082
0.00110
0.00110
0.00067
0.00122
0.00241
0.00204
0.00125
0.00104
0.00073
0.00043
0.00052
0.00055
0.00003
-0.00021
-0.00021
-0.00037
0.00009
0.00128
0.00131
0.00095
0.00110
0.00156
0.00131
0.00089
0.00049
0.00031
0.00058
0.00064
0.00040
0.00034
0.00000
-0.00070
-0.00098
-0.00040
0.00024
0.00024
0.00021
0.00031
0.00018
-0.00006
0.00000
0.00000
-0.00052
-0.00079
-0.00064
-0.00049
-0.00049
-0.00061
-0.00076
-0.00082
-0.00076
-0.00043
-0.00012
-0.00015
-0.00018
0.00021
0.00024
-0.00037
-0.00089
-0.00089
-0.00085
-0.00082
-0.00067
-0.00061
-0.00073
-0.00073
-0.00073
-0.00092
-0.00110
-0.00110
-0.00082
-0.00046
-0.00034
-0.00043
-0.00037
-0.00006
0.00000
-0.00034
0.00000
0.00000
0.00000
0.00000
0.00000
0.00000
0.00000
0.00000
0.00000
0.00000
0.00000
0.00000
0.00000
0.00000
0.00000
0.00000
0.00000
0.00000
0.00000
0.00000
0.00000
0.00000
0.00000
0.00000
0.00000
0.00000
0.00000
0.00000
0.00000
0.00000
0.00000
0.00000
0.00000
0.00000
0.00000
0.00000
0.00000
0.00000
0.00000
0.00000
0.00000
0.00000
0.00000
0.00000
0.00000
0.00000
0.00000
0.00000
0.00000
0.00000
0.00000
0.00000
0.00000
0.00000
0.00000
0.00000
0.00000
0.00000
0.00000
0.00000
0.00000
0.00000
0.00000
0.00000
0.00000
0.00000
0.00000
0.00000
0.00000
0.00000
0.00000
0.00000
0.00000
0.00000
0.00000
0.00000
0.00000
0.00000
0.00000
0.00000
0.00000
0.00000
0.00000
0.00000
0.00000
0.00000
0.00000
0.00000
0.00000
0.00000
0.00000
0.00000
0.00000
0.00000
0.00000
0.00000
0.00000
0.00000
0.00000
0.00000
0.00000
0.00000
0.00000
0.00000
0.00000
0.00000
0.00000
0.00000
0.00000
0.00000
0.00000
0.00000
0.00000
0.00000
0.00000
0.00000
0.00000
0.00000
0.00000
0.00000
0.00000
0.00000
0.00000
0.00000
0.00000
0.00000
0.00000
0.00000
0.00000
0.00000
0.00000
0.00000
0.00000
0.00000
0.00000
0.00000
0.00000
0.00000
0.00000
0.00000
0.00000
0.00000
0.00000
0.00000
0.00000
0.00000
0.00000
0.00000
0.00000
0.00000
0.00000
0.00000
0.00000
0.00000
0.00000
0.00000
0.00000
0.00000
0.00000
0.00000
0.00000
0.00000
0.00000
0.00000
0.00000
0.00000
0.00000
0.00000
0.00000
0.00000
0.00000
0.00000
0.00000
0.00000
0.00000
0.00000
0.00000
0.00000
0.00000
0.00000
0.00000
0.00000
0.00000
0.00000
0.00000
0.00000
0.00000
0.00000
0.00000
0.00000
0.00000
0.00000
0.00000
0.00000
0.00000
0.00000
0.00000
