-0.00003
-0.00009
-0.00018
-0.00015
-0.00006
-0.00012
-0.00006
0.00000
-0.00009
-0.00009
-0.00012
-0.00012
-0.00021
-0.00012
-0.00012
-0.00015
-0.00003
0.00003
-0.00003
-0.00006
0.00003
-0.00003
-0.00015
-0.00009
-0.00006
-0.00006
-0.00006
0.00000
-0.00009
-0.00006
-0.00003
-0.00006
-0.00003
-0.00003
-0.00006
-0.00003
0.00000
-0.00003
-0.00003
0.00000
0.00000
-0.00006
-0.00003
0.00003
0.00000
-0.00003
-0.00003
-0.00003
-0.00006
0.00000
0.00000
0.00006
0.00003
0.00012
0.00000
-0.00006
0.00015
-0.00003
-0.00003
0.00009
0.00009
-0.00003
-0.00003
0.00000
0.00000
0.00003
0.00009
0.00006
0.00012
0.00012
0.00009
0.00000
0.00000
0.00006
0.00000
0.00000
0.00012
0.00006
0.00000
0.00009
0.00009
0.00000
0.00006
0.00015
0.00012
0.00009
0.00015
0.00006
0.00000
0.00000
0.00000
0.00006
0.00009
0.00009
0.00006
0.00015
0.00012
0.00003
0.00000
0.00015
0.00012
-0.00003
0.00012
0.00027
0.00012
0.00012
0.00024
0.00012
0.00003
0.00006
0.00003
0.00006
0.00021
0.00018
0.00009
0.00015
0.00012
0.00003
0.00012
0.00018
0.00006
0.00003
0.00012
0.00009
0.00000
0.00012
0.00012
0.00012
0.00012
0.00012
0.00009
0.00009
0.00012
0.00009
0.00009
0.00012
0.00024
0.00012
0.00006
0.00015
0.00006
0.00000
0.00009
0.00018
0.00009
0.00009
0.00003
0.00006
0.00018
0.00009
0.00009
0.00021
0.00018
0.00000
0.00006
0.00018
0.00003
0.00006
0.00018
0.00015
0.00015
0.00006
0.00012
0.00015
0.00009
0.00000
0.00009
0.00015
0.00018
0.00000
0.00024
-0.00006
0.00061
-0.00058
0.00113
-0.00104
0.00146
-0.00159
0.00201
-0.00168
0.00198
-0.03510
-0.19608
-0.04083
0.00787
-0.04715
0.06659
0.22833
0.13086
-0.02652
-0.04816
-0.06277
-0.02069
0.01953
-0.03491
0.00198
0.06961
-0.00104
-0.00906
0.02530
-0.01215
-0.03314
0.01337
-0.00479
-0.00491
0.02826
0.00842
-0.01828
0.02457
0.01959
-0.02222
-0.00397
0.00336
-0.01129
-0.00269
0.00766
-0.00690
-0.00128
0.01666
0.01047
-0.00394
0.00662
0.00357
-0.00952
-0.00510
0.00311
-0.00516
-0.00150
0.00662
0.00006
-0.00308
0.00452
0.00089
-0.00531
0.00604
0.00946
0.00000
-0.00043
0.00320
-0.00107
-0.00299
0.00183
0.00204
-0.00278
-0.00140
-0.00168
-0.00327
-0.00003
-0.00015
-0.00131
0.00037
0.00275
-0.00006
-0.00131
0.00223
0.00052
-0.00269
-0.00027
-0.00085
-0.00247
-0.00342
-0.00119
0.00034
-0.00024
0.00122
-0.00049
-0.00098
0.00000
-0.00085
-0.00101
0.00031
-0.00027
-0.00104
-0.00034
0.00067
-0.00171
-0.00092
-0.00055
-0.00204
-0.00250
-0.00137
-0.00198
-0.00217
-0.00079
0.00098
0.00037
0.00021
-0.00015
-0.00027
0.00061
0.00061
0.00061
0.00134
0.00043
-0.00238
-0.00366
-0.00235
-0.00232
-0.00287
-0.00089
-0.00003
-0.00067
-0.00058
0.00034
0.00031
0.00000
0.00000
0.00000
0.00000
0.00000
0.00000
0.00000
0.00000
0.00000
0.00000
0.00000
0.00000
0.00000
0.00000
0.00000
0.00000
0.00000
0.00000
0.00000
0.00000
0.00000
0.00000
0.00000
0.00000
0.00000
0.00000
0.00000
0.00000
0.00000
0.00000
0.00000
0.00000
0.00000
0.00000
0.00000
0.00000
0.00000
0.00000
0.00000
0.00000
0.00000
0.00000
0.00000
0.00000
0.00000
0.00000
0.00000
0.00000
0.00000
0.00000
0.00000
0.00000
0.00000
0.00000
0.00000
0.00000
0.00000
0.00000
0.00000
0.00000
0.00000
0.00000
0.00000
0.00000
0.00000
0.00000
0.00000
0.00000
0.00000
0.00000
0.00000
0.00000
0.00000
0.00000
0.00000
0.00000
0.00000
0.00000
0.00000
0.00000
0.00000
0.00000
0.00000
0.00000
0.00000
0.00000
0.00000
0.00000
0.00000
0.00000
0.00000
0.00000
0.00000
0.00000
0.00000
0.00000
0.00000
0.00000
0.00000
0.00000
0.00000
0.00000
0.00000
0.00000
0.00000
0.00000
0.00000
0.00000
0.00000
0.00000
0.00000
0.00000
0.00000
0.00000
0.00000
0.00000
0.00000
0.00000
0.00000
0.00000
0.00000
0.00000
0.00000
0.00000
0.00000
0.00000
0.00000
0.00000
0.00000
0.00000
0.00000
0.00000
0.00000
0.00000
0.00000
0.00000
0.00000
0.00000
0.00000
0.00000
0.00000
0.00000
0.00000
0.00000
0.00000
0.00000
0.00000
0.00000
0.00000
0.00000
0.00000
0.00000
0.00000
0.00000
0.00000
0.00000
0.00000
0.00000
0.00000
0.00000
0.00000
0.00000
0.00000
0.00000
0.00000
0.00000
0.00000
0.00000
0.00000
0.00000
0.00000
0.00000
0.00000
0.00000
0.00000
0.00000
0.00000
0.00000
0.00000
0.00000
0.00000
0.00000
0.00000
0.00000
0.00000
0.00000
0.00000
0.00000
0.00000
0.00000
0.00000
0.00000
0.00000
0.00000
0.00000
0.00000
0.00000
0.00000
0.00000
0.00000
0.00000
0.00000
0.00000
0.00000
0.00000
0.00000
0.00000
