0.00021
0.00009
0.00015
0.00015
0.00009
0.00012
0.00015
0.00012
0.00003
0.00003
0.00003
0.00006
0.00009
0.00021
0.00027
0.00021
0.00009
-0.00003
0.00000
0.00009
0.00018
0.00018
0.00031
0.00021
0.00009
0.00006
0.00003
0.00006
0.00009
0.00012
0.00009
0.00006
0.00006
0.00009
0.00012
0.00000
0.00000
0.00006
0.00012
0.00009
0.00021
0.00018
0.00015
0.00015
0.00000
0.00000
0.00003
0.00000
0.00006
0.00006
0.00009
0.00009
0.00012
0.00000
0.00003
0.00009
0.00012
-0.00015
0.00012
0.00015
-0.00003
0.00012
0.00009
0.00009
-0.00006
0.00000
0.00003
0.00006
0.00006
0.00006
0.00000
0.00003
0.00009
0.00006
0.00003
0.00003
0.00000
-0.00009
0.00000
0.00003
0.00000
0.00000
0.00003
0.00009
0.00000
0.00006
0.00003
-0.00006
0.00000
0.00000
0.00000
0.00006
0.00003
0.00000
0.00000
0.00000
-0.00006
-0.00003
0.00000
-0.00006
0.00000
0.00003
0.00012
-0.00003
-0.00009
-0.00003
-0.00003
0.00000
0.00000
0.00012
0.00003
-0.00006
-0.00012
-0.00009
-0.00006
-0.00009
-0.00006
0.00000
0.00000
0.00000
-0.00003
-0.00003
-0.00006
-0.00006
-0.00009
0.00000
-0.00006
-0.00012
-0.00006
-0.00009
-0.00006
-0.00006
0.00000
-0.00006
-0.00009
-0.00009
-0.00006
0.00000
0.00000
0.00000
-0.00012
-0.00018
-0.00015
-0.00009
-0.00012
-0.00006
0.00006
-0.00003
-0.00006
-0.00003
-0.00003
-0.00009
-0.00012
-0.00003
-0.00006
-0.00009
-0.00015
-0.00015
-0.00012
-0.00021
-0.00015
-0.00015
-0.00006
-0.00003
-0.00009
-0.00003
-0.00006
-0.00009
-0.00018
-0.00012
-0.00006
-0.00015
-0.00031
-0.00006
-0.00037
0.00021
-0.00085
0.00131
-0.00226
0.00305
-0.00494
0.00677
-0.01001
0.01169
-0.10715
-0.15561
-0.01205
-0.06387
0.02692
0.13721
0.24380
0.09116
-0.04892
-0.05975
-0.04941
-0.02856
-0.02585
-0.03195
0.02026
0.04459
0.00363
0.01285
0.01129
-0.02112
-0.01508
0.01703
0.00421
0.00186
0.00668
-0.00824
-0.00784
0.02158
0.00378
-0.01230
0.00516
0.00256
-0.01013
0.00119
0.00488
-0.00995
0.00336
0.01453
0.00446
-0.00272
0.00623
-0.00220
-0.00668
-0.00293
-0.00034
-0.00464
0.00244
0.00317
-0.00095
-0.00131
0.00424
-0.00116
-0.00131
0.00861
0.00577
-0.00162
-0.00024
0.00070
-0.00241
-0.00293
0.00168
0.00006
-0.00284
-0.00125
-0.00284
-0.00122
0.00040
-0.00079
0.00018
0.00043
0.00198
-0.00079
0.00024
0.00214
-0.00064
-0.00180
-0.00150
-0.00308
-0.00369
-0.00464
0.00000
0.00043
0.00070
0.00058
-0.00076
-0.00018
-0.00043
-0.00070
-0.00052
-0.00104
-0.00125
-0.00220
-0.00137
-0.00061
-0.00140
0.00024
-0.00070
-0.00195
-0.00281
-0.00238
-0.00259
-0.00217
-0.00031
0.00076
-0.00034
-0.00009
-0.00040
0.00037
0.00052
0.00034
0.00070
0.00034
-0.00119
-0.00345
-0.00369
-0.00278
-0.00348
-0.00299
-0.00110
-0.00052
-0.00058
0.00000
0.00104
-0.00058
0.00000
0.00000
0.00000
0.00000
0.00000
0.00000
0.00000
0.00000
0.00000
0.00000
0.00000
0.00000
0.00000
0.00000
0.00000
0.00000
0.00000
0.00000
0.00000
0.00000
0.00000
0.00000
0.00000
0.00000
0.00000
0.00000
0.00000
0.00000
0.00000
0.00000
0.00000
0.00000
0.00000
0.00000
0.00000
0.00000
0.00000
0.00000
0.00000
0.00000
0.00000
0.00000
0.00000
0.00000
0.00000
0.00000
0.00000
0.00000
0.00000
0.00000
0.00000
0.00000
0.00000
0.00000
0.00000
0.00000
0.00000
0.00000
0.00000
0.00000
0.00000
0.00000
0.00000
0.00000
0.00000
0.00000
0.00000
0.00000
0.00000
0.00000
0.00000
0.00000
0.00000
0.00000
0.00000
0.00000
0.00000
0.00000
0.00000
0.00000
0.00000
0.00000
0.00000
0.00000
0.00000
0.00000
0.00000
0.00000
0.00000
0.00000
0.00000
0.00000
0.00000
0.00000
0.00000
0.00000
0.00000
0.00000
0.00000
0.00000
0.00000
0.00000
0.00000
0.00000
0.00000
0.00000
0.00000
0.00000
0.00000
0.00000
0.00000
0.00000
0.00000
0.00000
0.00000
0.00000
0.00000
0.00000
0.00000
0.00000
0.00000
0.00000
0.00000
0.00000
0.00000
0.00000
0.00000
0.00000
0.00000
0.00000
0.00000
0.00000
0.00000
0.00000
0.00000
0.00000
0.00000
0.00000
0.00000
0.00000
0.00000
0.00000
0.00000
0.00000
0.00000
0.00000
0.00000
0.00000
0.00000
0.00000
0.00000
0.00000
0.00000
0.00000
0.00000
0.00000
0.00000
0.00000
0.00000
0.00000
0.00000
0.00000
0.00000
0.00000
0.00000
0.00000
0.00000
0.00000
0.00000
0.00000
0.00000
0.00000
0.00000
0.00000
0.00000
0.00000
0.00000
0.00000
0.00000
0.00000
0.00000
0.00000
0.00000
0.00000
0.00000
0.00000
0.00000
0.00000
0.00000
0.00000
0.00000
0.00000
0.00000
0.00000
0.00000
0.00000
0.00000
0.00000
0.00000
0.00000
0.00000
0.00000
0.00000
0.00000
