0.00024
0.00021
0.00027
0.00024
0.00015
0.00012
0.00015
0.00012
0.00015
0.00021
0.00021
0.00024
0.00024
0.00018
0.00018
0.00024
0.00024
0.00021
0.00031
0.00027
0.00018
0.00015
0.00015
0.00009
0.00018
0.00024
0.00027
0.00027
0.00027
0.00018
0.00012
0.00015
0.00018
0.00027
0.00037
0.00027
0.00024
0.00027
0.00015
0.00009
0.00015
0.00015
0.00012
0.00021
0.00027
0.00024
0.00024
0.00024
0.00015
0.00012
0.00015
0.00015
0.00021
0.00027
0.00027
0.00027
0.00031
0.00027
0.00018
0.00018
0.00018
0.00012
0.00012
0.00018
0.00018
0.00021
0.00031
0.00027
0.00024
0.00021
0.00015
0.00024
0.00018
0.00024
0.00021
0.00018
0.00021
0.00015
0.00015
0.00015
0.00015
0.00018
0.00024
0.00024
0.00018
0.00015
0.00012
0.00015
0.00015
0.00009
0.00012
0.00018
0.00018
0.00021
0.00024
0.00018
0.00015
0.00018
0.00018
0.00015
0.00012
0.00015
0.00015
0.00021
0.00021
0.00015
0.00015
0.00015
0.00015
0.00009
0.00018
0.00018
0.00012
0.00018
0.00021
0.00009
0.00006
0.00012
0.00009
0.00006
0.00012
0.00015
0.00009
0.00012
0.00015
0.00009
0.00009
0.00015
0.00012
0.00012
0.00015
0.00012
0.00006
0.00009
0.00012
0.00012
0.00009
0.00012
0.00012
0.00009
0.00012
0.00012
0.00009
0.00012
0.00009
0.00003
0.00006
0.00012
0.00012
0.00012
0.00006
0.00006
0.00006
0.00006
0.00009
0.00012
0.00012
0.00006
0.00003
0.00003
0.00003
0.00006
0.00009
0.00009
0.00009
0.00009
0.00006
0.00003
0.00000
0.00000
0.00000
0.00003
0.00006
0.00003
0.00003
0.00006
0.00003
0.00003
0.00006
0.00003
0.00000
-0.00003
-0.00003
-0.00006
-0.00006
0.00012
-0.00003
0.00006
-0.00006
0.00015
-0.00027
0.00021
-0.00058
0.00058
-0.00043
0.00098
-0.01114
-0.03946
-0.02026
-0.01682
-0.01044
0.00684
0.01538
0.01929
0.01874
0.01700
0.00159
0.00241
0.00443
-0.00739
-0.00690
-0.00180
-0.00052
0.00754
0.00723
0.00037
0.00232
0.00256
-0.00433
-0.00345
0.00443
0.00204
-0.00061
0.00244
0.00217
0.00128
0.00259
-0.00064
-0.00192
-0.00034
-0.00162
-0.00327
0.00037
0.00452
0.00424
0.00378
0.00452
0.00256
0.00089
0.00021
0.00027
-0.00009
-0.00024
-0.00031
-0.00024
0.00085
0.00119
0.00027
0.00000
0.00131
0.00192
0.00137
0.00165
0.00125
0.00034
-0.00015
0.00006
0.00046
0.00034
0.00037
-0.00027
-0.00061
0.00015
0.00031
0.00043
0.00024
0.00031
0.00006
-0.00015
0.00031
0.00006
-0.00015
-0.00015
-0.00037
-0.00052
-0.00079
-0.00079
-0.00107
-0.00119
-0.00107
-0.00085
-0.00024
0.00000
-0.00015
0.00006
0.00003
-0.00024
-0.00055
-0.00073
-0.00070
-0.00092
-0.00055
-0.00031
-0.00070
-0.00098
-0.00125
-0.00131
-0.00125
-0.00119
-0.00098
-0.00092
-0.00089
-0.00082
-0.00055
-0.00006
0.00021
0.00040
0.00018
0.00000
0.00000
0.00000
0.00000
0.00000
0.00000
0.00000
0.00000
0.00000
0.00000
0.00000
0.00000
0.00000
0.00000
0.00000
0.00000
0.00000
0.00000
0.00000
0.00000
0.00000
0.00000
0.00000
0.00000
0.00000
0.00000
0.00000
0.00000
0.00000
0.00000
0.00000
0.00000
0.00000
0.00000
0.00000
0.00000
0.00000
0.00000
0.00000
0.00000
0.00000
0.00000
0.00000
0.00000
0.00000
0.00000
0.00000
0.00000
0.00000
0.00000
0.00000
0.00000
0.00000
0.00000
0.00000
0.00000
0.00000
0.00000
0.00000
0.00000
0.00000
0.00000
0.00000
0.00000
0.00000
0.00000
0.00000
0.00000
0.00000
0.00000
0.00000
0.00000
0.00000
0.00000
0.00000
0.00000
0.00000
0.00000
0.00000
0.00000
0.00000
0.00000
0.00000
0.00000
0.00000
0.00000
0.00000
0.00000
0.00000
0.00000
0.00000
0.00000
0.00000
0.00000
0.00000
0.00000
0.00000
0.00000
0.00000
0.00000
0.00000
0.00000
0.00000
0.00000
0.00000
0.00000
0.00000
0.00000
0.00000
0.00000
0.00000
0.00000
0.00000
0.00000
0.00000
0.00000
0.00000
0.00000
0.00000
0.00000
0.00000
0.00000
0.00000
0.00000
0.00000
0.00000
0.00000
0.00000
0.00000
0.00000
0.00000
0.00000
0.00000
0.00000
0.00000
0.00000
0.00000
0.00000
0.00000
0.00000
0.00000
0.00000
0.00000
0.00000
0.00000
0.00000
0.00000
0.00000
0.00000
0.00000
0.00000
0.00000
0.00000
0.00000
0.00000
0.00000
0.00000
0.00000
0.00000
0.00000
0.00000
0.00000
0.00000
0.00000
0.00000
0.00000
0.00000
0.00000
0.00000
0.00000
0.00000
0.00000
0.00000
0.00000
0.00000
0.00000
0.00000
0.00000
0.00000
0.00000
0.00000
0.00000
0.00000
0.00000
0.00000
0.00000
0.00000
0.00000
0.00000
0.00000
0.00000
0.00000
0.00000
0.00000
0.00000
0.00000
0.00000
0.00000
0.00000
0.00000
0.00000
0.00000
0.00000
0.00000
