0.00003
0.00003
-0.00003
-0.00012
-0.00021
-0.00021
-0.00018
-0.00003
0.00000
0.00000
-0.00003
0.00000
-0.00003
-0.00006
0.00000
-0.00003
-0.00009
0.00000
0.00000
-0.00009
-0.00003
-0.00006
-0.00012
-0.00006
-0.00006
-0.00009
-0.00003
0.00003
0.00000
0.00000
0.00000
0.00000
-0.00003
0.00000
-0.00003
-0.00009
-0.00009
-0.00003
-0.00012
-0.00021
-0.00006
0.00000
-0.00009
0.00000
0.00003
0.00000
-0.00009
0.00000
0.00000
-0.00009
0.00000
0.00003
-0.00006
-0.00009
0.00000
-0.00034
-0.00009
0.00003
-0.00015
-0.00009
0.00021
0.00009
-0.00009
0.00003
0.00000
-0.00015
-0.00012
-0.00009
-0.00015
-0.00015
-0.00012
-0.00003
-0.00009
-0.00006
0.00000
-0.00006
0.00000
0.00000
-0.00021
-0.00024
-0.00003
-0.00003
-0.00003
0.00018
0.00009
-0.00012
-0.00006
-0.00009
-0.00021
-0.00003
0.00000
0.00000
0.00003
0.00003
-0.00009
-0.00006
-0.00006
-0.00021
-0.00027
-0.00006
0.00000
-0.00009
-0.00012
0.00003
0.00000
-0.00006
0.00003
0.00006
0.00000
0.00003
0.00000
-0.00009
-0.00012
-0.00015
-0.00018
-0.00006
0.00000
0.00000
0.00000
0.00006
0.00000
-0.00009
-0.00009
-0.00003
-0.00012
-0.00012
-0.00009
-0.00012
-0.00009
-0.00009
-0.00006
0.00000
0.00000
0.00000
-0.00006
-0.00006
-0.00003
-0.00003
-0.00006
0.00000
0.00000
-0.00003
-0.00009
-0.00003
-0.00009
-0.00012
-0.00012
-0.00009
0.00000
0.00000
-0.00003
0.00003
0.00000
-0.00012
-0.00024
-0.00012
-0.00006
-0.00015
-0.00003
0.00000
0.00000
-0.00009
-0.00009
-0.00003
-0.00012
-0.00006
0.00000
0.00000
-0.00006
-0.00003
-0.00003
-0.00009
-0.00003
0.00003
-0.00052
0.00067
-0.00165
0.00232
-0.00403
0.00644
-0.00967
0.00769
-0.15277
-0.13333
0.01950
-0.04114
0.00601
0.18466
0.21667
0.01328
-0.03989
-0.06143
-0.05209
0.00430
-0.00879
-0.04077
0.06354
0.03473
-0.01578
0.01944
0.00906
-0.04092
-0.00269
0.01184
-0.01575
0.01935
0.02451
-0.02002
0.00446
0.03500
-0.01202
-0.01685
0.00504
-0.00836
-0.00760
0.00848
-0.00195
-0.00656
0.01288
0.01544
-0.00079
0.00055
0.00742
-0.00647
-0.00900
-0.00027
-0.00064
-0.00565
0.00543
0.00375
-0.00311
0.00012
0.00485
-0.00513
0.00092
0.01056
0.00394
-0.00247
0.00247
0.00049
-0.00351
-0.00049
0.00305
-0.00174
-0.00275
-0.00095
-0.00308
-0.00150
0.00040
-0.00146
-0.00034
0.00204
0.00180
-0.00180
0.00064
0.00162
-0.00217
-0.00153
-0.00003
-0.00238
-0.00348
-0.00308
0.00061
-0.00040
0.00098
0.00055
-0.00131
-0.00061
-0.00027
-0.00140
-0.00015
-0.00012
-0.00079
-0.00140
0.00064
-0.00098
-0.00162
0.00000
-0.00140
-0.00275
-0.00174
-0.00168
-0.00262
-0.00165
0.00049
0.00076
0.00015
0.00034
-0.00058
0.00034
0.00067
0.00049
0.00098
0.00101
-0.00128
-0.00360
-0.00308
-0.00217
-0.00323
-0.00195
-0.00021
-0.00024
-0.00046
0.00034
0.00076
-0.00024
0.00000
0.00000
0.00000
0.00000
0.00000
0.00000
0.00000
0.00000
0.00000
0.00000
0.00000
0.00000
0.00000
0.00000
0.00000
0.00000
0.00000
0.00000
0.00000
0.00000
0.00000
0.00000
0.00000
0.00000
0.00000
0.00000
0.00000
0.00000
0.00000
0.00000
0.00000
0.00000
0.00000
0.00000
0.00000
0.00000
0.00000
0.00000
0.00000
0.00000
0.00000
0.00000
0.00000
0.00000
0.00000
0.00000
0.00000
0.00000
0.00000
0.00000
0.00000
0.00000
0.00000
0.00000
0.00000
0.00000
0.00000
0.00000
0.00000
0.00000
0.00000
0.00000
0.00000
0.00000
0.00000
0.00000
0.00000
0.00000
0.00000
0.00000
0.00000
0.00000
0.00000
0.00000
0.00000
0.00000
0.00000
0.00000
0.00000
0.00000
0.00000
0.00000
0.00000
0.00000
0.00000
0.00000
0.00000
0.00000
0.00000
0.00000
0.00000
0.00000
0.00000
0.00000
0.00000
0.00000
0.00000
0.00000
0.00000
0.00000
0.00000
0.00000
0.00000
0.00000
0.00000
0.00000
0.00000
0.00000
0.00000
0.00000
0.00000
0.00000
0.00000
0.00000
0.00000
0.00000
0.00000
0.00000
0.00000
0.00000
0.00000
0.00000
0.00000
0.00000
0.00000
0.00000
0.00000
0.00000
0.00000
0.00000
0.00000
0.00000
0.00000
0.00000
0.00000
0.00000
0.00000
0.00000
0.00000
0.00000
0.00000
0.00000
0.00000
0.00000
0.00000
0.00000
0.00000
0.00000
0.00000
0.00000
0.00000
0.00000
0.00000
0.00000
0.00000
0.00000
0.00000
0.00000
0.00000
0.00000
0.00000
0.00000
0.00000
0.00000
0.00000
0.00000
0.00000
0.00000
0.00000
0.00000
0.00000
0.00000
0.00000
0.00000
0.00000
0.00000
0.00000
0.00000
0.00000
0.00000
0.00000
0.00000
0.00000
0.00000
0.00000
0.00000
0.00000
0.00000
0.00000
0.00000
0.00000
0.00000
0.00000
0.00000
0.00000
0.00000
0.00000
0.00000
0.00000
0.00000
0.00000
0.00000
0.00000
0.00000
0.00000
0.00000
