-0.00027
-0.00027
-0.00031
-0.00027
-0.00024
-0.00024
-0.00021
-0.00024
-0.00027
-0.00024
-0.00027
-0.00027
-0.00027
-0.00024
-0.00021
-0.00024
-0.00027
-0.00024
-0.00024
-0.00027
-0.00027
-0.00021
-0.00018
-0.00018
-0.00018
-0.00024
-0.00031
-0.00034
-0.00031
-0.00027
-0.00027
-0.00021
-0.00018
-0.00021
-0.00021
-0.00024
-0.00031
-0.00031
-0.00027
-0.00024
-0.00018
-0.00024
-0.00024
-0.00024
-0.00027
-0.00027
-0.00021
-0.00015
-0.00018
-0.00021
-0.00018
-0.00021
-0.00027
-0.00024
-0.00021
-0.00021
-0.00021
-0.00018
-0.00021
-0.00024
-0.00018
-0.00018
-0.00018
-0.00024
-0.00024
-0.00021
-0.00021
-0.00018
-0.00021
-0.00018
-0.00018
-0.00018
-0.00024
-0.00018
-0.00012
-0.00018
-0.00015
-0.00012
-0.00012
-0.00018
-0.00018
-0.00012
-0.00015
-0.00018
-0.00012
-0.00012
-0.00015
-0.00012
-0.00015
-0.00015
-0.00018
-0.00012
-0.00012
-0.00012
-0.00012
-0.00012
-0.00009
-0.00009
-0.00009
-0.00012
-0.00012
-0.00015
-0.00018
-0.00012
-0.00006
-0.00006
-0.00006
-0.00003
-0.00003
-0.00012
-0.00015
-0.00009
-0.00006
-0.00006
-0.00006
-0.00003
-0.00006
-0.00009
-0.00003
-0.00003
-0.00003
-0.00009
-0.00009
-0.00006
-0.00009
-0.00009
-0.00006
0.00000
0.00000
0.00000
0.00000
-0.00003
0.00000
0.00000
0.00000
0.00000
-0.00003
-0.00006
-0.00006
-0.00003
-0.00003
0.00000
0.00000
0.00000
0.00003
0.00000
-0.00003
-0.00006
-0.00006
0.00000
0.00000
0.00000
0.00006
0.00009
0.00003
0.00000
0.00000
0.00000
-0.00003
0.00000
-0.00003
0.00000
0.00000
0.00000
0.00006
0.00006
0.00003
0.00000
0.00003
0.00003
0.00000
0.00003
0.00000
0.00000
0.00000
0.00003
0.00006
0.00003
0.00003
0.00009
0.00000
0.00015
-0.00009
0.00037
-0.00046
0.00079
-0.00113
0.00146
-0.00235
0.00226
-0.03064
-0.06201
-0.03564
-0.04065
-0.00882
0.01337
0.05844
0.05743
0.03836
0.01843
0.00592
0.02094
-0.00650
-0.01971
-0.01971
-0.01544
-0.00638
-0.00064
0.00885
0.01230
0.01050
0.00439
-0.00378
0.00119
0.00345
-0.00067
0.00226
0.00415
0.00104
-0.00092
-0.00272
-0.00055
0.00043
-0.00104
-0.00064
-0.00119
0.00244
0.00385
0.00424
0.00391
0.00323
0.00186
0.00034
-0.00101
-0.00140
-0.00217
-0.00095
-0.00107
-0.00082
0.00064
0.00186
0.00275
0.00272
0.00342
0.00342
0.00247
0.00162
0.00092
0.00104
0.00006
-0.00031
-0.00049
-0.00079
-0.00067
-0.00082
-0.00024
-0.00024
0.00015
0.00082
0.00073
0.00134
0.00089
0.00073
0.00070
0.00046
0.00000
-0.00070
-0.00110
-0.00134
-0.00162
-0.00119
-0.00098
-0.00040
-0.00015
-0.00018
0.00015
0.00027
0.00070
0.00046
0.00027
0.00000
-0.00070
-0.00070
-0.00052
-0.00024
0.00006
-0.00043
-0.00046
-0.00079
-0.00113
-0.00140
-0.00165
-0.00104
-0.00031
-0.00012
-0.00009
-0.00021
0.00021
0.00061
0.00095
0.00116
0.00085
0.00021
0.00000
0.00000
0.00000
0.00000
0.00000
0.00000
0.00000
0.00000
0.00000
0.00000
0.00000
0.00000
0.00000
0.00000
0.00000
0.00000
0.00000
0.00000
0.00000
0.00000
0.00000
0.00000
0.00000
0.00000
0.00000
0.00000
0.00000
0.00000
0.00000
0.00000
0.00000
0.00000
0.00000
0.00000
0.00000
0.00000
0.00000
0.00000
0.00000
0.00000
0.00000
0.00000
0.00000
0.00000
0.00000
0.00000
0.00000
0.00000
0.00000
0.00000
0.00000
0.00000
0.00000
0.00000
0.00000
0.00000
0.00000
0.00000
0.00000
0.00000
0.00000
0.00000
0.00000
0.00000
0.00000
0.00000
0.00000
0.00000
0.00000
0.00000
0.00000
0.00000
0.00000
0.00000
0.00000
0.00000
0.00000
0.00000
0.00000
0.00000
0.00000
0.00000
0.00000
0.00000
0.00000
0.00000
0.00000
0.00000
0.00000
0.00000
0.00000
0.00000
0.00000
0.00000
0.00000
0.00000
0.00000
0.00000
0.00000
0.00000
0.00000
0.00000
0.00000
0.00000
0.00000
0.00000
0.00000
0.00000
0.00000
0.00000
0.00000
0.00000
0.00000
0.00000
0.00000
0.00000
0.00000
0.00000
0.00000
0.00000
0.00000
0.00000
0.00000
0.00000
0.00000
0.00000
0.00000
0.00000
0.00000
0.00000
0.00000
0.00000
0.00000
0.00000
0.00000
0.00000
0.00000
0.00000
0.00000
0.00000
0.00000
0.00000
0.00000
0.00000
0.00000
0.00000
0.00000
0.00000
0.00000
0.00000
0.00000
0.00000
0.00000
0.00000
0.00000
0.00000
0.00000
0.00000
0.00000
0.00000
0.00000
0.00000
0.00000
0.00000
0.00000
0.00000
0.00000
0.00000
0.00000
0.00000
0.00000
0.00000
0.00000
0.00000
0.00000
0.00000
0.00000
0.00000
0.00000
0.00000
0.00000
0.00000
0.00000
0.00000
0.00000
0.00000
0.00000
0.00000
0.00000
0.00000
0.00000
0.00000
0.00000
0.00000
0.00000
0.00000
0.00000
0.00000
0.00000
0.00000
0.00000
0.00000
0.00000
0.00000
0.00000
0.00000
0.00000
0.00000
0.00000
