-0.00021
-0.00021
-0.00018
-0.00012
-0.00018
-0.00021
-0.00018
-0.00021
-0.00024
-0.00027
-0.00021
-0.00021
-0.00024
-0.00027
-0.00027
-0.00024
-0.00027
-0.00031
-0.00027
-0.00021
-0.00021
-0.00021
-0.00024
-0.00027
-0.00027
-0.00024
-0.00021
-0.00021
-0.00027
-0.00027
-0.00024
-0.00027
-0.00031
-0.00027
-0.00027
-0.00027
-0.00027
-0.00021
-0.00021
-0.00024
-0.00027
-0.00031
-0.00037
-0.00034
-0.00027
-0.00024
-0.00018
-0.00018
-0.00018
-0.00021
-0.00027
-0.00031
-0.00034
-0.00037
-0.00037
-0.00034
-0.00034
-0.00037
-0.00034
-0.00027
-0.00024
-0.00018
-0.00024
-0.00018
-0.00018
-0.00031
-0.00024
-0.00027
-0.00027
-0.00037
-0.00034
-0.00034
-0.00031
-0.00024
-0.00024
-0.00024
-0.00027
-0.00027
-0.00024
-0.00027
-0.00031
-0.00034
-0.00031
-0.00027
-0.00031
-0.00027
-0.00024
-0.00027
-0.00031
-0.00034
-0.00034
-0.00031
-0.00027
-0.00024
-0.00024
-0.00024
-0.00027
-0.00031
-0.00031
-0.00027
-0.00024
-0.00024
-0.00024
-0.00021
-0.00024
-0.00024
-0.00027
-0.00024
-0.00024
-0.00031
-0.00031
-0.00034
-0.00037
-0.00031
-0.00027
-0.00024
-0.00021
-0.00015
-0.00015
-0.00015
-0.00012
-0.00018
-0.00024
-0.00021
-0.00024
-0.00031
-0.00031
-0.00024
-0.00024
-0.00024
-0.00018
-0.00021
-0.00018
-0.00018
-0.00018
-0.00021
-0.00018
-0.00024
-0.00031
-0.00031
-0.00034
-0.00027
-0.00021
-0.00015
-0.00015
-0.00021
-0.00018
-0.00024
-0.00024
-0.00018
-0.00021
-0.00018
-0.00024
-0.00024
-0.00024
-0.00024
-0.00024
-0.00021
-0.00018
-0.00024
-0.00021
-0.00021
-0.00021
-0.00018
-0.00018
-0.00018
-0.00018
-0.00018
-0.00021
-0.00024
-0.00021
-0.00024
-0.00018
-0.00018
-0.00018
-0.00021
-0.00024
-0.00027
-0.00021
-0.00021
0.00000
-0.00031
0.00018
-0.00079
0.00061
-0.00146
0.00146
-0.00290
0.00146
-0.03946
-0.06424
-0.02383
-0.05032
-0.01544
0.01901
0.06357
0.05991
0.03918
0.01334
0.00461
0.03146
-0.00723
-0.02231
-0.01733
-0.01541
-0.00928
-0.00241
0.00607
0.01080
0.01440
0.00394
-0.00754
0.00427
0.00354
-0.00455
0.00281
0.00696
0.00000
-0.00186
-0.00293
-0.00098
0.00125
-0.00082
-0.00153
-0.00229
0.00186
0.00342
0.00415
0.00476
0.00385
0.00082
-0.00098
-0.00021
-0.00079
-0.00327
-0.00131
-0.00140
-0.00229
-0.00027
0.00107
0.00165
0.00250
0.00397
0.00327
0.00272
0.00266
0.00064
0.00009
0.00018
-0.00040
-0.00085
-0.00116
-0.00134
-0.00183
-0.00058
-0.00027
-0.00034
0.00046
0.00055
0.00110
0.00070
0.00082
0.00064
-0.00012
-0.00037
-0.00110
-0.00134
-0.00146
-0.00204
-0.00162
-0.00143
-0.00076
-0.00052
-0.00046
0.00003
-0.00012
0.00046
0.00037
0.00024
-0.00012
-0.00079
-0.00079
-0.00104
-0.00085
-0.00040
-0.00085
-0.00082
-0.00119
-0.00128
-0.00143
-0.00174
-0.00143
-0.00092
-0.00049
-0.00031
-0.00031
0.00037
0.00058
0.00061
0.00076
0.00064
0.00003
0.00000
0.00000
0.00000
0.00000
0.00000
0.00000
0.00000
0.00000
0.00000
0.00000
0.00000
0.00000
0.00000
0.00000
0.00000
0.00000
0.00000
0.00000
0.00000
0.00000
0.00000
0.00000
0.00000
0.00000
0.00000
0.00000
0.00000
0.00000
0.00000
0.00000
0.00000
0.00000
0.00000
0.00000
0.00000
0.00000
0.00000
0.00000
0.00000
0.00000
0.00000
0.00000
0.00000
0.00000
0.00000
0.00000
0.00000
0.00000
0.00000
0.00000
0.00000
0.00000
0.00000
0.00000
0.00000
0.00000
0.00000
0.00000
0.00000
0.00000
0.00000
0.00000
0.00000
0.00000
0.00000
0.00000
0.00000
0.00000
0.00000
0.00000
0.00000
0.00000
0.00000
0.00000
0.00000
0.00000
0.00000
0.00000
0.00000
0.00000
0.00000
0.00000
0.00000
0.00000
0.00000
0.00000
0.00000
0.00000
0.00000
0.00000
0.00000
0.00000
0.00000
0.00000
0.00000
0.00000
0.00000
0.00000
0.00000
0.00000
0.00000
0.00000
0.00000
0.00000
0.00000
0.00000
0.00000
0.00000
0.00000
0.00000
0.00000
0.00000
0.00000
0.00000
0.00000
0.00000
0.00000
0.00000
0.00000
0.00000
0.00000
0.00000
0.00000
0.00000
0.00000
0.00000
0.00000
0.00000
0.00000
0.00000
0.00000
0.00000
0.00000
0.00000
0.00000
0.00000
0.00000
0.00000
0.00000
0.00000
0.00000
0.00000
0.00000
0.00000
0.00000
0.00000
0.00000
0.00000
0.00000
0.00000
0.00000
0.00000
0.00000
0.00000
0.00000
0.00000
0.00000
0.00000
0.00000
0.00000
0.00000
0.00000
0.00000
0.00000
0.00000
0.00000
0.00000
0.00000
0.00000
0.00000
0.00000
0.00000
0.00000
0.00000
0.00000
0.00000
0.00000
0.00000
0.00000
0.00000
0.00000
0.00000
0.00000
0.00000
0.00000
0.00000
0.00000
0.00000
0.00000
0.00000
0.00000
0.00000
0.00000
0.00000
0.00000
0.00000
0.00000
0.00000
0.00000
0.00000
0.00000
0.00000
0.00000
0.00000
0.00000
0.00000
0.00000
0.00000
0.00000
0.00000
