-0.00040
-0.00037
-0.00037
-0.00043
-0.00049
-0.00049
-0.00046
-0.00040
-0.00034
-0.00031
-0.00031
-0.00034
-0.00034
-0.00037
-0.00037
-0.00037
-0.00040
-0.00043
-0.00043
-0.00046
-0.00046
-0.00037
-0.00037
-0.00037
-0.00034
-0.00034
-0.00037
-0.00034
-0.00037
-0.00040
-0.00037
-0.00037
-0.00043
-0.00043
-0.00043
-0.00046
-0.00043
-0.00040
-0.00040
-0.00040
-0.00031
-0.00034
-0.00040
-0.00034
-0.00031
-0.00034
-0.00034
-0.00031
-0.00031
-0.00027
-0.00027
-0.00031
-0.00037
-0.00040
-0.00043
-0.00046
-0.00043
-0.00040
-0.00040
-0.00037
-0.00034
-0.00027
-0.00024
-0.00034
-0.00034
-0.00027
-0.00034
-0.00034
-0.00027
-0.00027
-0.00034
-0.00031
-0.00027
-0.00031
-0.00034
-0.00027
-0.00024
-0.00024
-0.00027
-0.00034
-0.00031
-0.00031
-0.00031
-0.00031
-0.00027
-0.00024
-0.00024
-0.00027
-0.00034
-0.00031
-0.00034
-0.00031
-0.00024
-0.00024
-0.00021
-0.00018
-0.00018
-0.00021
-0.00021
-0.00031
-0.00031
-0.00027
-0.00034
-0.00031
-0.00018
-0.00015
-0.00021
-0.00015
-0.00015
-0.00024
-0.00021
-0.00021
-0.00027
-0.00027
-0.00018
-0.00021
-0.00024
-0.00018
-0.00015
-0.00018
-0.00018
-0.00015
-0.00021
-0.00021
-0.00018
-0.00018
-0.00024
-0.00021
-0.00012
-0.00009
-0.00006
-0.00003
-0.00012
-0.00018
-0.00018
-0.00018
-0.00018
-0.00015
-0.00018
-0.00015
-0.00012
-0.00012
-0.00015
-0.00009
-0.00006
-0.00012
-0.00018
-0.00018
-0.00018
-0.00021
-0.00018
-0.00012
-0.00009
-0.00009
-0.00006
-0.00009
-0.00012
-0.00018
-0.00021
-0.00018
-0.00012
-0.00003
0.00003
0.00003
0.00000
-0.00003
-0.00012
-0.00018
-0.00021
-0.00018
-0.00015
-0.00009
0.00000
-0.00003
-0.00003
-0.00006
-0.00006
-0.00006
-0.00003
-0.00006
-0.00009
0.00000
-0.00021
-0.00012
-0.00012
-0.00009
0.00000
0.00006
-0.00003
-0.00003
0.00000
-0.00009
0.00000
0.00000
-0.00003
-0.00015
-0.00009
-0.00018
-0.00009
-0.00015
-0.00043
-0.00516
-0.01590
-0.01947
-0.01782
-0.01492
-0.00803
-0.00034
0.00714
0.01025
0.01468
0.01370
0.00882
0.00809
-0.00003
-0.00534
-0.00293
-0.00064
0.00226
0.00409
0.00433
0.00308
0.00250
0.00046
-0.00159
0.00034
0.00018
-0.00180
-0.00070
0.00165
0.00311
0.00433
0.00418
0.00195
0.00040
0.00000
-0.00027
-0.00018
0.00079
0.00146
0.00177
0.00275
0.00259
0.00116
0.00073
0.00107
0.00073
0.00046
0.00052
0.00021
-0.00012
0.00003
0.00049
0.00085
0.00140
0.00122
0.00073
0.00095
0.00125
0.00089
0.00046
0.00070
0.00110
0.00101
0.00095
0.00079
0.00037
-0.00003
-0.00031
-0.00052
-0.00027
0.00006
0.00027
0.00037
0.00031
0.00009
-0.00009
0.00000
-0.00015
-0.00037
-0.00043
-0.00043
-0.00049
-0.00061
-0.00052
-0.00064
-0.00067
-0.00040
-0.00009
0.00000
-0.00031
-0.00027
0.00000
0.00000
-0.00037
-0.00067
-0.00052
-0.00043
-0.00052
-0.00067
-0.00073
-0.00089
-0.00089
-0.00085
-0.00101
-0.00110
-0.00092
-0.00055
-0.00037
-0.00037
-0.00031
-0.00012
0.00003
0.00000
0.00000
0.00000
0.00000
0.00000
0.00000
0.00000
0.00000
0.00000
0.00000
0.00000
0.00000
0.00000
0.00000
0.00000
0.00000
0.00000
0.00000
0.00000
0.00000
0.00000
0.00000
0.00000
0.00000
0.00000
0.00000
0.00000
0.00000
0.00000
0.00000
0.00000
0.00000
0.00000
0.00000
0.00000
0.00000
0.00000
0.00000
0.00000
0.00000
0.00000
0.00000
0.00000
0.00000
0.00000
0.00000
0.00000
0.00000
0.00000
0.00000
0.00000
0.00000
0.00000
0.00000
0.00000
0.00000
0.00000
0.00000
0.00000
0.00000
0.00000
0.00000
0.00000
0.00000
0.00000
0.00000
0.00000
0.00000
0.00000
0.00000
0.00000
0.00000
0.00000
0.00000
0.00000
0.00000
0.00000
0.00000
0.00000
0.00000
0.00000
0.00000
0.00000
0.00000
0.00000
0.00000
0.00000
0.00000
0.00000
0.00000
0.00000
0.00000
0.00000
0.00000
0.00000
0.00000
0.00000
0.00000
0.00000
0.00000
0.00000
0.00000
0.00000
0.00000
0.00000
0.00000
0.00000
0.00000
0.00000
0.00000
0.00000
0.00000
0.00000
0.00000
0.00000
0.00000
0.00000
0.00000
0.00000
0.00000
0.00000
0.00000
0.00000
0.00000
0.00000
0.00000
0.00000
0.00000
0.00000
0.00000
0.00000
0.00000
0.00000
0.00000
0.00000
0.00000
0.00000
0.00000
0.00000
0.00000
0.00000
0.00000
0.00000
0.00000
0.00000
0.00000
0.00000
0.00000
0.00000
0.00000
0.00000
0.00000
0.00000
0.00000
0.00000
0.00000
0.00000
0.00000
0.00000
0.00000
0.00000
0.00000
0.00000
0.00000
0.00000
0.00000
0.00000
0.00000
0.00000
0.00000
0.00000
0.00000
0.00000
0.00000
0.00000
0.00000
0.00000
0.00000
0.00000
0.00000
0.00000
0.00000
0.00000
0.00000
0.00000
0.00000
0.00000
0.00000
0.00000
0.00000
0.00000
0.00000
0.00000
0.00000
0.00000
0.00000
0.00000
0.00000
0.00000
