0.00006
0.00006
0.00003
0.00000
0.00000
-0.00006
-0.00006
-0.00009
-0.00006
-0.00003
0.00006
0.00006
0.00000
0.00003
0.00000
-0.00006
-0.00006
0.00000
0.00000
0.00000
0.00003
0.00000
0.00000
-0.00003
-0.00003
-0.00003
-0.00006
-0.00006
-0.00006
0.00000
-0.00003
-0.00003
-0.00009
-0.00003
-0.00006
-0.00015
-0.00006
-0.00003
-0.00003
-0.00009
-0.00006
-0.00006
-0.00009
-0.00003
-0.00006
-0.00003
0.00000
0.00000
0.00000
-0.00003
-0.00006
-0.00009
-0.00012
-0.00015
-0.00018
-0.00015
-0.00018
-0.00012
-0.00009
-0.00006
-0.00009
-0.00009
-0.00006
-0.00012
-0.00009
-0.00009
-0.00009
-0.00009
-0.00015
-0.00015
-0.00015
-0.00009
-0.00009
-0.00012
-0.00006
-0.00009
-0.00009
-0.00006
-0.00009
-0.00012
-0.00018
-0.00018
-0.00018
-0.00018
-0.00021
-0.00018
-0.00015
-0.00018
-0.00012
-0.00009
-0.00012
-0.00012
-0.00009
-0.00012
-0.00015
-0.00018
-0.00021
-0.00027
-0.00027
-0.00024
-0.00018
-0.00015
-0.00015
-0.00018
-0.00018
-0.00018
-0.00018
-0.00018
-0.00021
-0.00024
-0.00027
-0.00024
-0.00024
-0.00027
-0.00027
-0.00024
-0.00021
-0.00021
-0.00015
-0.00012
-0.00018
-0.00021
-0.00021
-0.00027
-0.00027
-0.00027
-0.00027
-0.00027
-0.00031
-0.00027
-0.00027
-0.00027
-0.00031
-0.00031
-0.00031
-0.00027
-0.00027
-0.00024
-0.00021
-0.00024
-0.00027
-0.00027
-0.00031
-0.00031
-0.00034
-0.00034
-0.00037
-0.00034
-0.00027
-0.00024
-0.00024
-0.00024
-0.00021
-0.00024
-0.00024
-0.00027
-0.00034
-0.00031
-0.00031
-0.00031
-0.00031
-0.00031
-0.00031
-0.00034
-0.00034
-0.00034
-0.00034
-0.00034
-0.00031
-0.00031
-0.00034
-0.00034
-0.00034
-0.00037
-0.00037
-0.00031
-0.00027
-0.00027
-0.00024
-0.00027
-0.00031
-0.00031
-0.00034
-0.00040
-0.00046
-0.00046
-0.00040
-0.00046
-0.00027
-0.00043
-0.00009
-0.00061
0.00000
-0.00095
0.00018
-0.00119
0.00046
-0.01425
-0.03616
-0.01096
-0.00742
-0.00235
0.00024
-0.00256
0.00687
0.01141
0.01559
0.01868
0.00906
-0.00436
-0.01068
-0.00351
0.00610
0.00235
0.00140
-0.00174
-0.00381
0.00031
0.00311
0.00241
0.00113
-0.00140
-0.00128
0.00177
0.00427
0.00137
-0.00128
-0.00168
-0.00070
-0.00027
-0.00107
-0.00043
-0.00006
0.00098
0.00278
0.00314
0.00211
0.00156
0.00095
0.00150
0.00153
0.00095
-0.00150
-0.00189
-0.00107
-0.00067
-0.00009
0.00125
0.00116
0.00037
0.00079
0.00058
0.00037
0.00098
0.00143
0.00119
0.00009
-0.00052
-0.00049
-0.00073
-0.00055
-0.00089
-0.00027
0.00043
-0.00018
-0.00055
-0.00021
0.00076
0.00055
-0.00070
-0.00107
-0.00092
-0.00052
-0.00003
-0.00021
-0.00055
-0.00113
-0.00119
-0.00125
-0.00113
-0.00049
-0.00043
-0.00027
-0.00055
-0.00092
-0.00055
-0.00079
-0.00128
-0.00131
-0.00073
-0.00031
-0.00073
-0.00079
-0.00095
-0.00095
-0.00079
-0.00073
-0.00082
-0.00119
-0.00177
-0.00180
-0.00134
-0.00095
-0.00110
-0.00122
-0.00092
-0.00034
0.00003
-0.00024
-0.00119
-0.00125
-0.00034
-0.00012
0.00000
0.00000
0.00000
0.00000
0.00000
0.00000
0.00000
0.00000
0.00000
0.00000
0.00000
0.00000
0.00000
0.00000
0.00000
0.00000
0.00000
0.00000
0.00000
0.00000
0.00000
0.00000
0.00000
0.00000
0.00000
0.00000
0.00000
0.00000
0.00000
0.00000
0.00000
0.00000
0.00000
0.00000
0.00000
0.00000
0.00000
0.00000
0.00000
0.00000
0.00000
0.00000
0.00000
0.00000
0.00000
0.00000
0.00000
0.00000
0.00000
0.00000
0.00000
0.00000
0.00000
0.00000
0.00000
0.00000
0.00000
0.00000
0.00000
0.00000
0.00000
0.00000
0.00000
0.00000
0.00000
0.00000
0.00000
0.00000
0.00000
0.00000
0.00000
0.00000
0.00000
0.00000
0.00000
0.00000
0.00000
0.00000
0.00000
0.00000
0.00000
0.00000
0.00000
0.00000
0.00000
0.00000
0.00000
0.00000
0.00000
0.00000
0.00000
0.00000
0.00000
0.00000
0.00000
0.00000
0.00000
0.00000
0.00000
0.00000
0.00000
0.00000
0.00000
0.00000
0.00000
0.00000
0.00000
0.00000
0.00000
0.00000
0.00000
0.00000
0.00000
0.00000
0.00000
0.00000
0.00000
0.00000
0.00000
0.00000
0.00000
0.00000
0.00000
0.00000
0.00000
0.00000
0.00000
0.00000
0.00000
0.00000
0.00000
0.00000
0.00000
0.00000
0.00000
0.00000
0.00000
0.00000
0.00000
0.00000
0.00000
0.00000
0.00000
0.00000
0.00000
0.00000
0.00000
0.00000
0.00000
0.00000
0.00000
0.00000
0.00000
0.00000
0.00000
0.00000
0.00000
0.00000
0.00000
0.00000
0.00000
0.00000
0.00000
0.00000
0.00000
0.00000
0.00000
0.00000
0.00000
0.00000
0.00000
0.00000
0.00000
0.00000
0.00000
0.00000
0.00000
0.00000
0.00000
0.00000
0.00000
0.00000
0.00000
0.00000
0.00000
0.00000
0.00000
0.00000
0.00000
0.00000
0.00000
0.00000
0.00000
0.00000
0.00000
0.00000
0.00000
0.00000
0.00000
