-0.00003
-0.00012
-0.00024
-0.00024
-0.00027
-0.00040
-0.00034
-0.00021
-0.00015
-0.00021
-0.00018
-0.00012
-0.00021
-0.00018
-0.00021
-0.00021
-0.00018
-0.00024
-0.00031
-0.00024
-0.00024
-0.00031
-0.00027
-0.00024
-0.00024
-0.00021
-0.00018
-0.00009
-0.00015
-0.00015
-0.00024
-0.00024
-0.00021
-0.00024
-0.00024
-0.00024
-0.00018
-0.00012
-0.00018
-0.00018
-0.00015
-0.00021
-0.00021
-0.00015
-0.00018
-0.00015
-0.00012
-0.00012
-0.00015
-0.00021
-0.00031
-0.00027
-0.00021
-0.00009
-0.00037
-0.00031
-0.00009
-0.00027
-0.00015
-0.00015
-0.00012
-0.00015
-0.00021
-0.00015
-0.00012
-0.00018
-0.00021
-0.00018
-0.00024
-0.00018
-0.00012
-0.00012
-0.00006
-0.00003
-0.00015
-0.00018
-0.00015
-0.00027
-0.00021
-0.00015
-0.00009
-0.00015
-0.00015
-0.00012
-0.00015
-0.00015
-0.00015
-0.00018
-0.00024
-0.00031
-0.00024
-0.00015
-0.00015
-0.00024
-0.00024
-0.00015
-0.00012
-0.00018
-0.00018
-0.00006
-0.00015
-0.00027
-0.00015
-0.00012
-0.00021
-0.00024
-0.00012
-0.00012
-0.00018
-0.00018
-0.00015
-0.00018
-0.00024
-0.00024
-0.00018
-0.00009
-0.00009
-0.00012
-0.00009
-0.00012
-0.00018
-0.00018
-0.00012
-0.00012
-0.00015
-0.00009
-0.00006
-0.00009
-0.00018
-0.00024
-0.00024
-0.00021
-0.00015
-0.00012
-0.00012
-0.00006
-0.00003
-0.00015
-0.00015
-0.00015
-0.00027
-0.00031
-0.00031
-0.00012
-0.00009
-0.00015
-0.00009
-0.00003
-0.00009
-0.00015
-0.00009
-0.00015
-0.00018
-0.00021
-0.00012
-0.00006
-0.00012
-0.00012
-0.00015
-0.00015
-0.00018
-0.00031
-0.00021
-0.00015
-0.00015
-0.00012
-0.00012
-0.00009
-0.00003
-0.00012
0.00003
-0.00024
0.00021
-0.00089
0.00098
-0.00204
0.00223
-0.00388
0.00467
-0.00711
0.00824
-0.09427
-0.16815
0.03882
0.00006
-0.01294
0.03650
0.08826
0.13376
0.09216
-0.00046
-0.04340
-0.03296
-0.07578
-0.04413
0.00354
0.02744
0.00256
0.01703
0.03470
0.02411
0.01801
-0.01443
-0.03860
-0.01160
0.01224
0.00830
0.00262
0.00473
0.00049
-0.00171
-0.00131
-0.00473
-0.00485
0.00058
0.00702
0.00070
0.00235
0.01144
0.00711
-0.00360
0.00250
0.00085
-0.00555
-0.00412
-0.00375
-0.00323
0.00183
0.00192
-0.00348
0.00085
0.00821
0.00369
-0.00177
0.00275
0.00284
-0.00217
-0.00012
0.00241
0.00012
-0.00226
-0.00330
-0.00192
0.00027
0.00137
-0.00183
-0.00189
0.00085
-0.00067
-0.00107
0.00000
0.00140
-0.00021
-0.00156
0.00122
0.00043
-0.00134
-0.00204
-0.00311
-0.00195
-0.00174
-0.00067
-0.00113
-0.00073
0.00110
0.00003
0.00003
-0.00015
-0.00153
-0.00034
-0.00018
-0.00156
-0.00119
-0.00061
0.00024
-0.00067
-0.00070
-0.00131
-0.00220
-0.00180
-0.00192
-0.00220
-0.00232
-0.00137
0.00034
-0.00006
0.00006
0.00027
0.00113
0.00156
0.00052
-0.00003
-0.00040
-0.00113
-0.00235
-0.00226
-0.00150
-0.00266
-0.00320
-0.00156
-0.00061
-0.00043
-0.00024
0.00009
0.00043
-0.00024
0.00000
0.00000
0.00000
0.00000
0.00000
0.00000
0.00000
0.00000
0.00000
0.00000
0.00000
0.00000
0.00000
0.00000
0.00000
0.00000
0.00000
0.00000
0.00000
0.00000
0.00000
0.00000
0.00000
0.00000
0.00000
0.00000
0.00000
0.00000
0.00000
0.00000
0.00000
0.00000
0.00000
0.00000
0.00000
0.00000
0.00000
0.00000
0.00000
0.00000
0.00000
0.00000
0.00000
0.00000
0.00000
0.00000
0.00000
0.00000
0.00000
0.00000
0.00000
0.00000
0.00000
0.00000
0.00000
0.00000
0.00000
0.00000
0.00000
0.00000
0.00000
0.00000
0.00000
0.00000
0.00000
0.00000
0.00000
0.00000
0.00000
0.00000
0.00000
0.00000
0.00000
0.00000
0.00000
0.00000
0.00000
0.00000
0.00000
0.00000
0.00000
0.00000
0.00000
0.00000
0.00000
0.00000
0.00000
0.00000
0.00000
0.00000
0.00000
0.00000
0.00000
0.00000
0.00000
0.00000
0.00000
0.00000
0.00000
0.00000
0.00000
0.00000
0.00000
0.00000
0.00000
0.00000
0.00000
0.00000
0.00000
0.00000
0.00000
0.00000
0.00000
0.00000
0.00000
0.00000
0.00000
0.00000
0.00000
0.00000
0.00000
0.00000
0.00000
0.00000
0.00000
0.00000
0.00000
0.00000
0.00000
0.00000
0.00000
0.00000
0.00000
0.00000
0.00000
0.00000
0.00000
0.00000
0.00000
0.00000
0.00000
0.00000
0.00000
0.00000
0.00000
0.00000
0.00000
0.00000
0.00000
0.00000
0.00000
0.00000
0.00000
0.00000
0.00000
0.00000
0.00000
0.00000
0.00000
0.00000
0.00000
0.00000
0.00000
0.00000
0.00000
0.00000
0.00000
0.00000
0.00000
0.00000
0.00000
0.00000
0.00000
0.00000
0.00000
0.00000
0.00000
0.00000
0.00000
0.00000
0.00000
0.00000
0.00000
0.00000
0.00000
0.00000
0.00000
0.00000
0.00000
0.00000
0.00000
0.00000
0.00000
0.00000
0.00000
0.00000
0.00000
0.00000
0.00000
0.00000
0.00000
0.00000
0.00000
0.00000
0.00000
0.00000
