-0.00012
-0.00012
-0.00003
0.00000
-0.00006
0.00000
0.00000
0.00000
-0.00006
-0.00015
-0.00024
-0.00024
-0.00015
-0.00021
-0.00009
-0.00003
-0.00006
-0.00003
0.00003
-0.00009
-0.00009
0.00000
-0.00006
-0.00015
-0.00012
-0.00003
-0.00006
-0.00015
-0.00009
-0.00009
-0.00012
-0.00015
-0.00009
-0.00003
-0.00006
-0.00018
-0.00009
0.00000
0.00000
0.00000
-0.00009
-0.00006
-0.00009
-0.00018
-0.00012
-0.00009
-0.00006
-0.00009
0.00000
0.00000
0.00000
0.00000
0.00009
-0.00024
-0.00003
0.00003
-0.00015
-0.00006
-0.00009
0.00000
0.00000
0.00000
-0.00003
0.00000
-0.00015
-0.00012
-0.00009
-0.00009
-0.00006
-0.00006
-0.00003
0.00003
0.00003
-0.00006
-0.00006
-0.00006
-0.00015
-0.00015
-0.00006
0.00000
0.00000
0.00006
0.00006
0.00003
0.00000
-0.00003
-0.00006
-0.00012
-0.00018
-0.00009
0.00003
0.00000
-0.00006
0.00000
0.00000
-0.00006
-0.00012
-0.00018
-0.00006
-0.00018
-0.00018
0.00000
-0.00003
0.00000
0.00000
0.00006
0.00003
0.00003
-0.00003
-0.00015
0.00000
-0.00003
-0.00003
0.00003
0.00006
0.00006
0.00000
0.00006
0.00003
-0.00006
-0.00012
-0.00009
-0.00012
-0.00012
-0.00006
-0.00006
-0.00003
-0.00003
-0.00009
-0.00009
-0.00003
-0.00009
-0.00009
-0.00012
-0.00006
-0.00006
-0.00015
-0.00009
-0.00009
-0.00009
-0.00012
-0.00015
-0.00003
0.00000
-0.00003
-0.00003
0.00000
0.00000
-0.00006
0.00000
-0.00006
-0.00009
-0.00012
-0.00009
-0.00009
-0.00009
-0.00006
-0.00009
-0.00003
-0.00006
-0.00009
0.00000
-0.00003
-0.00006
-0.00009
-0.00015
-0.00018
-0.00009
-0.00012
0.00000
-0.00015
0.00021
-0.00076
0.00113
-0.00223
0.00305
-0.00504
0.00711
-0.01065
0.01312
-0.11136
-0.10220
0.06702
-0.03101
0.00171
-0.00452
0.03976
0.06522
0.07916
-0.00540
0.00150
0.01413
-0.04251
-0.01346
0.02240
0.02090
-0.01340
-0.00558
-0.01147
0.00677
0.03265
-0.00528
-0.02069
0.01596
0.00656
-0.00406
0.00333
0.00278
-0.00589
-0.00125
-0.00305
-0.00125
0.00748
0.00494
0.00137
-0.00330
0.00092
0.00073
-0.00150
-0.00388
0.00699
0.00406
0.00235
0.00204
-0.00253
-0.00439
0.00427
0.00061
-0.00467
-0.00201
0.00098
-0.00034
0.00140
0.00470
0.00104
-0.00012
0.00168
0.00070
0.00107
0.00000
-0.00137
-0.00122
-0.00046
0.00000
-0.00186
-0.00079
-0.00006
-0.00238
-0.00168
-0.00076
0.00101
-0.00064
0.00015
0.00174
0.00095
-0.00006
-0.00168
-0.00311
-0.00201
-0.00186
-0.00073
-0.00192
-0.00098
-0.00052
-0.00027
0.00031
-0.00125
-0.00217
0.00012
0.00101
-0.00006
-0.00070
-0.00092
-0.00064
-0.00018
-0.00024
-0.00214
-0.00272
-0.00189
-0.00079
-0.00122
-0.00159
-0.00174
-0.00095
-0.00073
-0.00021
-0.00031
0.00052
0.00034
0.00006
0.00055
0.00070
-0.00018
-0.00156
-0.00153
-0.00150
-0.00217
-0.00226
-0.00180
-0.00153
-0.00119
-0.00064
-0.00034
-0.00043
-0.00015
0.00000
0.00000
0.00000
0.00000
0.00000
0.00000
0.00000
0.00000
0.00000
0.00000
0.00000
0.00000
0.00000
0.00000
0.00000
0.00000
0.00000
0.00000
0.00000
0.00000
0.00000
0.00000
0.00000
0.00000
0.00000
0.00000
0.00000
0.00000
0.00000
0.00000
0.00000
0.00000
0.00000
0.00000
0.00000
0.00000
0.00000
0.00000
0.00000
0.00000
0.00000
0.00000
0.00000
0.00000
0.00000
0.00000
0.00000
0.00000
0.00000
0.00000
0.00000
0.00000
0.00000
0.00000
0.00000
0.00000
0.00000
0.00000
0.00000
0.00000
0.00000
0.00000
0.00000
0.00000
0.00000
0.00000
0.00000
0.00000
0.00000
0.00000
0.00000
0.00000
0.00000
0.00000
0.00000
0.00000
0.00000
0.00000
0.00000
0.00000
0.00000
0.00000
0.00000
0.00000
0.00000
0.00000
0.00000
0.00000
0.00000
0.00000
0.00000
0.00000
0.00000
0.00000
0.00000
0.00000
0.00000
0.00000
0.00000
0.00000
0.00000
0.00000
0.00000
0.00000
0.00000
0.00000
0.00000
0.00000
0.00000
0.00000
0.00000
0.00000
0.00000
0.00000
0.00000
0.00000
0.00000
0.00000
0.00000
0.00000
0.00000
0.00000
0.00000
0.00000
0.00000
0.00000
0.00000
0.00000
0.00000
0.00000
0.00000
0.00000
0.00000
0.00000
0.00000
0.00000
0.00000
0.00000
0.00000
0.00000
0.00000
0.00000
0.00000
0.00000
0.00000
0.00000
0.00000
0.00000
0.00000
0.00000
0.00000
0.00000
0.00000
0.00000
0.00000
0.00000
0.00000
0.00000
0.00000
0.00000
0.00000
0.00000
0.00000
0.00000
0.00000
0.00000
0.00000
0.00000
0.00000
0.00000
0.00000
0.00000
0.00000
0.00000
0.00000
0.00000
0.00000
0.00000
0.00000
0.00000
0.00000
0.00000
0.00000
0.00000
0.00000
0.00000
0.00000
0.00000
0.00000
0.00000
0.00000
0.00000
0.00000
0.00000
0.00000
0.00000
0.00000
0.00000
0.00000
0.00000
0.00000
0.00000
0.00000
0.00000
0.00000
0.00000
0.00000
