0.00003
0.00009
0.00012
0.00009
0.00006
0.00003
0.00006
0.00000
0.00003
0.00006
0.00006
0.00000
0.00012
0.00006
0.00000
0.00006
0.00009
0.00006
0.00015
0.00015
0.00006
0.00009
0.00009
0.00003
0.00000
0.00000
0.00006
0.00006
0.00015
0.00012
0.00006
0.00009
0.00003
0.00006
0.00009
0.00000
0.00003
0.00000
0.00000
0.00006
0.00009
0.00006
0.00012
0.00009
0.00006
0.00003
0.00006
0.00009
0.00009
0.00003
0.00012
0.00009
0.00021
0.00000
0.00000
0.00031
-0.00003
0.00003
0.00003
0.00003
0.00003
0.00003
0.00006
0.00012
0.00006
0.00009
0.00015
0.00003
0.00003
0.00009
0.00003
0.00009
0.00012
0.00006
0.00006
0.00012
0.00000
0.00000
0.00009
0.00006
0.00003
0.00009
0.00015
0.00006
0.00000
0.00006
0.00000
0.00000
0.00000
0.00000
0.00009
0.00006
0.00000
0.00000
0.00000
0.00000
-0.00006
-0.00006
0.00006
0.00006
0.00000
0.00012
0.00006
0.00003
0.00003
0.00000
-0.00003
-0.00003
-0.00003
-0.00006
0.00003
0.00006
0.00000
0.00000
0.00006
0.00000
-0.00003
0.00000
0.00000
0.00000
0.00000
0.00006
0.00006
0.00000
0.00003
-0.00003
0.00000
-0.00003
-0.00012
-0.00012
-0.00003
0.00000
-0.00003
0.00000
0.00006
0.00009
-0.00003
0.00000
0.00000
-0.00006
-0.00003
-0.00009
0.00000
0.00003
0.00000
-0.00003
0.00000
0.00000
0.00000
0.00000
-0.00003
-0.00003
-0.00006
-0.00006
0.00000
-0.00009
-0.00006
-0.00006
-0.00003
0.00000
-0.00012
-0.00006
-0.00006
-0.00009
-0.00009
-0.00009
-0.00006
0.00000
-0.00021
0.00006
-0.00040
0.00037
-0.00116
0.00125
-0.00211
0.00241
-0.00342
0.00397
-0.00516
0.00659
-0.05569
-0.17871
0.04413
0.00723
-0.02271
0.01474
0.03217
0.09882
0.09705
0.01874
-0.02319
0.00378
-0.04565
-0.04636
-0.00027
0.03232
-0.00879
0.00369
0.00958
0.01187
0.03003
0.00638
-0.03442
-0.00455
0.00974
0.00061
0.00116
0.00433
-0.00461
-0.00140
0.00525
0.00006
-0.00055
0.00116
0.00208
-0.00143
0.00162
0.00363
0.00269
-0.00464
0.00266
0.00327
0.00021
0.00226
-0.00082
-0.00610
0.00058
0.00247
-0.00244
-0.00040
0.00195
0.00049
-0.00171
0.00360
0.00311
-0.00012
0.00098
0.00177
0.00000
-0.00110
-0.00201
-0.00067
-0.00110
-0.00031
-0.00171
-0.00116
0.00137
-0.00192
-0.00220
-0.00027
0.00085
-0.00055
-0.00220
0.00143
0.00137
-0.00067
-0.00143
-0.00357
-0.00174
-0.00171
-0.00101
-0.00116
-0.00192
0.00043
-0.00067
0.00009
-0.00076
-0.00244
-0.00037
0.00073
-0.00055
-0.00085
-0.00113
-0.00015
-0.00070
-0.00031
-0.00177
-0.00293
-0.00198
-0.00098
-0.00177
-0.00253
-0.00259
-0.00058
-0.00009
-0.00003
-0.00012
0.00024
0.00092
-0.00003
0.00012
0.00058
-0.00027
-0.00229
-0.00293
-0.00171
-0.00162
-0.00244
-0.00217
-0.00198
-0.00101
-0.00015
0.00015
-0.00021
-0.00055
0.00000
0.00000
0.00000
0.00000
0.00000
0.00000
0.00000
0.00000
0.00000
0.00000
0.00000
0.00000
0.00000
0.00000
0.00000
0.00000
0.00000
0.00000
0.00000
0.00000
0.00000
0.00000
0.00000
0.00000
0.00000
0.00000
0.00000
0.00000
0.00000
0.00000
0.00000
0.00000
0.00000
0.00000
0.00000
0.00000
0.00000
0.00000
0.00000
0.00000
0.00000
0.00000
0.00000
0.00000
0.00000
0.00000
0.00000
0.00000
0.00000
0.00000
0.00000
0.00000
0.00000
0.00000
0.00000
0.00000
0.00000
0.00000
0.00000
0.00000
0.00000
0.00000
0.00000
0.00000
0.00000
0.00000
0.00000
0.00000
0.00000
0.00000
0.00000
0.00000
0.00000
0.00000
0.00000
0.00000
0.00000
0.00000
0.00000
0.00000
0.00000
0.00000
0.00000
0.00000
0.00000
0.00000
0.00000
0.00000
0.00000
0.00000
0.00000
0.00000
0.00000
0.00000
0.00000
0.00000
0.00000
0.00000
0.00000
0.00000
0.00000
0.00000
0.00000
0.00000
0.00000
0.00000
0.00000
0.00000
0.00000
0.00000
0.00000
0.00000
0.00000
0.00000
0.00000
0.00000
0.00000
0.00000
0.00000
0.00000
0.00000
0.00000
0.00000
0.00000
0.00000
0.00000
0.00000
0.00000
0.00000
0.00000
0.00000
0.00000
0.00000
0.00000
0.00000
0.00000
0.00000
0.00000
0.00000
0.00000
0.00000
0.00000
0.00000
0.00000
0.00000
0.00000
0.00000
0.00000
0.00000
0.00000
0.00000
0.00000
0.00000
0.00000
0.00000
0.00000
0.00000
0.00000
0.00000
0.00000
0.00000
0.00000
0.00000
0.00000
0.00000
0.00000
0.00000
0.00000
0.00000
0.00000
0.00000
0.00000
0.00000
0.00000
0.00000
0.00000
0.00000
0.00000
0.00000
0.00000
0.00000
0.00000
0.00000
0.00000
0.00000
0.00000
0.00000
0.00000
0.00000
0.00000
0.00000
0.00000
0.00000
0.00000
0.00000
0.00000
0.00000
0.00000
0.00000
0.00000
0.00000
0.00000
0.00000
0.00000
0.00000
0.00000
0.00000
