-0.00024
-0.00024
-0.00024
-0.00031
-0.00031
-0.00031
-0.00027
-0.00027
-0.00031
-0.00031
-0.00027
-0.00027
-0.00031
-0.00037
-0.00037
-0.00034
-0.00027
-0.00021
-0.00024
-0.00024
-0.00027
-0.00024
-0.00031
-0.00034
-0.00034
-0.00031
-0.00027
-0.00024
-0.00024
-0.00024
-0.00034
-0.00040
-0.00040
-0.00037
-0.00040
-0.00040
-0.00037
-0.00031
-0.00027
-0.00027
-0.00024
-0.00031
-0.00031
-0.00031
-0.00031
-0.00031
-0.00031
-0.00034
-0.00037
-0.00037
-0.00034
-0.00037
-0.00037
-0.00037
-0.00034
-0.00034
-0.00031
-0.00027
-0.00027
-0.00027
-0.00031
-0.00031
-0.00037
-0.00034
-0.00037
-0.00046
-0.00037
-0.00034
-0.00034
-0.00037
-0.00034
-0.00034
-0.00040
-0.00037
-0.00031
-0.00031
-0.00027
-0.00031
-0.00031
-0.00034
-0.00031
-0.00037
-0.00037
-0.00037
-0.00037
-0.00037
-0.00037
-0.00031
-0.00031
-0.00034
-0.00031
-0.00034
-0.00037
-0.00034
-0.00034
-0.00034
-0.00027
-0.00027
-0.00031
-0.00031
-0.00034
-0.00037
-0.00040
-0.00034
-0.00037
-0.00040
-0.00034
-0.00031
-0.00031
-0.00031
-0.00027
-0.00027
-0.00031
-0.00031
-0.00034
-0.00037
-0.00034
-0.00034
-0.00034
-0.00031
-0.00031
-0.00031
-0.00024
-0.00021
-0.00027
-0.00031
-0.00031
-0.00031
-0.00031
-0.00034
-0.00031
-0.00031
-0.00034
-0.00034
-0.00031
-0.00027
-0.00027
-0.00034
-0.00027
-0.00027
-0.00027
-0.00027
-0.00027
-0.00031
-0.00034
-0.00031
-0.00027
-0.00027
-0.00027
-0.00027
-0.00034
-0.00034
-0.00034
-0.00037
-0.00034
-0.00034
-0.00031
-0.00027
-0.00027
-0.00031
-0.00027
-0.00021
-0.00027
-0.00024
-0.00024
-0.00024
-0.00034
-0.00031
-0.00024
-0.00024
-0.00027
-0.00031
-0.00027
-0.00024
-0.00024
-0.00021
-0.00021
-0.00027
-0.00024
-0.00027
-0.00027
-0.00034
-0.00024
-0.00049
-0.00018
-0.00043
-0.00003
-0.00040
-0.00003
-0.00049
-0.00034
-0.00726
-0.04977
-0.04260
-0.01813
-0.00388
0.00150
0.00443
0.02335
0.02823
0.03427
0.04102
0.02383
0.00302
-0.01700
-0.02634
-0.01022
-0.00879
-0.01093
-0.00607
0.00443
0.00543
0.00937
0.01379
0.00650
0.00345
0.00333
-0.00177
-0.00159
-0.00076
-0.00620
-0.00461
0.00140
-0.00009
-0.00281
0.00119
0.00159
0.00089
0.00388
0.00354
0.00153
0.00192
0.00049
-0.00031
0.00064
0.00076
-0.00119
-0.00180
-0.00061
0.00040
0.00000
-0.00024
0.00073
0.00125
0.00198
0.00229
0.00122
0.00040
0.00168
0.00229
0.00128
0.00006
-0.00037
-0.00162
-0.00165
-0.00067
-0.00043
0.00000
-0.00031
-0.00055
-0.00006
0.00089
0.00110
0.00049
0.00052
0.00021
-0.00067
-0.00070
-0.00064
-0.00085
-0.00159
-0.00189
-0.00119
-0.00140
-0.00110
-0.00037
0.00055
0.00092
0.00003
-0.00031
0.00000
0.00021
-0.00012
-0.00076
-0.00067
-0.00089
-0.00082
-0.00079
-0.00134
-0.00171
-0.00150
-0.00079
-0.00082
-0.00116
-0.00098
-0.00082
-0.00031
-0.00003
0.00000
0.00018
0.00006
0.00012
0.00006
0.00000
0.00000
0.00000
0.00000
0.00000
0.00000
0.00000
0.00000
0.00000
0.00000
0.00000
0.00000
0.00000
0.00000
0.00000
0.00000
0.00000
0.00000
0.00000
0.00000
0.00000
0.00000
0.00000
0.00000
0.00000
0.00000
0.00000
0.00000
0.00000
0.00000
0.00000
0.00000
0.00000
0.00000
0.00000
0.00000
0.00000
0.00000
0.00000
0.00000
0.00000
0.00000
0.00000
0.00000
0.00000
0.00000
0.00000
0.00000
0.00000
0.00000
0.00000
0.00000
0.00000
0.00000
0.00000
0.00000
0.00000
0.00000
0.00000
0.00000
0.00000
0.00000
0.00000
0.00000
0.00000
0.00000
0.00000
0.00000
0.00000
0.00000
0.00000
0.00000
0.00000
0.00000
0.00000
0.00000
0.00000
0.00000
0.00000
0.00000
0.00000
0.00000
0.00000
0.00000
0.00000
0.00000
0.00000
0.00000
0.00000
0.00000
0.00000
0.00000
0.00000
0.00000
0.00000
0.00000
0.00000
0.00000
0.00000
0.00000
0.00000
0.00000
0.00000
0.00000
0.00000
0.00000
0.00000
0.00000
0.00000
0.00000
0.00000
0.00000
0.00000
0.00000
0.00000
0.00000
0.00000
0.00000
0.00000
0.00000
0.00000
0.00000
0.00000
0.00000
0.00000
0.00000
0.00000
0.00000
0.00000
0.00000
0.00000
0.00000
0.00000
0.00000
0.00000
0.00000
0.00000
0.00000
0.00000
0.00000
0.00000
0.00000
0.00000
0.00000
0.00000
0.00000
0.00000
0.00000
0.00000
0.00000
0.00000
0.00000
0.00000
0.00000
0.00000
0.00000
0.00000
0.00000
0.00000
0.00000
0.00000
0.00000
0.00000
0.00000
0.00000
0.00000
0.00000
0.00000
0.00000
0.00000
0.00000
0.00000
0.00000
0.00000
0.00000
0.00000
0.00000
0.00000
0.00000
0.00000
0.00000
0.00000
0.00000
0.00000
0.00000
0.00000
0.00000
0.00000
0.00000
0.00000
0.00000
0.00000
0.00000
0.00000
0.00000
0.00000
0.00000
0.00000
0.00000
0.00000
0.00000
0.00000
0.00000
0.00000
0.00000
0.00000
0.00000
0.00000
0.00000
