-0.00021
-0.00027
-0.00024
-0.00024
-0.00021
-0.00012
-0.00012
-0.00009
-0.00006
-0.00012
-0.00015
-0.00018
-0.00018
-0.00018
-0.00018
-0.00021
-0.00021
-0.00021
-0.00018
-0.00018
-0.00015
-0.00009
-0.00009
-0.00006
-0.00003
-0.00006
-0.00006
-0.00009
-0.00015
-0.00015
-0.00015
-0.00012
-0.00012
-0.00009
-0.00009
-0.00012
-0.00012
-0.00015
-0.00015
-0.00015
-0.00009
-0.00009
-0.00009
-0.00006
-0.00009
-0.00009
-0.00009
-0.00012
-0.00015
-0.00009
-0.00012
-0.00012
-0.00006
-0.00009
-0.00012
-0.00015
-0.00012
-0.00012
-0.00012
-0.00006
-0.00009
-0.00009
-0.00012
-0.00012
-0.00012
-0.00015
-0.00015
-0.00012
-0.00012
-0.00009
-0.00009
-0.00006
-0.00006
-0.00012
-0.00009
-0.00012
-0.00009
-0.00012
-0.00012
-0.00012
-0.00015
-0.00021
-0.00018
-0.00015
-0.00015
-0.00012
-0.00006
-0.00003
-0.00003
-0.00006
-0.00009
-0.00012
-0.00015
-0.00018
-0.00018
-0.00018
-0.00018
-0.00015
-0.00015
-0.00012
-0.00012
-0.00006
-0.00006
-0.00009
-0.00009
-0.00006
-0.00003
-0.00012
-0.00018
-0.00015
-0.00018
-0.00021
-0.00021
-0.00015
-0.00012
-0.00009
-0.00009
-0.00006
-0.00003
-0.00009
-0.00009
-0.00009
-0.00012
-0.00015
-0.00015
-0.00015
-0.00015
-0.00015
-0.00015
-0.00009
-0.00009
-0.00009
-0.00009
-0.00009
-0.00012
-0.00015
-0.00015
-0.00015
-0.00015
-0.00015
-0.00015
-0.00012
-0.00012
-0.00009
-0.00012
-0.00009
-0.00009
-0.00009
-0.00009
-0.00012
-0.00012
-0.00012
-0.00012
-0.00015
-0.00012
-0.00012
-0.00015
-0.00012
-0.00006
-0.00009
-0.00012
-0.00009
-0.00009
-0.00009
-0.00009
-0.00009
-0.00009
-0.00012
-0.00012
-0.00006
-0.00012
-0.00015
-0.00015
-0.00009
-0.00012
-0.00012
-0.00012
-0.00012
-0.00012
-0.00015
-0.00015
-0.00009
-0.00018
-0.00018
-0.00012
-0.00015
-0.00012
-0.00009
0.00000
-0.00003
0.00000
-0.00015
-0.00006
-0.00018
-0.00012
-0.00015
-0.00034
0.00027
-0.00076
-0.00336
-0.03241
-0.01978
-0.01355
-0.01297
0.00070
-0.00534
0.01901
0.03821
0.02542
0.00372
0.00238
-0.00470
-0.01657
-0.01175
-0.00302
-0.00473
0.00406
0.00092
0.00049
0.01538
0.01059
-0.00522
-0.00220
0.00113
-0.00119
0.00201
0.00388
0.00119
0.00369
0.00153
-0.00458
-0.00058
0.00186
-0.00256
-0.00110
0.00272
0.00253
0.00302
0.00403
0.00211
0.00119
0.00201
0.00058
-0.00061
-0.00110
-0.00208
-0.00064
0.00113
0.00146
0.00015
0.00024
0.00082
0.00116
0.00143
0.00171
0.00162
0.00098
0.00021
0.00012
-0.00055
-0.00049
-0.00015
0.00034
-0.00012
-0.00027
0.00000
-0.00009
0.00040
0.00067
-0.00015
-0.00021
-0.00064
0.00003
0.00052
0.00046
0.00000
-0.00098
-0.00073
-0.00067
-0.00076
-0.00119
-0.00137
-0.00067
-0.00027
0.00009
-0.00034
-0.00085
-0.00061
-0.00043
0.00000
0.00034
-0.00034
-0.00119
-0.00137
-0.00058
-0.00031
-0.00085
-0.00125
-0.00146
-0.00085
-0.00046
-0.00107
-0.00125
-0.00089
-0.00040
-0.00049
-0.00082
-0.00070
-0.00024
0.00018
0.00000
-0.00021
-0.00031
0.00000
0.00000
0.00000
0.00000
0.00000
0.00000
0.00000
0.00000
0.00000
0.00000
0.00000
0.00000
0.00000
0.00000
0.00000
0.00000
0.00000
0.00000
0.00000
0.00000
0.00000
0.00000
0.00000
0.00000
0.00000
0.00000
0.00000
0.00000
0.00000
0.00000
0.00000
0.00000
0.00000
0.00000
0.00000
0.00000
0.00000
0.00000
0.00000
0.00000
0.00000
0.00000
0.00000
0.00000
0.00000
0.00000
0.00000
0.00000
0.00000
0.00000
0.00000
0.00000
0.00000
0.00000
0.00000
0.00000
0.00000
0.00000
0.00000
0.00000
0.00000
0.00000
0.00000
0.00000
0.00000
0.00000
0.00000
0.00000
0.00000
0.00000
0.00000
0.00000
0.00000
0.00000
0.00000
0.00000
0.00000
0.00000
0.00000
0.00000
0.00000
0.00000
0.00000
0.00000
0.00000
0.00000
0.00000
0.00000
0.00000
0.00000
0.00000
0.00000
0.00000
0.00000
0.00000
0.00000
0.00000
0.00000
0.00000
0.00000
0.00000
0.00000
0.00000
0.00000
0.00000
0.00000
0.00000
0.00000
0.00000
0.00000
0.00000
0.00000
0.00000
0.00000
0.00000
0.00000
0.00000
0.00000
0.00000
0.00000
0.00000
0.00000
0.00000
0.00000
0.00000
0.00000
0.00000
0.00000
0.00000
0.00000
0.00000
0.00000
0.00000
0.00000
0.00000
0.00000
0.00000
0.00000
0.00000
0.00000
0.00000
0.00000
0.00000
0.00000
0.00000
0.00000
0.00000
0.00000
0.00000
0.00000
0.00000
0.00000
0.00000
0.00000
0.00000
0.00000
0.00000
0.00000
0.00000
0.00000
0.00000
0.00000
0.00000
0.00000
0.00000
0.00000
0.00000
0.00000
0.00000
0.00000
0.00000
0.00000
0.00000
0.00000
0.00000
0.00000
0.00000
0.00000
0.00000
0.00000
0.00000
0.00000
0.00000
0.00000
0.00000
0.00000
0.00000
0.00000
0.00000
0.00000
0.00000
0.00000
0.00000
0.00000
0.00000
0.00000
0.00000
0.00000
0.00000
