-0.00003
-0.00003
0.00000
0.00000
-0.00003
-0.00003
-0.00006
0.00000
0.00000
-0.00003
-0.00006
-0.00009
-0.00006
-0.00009
-0.00006
-0.00006
-0.00006
-0.00003
-0.00006
-0.00006
-0.00006
-0.00006
-0.00009
-0.00012
-0.00012
-0.00012
-0.00009
-0.00009
-0.00012
-0.00009
-0.00012
-0.00009
-0.00009
-0.00009
-0.00012
-0.00015
-0.00012
-0.00012
-0.00012
-0.00012
-0.00012
-0.00015
-0.00012
-0.00015
-0.00012
-0.00012
-0.00015
-0.00015
-0.00018
-0.00015
-0.00015
-0.00018
-0.00015
-0.00012
-0.00015
-0.00018
-0.00018
-0.00015
-0.00018
-0.00024
-0.00021
-0.00021
-0.00018
-0.00024
-0.00021
-0.00015
-0.00015
-0.00018
-0.00018
-0.00018
-0.00021
-0.00024
-0.00024
-0.00024
-0.00024
-0.00024
-0.00024
-0.00021
-0.00021
-0.00018
-0.00021
-0.00021
-0.00021
-0.00024
-0.00024
-0.00024
-0.00024
-0.00024
-0.00027
-0.00024
-0.00024
-0.00024
-0.00024
-0.00027
-0.00027
-0.00024
-0.00024
-0.00027
-0.00024
-0.00027
-0.00027
-0.00031
-0.00034
-0.00031
-0.00031
-0.00034
-0.00027
-0.00021
-0.00024
-0.00024
-0.00024
-0.00027
-0.00031
-0.00034
-0.00034
-0.00027
-0.00027
-0.00034
-0.00031
-0.00027
-0.00027
-0.00027
-0.00027
-0.00031
-0.00037
-0.00034
-0.00027
-0.00034
-0.00037
-0.00034
-0.00031
-0.00034
-0.00034
-0.00031
-0.00031
-0.00034
-0.00034
-0.00034
-0.00034
-0.00034
-0.00034
-0.00034
-0.00031
-0.00034
-0.00034
-0.00034
-0.00037
-0.00037
-0.00040
-0.00043
-0.00040
-0.00040
-0.00037
-0.00031
-0.00034
-0.00034
-0.00031
-0.00034
-0.00037
-0.00034
-0.00037
-0.00040
-0.00040
-0.00040
-0.00040
-0.00040
-0.00037
-0.00037
-0.00037
-0.00034
-0.00034
-0.00034
-0.00031
-0.00034
-0.00037
-0.00040
-0.00040
-0.00040
-0.00037
-0.00037
-0.00034
-0.00037
-0.00043
-0.00037
-0.00046
-0.00043
-0.00040
-0.00034
-0.00034
-0.00037
-0.00034
-0.00034
-0.00034
-0.00034
-0.00046
-0.00031
-0.00049
-0.00027
-0.00061
-0.00009
-0.00098
-0.00037
-0.00845
-0.01572
-0.01483
-0.01685
-0.01028
-0.01038
-0.00958
-0.00177
0.01819
0.02328
0.01694
0.01172
0.00522
-0.00134
-0.00446
-0.00525
-0.00473
-0.00259
-0.00403
-0.00192
0.00641
0.00870
0.00381
0.00189
0.00098
-0.00098
-0.00070
-0.00116
-0.00143
0.00110
0.00156
-0.00079
-0.00037
0.00131
0.00104
0.00165
0.00247
0.00146
0.00043
0.00055
0.00061
0.00015
-0.00003
0.00067
0.00186
0.00174
0.00024
-0.00143
-0.00153
-0.00070
0.00052
0.00070
0.00079
0.00089
0.00049
0.00024
0.00043
0.00046
0.00037
0.00031
0.00000
0.00024
0.00064
0.00018
-0.00043
-0.00055
-0.00015
-0.00082
-0.00104
-0.00040
0.00058
0.00064
-0.00003
-0.00064
-0.00082
-0.00046
-0.00040
-0.00021
-0.00049
-0.00107
-0.00107
-0.00058
-0.00058
-0.00131
-0.00143
-0.00116
-0.00055
-0.00012
-0.00031
-0.00046
-0.00037
-0.00018
-0.00027
-0.00098
-0.00156
-0.00113
-0.00064
-0.00085
-0.00153
-0.00137
-0.00073
-0.00034
-0.00110
-0.00189
-0.00174
-0.00098
-0.00052
-0.00064
-0.00046
-0.00024
-0.00021
0.00000
0.00000
0.00000
0.00000
0.00000
0.00000
0.00000
0.00000
0.00000
0.00000
0.00000
0.00000
0.00000
0.00000
0.00000
0.00000
0.00000
0.00000
0.00000
0.00000
0.00000
0.00000
0.00000
0.00000
0.00000
0.00000
0.00000
0.00000
0.00000
0.00000
0.00000
0.00000
0.00000
0.00000
0.00000
0.00000
0.00000
0.00000
0.00000
0.00000
0.00000
0.00000
0.00000
0.00000
0.00000
0.00000
0.00000
0.00000
0.00000
0.00000
0.00000
0.00000
0.00000
0.00000
0.00000
0.00000
0.00000
0.00000
0.00000
0.00000
0.00000
0.00000
0.00000
0.00000
0.00000
0.00000
0.00000
0.00000
0.00000
0.00000
0.00000
0.00000
0.00000
0.00000
0.00000
0.00000
0.00000
0.00000
0.00000
0.00000
0.00000
0.00000
0.00000
0.00000
0.00000
0.00000
0.00000
0.00000
0.00000
0.00000
0.00000
0.00000
0.00000
0.00000
0.00000
0.00000
0.00000
0.00000
0.00000
0.00000
0.00000
0.00000
0.00000
0.00000
0.00000
0.00000
0.00000
0.00000
0.00000
0.00000
0.00000
0.00000
0.00000
0.00000
0.00000
0.00000
0.00000
0.00000
0.00000
0.00000
0.00000
0.00000
0.00000
0.00000
0.00000
0.00000
0.00000
0.00000
0.00000
0.00000
0.00000
0.00000
0.00000
0.00000
0.00000
0.00000
0.00000
0.00000
0.00000
0.00000
0.00000
0.00000
0.00000
0.00000
0.00000
0.00000
0.00000
0.00000
0.00000
0.00000
0.00000
0.00000
0.00000
0.00000
0.00000
0.00000
0.00000
0.00000
0.00000
0.00000
0.00000
0.00000
0.00000
0.00000
0.00000
0.00000
0.00000
0.00000
0.00000
0.00000
0.00000
0.00000
0.00000
0.00000
0.00000
0.00000
0.00000
0.00000
0.00000
0.00000
0.00000
0.00000
0.00000
0.00000
0.00000
0.00000
0.00000
0.00000
0.00000
0.00000
0.00000
0.00000
0.00000
0.00000
0.00000
0.00000
0.00000
0.00000
0.00000
