-0.00009
-0.00015
-0.00009
-0.00006
-0.00009
-0.00015
-0.00009
-0.00009
-0.00009
-0.00012
-0.00009
-0.00012
-0.00006
-0.00009
-0.00015
-0.00012
-0.00009
-0.00009
-0.00009
-0.00009
-0.00015
-0.00012
-0.00009
-0.00012
-0.00012
-0.00018
-0.00015
-0.00018
-0.00018
-0.00009
-0.00012
-0.00006
-0.00012
-0.00012
-0.00012
-0.00018
-0.00018
-0.00015
-0.00015
-0.00012
-0.00012
-0.00018
-0.00009
-0.00012
-0.00015
-0.00015
-0.00015
-0.00018
-0.00015
-0.00015
-0.00015
-0.00015
-0.00006
-0.00012
-0.00037
0.00000
-0.00021
-0.00024
-0.00018
-0.00021
-0.00015
-0.00018
-0.00018
-0.00012
-0.00015
-0.00021
-0.00015
-0.00018
-0.00018
-0.00018
-0.00021
-0.00018
-0.00009
-0.00018
-0.00024
-0.00015
-0.00024
-0.00031
-0.00024
-0.00024
-0.00021
-0.00027
-0.00015
-0.00015
-0.00018
-0.00015
-0.00015
-0.00018
-0.00021
-0.00031
-0.00021
-0.00018
-0.00021
-0.00024
-0.00021
-0.00015
-0.00021
-0.00031
-0.00018
-0.00018
-0.00034
-0.00027
-0.00015
-0.00024
-0.00027
-0.00027
-0.00021
-0.00024
-0.00024
-0.00024
-0.00021
-0.00021
-0.00024
-0.00024
-0.00021
-0.00024
-0.00027
-0.00024
-0.00024
-0.00027
-0.00027
-0.00024
-0.00024
-0.00031
-0.00027
-0.00027
-0.00027
-0.00021
-0.00024
-0.00027
-0.00027
-0.00024
-0.00027
-0.00027
-0.00027
-0.00024
-0.00031
-0.00031
-0.00021
-0.00034
-0.00027
-0.00031
-0.00031
-0.00024
-0.00031
-0.00027
-0.00027
-0.00018
-0.00021
-0.00021
-0.00021
-0.00024
-0.00027
-0.00037
-0.00031
-0.00031
-0.00034
-0.00027
-0.00031
-0.00018
-0.00027
-0.00031
-0.00021
-0.00024
-0.00027
-0.00031
-0.00034
-0.00021
-0.00031
-0.00018
-0.00046
0.00000
-0.00073
0.00015
-0.00067
-0.00012
0.00006
-0.00153
0.00238
-0.00473
-0.01343
-0.18463
-0.03085
0.05130
-0.03964
0.01978
0.02673
0.10526
0.11334
0.04410
-0.02740
-0.01013
-0.04315
-0.06241
-0.01923
0.03162
0.00272
0.00131
0.01865
0.02115
0.02692
0.01401
-0.03775
-0.02332
0.00931
0.00824
0.00278
0.00455
-0.00278
-0.00198
0.00522
-0.00058
-0.00156
-0.00296
-0.00006
-0.00085
0.00159
0.00671
0.00836
-0.00162
-0.00122
0.00443
-0.00079
-0.00208
-0.00159
-0.00449
-0.00269
0.00317
-0.00211
-0.00122
0.00354
0.00427
-0.00122
0.00104
0.00366
-0.00027
-0.00049
0.00232
0.00076
-0.00021
-0.00336
-0.00217
-0.00104
0.00070
-0.00058
-0.00253
0.00006
-0.00006
-0.00116
-0.00092
-0.00012
0.00079
-0.00180
0.00000
0.00143
-0.00037
-0.00134
-0.00336
-0.00250
-0.00110
-0.00095
-0.00085
-0.00272
0.00037
0.00058
-0.00018
-0.00073
-0.00183
-0.00061
0.00079
-0.00095
-0.00116
-0.00128
0.00031
-0.00055
-0.00079
-0.00092
-0.00259
-0.00232
-0.00095
-0.00134
-0.00253
-0.00296
-0.00092
0.00027
0.00012
-0.00006
0.00000
0.00140
0.00067
0.00009
0.00043
-0.00006
-0.00201
-0.00314
-0.00186
-0.00101
-0.00256
-0.00256
-0.00198
-0.00070
0.00000
0.00024
-0.00003
-0.00031
0.00000
0.00000
0.00000
0.00000
0.00000
0.00000
0.00000
0.00000
0.00000
0.00000
0.00000
0.00000
0.00000
0.00000
0.00000
0.00000
0.00000
0.00000
0.00000
0.00000
0.00000
0.00000
0.00000
0.00000
0.00000
0.00000
0.00000
0.00000
0.00000
0.00000
0.00000
0.00000
0.00000
0.00000
0.00000
0.00000
0.00000
0.00000
0.00000
0.00000
0.00000
0.00000
0.00000
0.00000
0.00000
0.00000
0.00000
0.00000
0.00000
0.00000
0.00000
0.00000
0.00000
0.00000
0.00000
0.00000
0.00000
0.00000
0.00000
0.00000
0.00000
0.00000
0.00000
0.00000
0.00000
0.00000
0.00000
0.00000
0.00000
0.00000
0.00000
0.00000
0.00000
0.00000
0.00000
0.00000
0.00000
0.00000
0.00000
0.00000
0.00000
0.00000
0.00000
0.00000
0.00000
0.00000
0.00000
0.00000
0.00000
0.00000
0.00000
0.00000
0.00000
0.00000
0.00000
0.00000
0.00000
0.00000
0.00000
0.00000
0.00000
0.00000
0.00000
0.00000
0.00000
0.00000
0.00000
0.00000
0.00000
0.00000
0.00000
0.00000
0.00000
0.00000
0.00000
0.00000
0.00000
0.00000
0.00000
0.00000
0.00000
0.00000
0.00000
0.00000
0.00000
0.00000
0.00000
0.00000
0.00000
0.00000
0.00000
0.00000
0.00000
0.00000
0.00000
0.00000
0.00000
0.00000
0.00000
0.00000
0.00000
0.00000
0.00000
0.00000
0.00000
0.00000
0.00000
0.00000
0.00000
0.00000
0.00000
0.00000
0.00000
0.00000
0.00000
0.00000
0.00000
0.00000
0.00000
0.00000
0.00000
0.00000
0.00000
0.00000
0.00000
0.00000
0.00000
0.00000
0.00000
0.00000
0.00000
0.00000
0.00000
0.00000
0.00000
0.00000
0.00000
0.00000
0.00000
0.00000
0.00000
0.00000
0.00000
0.00000
0.00000
0.00000
0.00000
0.00000
0.00000
0.00000
0.00000
0.00000
0.00000
0.00000
0.00000
0.00000
0.00000
0.00000
0.00000
0.00000
0.00000
0.00000
0.00000
0.00000
0.00000
0.00000
0.00000
