-0.00031
-0.00027
-0.00027
-0.00024
-0.00024
-0.00024
-0.00021
-0.00027
-0.00031
-0.00031
-0.00027
-0.00031
-0.00034
-0.00031
-0.00034
-0.00034
-0.00031
-0.00027
-0.00024
-0.00024
-0.00024
-0.00024
-0.00027
-0.00027
-0.00031
-0.00027
-0.00031
-0.00027
-0.00024
-0.00021
-0.00024
-0.00027
-0.00024
-0.00021
-0.00024
-0.00027
-0.00024
-0.00024
-0.00024
-0.00024
-0.00021
-0.00024
-0.00024
-0.00024
-0.00024
-0.00024
-0.00024
-0.00031
-0.00031
-0.00031
-0.00027
-0.00024
-0.00021
-0.00015
-0.00018
-0.00021
-0.00021
-0.00024
-0.00024
-0.00024
-0.00024
-0.00027
-0.00024
-0.00021
-0.00021
-0.00021
-0.00021
-0.00021
-0.00018
-0.00018
-0.00018
-0.00021
-0.00021
-0.00021
-0.00021
-0.00024
-0.00018
-0.00018
-0.00021
-0.00021
-0.00012
-0.00018
-0.00021
-0.00018
-0.00021
-0.00021
-0.00018
-0.00015
-0.00015
-0.00009
-0.00009
-0.00015
-0.00015
-0.00018
-0.00021
-0.00021
-0.00024
-0.00021
-0.00018
-0.00012
-0.00012
-0.00012
-0.00012
-0.00012
-0.00012
-0.00015
-0.00018
-0.00018
-0.00018
-0.00012
-0.00009
-0.00009
-0.00009
-0.00012
-0.00015
-0.00015
-0.00012
-0.00015
-0.00012
-0.00006
-0.00009
-0.00006
-0.00006
-0.00006
-0.00009
-0.00009
-0.00009
-0.00009
-0.00012
-0.00015
-0.00012
-0.00009
-0.00009
-0.00006
-0.00006
-0.00006
-0.00006
-0.00006
-0.00009
-0.00015
-0.00018
-0.00015
-0.00012
-0.00012
-0.00009
0.00000
0.00000
0.00000
-0.00003
-0.00006
-0.00009
-0.00015
-0.00015
-0.00012
-0.00009
-0.00009
-0.00003
0.00000
0.00000
-0.00003
-0.00006
-0.00009
-0.00012
-0.00009
-0.00006
-0.00009
-0.00006
-0.00003
-0.00003
0.00000
0.00000
0.00000
-0.00003
-0.00009
-0.00006
-0.00006
-0.00009
-0.00006
-0.00003
0.00000
0.00000
0.00003
0.00003
-0.00006
-0.00009
-0.00009
-0.00012
-0.00009
-0.00006
-0.00012
0.00000
0.00000
0.00000
-0.00003
-0.00012
0.00015
-0.00034
-0.00354
-0.02768
-0.01904
-0.00574
-0.00601
0.00043
-0.00555
-0.00101
0.00900
0.01157
0.01770
0.01465
-0.00003
-0.00516
-0.00256
0.00751
0.00449
0.00082
-0.00305
-0.00610
-0.00064
0.00137
0.00256
0.00455
0.00006
-0.00012
0.00357
0.00504
0.00128
-0.00101
-0.00183
-0.00162
-0.00034
-0.00122
0.00040
0.00272
0.00229
0.00211
0.00372
0.00253
0.00092
0.00150
0.00180
0.00156
0.00092
-0.00076
-0.00122
0.00015
0.00079
0.00052
0.00104
0.00134
0.00046
0.00046
0.00092
0.00134
0.00159
0.00174
0.00125
0.00076
0.00012
0.00024
0.00000
-0.00049
0.00012
0.00058
0.00052
-0.00009
-0.00015
0.00070
0.00085
0.00052
-0.00043
-0.00046
0.00015
0.00000
0.00027
0.00037
-0.00009
-0.00058
-0.00089
-0.00049
-0.00024
-0.00009
-0.00009
-0.00031
-0.00027
-0.00031
-0.00052
-0.00061
-0.00076
-0.00015
0.00006
0.00000
-0.00024
-0.00034
-0.00021
-0.00049
-0.00040
-0.00018
-0.00061
-0.00104
-0.00116
-0.00110
-0.00082
-0.00073
-0.00067
-0.00061
-0.00012
0.00021
0.00006
-0.00027
-0.00064
-0.00015
0.00052
0.00006
0.00000
0.00000
0.00000
0.00000
0.00000
0.00000
0.00000
0.00000
0.00000
0.00000
0.00000
0.00000
0.00000
0.00000
0.00000
0.00000
0.00000
0.00000
0.00000
0.00000
0.00000
0.00000
0.00000
0.00000
0.00000
0.00000
0.00000
0.00000
0.00000
0.00000
0.00000
0.00000
0.00000
0.00000
0.00000
0.00000
0.00000
0.00000
0.00000
0.00000
0.00000
0.00000
0.00000
0.00000
0.00000
0.00000
0.00000
0.00000
0.00000
0.00000
0.00000
0.00000
0.00000
0.00000
0.00000
0.00000
0.00000
0.00000
0.00000
0.00000
0.00000
0.00000
0.00000
0.00000
0.00000
0.00000
0.00000
0.00000
0.00000
0.00000
0.00000
0.00000
0.00000
0.00000
0.00000
0.00000
0.00000
0.00000
0.00000
0.00000
0.00000
0.00000
0.00000
0.00000
0.00000
0.00000
0.00000
0.00000
0.00000
0.00000
0.00000
0.00000
0.00000
0.00000
0.00000
0.00000
0.00000
0.00000
0.00000
0.00000
0.00000
0.00000
0.00000
0.00000
0.00000
0.00000
0.00000
0.00000
0.00000
0.00000
0.00000
0.00000
0.00000
0.00000
0.00000
0.00000
0.00000
0.00000
0.00000
0.00000
0.00000
0.00000
0.00000
0.00000
0.00000
0.00000
0.00000
0.00000
0.00000
0.00000
0.00000
0.00000
0.00000
0.00000
0.00000
0.00000
0.00000
0.00000
0.00000
0.00000
0.00000
0.00000
0.00000
0.00000
0.00000
0.00000
0.00000
0.00000
0.00000
0.00000
0.00000
0.00000
0.00000
0.00000
0.00000
0.00000
0.00000
0.00000
0.00000
0.00000
0.00000
0.00000
0.00000
0.00000
0.00000
0.00000
0.00000
0.00000
0.00000
0.00000
0.00000
0.00000
0.00000
0.00000
0.00000
0.00000
0.00000
0.00000
0.00000
0.00000
0.00000
0.00000
0.00000
0.00000
0.00000
0.00000
0.00000
0.00000
0.00000
0.00000
0.00000
0.00000
0.00000
0.00000
0.00000
0.00000
0.00000
0.00000
0.00000
