-0.00003
0.00000
0.00012
0.00018
0.00009
0.00012
0.00009
0.00006
0.00000
0.00000
0.00000
0.00000
0.00009
0.00003
0.00003
0.00009
0.00009
0.00003
0.00009
0.00009
0.00006
0.00009
0.00003
0.00003
0.00003
0.00000
0.00000
0.00000
0.00006
0.00006
0.00006
0.00009
0.00006
0.00006
0.00003
0.00000
0.00000
0.00003
0.00003
0.00006
0.00006
0.00003
0.00009
0.00009
0.00006
0.00006
0.00009
0.00003
0.00000
0.00003
0.00009
0.00003
0.00018
-0.00009
0.00009
0.00018
-0.00006
0.00009
0.00003
0.00003
0.00003
0.00003
0.00003
0.00009
0.00000
0.00003
0.00006
0.00006
0.00012
0.00009
0.00003
0.00006
0.00009
0.00000
0.00000
0.00006
0.00000
0.00003
0.00003
0.00003
0.00000
0.00009
0.00006
-0.00003
0.00006
0.00015
0.00003
0.00009
0.00009
0.00006
0.00012
0.00006
0.00000
0.00000
0.00000
0.00000
0.00000
0.00000
0.00009
0.00000
0.00000
0.00009
0.00003
0.00000
0.00003
0.00000
-0.00003
0.00000
0.00003
0.00000
0.00003
0.00006
0.00006
0.00006
0.00006
0.00000
-0.00003
0.00000
0.00000
-0.00003
0.00000
0.00003
0.00000
0.00000
0.00000
-0.00003
0.00000
0.00000
0.00000
0.00000
0.00003
0.00003
0.00000
0.00000
0.00000
-0.00003
-0.00012
0.00003
0.00003
0.00003
0.00003
0.00000
0.00006
0.00000
-0.00006
-0.00003
0.00003
0.00003
0.00000
0.00003
0.00003
0.00006
0.00000
-0.00003
-0.00003
-0.00012
-0.00009
-0.00009
0.00003
0.00000
-0.00009
0.00003
0.00003
0.00000
0.00000
-0.00003
-0.00012
-0.00006
-0.00015
0.00000
-0.00027
0.00040
-0.00089
0.00156
-0.00247
0.00369
-0.00555
0.00778
-0.01141
0.01459
-0.11221
-0.12924
0.07605
-0.02945
0.00027
0.00537
0.04950
0.09195
0.08417
-0.00943
-0.00745
0.00095
-0.04782
-0.02991
0.01730
0.02206
-0.01157
0.00589
0.00085
0.01324
0.03046
-0.00705
-0.02707
0.00946
0.00763
-0.00320
0.00101
0.00253
-0.00595
0.00241
0.00253
-0.00183
0.00308
0.00327
0.00189
-0.00101
0.00217
0.00201
-0.00159
-0.00485
0.00534
0.00278
0.00226
0.00189
-0.00211
-0.00494
0.00305
0.00156
-0.00189
-0.00146
0.00104
-0.00113
-0.00021
0.00491
0.00250
-0.00034
0.00153
0.00134
-0.00015
-0.00092
-0.00085
-0.00089
-0.00125
-0.00040
-0.00162
0.00000
0.00070
-0.00308
-0.00168
0.00012
0.00119
-0.00150
-0.00125
0.00217
0.00095
-0.00058
-0.00180
-0.00314
-0.00153
-0.00220
-0.00055
-0.00162
-0.00107
-0.00012
-0.00067
0.00034
-0.00104
-0.00244
0.00006
0.00070
-0.00018
-0.00101
-0.00107
-0.00037
-0.00046
-0.00021
-0.00223
-0.00281
-0.00156
-0.00104
-0.00189
-0.00226
-0.00195
-0.00055
-0.00037
0.00000
-0.00021
0.00067
0.00034
-0.00012
0.00049
0.00070
-0.00076
-0.00241
-0.00229
-0.00150
-0.00211
-0.00247
-0.00183
-0.00159
-0.00107
-0.00043
0.00003
-0.00021
0.00000
0.00000
0.00000
0.00000
0.00000
0.00000
0.00000
0.00000
0.00000
0.00000
0.00000
0.00000
0.00000
0.00000
0.00000
0.00000
0.00000
0.00000
0.00000
0.00000
0.00000
0.00000
0.00000
0.00000
0.00000
0.00000
0.00000
0.00000
0.00000
0.00000
0.00000
0.00000
0.00000
0.00000
0.00000
0.00000
0.00000
0.00000
0.00000
0.00000
0.00000
0.00000
0.00000
0.00000
0.00000
0.00000
0.00000
0.00000
0.00000
0.00000
0.00000
0.00000
0.00000
0.00000
0.00000
0.00000
0.00000
0.00000
0.00000
0.00000
0.00000
0.00000
0.00000
0.00000
0.00000
0.00000
0.00000
0.00000
0.00000
0.00000
0.00000
0.00000
0.00000
0.00000
0.00000
0.00000
0.00000
0.00000
0.00000
0.00000
0.00000
0.00000
0.00000
0.00000
0.00000
0.00000
0.00000
0.00000
0.00000
0.00000
0.00000
0.00000
0.00000
0.00000
0.00000
0.00000
0.00000
0.00000
0.00000
0.00000
0.00000
0.00000
0.00000
0.00000
0.00000
0.00000
0.00000
0.00000
0.00000
0.00000
0.00000
0.00000
0.00000
0.00000
0.00000
0.00000
0.00000
0.00000
0.00000
0.00000
0.00000
0.00000
0.00000
0.00000
0.00000
0.00000
0.00000
0.00000
0.00000
0.00000
0.00000
0.00000
0.00000
0.00000
0.00000
0.00000
0.00000
0.00000
0.00000
0.00000
0.00000
0.00000
0.00000
0.00000
0.00000
0.00000
0.00000
0.00000
0.00000
0.00000
0.00000
0.00000
0.00000
0.00000
0.00000
0.00000
0.00000
0.00000
0.00000
0.00000
0.00000
0.00000
0.00000
0.00000
0.00000
0.00000
0.00000
0.00000
0.00000
0.00000
0.00000
0.00000
0.00000
0.00000
0.00000
0.00000
0.00000
0.00000
0.00000
0.00000
0.00000
0.00000
0.00000
0.00000
0.00000
0.00000
0.00000
0.00000
0.00000
0.00000
0.00000
0.00000
0.00000
0.00000
0.00000
0.00000
0.00000
0.00000
0.00000
0.00000
0.00000
0.00000
0.00000
0.00000
0.00000
0.00000
0.00000
0.00000
