-0.00003
-0.00006
-0.00003
-0.00006
-0.00009
-0.00006
-0.00003
-0.00003
-0.00006
-0.00009
-0.00006
-0.00006
-0.00006
-0.00003
0.00000
0.00000
-0.00003
-0.00003
-0.00009
-0.00015
-0.00015
-0.00015
-0.00012
-0.00006
-0.00006
-0.00006
0.00000
0.00000
-0.00003
-0.00003
-0.00009
-0.00009
-0.00015
-0.00012
-0.00012
-0.00021
-0.00015
-0.00009
-0.00012
-0.00012
-0.00006
-0.00006
-0.00009
-0.00006
-0.00009
-0.00009
-0.00003
-0.00006
-0.00009
-0.00012
-0.00015
-0.00018
-0.00015
-0.00015
-0.00012
-0.00006
-0.00006
-0.00006
-0.00006
-0.00006
-0.00009
-0.00015
-0.00009
-0.00012
-0.00015
-0.00009
-0.00012
-0.00015
-0.00009
-0.00009
-0.00009
-0.00015
-0.00015
-0.00012
-0.00012
-0.00012
-0.00012
-0.00012
-0.00015
-0.00024
-0.00024
-0.00021
-0.00021
-0.00018
-0.00018
-0.00015
-0.00009
-0.00012
-0.00012
-0.00009
-0.00009
-0.00015
-0.00015
-0.00009
-0.00012
-0.00018
-0.00018
-0.00018
-0.00021
-0.00021
-0.00021
-0.00018
-0.00018
-0.00015
-0.00015
-0.00012
-0.00009
-0.00015
-0.00018
-0.00021
-0.00021
-0.00027
-0.00027
-0.00024
-0.00024
-0.00021
-0.00018
-0.00015
-0.00012
-0.00006
-0.00012
-0.00018
-0.00018
-0.00018
-0.00021
-0.00031
-0.00024
-0.00018
-0.00021
-0.00021
-0.00012
-0.00009
-0.00015
-0.00018
-0.00018
-0.00018
-0.00024
-0.00027
-0.00018
-0.00018
-0.00018
-0.00018
-0.00018
-0.00021
-0.00027
-0.00024
-0.00024
-0.00021
-0.00018
-0.00018
-0.00018
-0.00021
-0.00027
-0.00027
-0.00031
-0.00034
-0.00034
-0.00027
-0.00024
-0.00027
-0.00021
-0.00021
-0.00024
-0.00031
-0.00031
-0.00027
-0.00031
-0.00031
-0.00027
-0.00021
-0.00024
-0.00021
-0.00018
-0.00018
-0.00018
-0.00015
-0.00021
-0.00027
-0.00024
-0.00027
-0.00027
-0.00034
-0.00027
-0.00024
-0.00034
-0.00034
-0.00027
-0.00024
-0.00027
-0.00027
-0.00031
-0.00027
-0.00034
-0.00027
-0.00031
-0.00027
-0.00040
-0.00034
-0.00052
-0.00031
-0.00061
-0.00101
-0.00705
-0.02014
-0.01584
-0.01263
-0.01022
-0.00598
-0.00784
-0.00195
0.01093
0.01880
0.01678
0.01599
0.00986
-0.00153
-0.00452
-0.00299
-0.00436
-0.00003
0.00067
-0.00201
0.00116
0.00363
0.00278
0.00214
0.00146
-0.00220
-0.00241
0.00055
0.00098
0.00198
0.00284
0.00131
-0.00003
0.00107
0.00128
0.00104
0.00165
0.00043
-0.00079
0.00034
0.00137
0.00037
0.00055
0.00229
0.00272
0.00150
0.00003
-0.00107
-0.00150
-0.00082
0.00003
0.00089
0.00119
0.00058
-0.00024
0.00021
0.00122
0.00104
0.00040
0.00037
0.00049
0.00064
0.00046
-0.00009
-0.00015
-0.00015
-0.00024
-0.00095
-0.00076
-0.00012
0.00003
0.00046
-0.00018
-0.00034
-0.00076
-0.00076
0.00012
0.00012
-0.00049
-0.00110
-0.00076
-0.00031
-0.00082
-0.00156
-0.00165
-0.00058
-0.00003
-0.00021
-0.00049
-0.00052
-0.00031
0.00000
0.00003
-0.00058
-0.00134
-0.00125
-0.00058
-0.00067
-0.00125
-0.00150
-0.00110
-0.00085
-0.00122
-0.00162
-0.00125
-0.00079
-0.00061
-0.00055
-0.00031
0.00000
-0.00012
0.00000
0.00000
0.00000
0.00000
0.00000
0.00000
0.00000
0.00000
0.00000
0.00000
0.00000
0.00000
0.00000
0.00000
0.00000
0.00000
0.00000
0.00000
0.00000
0.00000
0.00000
0.00000
0.00000
0.00000
0.00000
0.00000
0.00000
0.00000
0.00000
0.00000
0.00000
0.00000
0.00000
0.00000
0.00000
0.00000
0.00000
0.00000
0.00000
0.00000
0.00000
0.00000
0.00000
0.00000
0.00000
0.00000
0.00000
0.00000
0.00000
0.00000
0.00000
0.00000
0.00000
0.00000
0.00000
0.00000
0.00000
0.00000
0.00000
0.00000
0.00000
0.00000
0.00000
0.00000
0.00000
0.00000
0.00000
0.00000
0.00000
0.00000
0.00000
0.00000
0.00000
0.00000
0.00000
0.00000
0.00000
0.00000
0.00000
0.00000
0.00000
0.00000
0.00000
0.00000
0.00000
0.00000
0.00000
0.00000
0.00000
0.00000
0.00000
0.00000
0.00000
0.00000
0.00000
0.00000
0.00000
0.00000
0.00000
0.00000
0.00000
0.00000
0.00000
0.00000
0.00000
0.00000
0.00000
0.00000
0.00000
0.00000
0.00000
0.00000
0.00000
0.00000
0.00000
0.00000
0.00000
0.00000
0.00000
0.00000
0.00000
0.00000
0.00000
0.00000
0.00000
0.00000
0.00000
0.00000
0.00000
0.00000
0.00000
0.00000
0.00000
0.00000
0.00000
0.00000
0.00000
0.00000
0.00000
0.00000
0.00000
0.00000
0.00000
0.00000
0.00000
0.00000
0.00000
0.00000
0.00000
0.00000
0.00000
0.00000
0.00000
0.00000
0.00000
0.00000
0.00000
0.00000
0.00000
0.00000
0.00000
0.00000
0.00000
0.00000
0.00000
0.00000
0.00000
0.00000
0.00000
0.00000
0.00000
0.00000
0.00000
0.00000
0.00000
0.00000
0.00000
0.00000
0.00000
0.00000
0.00000
0.00000
0.00000
0.00000
0.00000
0.00000
0.00000
0.00000
0.00000
0.00000
0.00000
0.00000
0.00000
0.00000
0.00000
0.00000
0.00000
0.00000
0.00000
