-0.00018
-0.00009
-0.00009
-0.00015
-0.00015
-0.00012
-0.00012
-0.00015
-0.00018
-0.00024
-0.00027
-0.00031
-0.00031
-0.00027
-0.00021
-0.00018
-0.00018
-0.00015
-0.00015
-0.00018
-0.00021
-0.00024
-0.00027
-0.00031
-0.00024
-0.00024
-0.00018
-0.00018
-0.00021
-0.00027
-0.00031
-0.00027
-0.00027
-0.00027
-0.00024
-0.00027
-0.00021
-0.00018
-0.00018
-0.00021
-0.00024
-0.00027
-0.00034
-0.00027
-0.00027
-0.00027
-0.00021
-0.00027
-0.00024
-0.00031
-0.00031
-0.00031
-0.00034
-0.00034
-0.00034
-0.00027
-0.00024
-0.00021
-0.00021
-0.00021
-0.00021
-0.00024
-0.00024
-0.00027
-0.00031
-0.00037
-0.00037
-0.00034
-0.00037
-0.00037
-0.00027
-0.00031
-0.00027
-0.00027
-0.00027
-0.00027
-0.00031
-0.00027
-0.00024
-0.00021
-0.00024
-0.00027
-0.00031
-0.00031
-0.00034
-0.00037
-0.00031
-0.00034
-0.00037
-0.00031
-0.00024
-0.00024
-0.00024
-0.00024
-0.00027
-0.00031
-0.00034
-0.00027
-0.00027
-0.00031
-0.00027
-0.00027
-0.00031
-0.00034
-0.00034
-0.00034
-0.00037
-0.00031
-0.00027
-0.00024
-0.00021
-0.00024
-0.00027
-0.00027
-0.00034
-0.00037
-0.00034
-0.00031
-0.00031
-0.00031
-0.00024
-0.00024
-0.00027
-0.00031
-0.00027
-0.00031
-0.00034
-0.00031
-0.00027
-0.00031
-0.00031
-0.00027
-0.00031
-0.00031
-0.00037
-0.00037
-0.00031
-0.00034
-0.00034
-0.00027
-0.00024
-0.00021
-0.00024
-0.00024
-0.00021
-0.00024
-0.00031
-0.00034
-0.00037
-0.00040
-0.00037
-0.00037
-0.00037
-0.00034
-0.00034
-0.00027
-0.00027
-0.00027
-0.00031
-0.00037
-0.00034
-0.00031
-0.00024
-0.00024
-0.00027
-0.00024
-0.00024
-0.00027
-0.00031
-0.00031
-0.00040
-0.00043
-0.00037
-0.00034
-0.00027
-0.00027
-0.00031
-0.00024
-0.00021
-0.00021
-0.00027
-0.00024
-0.00021
-0.00034
-0.00027
-0.00034
-0.00024
-0.00052
-0.00009
-0.00058
0.00000
-0.00076
0.00009
-0.00085
0.00024
-0.01556
-0.05377
-0.01660
-0.00348
-0.00491
0.00540
0.00153
0.02045
0.02347
0.02258
0.02621
0.00903
-0.00815
-0.02032
-0.01401
0.00143
-0.00394
-0.00082
0.00101
0.00415
0.00754
0.00861
0.00452
0.00189
-0.00189
-0.00262
-0.00256
-0.00055
-0.00006
-0.00217
-0.00049
0.00131
0.00040
0.00015
0.00204
0.00095
-0.00064
0.00146
0.00195
0.00003
0.00183
0.00201
0.00156
0.00146
0.00146
0.00006
-0.00003
0.00006
-0.00153
-0.00208
-0.00040
0.00082
0.00122
0.00305
0.00290
0.00073
0.00027
0.00085
0.00113
0.00049
-0.00027
0.00006
-0.00073
-0.00052
-0.00043
-0.00024
0.00040
-0.00034
-0.00043
0.00015
0.00101
0.00098
-0.00034
0.00006
0.00012
-0.00073
-0.00089
-0.00104
-0.00052
-0.00043
-0.00055
-0.00082
-0.00146
-0.00082
-0.00037
0.00024
0.00064
0.00006
-0.00021
-0.00015
-0.00018
-0.00040
-0.00113
-0.00140
-0.00128
-0.00043
-0.00037
-0.00128
-0.00128
-0.00070
-0.00046
-0.00067
-0.00092
-0.00073
-0.00070
-0.00043
-0.00037
-0.00043
-0.00027
-0.00034
-0.00031
-0.00027
-0.00034
-0.00046
0.00000
0.00000
0.00000
0.00000
0.00000
0.00000
0.00000
0.00000
0.00000
0.00000
0.00000
0.00000
0.00000
0.00000
0.00000
0.00000
0.00000
0.00000
0.00000
0.00000
0.00000
0.00000
0.00000
0.00000
0.00000
0.00000
0.00000
0.00000
0.00000
0.00000
0.00000
0.00000
0.00000
0.00000
0.00000
0.00000
0.00000
0.00000
0.00000
0.00000
0.00000
0.00000
0.00000
0.00000
0.00000
0.00000
0.00000
0.00000
0.00000
0.00000
0.00000
0.00000
0.00000
0.00000
0.00000
0.00000
0.00000
0.00000
0.00000
0.00000
0.00000
0.00000
0.00000
0.00000
0.00000
0.00000
0.00000
0.00000
0.00000
0.00000
0.00000
0.00000
0.00000
0.00000
0.00000
0.00000
0.00000
0.00000
0.00000
0.00000
0.00000
0.00000
0.00000
0.00000
0.00000
0.00000
0.00000
0.00000
0.00000
0.00000
0.00000
0.00000
0.00000
0.00000
0.00000
0.00000
0.00000
0.00000
0.00000
0.00000
0.00000
0.00000
0.00000
0.00000
0.00000
0.00000
0.00000
0.00000
0.00000
0.00000
0.00000
0.00000
0.00000
0.00000
0.00000
0.00000
0.00000
0.00000
0.00000
0.00000
0.00000
0.00000
0.00000
0.00000
0.00000
0.00000
0.00000
0.00000
0.00000
0.00000
0.00000
0.00000
0.00000
0.00000
0.00000
0.00000
0.00000
0.00000
0.00000
0.00000
0.00000
0.00000
0.00000
0.00000
0.00000
0.00000
0.00000
0.00000
0.00000
0.00000
0.00000
0.00000
0.00000
0.00000
0.00000
0.00000
0.00000
0.00000
0.00000
0.00000
0.00000
0.00000
0.00000
0.00000
0.00000
0.00000
0.00000
0.00000
0.00000
0.00000
0.00000
0.00000
0.00000
0.00000
0.00000
0.00000
0.00000
0.00000
0.00000
0.00000
0.00000
0.00000
0.00000
0.00000
0.00000
0.00000
0.00000
0.00000
0.00000
0.00000
0.00000
0.00000
0.00000
0.00000
0.00000
0.00000
0.00000
0.00000
0.00000
0.00000
0.00000
0.00000
0.00000
