-0.00015
-0.00015
-0.00015
-0.00009
-0.00009
-0.00009
-0.00009
-0.00012
-0.00015
-0.00021
-0.00021
-0.00012
-0.00015
-0.00012
-0.00006
-0.00006
-0.00006
-0.00012
-0.00009
-0.00009
-0.00012
-0.00018
-0.00018
-0.00012
-0.00012
-0.00012
-0.00012
-0.00012
-0.00018
-0.00015
-0.00015
-0.00012
-0.00012
-0.00009
-0.00009
-0.00015
-0.00006
-0.00003
-0.00006
-0.00009
-0.00012
-0.00015
-0.00018
-0.00012
-0.00015
-0.00015
-0.00012
-0.00012
-0.00012
-0.00009
-0.00012
-0.00012
-0.00012
-0.00012
-0.00009
-0.00012
-0.00012
-0.00012
-0.00012
-0.00009
-0.00012
-0.00006
-0.00009
-0.00009
-0.00006
-0.00003
-0.00015
-0.00003
-0.00009
-0.00012
-0.00006
-0.00015
0.00000
-0.00009
-0.00015
-0.00009
-0.00009
-0.00009
-0.00012
-0.00003
-0.00009
-0.00012
-0.00012
-0.00012
-0.00009
-0.00003
-0.00009
-0.00006
-0.00006
-0.00003
-0.00006
-0.00015
-0.00009
-0.00018
-0.00021
-0.00021
-0.00018
-0.00009
-0.00006
0.00000
-0.00003
-0.00009
-0.00003
-0.00012
-0.00018
-0.00015
-0.00018
-0.00018
-0.00015
-0.00012
-0.00015
-0.00012
-0.00015
-0.00018
-0.00015
-0.00018
-0.00015
-0.00018
-0.00015
-0.00009
-0.00009
-0.00009
-0.00015
-0.00015
-0.00018
-0.00018
-0.00021
-0.00021
-0.00015
-0.00009
-0.00006
-0.00006
-0.00006
-0.00009
-0.00015
-0.00015
-0.00015
-0.00015
-0.00018
-0.00015
-0.00015
-0.00015
-0.00015
-0.00018
-0.00018
-0.00024
-0.00018
-0.00012
-0.00012
-0.00012
-0.00012
-0.00015
-0.00015
-0.00015
-0.00015
-0.00009
-0.00015
-0.00015
-0.00021
-0.00018
-0.00015
-0.00018
-0.00012
-0.00012
-0.00009
-0.00012
-0.00012
-0.00012
-0.00018
-0.00018
-0.00021
-0.00015
-0.00015
-0.00018
-0.00015
-0.00018
-0.00006
-0.00012
-0.00015
-0.00006
-0.00009
-0.00012
-0.00009
-0.00018
-0.00003
-0.00049
0.00027
-0.00134
0.00125
-0.00269
0.00339
-0.00507
0.00418
-0.06100
-0.05524
-0.00061
-0.04510
0.03241
-0.00278
0.06485
0.08838
0.02002
0.01266
-0.01767
-0.01007
-0.03360
-0.02777
-0.00357
-0.01419
0.00806
0.01047
0.00781
0.02615
0.00940
-0.01874
-0.00504
0.00137
0.00018
0.00403
0.00122
0.00101
0.00449
0.00137
-0.00882
-0.00143
0.00226
-0.00552
0.00238
0.00525
0.00375
0.00543
0.00296
0.00046
0.00305
0.00290
-0.00089
-0.00397
-0.00214
-0.00299
-0.00055
0.00027
0.00137
0.00140
0.00113
0.00171
0.00201
0.00262
0.00183
0.00089
0.00064
0.00037
0.00183
-0.00140
-0.00134
0.00027
-0.00049
-0.00089
-0.00177
-0.00009
0.00015
0.00067
0.00119
-0.00018
0.00143
0.00000
-0.00021
0.00015
-0.00027
0.00000
-0.00128
-0.00110
-0.00119
-0.00214
-0.00061
-0.00061
-0.00018
0.00037
-0.00055
0.00000
-0.00024
0.00058
0.00067
-0.00064
-0.00040
-0.00140
-0.00110
-0.00095
-0.00107
-0.00037
-0.00113
-0.00067
-0.00119
-0.00140
-0.00082
-0.00134
-0.00085
-0.00046
-0.00049
0.00006
-0.00009
0.00043
0.00006
-0.00018
0.00012
0.00000
0.00000
0.00000
0.00000
0.00000
0.00000
0.00000
0.00000
0.00000
0.00000
0.00000
0.00000
0.00000
0.00000
0.00000
0.00000
0.00000
0.00000
0.00000
0.00000
0.00000
0.00000
0.00000
0.00000
0.00000
0.00000
0.00000
0.00000
0.00000
0.00000
0.00000
0.00000
0.00000
0.00000
0.00000
0.00000
0.00000
0.00000
0.00000
0.00000
0.00000
0.00000
0.00000
0.00000
0.00000
0.00000
0.00000
0.00000
0.00000
0.00000
0.00000
0.00000
0.00000
0.00000
0.00000
0.00000
0.00000
0.00000
0.00000
0.00000
0.00000
0.00000
0.00000
0.00000
0.00000
0.00000
0.00000
0.00000
0.00000
0.00000
0.00000
0.00000
0.00000
0.00000
0.00000
0.00000
0.00000
0.00000
0.00000
0.00000
0.00000
0.00000
0.00000
0.00000
0.00000
0.00000
0.00000
0.00000
0.00000
0.00000
0.00000
0.00000
0.00000
0.00000
0.00000
0.00000
0.00000
0.00000
0.00000
0.00000
0.00000
0.00000
0.00000
0.00000
0.00000
0.00000
0.00000
0.00000
0.00000
0.00000
0.00000
0.00000
0.00000
0.00000
0.00000
0.00000
0.00000
0.00000
0.00000
0.00000
0.00000
0.00000
0.00000
0.00000
0.00000
0.00000
0.00000
0.00000
0.00000
0.00000
0.00000
0.00000
0.00000
0.00000
0.00000
0.00000
0.00000
0.00000
0.00000
0.00000
0.00000
0.00000
0.00000
0.00000
0.00000
0.00000
0.00000
0.00000
0.00000
0.00000
0.00000
0.00000
0.00000
0.00000
0.00000
0.00000
0.00000
0.00000
0.00000
0.00000
0.00000
0.00000
0.00000
0.00000
0.00000
0.00000
0.00000
0.00000
0.00000
0.00000
0.00000
0.00000
0.00000
0.00000
0.00000
0.00000
0.00000
0.00000
0.00000
0.00000
0.00000
0.00000
0.00000
0.00000
0.00000
0.00000
0.00000
0.00000
0.00000
0.00000
0.00000
0.00000
0.00000
0.00000
0.00000
0.00000
0.00000
0.00000
0.00000
0.00000
0.00000
0.00000
0.00000
0.00000
0.00000
0.00000
0.00000
0.00000
