-0.00040
-0.00034
-0.00037
-0.00037
-0.00037
-0.00040
-0.00046
-0.00043
-0.00040
-0.00046
-0.00049
-0.00052
-0.00046
-0.00046
-0.00043
-0.00040
-0.00031
-0.00024
-0.00034
-0.00037
-0.00031
-0.00037
-0.00043
-0.00043
-0.00046
-0.00049
-0.00049
-0.00055
-0.00052
-0.00046
-0.00052
-0.00046
-0.00043
-0.00040
-0.00043
-0.00043
-0.00037
-0.00046
-0.00046
-0.00049
-0.00049
-0.00049
-0.00043
-0.00043
-0.00037
-0.00037
-0.00037
-0.00034
-0.00037
-0.00040
-0.00055
-0.00052
-0.00052
-0.00052
-0.00055
-0.00046
-0.00046
-0.00034
-0.00055
-0.00046
-0.00031
-0.00049
-0.00040
-0.00043
-0.00031
-0.00037
-0.00043
-0.00040
-0.00046
-0.00049
-0.00049
-0.00043
-0.00046
-0.00046
-0.00037
-0.00046
-0.00040
-0.00037
-0.00049
-0.00043
-0.00034
-0.00040
-0.00043
-0.00040
-0.00031
-0.00043
-0.00043
-0.00040
-0.00046
-0.00049
-0.00049
-0.00046
-0.00040
-0.00040
-0.00037
-0.00031
-0.00027
-0.00034
-0.00043
-0.00037
-0.00040
-0.00052
-0.00049
-0.00027
-0.00034
-0.00043
-0.00031
-0.00037
-0.00043
-0.00046
-0.00043
-0.00043
-0.00043
-0.00040
-0.00037
-0.00027
-0.00031
-0.00037
-0.00043
-0.00037
-0.00040
-0.00040
-0.00034
-0.00031
-0.00034
-0.00037
-0.00034
-0.00040
-0.00046
-0.00049
-0.00052
-0.00046
-0.00040
-0.00034
-0.00031
-0.00031
-0.00034
-0.00034
-0.00037
-0.00037
-0.00031
-0.00046
-0.00040
-0.00037
-0.00031
-0.00027
-0.00027
-0.00015
-0.00024
-0.00021
-0.00027
-0.00021
-0.00031
-0.00043
-0.00043
-0.00046
-0.00037
-0.00037
-0.00027
-0.00015
-0.00021
-0.00018
-0.00027
-0.00027
-0.00027
-0.00046
-0.00037
-0.00037
-0.00027
-0.00027
-0.00027
-0.00024
-0.00015
-0.00027
-0.00003
-0.00049
0.00024
-0.00110
0.00119
-0.00250
0.00278
-0.00479
0.00586
-0.00873
0.01031
-0.08304
-0.15836
0.01044
-0.02084
0.02554
0.03568
0.12808
0.13220
0.05878
-0.01205
-0.05014
-0.02765
-0.06290
-0.05130
-0.00397
0.00824
0.00757
0.02356
0.03513
0.03067
0.00824
-0.02661
-0.02899
-0.00272
0.01135
0.00436
0.00183
0.00864
0.00455
-0.00446
-0.00989
-0.00195
0.00330
-0.00500
0.00363
0.00378
0.00323
0.00671
0.00632
-0.00180
0.00330
0.00128
-0.00449
-0.00443
-0.00024
-0.00311
-0.00217
-0.00037
0.00052
0.00195
0.00446
0.00241
-0.00070
0.00201
0.00378
0.00027
0.00009
0.00201
0.00070
-0.00342
-0.00180
0.00024
-0.00110
-0.00146
-0.00256
-0.00085
0.00235
0.00171
0.00104
-0.00061
0.00104
-0.00082
-0.00095
0.00159
0.00092
-0.00052
-0.00241
-0.00333
-0.00189
-0.00266
-0.00040
-0.00046
0.00043
0.00134
0.00003
0.00037
-0.00009
-0.00027
-0.00052
-0.00156
-0.00092
-0.00070
-0.00009
0.00046
-0.00076
-0.00049
-0.00110
-0.00128
-0.00198
-0.00244
-0.00195
-0.00186
-0.00085
0.00089
0.00076
0.00040
-0.00024
0.00101
0.00189
0.00104
0.00012
-0.00052
-0.00070
-0.00201
-0.00305
-0.00208
-0.00217
-0.00220
-0.00156
-0.00052
0.00012
0.00000
0.00046
-0.00046
0.00000
0.00000
0.00000
0.00000
0.00000
0.00000
0.00000
0.00000
0.00000
0.00000
0.00000
0.00000
0.00000
0.00000
0.00000
0.00000
0.00000
0.00000
0.00000
0.00000
0.00000
0.00000
0.00000
0.00000
0.00000
0.00000
0.00000
0.00000
0.00000
0.00000
0.00000
0.00000
0.00000
0.00000
0.00000
0.00000
0.00000
0.00000
0.00000
0.00000
0.00000
0.00000
0.00000
0.00000
0.00000
0.00000
0.00000
0.00000
0.00000
0.00000
0.00000
0.00000
0.00000
0.00000
0.00000
0.00000
0.00000
0.00000
0.00000
0.00000
0.00000
0.00000
0.00000
0.00000
0.00000
0.00000
0.00000
0.00000
0.00000
0.00000
0.00000
0.00000
0.00000
0.00000
0.00000
0.00000
0.00000
0.00000
0.00000
0.00000
0.00000
0.00000
0.00000
0.00000
0.00000
0.00000
0.00000
0.00000
0.00000
0.00000
0.00000
0.00000
0.00000
0.00000
0.00000
0.00000
0.00000
0.00000
0.00000
0.00000
0.00000
0.00000
0.00000
0.00000
0.00000
0.00000
0.00000
0.00000
0.00000
0.00000
0.00000
0.00000
0.00000
0.00000
0.00000
0.00000
0.00000
0.00000
0.00000
0.00000
0.00000
0.00000
0.00000
0.00000
0.00000
0.00000
0.00000
0.00000
0.00000
0.00000
0.00000
0.00000
0.00000
0.00000
0.00000
0.00000
0.00000
0.00000
0.00000
0.00000
0.00000
0.00000
0.00000
0.00000
0.00000
0.00000
0.00000
0.00000
0.00000
0.00000
0.00000
0.00000
0.00000
0.00000
0.00000
0.00000
0.00000
0.00000
0.00000
0.00000
0.00000
0.00000
0.00000
0.00000
0.00000
0.00000
0.00000
0.00000
0.00000
0.00000
0.00000
0.00000
0.00000
0.00000
0.00000
0.00000
0.00000
0.00000
0.00000
0.00000
0.00000
0.00000
0.00000
0.00000
0.00000
0.00000
0.00000
0.00000
0.00000
0.00000
0.00000
0.00000
0.00000
0.00000
0.00000
0.00000
0.00000
0.00000
0.00000
0.00000
0.00000
0.00000
0.00000
