0.00012
0.00006
0.00009
0.00015
0.00012
0.00015
0.00015
0.00012
0.00009
0.00015
0.00015
0.00012
0.00015
0.00018
0.00015
0.00012
0.00015
0.00009
0.00009
0.00006
0.00009
0.00012
0.00015
0.00015
0.00012
0.00015
0.00012
0.00015
0.00009
0.00012
0.00018
0.00015
0.00012
0.00012
0.00012
0.00003
0.00006
0.00006
0.00006
0.00009
0.00015
0.00012
0.00015
0.00018
0.00012
0.00009
0.00009
0.00009
0.00003
0.00003
0.00012
0.00015
0.00015
0.00015
0.00018
0.00018
0.00015
0.00000
0.00015
0.00015
0.00003
0.00006
0.00003
0.00012
0.00006
0.00009
0.00015
0.00015
0.00015
0.00018
0.00021
0.00018
0.00015
0.00012
0.00006
0.00009
0.00006
0.00000
0.00003
0.00009
0.00003
0.00006
0.00009
0.00006
0.00009
0.00015
0.00009
0.00006
0.00018
0.00015
0.00012
0.00015
0.00009
0.00012
0.00015
0.00009
0.00003
0.00009
0.00006
0.00003
0.00006
0.00000
0.00003
0.00003
0.00003
0.00012
0.00012
0.00006
0.00009
0.00009
0.00006
0.00009
0.00009
0.00006
0.00009
0.00003
0.00003
0.00000
0.00000
-0.00003
0.00000
0.00000
0.00000
0.00006
0.00012
0.00015
0.00006
0.00009
0.00003
0.00000
0.00000
0.00000
0.00000
0.00000
0.00006
0.00009
0.00006
0.00006
0.00003
0.00003
-0.00003
0.00000
0.00000
0.00000
0.00000
0.00000
0.00003
0.00000
-0.00003
-0.00003
0.00000
0.00000
0.00000
0.00006
0.00006
0.00003
0.00000
0.00003
0.00000
-0.00003
-0.00003
-0.00006
0.00000
-0.00003
-0.00009
-0.00003
-0.00003
-0.00003
-0.00006
-0.00003
0.00003
0.00003
0.00006
0.00003
0.00000
0.00000
-0.00021
0.00031
-0.00079
0.00110
-0.00204
0.00296
-0.00458
0.00253
-0.07678
-0.05695
0.02264
-0.02090
-0.01608
-0.03189
0.03049
0.05875
0.04614
0.02621
0.00986
0.02493
-0.00150
-0.00552
0.02237
-0.00339
-0.03082
-0.02347
-0.00555
0.01141
0.01981
-0.00381
-0.01056
0.01157
0.01532
0.00604
0.00476
0.00003
-0.01312
-0.00571
-0.00162
-0.00333
0.00208
0.00174
0.00070
0.00256
0.00418
0.00244
0.00305
0.00250
0.00256
0.00089
0.00009
-0.00140
-0.00125
-0.00177
-0.00052
-0.00021
-0.00174
-0.00153
0.00110
-0.00055
0.00037
0.00272
0.00183
0.00177
0.00278
0.00192
0.00037
-0.00159
-0.00085
-0.00018
0.00021
-0.00055
-0.00235
-0.00070
-0.00079
-0.00113
0.00027
0.00055
0.00156
-0.00049
-0.00018
0.00107
-0.00003
-0.00064
-0.00195
-0.00177
-0.00122
-0.00195
-0.00018
-0.00183
-0.00174
-0.00146
-0.00119
0.00043
-0.00034
-0.00049
0.00043
0.00031
0.00018
-0.00095
-0.00092
-0.00095
-0.00098
-0.00064
-0.00159
-0.00153
-0.00140
-0.00128
-0.00162
-0.00211
-0.00131
-0.00070
-0.00067
-0.00043
-0.00055
0.00009
0.00024
0.00012
0.00040
0.00012
-0.00055
-0.00122
-0.00116
-0.00095
-0.00180
-0.00223
-0.00223
-0.00195
-0.00143
-0.00101
-0.00049
0.00000
0.00000
0.00000
0.00000
0.00000
0.00000
0.00000
0.00000
0.00000
0.00000
0.00000
0.00000
0.00000
0.00000
0.00000
0.00000
0.00000
0.00000
0.00000
0.00000
0.00000
0.00000
0.00000
0.00000
0.00000
0.00000
0.00000
0.00000
0.00000
0.00000
0.00000
0.00000
0.00000
0.00000
0.00000
0.00000
0.00000
0.00000
0.00000
0.00000
0.00000
0.00000
0.00000
0.00000
0.00000
0.00000
0.00000
0.00000
0.00000
0.00000
0.00000
0.00000
0.00000
0.00000
0.00000
0.00000
0.00000
0.00000
0.00000
0.00000
0.00000
0.00000
0.00000
0.00000
0.00000
0.00000
0.00000
0.00000
0.00000
0.00000
0.00000
0.00000
0.00000
0.00000
0.00000
0.00000
0.00000
0.00000
0.00000
0.00000
0.00000
0.00000
0.00000
0.00000
0.00000
0.00000
0.00000
0.00000
0.00000
0.00000
0.00000
0.00000
0.00000
0.00000
0.00000
0.00000
0.00000
0.00000
0.00000
0.00000
0.00000
0.00000
0.00000
0.00000
0.00000
0.00000
0.00000
0.00000
0.00000
0.00000
0.00000
0.00000
0.00000
0.00000
0.00000
0.00000
0.00000
0.00000
0.00000
0.00000
0.00000
0.00000
0.00000
0.00000
0.00000
0.00000
0.00000
0.00000
0.00000
0.00000
0.00000
0.00000
0.00000
0.00000
0.00000
0.00000
0.00000
0.00000
0.00000
0.00000
0.00000
0.00000
0.00000
0.00000
0.00000
0.00000
0.00000
0.00000
0.00000
0.00000
0.00000
0.00000
0.00000
0.00000
0.00000
0.00000
0.00000
0.00000
0.00000
0.00000
0.00000
0.00000
0.00000
0.00000
0.00000
0.00000
0.00000
0.00000
0.00000
0.00000
0.00000
0.00000
0.00000
0.00000
0.00000
0.00000
0.00000
0.00000
0.00000
0.00000
0.00000
0.00000
0.00000
0.00000
0.00000
0.00000
0.00000
0.00000
0.00000
0.00000
0.00000
0.00000
0.00000
0.00000
0.00000
0.00000
0.00000
0.00000
0.00000
0.00000
0.00000
0.00000
0.00000
0.00000
0.00000
