0.00000
-0.00006
-0.00003
0.00000
-0.00003
0.00000
0.00000
0.00000
0.00003
-0.00003
-0.00003
-0.00003
-0.00009
0.00000
-0.00009
-0.00003
-0.00003
0.00000
-0.00003
-0.00003
0.00000
-0.00006
-0.00006
-0.00009
-0.00009
-0.00009
-0.00006
-0.00009
-0.00003
-0.00006
-0.00009
-0.00006
-0.00012
-0.00006
-0.00015
-0.00015
-0.00009
-0.00012
-0.00009
-0.00018
-0.00009
-0.00009
-0.00012
-0.00012
-0.00012
-0.00015
-0.00015
-0.00015
-0.00012
-0.00015
-0.00024
-0.00018
-0.00018
-0.00015
-0.00015
-0.00018
-0.00012
-0.00018
-0.00018
-0.00021
-0.00018
-0.00024
-0.00015
-0.00031
-0.00009
-0.00015
-0.00021
-0.00012
-0.00034
-0.00012
-0.00024
-0.00027
-0.00021
-0.00027
-0.00018
-0.00021
-0.00018
-0.00021
-0.00024
-0.00021
-0.00027
-0.00027
-0.00021
-0.00031
-0.00024
-0.00021
-0.00024
-0.00018
-0.00031
-0.00021
-0.00031
-0.00024
-0.00024
-0.00031
-0.00024
-0.00031
-0.00024
-0.00027
-0.00037
-0.00027
-0.00031
-0.00031
-0.00031
-0.00031
-0.00021
-0.00027
-0.00027
-0.00037
-0.00027
-0.00031
-0.00037
-0.00027
-0.00031
-0.00024
-0.00034
-0.00024
-0.00021
-0.00031
-0.00031
-0.00037
-0.00037
-0.00040
-0.00043
-0.00037
-0.00034
-0.00031
-0.00031
-0.00031
-0.00027
-0.00031
-0.00037
-0.00034
-0.00037
-0.00043
-0.00040
-0.00037
-0.00031
-0.00037
-0.00031
-0.00034
-0.00034
-0.00037
-0.00043
-0.00043
-0.00040
-0.00037
-0.00043
-0.00034
-0.00037
-0.00037
-0.00040
-0.00043
-0.00031
-0.00043
-0.00040
-0.00043
-0.00040
-0.00040
-0.00046
-0.00037
-0.00043
-0.00040
-0.00046
-0.00043
-0.00034
-0.00046
-0.00040
-0.00046
-0.00037
-0.00046
-0.00052
-0.00037
-0.00052
-0.00043
-0.00043
-0.00049
-0.00040
-0.00043
-0.00043
-0.00034
-0.00058
-0.00018
-0.00098
0.00049
-0.00214
0.00192
-0.00433
0.00497
-0.00812
0.00735
-0.08420
-0.08292
0.01111
-0.05392
0.05185
-0.00058
0.10016
0.10992
0.01401
0.01855
-0.03265
-0.01990
-0.05353
-0.03705
0.00009
-0.01498
0.00803
0.01819
0.01962
0.03488
0.00711
-0.02310
-0.00555
-0.00357
-0.00238
0.00339
0.00162
0.00235
0.00082
-0.00320
-0.00815
0.00345
0.00357
-0.00760
0.00323
0.00351
0.00119
0.00449
0.00464
0.00049
0.00284
0.00143
-0.00189
-0.00302
-0.00095
-0.00311
-0.00192
-0.00171
-0.00101
0.00043
0.00244
0.00235
0.00104
0.00211
0.00323
0.00189
0.00000
-0.00079
0.00073
-0.00198
-0.00098
0.00021
-0.00229
-0.00208
-0.00223
0.00006
0.00058
0.00070
0.00128
-0.00116
0.00104
-0.00104
-0.00067
0.00113
-0.00040
-0.00037
-0.00223
-0.00229
-0.00183
-0.00348
-0.00055
-0.00079
-0.00043
0.00055
-0.00079
0.00125
-0.00027
-0.00040
-0.00079
-0.00192
-0.00018
-0.00125
-0.00101
-0.00052
-0.00113
-0.00076
-0.00211
-0.00110
-0.00195
-0.00229
-0.00150
-0.00195
-0.00073
-0.00006
-0.00055
-0.00021
-0.00021
0.00098
0.00058
-0.00003
0.00015
0.00000
0.00000
0.00000
0.00000
0.00000
0.00000
0.00000
0.00000
0.00000
0.00000
0.00000
0.00000
0.00000
0.00000
0.00000
0.00000
0.00000
0.00000
0.00000
0.00000
0.00000
0.00000
0.00000
0.00000
0.00000
0.00000
0.00000
0.00000
0.00000
0.00000
0.00000
0.00000
0.00000
0.00000
0.00000
0.00000
0.00000
0.00000
0.00000
0.00000
0.00000
0.00000
0.00000
0.00000
0.00000
0.00000
0.00000
0.00000
0.00000
0.00000
0.00000
0.00000
0.00000
0.00000
0.00000
0.00000
0.00000
0.00000
0.00000
0.00000
0.00000
0.00000
0.00000
0.00000
0.00000
0.00000
0.00000
0.00000
0.00000
0.00000
0.00000
0.00000
0.00000
0.00000
0.00000
0.00000
0.00000
0.00000
0.00000
0.00000
0.00000
0.00000
0.00000
0.00000
0.00000
0.00000
0.00000
0.00000
0.00000
0.00000
0.00000
0.00000
0.00000
0.00000
0.00000
0.00000
0.00000
0.00000
0.00000
0.00000
0.00000
0.00000
0.00000
0.00000
0.00000
0.00000
0.00000
0.00000
0.00000
0.00000
0.00000
0.00000
0.00000
0.00000
0.00000
0.00000
0.00000
0.00000
0.00000
0.00000
0.00000
0.00000
0.00000
0.00000
0.00000
0.00000
0.00000
0.00000
0.00000
0.00000
0.00000
0.00000
0.00000
0.00000
0.00000
0.00000
0.00000
0.00000
0.00000
0.00000
0.00000
0.00000
0.00000
0.00000
0.00000
0.00000
0.00000
0.00000
0.00000
0.00000
0.00000
0.00000
0.00000
0.00000
0.00000
0.00000
0.00000
0.00000
0.00000
0.00000
0.00000
0.00000
0.00000
0.00000
0.00000
0.00000
0.00000
0.00000
0.00000
0.00000
0.00000
0.00000
0.00000
0.00000
0.00000
0.00000
0.00000
0.00000
0.00000
0.00000
0.00000
0.00000
0.00000
0.00000
0.00000
0.00000
0.00000
0.00000
0.00000
0.00000
0.00000
0.00000
0.00000
0.00000
0.00000
0.00000
0.00000
0.00000
0.00000
0.00000
0.00000
0.00000
0.00000
0.00000
0.00000
0.00000
0.00000
0.00000
0.00000
0.00000
0.00000
