-0.00018
-0.00021
-0.00018
-0.00015
-0.00018
-0.00018
-0.00018
-0.00021
-0.00021
-0.00024
-0.00021
-0.00021
-0.00021
-0.00018
-0.00018
-0.00024
-0.00021
-0.00021
-0.00024
-0.00027
-0.00024
-0.00024
-0.00024
-0.00024
-0.00024
-0.00021
-0.00024
-0.00024
-0.00024
-0.00021
-0.00024
-0.00024
-0.00027
-0.00027
-0.00031
-0.00034
-0.00027
-0.00021
-0.00021
-0.00027
-0.00021
-0.00024
-0.00031
-0.00031
-0.00034
-0.00027
-0.00027
-0.00037
-0.00031
-0.00031
-0.00031
-0.00031
-0.00027
-0.00027
-0.00027
-0.00021
-0.00024
-0.00027
-0.00027
-0.00031
-0.00031
-0.00034
-0.00034
-0.00031
-0.00031
-0.00034
-0.00031
-0.00027
-0.00034
-0.00031
-0.00031
-0.00034
-0.00034
-0.00034
-0.00034
-0.00034
-0.00031
-0.00031
-0.00031
-0.00031
-0.00034
-0.00034
-0.00034
-0.00034
-0.00034
-0.00034
-0.00034
-0.00031
-0.00031
-0.00034
-0.00034
-0.00037
-0.00040
-0.00040
-0.00037
-0.00034
-0.00031
-0.00034
-0.00034
-0.00031
-0.00034
-0.00037
-0.00037
-0.00034
-0.00037
-0.00037
-0.00034
-0.00034
-0.00034
-0.00037
-0.00037
-0.00040
-0.00037
-0.00037
-0.00037
-0.00037
-0.00037
-0.00040
-0.00040
-0.00034
-0.00037
-0.00037
-0.00034
-0.00034
-0.00037
-0.00040
-0.00037
-0.00037
-0.00040
-0.00040
-0.00037
-0.00037
-0.00037
-0.00040
-0.00043
-0.00040
-0.00046
-0.00043
-0.00043
-0.00040
-0.00040
-0.00037
-0.00037
-0.00040
-0.00040
-0.00043
-0.00043
-0.00043
-0.00043
-0.00040
-0.00040
-0.00043
-0.00043
-0.00046
-0.00049
-0.00046
-0.00046
-0.00046
-0.00046
-0.00046
-0.00043
-0.00043
-0.00043
-0.00040
-0.00040
-0.00043
-0.00043
-0.00040
-0.00043
-0.00043
-0.00043
-0.00046
-0.00046
-0.00049
-0.00043
-0.00043
-0.00049
-0.00049
-0.00046
-0.00043
-0.00046
-0.00043
-0.00046
-0.00043
-0.00043
-0.00052
-0.00046
-0.00043
-0.00043
-0.00055
-0.00040
-0.00049
-0.00043
-0.00055
-0.00055
-0.00031
-0.00055
-0.00397
-0.02390
-0.01694
-0.00708
-0.00623
-0.00204
-0.01038
-0.00217
0.00659
0.01013
0.01651
0.01086
0.00082
-0.00095
0.00223
0.00626
0.00266
-0.00116
-0.00613
-0.00647
-0.00198
0.00146
0.00412
0.00424
-0.00027
0.00131
0.00458
0.00119
-0.00012
-0.00119
-0.00397
-0.00317
-0.00058
0.00009
0.00259
0.00311
0.00143
0.00140
0.00284
0.00082
0.00012
0.00140
0.00049
0.00006
0.00000
-0.00073
-0.00076
0.00049
0.00055
0.00043
0.00046
-0.00006
-0.00076
-0.00003
0.00104
0.00119
0.00104
0.00061
0.00046
0.00027
-0.00037
-0.00024
-0.00073
-0.00052
0.00009
-0.00021
-0.00027
-0.00034
0.00015
0.00012
-0.00024
-0.00034
-0.00079
-0.00049
-0.00024
-0.00040
-0.00012
-0.00037
-0.00067
-0.00119
-0.00107
-0.00064
-0.00064
-0.00064
-0.00101
-0.00092
-0.00058
-0.00089
-0.00140
-0.00119
-0.00049
-0.00012
-0.00055
-0.00076
-0.00073
-0.00055
-0.00058
-0.00070
-0.00073
-0.00095
-0.00143
-0.00128
-0.00125
-0.00153
-0.00153
-0.00119
-0.00085
-0.00070
-0.00049
-0.00058
-0.00076
-0.00076
-0.00037
0.00009
-0.00009
0.00000
0.00000
0.00000
0.00000
0.00000
0.00000
0.00000
0.00000
0.00000
0.00000
0.00000
0.00000
0.00000
0.00000
0.00000
0.00000
0.00000
0.00000
0.00000
0.00000
0.00000
0.00000
0.00000
0.00000
0.00000
0.00000
0.00000
0.00000
0.00000
0.00000
0.00000
0.00000
0.00000
0.00000
0.00000
0.00000
0.00000
0.00000
0.00000
0.00000
0.00000
0.00000
0.00000
0.00000
0.00000
0.00000
0.00000
0.00000
0.00000
0.00000
0.00000
0.00000
0.00000
0.00000
0.00000
0.00000
0.00000
0.00000
0.00000
0.00000
0.00000
0.00000
0.00000
0.00000
0.00000
0.00000
0.00000
0.00000
0.00000
0.00000
0.00000
0.00000
0.00000
0.00000
0.00000
0.00000
0.00000
0.00000
0.00000
0.00000
0.00000
0.00000
0.00000
0.00000
0.00000
0.00000
0.00000
0.00000
0.00000
0.00000
0.00000
0.00000
0.00000
0.00000
0.00000
0.00000
0.00000
0.00000
0.00000
0.00000
0.00000
0.00000
0.00000
0.00000
0.00000
0.00000
0.00000
0.00000
0.00000
0.00000
0.00000
0.00000
0.00000
0.00000
0.00000
0.00000
0.00000
0.00000
0.00000
0.00000
0.00000
0.00000
0.00000
0.00000
0.00000
0.00000
0.00000
0.00000
0.00000
0.00000
0.00000
0.00000
0.00000
0.00000
0.00000
0.00000
0.00000
0.00000
0.00000
0.00000
0.00000
0.00000
0.00000
0.00000
0.00000
0.00000
0.00000
0.00000
0.00000
0.00000
0.00000
0.00000
0.00000
0.00000
0.00000
0.00000
0.00000
0.00000
0.00000
0.00000
0.00000
0.00000
0.00000
0.00000
0.00000
0.00000
0.00000
0.00000
0.00000
0.00000
0.00000
0.00000
0.00000
0.00000
0.00000
0.00000
0.00000
0.00000
0.00000
0.00000
0.00000
0.00000
0.00000
0.00000
0.00000
0.00000
0.00000
0.00000
0.00000
0.00000
0.00000
0.00000
0.00000
0.00000
0.00000
0.00000
0.00000
0.00000
0.00000
0.00000
