-0.00015
-0.00015
-0.00012
-0.00015
-0.00015
-0.00015
-0.00018
-0.00018
-0.00018
-0.00015
-0.00015
-0.00018
-0.00015
-0.00015
-0.00018
-0.00018
-0.00018
-0.00018
-0.00021
-0.00018
-0.00012
-0.00015
-0.00018
-0.00018
-0.00015
-0.00015
-0.00018
-0.00015
-0.00015
-0.00012
-0.00015
-0.00015
-0.00015
-0.00018
-0.00024
-0.00024
-0.00018
-0.00018
-0.00018
-0.00018
-0.00012
-0.00015
-0.00012
-0.00012
-0.00015
-0.00021
-0.00018
-0.00012
-0.00015
-0.00018
-0.00018
-0.00021
-0.00024
-0.00015
-0.00012
-0.00012
-0.00009
-0.00012
-0.00009
-0.00012
-0.00018
-0.00018
-0.00024
-0.00024
-0.00021
-0.00024
-0.00015
-0.00024
-0.00021
-0.00018
-0.00015
-0.00009
-0.00012
-0.00009
-0.00009
-0.00009
-0.00018
-0.00018
-0.00018
-0.00021
-0.00018
-0.00015
-0.00015
-0.00018
-0.00012
-0.00012
-0.00012
-0.00015
-0.00015
-0.00018
-0.00021
-0.00018
-0.00015
-0.00015
-0.00018
-0.00015
-0.00015
-0.00015
-0.00015
-0.00015
-0.00018
-0.00021
-0.00024
-0.00024
-0.00018
-0.00018
-0.00015
-0.00012
-0.00012
-0.00018
-0.00012
-0.00012
-0.00018
-0.00021
-0.00021
-0.00018
-0.00018
-0.00021
-0.00018
-0.00015
-0.00018
-0.00018
-0.00021
-0.00021
-0.00021
-0.00024
-0.00021
-0.00015
-0.00018
-0.00021
-0.00015
-0.00012
-0.00018
-0.00021
-0.00024
-0.00021
-0.00024
-0.00021
-0.00018
-0.00015
-0.00015
-0.00018
-0.00018
-0.00018
-0.00015
-0.00015
-0.00012
-0.00018
-0.00024
-0.00021
-0.00021
-0.00018
-0.00018
-0.00018
-0.00018
-0.00018
-0.00015
-0.00015
-0.00012
-0.00015
-0.00018
-0.00018
-0.00018
-0.00018
-0.00015
-0.00015
-0.00018
-0.00018
-0.00012
-0.00015
-0.00015
-0.00012
-0.00015
-0.00018
-0.00018
-0.00018
-0.00018
-0.00021
-0.00012
-0.00021
0.00000
-0.00037
0.00006
-0.00061
0.00024
-0.00076
0.00034
-0.00085
0.00021
-0.01294
-0.05954
-0.02530
-0.02951
-0.01163
0.00278
0.00366
0.03726
0.02667
0.03510
0.04428
0.02832
0.00552
-0.01593
-0.01926
-0.01251
-0.01553
-0.01208
-0.00867
0.00534
0.00552
0.00504
0.01059
0.01044
0.00473
0.00412
-0.00046
0.00024
0.00104
-0.00491
-0.00549
0.00000
-0.00058
-0.00317
0.00122
0.00067
-0.00027
0.00320
0.00461
0.00232
0.00372
0.00146
-0.00055
0.00009
0.00009
-0.00168
-0.00168
-0.00107
-0.00128
-0.00140
-0.00040
0.00110
0.00162
0.00317
0.00284
0.00204
0.00131
0.00110
0.00104
0.00012
0.00009
0.00085
-0.00119
-0.00153
-0.00153
-0.00104
0.00012
-0.00073
-0.00043
-0.00009
0.00089
0.00119
0.00040
0.00125
0.00021
-0.00085
-0.00085
-0.00146
-0.00104
-0.00171
-0.00159
-0.00070
-0.00171
-0.00134
-0.00116
0.00024
0.00101
0.00043
0.00031
-0.00015
-0.00027
-0.00037
-0.00104
-0.00046
-0.00085
-0.00067
-0.00092
-0.00119
-0.00110
-0.00116
-0.00125
-0.00162
-0.00171
-0.00095
-0.00101
-0.00070
-0.00012
0.00012
0.00049
0.00040
0.00049
0.00034
-0.00018
0.00000
0.00000
0.00000
0.00000
0.00000
0.00000
0.00000
0.00000
0.00000
0.00000
0.00000
0.00000
0.00000
0.00000
0.00000
0.00000
0.00000
0.00000
0.00000
0.00000
0.00000
0.00000
0.00000
0.00000
0.00000
0.00000
0.00000
0.00000
0.00000
0.00000
0.00000
0.00000
0.00000
0.00000
0.00000
0.00000
0.00000
0.00000
0.00000
0.00000
0.00000
0.00000
0.00000
0.00000
0.00000
0.00000
0.00000
0.00000
0.00000
0.00000
0.00000
0.00000
0.00000
0.00000
0.00000
0.00000
0.00000
0.00000
0.00000
0.00000
0.00000
0.00000
0.00000
0.00000
0.00000
0.00000
0.00000
0.00000
0.00000
0.00000
0.00000
0.00000
0.00000
0.00000
0.00000
0.00000
0.00000
0.00000
0.00000
0.00000
0.00000
0.00000
0.00000
0.00000
0.00000
0.00000
0.00000
0.00000
0.00000
0.00000
0.00000
0.00000
0.00000
0.00000
0.00000
0.00000
0.00000
0.00000
0.00000
0.00000
0.00000
0.00000
0.00000
0.00000
0.00000
0.00000
0.00000
0.00000
0.00000
0.00000
0.00000
0.00000
0.00000
0.00000
0.00000
0.00000
0.00000
0.00000
0.00000
0.00000
0.00000
0.00000
0.00000
0.00000
0.00000
0.00000
0.00000
0.00000
0.00000
0.00000
0.00000
0.00000
0.00000
0.00000
0.00000
0.00000
0.00000
0.00000
0.00000
0.00000
0.00000
0.00000
0.00000
0.00000
0.00000
0.00000
0.00000
0.00000
0.00000
0.00000
0.00000
0.00000
0.00000
0.00000
0.00000
0.00000
0.00000
0.00000
0.00000
0.00000
0.00000
0.00000
0.00000
0.00000
0.00000
0.00000
0.00000
0.00000
0.00000
0.00000
0.00000
0.00000
0.00000
0.00000
0.00000
0.00000
0.00000
0.00000
0.00000
0.00000
0.00000
0.00000
0.00000
0.00000
0.00000
0.00000
0.00000
0.00000
0.00000
0.00000
0.00000
0.00000
0.00000
0.00000
0.00000
0.00000
0.00000
0.00000
0.00000
0.00000
0.00000
0.00000
0.00000
0.00000
0.00000
0.00000
0.00000
0.00000
0.00000
0.00000
