0.00000
0.00000
0.00003
0.00006
0.00003
0.00000
0.00003
0.00000
-0.00003
-0.00003
0.00000
0.00000
0.00003
0.00003
0.00003
0.00000
0.00003
0.00003
0.00000
0.00000
0.00000
0.00000
0.00000
0.00000
0.00003
0.00006
0.00009
0.00006
0.00003
0.00003
0.00000
0.00000
0.00000
0.00003
0.00000
0.00000
0.00003
0.00006
0.00003
0.00000
0.00000
0.00000
0.00000
0.00000
0.00003
0.00003
0.00003
0.00000
0.00003
0.00003
0.00000
0.00003
0.00003
0.00003
0.00003
0.00000
0.00003
0.00000
0.00000
0.00000
0.00003
0.00000
0.00003
0.00009
0.00000
0.00000
0.00000
0.00000
0.00000
0.00000
0.00000
0.00003
0.00006
0.00006
0.00003
0.00003
0.00006
0.00003
0.00000
0.00000
0.00000
0.00000
0.00000
0.00000
0.00000
0.00000
0.00003
0.00003
0.00000
0.00000
0.00000
0.00000
-0.00003
-0.00003
-0.00003
0.00000
0.00000
0.00000
0.00003
0.00003
0.00003
0.00000
0.00000
0.00000
0.00000
-0.00006
-0.00006
-0.00003
0.00000
-0.00003
0.00000
0.00000
0.00000
0.00000
0.00000
0.00000
0.00000
0.00000
-0.00003
-0.00003
-0.00006
-0.00009
-0.00003
0.00000
0.00000
-0.00003
0.00000
0.00000
-0.00003
-0.00003
-0.00003
-0.00003
-0.00006
0.00000
0.00000
-0.00003
-0.00003
-0.00003
-0.00003
-0.00003
-0.00006
-0.00006
-0.00006
-0.00009
-0.00006
-0.00003
-0.00003
-0.00006
-0.00006
-0.00003
-0.00003
-0.00003
-0.00006
-0.00006
-0.00006
-0.00006
-0.00009
-0.00006
-0.00006
-0.00006
-0.00009
-0.00012
-0.00009
-0.00012
-0.00009
-0.00009
-0.00009
-0.00009
-0.00009
-0.00009
-0.00009
-0.00012
-0.00009
-0.00009
-0.00012
-0.00009
-0.00009
-0.00009
-0.00009
-0.00012
-0.00015
-0.00018
-0.00021
-0.00015
-0.00024
-0.00018
-0.00009
-0.00009
-0.00012
-0.00009
-0.00012
-0.00012
-0.00012
-0.00015
-0.00009
-0.00018
-0.00012
-0.00049
-0.00003
-0.00055
-0.00058
-0.00958
-0.01303
-0.01035
-0.01694
-0.01053
-0.00772
-0.00275
0.00241
0.00223
0.00681
0.01529
0.01727
0.00833
0.00323
0.00272
-0.00327
-0.00363
-0.00189
-0.00150
0.00375
0.00150
-0.00162
0.00281
0.00443
0.00058
-0.00027
-0.00137
-0.00220
-0.00076
0.00082
0.00171
0.00378
0.00302
-0.00003
0.00113
0.00217
0.00113
0.00116
0.00015
-0.00046
0.00040
0.00092
0.00058
0.00079
0.00134
0.00177
0.00235
0.00079
-0.00116
-0.00177
-0.00055
0.00070
0.00140
0.00116
0.00027
0.00024
0.00031
0.00082
0.00079
0.00037
0.00027
0.00015
0.00037
0.00046
0.00034
0.00012
-0.00009
-0.00009
-0.00040
-0.00079
-0.00037
0.00006
0.00018
0.00012
-0.00049
-0.00055
-0.00043
-0.00021
0.00018
-0.00037
-0.00095
-0.00104
-0.00064
-0.00070
-0.00137
-0.00140
-0.00092
0.00003
0.00021
-0.00043
-0.00082
-0.00073
-0.00015
0.00015
-0.00031
-0.00116
-0.00137
-0.00070
-0.00034
-0.00098
-0.00159
-0.00153
-0.00107
-0.00104
-0.00113
-0.00113
-0.00110
-0.00089
-0.00043
0.00003
0.00021
0.00000
0.00000
0.00000
0.00000
0.00000
0.00000
0.00000
0.00000
0.00000
0.00000
0.00000
0.00000
0.00000
0.00000
0.00000
0.00000
0.00000
0.00000
0.00000
0.00000
0.00000
0.00000
0.00000
0.00000
0.00000
0.00000
0.00000
0.00000
0.00000
0.00000
0.00000
0.00000
0.00000
0.00000
0.00000
0.00000
0.00000
0.00000
0.00000
0.00000
0.00000
0.00000
0.00000
0.00000
0.00000
0.00000
0.00000
0.00000
0.00000
0.00000
0.00000
0.00000
0.00000
0.00000
0.00000
0.00000
0.00000
0.00000
0.00000
0.00000
0.00000
0.00000
0.00000
0.00000
0.00000
0.00000
0.00000
0.00000
0.00000
0.00000
0.00000
0.00000
0.00000
0.00000
0.00000
0.00000
0.00000
0.00000
0.00000
0.00000
0.00000
0.00000
0.00000
0.00000
0.00000
0.00000
0.00000
0.00000
0.00000
0.00000
0.00000
0.00000
0.00000
0.00000
0.00000
0.00000
0.00000
0.00000
0.00000
0.00000
0.00000
0.00000
0.00000
0.00000
0.00000
0.00000
0.00000
0.00000
0.00000
0.00000
0.00000
0.00000
0.00000
0.00000
0.00000
0.00000
0.00000
0.00000
0.00000
0.00000
0.00000
0.00000
0.00000
0.00000
0.00000
0.00000
0.00000
0.00000
0.00000
0.00000
0.00000
0.00000
0.00000
0.00000
0.00000
0.00000
0.00000
0.00000
0.00000
0.00000
0.00000
0.00000
0.00000
0.00000
0.00000
0.00000
0.00000
0.00000
0.00000
0.00000
0.00000
0.00000
0.00000
0.00000
0.00000
0.00000
0.00000
0.00000
0.00000
0.00000
0.00000
0.00000
0.00000
0.00000
0.00000
0.00000
0.00000
0.00000
0.00000
0.00000
0.00000
0.00000
0.00000
0.00000
0.00000
0.00000
0.00000
0.00000
0.00000
0.00000
0.00000
0.00000
0.00000
0.00000
0.00000
0.00000
0.00000
0.00000
0.00000
0.00000
0.00000
0.00000
0.00000
0.00000
0.00000
0.00000
0.00000
0.00000
0.00000
0.00000
