-0.00037
-0.00031
-0.00031
-0.00031
-0.00037
-0.00040
-0.00040
-0.00037
-0.00052
-0.00052
-0.00046
-0.00034
-0.00031
-0.00040
-0.00031
-0.00024
-0.00027
-0.00031
-0.00024
-0.00034
-0.00037
-0.00040
-0.00046
-0.00046
-0.00046
-0.00040
-0.00043
-0.00037
-0.00031
-0.00027
-0.00027
-0.00027
-0.00034
-0.00027
-0.00034
-0.00046
-0.00040
-0.00040
-0.00037
-0.00037
-0.00034
-0.00034
-0.00034
-0.00031
-0.00034
-0.00034
-0.00040
-0.00043
-0.00049
-0.00046
-0.00049
-0.00037
-0.00031
-0.00049
-0.00012
-0.00031
-0.00031
-0.00027
-0.00043
-0.00040
-0.00037
-0.00040
-0.00040
-0.00031
-0.00031
-0.00024
-0.00021
-0.00018
-0.00015
-0.00031
-0.00037
-0.00027
-0.00037
-0.00046
-0.00031
-0.00034
-0.00031
-0.00018
-0.00024
-0.00024
-0.00034
-0.00034
-0.00040
-0.00043
-0.00040
-0.00031
-0.00021
-0.00015
-0.00024
-0.00015
-0.00012
-0.00024
-0.00034
-0.00027
-0.00027
-0.00034
-0.00037
-0.00027
-0.00018
-0.00037
-0.00027
-0.00024
-0.00027
-0.00024
-0.00027
-0.00027
-0.00021
-0.00021
-0.00024
-0.00021
-0.00021
-0.00021
-0.00018
-0.00012
-0.00012
-0.00018
-0.00018
-0.00021
-0.00027
-0.00027
-0.00021
-0.00021
-0.00031
-0.00018
-0.00012
-0.00018
-0.00015
-0.00015
-0.00021
-0.00024
-0.00021
-0.00021
-0.00021
-0.00024
-0.00012
-0.00012
-0.00015
-0.00009
-0.00018
-0.00015
-0.00021
-0.00021
-0.00012
-0.00012
-0.00015
-0.00021
-0.00015
-0.00015
-0.00015
-0.00018
-0.00018
-0.00012
-0.00015
-0.00009
-0.00012
-0.00003
-0.00003
-0.00018
-0.00009
-0.00021
-0.00024
-0.00018
-0.00018
-0.00009
-0.00006
-0.00015
-0.00006
-0.00009
-0.00006
-0.00031
0.00009
-0.00046
0.00015
-0.00024
-0.00043
0.00082
-0.00226
0.00385
-0.00665
-0.00308
-0.16217
-0.02438
0.04834
-0.03809
0.01089
0.00299
0.06064
0.07776
0.06137
-0.02808
0.02078
-0.01398
-0.04092
-0.00424
0.02945
0.00546
-0.01001
-0.00162
-0.00949
0.02036
0.02707
-0.02246
-0.00812
0.01730
0.00061
-0.00253
0.00284
-0.00119
-0.00412
0.00208
-0.00427
0.00217
0.00632
0.00476
-0.00006
-0.00107
0.00031
0.00079
-0.00424
-0.00238
0.00845
0.00278
0.00256
0.00119
-0.00409
-0.00241
0.00598
-0.00125
-0.00430
-0.00085
0.00101
-0.00156
0.00366
0.00446
0.00021
0.00046
0.00174
0.00027
0.00107
-0.00021
-0.00146
-0.00137
-0.00015
-0.00031
-0.00165
0.00024
-0.00095
-0.00223
-0.00095
-0.00003
0.00082
-0.00107
0.00101
0.00153
0.00049
-0.00034
-0.00232
-0.00275
-0.00186
-0.00131
-0.00055
-0.00201
-0.00040
-0.00061
0.00037
0.00003
-0.00183
-0.00171
0.00116
0.00067
-0.00024
-0.00095
-0.00046
-0.00052
-0.00003
-0.00070
-0.00244
-0.00238
-0.00134
-0.00104
-0.00125
-0.00171
-0.00128
-0.00052
-0.00024
0.00009
0.00000
0.00092
0.00015
0.00024
0.00067
0.00040
-0.00098
-0.00186
-0.00140
-0.00150
-0.00235
-0.00198
-0.00143
-0.00125
-0.00098
-0.00037
-0.00009
-0.00018
-0.00040
0.00000
0.00000
0.00000
0.00000
0.00000
0.00000
0.00000
0.00000
0.00000
0.00000
0.00000
0.00000
0.00000
0.00000
0.00000
0.00000
0.00000
0.00000
0.00000
0.00000
0.00000
0.00000
0.00000
0.00000
0.00000
0.00000
0.00000
0.00000
0.00000
0.00000
0.00000
0.00000
0.00000
0.00000
0.00000
0.00000
0.00000
0.00000
0.00000
0.00000
0.00000
0.00000
0.00000
0.00000
0.00000
0.00000
0.00000
0.00000
0.00000
0.00000
0.00000
0.00000
0.00000
0.00000
0.00000
0.00000
0.00000
0.00000
0.00000
0.00000
0.00000
0.00000
0.00000
0.00000
0.00000
0.00000
0.00000
0.00000
0.00000
0.00000
0.00000
0.00000
0.00000
0.00000
0.00000
0.00000
0.00000
0.00000
0.00000
0.00000
0.00000
0.00000
0.00000
0.00000
0.00000
0.00000
0.00000
0.00000
0.00000
0.00000
0.00000
0.00000
0.00000
0.00000
0.00000
0.00000
0.00000
0.00000
0.00000
0.00000
0.00000
0.00000
0.00000
0.00000
0.00000
0.00000
0.00000
0.00000
0.00000
0.00000
0.00000
0.00000
0.00000
0.00000
0.00000
0.00000
0.00000
0.00000
0.00000
0.00000
0.00000
0.00000
0.00000
0.00000
0.00000
0.00000
0.00000
0.00000
0.00000
0.00000
0.00000
0.00000
0.00000
0.00000
0.00000
0.00000
0.00000
0.00000
0.00000
0.00000
0.00000
0.00000
0.00000
0.00000
0.00000
0.00000
0.00000
0.00000
0.00000
0.00000
0.00000
0.00000
0.00000
0.00000
0.00000
0.00000
0.00000
0.00000
0.00000
0.00000
0.00000
0.00000
0.00000
0.00000
0.00000
0.00000
0.00000
0.00000
0.00000
0.00000
0.00000
0.00000
0.00000
0.00000
0.00000
0.00000
0.00000
0.00000
0.00000
0.00000
0.00000
0.00000
0.00000
0.00000
0.00000
0.00000
0.00000
0.00000
0.00000
0.00000
0.00000
0.00000
0.00000
0.00000
0.00000
0.00000
0.00000
0.00000
0.00000
0.00000
0.00000
0.00000
0.00000
0.00000
0.00000
0.00000
0.00000
