-0.00034
-0.00034
-0.00034
-0.00031
-0.00031
-0.00034
-0.00031
-0.00031
-0.00034
-0.00034
-0.00034
-0.00031
-0.00031
-0.00034
-0.00034
-0.00034
-0.00034
-0.00034
-0.00031
-0.00027
-0.00031
-0.00034
-0.00031
-0.00034
-0.00037
-0.00037
-0.00034
-0.00034
-0.00031
-0.00024
-0.00027
-0.00031
-0.00031
-0.00031
-0.00040
-0.00027
-0.00031
-0.00034
-0.00031
-0.00034
-0.00031
-0.00034
-0.00034
-0.00034
-0.00031
-0.00031
-0.00031
-0.00031
-0.00031
-0.00031
-0.00034
-0.00034
-0.00031
-0.00031
-0.00031
-0.00031
-0.00034
-0.00034
-0.00034
-0.00034
-0.00034
-0.00031
-0.00024
-0.00031
-0.00037
-0.00024
-0.00031
-0.00034
-0.00031
-0.00034
-0.00034
-0.00034
-0.00034
-0.00031
-0.00031
-0.00031
-0.00031
-0.00031
-0.00031
-0.00027
-0.00031
-0.00027
-0.00027
-0.00031
-0.00034
-0.00031
-0.00034
-0.00037
-0.00034
-0.00031
-0.00031
-0.00031
-0.00027
-0.00031
-0.00031
-0.00031
-0.00031
-0.00031
-0.00031
-0.00034
-0.00027
-0.00027
-0.00027
-0.00031
-0.00031
-0.00027
-0.00031
-0.00031
-0.00027
-0.00027
-0.00031
-0.00027
-0.00027
-0.00027
-0.00031
-0.00031
-0.00027
-0.00027
-0.00027
-0.00027
-0.00024
-0.00027
-0.00031
-0.00031
-0.00031
-0.00031
-0.00031
-0.00024
-0.00024
-0.00024
-0.00024
-0.00027
-0.00027
-0.00031
-0.00027
-0.00027
-0.00027
-0.00024
-0.00024
-0.00027
-0.00027
-0.00027
-0.00027
-0.00027
-0.00027
-0.00024
-0.00027
-0.00024
-0.00024
-0.00024
-0.00021
-0.00024
-0.00021
-0.00021
-0.00024
-0.00024
-0.00024
-0.00024
-0.00024
-0.00021
-0.00018
-0.00018
-0.00021
-0.00024
-0.00021
-0.00021
-0.00021
-0.00021
-0.00021
-0.00015
-0.00021
-0.00024
-0.00021
-0.00021
-0.00018
-0.00018
-0.00018
-0.00015
-0.00018
-0.00015
-0.00024
-0.00003
-0.00043
0.00003
-0.00064
0.00027
-0.00092
0.00064
-0.00131
0.00034
-0.03583
-0.10718
-0.04230
0.01694
0.02631
0.04807
0.03806
0.03391
0.03958
0.01352
-0.01938
-0.02213
-0.01117
-0.01334
0.00320
0.01337
-0.00491
-0.00180
0.00583
-0.00372
0.00598
0.01096
-0.00455
-0.00250
0.00714
0.00098
-0.00027
0.00644
0.00058
-0.00284
0.00037
-0.00394
-0.00537
0.00055
0.00266
0.00107
0.00299
0.00418
0.00363
0.00296
0.00409
0.00177
-0.00085
-0.00220
-0.00320
-0.00372
-0.00101
0.00085
-0.00049
0.00006
0.00339
0.00412
0.00266
0.00290
0.00198
-0.00171
-0.00204
-0.00113
-0.00073
0.00064
0.00116
0.00140
0.00156
0.00162
0.00043
-0.00085
-0.00095
-0.00159
-0.00171
-0.00079
0.00040
0.00095
0.00104
0.00174
0.00143
-0.00003
-0.00076
-0.00168
-0.00146
-0.00101
-0.00073
-0.00131
-0.00259
-0.00275
-0.00275
-0.00220
-0.00119
-0.00073
0.00061
0.00137
0.00107
0.00064
-0.00055
-0.00092
-0.00034
0.00037
0.00006
-0.00107
-0.00012
0.00107
0.00061
0.00122
0.00037
-0.00034
-0.00082
-0.00146
-0.00146
-0.00204
-0.00168
-0.00052
0.00000
0.00034
0.00055
-0.00009
-0.00085
-0.00095
-0.00150
-0.00171
-0.00122
-0.00070
-0.00092
-0.00095
-0.00067
-0.00070
-0.00037
-0.00046
-0.00061
-0.00046
-0.00043
-0.00073
-0.00089
-0.00067
-0.00085
-0.00101
-0.00076
-0.00092
-0.00150
-0.00143
-0.00079
-0.00040
0.00000
0.00009
0.00015
0.00040
0.00073
0.00098
0.00085
0.00037
-0.00015
-0.00052
-0.00061
-0.00067
-0.00089
-0.00095
-0.00076
-0.00052
-0.00037
-0.00015
-0.00006
-0.00012
0.00003
0.00000
0.00000
0.00000
0.00000
0.00000
0.00000
0.00000
0.00000
0.00000
0.00000
0.00000
0.00000
0.00000
0.00000
0.00000
0.00000
0.00000
0.00000
0.00000
0.00000
0.00000
0.00000
0.00000
0.00000
0.00000
0.00000
0.00000
0.00000
0.00000
0.00000
0.00000
0.00000
0.00000
0.00000
0.00000
0.00000
0.00000
0.00000
0.00000
0.00000
0.00000
0.00000
0.00000
0.00000
0.00000
0.00000
0.00000
0.00000
0.00000
0.00000
0.00000
0.00000
0.00000
0.00000
0.00000
0.00000
0.00000
0.00000
0.00000
0.00000
0.00000
0.00000
0.00000
0.00000
0.00000
0.00000
0.00000
0.00000
0.00000
0.00000
0.00000
0.00000
0.00000
0.00000
0.00000
0.00000
0.00000
0.00000
0.00000
0.00000
0.00000
0.00000
0.00000
0.00000
0.00000
0.00000
0.00000
0.00000
0.00000
0.00000
0.00000
0.00000
0.00000
0.00000
0.00000
0.00000
0.00000
0.00000
0.00000
0.00000
0.00000
0.00000
0.00000
0.00000
0.00000
0.00000
0.00000
0.00000
0.00000
0.00000
0.00000
0.00000
0.00000
0.00000
0.00000
0.00000
0.00000
0.00000
0.00000
0.00000
0.00000
0.00000
0.00000
0.00000
0.00000
0.00000
0.00000
0.00000
0.00000
0.00000
0.00000
0.00000
0.00000
0.00000
0.00000
0.00000
0.00000
0.00000
0.00000
0.00000
0.00000
0.00000
0.00000
0.00000
0.00000
0.00000
0.00000
0.00000
0.00000
0.00000
0.00000
0.00000
0.00000
0.00000
0.00000
0.00000
0.00000
0.00000
0.00000
0.00000
0.00000
