-0.00015
-0.00018
-0.00015
-0.00015
-0.00018
-0.00015
-0.00015
-0.00015
-0.00015
-0.00015
-0.00015
-0.00015
-0.00015
-0.00015
-0.00015
-0.00018
-0.00015
-0.00015
-0.00015
-0.00018
-0.00018
-0.00018
-0.00021
-0.00024
-0.00021
-0.00021
-0.00021
-0.00015
-0.00015
-0.00021
-0.00018
-0.00018
-0.00024
-0.00024
-0.00027
-0.00015
-0.00021
-0.00021
-0.00021
-0.00024
-0.00024
-0.00027
-0.00024
-0.00021
-0.00024
-0.00024
-0.00024
-0.00024
-0.00024
-0.00027
-0.00024
-0.00024
-0.00027
-0.00027
-0.00027
-0.00027
-0.00031
-0.00024
-0.00021
-0.00024
-0.00024
-0.00024
-0.00031
-0.00031
-0.00034
-0.00034
-0.00031
-0.00027
-0.00031
-0.00027
-0.00024
-0.00034
-0.00034
-0.00031
-0.00034
-0.00034
-0.00027
-0.00027
-0.00031
-0.00031
-0.00027
-0.00027
-0.00027
-0.00027
-0.00024
-0.00031
-0.00031
-0.00031
-0.00034
-0.00034
-0.00031
-0.00031
-0.00031
-0.00031
-0.00031
-0.00034
-0.00031
-0.00034
-0.00037
-0.00034
-0.00034
-0.00037
-0.00034
-0.00031
-0.00034
-0.00037
-0.00031
-0.00034
-0.00034
-0.00034
-0.00034
-0.00034
-0.00031
-0.00031
-0.00034
-0.00034
-0.00037
-0.00040
-0.00037
-0.00037
-0.00034
-0.00034
-0.00027
-0.00031
-0.00034
-0.00034
-0.00034
-0.00031
-0.00034
-0.00034
-0.00031
-0.00031
-0.00034
-0.00037
-0.00034
-0.00037
-0.00037
-0.00034
-0.00034
-0.00034
-0.00034
-0.00031
-0.00034
-0.00031
-0.00031
-0.00034
-0.00034
-0.00034
-0.00034
-0.00037
-0.00034
-0.00031
-0.00031
-0.00034
-0.00031
-0.00034
-0.00037
-0.00037
-0.00034
-0.00031
-0.00027
-0.00027
-0.00027
-0.00031
-0.00034
-0.00037
-0.00040
-0.00037
-0.00037
-0.00037
-0.00031
-0.00034
-0.00034
-0.00031
-0.00027
-0.00034
-0.00034
-0.00031
-0.00037
-0.00037
-0.00037
-0.00034
-0.00037
-0.00034
-0.00031
-0.00021
-0.00034
-0.00055
-0.00046
-0.00046
-0.00034
-0.00037
0.00021
-0.00043
-0.00485
-0.04166
-0.06229
-0.02945
0.00876
0.03061
0.03253
0.02704
0.02179
0.01965
0.00311
-0.01501
-0.01599
-0.01016
-0.00516
0.00507
0.00696
0.00012
-0.00018
0.00137
0.00116
0.00504
0.00311
-0.00232
0.00110
0.00449
0.00189
0.00122
0.00323
0.00034
-0.00119
-0.00137
-0.00357
-0.00375
-0.00082
0.00082
0.00137
0.00250
0.00284
0.00317
0.00378
0.00360
0.00122
-0.00110
-0.00183
-0.00159
-0.00055
0.00101
0.00089
-0.00040
-0.00043
0.00128
0.00214
0.00220
0.00232
0.00143
0.00009
-0.00034
-0.00037
-0.00012
0.00000
0.00000
-0.00031
-0.00076
-0.00113
-0.00171
-0.00125
0.00000
0.00104
0.00125
0.00146
0.00153
0.00049
-0.00009
-0.00027
-0.00073
-0.00095
-0.00085
-0.00055
-0.00043
-0.00073
-0.00119
-0.00180
-0.00189
-0.00201
-0.00192
-0.00073
0.00037
0.00055
0.00040
0.00000
-0.00061
-0.00113
-0.00089
-0.00089
-0.00101
-0.00082
-0.00049
0.00052
0.00040
0.00034
0.00024
0.00000
-0.00015
-0.00113
-0.00146
-0.00168
-0.00153
-0.00110
-0.00082
-0.00040
-0.00021
-0.00009
-0.00034
-0.00061
-0.00070
-0.00082
-0.00110
-0.00134
-0.00146
-0.00146
-0.00113
-0.00067
-0.00055
-0.00073
-0.00089
-0.00089
-0.00073
-0.00058
-0.00064
-0.00082
-0.00095
-0.00085
-0.00089
-0.00089
-0.00079
-0.00089
-0.00098
-0.00089
-0.00079
-0.00079
-0.00076
-0.00061
-0.00031
0.00018
0.00055
0.00049
0.00009
-0.00034
-0.00052
-0.00052
-0.00049
-0.00061
-0.00092
-0.00104
-0.00101
-0.00082
-0.00061
-0.00040
-0.00024
-0.00031
-0.00043
-0.00049
-0.00052
-0.00034
-0.00021
-0.00021
-0.00024
-0.00015
-0.00006
-0.00009
-0.00012
-0.00015
-0.00024
-0.00012
0.00012
0.00031
0.00043
0.00049
0.00052
0.00040
-0.00015
-0.00064
-0.00052
-0.00018
-0.00021
-0.00046
-0.00031
-0.00003
0.00000
0.00000
0.00000
0.00000
0.00000
0.00000
0.00000
0.00000
0.00000
0.00000
0.00000
0.00000
0.00000
0.00000
0.00000
0.00000
0.00000
0.00000
0.00000
0.00000
0.00000
0.00000
0.00000
0.00000
0.00000
0.00000
0.00000
0.00000
0.00000
0.00000
0.00000
0.00000
0.00000
0.00000
0.00000
0.00000
0.00000
0.00000
0.00000
0.00000
0.00000
0.00000
0.00000
0.00000
0.00000
0.00000
0.00000
0.00000
0.00000
0.00000
0.00000
0.00000
0.00000
0.00000
0.00000
0.00000
0.00000
0.00000
0.00000
0.00000
0.00000
0.00000
0.00000
0.00000
0.00000
0.00000
0.00000
0.00000
0.00000
0.00000
0.00000
0.00000
0.00000
0.00000
0.00000
0.00000
0.00000
0.00000
0.00000
0.00000
0.00000
0.00000
0.00000
0.00000
0.00000
0.00000
0.00000
0.00000
0.00000
0.00000
0.00000
0.00000
0.00000
0.00000
0.00000
0.00000
0.00000
0.00000
0.00000
0.00000
0.00000
0.00000
0.00000
0.00000
0.00000
0.00000
0.00000
0.00000
0.00000
0.00000
0.00000
0.00000
0.00000
0.00000
0.00000
0.00000
0.00000
0.00000
0.00000
0.00000
0.00000
0.00000
0.00000
0.00000
0.00000
0.00000
0.00000
0.00000
0.00000
