-0.00006
-0.00003
-0.00006
-0.00006
-0.00009
-0.00006
-0.00006
-0.00003
-0.00006
-0.00006
-0.00003
-0.00006
-0.00009
-0.00006
-0.00003
-0.00006
-0.00009
0.00000
-0.00003
-0.00009
-0.00006
-0.00003
-0.00009
-0.00009
-0.00006
-0.00006
-0.00006
-0.00006
-0.00009
-0.00009
-0.00006
-0.00006
-0.00006
0.00000
-0.00012
-0.00006
-0.00006
-0.00006
-0.00012
-0.00012
0.00000
-0.00003
-0.00006
-0.00003
-0.00003
-0.00006
-0.00009
-0.00012
-0.00009
-0.00006
-0.00006
-0.00003
-0.00003
-0.00003
-0.00006
-0.00009
-0.00006
-0.00009
-0.00009
-0.00006
-0.00006
-0.00006
-0.00006
-0.00006
-0.00006
-0.00009
-0.00003
-0.00003
-0.00009
-0.00009
-0.00006
-0.00006
-0.00009
-0.00009
-0.00006
-0.00006
-0.00006
-0.00006
-0.00006
-0.00006
-0.00009
-0.00006
0.00000
-0.00003
-0.00006
-0.00006
-0.00003
-0.00006
-0.00009
-0.00006
-0.00003
-0.00009
-0.00006
-0.00003
-0.00003
-0.00006
0.00000
-0.00003
-0.00006
-0.00003
0.00000
-0.00003
-0.00006
-0.00006
-0.00003
-0.00006
-0.00006
-0.00006
-0.00003
-0.00003
-0.00006
-0.00006
-0.00003
-0.00006
-0.00012
-0.00006
-0.00003
-0.00009
-0.00009
-0.00006
-0.00006
-0.00006
-0.00003
-0.00003
-0.00006
-0.00006
-0.00009
-0.00009
-0.00009
-0.00009
-0.00009
-0.00006
-0.00003
-0.00009
-0.00006
-0.00003
-0.00009
-0.00012
-0.00009
-0.00009
-0.00012
-0.00009
-0.00006
-0.00006
-0.00009
-0.00009
-0.00009
-0.00009
-0.00009
-0.00009
-0.00009
-0.00012
-0.00009
-0.00009
-0.00009
-0.00009
-0.00012
-0.00009
-0.00012
-0.00015
-0.00015
-0.00012
-0.00012
-0.00012
-0.00009
-0.00009
-0.00012
-0.00012
-0.00012
-0.00012
-0.00015
-0.00015
-0.00015
-0.00012
-0.00012
-0.00012
-0.00012
-0.00015
-0.00015
-0.00015
-0.00015
-0.00015
-0.00015
-0.00012
-0.00009
-0.00006
-0.00024
-0.00037
-0.00027
-0.00027
-0.00006
-0.00018
0.00052
-0.00046
-0.00632
-0.04907
-0.06253
-0.01968
0.01129
0.03174
0.03232
0.02591
0.02225
0.01828
0.00134
-0.01520
-0.01337
-0.00995
-0.00464
0.00729
0.00537
-0.00177
0.00067
0.00153
0.00125
0.00711
0.00293
-0.00284
0.00201
0.00421
0.00070
0.00165
0.00284
-0.00052
-0.00015
-0.00034
-0.00385
-0.00314
-0.00031
0.00006
0.00116
0.00308
0.00317
0.00317
0.00375
0.00354
0.00116
-0.00137
-0.00189
-0.00098
0.00015
0.00140
0.00125
-0.00006
-0.00037
0.00107
0.00153
0.00174
0.00235
0.00134
0.00021
0.00000
0.00003
0.00009
0.00003
0.00024
-0.00049
-0.00095
-0.00125
-0.00150
-0.00055
0.00061
0.00122
0.00171
0.00162
0.00095
-0.00003
-0.00067
-0.00079
-0.00070
-0.00037
-0.00037
-0.00037
-0.00024
-0.00082
-0.00131
-0.00183
-0.00217
-0.00226
-0.00180
-0.00064
0.00043
0.00073
0.00049
-0.00006
-0.00067
-0.00095
-0.00079
-0.00098
-0.00070
-0.00055
0.00003
0.00095
0.00055
0.00043
0.00000
-0.00034
-0.00101
-0.00180
-0.00171
-0.00177
-0.00125
-0.00070
-0.00027
0.00006
0.00003
-0.00021
-0.00061
-0.00067
-0.00085
-0.00107
-0.00119
-0.00140
-0.00150
-0.00137
-0.00113
-0.00079
-0.00055
-0.00070
-0.00079
-0.00079
-0.00073
-0.00067
-0.00070
-0.00082
-0.00104
-0.00104
-0.00095
-0.00085
-0.00082
-0.00095
-0.00110
-0.00110
-0.00082
-0.00067
-0.00061
-0.00049
-0.00018
0.00031
0.00055
0.00043
0.00003
-0.00043
-0.00067
-0.00073
-0.00064
-0.00070
-0.00098
-0.00107
-0.00104
-0.00085
-0.00064
-0.00040
-0.00031
-0.00046
-0.00052
-0.00058
-0.00049
-0.00024
-0.00024
-0.00024
-0.00021
-0.00018
-0.00012
-0.00015
-0.00018
-0.00034
-0.00027
-0.00003
0.00000
0.00000
0.00000
0.00000
0.00000
0.00000
0.00000
0.00000
0.00000
0.00000
0.00000
0.00000
0.00000
0.00000
0.00000
0.00000
0.00000
0.00000
0.00000
0.00000
0.00000
0.00000
0.00000
0.00000
0.00000
0.00000
0.00000
0.00000
0.00000
0.00000
0.00000
0.00000
0.00000
0.00000
0.00000
0.00000
0.00000
0.00000
0.00000
0.00000
0.00000
0.00000
0.00000
0.00000
0.00000
0.00000
0.00000
0.00000
0.00000
0.00000
0.00000
0.00000
0.00000
0.00000
0.00000
0.00000
0.00000
0.00000
0.00000
0.00000
0.00000
0.00000
0.00000
0.00000
0.00000
0.00000
0.00000
0.00000
0.00000
0.00000
0.00000
0.00000
0.00000
0.00000
0.00000
0.00000
0.00000
0.00000
0.00000
0.00000
0.00000
0.00000
0.00000
0.00000
0.00000
0.00000
0.00000
0.00000
0.00000
0.00000
0.00000
0.00000
0.00000
0.00000
0.00000
0.00000
0.00000
0.00000
0.00000
0.00000
0.00000
0.00000
0.00000
0.00000
0.00000
0.00000
0.00000
0.00000
0.00000
0.00000
0.00000
0.00000
0.00000
0.00000
0.00000
0.00000
0.00000
0.00000
0.00000
0.00000
0.00000
0.00000
0.00000
0.00000
0.00000
0.00000
0.00000
0.00000
0.00000
0.00000
0.00000
0.00000
0.00000
0.00000
0.00000
0.00000
0.00000
0.00000
0.00000
0.00000
0.00000
0.00000
0.00000
