-0.00024
-0.00027
-0.00027
-0.00024
-0.00024
-0.00034
-0.00027
-0.00021
-0.00027
-0.00027
-0.00021
-0.00021
-0.00031
-0.00031
-0.00031
-0.00027
-0.00027
-0.00024
-0.00024
-0.00027
-0.00027
-0.00031
-0.00034
-0.00031
-0.00024
-0.00024
-0.00024
-0.00024
-0.00027
-0.00027
-0.00027
-0.00031
-0.00034
-0.00027
-0.00037
-0.00024
-0.00031
-0.00027
-0.00027
-0.00034
-0.00027
-0.00024
-0.00024
-0.00027
-0.00024
-0.00027
-0.00027
-0.00031
-0.00031
-0.00027
-0.00031
-0.00027
-0.00024
-0.00027
-0.00027
-0.00027
-0.00031
-0.00034
-0.00037
-0.00031
-0.00027
-0.00037
-0.00024
-0.00021
-0.00027
-0.00031
-0.00034
-0.00031
-0.00027
-0.00024
-0.00024
-0.00027
-0.00027
-0.00031
-0.00031
-0.00034
-0.00031
-0.00027
-0.00027
-0.00027
-0.00031
-0.00037
-0.00034
-0.00031
-0.00034
-0.00031
-0.00027
-0.00027
-0.00031
-0.00027
-0.00031
-0.00037
-0.00027
-0.00027
-0.00024
-0.00021
-0.00027
-0.00034
-0.00027
-0.00031
-0.00037
-0.00031
-0.00027
-0.00024
-0.00024
-0.00027
-0.00027
-0.00031
-0.00031
-0.00031
-0.00027
-0.00024
-0.00024
-0.00021
-0.00021
-0.00021
-0.00024
-0.00027
-0.00027
-0.00031
-0.00031
-0.00024
-0.00024
-0.00024
-0.00024
-0.00018
-0.00018
-0.00018
-0.00021
-0.00021
-0.00024
-0.00027
-0.00027
-0.00027
-0.00021
-0.00018
-0.00021
-0.00024
-0.00024
-0.00021
-0.00024
-0.00024
-0.00021
-0.00024
-0.00027
-0.00021
-0.00021
-0.00021
-0.00021
-0.00021
-0.00021
-0.00021
-0.00027
-0.00031
-0.00027
-0.00027
-0.00024
-0.00021
-0.00021
-0.00021
-0.00024
-0.00024
-0.00024
-0.00027
-0.00018
-0.00021
-0.00021
-0.00021
-0.00027
-0.00024
-0.00021
-0.00018
-0.00021
-0.00024
-0.00021
-0.00021
-0.00015
-0.00024
-0.00015
-0.00031
-0.00015
-0.00015
-0.00037
0.00000
-0.00089
0.00076
-0.00168
-0.01617
-0.11978
-0.10812
0.01596
0.05130
0.07489
0.05316
0.04208
0.04092
0.02628
-0.01889
-0.05066
-0.02396
-0.01013
0.00555
0.02512
0.00449
-0.01419
-0.00095
0.00085
-0.00131
0.01282
0.00174
-0.00748
0.00677
0.00958
0.00012
0.00574
0.00745
-0.00305
-0.00031
-0.00223
-0.01010
-0.00610
0.00302
0.00067
-0.00052
0.00565
0.00488
0.00308
0.00583
0.00549
0.00137
-0.00122
-0.00302
-0.00403
-0.00146
0.00101
-0.00073
-0.00192
-0.00021
0.00156
0.00125
0.00183
0.00134
-0.00067
0.00003
0.00403
0.00375
0.00320
0.00333
0.00089
-0.00180
-0.00229
-0.00375
-0.00562
-0.00354
-0.00082
0.00067
0.00220
0.00308
0.00269
0.00204
0.00278
0.00122
-0.00061
-0.00092
-0.00275
-0.00287
-0.00150
-0.00110
-0.00101
-0.00171
-0.00177
-0.00296
-0.00287
-0.00174
-0.00168
-0.00079
0.00018
0.00101
0.00211
0.00208
0.00195
-0.00021
-0.00174
-0.00134
-0.00134
-0.00134
-0.00171
-0.00192
0.00021
0.00058
0.00107
0.00244
0.00134
0.00201
0.00021
-0.00119
-0.00076
-0.00156
-0.00238
-0.00192
-0.00095
-0.00095
-0.00046
-0.00040
-0.00162
-0.00067
-0.00037
-0.00143
-0.00113
-0.00049
-0.00040
-0.00040
0.00009
-0.00027
-0.00079
-0.00067
-0.00131
-0.00137
-0.00089
-0.00110
-0.00095
-0.00058
-0.00104
-0.00156
-0.00116
-0.00043
-0.00006
0.00049
0.00064
0.00000
0.00009
0.00061
0.00067
0.00061
0.00037
0.00000
-0.00040
-0.00046
-0.00040
-0.00055
-0.00061
-0.00061
-0.00070
-0.00064
-0.00037
-0.00034
-0.00031
0.00034
0.00082
0.00076
0.00061
0.00027
-0.00058
-0.00119
-0.00122
-0.00104
-0.00085
-0.00076
-0.00043
0.00003
0.00000
0.00000
0.00000
0.00000
0.00000
0.00000
0.00000
0.00000
0.00000
0.00000
0.00000
0.00000
0.00000
0.00000
0.00000
0.00000
0.00000
0.00000
0.00000
0.00000
0.00000
0.00000
0.00000
0.00000
0.00000
0.00000
0.00000
0.00000
0.00000
0.00000
0.00000
0.00000
0.00000
0.00000
0.00000
0.00000
0.00000
0.00000
0.00000
0.00000
0.00000
0.00000
0.00000
0.00000
0.00000
0.00000
0.00000
0.00000
0.00000
0.00000
0.00000
0.00000
0.00000
0.00000
0.00000
0.00000
0.00000
0.00000
0.00000
0.00000
0.00000
0.00000
0.00000
0.00000
0.00000
0.00000
0.00000
0.00000
0.00000
0.00000
0.00000
0.00000
0.00000
0.00000
0.00000
0.00000
0.00000
0.00000
0.00000
0.00000
0.00000
0.00000
0.00000
0.00000
0.00000
0.00000
0.00000
0.00000
0.00000
0.00000
0.00000
0.00000
0.00000
0.00000
0.00000
0.00000
0.00000
0.00000
0.00000
0.00000
0.00000
0.00000
0.00000
0.00000
0.00000
0.00000
0.00000
0.00000
0.00000
0.00000
0.00000
0.00000
0.00000
0.00000
0.00000
0.00000
0.00000
0.00000
0.00000
0.00000
0.00000
0.00000
0.00000
0.00000
0.00000
0.00000
0.00000
0.00000
0.00000
0.00000
0.00000
0.00000
0.00000
0.00000
0.00000
0.00000
0.00000
0.00000
0.00000
0.00000
0.00000
0.00000
0.00000
0.00000
0.00000
0.00000
0.00000
0.00000
0.00000
0.00000
0.00000
0.00000
