-0.00003
-0.00006
-0.00003
-0.00003
-0.00006
-0.00006
-0.00006
-0.00006
-0.00003
0.00000
-0.00003
-0.00003
-0.00003
-0.00003
-0.00006
-0.00006
-0.00006
-0.00006
-0.00003
0.00000
0.00000
-0.00003
-0.00003
-0.00006
-0.00009
-0.00009
-0.00006
-0.00003
0.00000
0.00000
-0.00003
0.00000
-0.00003
-0.00003
-0.00015
0.00000
-0.00003
-0.00003
0.00000
-0.00003
-0.00003
-0.00006
-0.00009
-0.00006
-0.00006
-0.00003
0.00000
0.00000
-0.00003
-0.00003
-0.00003
-0.00003
-0.00003
-0.00006
-0.00003
-0.00003
-0.00006
-0.00003
-0.00003
-0.00003
-0.00003
-0.00003
0.00000
-0.00009
-0.00009
0.00000
-0.00006
-0.00006
-0.00003
-0.00003
0.00000
0.00000
-0.00003
-0.00003
-0.00003
0.00000
-0.00003
-0.00006
-0.00003
-0.00003
-0.00003
0.00000
0.00000
-0.00003
-0.00003
0.00000
-0.00003
-0.00006
-0.00006
-0.00006
-0.00006
-0.00003
0.00000
-0.00003
0.00000
0.00000
-0.00003
0.00000
-0.00006
-0.00006
0.00000
0.00000
-0.00003
-0.00006
-0.00003
0.00000
-0.00006
-0.00006
-0.00003
-0.00003
-0.00006
0.00000
0.00000
0.00000
-0.00003
-0.00003
-0.00003
-0.00003
-0.00003
-0.00006
-0.00003
0.00000
-0.00003
-0.00006
-0.00003
-0.00006
-0.00006
-0.00003
-0.00003
-0.00003
-0.00006
-0.00003
-0.00006
-0.00009
-0.00006
-0.00006
-0.00003
-0.00003
-0.00003
-0.00009
-0.00006
-0.00006
-0.00006
-0.00006
-0.00006
-0.00003
-0.00009
-0.00006
-0.00006
-0.00009
-0.00006
-0.00006
-0.00006
-0.00006
-0.00006
-0.00006
-0.00006
-0.00006
-0.00009
-0.00009
-0.00009
-0.00006
-0.00006
-0.00009
-0.00006
-0.00006
-0.00009
-0.00009
-0.00006
-0.00006
-0.00012
-0.00009
-0.00009
-0.00009
-0.00009
-0.00009
-0.00009
-0.00006
-0.00006
-0.00009
-0.00012
0.00000
-0.00021
0.00015
-0.00058
0.00055
-0.00116
0.00137
-0.00223
-0.00153
-0.06583
-0.10461
-0.01352
0.02213
0.03610
0.04895
0.03519
0.03781
0.03601
0.00095
-0.02539
-0.01923
-0.01083
-0.01059
0.01123
0.00928
-0.00809
0.00189
0.00339
-0.00308
0.01056
0.00702
-0.00659
0.00107
0.00711
-0.00104
0.00208
0.00693
-0.00162
-0.00177
-0.00018
-0.00583
-0.00403
0.00208
0.00226
0.00098
0.00391
0.00433
0.00345
0.00372
0.00418
0.00101
-0.00104
-0.00229
-0.00366
-0.00333
-0.00064
0.00006
-0.00082
0.00070
0.00394
0.00378
0.00296
0.00363
0.00140
-0.00259
-0.00180
-0.00131
-0.00009
0.00113
0.00165
0.00189
0.00134
0.00122
-0.00052
-0.00140
-0.00128
-0.00165
-0.00122
-0.00009
0.00104
0.00110
0.00134
0.00204
0.00101
-0.00049
-0.00125
-0.00192
-0.00159
-0.00104
-0.00055
-0.00150
-0.00253
-0.00266
-0.00269
-0.00201
-0.00122
-0.00064
0.00098
0.00143
0.00110
0.00055
-0.00058
-0.00101
-0.00027
0.00037
-0.00018
-0.00119
-0.00006
0.00098
0.00073
0.00107
0.00027
-0.00027
-0.00073
-0.00146
-0.00150
-0.00198
-0.00162
-0.00052
-0.00006
0.00021
0.00021
-0.00046
-0.00104
-0.00101
-0.00156
-0.00174
-0.00116
-0.00064
-0.00092
-0.00098
-0.00076
-0.00076
-0.00052
-0.00061
-0.00067
-0.00049
-0.00052
-0.00079
-0.00085
-0.00079
-0.00113
-0.00119
-0.00085
-0.00101
-0.00150
-0.00131
-0.00076
-0.00043
-0.00003
0.00006
0.00021
0.00040
0.00064
0.00085
0.00064
0.00009
-0.00040
-0.00067
-0.00067
-0.00082
-0.00104
-0.00101
-0.00085
-0.00067
-0.00049
-0.00018
-0.00009
-0.00015
0.00000
0.00000
0.00000
0.00000
0.00000
0.00000
0.00000
0.00000
0.00000
0.00000
0.00000
0.00000
0.00000
0.00000
0.00000
0.00000
0.00000
0.00000
0.00000
0.00000
0.00000
0.00000
0.00000
0.00000
0.00000
0.00000
0.00000
0.00000
0.00000
0.00000
0.00000
0.00000
0.00000
0.00000
0.00000
0.00000
0.00000
0.00000
0.00000
0.00000
0.00000
0.00000
0.00000
0.00000
0.00000
0.00000
0.00000
0.00000
0.00000
0.00000
0.00000
0.00000
0.00000
0.00000
0.00000
0.00000
0.00000
0.00000
0.00000
0.00000
0.00000
0.00000
0.00000
0.00000
0.00000
0.00000
0.00000
0.00000
0.00000
0.00000
0.00000
0.00000
0.00000
0.00000
0.00000
0.00000
0.00000
0.00000
0.00000
0.00000
0.00000
0.00000
0.00000
0.00000
0.00000
0.00000
0.00000
0.00000
0.00000
0.00000
0.00000
0.00000
0.00000
0.00000
0.00000
0.00000
0.00000
0.00000
0.00000
0.00000
0.00000
0.00000
0.00000
0.00000
0.00000
0.00000
0.00000
0.00000
0.00000
0.00000
0.00000
0.00000
0.00000
0.00000
0.00000
0.00000
0.00000
0.00000
0.00000
0.00000
0.00000
0.00000
0.00000
0.00000
0.00000
0.00000
0.00000
0.00000
0.00000
0.00000
0.00000
0.00000
0.00000
0.00000
0.00000
0.00000
0.00000
0.00000
0.00000
0.00000
0.00000
0.00000
0.00000
0.00000
0.00000
0.00000
0.00000
0.00000
0.00000
0.00000
0.00000
0.00000
0.00000
0.00000
0.00000
0.00000
0.00000
0.00000
0.00000
0.00000
0.00000
0.00000
