-0.00040
-0.00037
-0.00031
-0.00034
-0.00037
-0.00034
-0.00034
-0.00034
-0.00034
-0.00037
-0.00037
-0.00037
-0.00037
-0.00040
-0.00034
-0.00034
-0.00034
-0.00031
-0.00027
-0.00031
-0.00031
-0.00024
-0.00024
-0.00031
-0.00031
-0.00027
-0.00034
-0.00037
-0.00034
-0.00037
-0.00034
-0.00031
-0.00027
-0.00027
-0.00037
-0.00021
-0.00031
-0.00027
-0.00031
-0.00034
-0.00027
-0.00027
-0.00024
-0.00021
-0.00018
-0.00024
-0.00021
-0.00021
-0.00024
-0.00027
-0.00027
-0.00024
-0.00024
-0.00021
-0.00018
-0.00018
-0.00024
-0.00024
-0.00024
-0.00024
-0.00024
-0.00021
-0.00021
-0.00024
-0.00021
-0.00018
-0.00024
-0.00021
-0.00018
-0.00018
-0.00015
-0.00021
-0.00021
-0.00015
-0.00018
-0.00021
-0.00015
-0.00015
-0.00021
-0.00018
-0.00018
-0.00018
-0.00015
-0.00015
-0.00012
-0.00012
-0.00012
-0.00012
-0.00009
-0.00012
-0.00018
-0.00021
-0.00021
-0.00021
-0.00018
-0.00015
-0.00015
-0.00015
-0.00012
-0.00009
-0.00012
-0.00012
-0.00012
-0.00012
-0.00009
-0.00012
-0.00009
-0.00009
-0.00009
-0.00015
-0.00012
-0.00009
-0.00012
-0.00012
-0.00009
-0.00006
-0.00006
-0.00006
-0.00009
-0.00006
-0.00006
-0.00006
-0.00006
-0.00009
-0.00006
-0.00009
-0.00006
-0.00003
-0.00006
-0.00003
-0.00003
-0.00003
-0.00003
-0.00006
-0.00006
-0.00009
-0.00006
-0.00003
0.00000
0.00000
0.00000
0.00000
-0.00003
-0.00003
-0.00003
0.00000
-0.00003
-0.00003
0.00000
-0.00003
-0.00006
-0.00006
-0.00003
0.00000
-0.00003
0.00000
0.00000
0.00000
-0.00003
0.00000
0.00000
0.00000
0.00000
0.00000
0.00000
-0.00003
-0.00003
0.00000
0.00003
0.00003
0.00003
0.00006
0.00000
-0.00006
-0.00003
-0.00003
-0.00003
0.00000
0.00000
0.00003
0.00003
0.00003
0.00000
0.00003
0.00003
-0.00009
0.00009
-0.00037
0.00040
-0.00073
0.00122
-0.00131
-0.00153
-0.05237
-0.07483
-0.01852
0.00635
0.02808
0.03690
0.03159
0.03183
0.02701
0.00372
-0.01474
-0.01456
-0.01230
-0.00970
0.00751
0.00845
-0.00171
0.00201
0.00031
-0.00229
0.00793
0.00455
-0.00180
0.00317
0.00571
-0.00018
0.00116
0.00284
-0.00195
-0.00064
0.00098
-0.00180
-0.00153
0.00162
0.00162
0.00104
0.00253
0.00253
0.00153
0.00137
0.00186
0.00034
-0.00055
0.00027
0.00104
0.00113
0.00253
0.00171
-0.00052
-0.00040
0.00116
0.00110
0.00119
0.00238
0.00183
0.00061
0.00104
0.00095
0.00000
-0.00107
-0.00098
-0.00052
0.00049
0.00119
0.00107
0.00153
0.00146
0.00055
-0.00012
-0.00079
-0.00073
-0.00073
0.00003
0.00110
0.00122
0.00104
0.00027
-0.00037
-0.00037
-0.00089
-0.00137
-0.00204
-0.00217
-0.00204
-0.00192
-0.00116
-0.00021
0.00067
0.00095
0.00073
0.00037
-0.00055
-0.00046
-0.00009
-0.00021
-0.00061
-0.00015
0.00095
0.00162
0.00146
0.00104
-0.00003
-0.00092
-0.00128
-0.00211
-0.00229
-0.00247
-0.00113
0.00034
0.00043
0.00128
0.00104
0.00018
-0.00040
-0.00110
-0.00134
-0.00180
-0.00140
-0.00085
-0.00092
-0.00076
-0.00070
-0.00055
-0.00043
-0.00067
-0.00055
-0.00037
-0.00037
-0.00046
-0.00058
-0.00064
-0.00073
-0.00095
-0.00089
-0.00085
-0.00104
-0.00122
-0.00107
-0.00067
-0.00034
-0.00009
0.00012
0.00040
0.00055
0.00067
0.00061
0.00031
0.00000
-0.00031
-0.00049
-0.00055
-0.00061
-0.00079
-0.00092
-0.00076
-0.00052
-0.00027
-0.00021
-0.00018
-0.00018
-0.00034
-0.00034
-0.00031
-0.00012
-0.00009
-0.00015
0.00003
0.00006
0.00000
0.00000
0.00000
0.00000
0.00000
0.00000
0.00000
0.00000
0.00000
0.00000
0.00000
0.00000
0.00000
0.00000
0.00000
0.00000
0.00000
0.00000
0.00000
0.00000
0.00000
0.00000
0.00000
0.00000
0.00000
0.00000
0.00000
0.00000
0.00000
0.00000
0.00000
0.00000
0.00000
0.00000
0.00000
0.00000
0.00000
0.00000
0.00000
0.00000
0.00000
0.00000
0.00000
0.00000
0.00000
0.00000
0.00000
0.00000
0.00000
0.00000
0.00000
0.00000
0.00000
0.00000
0.00000
0.00000
0.00000
0.00000
0.00000
0.00000
0.00000
0.00000
0.00000
0.00000
0.00000
0.00000
0.00000
0.00000
0.00000
0.00000
0.00000
0.00000
0.00000
0.00000
0.00000
0.00000
0.00000
0.00000
0.00000
0.00000
0.00000
0.00000
0.00000
0.00000
0.00000
0.00000
0.00000
0.00000
0.00000
0.00000
0.00000
0.00000
0.00000
0.00000
0.00000
0.00000
0.00000
0.00000
0.00000
0.00000
0.00000
0.00000
0.00000
0.00000
0.00000
0.00000
0.00000
0.00000
0.00000
0.00000
0.00000
0.00000
0.00000
0.00000
0.00000
0.00000
0.00000
0.00000
0.00000
0.00000
0.00000
0.00000
0.00000
0.00000
0.00000
0.00000
0.00000
0.00000
0.00000
0.00000
0.00000
0.00000
0.00000
0.00000
0.00000
0.00000
0.00000
0.00000
0.00000
0.00000
0.00000
0.00000
0.00000
0.00000
0.00000
0.00000
0.00000
0.00000
0.00000
0.00000
0.00000
