-0.00012
-0.00012
-0.00012
-0.00012
-0.00012
-0.00015
-0.00018
-0.00009
-0.00009
-0.00012
-0.00012
-0.00012
-0.00021
-0.00024
-0.00018
-0.00012
-0.00009
-0.00006
-0.00006
-0.00006
-0.00012
-0.00015
-0.00018
-0.00018
-0.00018
-0.00018
-0.00015
-0.00015
-0.00018
-0.00015
-0.00009
-0.00015
-0.00018
-0.00021
-0.00024
-0.00009
-0.00018
-0.00015
-0.00012
-0.00015
-0.00018
-0.00021
-0.00021
-0.00024
-0.00024
-0.00018
-0.00015
-0.00018
-0.00021
-0.00021
-0.00021
-0.00024
-0.00021
-0.00018
-0.00018
-0.00021
-0.00018
-0.00015
-0.00018
-0.00027
-0.00027
-0.00034
-0.00040
-0.00024
-0.00024
-0.00021
-0.00015
-0.00018
-0.00015
-0.00012
-0.00021
-0.00024
-0.00024
-0.00024
-0.00031
-0.00034
-0.00031
-0.00031
-0.00027
-0.00024
-0.00021
-0.00024
-0.00031
-0.00027
-0.00027
-0.00031
-0.00031
-0.00024
-0.00018
-0.00021
-0.00021
-0.00024
-0.00027
-0.00024
-0.00027
-0.00024
-0.00031
-0.00037
-0.00034
-0.00027
-0.00027
-0.00034
-0.00031
-0.00024
-0.00027
-0.00027
-0.00024
-0.00031
-0.00031
-0.00027
-0.00027
-0.00034
-0.00037
-0.00034
-0.00031
-0.00031
-0.00027
-0.00027
-0.00024
-0.00024
-0.00031
-0.00034
-0.00031
-0.00031
-0.00034
-0.00031
-0.00031
-0.00034
-0.00031
-0.00031
-0.00027
-0.00027
-0.00027
-0.00027
-0.00024
-0.00027
-0.00034
-0.00037
-0.00037
-0.00037
-0.00031
-0.00027
-0.00027
-0.00027
-0.00031
-0.00034
-0.00034
-0.00037
-0.00040
-0.00046
-0.00043
-0.00037
-0.00040
-0.00040
-0.00037
-0.00031
-0.00037
-0.00037
-0.00031
-0.00027
-0.00027
-0.00027
-0.00027
-0.00031
-0.00040
-0.00046
-0.00043
-0.00034
-0.00037
-0.00037
-0.00031
-0.00027
-0.00031
-0.00034
-0.00040
-0.00037
-0.00046
-0.00040
-0.00046
-0.00031
-0.00055
0.00000
-0.00070
0.00000
-0.00092
0.00027
-0.00122
-0.00037
-0.03699
-0.12280
-0.05731
0.02823
0.03995
0.05533
0.04044
0.03836
0.04254
0.01334
-0.02554
-0.03333
-0.01273
-0.00928
0.00464
0.01920
-0.00449
-0.00735
0.00400
-0.00391
0.00409
0.01202
-0.00418
-0.00485
0.00662
0.00430
0.00064
0.00812
0.00430
-0.00391
-0.00198
-0.00513
-0.00836
-0.00156
0.00266
0.00061
0.00220
0.00549
0.00330
0.00299
0.00586
0.00302
0.00000
-0.00180
-0.00305
-0.00391
-0.00208
-0.00137
-0.00262
-0.00186
0.00186
0.00311
0.00266
0.00302
0.00204
-0.00073
-0.00116
0.00082
0.00018
0.00113
0.00272
0.00156
0.00012
-0.00116
-0.00366
-0.00476
-0.00241
-0.00116
-0.00031
0.00146
0.00262
0.00180
0.00134
0.00186
0.00024
-0.00085
-0.00156
-0.00330
-0.00259
-0.00150
-0.00150
-0.00137
-0.00165
-0.00217
-0.00311
-0.00244
-0.00177
-0.00180
-0.00082
0.00040
0.00122
0.00128
0.00101
-0.00031
-0.00217
-0.00128
-0.00024
-0.00098
-0.00174
-0.00192
-0.00018
0.00131
0.00067
0.00122
0.00098
-0.00003
-0.00125
-0.00137
-0.00165
-0.00284
-0.00140
-0.00052
-0.00085
-0.00052
-0.00107
-0.00128
-0.00095
-0.00156
-0.00189
-0.00143
-0.00092
-0.00092
-0.00110
-0.00085
-0.00128
-0.00098
-0.00076
-0.00113
-0.00092
-0.00101
-0.00113
-0.00104
-0.00104
-0.00146
-0.00174
-0.00137
-0.00131
-0.00119
-0.00079
-0.00061
-0.00058
-0.00037
-0.00012
0.00015
0.00040
0.00037
0.00040
0.00006
-0.00043
-0.00076
-0.00079
-0.00073
-0.00113
-0.00131
-0.00110
-0.00101
-0.00095
-0.00082
-0.00040
-0.00003
0.00003
0.00012
0.00000
-0.00031
-0.00082
-0.00101
-0.00085
-0.00098
-0.00104
-0.00089
-0.00064
-0.00058
-0.00040
0.00003
0.00000
0.00000
0.00000
0.00000
0.00000
0.00000
0.00000
0.00000
0.00000
0.00000
0.00000
0.00000
0.00000
0.00000
0.00000
0.00000
0.00000
0.00000
0.00000
0.00000
0.00000
0.00000
0.00000
0.00000
0.00000
0.00000
0.00000
0.00000
0.00000
0.00000
0.00000
0.00000
0.00000
0.00000
0.00000
0.00000
0.00000
0.00000
0.00000
0.00000
0.00000
0.00000
0.00000
0.00000
0.00000
0.00000
0.00000
0.00000
0.00000
0.00000
0.00000
0.00000
0.00000
0.00000
0.00000
0.00000
0.00000
0.00000
0.00000
0.00000
0.00000
0.00000
0.00000
0.00000
0.00000
0.00000
0.00000
0.00000
0.00000
0.00000
0.00000
0.00000
0.00000
0.00000
0.00000
0.00000
0.00000
0.00000
0.00000
0.00000
0.00000
0.00000
0.00000
0.00000
0.00000
0.00000
0.00000
0.00000
0.00000
0.00000
0.00000
0.00000
0.00000
0.00000
0.00000
0.00000
0.00000
0.00000
0.00000
0.00000
0.00000
0.00000
0.00000
0.00000
0.00000
0.00000
0.00000
0.00000
0.00000
0.00000
0.00000
0.00000
0.00000
0.00000
0.00000
0.00000
0.00000
0.00000
0.00000
0.00000
0.00000
0.00000
0.00000
0.00000
0.00000
0.00000
0.00000
0.00000
0.00000
0.00000
0.00000
0.00000
0.00000
0.00000
0.00000
0.00000
0.00000
0.00000
0.00000
0.00000
0.00000
0.00000
0.00000
0.00000
0.00000
0.00000
0.00000
0.00000
0.00000
0.00000
