-0.00018
-0.00018
-0.00015
-0.00015
-0.00015
-0.00015
-0.00018
-0.00018
-0.00015
-0.00018
-0.00015
-0.00015
-0.00015
-0.00012
-0.00015
-0.00012
-0.00012
-0.00015
-0.00012
-0.00012
-0.00015
-0.00015
-0.00012
-0.00012
-0.00015
-0.00012
-0.00012
-0.00015
-0.00012
-0.00012
-0.00012
-0.00012
-0.00012
-0.00012
-0.00018
-0.00003
-0.00012
-0.00012
-0.00012
-0.00015
-0.00012
-0.00012
-0.00009
-0.00009
-0.00009
-0.00009
-0.00009
-0.00009
-0.00012
-0.00012
-0.00012
-0.00009
-0.00012
-0.00012
-0.00009
-0.00012
-0.00012
-0.00009
-0.00006
-0.00009
-0.00006
-0.00006
-0.00009
-0.00009
-0.00012
-0.00009
-0.00009
-0.00009
-0.00009
-0.00012
-0.00009
-0.00009
-0.00006
-0.00006
-0.00009
-0.00006
-0.00006
-0.00006
-0.00009
-0.00009
-0.00009
-0.00006
-0.00006
-0.00003
-0.00003
-0.00003
-0.00003
-0.00003
-0.00003
-0.00006
-0.00009
-0.00006
-0.00006
-0.00009
-0.00009
-0.00006
-0.00003
-0.00003
-0.00003
-0.00003
-0.00006
-0.00006
-0.00006
-0.00006
-0.00003
-0.00003
-0.00003
-0.00003
-0.00003
-0.00009
-0.00006
0.00000
-0.00003
-0.00006
0.00000
0.00000
-0.00003
-0.00003
-0.00003
-0.00006
0.00000
-0.00003
-0.00003
-0.00003
-0.00003
-0.00003
-0.00003
-0.00003
-0.00006
-0.00006
-0.00003
-0.00003
0.00000
0.00000
0.00000
0.00000
-0.00003
0.00000
0.00000
0.00000
0.00000
0.00000
-0.00003
-0.00003
-0.00003
-0.00003
-0.00003
0.00000
0.00000
0.00000
0.00000
0.00000
0.00000
-0.00003
0.00000
0.00000
0.00000
0.00000
0.00000
0.00000
0.00000
0.00000
0.00000
0.00000
0.00000
0.00000
-0.00003
-0.00003
-0.00003
-0.00003
-0.00003
0.00000
0.00000
0.00000
0.00000
0.00000
0.00000
-0.00003
0.00000
0.00000
0.00000
0.00000
0.00000
0.00000
0.00000
0.00000
0.00012
-0.00015
0.00000
-0.00021
0.00003
-0.00027
0.00064
-0.00024
0.00064
-0.01520
-0.05075
-0.05029
-0.01895
0.01981
0.03189
0.03079
0.02478
0.02155
0.01501
-0.00543
-0.01608
-0.01471
-0.00787
0.00058
0.00769
0.00555
0.00058
-0.00055
0.00003
0.00247
0.00595
0.00198
-0.00058
0.00247
0.00354
0.00229
0.00235
0.00238
0.00009
-0.00122
-0.00226
-0.00323
-0.00143
0.00110
0.00131
0.00177
0.00262
0.00320
0.00391
0.00430
0.00275
0.00058
-0.00095
-0.00134
-0.00098
0.00024
0.00098
0.00027
-0.00012
0.00079
0.00235
0.00299
0.00278
0.00204
0.00119
0.00027
-0.00018
-0.00006
0.00021
0.00003
0.00006
-0.00015
-0.00043
-0.00073
-0.00085
-0.00024
0.00067
0.00150
0.00137
0.00140
0.00116
0.00052
0.00015
0.00000
-0.00027
-0.00058
-0.00046
0.00000
-0.00015
-0.00064
-0.00119
-0.00162
-0.00180
-0.00180
-0.00110
0.00000
0.00067
0.00067
0.00046
0.00012
-0.00040
-0.00082
-0.00064
-0.00064
-0.00031
-0.00058
0.00018
0.00070
0.00037
0.00052
0.00027
0.00027
-0.00027
-0.00085
-0.00110
-0.00110
-0.00101
-0.00104
-0.00061
-0.00043
0.00000
0.00034
0.00000
-0.00031
-0.00055
-0.00067
-0.00098
-0.00125
-0.00113
-0.00101
-0.00058
-0.00040
-0.00055
-0.00073
-0.00082
-0.00058
-0.00027
-0.00034
-0.00061
-0.00073
-0.00067
-0.00052
-0.00052
-0.00052
-0.00061
-0.00079
-0.00073
-0.00064
-0.00067
-0.00073
-0.00049
-0.00009
0.00024
0.00061
0.00070
0.00043
0.00006
-0.00009
-0.00015
-0.00027
-0.00055
-0.00082
-0.00089
-0.00082
-0.00061
-0.00034
-0.00018
-0.00015
-0.00009
-0.00009
-0.00021
-0.00040
-0.00040
-0.00024
-0.00009
-0.00012
-0.00012
0.00000
0.00003
0.00000
0.00000
0.00000
0.00000
0.00000
0.00000
0.00000
0.00000
0.00000
0.00000
0.00000
0.00000
0.00000
0.00000
0.00000
0.00000
0.00000
0.00000
0.00000
0.00000
0.00000
0.00000
0.00000
0.00000
0.00000
0.00000
0.00000
0.00000
0.00000
0.00000
0.00000
0.00000
0.00000
0.00000
0.00000
0.00000
0.00000
0.00000
0.00000
0.00000
0.00000
0.00000
0.00000
0.00000
0.00000
0.00000
0.00000
0.00000
0.00000
0.00000
0.00000
0.00000
0.00000
0.00000
0.00000
0.00000
0.00000
0.00000
0.00000
0.00000
0.00000
0.00000
0.00000
0.00000
0.00000
0.00000
0.00000
0.00000
0.00000
0.00000
0.00000
0.00000
0.00000
0.00000
0.00000
0.00000
0.00000
0.00000
0.00000
0.00000
0.00000
0.00000
0.00000
0.00000
0.00000
0.00000
0.00000
0.00000
0.00000
0.00000
0.00000
0.00000
0.00000
0.00000
0.00000
0.00000
0.00000
0.00000
0.00000
0.00000
0.00000
0.00000
0.00000
0.00000
0.00000
0.00000
0.00000
0.00000
0.00000
0.00000
0.00000
0.00000
0.00000
0.00000
0.00000
0.00000
0.00000
0.00000
0.00000
0.00000
0.00000
0.00000
0.00000
0.00000
0.00000
0.00000
0.00000
0.00000
0.00000
0.00000
0.00000
0.00000
0.00000
0.00000
0.00000
0.00000
0.00000
0.00000
0.00000
0.00000
0.00000
0.00000
0.00000
0.00000
0.00000
0.00000
0.00000
