-0.00031
-0.00027
-0.00027
-0.00021
-0.00021
-0.00024
-0.00031
-0.00027
-0.00031
-0.00027
-0.00024
-0.00024
-0.00027
-0.00027
-0.00024
-0.00031
-0.00024
-0.00027
-0.00031
-0.00027
-0.00024
-0.00031
-0.00027
-0.00018
-0.00018
-0.00018
-0.00015
-0.00021
-0.00027
-0.00024
-0.00021
-0.00027
-0.00024
-0.00018
-0.00021
-0.00009
-0.00015
-0.00015
-0.00018
-0.00024
-0.00024
-0.00031
-0.00031
-0.00027
-0.00021
-0.00021
-0.00024
-0.00018
-0.00021
-0.00024
-0.00021
-0.00021
-0.00021
-0.00018
-0.00021
-0.00024
-0.00024
-0.00018
-0.00021
-0.00021
-0.00012
-0.00021
-0.00015
-0.00009
-0.00018
-0.00015
-0.00021
-0.00018
-0.00015
-0.00015
-0.00012
-0.00015
-0.00018
-0.00021
-0.00024
-0.00021
-0.00018
-0.00015
-0.00009
-0.00009
-0.00006
-0.00015
-0.00015
-0.00009
-0.00015
-0.00015
-0.00009
-0.00009
-0.00012
-0.00009
-0.00009
-0.00018
-0.00012
-0.00009
-0.00012
-0.00006
-0.00009
-0.00012
-0.00009
-0.00006
-0.00009
-0.00012
-0.00006
-0.00006
-0.00012
-0.00009
-0.00006
-0.00012
-0.00012
-0.00009
-0.00009
-0.00009
-0.00003
0.00000
-0.00003
-0.00003
-0.00006
-0.00012
-0.00009
-0.00012
-0.00009
-0.00009
-0.00009
-0.00003
0.00000
-0.00003
-0.00003
-0.00006
-0.00009
-0.00015
-0.00012
-0.00006
0.00000
-0.00003
-0.00003
0.00000
-0.00006
-0.00006
-0.00003
0.00000
-0.00003
-0.00006
-0.00006
-0.00009
-0.00009
-0.00009
-0.00012
-0.00006
0.00000
0.00000
0.00000
0.00000
-0.00006
-0.00009
-0.00003
-0.00003
-0.00009
-0.00003
0.00000
0.00000
0.00000
0.00003
0.00000
0.00000
-0.00003
-0.00003
0.00000
0.00000
0.00000
0.00000
0.00000
0.00000
0.00006
0.00000
0.00000
0.00003
0.00000
-0.00003
-0.00003
-0.00006
-0.00009
0.00018
-0.00040
0.00046
-0.00098
0.00140
-0.00198
-0.00870
-0.10352
-0.12213
0.00388
0.04694
0.07001
0.05835
0.04053
0.04352
0.02982
-0.00943
-0.04837
-0.02866
-0.01022
-0.00009
0.02527
0.00906
-0.01294
-0.00174
0.00226
-0.00284
0.01096
0.00409
-0.00830
0.00403
0.01038
0.00235
0.00549
0.00943
-0.00226
-0.00186
-0.00095
-0.00955
-0.00784
0.00259
0.00171
-0.00052
0.00525
0.00595
0.00317
0.00546
0.00568
0.00174
-0.00049
-0.00232
-0.00391
-0.00201
0.00128
-0.00046
-0.00223
-0.00079
0.00159
0.00153
0.00235
0.00235
-0.00018
-0.00043
0.00311
0.00366
0.00272
0.00317
0.00177
-0.00104
-0.00143
-0.00266
-0.00531
-0.00381
-0.00146
0.00006
0.00171
0.00290
0.00299
0.00229
0.00302
0.00171
-0.00040
-0.00089
-0.00247
-0.00311
-0.00174
-0.00122
-0.00076
-0.00134
-0.00159
-0.00259
-0.00290
-0.00171
-0.00165
-0.00098
0.00006
0.00092
0.00204
0.00211
0.00214
0.00003
-0.00186
-0.00110
-0.00107
-0.00113
-0.00143
-0.00177
0.00027
0.00049
0.00107
0.00229
0.00119
0.00198
0.00000
-0.00119
-0.00061
-0.00150
-0.00232
-0.00168
-0.00064
-0.00095
-0.00055
-0.00049
-0.00146
-0.00058
-0.00043
-0.00128
-0.00104
-0.00049
-0.00049
-0.00034
0.00021
-0.00037
-0.00073
-0.00064
-0.00140
-0.00137
-0.00092
-0.00101
-0.00089
-0.00058
-0.00104
-0.00159
-0.00125
-0.00064
-0.00021
0.00040
0.00061
0.00000
0.00000
0.00000
0.00000
0.00000
0.00000
0.00000
0.00000
0.00000
0.00000
0.00000
0.00000
0.00000
0.00000
0.00000
0.00000
0.00000
0.00000
0.00000
0.00000
0.00000
0.00000
0.00000
0.00000
0.00000
0.00000
0.00000
0.00000
0.00000
0.00000
0.00000
0.00000
0.00000
0.00000
0.00000
0.00000
0.00000
0.00000
0.00000
0.00000
0.00000
0.00000
0.00000
0.00000
0.00000
0.00000
0.00000
0.00000
0.00000
0.00000
0.00000
0.00000
0.00000
0.00000
0.00000
0.00000
0.00000
0.00000
0.00000
0.00000
0.00000
0.00000
0.00000
0.00000
0.00000
0.00000
0.00000
0.00000
0.00000
0.00000
0.00000
0.00000
0.00000
0.00000
0.00000
0.00000
0.00000
0.00000
0.00000
0.00000
0.00000
0.00000
0.00000
0.00000
0.00000
0.00000
0.00000
0.00000
0.00000
0.00000
0.00000
0.00000
0.00000
0.00000
0.00000
0.00000
0.00000
0.00000
0.00000
0.00000
0.00000
0.00000
0.00000
0.00000
0.00000
0.00000
0.00000
0.00000
0.00000
0.00000
0.00000
0.00000
0.00000
0.00000
0.00000
0.00000
0.00000
0.00000
0.00000
0.00000
0.00000
0.00000
0.00000
0.00000
0.00000
0.00000
0.00000
0.00000
0.00000
0.00000
0.00000
0.00000
0.00000
0.00000
0.00000
0.00000
0.00000
0.00000
0.00000
0.00000
0.00000
0.00000
0.00000
0.00000
0.00000
0.00000
0.00000
0.00000
0.00000
0.00000
0.00000
0.00000
0.00000
0.00000
0.00000
0.00000
0.00000
0.00000
0.00000
0.00000
0.00000
0.00000
0.00000
0.00000
0.00000
0.00000
0.00000
0.00000
0.00000
0.00000
0.00000
0.00000
0.00000
0.00000
0.00000
0.00000
0.00000
0.00000
0.00000
0.00000
0.00000
0.00000
0.00000
