-0.00021
-0.00021
-0.00027
-0.00031
-0.00024
-0.00027
-0.00031
-0.00031
-0.00027
-0.00024
-0.00021
-0.00021
-0.00021
-0.00024
-0.00024
-0.00027
-0.00031
-0.00031
-0.00031
-0.00031
-0.00027
-0.00024
-0.00027
-0.00027
-0.00027
-0.00027
-0.00024
-0.00021
-0.00021
-0.00018
-0.00015
-0.00021
-0.00024
-0.00027
-0.00043
-0.00031
-0.00034
-0.00031
-0.00024
-0.00024
-0.00021
-0.00027
-0.00027
-0.00027
-0.00034
-0.00031
-0.00027
-0.00021
-0.00018
-0.00018
-0.00018
-0.00021
-0.00027
-0.00024
-0.00027
-0.00034
-0.00024
-0.00021
-0.00018
-0.00021
-0.00015
-0.00018
-0.00031
-0.00024
-0.00018
-0.00024
-0.00021
-0.00021
-0.00018
-0.00018
-0.00021
-0.00018
-0.00018
-0.00018
-0.00018
-0.00024
-0.00027
-0.00024
-0.00021
-0.00021
-0.00018
-0.00018
-0.00024
-0.00018
-0.00018
-0.00024
-0.00021
-0.00021
-0.00021
-0.00021
-0.00015
-0.00015
-0.00018
-0.00018
-0.00021
-0.00021
-0.00018
-0.00021
-0.00024
-0.00018
-0.00018
-0.00018
-0.00015
-0.00012
-0.00015
-0.00015
-0.00012
-0.00015
-0.00024
-0.00024
-0.00021
-0.00027
-0.00024
-0.00015
-0.00018
-0.00018
-0.00012
-0.00012
-0.00015
-0.00021
-0.00021
-0.00021
-0.00018
-0.00018
-0.00015
-0.00015
-0.00015
-0.00012
-0.00015
-0.00018
-0.00024
-0.00027
-0.00031
-0.00027
-0.00021
-0.00012
-0.00009
-0.00015
-0.00018
-0.00018
-0.00018
-0.00018
-0.00015
-0.00012
-0.00012
-0.00018
-0.00018
-0.00024
-0.00024
-0.00018
-0.00015
-0.00012
-0.00012
-0.00015
-0.00018
-0.00021
-0.00024
-0.00024
-0.00018
-0.00015
-0.00018
-0.00018
-0.00015
-0.00018
-0.00024
-0.00018
-0.00015
-0.00015
-0.00018
-0.00021
-0.00018
-0.00021
-0.00018
-0.00015
-0.00015
-0.00009
-0.00012
-0.00012
-0.00021
-0.00015
-0.00034
-0.00009
-0.00024
-0.00031
-0.00003
-0.00043
0.00046
-0.00128
-0.01596
-0.10474
-0.08588
0.01535
0.03357
0.05051
0.04520
0.03613
0.04279
0.02438
-0.01514
-0.03296
-0.01608
-0.00912
-0.00296
0.01843
0.00235
-0.00980
0.00369
-0.00082
0.00012
0.01294
0.00061
-0.00671
0.00443
0.00650
-0.00034
0.00589
0.00742
-0.00330
-0.00195
-0.00281
-0.00818
-0.00287
0.00287
0.00146
0.00146
0.00528
0.00412
0.00284
0.00549
0.00418
0.00076
-0.00116
-0.00244
-0.00388
-0.00262
-0.00095
-0.00177
-0.00134
0.00150
0.00363
0.00302
0.00339
0.00296
-0.00015
-0.00192
0.00015
0.00058
0.00107
0.00311
0.00250
0.00058
-0.00027
-0.00223
-0.00427
-0.00266
-0.00119
-0.00052
0.00104
0.00244
0.00223
0.00137
0.00208
0.00131
-0.00031
-0.00089
-0.00253
-0.00262
-0.00137
-0.00137
-0.00104
-0.00137
-0.00186
-0.00281
-0.00259
-0.00159
-0.00153
-0.00079
0.00058
0.00140
0.00153
0.00116
0.00021
-0.00165
-0.00134
0.00000
-0.00052
-0.00146
-0.00165
0.00000
0.00156
0.00079
0.00128
0.00095
0.00000
-0.00092
-0.00128
-0.00156
-0.00244
-0.00113
-0.00037
-0.00055
-0.00009
-0.00073
-0.00110
-0.00070
-0.00140
-0.00180
-0.00122
-0.00070
-0.00073
-0.00098
-0.00085
-0.00110
-0.00073
-0.00061
-0.00092
-0.00067
-0.00085
-0.00107
-0.00098
-0.00092
-0.00134
-0.00140
-0.00098
-0.00095
-0.00095
-0.00079
-0.00061
-0.00049
-0.00024
-0.00006
0.00015
0.00049
0.00055
0.00067
0.00043
-0.00009
-0.00055
-0.00073
-0.00070
-0.00098
-0.00119
-0.00101
-0.00085
-0.00079
-0.00061
-0.00024
-0.00003
-0.00006
0.00003
0.00003
-0.00018
-0.00061
-0.00079
-0.00070
-0.00079
-0.00089
-0.00073
-0.00061
-0.00055
-0.00040
-0.00003
0.00000
0.00000
0.00000
0.00000
0.00000
0.00000
0.00000
0.00000
0.00000
0.00000
0.00000
0.00000
0.00000
0.00000
0.00000
0.00000
0.00000
0.00000
0.00000
0.00000
0.00000
0.00000
0.00000
0.00000
0.00000
0.00000
0.00000
0.00000
0.00000
0.00000
0.00000
0.00000
0.00000
0.00000
0.00000
0.00000
0.00000
0.00000
0.00000
0.00000
0.00000
0.00000
0.00000
0.00000
0.00000
0.00000
0.00000
0.00000
0.00000
0.00000
0.00000
0.00000
0.00000
0.00000
0.00000
0.00000
0.00000
0.00000
0.00000
0.00000
0.00000
0.00000
0.00000
0.00000
0.00000
0.00000
0.00000
0.00000
0.00000
0.00000
0.00000
0.00000
0.00000
0.00000
0.00000
0.00000
0.00000
0.00000
0.00000
0.00000
0.00000
0.00000
0.00000
0.00000
0.00000
0.00000
0.00000
0.00000
0.00000
0.00000
0.00000
0.00000
0.00000
0.00000
0.00000
0.00000
0.00000
0.00000
0.00000
0.00000
0.00000
0.00000
0.00000
0.00000
0.00000
0.00000
0.00000
0.00000
0.00000
0.00000
0.00000
0.00000
0.00000
0.00000
0.00000
0.00000
0.00000
0.00000
0.00000
0.00000
0.00000
0.00000
0.00000
0.00000
0.00000
0.00000
0.00000
0.00000
0.00000
0.00000
0.00000
0.00000
0.00000
0.00000
0.00000
0.00000
0.00000
0.00000
0.00000
0.00000
0.00000
0.00000
0.00000
0.00000
0.00000
0.00000
0.00000
0.00000
0.00000
0.00000
