-0.00024
-0.00027
-0.00031
-0.00027
-0.00027
-0.00024
-0.00021
-0.00021
-0.00024
-0.00024
-0.00024
-0.00027
-0.00021
-0.00021
-0.00024
-0.00027
-0.00024
-0.00024
-0.00024
-0.00024
-0.00021
-0.00024
-0.00024
-0.00021
-0.00024
-0.00024
-0.00021
-0.00021
-0.00021
-0.00021
-0.00021
-0.00024
-0.00021
-0.00018
-0.00031
-0.00018
-0.00018
-0.00021
-0.00021
-0.00024
-0.00018
-0.00024
-0.00018
-0.00018
-0.00018
-0.00018
-0.00018
-0.00018
-0.00021
-0.00018
-0.00018
-0.00018
-0.00018
-0.00021
-0.00021
-0.00021
-0.00018
-0.00018
-0.00018
-0.00015
-0.00018
-0.00021
-0.00021
-0.00018
-0.00018
-0.00018
-0.00015
-0.00018
-0.00018
-0.00018
-0.00015
-0.00015
-0.00018
-0.00018
-0.00018
-0.00015
-0.00015
-0.00015
-0.00015
-0.00012
-0.00015
-0.00018
-0.00018
-0.00015
-0.00012
-0.00015
-0.00015
-0.00012
-0.00015
-0.00015
-0.00012
-0.00015
-0.00018
-0.00015
-0.00012
-0.00015
-0.00015
-0.00015
-0.00015
-0.00015
-0.00012
-0.00012
-0.00012
-0.00012
-0.00012
-0.00012
-0.00012
-0.00015
-0.00018
-0.00012
-0.00009
-0.00009
-0.00009
-0.00009
-0.00009
-0.00015
-0.00015
-0.00009
-0.00012
-0.00012
-0.00009
-0.00009
-0.00012
-0.00012
-0.00012
-0.00012
-0.00012
-0.00009
-0.00009
-0.00009
-0.00009
-0.00006
-0.00006
-0.00006
-0.00009
-0.00009
-0.00009
-0.00012
-0.00012
-0.00012
-0.00012
-0.00012
-0.00009
-0.00006
-0.00006
-0.00006
-0.00009
-0.00009
-0.00012
-0.00012
-0.00009
-0.00009
-0.00012
-0.00009
-0.00003
-0.00009
-0.00012
-0.00009
-0.00012
-0.00015
-0.00012
-0.00006
-0.00003
-0.00006
-0.00006
-0.00006
-0.00009
-0.00012
-0.00015
-0.00009
-0.00009
-0.00012
-0.00009
-0.00009
-0.00012
-0.00012
-0.00012
-0.00006
-0.00006
-0.00009
-0.00009
-0.00006
-0.00009
-0.00012
-0.00012
0.00000
-0.00015
-0.00009
-0.00040
0.00024
-0.00067
0.00089
-0.00104
0.00024
-0.03104
-0.05807
-0.04385
-0.01120
0.03296
0.03677
0.03461
0.02426
0.02328
0.00848
-0.01431
-0.01917
-0.01562
-0.00525
0.00528
0.00708
0.00378
0.00046
-0.00317
0.00070
0.00638
0.00537
-0.00104
-0.00046
0.00250
0.00311
0.00275
0.00262
0.00174
0.00162
-0.00058
-0.00296
-0.00336
-0.00211
-0.00040
0.00125
0.00296
0.00287
0.00287
0.00290
0.00363
0.00302
0.00168
-0.00024
-0.00116
-0.00165
-0.00052
0.00000
-0.00018
-0.00052
0.00040
0.00156
0.00284
0.00381
0.00345
0.00223
0.00067
-0.00046
-0.00079
-0.00070
-0.00089
-0.00113
-0.00119
-0.00043
0.00012
0.00070
0.00125
0.00146
0.00153
0.00085
0.00021
-0.00076
-0.00070
0.00000
0.00034
0.00055
0.00018
-0.00049
-0.00076
-0.00067
-0.00055
-0.00134
-0.00174
-0.00214
-0.00198
-0.00122
-0.00040
0.00037
0.00070
0.00052
0.00015
-0.00034
-0.00049
-0.00085
-0.00073
-0.00058
-0.00082
-0.00043
-0.00082
0.00052
0.00046
0.00015
0.00024
0.00024
0.00009
-0.00089
-0.00107
-0.00128
-0.00107
-0.00101
-0.00104
-0.00046
-0.00037
-0.00021
-0.00024
-0.00027
-0.00058
-0.00107
-0.00116
-0.00116
-0.00122
-0.00119
-0.00073
-0.00031
-0.00037
-0.00070
-0.00092
-0.00101
-0.00092
-0.00055
-0.00058
-0.00073
-0.00076
-0.00082
-0.00079
-0.00073
-0.00085
-0.00092
-0.00076
-0.00049
-0.00040
-0.00043
-0.00040
-0.00021
0.00018
0.00061
0.00058
0.00015
-0.00031
-0.00061
-0.00061
-0.00052
-0.00055
-0.00079
-0.00095
-0.00079
-0.00064
-0.00043
-0.00024
-0.00015
-0.00003
0.00003
0.00000
-0.00024
-0.00055
-0.00058
-0.00052
-0.00043
-0.00040
-0.00037
-0.00027
-0.00021
-0.00009
0.00000
0.00000
0.00000
0.00000
0.00000
0.00000
0.00000
0.00000
0.00000
0.00000
0.00000
0.00000
0.00000
0.00000
0.00000
0.00000
0.00000
0.00000
0.00000
0.00000
0.00000
0.00000
0.00000
0.00000
0.00000
0.00000
0.00000
0.00000
0.00000
0.00000
0.00000
0.00000
0.00000
0.00000
0.00000
0.00000
0.00000
0.00000
0.00000
0.00000
0.00000
0.00000
0.00000
0.00000
0.00000
0.00000
0.00000
0.00000
0.00000
0.00000
0.00000
0.00000
0.00000
0.00000
0.00000
0.00000
0.00000
0.00000
0.00000
0.00000
0.00000
0.00000
0.00000
0.00000
0.00000
0.00000
0.00000
0.00000
0.00000
0.00000
0.00000
0.00000
0.00000
0.00000
0.00000
0.00000
0.00000
0.00000
0.00000
0.00000
0.00000
0.00000
0.00000
0.00000
0.00000
0.00000
0.00000
0.00000
0.00000
0.00000
0.00000
0.00000
0.00000
0.00000
0.00000
0.00000
0.00000
0.00000
0.00000
0.00000
0.00000
0.00000
0.00000
0.00000
0.00000
0.00000
0.00000
0.00000
0.00000
0.00000
0.00000
0.00000
0.00000
0.00000
0.00000
0.00000
0.00000
0.00000
0.00000
0.00000
0.00000
0.00000
0.00000
0.00000
0.00000
0.00000
0.00000
0.00000
0.00000
0.00000
0.00000
0.00000
0.00000
0.00000
0.00000
0.00000
0.00000
0.00000
0.00000
0.00000
0.00000
0.00000
0.00000
0.00000
0.00000
