-0.00015
-0.00015
-0.00018
-0.00012
-0.00012
-0.00015
-0.00012
-0.00009
-0.00015
-0.00012
-0.00006
-0.00009
-0.00012
-0.00009
-0.00012
-0.00015
-0.00012
-0.00009
-0.00018
-0.00015
-0.00009
-0.00012
-0.00012
-0.00009
-0.00009
-0.00012
-0.00012
-0.00012
-0.00009
-0.00006
-0.00006
-0.00009
-0.00015
-0.00015
-0.00027
-0.00012
-0.00006
-0.00003
-0.00006
-0.00012
-0.00012
-0.00018
-0.00015
-0.00009
-0.00009
-0.00006
-0.00006
-0.00006
-0.00009
-0.00009
-0.00012
-0.00009
-0.00006
-0.00006
-0.00006
-0.00006
-0.00006
-0.00012
-0.00012
-0.00006
-0.00006
-0.00021
-0.00006
0.00000
-0.00006
-0.00003
-0.00006
-0.00006
-0.00009
-0.00006
-0.00006
-0.00006
-0.00003
0.00000
0.00000
-0.00003
-0.00003
-0.00006
-0.00003
0.00000
0.00000
-0.00003
-0.00003
0.00000
-0.00003
-0.00006
-0.00006
-0.00003
-0.00003
0.00000
0.00000
-0.00006
-0.00003
-0.00003
-0.00003
-0.00003
-0.00006
0.00000
0.00000
0.00000
0.00000
0.00000
0.00000
-0.00003
-0.00003
-0.00003
-0.00003
-0.00006
-0.00006
-0.00003
0.00000
0.00000
0.00000
0.00000
0.00000
0.00000
0.00000
0.00000
0.00000
-0.00003
-0.00006
-0.00003
0.00000
-0.00003
0.00000
0.00006
0.00006
0.00003
0.00000
0.00000
0.00000
0.00000
0.00000
0.00000
0.00000
0.00000
0.00000
0.00000
0.00000
0.00000
-0.00003
-0.00003
0.00000
0.00003
0.00000
0.00003
0.00000
0.00000
0.00000
0.00000
0.00000
-0.00003
-0.00003
-0.00003
0.00000
0.00000
0.00000
0.00000
0.00000
0.00000
0.00000
0.00000
0.00000
0.00000
0.00000
-0.00003
0.00000
-0.00003
-0.00009
-0.00006
-0.00006
0.00000
0.00000
0.00000
0.00000
0.00000
0.00000
-0.00003
0.00006
-0.00009
0.00003
0.00000
-0.00012
0.00015
-0.00064
0.00092
-0.00146
-0.01688
-0.12170
-0.10648
0.01648
0.05341
0.07693
0.05267
0.04321
0.03992
0.02661
-0.02115
-0.05093
-0.02350
-0.00961
0.00711
0.02472
0.00427
-0.01462
-0.00101
0.00070
-0.00040
0.01379
0.00201
-0.00711
0.00790
0.00885
-0.00052
0.00552
0.00726
-0.00238
0.00018
-0.00250
-0.00952
-0.00555
0.00281
0.00067
-0.00034
0.00571
0.00470
0.00351
0.00601
0.00574
0.00159
-0.00140
-0.00299
-0.00372
-0.00143
0.00101
-0.00052
-0.00171
0.00000
0.00183
0.00116
0.00192
0.00125
-0.00076
0.00018
0.00427
0.00418
0.00336
0.00351
0.00095
-0.00177
-0.00244
-0.00397
-0.00565
-0.00345
-0.00055
0.00101
0.00244
0.00323
0.00266
0.00189
0.00266
0.00125
-0.00052
-0.00076
-0.00262
-0.00272
-0.00134
-0.00104
-0.00110
-0.00180
-0.00168
-0.00296
-0.00278
-0.00168
-0.00165
-0.00070
0.00024
0.00113
0.00211
0.00211
0.00201
-0.00012
-0.00162
-0.00131
-0.00140
-0.00143
-0.00174
-0.00192
0.00003
0.00073
0.00107
0.00256
0.00153
0.00204
0.00049
-0.00122
-0.00082
-0.00156
-0.00241
-0.00208
-0.00107
-0.00095
-0.00049
-0.00024
-0.00162
-0.00085
-0.00034
-0.00137
-0.00119
-0.00052
-0.00027
-0.00043
0.00003
-0.00027
-0.00089
-0.00076
-0.00137
-0.00153
-0.00098
-0.00110
-0.00101
-0.00064
-0.00104
-0.00162
-0.00125
-0.00040
-0.00006
0.00037
0.00055
-0.00003
0.00003
0.00052
0.00064
0.00046
0.00015
-0.00012
-0.00043
-0.00049
-0.00040
-0.00058
-0.00067
-0.00070
-0.00076
-0.00070
-0.00049
-0.00037
-0.00031
0.00021
0.00070
0.00064
0.00043
0.00012
-0.00058
-0.00122
-0.00137
-0.00113
-0.00095
-0.00089
-0.00055
0.00000
0.00000
0.00000
0.00000
0.00000
0.00000
0.00000
0.00000
0.00000
0.00000
0.00000
0.00000
0.00000
0.00000
0.00000
0.00000
0.00000
0.00000
0.00000
0.00000
0.00000
0.00000
0.00000
0.00000
0.00000
0.00000
0.00000
0.00000
0.00000
0.00000
0.00000
0.00000
0.00000
0.00000
0.00000
0.00000
0.00000
0.00000
0.00000
0.00000
0.00000
0.00000
0.00000
0.00000
0.00000
0.00000
0.00000
0.00000
0.00000
0.00000
0.00000
0.00000
0.00000
0.00000
0.00000
0.00000
0.00000
0.00000
0.00000
0.00000
0.00000
0.00000
0.00000
0.00000
0.00000
0.00000
0.00000
0.00000
0.00000
0.00000
0.00000
0.00000
0.00000
0.00000
0.00000
0.00000
0.00000
0.00000
0.00000
0.00000
0.00000
0.00000
0.00000
0.00000
0.00000
0.00000
0.00000
0.00000
0.00000
0.00000
0.00000
0.00000
0.00000
0.00000
0.00000
0.00000
0.00000
0.00000
0.00000
0.00000
0.00000
0.00000
0.00000
0.00000
0.00000
0.00000
0.00000
0.00000
0.00000
0.00000
0.00000
0.00000
0.00000
0.00000
0.00000
0.00000
0.00000
0.00000
0.00000
0.00000
0.00000
0.00000
0.00000
0.00000
0.00000
0.00000
0.00000
0.00000
0.00000
0.00000
0.00000
0.00000
0.00000
0.00000
0.00000
0.00000
0.00000
0.00000
0.00000
0.00000
0.00000
0.00000
0.00000
0.00000
0.00000
0.00000
0.00000
0.00000
0.00000
0.00000
0.00000
0.00000
0.00000
