-0.00031
-0.00034
-0.00034
-0.00034
-0.00034
-0.00034
-0.00034
-0.00034
-0.00034
-0.00034
-0.00034
-0.00034
-0.00034
-0.00034
-0.00037
-0.00034
-0.00034
-0.00037
-0.00034
-0.00034
-0.00034
-0.00037
-0.00034
-0.00034
-0.00031
-0.00034
-0.00037
-0.00037
-0.00037
-0.00037
-0.00037
-0.00034
-0.00031
-0.00031
-0.00040
-0.00027
-0.00034
-0.00034
-0.00034
-0.00037
-0.00034
-0.00037
-0.00034
-0.00031
-0.00031
-0.00034
-0.00034
-0.00034
-0.00034
-0.00034
-0.00034
-0.00031
-0.00031
-0.00034
-0.00031
-0.00031
-0.00034
-0.00034
-0.00034
-0.00034
-0.00034
-0.00034
-0.00031
-0.00034
-0.00034
-0.00034
-0.00034
-0.00031
-0.00034
-0.00034
-0.00034
-0.00031
-0.00031
-0.00034
-0.00034
-0.00034
-0.00031
-0.00027
-0.00031
-0.00034
-0.00031
-0.00031
-0.00031
-0.00031
-0.00031
-0.00031
-0.00031
-0.00031
-0.00031
-0.00034
-0.00037
-0.00031
-0.00031
-0.00031
-0.00027
-0.00027
-0.00027
-0.00027
-0.00027
-0.00031
-0.00031
-0.00027
-0.00027
-0.00027
-0.00031
-0.00031
-0.00027
-0.00024
-0.00027
-0.00031
-0.00027
-0.00024
-0.00027
-0.00027
-0.00027
-0.00027
-0.00024
-0.00024
-0.00027
-0.00027
-0.00024
-0.00027
-0.00024
-0.00024
-0.00024
-0.00024
-0.00024
-0.00024
-0.00024
-0.00024
-0.00024
-0.00024
-0.00024
-0.00018
-0.00018
-0.00021
-0.00021
-0.00021
-0.00021
-0.00024
-0.00021
-0.00021
-0.00021
-0.00021
-0.00018
-0.00018
-0.00021
-0.00021
-0.00021
-0.00021
-0.00018
-0.00018
-0.00018
-0.00018
-0.00021
-0.00021
-0.00018
-0.00021
-0.00018
-0.00018
-0.00015
-0.00018
-0.00018
-0.00015
-0.00015
-0.00015
-0.00015
-0.00018
-0.00015
-0.00018
-0.00018
-0.00021
-0.00021
-0.00018
-0.00015
-0.00015
-0.00015
-0.00012
-0.00015
-0.00015
-0.00015
-0.00018
-0.00018
-0.00018
-0.00015
-0.00012
-0.00003
-0.00034
-0.00018
-0.00037
-0.00003
-0.00058
0.00064
-0.00064
0.00046
-0.01978
-0.05273
-0.04773
-0.01627
0.02328
0.03204
0.03088
0.02417
0.02191
0.01263
-0.00800
-0.01654
-0.01498
-0.00705
0.00195
0.00726
0.00476
0.00064
-0.00131
-0.00012
0.00342
0.00562
0.00113
-0.00037
0.00217
0.00314
0.00250
0.00220
0.00195
0.00049
-0.00137
-0.00299
-0.00323
-0.00116
0.00085
0.00128
0.00180
0.00229
0.00308
0.00375
0.00418
0.00275
0.00058
-0.00116
-0.00134
-0.00110
-0.00009
0.00064
0.00009
-0.00043
0.00076
0.00244
0.00314
0.00302
0.00214
0.00113
0.00003
-0.00034
-0.00034
-0.00003
0.00000
-0.00018
-0.00027
-0.00052
-0.00082
-0.00076
0.00000
0.00079
0.00153
0.00131
0.00122
0.00085
0.00021
-0.00009
-0.00015
-0.00031
-0.00064
-0.00049
0.00000
-0.00015
-0.00064
-0.00128
-0.00180
-0.00208
-0.00189
-0.00107
0.00003
0.00073
0.00058
0.00034
0.00000
-0.00046
-0.00095
-0.00073
-0.00079
-0.00040
-0.00064
-0.00006
0.00073
0.00021
0.00043
0.00027
0.00024
-0.00021
-0.00085
-0.00107
-0.00125
-0.00098
-0.00113
-0.00076
-0.00052
-0.00015
0.00037
0.00000
-0.00034
-0.00058
-0.00073
-0.00104
-0.00131
-0.00122
-0.00110
-0.00073
-0.00043
-0.00055
-0.00076
-0.00089
-0.00070
-0.00037
-0.00040
-0.00070
-0.00079
-0.00073
-0.00058
-0.00055
-0.00058
-0.00067
-0.00089
-0.00085
-0.00070
-0.00064
-0.00070
-0.00058
-0.00018
0.00018
0.00052
0.00061
0.00037
0.00000
-0.00018
-0.00024
-0.00031
-0.00055
-0.00089
-0.00098
-0.00085
-0.00067
-0.00043
-0.00027
-0.00024
-0.00012
-0.00012
-0.00021
-0.00040
-0.00046
-0.00034
-0.00018
-0.00015
-0.00021
-0.00012
-0.00003
0.00000
-0.00003
0.00000
-0.00003
0.00003
0.00000
0.00000
0.00000
0.00000
0.00000
0.00000
0.00000
0.00000
0.00000
0.00000
0.00000
0.00000
0.00000
0.00000
0.00000
0.00000
0.00000
0.00000
0.00000
0.00000
0.00000
0.00000
0.00000
0.00000
0.00000
0.00000
0.00000
0.00000
0.00000
0.00000
0.00000
0.00000
0.00000
0.00000
0.00000
0.00000
0.00000
0.00000
0.00000
0.00000
0.00000
0.00000
0.00000
0.00000
0.00000
0.00000
0.00000
0.00000
0.00000
0.00000
0.00000
0.00000
0.00000
0.00000
0.00000
0.00000
0.00000
0.00000
0.00000
0.00000
0.00000
0.00000
0.00000
0.00000
0.00000
0.00000
0.00000
0.00000
0.00000
0.00000
0.00000
0.00000
0.00000
0.00000
0.00000
0.00000
0.00000
0.00000
0.00000
0.00000
0.00000
0.00000
0.00000
0.00000
0.00000
0.00000
0.00000
0.00000
0.00000
0.00000
0.00000
0.00000
0.00000
0.00000
0.00000
0.00000
0.00000
0.00000
0.00000
0.00000
0.00000
0.00000
0.00000
0.00000
0.00000
0.00000
0.00000
0.00000
0.00000
0.00000
0.00000
0.00000
0.00000
0.00000
0.00000
0.00000
0.00000
0.00000
0.00000
0.00000
0.00000
0.00000
0.00000
0.00000
0.00000
0.00000
0.00000
0.00000
0.00000
0.00000
0.00000
0.00000
0.00000
0.00000
0.00000
0.00000
0.00000
0.00000
0.00000
0.00000
0.00000
0.00000
