-0.00003
0.00000
0.00000
0.00000
-0.00006
-0.00003
-0.00003
-0.00003
-0.00006
-0.00006
0.00000
0.00000
-0.00006
-0.00003
-0.00003
-0.00003
-0.00006
-0.00006
-0.00003
-0.00006
-0.00009
-0.00006
-0.00006
-0.00006
-0.00006
-0.00006
-0.00006
-0.00006
-0.00006
-0.00009
-0.00009
-0.00009
-0.00006
-0.00003
-0.00015
-0.00003
-0.00009
-0.00009
-0.00009
-0.00009
-0.00006
-0.00012
-0.00009
-0.00006
-0.00006
-0.00009
-0.00009
-0.00009
-0.00012
-0.00012
-0.00012
-0.00012
-0.00012
-0.00012
-0.00012
-0.00012
-0.00012
-0.00012
-0.00012
-0.00012
-0.00012
-0.00015
-0.00012
-0.00009
-0.00015
-0.00018
-0.00015
-0.00012
-0.00021
-0.00018
-0.00012
-0.00015
-0.00015
-0.00015
-0.00015
-0.00015
-0.00015
-0.00015
-0.00015
-0.00015
-0.00018
-0.00018
-0.00015
-0.00015
-0.00018
-0.00018
-0.00018
-0.00018
-0.00021
-0.00021
-0.00018
-0.00018
-0.00021
-0.00018
-0.00018
-0.00021
-0.00021
-0.00015
-0.00021
-0.00021
-0.00021
-0.00021
-0.00018
-0.00021
-0.00021
-0.00021
-0.00021
-0.00024
-0.00021
-0.00021
-0.00021
-0.00024
-0.00024
-0.00021
-0.00027
-0.00024
-0.00021
-0.00024
-0.00024
-0.00024
-0.00024
-0.00027
-0.00027
-0.00024
-0.00021
-0.00024
-0.00024
-0.00027
-0.00031
-0.00034
-0.00031
-0.00027
-0.00024
-0.00027
-0.00027
-0.00024
-0.00027
-0.00031
-0.00031
-0.00031
-0.00034
-0.00031
-0.00027
-0.00031
-0.00027
-0.00027
-0.00027
-0.00027
-0.00034
-0.00034
-0.00034
-0.00034
-0.00034
-0.00031
-0.00027
-0.00027
-0.00027
-0.00031
-0.00031
-0.00034
-0.00037
-0.00037
-0.00037
-0.00034
-0.00034
-0.00031
-0.00031
-0.00031
-0.00031
-0.00031
-0.00034
-0.00037
-0.00037
-0.00037
-0.00031
-0.00034
-0.00034
-0.00031
-0.00034
-0.00034
-0.00034
-0.00034
-0.00037
-0.00034
-0.00027
-0.00027
-0.00034
-0.00055
-0.00040
-0.00058
-0.00006
-0.00070
0.00055
-0.00082
-0.00250
-0.04010
-0.06738
-0.02701
0.00479
0.02765
0.03375
0.02713
0.02393
0.01947
0.00555
-0.01282
-0.01398
-0.01056
-0.00748
0.00552
0.00720
-0.00208
-0.00076
0.00143
0.00024
0.00653
0.00531
-0.00189
0.00027
0.00345
0.00067
0.00089
0.00293
-0.00015
-0.00067
0.00061
-0.00278
-0.00378
-0.00107
0.00000
0.00021
0.00217
0.00296
0.00266
0.00317
0.00388
0.00180
-0.00061
-0.00122
-0.00134
-0.00076
0.00116
0.00150
0.00000
-0.00064
0.00040
0.00092
0.00131
0.00229
0.00159
0.00049
0.00012
-0.00021
-0.00003
-0.00006
0.00003
-0.00055
-0.00104
-0.00122
-0.00140
-0.00064
0.00046
0.00110
0.00156
0.00137
0.00076
-0.00027
-0.00107
-0.00089
-0.00064
-0.00034
-0.00021
-0.00031
-0.00031
-0.00098
-0.00134
-0.00186
-0.00238
-0.00241
-0.00211
-0.00101
0.00015
0.00067
0.00061
-0.00003
-0.00079
-0.00110
-0.00082
-0.00098
-0.00070
-0.00055
0.00000
0.00107
0.00061
0.00058
-0.00018
-0.00067
-0.00134
-0.00204
-0.00189
-0.00198
-0.00134
-0.00067
-0.00006
0.00018
0.00009
-0.00018
-0.00082
-0.00082
-0.00101
-0.00119
-0.00122
-0.00140
-0.00150
-0.00153
-0.00128
-0.00098
-0.00064
-0.00058
-0.00073
-0.00079
-0.00082
-0.00079
-0.00079
-0.00076
-0.00101
-0.00113
-0.00107
-0.00095
-0.00089
-0.00095
-0.00107
-0.00119
-0.00098
-0.00070
-0.00058
-0.00052
-0.00031
0.00015
0.00043
0.00043
0.00018
-0.00024
-0.00070
-0.00085
-0.00073
-0.00067
-0.00089
-0.00101
-0.00107
-0.00098
-0.00076
-0.00052
-0.00037
-0.00049
-0.00058
-0.00061
-0.00049
-0.00027
-0.00024
-0.00015
-0.00012
-0.00012
-0.00006
-0.00015
-0.00024
-0.00031
-0.00024
-0.00006
0.00000
0.00000
0.00000
0.00000
0.00000
0.00000
0.00000
0.00000
0.00000
0.00000
0.00000
0.00000
0.00000
0.00000
0.00000
0.00000
0.00000
0.00000
0.00000
0.00000
0.00000
0.00000
0.00000
0.00000
0.00000
0.00000
0.00000
0.00000
0.00000
0.00000
0.00000
0.00000
0.00000
0.00000
0.00000
0.00000
0.00000
0.00000
0.00000
0.00000
0.00000
0.00000
0.00000
0.00000
0.00000
0.00000
0.00000
0.00000
0.00000
0.00000
0.00000
0.00000
0.00000
0.00000
0.00000
0.00000
0.00000
0.00000
0.00000
0.00000
0.00000
0.00000
0.00000
0.00000
0.00000
0.00000
0.00000
0.00000
0.00000
0.00000
0.00000
0.00000
0.00000
0.00000
0.00000
0.00000
0.00000
0.00000
0.00000
0.00000
0.00000
0.00000
0.00000
0.00000
0.00000
0.00000
0.00000
0.00000
0.00000
0.00000
0.00000
0.00000
0.00000
0.00000
0.00000
0.00000
0.00000
0.00000
0.00000
0.00000
0.00000
0.00000
0.00000
0.00000
0.00000
0.00000
0.00000
0.00000
0.00000
0.00000
0.00000
0.00000
0.00000
0.00000
0.00000
0.00000
0.00000
0.00000
0.00000
0.00000
0.00000
0.00000
0.00000
0.00000
0.00000
0.00000
0.00000
0.00000
0.00000
0.00000
0.00000
0.00000
0.00000
0.00000
0.00000
0.00000
0.00000
0.00000
0.00000
0.00000
0.00000
0.00000
0.00000
