-0.00018
-0.00015
-0.00015
-0.00018
-0.00021
-0.00018
-0.00018
-0.00018
-0.00018
-0.00018
-0.00015
-0.00018
-0.00021
-0.00021
-0.00021
-0.00021
-0.00018
-0.00018
-0.00018
-0.00021
-0.00021
-0.00018
-0.00021
-0.00021
-0.00021
-0.00024
-0.00021
-0.00021
-0.00024
-0.00024
-0.00024
-0.00024
-0.00021
-0.00018
-0.00027
-0.00018
-0.00021
-0.00021
-0.00024
-0.00031
-0.00021
-0.00024
-0.00024
-0.00021
-0.00021
-0.00021
-0.00024
-0.00027
-0.00024
-0.00024
-0.00027
-0.00021
-0.00021
-0.00024
-0.00024
-0.00024
-0.00027
-0.00027
-0.00027
-0.00024
-0.00021
-0.00024
-0.00027
-0.00024
-0.00024
-0.00031
-0.00027
-0.00024
-0.00034
-0.00031
-0.00024
-0.00024
-0.00024
-0.00027
-0.00027
-0.00024
-0.00027
-0.00027
-0.00027
-0.00024
-0.00027
-0.00027
-0.00024
-0.00024
-0.00027
-0.00024
-0.00024
-0.00027
-0.00031
-0.00031
-0.00027
-0.00027
-0.00027
-0.00027
-0.00024
-0.00027
-0.00031
-0.00027
-0.00027
-0.00031
-0.00027
-0.00024
-0.00024
-0.00031
-0.00031
-0.00027
-0.00027
-0.00031
-0.00027
-0.00027
-0.00027
-0.00031
-0.00031
-0.00027
-0.00031
-0.00031
-0.00027
-0.00027
-0.00031
-0.00031
-0.00027
-0.00027
-0.00027
-0.00027
-0.00027
-0.00027
-0.00031
-0.00031
-0.00031
-0.00031
-0.00034
-0.00031
-0.00027
-0.00031
-0.00027
-0.00027
-0.00031
-0.00034
-0.00031
-0.00031
-0.00031
-0.00031
-0.00027
-0.00027
-0.00027
-0.00027
-0.00027
-0.00031
-0.00031
-0.00031
-0.00031
-0.00031
-0.00031
-0.00031
-0.00031
-0.00027
-0.00027
-0.00031
-0.00031
-0.00031
-0.00031
-0.00031
-0.00031
-0.00031
-0.00031
-0.00031
-0.00027
-0.00027
-0.00031
-0.00027
-0.00027
-0.00031
-0.00031
-0.00031
-0.00027
-0.00034
-0.00031
-0.00031
-0.00031
-0.00027
-0.00027
-0.00027
-0.00031
-0.00027
-0.00027
-0.00021
-0.00034
-0.00046
-0.00046
-0.00046
-0.00009
-0.00049
0.00049
-0.00061
-0.00623
-0.05200
-0.06274
-0.01724
0.00873
0.03091
0.03284
0.02704
0.02448
0.01785
0.00107
-0.01443
-0.01251
-0.01086
-0.00540
0.00806
0.00537
-0.00275
-0.00006
0.00043
0.00101
0.00787
0.00375
-0.00165
0.00177
0.00262
-0.00021
0.00156
0.00272
-0.00073
0.00000
0.00043
-0.00287
-0.00296
-0.00082
-0.00003
0.00049
0.00208
0.00262
0.00238
0.00323
0.00375
0.00156
-0.00031
-0.00058
-0.00119
-0.00073
0.00128
0.00131
-0.00024
-0.00046
0.00061
0.00070
0.00150
0.00247
0.00143
0.00064
0.00024
-0.00024
-0.00015
-0.00006
-0.00015
-0.00070
-0.00089
-0.00092
-0.00101
-0.00015
0.00082
0.00119
0.00143
0.00116
0.00052
-0.00067
-0.00116
-0.00064
-0.00043
-0.00015
-0.00003
-0.00015
-0.00034
-0.00101
-0.00140
-0.00204
-0.00235
-0.00235
-0.00208
-0.00082
0.00037
0.00070
0.00070
0.00000
-0.00085
-0.00107
-0.00073
-0.00089
-0.00055
-0.00043
0.00037
0.00119
0.00082
0.00070
-0.00027
-0.00082
-0.00159
-0.00208
-0.00195
-0.00192
-0.00119
-0.00040
0.00018
0.00040
0.00031
-0.00024
-0.00076
-0.00079
-0.00101
-0.00113
-0.00116
-0.00122
-0.00140
-0.00140
-0.00122
-0.00089
-0.00049
-0.00043
-0.00046
-0.00058
-0.00070
-0.00079
-0.00076
-0.00067
-0.00085
-0.00098
-0.00098
-0.00082
-0.00076
-0.00082
-0.00098
-0.00101
-0.00079
-0.00049
-0.00031
-0.00024
-0.00009
0.00034
0.00058
0.00058
0.00034
-0.00012
-0.00061
-0.00079
-0.00061
-0.00055
-0.00070
-0.00076
-0.00082
-0.00073
-0.00058
-0.00034
-0.00021
-0.00037
-0.00043
-0.00043
-0.00024
-0.00006
-0.00009
0.00000
0.00000
0.00000
0.00000
0.00000
0.00000
0.00000
0.00000
0.00000
0.00000
0.00000
0.00000
0.00000
0.00000
0.00000
0.00000
0.00000
0.00000
0.00000
0.00000
0.00000
0.00000
0.00000
0.00000
0.00000
0.00000
0.00000
0.00000
0.00000
0.00000
0.00000
0.00000
0.00000
0.00000
0.00000
0.00000
0.00000
0.00000
0.00000
0.00000
0.00000
0.00000
0.00000
0.00000
0.00000
0.00000
0.00000
0.00000
0.00000
0.00000
0.00000
0.00000
0.00000
0.00000
0.00000
0.00000
0.00000
0.00000
0.00000
0.00000
0.00000
0.00000
0.00000
0.00000
0.00000
0.00000
0.00000
0.00000
0.00000
0.00000
0.00000
0.00000
0.00000
0.00000
0.00000
0.00000
0.00000
0.00000
0.00000
0.00000
0.00000
0.00000
0.00000
0.00000
0.00000
0.00000
0.00000
0.00000
0.00000
0.00000
0.00000
0.00000
0.00000
0.00000
0.00000
0.00000
0.00000
0.00000
0.00000
0.00000
0.00000
0.00000
0.00000
0.00000
0.00000
0.00000
0.00000
0.00000
0.00000
0.00000
0.00000
0.00000
0.00000
0.00000
0.00000
0.00000
0.00000
0.00000
0.00000
0.00000
0.00000
0.00000
0.00000
0.00000
0.00000
0.00000
0.00000
0.00000
0.00000
0.00000
0.00000
0.00000
0.00000
0.00000
0.00000
0.00000
0.00000
0.00000
0.00000
0.00000
0.00000
0.00000
0.00000
0.00000
0.00000
0.00000
0.00000
0.00000
0.00000
0.00000
0.00000
0.00000
