-0.00034
-0.00034
-0.00031
-0.00031
-0.00031
-0.00031
-0.00031
-0.00031
-0.00034
-0.00031
-0.00034
-0.00034
-0.00034
-0.00031
-0.00034
-0.00034
-0.00031
-0.00034
-0.00034
-0.00031
-0.00031
-0.00031
-0.00034
-0.00034
-0.00034
-0.00034
-0.00034
-0.00031
-0.00031
-0.00034
-0.00031
-0.00027
-0.00031
-0.00031
-0.00040
-0.00027
-0.00031
-0.00034
-0.00031
-0.00031
-0.00031
-0.00034
-0.00031
-0.00027
-0.00034
-0.00034
-0.00034
-0.00031
-0.00034
-0.00034
-0.00031
-0.00031
-0.00031
-0.00027
-0.00027
-0.00027
-0.00031
-0.00031
-0.00031
-0.00031
-0.00034
-0.00031
-0.00031
-0.00031
-0.00034
-0.00031
-0.00027
-0.00027
-0.00031
-0.00027
-0.00024
-0.00034
-0.00031
-0.00031
-0.00034
-0.00031
-0.00027
-0.00027
-0.00031
-0.00031
-0.00027
-0.00027
-0.00027
-0.00031
-0.00031
-0.00027
-0.00024
-0.00027
-0.00027
-0.00027
-0.00034
-0.00034
-0.00027
-0.00031
-0.00031
-0.00031
-0.00031
-0.00031
-0.00031
-0.00027
-0.00027
-0.00031
-0.00031
-0.00031
-0.00031
-0.00031
-0.00034
-0.00031
-0.00031
-0.00031
-0.00031
-0.00027
-0.00027
-0.00031
-0.00031
-0.00031
-0.00031
-0.00031
-0.00034
-0.00027
-0.00031
-0.00031
-0.00031
-0.00027
-0.00031
-0.00031
-0.00031
-0.00031
-0.00031
-0.00031
-0.00031
-0.00031
-0.00031
-0.00034
-0.00031
-0.00031
-0.00027
-0.00031
-0.00031
-0.00031
-0.00034
-0.00031
-0.00027
-0.00027
-0.00027
-0.00027
-0.00027
-0.00027
-0.00027
-0.00027
-0.00027
-0.00027
-0.00027
-0.00031
-0.00031
-0.00027
-0.00027
-0.00027
-0.00027
-0.00027
-0.00024
-0.00024
-0.00027
-0.00024
-0.00024
-0.00024
-0.00024
-0.00024
-0.00021
-0.00021
-0.00024
-0.00024
-0.00024
-0.00027
-0.00021
-0.00024
-0.00024
-0.00021
-0.00021
-0.00024
-0.00021
-0.00021
-0.00021
-0.00021
-0.00021
-0.00024
-0.00021
-0.00021
-0.00021
-0.00031
-0.00024
-0.00034
-0.00034
-0.00027
-0.00027
0.00015
-0.00037
-0.00638
-0.03809
-0.04095
-0.01715
-0.00601
0.01529
0.02612
0.02808
0.01883
0.00781
0.00345
0.00708
0.00430
-0.01340
-0.02072
-0.00784
0.00153
0.00729
0.00995
0.00369
0.00089
0.00168
-0.00003
0.00143
0.00464
0.00162
-0.00159
0.00009
0.00021
-0.00217
-0.00055
0.00043
-0.00040
0.00012
0.00031
0.00040
0.00211
0.00311
0.00317
0.00287
0.00180
0.00082
0.00000
0.00024
0.00034
-0.00018
-0.00049
0.00000
0.00034
0.00064
0.00073
0.00098
0.00061
0.00082
0.00174
0.00110
0.00064
0.00110
0.00079
0.00049
0.00009
-0.00027
-0.00064
-0.00073
-0.00089
-0.00046
0.00043
0.00000
-0.00049
-0.00046
0.00015
0.00137
0.00156
0.00131
0.00104
0.00034
-0.00043
-0.00079
-0.00082
-0.00143
-0.00168
-0.00095
-0.00089
-0.00098
-0.00116
-0.00098
-0.00003
0.00015
-0.00003
-0.00024
-0.00012
-0.00043
-0.00110
-0.00027
-0.00006
-0.00024
-0.00034
-0.00018
0.00027
0.00034
0.00049
-0.00003
-0.00113
-0.00131
-0.00128
-0.00082
-0.00034
-0.00012
-0.00009
0.00006
-0.00015
-0.00024
-0.00046
-0.00092
-0.00110
-0.00070
-0.00043
-0.00085
-0.00098
-0.00089
-0.00092
-0.00082
-0.00098
-0.00092
-0.00037
-0.00003
-0.00031
-0.00046
-0.00043
-0.00049
-0.00052
-0.00046
-0.00052
-0.00067
-0.00079
-0.00098
-0.00085
-0.00049
-0.00037
-0.00049
-0.00070
-0.00061
-0.00018
0.00006
0.00012
0.00012
0.00024
0.00034
0.00009
-0.00009
-0.00018
-0.00043
-0.00079
-0.00095
-0.00070
-0.00043
-0.00018
-0.00012
-0.00009
-0.00012
-0.00031
-0.00043
-0.00034
-0.00027
-0.00034
-0.00031
-0.00009
0.00006
0.00012
0.00015
0.00021
0.00021
0.00006
-0.00006
0.00000
0.00027
0.00058
0.00073
0.00064
0.00037
0.00003
-0.00003
0.00003
0.00003
-0.00006
0.00000
0.00000
0.00000
0.00000
0.00000
0.00000
0.00000
0.00000
0.00000
0.00000
0.00000
0.00000
0.00000
0.00000
0.00000
0.00000
0.00000
0.00000
0.00000
0.00000
0.00000
0.00000
0.00000
0.00000
0.00000
0.00000
0.00000
0.00000
0.00000
0.00000
0.00000
0.00000
0.00000
0.00000
0.00000
0.00000
0.00000
0.00000
0.00000
0.00000
0.00000
0.00000
0.00000
0.00000
0.00000
0.00000
0.00000
0.00000
0.00000
0.00000
0.00000
0.00000
0.00000
0.00000
0.00000
0.00000
0.00000
0.00000
0.00000
0.00000
0.00000
0.00000
0.00000
0.00000
0.00000
0.00000
0.00000
0.00000
0.00000
0.00000
0.00000
0.00000
0.00000
0.00000
0.00000
0.00000
0.00000
0.00000
0.00000
0.00000
0.00000
0.00000
0.00000
0.00000
0.00000
0.00000
0.00000
0.00000
0.00000
0.00000
0.00000
0.00000
0.00000
0.00000
0.00000
0.00000
0.00000
0.00000
0.00000
0.00000
0.00000
0.00000
0.00000
0.00000
0.00000
0.00000
0.00000
0.00000
0.00000
0.00000
0.00000
0.00000
0.00000
0.00000
0.00000
0.00000
0.00000
0.00000
0.00000
0.00000
0.00000
0.00000
0.00000
0.00000
0.00000
0.00000
0.00000
0.00000
0.00000
0.00000
