-0.00024
-0.00027
-0.00031
-0.00027
-0.00027
-0.00031
-0.00027
-0.00027
-0.00031
-0.00034
-0.00027
-0.00024
-0.00027
-0.00027
-0.00027
-0.00027
-0.00027
-0.00031
-0.00031
-0.00027
-0.00027
-0.00031
-0.00027
-0.00021
-0.00024
-0.00027
-0.00021
-0.00024
-0.00027
-0.00027
-0.00024
-0.00024
-0.00024
-0.00024
-0.00034
-0.00024
-0.00027
-0.00027
-0.00024
-0.00027
-0.00027
-0.00027
-0.00021
-0.00021
-0.00024
-0.00021
-0.00021
-0.00024
-0.00027
-0.00021
-0.00021
-0.00021
-0.00021
-0.00021
-0.00021
-0.00024
-0.00024
-0.00024
-0.00024
-0.00024
-0.00021
-0.00024
-0.00024
-0.00018
-0.00024
-0.00021
-0.00018
-0.00021
-0.00024
-0.00021
-0.00021
-0.00021
-0.00018
-0.00021
-0.00024
-0.00024
-0.00018
-0.00015
-0.00021
-0.00021
-0.00018
-0.00024
-0.00021
-0.00018
-0.00021
-0.00018
-0.00015
-0.00018
-0.00018
-0.00015
-0.00021
-0.00024
-0.00021
-0.00021
-0.00021
-0.00018
-0.00015
-0.00018
-0.00018
-0.00015
-0.00015
-0.00018
-0.00015
-0.00012
-0.00018
-0.00018
-0.00012
-0.00015
-0.00021
-0.00015
-0.00015
-0.00018
-0.00015
-0.00015
-0.00015
-0.00015
-0.00015
-0.00015
-0.00015
-0.00015
-0.00021
-0.00015
-0.00015
-0.00018
-0.00018
-0.00015
-0.00015
-0.00015
-0.00015
-0.00012
-0.00015
-0.00015
-0.00018
-0.00018
-0.00015
-0.00015
-0.00015
-0.00015
-0.00012
-0.00015
-0.00018
-0.00015
-0.00015
-0.00015
-0.00018
-0.00015
-0.00015
-0.00012
-0.00015
-0.00018
-0.00015
-0.00018
-0.00018
-0.00015
-0.00012
-0.00009
-0.00012
-0.00012
-0.00015
-0.00015
-0.00018
-0.00015
-0.00015
-0.00018
-0.00015
-0.00018
-0.00015
-0.00012
-0.00015
-0.00015
-0.00018
-0.00018
-0.00015
-0.00015
-0.00015
-0.00015
-0.00015
-0.00015
-0.00018
-0.00009
-0.00034
0.00006
-0.00061
0.00046
-0.00107
0.00104
-0.00204
-0.00049
-0.05331
-0.09357
-0.02798
-0.00586
0.02670
0.06396
0.06604
0.03833
0.00851
-0.00092
0.00641
0.01465
-0.02359
-0.05075
-0.02377
0.00378
0.01016
0.01947
0.01236
-0.00192
-0.00034
0.00250
0.00085
0.00943
0.00620
-0.00388
-0.00119
0.00211
-0.00317
-0.00247
-0.00003
0.00052
-0.00070
-0.00055
0.00073
-0.00113
0.00104
0.00400
0.00430
0.00375
0.00424
0.00168
-0.00021
-0.00009
-0.00119
-0.00357
-0.00143
-0.00076
-0.00165
0.00018
0.00208
0.00082
0.00125
0.00235
0.00098
-0.00089
0.00049
0.00180
0.00348
0.00552
0.00287
-0.00153
-0.00363
-0.00320
-0.00299
-0.00232
-0.00119
-0.00104
-0.00095
0.00098
0.00256
0.00305
0.00342
0.00208
-0.00003
-0.00040
-0.00140
-0.00272
-0.00220
-0.00177
-0.00131
-0.00143
-0.00165
-0.00250
-0.00262
-0.00134
-0.00125
-0.00092
-0.00018
0.00058
0.00134
0.00128
0.00150
0.00015
-0.00137
-0.00085
-0.00107
-0.00146
-0.00122
-0.00061
0.00024
-0.00079
-0.00027
0.00244
0.00092
-0.00040
-0.00031
-0.00006
0.00015
-0.00034
-0.00104
-0.00134
-0.00095
-0.00211
-0.00204
0.00000
-0.00064
-0.00128
-0.00095
-0.00162
-0.00146
-0.00070
-0.00031
-0.00024
0.00021
-0.00052
-0.00119
-0.00070
-0.00079
-0.00110
-0.00046
-0.00082
-0.00134
-0.00128
-0.00146
-0.00134
-0.00079
-0.00052
-0.00040
-0.00009
-0.00009
-0.00037
-0.00006
0.00043
0.00055
0.00055
0.00024
-0.00034
-0.00067
-0.00046
-0.00024
-0.00043
-0.00092
-0.00095
-0.00055
-0.00027
-0.00018
-0.00031
-0.00043
-0.00046
-0.00015
0.00031
0.00055
0.00018
-0.00061
-0.00116
-0.00137
-0.00131
-0.00092
-0.00043
-0.00015
-0.00027
-0.00021
0.00018
0.00055
0.00089
0.00107
0.00092
0.00067
0.00061
0.00000
0.00000
0.00000
0.00000
0.00000
0.00000
0.00000
0.00000
0.00000
0.00000
0.00000
0.00000
0.00000
0.00000
0.00000
0.00000
0.00000
0.00000
0.00000
0.00000
0.00000
0.00000
0.00000
0.00000
0.00000
0.00000
0.00000
0.00000
0.00000
0.00000
0.00000
0.00000
0.00000
0.00000
0.00000
0.00000
0.00000
0.00000
0.00000
0.00000
0.00000
0.00000
0.00000
0.00000
0.00000
0.00000
0.00000
0.00000
0.00000
0.00000
0.00000
0.00000
0.00000
0.00000
0.00000
0.00000
0.00000
0.00000
0.00000
0.00000
0.00000
0.00000
0.00000
0.00000
0.00000
0.00000
0.00000
0.00000
0.00000
0.00000
0.00000
0.00000
0.00000
0.00000
0.00000
0.00000
0.00000
0.00000
0.00000
0.00000
0.00000
0.00000
0.00000
0.00000
0.00000
0.00000
0.00000
0.00000
0.00000
0.00000
0.00000
0.00000
0.00000
0.00000
0.00000
0.00000
0.00000
0.00000
0.00000
0.00000
0.00000
0.00000
0.00000
0.00000
0.00000
0.00000
0.00000
0.00000
0.00000
0.00000
0.00000
0.00000
0.00000
0.00000
0.00000
0.00000
0.00000
0.00000
0.00000
0.00000
0.00000
0.00000
0.00000
0.00000
0.00000
0.00000
0.00000
0.00000
0.00000
0.00000
0.00000
0.00000
0.00000
0.00000
0.00000
0.00000
0.00000
0.00000
0.00000
0.00000
0.00000
0.00000
0.00000
0.00000
