-0.00034
-0.00034
-0.00031
-0.00027
-0.00034
-0.00034
-0.00034
-0.00034
-0.00037
-0.00031
-0.00027
-0.00031
-0.00034
-0.00031
-0.00034
-0.00037
-0.00037
-0.00037
-0.00034
-0.00034
-0.00031
-0.00034
-0.00034
-0.00034
-0.00034
-0.00037
-0.00037
-0.00034
-0.00034
-0.00034
-0.00034
-0.00031
-0.00034
-0.00034
-0.00043
-0.00031
-0.00037
-0.00034
-0.00034
-0.00043
-0.00037
-0.00037
-0.00037
-0.00034
-0.00034
-0.00034
-0.00031
-0.00037
-0.00037
-0.00034
-0.00040
-0.00040
-0.00037
-0.00037
-0.00040
-0.00040
-0.00037
-0.00037
-0.00037
-0.00034
-0.00040
-0.00040
-0.00031
-0.00037
-0.00034
-0.00037
-0.00040
-0.00040
-0.00040
-0.00037
-0.00031
-0.00034
-0.00037
-0.00037
-0.00037
-0.00037
-0.00037
-0.00037
-0.00037
-0.00037
-0.00040
-0.00037
-0.00031
-0.00037
-0.00037
-0.00037
-0.00040
-0.00040
-0.00037
-0.00034
-0.00037
-0.00034
-0.00034
-0.00037
-0.00034
-0.00034
-0.00040
-0.00037
-0.00037
-0.00037
-0.00040
-0.00037
-0.00037
-0.00040
-0.00037
-0.00034
-0.00034
-0.00037
-0.00034
-0.00037
-0.00040
-0.00037
-0.00037
-0.00040
-0.00037
-0.00034
-0.00037
-0.00037
-0.00037
-0.00040
-0.00037
-0.00037
-0.00040
-0.00037
-0.00034
-0.00037
-0.00040
-0.00037
-0.00037
-0.00040
-0.00040
-0.00037
-0.00034
-0.00034
-0.00031
-0.00034
-0.00037
-0.00034
-0.00034
-0.00040
-0.00040
-0.00037
-0.00037
-0.00040
-0.00034
-0.00027
-0.00031
-0.00034
-0.00037
-0.00037
-0.00037
-0.00037
-0.00037
-0.00037
-0.00031
-0.00037
-0.00037
-0.00031
-0.00031
-0.00034
-0.00037
-0.00034
-0.00034
-0.00037
-0.00037
-0.00031
-0.00031
-0.00040
-0.00037
-0.00034
-0.00037
-0.00037
-0.00034
-0.00034
-0.00034
-0.00031
-0.00027
-0.00034
-0.00024
-0.00046
-0.00009
-0.00064
0.00009
-0.00095
0.00043
-0.00134
-0.00195
-0.04974
-0.09821
-0.02618
-0.00763
0.01489
0.06674
0.06384
0.04770
0.01038
-0.00098
0.00177
0.01740
-0.01593
-0.05206
-0.02383
0.00540
0.00671
0.01816
0.01447
-0.00607
-0.00330
0.00055
-0.00162
0.01050
0.01147
-0.00220
-0.00037
0.00616
-0.00510
-0.00668
0.00076
-0.00180
-0.00275
0.00043
0.00012
-0.00034
0.00497
0.00443
0.00180
0.00449
0.00491
0.00073
-0.00018
-0.00003
-0.00281
-0.00391
-0.00195
-0.00119
-0.00070
0.00107
0.00128
0.00024
-0.00052
0.00201
0.00134
0.00101
0.00150
0.00223
0.00494
0.00320
0.00137
-0.00055
-0.00412
-0.00443
-0.00476
-0.00214
0.00043
-0.00049
0.00009
0.00095
0.00284
0.00302
0.00159
0.00171
0.00052
-0.00064
-0.00220
-0.00232
-0.00125
-0.00168
-0.00168
-0.00159
-0.00134
-0.00168
-0.00238
-0.00159
-0.00137
-0.00156
-0.00085
-0.00003
0.00134
0.00174
0.00095
0.00107
-0.00027
-0.00113
-0.00165
-0.00165
-0.00125
-0.00107
-0.00049
-0.00018
-0.00061
0.00198
0.00186
0.00061
0.00143
-0.00006
0.00034
0.00055
-0.00204
-0.00192
-0.00140
-0.00262
-0.00183
-0.00018
-0.00046
-0.00058
-0.00037
-0.00156
-0.00156
-0.00021
-0.00040
-0.00058
0.00052
-0.00046
-0.00116
-0.00055
-0.00058
-0.00076
-0.00055
-0.00095
-0.00113
-0.00095
-0.00137
-0.00165
-0.00067
-0.00012
-0.00006
0.00006
-0.00012
-0.00037
0.00000
0.00052
0.00085
0.00082
0.00027
-0.00018
-0.00043
-0.00031
-0.00012
-0.00015
-0.00058
-0.00073
-0.00031
0.00003
-0.00006
-0.00046
-0.00064
-0.00012
0.00037
0.00040
0.00052
0.00052
0.00000
-0.00073
-0.00107
-0.00095
-0.00089
-0.00070
-0.00040
-0.00009
0.00000
0.00000
0.00000
0.00000
0.00000
0.00000
0.00000
0.00000
0.00000
0.00000
0.00000
0.00000
0.00000
0.00000
0.00000
0.00000
0.00000
0.00000
0.00000
0.00000
0.00000
0.00000
0.00000
0.00000
0.00000
0.00000
0.00000
0.00000
0.00000
0.00000
0.00000
0.00000
0.00000
0.00000
0.00000
0.00000
0.00000
0.00000
0.00000
0.00000
0.00000
0.00000
0.00000
0.00000
0.00000
0.00000
0.00000
0.00000
0.00000
0.00000
0.00000
0.00000
0.00000
0.00000
0.00000
0.00000
0.00000
0.00000
0.00000
0.00000
0.00000
0.00000
0.00000
0.00000
0.00000
0.00000
0.00000
0.00000
0.00000
0.00000
0.00000
0.00000
0.00000
0.00000
0.00000
0.00000
0.00000
0.00000
0.00000
0.00000
0.00000
0.00000
0.00000
0.00000
0.00000
0.00000
0.00000
0.00000
0.00000
0.00000
0.00000
0.00000
0.00000
0.00000
0.00000
0.00000
0.00000
0.00000
0.00000
0.00000
0.00000
0.00000
0.00000
0.00000
0.00000
0.00000
0.00000
0.00000
0.00000
0.00000
0.00000
0.00000
0.00000
0.00000
0.00000
0.00000
0.00000
0.00000
0.00000
0.00000
0.00000
0.00000
0.00000
0.00000
0.00000
0.00000
0.00000
0.00000
0.00000
0.00000
0.00000
0.00000
0.00000
0.00000
0.00000
0.00000
0.00000
0.00000
0.00000
0.00000
0.00000
0.00000
0.00000
0.00000
0.00000
0.00000
0.00000
0.00000
0.00000
0.00000
0.00000
0.00000
0.00000
