-0.00043
-0.00043
-0.00040
-0.00040
-0.00037
-0.00043
-0.00043
-0.00040
-0.00040
-0.00043
-0.00046
-0.00046
-0.00046
-0.00049
-0.00046
-0.00043
-0.00040
-0.00043
-0.00043
-0.00040
-0.00040
-0.00040
-0.00043
-0.00043
-0.00046
-0.00046
-0.00043
-0.00043
-0.00040
-0.00037
-0.00037
-0.00040
-0.00043
-0.00037
-0.00049
-0.00043
-0.00043
-0.00043
-0.00043
-0.00046
-0.00040
-0.00040
-0.00040
-0.00040
-0.00040
-0.00040
-0.00037
-0.00040
-0.00043
-0.00040
-0.00046
-0.00043
-0.00040
-0.00040
-0.00037
-0.00043
-0.00040
-0.00040
-0.00037
-0.00043
-0.00046
-0.00040
-0.00040
-0.00037
-0.00037
-0.00034
-0.00037
-0.00040
-0.00043
-0.00040
-0.00043
-0.00049
-0.00046
-0.00040
-0.00040
-0.00037
-0.00037
-0.00037
-0.00040
-0.00040
-0.00037
-0.00037
-0.00037
-0.00034
-0.00037
-0.00040
-0.00037
-0.00037
-0.00043
-0.00040
-0.00037
-0.00037
-0.00034
-0.00034
-0.00034
-0.00037
-0.00037
-0.00040
-0.00040
-0.00031
-0.00034
-0.00034
-0.00037
-0.00037
-0.00034
-0.00031
-0.00031
-0.00031
-0.00031
-0.00031
-0.00031
-0.00034
-0.00034
-0.00034
-0.00034
-0.00034
-0.00027
-0.00027
-0.00031
-0.00031
-0.00034
-0.00040
-0.00037
-0.00034
-0.00034
-0.00037
-0.00031
-0.00024
-0.00027
-0.00027
-0.00024
-0.00027
-0.00031
-0.00031
-0.00034
-0.00034
-0.00034
-0.00034
-0.00031
-0.00024
-0.00027
-0.00027
-0.00027
-0.00027
-0.00027
-0.00027
-0.00027
-0.00024
-0.00027
-0.00027
-0.00027
-0.00027
-0.00027
-0.00031
-0.00027
-0.00027
-0.00027
-0.00024
-0.00024
-0.00027
-0.00024
-0.00027
-0.00027
-0.00024
-0.00027
-0.00027
-0.00024
-0.00027
-0.00021
-0.00021
-0.00027
-0.00027
-0.00024
-0.00031
-0.00031
-0.00027
-0.00024
-0.00024
-0.00021
-0.00021
-0.00021
-0.00018
-0.00021
-0.00021
-0.00021
-0.00021
-0.00021
-0.00021
-0.00021
-0.00031
-0.00031
-0.00034
-0.00046
-0.00024
-0.00046
0.00031
-0.00040
-0.00308
-0.03018
-0.04376
-0.02179
-0.00912
0.01065
0.02478
0.02771
0.02090
0.00970
0.00397
0.00607
0.00592
-0.00931
-0.02081
-0.01074
0.00037
0.00610
0.00970
0.00516
0.00089
0.00146
0.00064
0.00070
0.00449
0.00253
-0.00110
-0.00021
0.00031
-0.00241
-0.00089
0.00049
-0.00031
0.00000
0.00031
0.00076
0.00214
0.00311
0.00296
0.00287
0.00177
0.00067
0.00027
0.00034
0.00031
0.00003
-0.00049
0.00006
0.00067
0.00070
0.00046
0.00089
0.00073
0.00061
0.00168
0.00146
0.00067
0.00113
0.00098
0.00049
0.00024
-0.00012
-0.00058
-0.00064
-0.00061
-0.00043
0.00031
0.00009
-0.00061
-0.00055
-0.00009
0.00110
0.00174
0.00156
0.00131
0.00070
-0.00012
-0.00067
-0.00089
-0.00137
-0.00180
-0.00101
-0.00076
-0.00089
-0.00085
-0.00082
-0.00006
0.00018
0.00012
-0.00009
-0.00027
-0.00031
-0.00104
-0.00031
0.00003
-0.00024
-0.00015
-0.00003
0.00034
0.00052
0.00055
0.00012
-0.00101
-0.00128
-0.00122
-0.00089
-0.00043
-0.00003
0.00003
0.00024
0.00006
-0.00009
-0.00031
-0.00082
-0.00104
-0.00076
-0.00043
-0.00076
-0.00089
-0.00073
-0.00082
-0.00082
-0.00101
-0.00095
-0.00034
0.00006
-0.00015
-0.00040
-0.00037
-0.00040
-0.00043
-0.00043
-0.00052
-0.00061
-0.00073
-0.00092
-0.00089
-0.00052
-0.00034
-0.00043
-0.00055
-0.00040
-0.00009
0.00012
0.00006
0.00012
0.00031
0.00034
0.00009
-0.00012
-0.00021
-0.00034
-0.00064
-0.00092
-0.00073
-0.00040
-0.00015
-0.00006
0.00000
-0.00012
-0.00037
-0.00046
-0.00037
-0.00021
-0.00027
-0.00024
-0.00003
0.00012
0.00012
0.00018
0.00021
0.00018
0.00006
-0.00003
0.00000
0.00034
0.00058
0.00070
0.00067
0.00037
-0.00009
-0.00018
0.00003
0.00006
0.00000
0.00000
0.00000
0.00000
0.00000
0.00000
0.00000
0.00000
0.00000
0.00000
0.00000
0.00000
0.00000
0.00000
0.00000
0.00000
0.00000
0.00000
0.00000
0.00000
0.00000
0.00000
0.00000
0.00000
0.00000
0.00000
0.00000
0.00000
0.00000
0.00000
0.00000
0.00000
0.00000
0.00000
0.00000
0.00000
0.00000
0.00000
0.00000
0.00000
0.00000
0.00000
0.00000
0.00000
0.00000
0.00000
0.00000
0.00000
0.00000
0.00000
0.00000
0.00000
0.00000
0.00000
0.00000
0.00000
0.00000
0.00000
0.00000
0.00000
0.00000
0.00000
0.00000
0.00000
0.00000
0.00000
0.00000
0.00000
0.00000
0.00000
0.00000
0.00000
0.00000
0.00000
0.00000
0.00000
0.00000
0.00000
0.00000
0.00000
0.00000
0.00000
0.00000
0.00000
0.00000
0.00000
0.00000
0.00000
0.00000
0.00000
0.00000
0.00000
0.00000
0.00000
0.00000
0.00000
0.00000
0.00000
0.00000
0.00000
0.00000
0.00000
0.00000
0.00000
0.00000
0.00000
0.00000
0.00000
0.00000
0.00000
0.00000
0.00000
0.00000
0.00000
0.00000
0.00000
0.00000
0.00000
0.00000
0.00000
0.00000
0.00000
0.00000
0.00000
0.00000
0.00000
0.00000
0.00000
0.00000
0.00000
0.00000
