-0.00009
-0.00006
-0.00006
-0.00012
-0.00015
-0.00012
-0.00012
-0.00012
-0.00009
-0.00006
-0.00009
-0.00015
-0.00012
-0.00009
-0.00009
-0.00012
-0.00009
-0.00006
-0.00009
-0.00006
-0.00003
-0.00009
-0.00012
-0.00015
-0.00015
-0.00015
-0.00012
-0.00012
-0.00009
-0.00006
-0.00006
-0.00006
-0.00006
-0.00006
-0.00021
-0.00009
-0.00009
-0.00012
-0.00012
-0.00009
-0.00006
-0.00009
-0.00006
-0.00006
-0.00006
-0.00012
-0.00012
-0.00009
-0.00012
-0.00012
-0.00009
-0.00006
-0.00012
-0.00009
-0.00006
-0.00006
-0.00006
-0.00012
-0.00012
-0.00012
-0.00012
-0.00009
-0.00009
-0.00012
-0.00015
-0.00012
-0.00006
-0.00006
-0.00009
-0.00003
-0.00006
-0.00015
-0.00012
-0.00009
-0.00012
-0.00015
-0.00012
-0.00009
-0.00009
-0.00009
-0.00009
-0.00009
-0.00012
-0.00012
-0.00009
-0.00009
-0.00006
-0.00006
-0.00009
-0.00009
-0.00012
-0.00015
-0.00015
-0.00015
-0.00015
-0.00015
-0.00012
-0.00012
-0.00012
-0.00009
-0.00009
-0.00006
-0.00006
-0.00009
-0.00009
-0.00006
-0.00018
-0.00021
-0.00018
-0.00018
-0.00015
-0.00012
-0.00006
-0.00003
-0.00003
-0.00003
-0.00006
-0.00009
-0.00012
-0.00015
-0.00009
-0.00012
-0.00009
-0.00009
-0.00009
-0.00009
-0.00009
-0.00009
-0.00009
-0.00006
-0.00006
-0.00003
-0.00003
-0.00009
-0.00012
-0.00009
-0.00009
-0.00012
-0.00012
-0.00009
-0.00009
-0.00009
-0.00006
-0.00006
-0.00006
-0.00009
-0.00009
-0.00003
-0.00003
-0.00006
-0.00006
0.00000
-0.00006
-0.00009
-0.00009
-0.00009
-0.00012
-0.00009
-0.00006
-0.00006
-0.00006
-0.00006
-0.00006
-0.00009
-0.00006
-0.00006
-0.00006
-0.00006
-0.00003
0.00000
-0.00003
-0.00006
-0.00003
-0.00009
-0.00012
-0.00015
-0.00015
-0.00012
-0.00009
-0.00009
-0.00006
0.00000
-0.00003
-0.00006
-0.00009
-0.00012
-0.00009
-0.00009
-0.00009
-0.00021
-0.00009
-0.00024
-0.00018
-0.00021
-0.00006
0.00009
-0.00021
-0.00882
-0.04254
-0.03796
-0.01459
-0.00449
0.01749
0.02673
0.02890
0.01797
0.00711
0.00330
0.00769
0.00366
-0.01562
-0.01999
-0.00638
0.00146
0.00757
0.01025
0.00342
0.00085
0.00214
-0.00052
0.00183
0.00479
0.00098
-0.00180
0.00043
0.00021
-0.00165
-0.00018
0.00027
-0.00043
0.00027
0.00046
0.00000
0.00180
0.00308
0.00339
0.00311
0.00208
0.00107
-0.00012
0.00009
0.00037
-0.00031
-0.00024
0.00006
0.00000
0.00052
0.00107
0.00107
0.00049
0.00113
0.00177
0.00085
0.00061
0.00101
0.00064
0.00055
-0.00012
-0.00040
-0.00055
-0.00085
-0.00110
-0.00031
0.00052
0.00009
-0.00043
-0.00034
0.00040
0.00119
0.00125
0.00122
0.00089
0.00006
-0.00061
-0.00079
-0.00079
-0.00146
-0.00153
-0.00101
-0.00098
-0.00107
-0.00153
-0.00107
-0.00006
0.00000
-0.00012
-0.00021
-0.00003
-0.00052
-0.00113
-0.00031
-0.00015
-0.00024
-0.00061
-0.00040
0.00012
0.00018
0.00046
-0.00018
-0.00110
-0.00128
-0.00140
-0.00085
-0.00024
-0.00018
-0.00031
-0.00012
-0.00040
-0.00034
-0.00052
-0.00104
-0.00122
-0.00076
-0.00055
-0.00107
-0.00113
-0.00110
-0.00107
-0.00085
-0.00095
-0.00107
-0.00058
-0.00015
-0.00043
-0.00055
-0.00055
-0.00064
-0.00067
-0.00061
-0.00067
-0.00089
-0.00101
-0.00116
-0.00104
-0.00064
-0.00049
-0.00067
-0.00092
-0.00079
-0.00037
0.00003
0.00009
0.00000
-0.00003
0.00003
-0.00015
-0.00034
-0.00043
-0.00073
-0.00113
-0.00116
-0.00089
-0.00061
-0.00037
-0.00027
-0.00021
-0.00024
-0.00040
-0.00055
-0.00055
-0.00061
-0.00070
-0.00064
-0.00034
-0.00018
-0.00009
-0.00009
-0.00006
0.00000
0.00000
0.00000
0.00000
0.00000
0.00000
0.00000
0.00000
0.00000
0.00000
0.00000
0.00000
0.00000
0.00000
0.00000
0.00000
0.00000
0.00000
0.00000
0.00000
0.00000
0.00000
0.00000
0.00000
0.00000
0.00000
0.00000
0.00000
0.00000
0.00000
0.00000
0.00000
0.00000
0.00000
0.00000
0.00000
0.00000
0.00000
0.00000
0.00000
0.00000
0.00000
0.00000
0.00000
0.00000
0.00000
0.00000
0.00000
0.00000
0.00000
0.00000
0.00000
0.00000
0.00000
0.00000
0.00000
0.00000
0.00000
0.00000
0.00000
0.00000
0.00000
0.00000
0.00000
0.00000
0.00000
0.00000
0.00000
0.00000
0.00000
0.00000
0.00000
0.00000
0.00000
0.00000
0.00000
0.00000
0.00000
0.00000
0.00000
0.00000
0.00000
0.00000
0.00000
0.00000
0.00000
0.00000
0.00000
0.00000
0.00000
0.00000
0.00000
0.00000
0.00000
0.00000
0.00000
0.00000
0.00000
0.00000
0.00000
0.00000
0.00000
0.00000
0.00000
0.00000
0.00000
0.00000
0.00000
0.00000
0.00000
0.00000
0.00000
0.00000
0.00000
0.00000
0.00000
0.00000
0.00000
0.00000
0.00000
0.00000
0.00000
0.00000
0.00000
0.00000
0.00000
0.00000
0.00000
0.00000
0.00000
0.00000
0.00000
0.00000
0.00000
0.00000
0.00000
0.00000
0.00000
0.00000
0.00000
0.00000
0.00000
0.00000
0.00000
