-0.00018
-0.00021
-0.00024
-0.00021
-0.00018
-0.00018
-0.00015
-0.00018
-0.00018
-0.00015
-0.00018
-0.00021
-0.00021
-0.00021
-0.00021
-0.00024
-0.00021
-0.00018
-0.00018
-0.00015
-0.00021
-0.00021
-0.00018
-0.00018
-0.00021
-0.00021
-0.00018
-0.00021
-0.00021
-0.00018
-0.00018
-0.00018
-0.00021
-0.00018
-0.00027
-0.00018
-0.00021
-0.00021
-0.00018
-0.00027
-0.00021
-0.00021
-0.00018
-0.00021
-0.00021
-0.00021
-0.00021
-0.00024
-0.00024
-0.00021
-0.00021
-0.00021
-0.00021
-0.00018
-0.00021
-0.00021
-0.00021
-0.00018
-0.00018
-0.00018
-0.00024
-0.00027
-0.00015
-0.00024
-0.00024
-0.00018
-0.00021
-0.00021
-0.00021
-0.00018
-0.00018
-0.00021
-0.00021
-0.00021
-0.00018
-0.00015
-0.00015
-0.00018
-0.00015
-0.00021
-0.00027
-0.00024
-0.00021
-0.00027
-0.00027
-0.00021
-0.00021
-0.00021
-0.00021
-0.00018
-0.00021
-0.00024
-0.00021
-0.00024
-0.00021
-0.00021
-0.00024
-0.00021
-0.00021
-0.00024
-0.00024
-0.00024
-0.00024
-0.00027
-0.00024
-0.00021
-0.00021
-0.00024
-0.00018
-0.00018
-0.00024
-0.00021
-0.00021
-0.00024
-0.00024
-0.00024
-0.00024
-0.00024
-0.00021
-0.00027
-0.00024
-0.00024
-0.00024
-0.00024
-0.00024
-0.00021
-0.00021
-0.00024
-0.00024
-0.00024
-0.00024
-0.00024
-0.00024
-0.00024
-0.00021
-0.00024
-0.00024
-0.00021
-0.00018
-0.00021
-0.00027
-0.00027
-0.00021
-0.00024
-0.00027
-0.00021
-0.00021
-0.00024
-0.00027
-0.00024
-0.00024
-0.00031
-0.00027
-0.00024
-0.00021
-0.00021
-0.00018
-0.00018
-0.00021
-0.00021
-0.00024
-0.00021
-0.00024
-0.00027
-0.00031
-0.00027
-0.00021
-0.00027
-0.00027
-0.00027
-0.00027
-0.00024
-0.00021
-0.00018
-0.00018
-0.00027
-0.00024
-0.00027
-0.00015
-0.00040
-0.00009
-0.00049
-0.00009
-0.00052
-0.00009
-0.00049
-0.00082
-0.02704
-0.09314
-0.04691
-0.00580
-0.00201
0.05362
0.06195
0.05450
0.02170
0.00058
-0.00061
0.01447
-0.00031
-0.04456
-0.03320
0.00015
0.00412
0.01251
0.01862
-0.00034
-0.00464
0.00018
-0.00403
0.00729
0.01331
0.00031
-0.00290
0.00754
-0.00165
-0.00809
0.00018
-0.00186
-0.00287
-0.00067
0.00009
-0.00018
0.00455
0.00546
0.00143
0.00424
0.00476
0.00101
0.00024
-0.00037
-0.00275
-0.00327
-0.00278
-0.00125
0.00009
0.00027
0.00082
0.00027
-0.00089
0.00168
0.00220
0.00116
0.00107
0.00217
0.00415
0.00266
0.00183
0.00067
-0.00320
-0.00473
-0.00491
-0.00211
0.00012
-0.00073
-0.00021
0.00043
0.00253
0.00293
0.00104
0.00211
0.00140
-0.00098
-0.00229
-0.00220
-0.00119
-0.00192
-0.00229
-0.00131
-0.00098
-0.00101
-0.00211
-0.00211
-0.00113
-0.00177
-0.00131
-0.00076
0.00037
0.00134
0.00067
0.00122
0.00064
-0.00073
-0.00159
-0.00183
-0.00131
-0.00146
-0.00171
-0.00140
0.00137
0.00052
0.00018
0.00214
0.00122
0.00150
0.00082
-0.00085
-0.00174
-0.00168
-0.00220
-0.00262
-0.00140
-0.00107
-0.00134
-0.00015
-0.00043
-0.00107
-0.00073
-0.00122
-0.00119
0.00006
-0.00024
-0.00079
-0.00073
-0.00079
-0.00107
-0.00040
-0.00058
-0.00119
-0.00098
-0.00128
-0.00183
-0.00153
-0.00089
-0.00061
-0.00009
-0.00003
-0.00040
-0.00037
0.00000
0.00018
0.00046
0.00058
0.00024
-0.00015
-0.00046
-0.00046
-0.00031
-0.00034
-0.00061
-0.00082
-0.00058
-0.00031
-0.00037
-0.00055
-0.00052
-0.00024
-0.00003
0.00000
0.00000
0.00000
0.00000
0.00000
0.00000
0.00000
0.00000
0.00000
0.00000
0.00000
0.00000
0.00000
0.00000
0.00000
0.00000
0.00000
0.00000
0.00000
0.00000
0.00000
0.00000
0.00000
0.00000
0.00000
0.00000
0.00000
0.00000
0.00000
0.00000
0.00000
0.00000
0.00000
0.00000
0.00000
0.00000
0.00000
0.00000
0.00000
0.00000
0.00000
0.00000
0.00000
0.00000
0.00000
0.00000
0.00000
0.00000
0.00000
0.00000
0.00000
0.00000
0.00000
0.00000
0.00000
0.00000
0.00000
0.00000
0.00000
0.00000
0.00000
0.00000
0.00000
0.00000
0.00000
0.00000
0.00000
0.00000
0.00000
0.00000
0.00000
0.00000
0.00000
0.00000
0.00000
0.00000
0.00000
0.00000
0.00000
0.00000
0.00000
0.00000
0.00000
0.00000
0.00000
0.00000
0.00000
0.00000
0.00000
0.00000
0.00000
0.00000
0.00000
0.00000
0.00000
0.00000
0.00000
0.00000
0.00000
0.00000
0.00000
0.00000
0.00000
0.00000
0.00000
0.00000
0.00000
0.00000
0.00000
0.00000
0.00000
0.00000
0.00000
0.00000
0.00000
0.00000
0.00000
0.00000
0.00000
0.00000
0.00000
0.00000
0.00000
0.00000
0.00000
0.00000
0.00000
0.00000
0.00000
0.00000
0.00000
0.00000
0.00000
0.00000
0.00000
0.00000
0.00000
0.00000
0.00000
0.00000
0.00000
0.00000
0.00000
0.00000
0.00000
0.00000
0.00000
0.00000
0.00000
0.00000
0.00000
0.00000
0.00000
0.00000
0.00000
0.00000
0.00000
0.00000
0.00000
0.00000
0.00000
0.00000
0.00000
0.00000
