-0.00012
-0.00012
-0.00012
-0.00012
-0.00012
-0.00009
-0.00009
-0.00012
-0.00009
-0.00009
-0.00012
-0.00012
-0.00012
-0.00015
-0.00015
-0.00015
-0.00015
-0.00018
-0.00015
-0.00018
-0.00021
-0.00018
-0.00015
-0.00015
-0.00012
-0.00012
-0.00012
-0.00012
-0.00018
-0.00018
-0.00021
-0.00021
-0.00024
-0.00021
-0.00027
-0.00015
-0.00015
-0.00018
-0.00018
-0.00024
-0.00024
-0.00024
-0.00024
-0.00024
-0.00021
-0.00018
-0.00018
-0.00018
-0.00021
-0.00024
-0.00024
-0.00021
-0.00021
-0.00021
-0.00018
-0.00018
-0.00021
-0.00021
-0.00021
-0.00024
-0.00027
-0.00027
-0.00024
-0.00024
-0.00024
-0.00024
-0.00021
-0.00021
-0.00021
-0.00027
-0.00024
-0.00021
-0.00027
-0.00021
-0.00021
-0.00021
-0.00021
-0.00024
-0.00024
-0.00021
-0.00024
-0.00024
-0.00024
-0.00024
-0.00024
-0.00027
-0.00021
-0.00021
-0.00018
-0.00021
-0.00021
-0.00024
-0.00031
-0.00034
-0.00034
-0.00034
-0.00031
-0.00027
-0.00024
-0.00021
-0.00018
-0.00021
-0.00024
-0.00024
-0.00031
-0.00031
-0.00027
-0.00027
-0.00031
-0.00027
-0.00027
-0.00027
-0.00031
-0.00031
-0.00031
-0.00034
-0.00034
-0.00031
-0.00031
-0.00031
-0.00034
-0.00034
-0.00031
-0.00031
-0.00034
-0.00031
-0.00027
-0.00027
-0.00031
-0.00031
-0.00031
-0.00034
-0.00034
-0.00031
-0.00031
-0.00031
-0.00031
-0.00031
-0.00027
-0.00031
-0.00031
-0.00031
-0.00027
-0.00027
-0.00027
-0.00027
-0.00027
-0.00027
-0.00031
-0.00034
-0.00034
-0.00034
-0.00037
-0.00034
-0.00031
-0.00031
-0.00031
-0.00027
-0.00027
-0.00031
-0.00031
-0.00031
-0.00027
-0.00027
-0.00027
-0.00031
-0.00031
-0.00034
-0.00037
-0.00037
-0.00037
-0.00037
-0.00037
-0.00037
-0.00031
-0.00027
-0.00031
-0.00031
-0.00031
-0.00034
-0.00034
-0.00034
-0.00034
-0.00034
-0.00034
-0.00031
-0.00027
-0.00027
-0.00040
-0.00024
-0.00070
-0.00018
-0.00082
0.00040
-0.00122
-0.00140
-0.03305
-0.05215
-0.01797
-0.01202
0.00497
0.02560
0.03445
0.03036
0.01233
0.00293
0.00241
0.00812
-0.00659
-0.02307
-0.01114
-0.00171
0.00076
0.00888
0.00854
0.00177
0.00156
-0.00046
-0.00134
0.00540
0.00388
-0.00305
-0.00122
0.00186
-0.00201
-0.00095
0.00165
-0.00015
0.00000
0.00027
-0.00046
0.00000
0.00107
0.00049
0.00024
0.00238
0.00385
0.00272
0.00183
0.00092
-0.00043
-0.00116
-0.00076
-0.00089
-0.00119
-0.00052
0.00067
0.00064
0.00159
0.00293
0.00183
0.00027
-0.00027
0.00003
0.00024
-0.00027
-0.00021
-0.00076
-0.00125
-0.00070
-0.00067
0.00070
0.00171
0.00046
0.00000
0.00018
0.00018
-0.00082
-0.00079
0.00024
0.00003
-0.00009
-0.00018
-0.00027
-0.00003
-0.00076
-0.00134
-0.00150
-0.00168
-0.00217
-0.00238
-0.00150
-0.00052
-0.00003
0.00027
0.00037
0.00003
-0.00055
-0.00156
-0.00040
0.00049
-0.00040
-0.00064
-0.00098
0.00015
0.00067
-0.00027
-0.00049
-0.00113
-0.00119
-0.00171
-0.00119
0.00018
0.00015
-0.00024
-0.00061
-0.00089
-0.00037
-0.00024
-0.00098
-0.00113
-0.00085
-0.00076
-0.00095
-0.00122
-0.00162
-0.00192
-0.00131
-0.00043
-0.00021
-0.00037
-0.00064
-0.00076
-0.00061
-0.00052
-0.00067
-0.00076
-0.00082
-0.00089
-0.00095
-0.00101
-0.00101
-0.00095
-0.00064
-0.00037
-0.00055
-0.00089
-0.00089
-0.00055
-0.00009
0.00034
0.00061
0.00024
-0.00024
-0.00040
-0.00034
-0.00037
-0.00082
-0.00116
-0.00104
-0.00073
-0.00058
-0.00058
-0.00052
-0.00037
-0.00021
-0.00003
0.00000
-0.00009
-0.00034
-0.00070
-0.00079
-0.00064
-0.00040
-0.00027
-0.00034
-0.00021
0.00000
0.00003
-0.00021
-0.00034
0.00003
0.00055
0.00082
0.00076
0.00064
0.00043
0.00006
0.00003
0.00000
0.00000
0.00000
0.00000
0.00000
0.00000
0.00000
0.00000
0.00000
0.00000
0.00000
0.00000
0.00000
0.00000
0.00000
0.00000
0.00000
0.00000
0.00000
0.00000
0.00000
0.00000
0.00000
0.00000
0.00000
0.00000
0.00000
0.00000
0.00000
0.00000
0.00000
0.00000
0.00000
0.00000
0.00000
0.00000
0.00000
0.00000
0.00000
0.00000
0.00000
0.00000
0.00000
0.00000
0.00000
0.00000
0.00000
0.00000
0.00000
0.00000
0.00000
0.00000
0.00000
0.00000
0.00000
0.00000
0.00000
0.00000
0.00000
0.00000
0.00000
0.00000
0.00000
0.00000
0.00000
0.00000
0.00000
0.00000
0.00000
0.00000
0.00000
0.00000
0.00000
0.00000
0.00000
0.00000
0.00000
0.00000
0.00000
0.00000
0.00000
0.00000
0.00000
0.00000
0.00000
0.00000
0.00000
0.00000
0.00000
0.00000
0.00000
0.00000
0.00000
0.00000
0.00000
0.00000
0.00000
0.00000
0.00000
0.00000
0.00000
0.00000
0.00000
0.00000
0.00000
0.00000
0.00000
0.00000
0.00000
0.00000
0.00000
0.00000
0.00000
0.00000
0.00000
0.00000
0.00000
0.00000
0.00000
0.00000
0.00000
0.00000
0.00000
0.00000
0.00000
0.00000
0.00000
0.00000
0.00000
0.00000
0.00000
0.00000
0.00000
