-0.00015
-0.00018
-0.00015
-0.00012
-0.00012
-0.00012
-0.00015
-0.00015
-0.00018
-0.00021
-0.00018
-0.00015
-0.00015
-0.00015
-0.00012
-0.00009
-0.00012
-0.00018
-0.00018
-0.00018
-0.00018
-0.00018
-0.00015
-0.00012
-0.00015
-0.00015
-0.00009
-0.00015
-0.00018
-0.00018
-0.00015
-0.00018
-0.00021
-0.00018
-0.00024
-0.00015
-0.00018
-0.00012
-0.00009
-0.00015
-0.00018
-0.00018
-0.00015
-0.00018
-0.00021
-0.00018
-0.00018
-0.00018
-0.00018
-0.00015
-0.00015
-0.00018
-0.00018
-0.00021
-0.00024
-0.00024
-0.00024
-0.00018
-0.00018
-0.00018
-0.00012
-0.00018
-0.00021
-0.00018
-0.00021
-0.00018
-0.00021
-0.00018
-0.00018
-0.00018
-0.00015
-0.00018
-0.00018
-0.00021
-0.00021
-0.00024
-0.00018
-0.00015
-0.00018
-0.00018
-0.00015
-0.00021
-0.00024
-0.00018
-0.00021
-0.00024
-0.00024
-0.00018
-0.00015
-0.00012
-0.00009
-0.00015
-0.00018
-0.00021
-0.00021
-0.00018
-0.00018
-0.00024
-0.00018
-0.00015
-0.00015
-0.00018
-0.00015
-0.00018
-0.00024
-0.00024
-0.00018
-0.00015
-0.00015
-0.00009
-0.00012
-0.00015
-0.00015
-0.00018
-0.00021
-0.00018
-0.00018
-0.00021
-0.00018
-0.00018
-0.00018
-0.00018
-0.00021
-0.00024
-0.00024
-0.00021
-0.00018
-0.00018
-0.00015
-0.00015
-0.00018
-0.00021
-0.00018
-0.00018
-0.00018
-0.00018
-0.00018
-0.00015
-0.00015
-0.00015
-0.00015
-0.00018
-0.00021
-0.00021
-0.00024
-0.00024
-0.00021
-0.00018
-0.00018
-0.00018
-0.00015
-0.00018
-0.00021
-0.00027
-0.00024
-0.00024
-0.00024
-0.00015
-0.00012
-0.00012
-0.00009
-0.00009
-0.00015
-0.00018
-0.00021
-0.00027
-0.00021
-0.00024
-0.00027
-0.00021
-0.00015
-0.00018
-0.00015
-0.00012
-0.00012
-0.00018
-0.00024
-0.00021
-0.00024
-0.00018
-0.00034
0.00000
-0.00055
0.00037
-0.00098
0.00095
-0.00189
-0.00189
-0.05978
-0.09299
-0.02264
-0.00504
0.02917
0.06671
0.06525
0.03693
0.00684
-0.00156
0.00726
0.01419
-0.02676
-0.05133
-0.02057
0.00558
0.01022
0.01971
0.01050
-0.00336
0.00024
0.00192
0.00122
0.01041
0.00641
-0.00430
-0.00070
0.00223
-0.00427
-0.00290
-0.00015
0.00037
-0.00089
0.00000
0.00064
-0.00110
0.00168
0.00397
0.00406
0.00385
0.00421
0.00125
-0.00046
-0.00006
-0.00156
-0.00375
-0.00153
-0.00079
-0.00140
0.00064
0.00201
0.00055
0.00104
0.00211
0.00070
-0.00082
0.00076
0.00171
0.00360
0.00555
0.00250
-0.00168
-0.00375
-0.00351
-0.00333
-0.00232
-0.00089
-0.00110
-0.00082
0.00113
0.00250
0.00296
0.00317
0.00189
-0.00021
-0.00046
-0.00156
-0.00284
-0.00214
-0.00177
-0.00150
-0.00150
-0.00159
-0.00244
-0.00256
-0.00137
-0.00143
-0.00101
-0.00021
0.00055
0.00134
0.00131
0.00140
0.00003
-0.00137
-0.00095
-0.00134
-0.00159
-0.00125
-0.00067
0.00027
-0.00073
-0.00040
0.00259
0.00085
-0.00058
-0.00009
-0.00015
0.00006
-0.00040
-0.00128
-0.00143
-0.00101
-0.00220
-0.00211
0.00006
-0.00061
-0.00131
-0.00098
-0.00174
-0.00156
-0.00073
-0.00046
-0.00040
0.00015
-0.00064
-0.00128
-0.00064
-0.00076
-0.00107
-0.00049
-0.00095
-0.00143
-0.00137
-0.00165
-0.00143
-0.00070
-0.00046
-0.00049
-0.00018
-0.00018
-0.00043
0.00000
0.00046
0.00052
0.00049
0.00015
-0.00040
-0.00070
-0.00049
-0.00027
-0.00055
-0.00101
-0.00098
-0.00049
-0.00024
-0.00034
-0.00043
-0.00049
-0.00043
-0.00018
0.00024
0.00046
0.00012
0.00000
0.00000
0.00000
0.00000
0.00000
0.00000
0.00000
0.00000
0.00000
0.00000
0.00000
0.00000
0.00000
0.00000
0.00000
0.00000
0.00000
0.00000
0.00000
0.00000
0.00000
0.00000
0.00000
0.00000
0.00000
0.00000
0.00000
0.00000
0.00000
0.00000
0.00000
0.00000
0.00000
0.00000
0.00000
0.00000
0.00000
0.00000
0.00000
0.00000
0.00000
0.00000
0.00000
0.00000
0.00000
0.00000
0.00000
0.00000
0.00000
0.00000
0.00000
0.00000
0.00000
0.00000
0.00000
0.00000
0.00000
0.00000
0.00000
0.00000
0.00000
0.00000
0.00000
0.00000
0.00000
0.00000
0.00000
0.00000
0.00000
0.00000
0.00000
0.00000
0.00000
0.00000
0.00000
0.00000
0.00000
0.00000
0.00000
0.00000
0.00000
0.00000
0.00000
0.00000
0.00000
0.00000
0.00000
0.00000
0.00000
0.00000
0.00000
0.00000
0.00000
0.00000
0.00000
0.00000
0.00000
0.00000
0.00000
0.00000
0.00000
0.00000
0.00000
0.00000
0.00000
0.00000
0.00000
0.00000
0.00000
0.00000
0.00000
0.00000
0.00000
0.00000
0.00000
0.00000
0.00000
0.00000
0.00000
0.00000
0.00000
0.00000
0.00000
0.00000
0.00000
0.00000
0.00000
0.00000
0.00000
0.00000
0.00000
0.00000
0.00000
0.00000
0.00000
0.00000
0.00000
0.00000
0.00000
0.00000
0.00000
0.00000
0.00000
0.00000
0.00000
0.00000
0.00000
0.00000
0.00000
0.00000
0.00000
0.00000
0.00000
0.00000
0.00000
0.00000
0.00000
0.00000
0.00000
0.00000
