-0.00006
-0.00009
-0.00012
-0.00006
-0.00006
-0.00009
-0.00006
-0.00009
-0.00015
-0.00012
-0.00012
-0.00012
-0.00009
-0.00009
-0.00012
-0.00012
-0.00009
-0.00012
-0.00012
-0.00009
-0.00009
-0.00012
-0.00009
-0.00009
-0.00012
-0.00012
-0.00012
-0.00015
-0.00018
-0.00015
-0.00015
-0.00015
-0.00015
-0.00009
-0.00021
-0.00009
-0.00012
-0.00012
-0.00009
-0.00015
-0.00012
-0.00015
-0.00018
-0.00018
-0.00018
-0.00015
-0.00015
-0.00018
-0.00015
-0.00015
-0.00015
-0.00018
-0.00015
-0.00015
-0.00015
-0.00018
-0.00015
-0.00015
-0.00018
-0.00018
-0.00015
-0.00015
-0.00012
-0.00015
-0.00021
-0.00015
-0.00021
-0.00021
-0.00018
-0.00021
-0.00018
-0.00021
-0.00018
-0.00018
-0.00015
-0.00018
-0.00021
-0.00021
-0.00021
-0.00021
-0.00024
-0.00024
-0.00021
-0.00024
-0.00021
-0.00018
-0.00021
-0.00021
-0.00021
-0.00021
-0.00024
-0.00027
-0.00024
-0.00027
-0.00027
-0.00027
-0.00027
-0.00021
-0.00021
-0.00024
-0.00024
-0.00024
-0.00024
-0.00027
-0.00024
-0.00021
-0.00027
-0.00027
-0.00021
-0.00021
-0.00024
-0.00024
-0.00024
-0.00027
-0.00027
-0.00027
-0.00027
-0.00024
-0.00024
-0.00024
-0.00024
-0.00024
-0.00027
-0.00027
-0.00024
-0.00024
-0.00024
-0.00024
-0.00024
-0.00027
-0.00027
-0.00027
-0.00027
-0.00027
-0.00027
-0.00024
-0.00024
-0.00021
-0.00021
-0.00024
-0.00027
-0.00024
-0.00027
-0.00034
-0.00031
-0.00027
-0.00031
-0.00031
-0.00027
-0.00027
-0.00027
-0.00031
-0.00027
-0.00024
-0.00027
-0.00031
-0.00027
-0.00024
-0.00027
-0.00031
-0.00027
-0.00027
-0.00027
-0.00031
-0.00027
-0.00027
-0.00031
-0.00031
-0.00027
-0.00027
-0.00031
-0.00034
-0.00027
-0.00027
-0.00031
-0.00031
-0.00027
-0.00024
-0.00034
-0.00027
-0.00027
-0.00021
-0.00046
-0.00012
-0.00052
-0.00018
-0.00061
-0.00015
-0.00055
-0.00070
-0.02234
-0.07709
-0.03809
-0.00952
-0.00732
0.03806
0.04559
0.04858
0.02722
0.00507
0.00061
0.00848
0.00098
-0.03253
-0.02710
-0.00296
-0.00055
0.01056
0.01483
0.00241
0.00046
0.00192
-0.00342
0.00507
0.00830
-0.00290
-0.00357
0.00406
-0.00076
-0.00400
0.00012
-0.00131
-0.00119
0.00159
0.00183
0.00070
0.00235
0.00214
0.00037
0.00262
0.00308
0.00116
-0.00034
-0.00089
-0.00098
-0.00177
-0.00162
-0.00082
-0.00113
-0.00006
0.00177
0.00156
0.00095
0.00287
0.00180
-0.00107
-0.00040
-0.00040
-0.00031
0.00018
0.00049
0.00208
0.00101
-0.00043
-0.00104
-0.00089
0.00027
-0.00122
-0.00217
-0.00143
-0.00024
0.00031
0.00034
0.00211
0.00171
-0.00006
-0.00052
-0.00107
-0.00119
-0.00180
-0.00211
-0.00165
-0.00146
-0.00171
-0.00253
-0.00198
-0.00125
-0.00159
-0.00137
-0.00052
0.00012
0.00055
0.00061
0.00055
-0.00024
-0.00018
-0.00119
-0.00168
-0.00052
-0.00171
-0.00159
-0.00095
-0.00055
0.00049
0.00079
0.00089
0.00061
0.00024
-0.00027
-0.00128
-0.00159
-0.00159
-0.00153
-0.00137
-0.00143
-0.00089
-0.00034
-0.00095
-0.00113
-0.00089
-0.00153
-0.00186
-0.00122
-0.00052
-0.00040
-0.00021
-0.00055
-0.00110
-0.00110
-0.00095
-0.00104
-0.00064
-0.00067
-0.00153
-0.00174
-0.00156
-0.00134
-0.00095
-0.00034
-0.00027
-0.00043
-0.00034
-0.00031
-0.00024
0.00000
0.00012
0.00009
-0.00003
-0.00012
-0.00037
-0.00070
-0.00092
-0.00107
-0.00104
-0.00058
-0.00040
-0.00055
-0.00061
-0.00052
-0.00055
-0.00040
-0.00003
0.00000
0.00000
0.00000
0.00000
0.00000
0.00000
0.00000
0.00000
0.00000
0.00000
0.00000
0.00000
0.00000
0.00000
0.00000
0.00000
0.00000
0.00000
0.00000
0.00000
0.00000
0.00000
0.00000
0.00000
0.00000
0.00000
0.00000
0.00000
0.00000
0.00000
0.00000
0.00000
0.00000
0.00000
0.00000
0.00000
0.00000
0.00000
0.00000
0.00000
0.00000
0.00000
0.00000
0.00000
0.00000
0.00000
0.00000
0.00000
0.00000
0.00000
0.00000
0.00000
0.00000
0.00000
0.00000
0.00000
0.00000
0.00000
0.00000
0.00000
0.00000
0.00000
0.00000
0.00000
0.00000
0.00000
0.00000
0.00000
0.00000
0.00000
0.00000
0.00000
0.00000
0.00000
0.00000
0.00000
0.00000
0.00000
0.00000
0.00000
0.00000
0.00000
0.00000
0.00000
0.00000
0.00000
0.00000
0.00000
0.00000
0.00000
0.00000
0.00000
0.00000
0.00000
0.00000
0.00000
0.00000
0.00000
0.00000
0.00000
0.00000
0.00000
0.00000
0.00000
0.00000
0.00000
0.00000
0.00000
0.00000
0.00000
0.00000
0.00000
0.00000
0.00000
0.00000
0.00000
0.00000
0.00000
0.00000
0.00000
0.00000
0.00000
0.00000
0.00000
0.00000
0.00000
0.00000
0.00000
0.00000
0.00000
0.00000
0.00000
0.00000
0.00000
0.00000
0.00000
0.00000
0.00000
0.00000
0.00000
0.00000
0.00000
0.00000
0.00000
0.00000
0.00000
0.00000
0.00000
0.00000
0.00000
0.00000
0.00000
0.00000
0.00000
0.00000
0.00000
0.00000
0.00000
0.00000
0.00000
