0.00000
0.00000
0.00003
0.00003
0.00000
0.00003
0.00003
0.00003
0.00003
0.00000
0.00000
0.00003
0.00000
0.00000
0.00003
0.00006
0.00003
0.00003
0.00006
0.00003
0.00000
0.00000
0.00000
0.00003
0.00003
0.00000
0.00000
0.00003
0.00003
0.00003
0.00006
0.00006
0.00006
0.00006
0.00000
0.00009
0.00003
0.00003
0.00006
0.00000
0.00006
0.00003
0.00006
0.00006
0.00006
0.00006
0.00006
0.00009
0.00006
0.00003
0.00006
0.00006
0.00006
0.00006
0.00009
0.00006
0.00006
0.00006
0.00009
0.00009
0.00009
0.00009
0.00009
0.00009
0.00012
0.00006
0.00003
0.00012
0.00003
0.00006
0.00006
0.00009
0.00009
0.00006
0.00009
0.00009
0.00009
0.00012
0.00009
0.00006
0.00009
0.00009
0.00006
0.00009
0.00009
0.00006
0.00009
0.00012
0.00009
0.00009
0.00006
0.00006
0.00009
0.00009
0.00012
0.00009
0.00009
0.00009
0.00009
0.00009
0.00006
0.00003
0.00006
0.00009
0.00012
0.00009
0.00012
0.00012
0.00006
0.00006
0.00012
0.00012
0.00003
0.00009
0.00012
0.00009
0.00006
0.00006
0.00009
0.00009
0.00006
0.00009
0.00012
0.00009
0.00006
0.00012
0.00012
0.00009
0.00009
0.00012
0.00009
0.00006
0.00009
0.00012
0.00009
0.00006
0.00009
0.00009
0.00009
0.00009
0.00009
0.00009
0.00009
0.00009
0.00006
0.00009
0.00006
0.00006
0.00006
0.00006
0.00006
0.00009
0.00009
0.00006
0.00006
0.00006
0.00006
0.00006
0.00003
0.00006
0.00006
0.00006
0.00006
0.00006
0.00006
0.00003
0.00003
0.00003
0.00003
0.00003
0.00003
0.00006
0.00003
0.00003
0.00006
0.00006
0.00003
0.00000
0.00006
0.00006
0.00000
0.00003
0.00000
0.00009
-0.00006
0.00021
-0.00034
0.00040
-0.00076
0.00082
-0.00098
0.00003
-0.03223
-0.06943
-0.02280
-0.01196
0.00262
0.03345
0.04227
0.04395
0.01947
0.00482
0.00110
0.00793
-0.00500
-0.03079
-0.01779
-0.00006
0.00095
0.01126
0.01126
0.00214
0.00266
0.00085
-0.00290
0.00574
0.00546
-0.00278
-0.00162
0.00348
-0.00140
-0.00262
0.00082
-0.00024
0.00101
0.00272
0.00122
-0.00031
0.00180
0.00250
0.00134
0.00110
0.00174
0.00092
0.00079
0.00034
-0.00058
-0.00104
0.00070
0.00116
0.00000
0.00021
0.00122
0.00027
0.00052
0.00278
0.00183
0.00055
0.00027
-0.00055
-0.00058
0.00012
0.00049
0.00000
0.00024
0.00085
0.00061
0.00150
0.00177
-0.00021
-0.00137
-0.00204
-0.00159
-0.00073
0.00031
0.00165
0.00128
0.00119
0.00061
-0.00079
-0.00085
-0.00098
-0.00104
-0.00146
-0.00214
-0.00208
-0.00198
-0.00140
-0.00113
-0.00150
-0.00070
0.00003
0.00021
0.00101
0.00092
0.00027
-0.00061
-0.00101
-0.00040
-0.00085
-0.00073
-0.00092
-0.00092
0.00040
0.00012
0.00021
0.00024
0.00021
-0.00061
-0.00150
-0.00034
-0.00052
-0.00070
-0.00034
-0.00085
-0.00092
-0.00067
-0.00079
-0.00104
-0.00110
-0.00122
-0.00159
-0.00156
-0.00092
-0.00061
-0.00043
-0.00034
-0.00064
-0.00101
-0.00110
-0.00067
-0.00043
-0.00055
-0.00073
-0.00128
-0.00134
-0.00113
-0.00125
-0.00140
-0.00095
-0.00034
-0.00024
-0.00043
-0.00058
-0.00055
-0.00021
0.00021
0.00037
0.00021
-0.00009
-0.00061
-0.00079
-0.00043
-0.00040
-0.00082
-0.00119
-0.00110
-0.00067
-0.00037
-0.00043
-0.00070
-0.00073
-0.00037
-0.00006
0.00009
0.00006
-0.00021
-0.00061
-0.00092
-0.00101
-0.00095
-0.00092
-0.00089
-0.00085
-0.00082
-0.00055
0.00000
0.00037
0.00058
0.00067
0.00055
0.00043
0.00040
0.00024
0.00006
0.00000
0.00003
-0.00006
-0.00034
-0.00076
-0.00110
-0.00101
-0.00073
-0.00046
-0.00027
-0.00037
-0.00055
-0.00061
-0.00037
0.00040
0.00055
0.00058
0.00089
0.00052
0.00009
-0.00003
0.00000
0.00000
0.00000
0.00000
0.00000
0.00000
0.00000
0.00000
0.00000
0.00000
0.00000
0.00000
0.00000
0.00000
0.00000
0.00000
0.00000
0.00000
0.00000
0.00000
0.00000
0.00000
0.00000
0.00000
0.00000
0.00000
0.00000
0.00000
0.00000
0.00000
0.00000
0.00000
0.00000
0.00000
0.00000
0.00000
0.00000
0.00000
0.00000
0.00000
0.00000
0.00000
0.00000
0.00000
0.00000
0.00000
0.00000
0.00000
0.00000
0.00000
0.00000
0.00000
0.00000
0.00000
0.00000
0.00000
0.00000
0.00000
0.00000
0.00000
0.00000
0.00000
0.00000
0.00000
0.00000
0.00000
0.00000
0.00000
0.00000
0.00000
0.00000
0.00000
0.00000
0.00000
0.00000
0.00000
0.00000
0.00000
0.00000
0.00000
0.00000
0.00000
0.00000
0.00000
0.00000
0.00000
0.00000
0.00000
0.00000
0.00000
0.00000
0.00000
0.00000
0.00000
0.00000
0.00000
0.00000
0.00000
0.00000
0.00000
0.00000
0.00000
0.00000
0.00000
0.00000
0.00000
0.00000
0.00000
0.00000
0.00000
0.00000
0.00000
0.00000
0.00000
0.00000
0.00000
