-0.00021
-0.00018
-0.00021
-0.00021
-0.00021
-0.00018
-0.00021
-0.00021
-0.00021
-0.00024
-0.00024
-0.00024
-0.00021
-0.00021
-0.00021
-0.00021
-0.00021
-0.00021
-0.00021
-0.00021
-0.00024
-0.00024
-0.00024
-0.00027
-0.00024
-0.00024
-0.00021
-0.00024
-0.00021
-0.00021
-0.00024
-0.00021
-0.00024
-0.00024
-0.00034
-0.00021
-0.00027
-0.00027
-0.00021
-0.00027
-0.00024
-0.00027
-0.00027
-0.00027
-0.00024
-0.00024
-0.00021
-0.00024
-0.00024
-0.00024
-0.00027
-0.00027
-0.00031
-0.00031
-0.00027
-0.00027
-0.00027
-0.00024
-0.00024
-0.00024
-0.00027
-0.00024
-0.00027
-0.00034
-0.00024
-0.00027
-0.00024
-0.00027
-0.00024
-0.00024
-0.00024
-0.00027
-0.00024
-0.00021
-0.00027
-0.00031
-0.00027
-0.00024
-0.00024
-0.00024
-0.00021
-0.00021
-0.00027
-0.00027
-0.00024
-0.00027
-0.00031
-0.00027
-0.00024
-0.00024
-0.00024
-0.00021
-0.00021
-0.00021
-0.00024
-0.00024
-0.00021
-0.00021
-0.00024
-0.00021
-0.00021
-0.00021
-0.00021
-0.00021
-0.00018
-0.00021
-0.00021
-0.00021
-0.00021
-0.00024
-0.00021
-0.00021
-0.00024
-0.00021
-0.00018
-0.00018
-0.00018
-0.00018
-0.00018
-0.00018
-0.00018
-0.00021
-0.00021
-0.00018
-0.00018
-0.00018
-0.00015
-0.00018
-0.00018
-0.00021
-0.00018
-0.00018
-0.00018
-0.00015
-0.00018
-0.00015
-0.00015
-0.00015
-0.00015
-0.00021
-0.00018
-0.00021
-0.00018
-0.00018
-0.00012
-0.00012
-0.00012
-0.00012
-0.00012
-0.00012
-0.00015
-0.00015
-0.00015
-0.00015
-0.00015
-0.00015
-0.00012
-0.00015
-0.00015
-0.00012
-0.00012
-0.00012
-0.00015
-0.00012
-0.00012
-0.00018
-0.00015
-0.00015
-0.00012
-0.00015
-0.00012
-0.00015
-0.00018
-0.00015
-0.00012
-0.00015
-0.00012
-0.00015
-0.00012
-0.00015
0.00000
-0.00034
0.00006
-0.00049
0.00015
-0.00061
0.00009
-0.00064
0.00000
-0.01672
-0.07928
-0.05310
-0.02216
0.01016
0.04712
0.05930
0.05093
0.01651
0.00656
0.00104
0.01361
-0.00632
-0.03964
-0.03647
-0.01071
0.00626
0.02090
0.01889
0.00436
-0.00104
0.00101
-0.00003
0.00311
0.00482
-0.00055
-0.00177
0.00186
0.00024
0.00040
-0.00015
-0.00156
-0.00092
-0.00189
0.00040
-0.00021
-0.00049
0.00189
0.00491
0.00418
0.00354
0.00278
0.00092
0.00003
0.00006
-0.00186
-0.00204
-0.00113
-0.00211
-0.00107
0.00153
0.00226
0.00110
0.00272
0.00333
0.00040
-0.00143
-0.00195
0.00070
0.00290
0.00293
0.00308
-0.00015
-0.00067
-0.00095
-0.00171
-0.00201
-0.00278
-0.00272
-0.00140
0.00085
0.00284
0.00354
0.00366
0.00177
-0.00009
-0.00082
-0.00174
-0.00201
-0.00229
-0.00177
-0.00159
-0.00192
-0.00229
-0.00220
-0.00119
-0.00116
-0.00073
-0.00009
0.00070
0.00113
0.00110
0.00076
-0.00021
-0.00082
-0.00055
-0.00037
-0.00055
-0.00110
-0.00052
0.00000
-0.00067
0.00104
0.00116
-0.00040
-0.00089
-0.00137
-0.00003
0.00073
0.00000
-0.00067
-0.00089
-0.00040
-0.00119
-0.00134
-0.00076
-0.00125
-0.00110
-0.00116
-0.00128
-0.00082
-0.00101
-0.00085
-0.00003
0.00027
-0.00031
-0.00085
-0.00073
-0.00098
-0.00089
-0.00049
-0.00046
-0.00040
-0.00089
-0.00168
-0.00162
-0.00110
-0.00079
-0.00021
0.00015
-0.00015
-0.00046
-0.00009
0.00037
0.00058
0.00076
0.00067
0.00006
-0.00046
-0.00046
-0.00021
-0.00046
-0.00104
-0.00116
-0.00052
-0.00003
-0.00012
-0.00031
-0.00037
-0.00040
-0.00012
0.00034
0.00043
-0.00006
-0.00061
-0.00082
-0.00082
-0.00082
-0.00058
-0.00021
-0.00012
-0.00024
-0.00012
0.00000
0.00000
0.00000
0.00000
0.00000
0.00000
0.00000
0.00000
0.00000
0.00000
0.00000
0.00000
0.00000
0.00000
0.00000
0.00000
0.00000
0.00000
0.00000
0.00000
0.00000
0.00000
0.00000
0.00000
0.00000
0.00000
0.00000
0.00000
0.00000
0.00000
0.00000
0.00000
0.00000
0.00000
0.00000
0.00000
0.00000
0.00000
0.00000
0.00000
0.00000
0.00000
0.00000
0.00000
0.00000
0.00000
0.00000
0.00000
0.00000
0.00000
0.00000
0.00000
0.00000
0.00000
0.00000
0.00000
0.00000
0.00000
0.00000
0.00000
0.00000
0.00000
0.00000
0.00000
0.00000
0.00000
0.00000
0.00000
0.00000
0.00000
0.00000
0.00000
0.00000
0.00000
0.00000
0.00000
0.00000
0.00000
0.00000
0.00000
0.00000
0.00000
0.00000
0.00000
0.00000
0.00000
0.00000
0.00000
0.00000
0.00000
0.00000
0.00000
0.00000
0.00000
0.00000
0.00000
0.00000
0.00000
0.00000
0.00000
0.00000
0.00000
0.00000
0.00000
0.00000
0.00000
0.00000
0.00000
0.00000
0.00000
0.00000
0.00000
0.00000
0.00000
0.00000
0.00000
0.00000
0.00000
0.00000
0.00000
0.00000
0.00000
0.00000
0.00000
0.00000
0.00000
0.00000
0.00000
0.00000
0.00000
0.00000
0.00000
0.00000
0.00000
0.00000
0.00000
0.00000
0.00000
0.00000
0.00000
0.00000
0.00000
0.00000
0.00000
0.00000
0.00000
0.00000
0.00000
0.00000
0.00000
