-0.00021
-0.00021
-0.00021
-0.00021
-0.00018
-0.00021
-0.00021
-0.00018
-0.00018
-0.00021
-0.00021
-0.00018
-0.00018
-0.00021
-0.00021
-0.00018
-0.00018
-0.00021
-0.00018
-0.00018
-0.00021
-0.00021
-0.00018
-0.00018
-0.00021
-0.00021
-0.00018
-0.00018
-0.00021
-0.00018
-0.00015
-0.00015
-0.00018
-0.00018
-0.00024
-0.00015
-0.00018
-0.00021
-0.00018
-0.00021
-0.00018
-0.00018
-0.00015
-0.00015
-0.00021
-0.00021
-0.00015
-0.00018
-0.00018
-0.00015
-0.00015
-0.00015
-0.00018
-0.00018
-0.00018
-0.00018
-0.00021
-0.00018
-0.00015
-0.00018
-0.00018
-0.00018
-0.00015
-0.00018
-0.00018
-0.00018
-0.00021
-0.00018
-0.00021
-0.00015
-0.00015
-0.00018
-0.00018
-0.00018
-0.00015
-0.00018
-0.00015
-0.00015
-0.00015
-0.00015
-0.00015
-0.00012
-0.00012
-0.00015
-0.00015
-0.00015
-0.00015
-0.00012
-0.00012
-0.00012
-0.00015
-0.00015
-0.00015
-0.00015
-0.00015
-0.00015
-0.00015
-0.00012
-0.00012
-0.00012
-0.00012
-0.00012
-0.00015
-0.00015
-0.00012
-0.00015
-0.00012
-0.00012
-0.00012
-0.00012
-0.00015
-0.00012
-0.00012
-0.00012
-0.00012
-0.00012
-0.00009
-0.00009
-0.00012
-0.00009
-0.00009
-0.00012
-0.00009
-0.00009
-0.00012
-0.00015
-0.00012
-0.00012
-0.00015
-0.00015
-0.00009
-0.00009
-0.00009
-0.00009
-0.00009
-0.00009
-0.00012
-0.00012
-0.00012
-0.00012
-0.00012
-0.00009
-0.00009
-0.00009
-0.00009
-0.00012
-0.00009
-0.00009
-0.00012
-0.00012
-0.00012
-0.00009
-0.00006
-0.00006
-0.00006
-0.00009
-0.00009
-0.00006
-0.00012
-0.00009
-0.00009
-0.00009
-0.00009
-0.00009
-0.00006
-0.00006
-0.00006
-0.00006
-0.00006
-0.00009
-0.00009
-0.00009
-0.00009
-0.00006
-0.00006
-0.00009
-0.00006
-0.00003
-0.00006
-0.00003
-0.00006
-0.00006
-0.00012
0.00000
-0.00015
0.00003
-0.00015
-0.00006
-0.00024
-0.00034
0.00000
-0.00049
-0.00763
-0.05258
-0.04413
-0.03094
-0.00320
0.03308
0.04077
0.04318
0.01819
0.01001
0.00284
0.00964
-0.00464
-0.02399
-0.02539
-0.01227
0.00034
0.01559
0.01587
0.00449
-0.00009
-0.00150
0.00006
0.00348
0.00348
0.00104
0.00134
0.00211
0.00012
0.00000
-0.00064
-0.00226
-0.00095
-0.00073
0.00018
0.00015
-0.00043
0.00168
0.00513
0.00525
0.00336
0.00174
0.00040
0.00018
0.00043
-0.00037
-0.00089
-0.00098
-0.00183
-0.00055
0.00131
0.00247
0.00131
0.00150
0.00241
0.00226
0.00122
-0.00015
-0.00046
0.00012
-0.00034
-0.00003
-0.00034
0.00061
0.00134
0.00061
0.00092
0.00027
-0.00067
-0.00153
-0.00131
-0.00003
0.00128
0.00189
0.00140
0.00064
0.00015
-0.00052
-0.00073
-0.00101
-0.00146
-0.00201
-0.00226
-0.00192
-0.00153
-0.00046
-0.00040
-0.00009
0.00027
0.00027
0.00058
0.00031
-0.00043
-0.00082
-0.00098
-0.00009
0.00009
0.00040
-0.00003
0.00015
0.00101
0.00049
0.00024
-0.00119
-0.00131
-0.00092
-0.00134
-0.00064
0.00003
-0.00040
-0.00049
0.00006
0.00012
-0.00018
-0.00061
-0.00116
-0.00089
-0.00079
-0.00095
-0.00162
-0.00134
-0.00134
-0.00085
-0.00021
-0.00027
-0.00024
-0.00024
-0.00052
-0.00070
-0.00061
-0.00052
-0.00037
-0.00037
-0.00085
-0.00125
-0.00140
-0.00122
-0.00076
-0.00046
-0.00040
-0.00027
-0.00012
0.00000
0.00015
0.00046
0.00055
0.00015
-0.00009
-0.00012
-0.00009
-0.00031
-0.00070
-0.00089
-0.00082
-0.00058
-0.00037
-0.00024
-0.00031
-0.00043
-0.00049
-0.00043
-0.00037
-0.00018
-0.00003
-0.00009
-0.00027
-0.00031
-0.00021
-0.00024
-0.00034
-0.00024
-0.00015
-0.00003
-0.00006
0.00003
-0.00003
0.00000
0.00000
0.00000
0.00000
0.00000
0.00000
0.00000
0.00000
0.00000
0.00000
0.00000
0.00000
0.00000
0.00000
0.00000
0.00000
0.00000
0.00000
0.00000
0.00000
0.00000
0.00000
0.00000
0.00000
0.00000
0.00000
0.00000
0.00000
0.00000
0.00000
0.00000
0.00000
0.00000
0.00000
0.00000
0.00000
0.00000
0.00000
0.00000
0.00000
0.00000
0.00000
0.00000
0.00000
0.00000
0.00000
0.00000
0.00000
0.00000
0.00000
0.00000
0.00000
0.00000
0.00000
0.00000
0.00000
0.00000
0.00000
0.00000
0.00000
0.00000
0.00000
0.00000
0.00000
0.00000
0.00000
0.00000
0.00000
0.00000
0.00000
0.00000
0.00000
0.00000
0.00000
0.00000
0.00000
0.00000
0.00000
0.00000
0.00000
0.00000
0.00000
0.00000
0.00000
0.00000
0.00000
0.00000
0.00000
0.00000
0.00000
0.00000
0.00000
0.00000
0.00000
0.00000
0.00000
0.00000
0.00000
0.00000
0.00000
0.00000
0.00000
0.00000
0.00000
0.00000
0.00000
0.00000
0.00000
0.00000
0.00000
0.00000
0.00000
0.00000
0.00000
0.00000
0.00000
0.00000
0.00000
0.00000
0.00000
0.00000
0.00000
0.00000
0.00000
0.00000
0.00000
0.00000
0.00000
0.00000
0.00000
0.00000
0.00000
0.00000
0.00000
0.00000
0.00000
0.00000
0.00000
0.00000
0.00000
0.00000
0.00000
0.00000
0.00000
