-0.00006
-0.00006
-0.00006
-0.00006
-0.00006
-0.00009
-0.00009
-0.00012
-0.00009
-0.00012
-0.00015
-0.00012
-0.00012
-0.00012
-0.00009
-0.00006
-0.00006
-0.00009
-0.00009
-0.00009
-0.00012
-0.00012
-0.00009
-0.00012
-0.00012
-0.00012
-0.00012
-0.00015
-0.00015
-0.00015
-0.00015
-0.00012
-0.00012
-0.00012
-0.00021
-0.00009
-0.00012
-0.00015
-0.00015
-0.00015
-0.00012
-0.00018
-0.00015
-0.00015
-0.00018
-0.00018
-0.00018
-0.00015
-0.00018
-0.00015
-0.00015
-0.00015
-0.00018
-0.00021
-0.00018
-0.00021
-0.00021
-0.00021
-0.00021
-0.00018
-0.00021
-0.00021
-0.00018
-0.00018
-0.00021
-0.00015
-0.00021
-0.00021
-0.00021
-0.00018
-0.00018
-0.00024
-0.00024
-0.00024
-0.00024
-0.00024
-0.00024
-0.00021
-0.00021
-0.00021
-0.00024
-0.00021
-0.00021
-0.00024
-0.00024
-0.00021
-0.00027
-0.00027
-0.00024
-0.00027
-0.00027
-0.00031
-0.00027
-0.00024
-0.00024
-0.00024
-0.00024
-0.00024
-0.00027
-0.00027
-0.00027
-0.00031
-0.00031
-0.00031
-0.00031
-0.00031
-0.00031
-0.00027
-0.00031
-0.00031
-0.00031
-0.00031
-0.00031
-0.00034
-0.00034
-0.00034
-0.00034
-0.00037
-0.00031
-0.00031
-0.00034
-0.00031
-0.00027
-0.00031
-0.00031
-0.00034
-0.00034
-0.00037
-0.00037
-0.00037
-0.00034
-0.00034
-0.00031
-0.00031
-0.00031
-0.00037
-0.00040
-0.00037
-0.00037
-0.00037
-0.00034
-0.00034
-0.00034
-0.00034
-0.00034
-0.00034
-0.00037
-0.00040
-0.00040
-0.00040
-0.00037
-0.00037
-0.00037
-0.00037
-0.00037
-0.00037
-0.00037
-0.00037
-0.00037
-0.00037
-0.00037
-0.00037
-0.00037
-0.00037
-0.00037
-0.00037
-0.00040
-0.00040
-0.00043
-0.00040
-0.00040
-0.00040
-0.00040
-0.00040
-0.00043
-0.00043
-0.00043
-0.00040
-0.00040
-0.00040
-0.00040
-0.00040
-0.00037
-0.00040
-0.00034
-0.00052
-0.00015
-0.00082
-0.00003
-0.00143
0.00049
-0.00214
0.00043
-0.03256
-0.05386
-0.03290
-0.02286
0.02106
0.03467
0.04453
0.02765
0.01242
0.00452
0.00623
0.00443
-0.01678
-0.02606
-0.01877
-0.00583
0.00818
0.01761
0.00821
0.00082
-0.00146
-0.00125
0.00146
0.00345
0.00146
0.00067
0.00204
0.00061
-0.00070
-0.00040
-0.00214
-0.00201
-0.00110
-0.00098
-0.00003
-0.00082
0.00015
0.00345
0.00516
0.00323
0.00195
0.00052
0.00003
-0.00021
-0.00027
-0.00119
-0.00089
-0.00180
-0.00165
-0.00012
0.00153
0.00107
0.00052
0.00159
0.00232
0.00153
0.00006
-0.00031
-0.00018
-0.00061
-0.00140
-0.00162
-0.00116
-0.00009
0.00067
0.00067
0.00085
0.00021
-0.00098
-0.00162
-0.00104
-0.00034
0.00064
0.00027
-0.00006
0.00000
-0.00018
-0.00034
-0.00085
-0.00162
-0.00220
-0.00284
-0.00269
-0.00235
-0.00153
-0.00085
-0.00049
0.00006
0.00000
-0.00003
-0.00021
-0.00101
-0.00125
-0.00143
-0.00085
-0.00037
-0.00012
-0.00015
-0.00052
0.00058
0.00018
0.00000
-0.00128
-0.00192
-0.00171
-0.00174
-0.00131
-0.00073
-0.00067
-0.00079
-0.00034
-0.00015
-0.00064
-0.00089
-0.00131
-0.00128
-0.00134
-0.00131
-0.00192
-0.00183
-0.00168
-0.00150
-0.00089
-0.00064
-0.00052
-0.00058
-0.00076
-0.00116
-0.00128
-0.00107
-0.00076
-0.00061
-0.00104
-0.00159
-0.00180
-0.00165
-0.00128
-0.00104
-0.00092
-0.00079
-0.00070
-0.00061
-0.00034
-0.00003
0.00015
-0.00009
-0.00037
-0.00040
-0.00040
-0.00064
-0.00104
-0.00113
-0.00113
-0.00101
-0.00085
-0.00067
-0.00076
-0.00085
-0.00089
-0.00089
-0.00089
-0.00064
-0.00037
-0.00031
-0.00049
-0.00052
-0.00058
-0.00070
-0.00073
-0.00067
-0.00046
-0.00043
-0.00043
-0.00043
-0.00006
-0.00003
0.00000
0.00000
0.00000
0.00000
0.00000
0.00000
0.00000
0.00000
0.00000
0.00000
0.00000
0.00000
0.00000
0.00000
0.00000
0.00000
0.00000
0.00000
0.00000
0.00000
0.00000
0.00000
0.00000
0.00000
0.00000
0.00000
0.00000
0.00000
0.00000
0.00000
0.00000
0.00000
0.00000
0.00000
0.00000
0.00000
0.00000
0.00000
0.00000
0.00000
0.00000
0.00000
0.00000
0.00000
0.00000
0.00000
0.00000
0.00000
0.00000
0.00000
0.00000
0.00000
0.00000
0.00000
0.00000
0.00000
0.00000
0.00000
0.00000
0.00000
0.00000
0.00000
0.00000
0.00000
0.00000
0.00000
0.00000
0.00000
0.00000
0.00000
0.00000
0.00000
0.00000
0.00000
0.00000
0.00000
0.00000
0.00000
0.00000
0.00000
0.00000
0.00000
0.00000
0.00000
0.00000
0.00000
0.00000
0.00000
0.00000
0.00000
0.00000
0.00000
0.00000
0.00000
0.00000
0.00000
0.00000
0.00000
0.00000
0.00000
0.00000
0.00000
0.00000
0.00000
0.00000
0.00000
0.00000
0.00000
0.00000
0.00000
0.00000
0.00000
0.00000
0.00000
0.00000
0.00000
0.00000
0.00000
0.00000
0.00000
0.00000
0.00000
0.00000
0.00000
0.00000
0.00000
0.00000
0.00000
0.00000
0.00000
0.00000
0.00000
0.00000
0.00000
0.00000
0.00000
0.00000
0.00000
0.00000
0.00000
0.00000
0.00000
0.00000
