-0.00012
-0.00009
-0.00009
-0.00009
-0.00006
-0.00006
-0.00009
-0.00009
-0.00009
-0.00009
-0.00009
-0.00006
-0.00006
-0.00009
-0.00009
-0.00009
-0.00009
-0.00012
-0.00012
-0.00009
-0.00009
-0.00009
-0.00006
-0.00006
-0.00009
-0.00009
-0.00009
-0.00009
-0.00012
-0.00012
-0.00012
-0.00009
-0.00009
-0.00009
-0.00018
-0.00006
-0.00009
-0.00009
-0.00006
-0.00012
-0.00009
-0.00009
-0.00009
-0.00009
-0.00009
-0.00009
-0.00009
-0.00009
-0.00012
-0.00009
-0.00009
-0.00009
-0.00009
-0.00009
-0.00009
-0.00012
-0.00009
-0.00006
-0.00009
-0.00009
-0.00006
-0.00006
-0.00009
-0.00009
-0.00006
-0.00006
-0.00009
-0.00006
-0.00009
-0.00009
-0.00009
-0.00012
-0.00006
-0.00009
-0.00009
-0.00009
-0.00009
-0.00009
-0.00009
-0.00006
-0.00006
-0.00009
-0.00009
-0.00006
-0.00006
-0.00006
-0.00009
-0.00006
-0.00009
-0.00009
-0.00009
-0.00006
-0.00009
-0.00009
-0.00009
-0.00009
-0.00006
-0.00009
-0.00009
-0.00009
-0.00012
-0.00012
-0.00009
-0.00009
-0.00012
-0.00006
-0.00006
-0.00006
-0.00009
-0.00006
-0.00006
-0.00009
-0.00009
-0.00009
-0.00009
-0.00009
-0.00009
-0.00009
-0.00006
-0.00009
-0.00012
-0.00009
-0.00006
-0.00009
-0.00009
-0.00006
-0.00009
-0.00012
-0.00009
-0.00009
-0.00009
-0.00009
-0.00006
-0.00006
-0.00009
-0.00009
-0.00009
-0.00009
-0.00012
-0.00009
-0.00012
-0.00009
-0.00012
-0.00009
-0.00006
-0.00009
-0.00009
-0.00012
-0.00009
-0.00012
-0.00012
-0.00012
-0.00009
-0.00012
-0.00012
-0.00009
-0.00012
-0.00012
-0.00012
-0.00012
-0.00012
-0.00012
-0.00009
-0.00012
-0.00009
-0.00012
-0.00012
-0.00009
-0.00012
-0.00012
-0.00015
-0.00012
-0.00015
-0.00015
-0.00009
-0.00009
-0.00012
-0.00012
-0.00009
-0.00012
-0.00012
-0.00012
-0.00012
-0.00015
-0.00012
-0.00012
-0.00006
-0.00021
0.00000
-0.00049
0.00000
-0.00067
0.00070
-0.00110
-0.00076
-0.03333
-0.05618
-0.01816
-0.01202
0.00409
0.02689
0.03699
0.03473
0.01413
0.00317
0.00174
0.00827
-0.00616
-0.02490
-0.01169
-0.00085
0.00098
0.00861
0.00891
0.00272
0.00189
-0.00046
-0.00183
0.00562
0.00446
-0.00244
-0.00098
0.00247
-0.00214
-0.00174
0.00186
0.00064
0.00058
0.00119
-0.00037
-0.00070
0.00183
0.00119
0.00018
0.00104
0.00226
0.00241
0.00269
0.00241
0.00061
-0.00061
-0.00034
-0.00113
-0.00119
-0.00031
0.00061
0.00034
0.00089
0.00302
0.00269
0.00116
0.00031
-0.00024
0.00018
-0.00082
-0.00082
-0.00031
-0.00067
-0.00037
-0.00003
0.00165
0.00250
0.00070
-0.00076
-0.00061
0.00009
-0.00067
-0.00089
0.00012
0.00012
0.00034
0.00049
0.00024
0.00018
-0.00067
-0.00143
-0.00165
-0.00140
-0.00198
-0.00259
-0.00162
-0.00089
-0.00021
0.00037
0.00064
0.00070
0.00003
-0.00073
-0.00156
0.00009
0.00055
-0.00064
-0.00076
-0.00052
0.00082
0.00064
-0.00021
-0.00037
-0.00104
-0.00162
-0.00165
-0.00046
0.00052
0.00006
-0.00043
-0.00040
-0.00046
-0.00031
-0.00061
-0.00101
-0.00085
-0.00113
-0.00092
-0.00092
-0.00113
-0.00156
-0.00174
-0.00092
-0.00009
0.00000
-0.00027
-0.00058
-0.00082
-0.00082
-0.00052
-0.00037
-0.00058
-0.00089
-0.00113
-0.00113
-0.00089
-0.00076
-0.00079
-0.00055
-0.00043
-0.00061
-0.00070
-0.00031
-0.00006
0.00006
0.00040
0.00049
0.00009
-0.00024
-0.00043
-0.00052
-0.00070
-0.00092
-0.00095
-0.00070
-0.00049
-0.00055
-0.00055
-0.00046
-0.00034
-0.00006
0.00018
0.00015
-0.00006
-0.00046
-0.00076
-0.00085
-0.00067
-0.00049
-0.00049
-0.00043
-0.00027
-0.00006
0.00000
-0.00003
0.00006
0.00043
0.00070
0.00076
0.00067
0.00049
0.00021
0.00003
0.00006
0.00003
0.00000
0.00000
0.00000
0.00000
0.00000
0.00000
0.00000
0.00000
0.00000
0.00000
0.00000
0.00000
0.00000
0.00000
0.00000
0.00000
0.00000
0.00000
0.00000
0.00000
0.00000
0.00000
0.00000
0.00000
0.00000
0.00000
0.00000
0.00000
0.00000
0.00000
0.00000
0.00000
0.00000
0.00000
0.00000
0.00000
0.00000
0.00000
0.00000
0.00000
0.00000
0.00000
0.00000
0.00000
0.00000
0.00000
0.00000
0.00000
0.00000
0.00000
0.00000
0.00000
0.00000
0.00000
0.00000
0.00000
0.00000
0.00000
0.00000
0.00000
0.00000
0.00000
0.00000
0.00000
0.00000
0.00000
0.00000
0.00000
0.00000
0.00000
0.00000
0.00000
0.00000
0.00000
0.00000
0.00000
0.00000
0.00000
0.00000
0.00000
0.00000
0.00000
0.00000
0.00000
0.00000
0.00000
0.00000
0.00000
0.00000
0.00000
0.00000
0.00000
0.00000
0.00000
0.00000
0.00000
0.00000
0.00000
0.00000
0.00000
0.00000
0.00000
0.00000
0.00000
0.00000
0.00000
0.00000
0.00000
0.00000
0.00000
0.00000
0.00000
0.00000
0.00000
0.00000
0.00000
0.00000
0.00000
0.00000
0.00000
0.00000
0.00000
0.00000
0.00000
0.00000
0.00000
0.00000
0.00000
0.00000
0.00000
0.00000
0.00000
