-0.00034
-0.00037
-0.00034
-0.00031
-0.00031
-0.00034
-0.00040
-0.00040
-0.00043
-0.00043
-0.00040
-0.00040
-0.00037
-0.00034
-0.00037
-0.00037
-0.00037
-0.00037
-0.00034
-0.00027
-0.00027
-0.00031
-0.00037
-0.00040
-0.00040
-0.00040
-0.00040
-0.00040
-0.00037
-0.00037
-0.00034
-0.00031
-0.00027
-0.00027
-0.00040
-0.00027
-0.00031
-0.00031
-0.00034
-0.00037
-0.00034
-0.00037
-0.00040
-0.00040
-0.00034
-0.00031
-0.00031
-0.00031
-0.00034
-0.00034
-0.00034
-0.00034
-0.00034
-0.00034
-0.00027
-0.00031
-0.00031
-0.00027
-0.00031
-0.00034
-0.00034
-0.00034
-0.00040
-0.00043
-0.00034
-0.00034
-0.00031
-0.00024
-0.00018
-0.00021
-0.00024
-0.00021
-0.00027
-0.00031
-0.00040
-0.00043
-0.00040
-0.00034
-0.00024
-0.00024
-0.00021
-0.00018
-0.00021
-0.00024
-0.00027
-0.00027
-0.00034
-0.00031
-0.00034
-0.00034
-0.00031
-0.00027
-0.00027
-0.00024
-0.00018
-0.00018
-0.00015
-0.00018
-0.00027
-0.00037
-0.00034
-0.00034
-0.00031
-0.00021
-0.00015
-0.00021
-0.00024
-0.00021
-0.00024
-0.00034
-0.00031
-0.00027
-0.00031
-0.00027
-0.00018
-0.00015
-0.00015
-0.00018
-0.00024
-0.00021
-0.00027
-0.00027
-0.00021
-0.00021
-0.00024
-0.00024
-0.00024
-0.00024
-0.00027
-0.00021
-0.00021
-0.00024
-0.00021
-0.00018
-0.00018
-0.00021
-0.00021
-0.00021
-0.00024
-0.00024
-0.00024
-0.00031
-0.00031
-0.00021
-0.00018
-0.00018
-0.00015
-0.00012
-0.00018
-0.00015
-0.00018
-0.00024
-0.00021
-0.00021
-0.00021
-0.00024
-0.00015
-0.00018
-0.00018
-0.00015
-0.00015
-0.00018
-0.00018
-0.00021
-0.00021
-0.00018
-0.00015
-0.00012
-0.00006
-0.00009
-0.00012
-0.00021
-0.00024
-0.00021
-0.00018
-0.00015
-0.00015
-0.00015
-0.00009
-0.00015
0.00000
-0.00021
-0.00003
-0.00024
-0.00009
-0.00003
-0.00055
0.00037
-0.00125
-0.00812
-0.07153
-0.06155
-0.02536
0.00146
0.04370
0.05618
0.05582
0.02042
0.00842
0.00049
0.01224
-0.00040
-0.03543
-0.03922
-0.01505
0.00375
0.01917
0.02072
0.00665
-0.00095
0.00085
0.00003
0.00217
0.00510
0.00040
-0.00189
0.00162
0.00073
0.00037
0.00015
-0.00168
-0.00082
-0.00183
0.00000
0.00009
-0.00067
0.00134
0.00455
0.00455
0.00342
0.00305
0.00125
0.00027
0.00027
-0.00128
-0.00223
-0.00101
-0.00189
-0.00128
0.00110
0.00241
0.00119
0.00226
0.00366
0.00140
-0.00122
-0.00204
-0.00049
0.00275
0.00262
0.00336
0.00104
-0.00049
-0.00027
-0.00134
-0.00174
-0.00256
-0.00296
-0.00183
0.00003
0.00235
0.00357
0.00378
0.00250
0.00040
-0.00055
-0.00131
-0.00177
-0.00220
-0.00201
-0.00153
-0.00186
-0.00214
-0.00223
-0.00128
-0.00104
-0.00079
-0.00009
0.00070
0.00122
0.00113
0.00095
0.00000
-0.00073
-0.00046
-0.00031
-0.00040
-0.00098
-0.00055
0.00006
-0.00061
0.00095
0.00131
-0.00037
-0.00079
-0.00134
-0.00021
0.00092
0.00015
-0.00055
-0.00073
-0.00031
-0.00098
-0.00125
-0.00073
-0.00119
-0.00113
-0.00113
-0.00131
-0.00082
-0.00101
-0.00107
-0.00012
0.00034
-0.00012
-0.00067
-0.00067
-0.00089
-0.00098
-0.00052
-0.00040
-0.00034
-0.00082
-0.00165
-0.00165
-0.00110
-0.00076
-0.00021
0.00015
-0.00009
-0.00049
-0.00018
0.00037
0.00055
0.00073
0.00067
0.00018
-0.00037
-0.00049
-0.00024
-0.00043
-0.00098
-0.00113
-0.00061
-0.00009
-0.00006
-0.00018
-0.00027
-0.00031
-0.00006
0.00037
0.00040
-0.00003
-0.00061
-0.00085
-0.00089
-0.00085
-0.00064
-0.00021
-0.00006
-0.00018
-0.00012
0.00003
0.00031
0.00055
0.00092
0.00070
-0.00037
-0.00043
-0.00012
0.00027
0.00012
0.00101
0.00146
0.00070
0.00113
0.00092
0.00024
0.00003
-0.00012
-0.00049
-0.00009
0.00040
-0.00003
0.00000
0.00000
0.00000
0.00000
0.00000
0.00000
0.00000
0.00000
0.00000
0.00000
0.00000
0.00000
0.00000
0.00000
0.00000
0.00000
0.00000
0.00000
0.00000
0.00000
0.00000
0.00000
0.00000
0.00000
0.00000
0.00000
0.00000
0.00000
0.00000
0.00000
0.00000
0.00000
0.00000
0.00000
0.00000
0.00000
0.00000
0.00000
0.00000
0.00000
0.00000
0.00000
0.00000
0.00000
0.00000
0.00000
0.00000
0.00000
0.00000
0.00000
0.00000
0.00000
0.00000
0.00000
0.00000
0.00000
0.00000
0.00000
0.00000
0.00000
0.00000
0.00000
0.00000
0.00000
0.00000
0.00000
0.00000
0.00000
0.00000
0.00000
0.00000
0.00000
0.00000
0.00000
0.00000
0.00000
0.00000
0.00000
0.00000
0.00000
0.00000
0.00000
0.00000
0.00000
0.00000
0.00000
0.00000
0.00000
0.00000
0.00000
0.00000
0.00000
0.00000
0.00000
0.00000
0.00000
0.00000
0.00000
0.00000
0.00000
0.00000
0.00000
0.00000
0.00000
0.00000
0.00000
0.00000
0.00000
0.00000
0.00000
0.00000
0.00000
0.00000
0.00000
0.00000
0.00000
0.00000
0.00000
0.00000
0.00000
0.00000
0.00000
0.00000
0.00000
0.00000
0.00000
0.00000
0.00000
