-0.00034
-0.00037
-0.00037
-0.00037
-0.00037
-0.00040
-0.00037
-0.00037
-0.00040
-0.00037
-0.00037
-0.00037
-0.00040
-0.00040
-0.00040
-0.00040
-0.00043
-0.00040
-0.00037
-0.00037
-0.00040
-0.00043
-0.00037
-0.00037
-0.00040
-0.00037
-0.00037
-0.00037
-0.00037
-0.00037
-0.00037
-0.00040
-0.00040
-0.00037
-0.00049
-0.00037
-0.00040
-0.00037
-0.00037
-0.00043
-0.00040
-0.00040
-0.00037
-0.00037
-0.00037
-0.00040
-0.00037
-0.00040
-0.00040
-0.00037
-0.00037
-0.00040
-0.00037
-0.00037
-0.00040
-0.00043
-0.00037
-0.00034
-0.00040
-0.00034
-0.00037
-0.00043
-0.00034
-0.00040
-0.00040
-0.00037
-0.00040
-0.00040
-0.00037
-0.00037
-0.00034
-0.00034
-0.00037
-0.00037
-0.00037
-0.00037
-0.00034
-0.00037
-0.00037
-0.00034
-0.00040
-0.00040
-0.00034
-0.00037
-0.00043
-0.00037
-0.00037
-0.00037
-0.00037
-0.00034
-0.00037
-0.00037
-0.00037
-0.00037
-0.00031
-0.00034
-0.00037
-0.00034
-0.00034
-0.00037
-0.00037
-0.00034
-0.00031
-0.00037
-0.00034
-0.00027
-0.00027
-0.00034
-0.00031
-0.00031
-0.00037
-0.00034
-0.00034
-0.00031
-0.00031
-0.00031
-0.00031
-0.00027
-0.00027
-0.00037
-0.00031
-0.00027
-0.00031
-0.00031
-0.00024
-0.00024
-0.00027
-0.00027
-0.00027
-0.00027
-0.00034
-0.00027
-0.00027
-0.00024
-0.00024
-0.00024
-0.00024
-0.00024
-0.00024
-0.00027
-0.00024
-0.00024
-0.00024
-0.00027
-0.00024
-0.00024
-0.00024
-0.00021
-0.00024
-0.00024
-0.00024
-0.00024
-0.00024
-0.00024
-0.00021
-0.00021
-0.00021
-0.00021
-0.00021
-0.00018
-0.00021
-0.00021
-0.00024
-0.00024
-0.00024
-0.00021
-0.00015
-0.00021
-0.00021
-0.00018
-0.00021
-0.00021
-0.00021
-0.00021
-0.00018
-0.00021
-0.00018
-0.00024
-0.00009
-0.00034
0.00000
-0.00046
0.00003
-0.00052
0.00009
-0.00064
-0.00049
-0.03058
-0.09906
-0.04791
-0.00320
0.00320
0.06076
0.06769
0.05386
0.01703
-0.00052
0.00006
0.01590
-0.00391
-0.05002
-0.03519
0.00183
0.00772
0.01538
0.01828
-0.00272
-0.00540
0.00272
-0.00168
0.00745
0.01315
0.00052
-0.00284
0.00476
-0.00171
-0.00763
-0.00031
-0.00055
-0.00204
-0.00034
0.00128
-0.00079
0.00256
0.00497
0.00244
0.00388
0.00513
0.00220
-0.00031
0.00003
-0.00143
-0.00375
-0.00272
-0.00089
-0.00122
0.00058
0.00183
0.00104
-0.00027
0.00134
0.00180
0.00027
0.00153
0.00156
0.00375
0.00522
0.00208
-0.00006
-0.00323
-0.00424
-0.00452
-0.00330
0.00000
-0.00024
-0.00037
0.00095
0.00217
0.00330
0.00241
0.00168
0.00073
0.00000
-0.00153
-0.00262
-0.00150
-0.00140
-0.00174
-0.00153
-0.00146
-0.00156
-0.00253
-0.00186
-0.00137
-0.00137
-0.00085
-0.00006
0.00122
0.00186
0.00134
0.00107
-0.00024
-0.00101
-0.00131
-0.00180
-0.00125
-0.00095
-0.00037
0.00021
-0.00101
0.00116
0.00296
0.00012
0.00095
0.00018
-0.00009
0.00058
-0.00116
-0.00208
-0.00122
-0.00198
-0.00244
-0.00061
0.00003
-0.00085
-0.00046
-0.00131
-0.00189
-0.00061
-0.00003
-0.00061
0.00018
0.00012
-0.00122
-0.00089
-0.00040
-0.00085
-0.00073
-0.00070
-0.00116
-0.00107
-0.00122
-0.00168
-0.00107
-0.00012
-0.00012
-0.00012
-0.00003
-0.00031
-0.00015
0.00037
0.00073
0.00079
0.00037
-0.00015
-0.00052
-0.00046
-0.00015
-0.00015
-0.00055
-0.00089
-0.00046
-0.00003
-0.00006
-0.00040
-0.00064
-0.00037
0.00018
0.00031
0.00043
0.00052
0.00000
-0.00082
-0.00116
-0.00110
-0.00107
-0.00089
-0.00046
-0.00015
-0.00015
-0.00015
0.00040
0.00110
0.00131
0.00122
0.00079
0.00067
0.00089
0.00089
0.00082
0.00037
0.00000
0.00000
0.00000
0.00000
0.00000
0.00000
0.00000
0.00000
0.00000
0.00000
0.00000
0.00000
0.00000
0.00000
0.00000
0.00000
0.00000
0.00000
0.00000
0.00000
0.00000
0.00000
0.00000
0.00000
0.00000
0.00000
0.00000
0.00000
0.00000
0.00000
0.00000
0.00000
0.00000
0.00000
0.00000
0.00000
0.00000
0.00000
0.00000
0.00000
0.00000
0.00000
0.00000
0.00000
0.00000
0.00000
0.00000
0.00000
0.00000
0.00000
0.00000
0.00000
0.00000
0.00000
0.00000
0.00000
0.00000
0.00000
0.00000
0.00000
0.00000
0.00000
0.00000
0.00000
0.00000
0.00000
0.00000
0.00000
0.00000
0.00000
0.00000
0.00000
0.00000
0.00000
0.00000
0.00000
0.00000
0.00000
0.00000
0.00000
0.00000
0.00000
0.00000
0.00000
0.00000
0.00000
0.00000
0.00000
0.00000
0.00000
0.00000
0.00000
0.00000
0.00000
0.00000
0.00000
0.00000
0.00000
0.00000
0.00000
0.00000
0.00000
0.00000
0.00000
0.00000
0.00000
0.00000
0.00000
0.00000
0.00000
0.00000
0.00000
0.00000
0.00000
0.00000
0.00000
0.00000
0.00000
0.00000
0.00000
0.00000
0.00000
0.00000
0.00000
0.00000
0.00000
0.00000
0.00000
0.00000
0.00000
0.00000
0.00000
0.00000
0.00000
0.00000
0.00000
0.00000
0.00000
0.00000
0.00000
0.00000
