-0.00021
-0.00024
-0.00024
-0.00021
-0.00018
-0.00015
-0.00018
-0.00021
-0.00024
-0.00027
-0.00024
-0.00021
-0.00027
-0.00027
-0.00024
-0.00021
-0.00024
-0.00027
-0.00027
-0.00024
-0.00027
-0.00024
-0.00024
-0.00024
-0.00027
-0.00031
-0.00027
-0.00031
-0.00034
-0.00031
-0.00027
-0.00031
-0.00031
-0.00024
-0.00037
-0.00024
-0.00031
-0.00027
-0.00031
-0.00040
-0.00031
-0.00031
-0.00027
-0.00031
-0.00031
-0.00031
-0.00034
-0.00034
-0.00034
-0.00034
-0.00037
-0.00037
-0.00037
-0.00031
-0.00034
-0.00034
-0.00031
-0.00031
-0.00034
-0.00034
-0.00034
-0.00040
-0.00037
-0.00037
-0.00037
-0.00037
-0.00037
-0.00040
-0.00037
-0.00034
-0.00034
-0.00027
-0.00031
-0.00037
-0.00037
-0.00034
-0.00040
-0.00043
-0.00040
-0.00040
-0.00034
-0.00031
-0.00034
-0.00037
-0.00037
-0.00037
-0.00040
-0.00037
-0.00037
-0.00040
-0.00037
-0.00034
-0.00040
-0.00043
-0.00040
-0.00040
-0.00040
-0.00037
-0.00031
-0.00037
-0.00037
-0.00037
-0.00040
-0.00040
-0.00043
-0.00040
-0.00037
-0.00040
-0.00037
-0.00034
-0.00037
-0.00037
-0.00037
-0.00040
-0.00040
-0.00037
-0.00037
-0.00034
-0.00037
-0.00037
-0.00040
-0.00037
-0.00037
-0.00034
-0.00031
-0.00034
-0.00034
-0.00037
-0.00037
-0.00040
-0.00040
-0.00040
-0.00037
-0.00037
-0.00037
-0.00034
-0.00037
-0.00034
-0.00034
-0.00034
-0.00037
-0.00037
-0.00037
-0.00040
-0.00040
-0.00037
-0.00034
-0.00034
-0.00034
-0.00037
-0.00034
-0.00037
-0.00043
-0.00037
-0.00034
-0.00037
-0.00037
-0.00031
-0.00031
-0.00037
-0.00034
-0.00034
-0.00037
-0.00037
-0.00037
-0.00034
-0.00034
-0.00031
-0.00031
-0.00031
-0.00031
-0.00034
-0.00034
-0.00034
-0.00034
-0.00037
-0.00037
-0.00037
-0.00034
-0.00034
-0.00034
-0.00031
-0.00031
-0.00031
-0.00034
-0.00037
-0.00040
-0.00037
-0.00034
-0.00024
-0.00034
-0.00052
-0.00040
-0.00055
-0.00018
-0.00040
0.00027
-0.00052
-0.00073
-0.02057
-0.05219
-0.04193
-0.00800
0.02014
0.02798
0.02417
0.01868
0.01962
0.01205
-0.00616
-0.01349
-0.01166
-0.00635
0.00244
0.00775
0.00171
-0.00189
-0.00076
0.00006
0.00467
0.00659
0.00082
-0.00070
0.00223
0.00220
0.00110
0.00089
-0.00061
-0.00119
-0.00064
-0.00165
-0.00208
-0.00015
0.00119
0.00226
0.00357
0.00317
0.00250
0.00180
0.00128
0.00067
-0.00027
-0.00095
-0.00095
-0.00052
0.00064
0.00171
0.00153
0.00076
0.00064
0.00070
0.00082
0.00125
0.00116
0.00101
0.00055
0.00043
0.00009
-0.00024
-0.00027
-0.00037
-0.00021
0.00000
0.00012
-0.00027
-0.00021
-0.00006
0.00000
0.00006
0.00003
-0.00021
-0.00064
-0.00040
0.00000
0.00000
0.00000
0.00000
0.00000
0.00000
0.00000
0.00000
0.00000
0.00000
0.00000
0.00000
0.00000
0.00000
0.00000
0.00000
0.00000
0.00000
0.00000
0.00000
0.00000
0.00000
0.00000
0.00000
0.00000
0.00000
0.00000
0.00000
0.00000
0.00000
0.00000
0.00000
0.00000
0.00000
0.00000
0.00000
0.00000
0.00000
0.00000
0.00000
0.00000
0.00000
0.00000
0.00000
0.00000
0.00000
0.00000
0.00000
0.00000
0.00000
0.00000
0.00000
0.00000
0.00000
0.00000
0.00000
0.00000
0.00000
0.00000
0.00000
0.00000
0.00000
0.00000
0.00000
0.00000
0.00000
0.00000
0.00000
0.00000
0.00000
0.00000
0.00000
0.00000
0.00000
0.00000
0.00000
0.00000
0.00000
0.00000
0.00000
0.00000
0.00000
0.00000
0.00000
0.00000
0.00000
0.00000
0.00000
0.00000
0.00000
0.00000
0.00000
0.00000
0.00000
0.00000
0.00000
0.00000
0.00000
0.00000
0.00000
0.00000
0.00000
0.00000
0.00000
0.00000
0.00000
0.00000
0.00000
0.00000
0.00000
0.00000
0.00000
0.00000
0.00000
0.00000
0.00000
0.00000
0.00000
0.00000
0.00000
0.00000
0.00000
0.00000
0.00000
0.00000
0.00000
0.00000
0.00000
0.00000
0.00000
0.00000
0.00000
0.00000
0.00000
0.00000
0.00000
0.00000
0.00000
0.00000
0.00000
0.00000
0.00000
0.00000
0.00000
0.00000
0.00000
0.00000
0.00000
0.00000
0.00000
0.00000
0.00000
0.00000
0.00000
0.00000
0.00000
0.00000
0.00000
0.00000
0.00000
0.00000
0.00000
0.00000
0.00000
0.00000
0.00000
0.00000
0.00000
0.00000
0.00000
0.00000
0.00000
0.00000
0.00000
0.00000
0.00000
0.00000
0.00000
0.00000
0.00000
0.00000
0.00000
0.00000
0.00000
0.00000
0.00000
0.00000
0.00000
0.00000
0.00000
0.00000
0.00000
0.00000
0.00000
0.00000
0.00000
0.00000
0.00000
0.00000
0.00000
0.00000
0.00000
0.00000
0.00000
0.00000
0.00000
0.00000
0.00000
0.00000
0.00000
0.00000
0.00000
0.00000
0.00000
0.00000
0.00000
0.00000
0.00000
0.00000
0.00000
0.00000
0.00000
0.00000
0.00000
0.00000
0.00000
0.00000
0.00000
0.00000
0.00000
0.00000
0.00000
0.00000
0.00000
0.00000
0.00000
0.00000
0.00000
0.00000
