-0.00006
-0.00009
-0.00015
-0.00015
-0.00018
-0.00015
-0.00015
-0.00012
-0.00012
-0.00012
-0.00012
-0.00015
-0.00015
-0.00015
-0.00018
-0.00015
-0.00015
-0.00015
-0.00009
-0.00009
-0.00015
-0.00015
-0.00012
-0.00018
-0.00018
-0.00015
-0.00015
-0.00012
-0.00012
-0.00012
-0.00015
-0.00015
-0.00015
-0.00018
-0.00021
-0.00009
-0.00018
-0.00012
-0.00012
-0.00018
-0.00015
-0.00015
-0.00015
-0.00015
-0.00012
-0.00012
-0.00018
-0.00018
-0.00012
-0.00015
-0.00015
-0.00012
-0.00015
-0.00015
-0.00015
-0.00015
-0.00018
-0.00015
-0.00015
-0.00018
-0.00015
-0.00003
-0.00024
-0.00021
-0.00006
-0.00021
-0.00018
-0.00018
-0.00015
-0.00018
-0.00012
-0.00012
-0.00018
-0.00018
-0.00015
-0.00015
-0.00015
-0.00015
-0.00015
-0.00015
-0.00015
-0.00018
-0.00018
-0.00018
-0.00015
-0.00018
-0.00018
-0.00015
-0.00015
-0.00018
-0.00015
-0.00012
-0.00021
-0.00018
-0.00015
-0.00021
-0.00018
-0.00021
-0.00021
-0.00015
-0.00009
-0.00012
-0.00018
-0.00015
-0.00015
-0.00018
-0.00015
-0.00012
-0.00018
-0.00021
-0.00015
-0.00015
-0.00015
-0.00012
-0.00015
-0.00015
-0.00012
-0.00012
-0.00018
-0.00015
-0.00012
-0.00018
-0.00015
-0.00009
-0.00009
-0.00012
-0.00009
-0.00012
-0.00015
-0.00012
-0.00012
-0.00015
-0.00015
-0.00012
-0.00015
-0.00012
-0.00012
-0.00015
-0.00012
-0.00009
-0.00009
-0.00009
-0.00009
-0.00012
-0.00009
-0.00012
-0.00012
-0.00009
-0.00009
-0.00009
-0.00012
-0.00009
-0.00009
-0.00009
-0.00012
-0.00012
-0.00009
-0.00012
-0.00006
-0.00003
-0.00006
-0.00009
-0.00012
-0.00006
-0.00012
-0.00012
-0.00009
-0.00006
-0.00006
-0.00009
-0.00009
-0.00012
-0.00006
-0.00003
-0.00006
-0.00006
-0.00006
-0.00006
-0.00003
-0.00009
0.00000
-0.00037
0.00034
-0.00070
0.00092
-0.00153
0.00183
-0.00272
-0.00104
-0.08813
-0.15359
-0.02307
0.04144
0.08191
0.08029
0.05545
0.04636
0.03345
-0.00061
-0.05197
-0.03851
-0.02356
-0.00793
0.02499
0.01959
-0.01370
-0.00711
0.00140
-0.00208
0.01718
0.01276
-0.00952
0.00259
0.00897
0.00021
0.00360
0.00882
-0.00165
-0.00156
0.00055
-0.00854
-0.00772
-0.00082
0.00128
0.00092
0.00516
0.00537
0.00427
0.00427
0.00449
0.00229
-0.00153
-0.00336
-0.00269
-0.00235
0.00119
0.00110
-0.00143
-0.00159
0.00214
0.00284
0.00208
0.00531
0.00314
-0.00046
-0.00003
0.00003
-0.00058
-0.00107
-0.00101
-0.00140
-0.00253
-0.00275
-0.00327
-0.00113
0.00266
0.00226
0.00342
0.00500
0.00397
0.00098
-0.00052
-0.00058
-0.00238
-0.00262
-0.00208
-0.00140
0.00000
0.00021
-0.00015
-0.00119
-0.00189
-0.00259
-0.00214
0.00058
0.00116
0.00043
0.00003
-0.00055
-0.00110
-0.00208
-0.00211
-0.00281
-0.00348
-0.00269
-0.00241
-0.00128
-0.00024
0.00107
0.00143
0.00070
0.00000
0.00140
0.00156
0.00116
0.00043
0.00064
0.00269
0.00183
0.00040
-0.00089
-0.00006
-0.00104
-0.00272
-0.00195
-0.00299
-0.00278
-0.00140
-0.00171
-0.00119
-0.00003
0.00067
0.00085
0.00134
0.00113
0.00012
-0.00018
-0.00098
-0.00214
-0.00180
-0.00137
-0.00159
-0.00162
-0.00143
-0.00153
-0.00162
-0.00140
-0.00076
0.00018
0.00082
0.00085
0.00076
0.00098
0.00101
0.00067
0.00049
0.00015
-0.00067
-0.00150
-0.00153
-0.00125
-0.00122
-0.00110
-0.00058
0.00009
0.00024
0.00040
0.00055
0.00049
0.00027
0.00018
0.00021
0.00027
0.00003
-0.00024
-0.00046
-0.00046
-0.00027
-0.00012
-0.00018
-0.00064
-0.00092
-0.00061
0.00009
0.00046
0.00061
0.00085
0.00089
0.00061
0.00021
0.00000
0.00000
0.00000
0.00000
0.00000
0.00000
0.00000
0.00000
0.00000
0.00000
0.00000
0.00000
0.00000
0.00000
0.00000
0.00000
0.00000
0.00000
0.00000
0.00000
0.00000
0.00000
0.00000
0.00000
0.00000
0.00000
0.00000
0.00000
0.00000
0.00000
0.00000
0.00000
0.00000
0.00000
0.00000
0.00000
0.00000
0.00000
0.00000
0.00000
0.00000
0.00000
0.00000
0.00000
0.00000
0.00000
0.00000
0.00000
0.00000
0.00000
0.00000
0.00000
0.00000
0.00000
0.00000
0.00000
0.00000
0.00000
0.00000
0.00000
0.00000
0.00000
0.00000
0.00000
0.00000
0.00000
0.00000
0.00000
0.00000
0.00000
0.00000
0.00000
0.00000
0.00000
0.00000
0.00000
0.00000
0.00000
0.00000
0.00000
0.00000
0.00000
0.00000
0.00000
0.00000
0.00000
0.00000
0.00000
0.00000
0.00000
0.00000
0.00000
0.00000
0.00000
0.00000
0.00000
0.00000
0.00000
0.00000
0.00000
0.00000
0.00000
0.00000
0.00000
0.00000
0.00000
0.00000
0.00000
0.00000
0.00000
0.00000
0.00000
0.00000
0.00000
0.00000
0.00000
0.00000
0.00000
0.00000
0.00000
0.00000
0.00000
0.00000
0.00000
0.00000
0.00000
0.00000
0.00000
0.00000
0.00000
0.00000
0.00000
0.00000
0.00000
0.00000
0.00000
0.00000
0.00000
0.00000
0.00000
0.00000
0.00000
