-0.00018
-0.00012
-0.00009
-0.00018
-0.00021
-0.00018
-0.00021
-0.00021
-0.00015
-0.00018
-0.00018
-0.00012
-0.00015
-0.00024
-0.00021
-0.00021
-0.00027
-0.00024
-0.00015
-0.00018
-0.00024
-0.00018
-0.00018
-0.00021
-0.00021
-0.00018
-0.00021
-0.00018
-0.00018
-0.00024
-0.00021
-0.00018
-0.00021
-0.00021
-0.00027
-0.00018
-0.00024
-0.00018
-0.00018
-0.00024
-0.00021
-0.00024
-0.00024
-0.00021
-0.00024
-0.00024
-0.00021
-0.00024
-0.00024
-0.00021
-0.00021
-0.00024
-0.00027
-0.00024
-0.00024
-0.00027
-0.00027
-0.00024
-0.00024
-0.00024
-0.00024
-0.00018
-0.00031
-0.00043
-0.00024
-0.00031
-0.00027
-0.00027
-0.00031
-0.00027
-0.00024
-0.00021
-0.00024
-0.00031
-0.00031
-0.00034
-0.00031
-0.00031
-0.00027
-0.00031
-0.00027
-0.00024
-0.00027
-0.00034
-0.00031
-0.00031
-0.00037
-0.00037
-0.00031
-0.00031
-0.00027
-0.00021
-0.00031
-0.00031
-0.00031
-0.00031
-0.00024
-0.00024
-0.00031
-0.00031
-0.00027
-0.00031
-0.00037
-0.00031
-0.00031
-0.00034
-0.00034
-0.00031
-0.00031
-0.00034
-0.00031
-0.00027
-0.00034
-0.00034
-0.00034
-0.00034
-0.00031
-0.00027
-0.00034
-0.00034
-0.00031
-0.00034
-0.00037
-0.00034
-0.00027
-0.00031
-0.00034
-0.00031
-0.00031
-0.00040
-0.00037
-0.00037
-0.00040
-0.00034
-0.00031
-0.00027
-0.00024
-0.00031
-0.00037
-0.00037
-0.00031
-0.00037
-0.00040
-0.00031
-0.00034
-0.00037
-0.00034
-0.00031
-0.00040
-0.00034
-0.00037
-0.00037
-0.00037
-0.00037
-0.00034
-0.00037
-0.00031
-0.00031
-0.00034
-0.00031
-0.00034
-0.00034
-0.00040
-0.00034
-0.00037
-0.00043
-0.00040
-0.00034
-0.00031
-0.00037
-0.00034
-0.00034
-0.00037
-0.00034
-0.00034
-0.00040
-0.00037
-0.00037
-0.00027
-0.00043
-0.00021
-0.00073
0.00000
-0.00098
0.00031
-0.00131
0.00052
-0.00171
0.00064
-0.04944
-0.15924
-0.06573
0.02994
0.07306
0.08929
0.05878
0.04929
0.03482
0.01553
-0.04474
-0.04742
-0.02676
-0.01413
0.01624
0.02664
-0.00797
-0.01227
0.00034
-0.00238
0.01236
0.01892
-0.00504
-0.00314
0.00778
0.00110
-0.00021
0.00897
0.00168
-0.00381
0.00125
-0.00592
-0.00894
-0.00317
0.00122
0.00027
0.00351
0.00482
0.00421
0.00400
0.00424
0.00262
-0.00101
-0.00320
-0.00299
-0.00308
-0.00018
0.00162
-0.00113
-0.00235
0.00052
0.00333
0.00186
0.00412
0.00391
-0.00009
-0.00082
-0.00012
-0.00052
-0.00125
-0.00143
-0.00156
-0.00235
-0.00241
-0.00351
-0.00293
0.00082
0.00256
0.00250
0.00439
0.00488
0.00198
-0.00067
-0.00073
-0.00226
-0.00339
-0.00287
-0.00208
-0.00043
0.00015
-0.00006
-0.00098
-0.00192
-0.00241
-0.00290
-0.00061
0.00116
0.00043
-0.00024
-0.00061
-0.00125
-0.00208
-0.00247
-0.00253
-0.00375
-0.00320
-0.00272
-0.00174
-0.00064
0.00052
0.00110
0.00058
0.00003
0.00082
0.00150
0.00089
0.00049
0.00009
0.00204
0.00195
0.00052
-0.00107
-0.00061
-0.00067
-0.00272
-0.00241
-0.00281
-0.00314
-0.00180
-0.00171
-0.00156
-0.00049
0.00037
0.00052
0.00095
0.00113
0.00024
-0.00043
-0.00098
-0.00214
-0.00226
-0.00162
-0.00165
-0.00180
-0.00171
-0.00168
-0.00177
-0.00171
-0.00119
-0.00024
0.00055
0.00067
0.00046
0.00067
0.00079
0.00061
0.00043
0.00015
-0.00064
-0.00156
-0.00177
-0.00146
-0.00134
-0.00125
-0.00101
-0.00027
0.00009
0.00018
0.00034
0.00037
0.00024
0.00009
0.00006
0.00009
-0.00006
-0.00043
-0.00064
-0.00064
-0.00040
-0.00027
-0.00031
-0.00070
-0.00110
-0.00092
-0.00012
0.00037
0.00049
0.00073
0.00076
0.00052
0.00015
-0.00006
-0.00040
-0.00055
-0.00037
0.00000
0.00000
0.00000
0.00000
0.00000
0.00000
0.00000
0.00000
0.00000
0.00000
0.00000
0.00000
0.00000
0.00000
0.00000
0.00000
0.00000
0.00000
0.00000
0.00000
0.00000
0.00000
0.00000
0.00000
0.00000
0.00000
0.00000
0.00000
0.00000
0.00000
0.00000
0.00000
0.00000
0.00000
0.00000
0.00000
0.00000
0.00000
0.00000
0.00000
0.00000
0.00000
0.00000
0.00000
0.00000
0.00000
0.00000
0.00000
0.00000
0.00000
0.00000
0.00000
0.00000
0.00000
0.00000
0.00000
0.00000
0.00000
0.00000
0.00000
0.00000
0.00000
0.00000
0.00000
0.00000
0.00000
0.00000
0.00000
0.00000
0.00000
0.00000
0.00000
0.00000
0.00000
0.00000
0.00000
0.00000
0.00000
0.00000
0.00000
0.00000
0.00000
0.00000
0.00000
0.00000
0.00000
0.00000
0.00000
0.00000
0.00000
0.00000
0.00000
0.00000
0.00000
0.00000
0.00000
0.00000
0.00000
0.00000
0.00000
0.00000
0.00000
0.00000
0.00000
0.00000
0.00000
0.00000
0.00000
0.00000
0.00000
0.00000
0.00000
0.00000
0.00000
0.00000
0.00000
0.00000
0.00000
0.00000
0.00000
0.00000
0.00000
0.00000
0.00000
0.00000
0.00000
0.00000
0.00000
0.00000
0.00000
0.00000
0.00000
0.00000
0.00000
0.00000
0.00000
0.00000
0.00000
