-0.00040
-0.00043
-0.00037
-0.00031
-0.00027
-0.00024
-0.00021
-0.00018
-0.00024
-0.00027
-0.00031
-0.00034
-0.00034
-0.00037
-0.00040
-0.00040
-0.00040
-0.00040
-0.00031
-0.00024
-0.00024
-0.00024
-0.00024
-0.00031
-0.00037
-0.00034
-0.00037
-0.00040
-0.00040
-0.00034
-0.00031
-0.00037
-0.00037
-0.00034
-0.00043
-0.00027
-0.00034
-0.00027
-0.00024
-0.00027
-0.00024
-0.00031
-0.00031
-0.00031
-0.00031
-0.00027
-0.00027
-0.00034
-0.00037
-0.00037
-0.00040
-0.00040
-0.00043
-0.00043
-0.00040
-0.00034
-0.00034
-0.00037
-0.00034
-0.00034
-0.00031
-0.00037
-0.00034
-0.00034
-0.00037
-0.00037
-0.00031
-0.00031
-0.00027
-0.00034
-0.00034
-0.00034
-0.00031
-0.00031
-0.00034
-0.00027
-0.00031
-0.00024
-0.00024
-0.00031
-0.00034
-0.00037
-0.00037
-0.00040
-0.00040
-0.00034
-0.00034
-0.00037
-0.00037
-0.00034
-0.00034
-0.00034
-0.00034
-0.00034
-0.00034
-0.00031
-0.00027
-0.00021
-0.00021
-0.00024
-0.00024
-0.00027
-0.00031
-0.00034
-0.00027
-0.00027
-0.00027
-0.00027
-0.00024
-0.00024
-0.00027
-0.00031
-0.00031
-0.00034
-0.00037
-0.00037
-0.00034
-0.00037
-0.00037
-0.00034
-0.00031
-0.00031
-0.00027
-0.00027
-0.00027
-0.00031
-0.00027
-0.00024
-0.00027
-0.00027
-0.00027
-0.00031
-0.00034
-0.00034
-0.00034
-0.00034
-0.00031
-0.00027
-0.00024
-0.00024
-0.00027
-0.00031
-0.00034
-0.00037
-0.00034
-0.00027
-0.00021
-0.00018
-0.00018
-0.00015
-0.00018
-0.00024
-0.00027
-0.00027
-0.00031
-0.00031
-0.00031
-0.00031
-0.00034
-0.00031
-0.00027
-0.00024
-0.00024
-0.00024
-0.00021
-0.00021
-0.00018
-0.00018
-0.00021
-0.00024
-0.00027
-0.00027
-0.00024
-0.00024
-0.00027
-0.00024
-0.00024
-0.00024
-0.00024
-0.00027
-0.00024
-0.00024
-0.00024
-0.00024
-0.00024
-0.00018
-0.00018
-0.00009
-0.00031
-0.00018
-0.00067
0.00009
-0.00092
0.00082
-0.00134
0.00104
-0.02502
-0.05270
-0.04309
-0.01959
0.02521
0.03473
0.03665
0.02390
0.02118
0.01132
-0.01221
-0.01700
-0.01385
-0.00742
0.00284
0.00577
0.00192
0.00043
-0.00226
-0.00006
0.00577
0.00726
0.00009
-0.00085
0.00238
0.00146
0.00201
0.00253
0.00043
0.00058
0.00000
-0.00177
-0.00195
-0.00085
-0.00061
0.00052
0.00250
0.00223
0.00220
0.00320
0.00406
0.00250
0.00034
-0.00146
-0.00146
-0.00107
0.00018
0.00073
0.00006
-0.00085
0.00024
0.00174
0.00293
0.00354
0.00266
0.00153
0.00046
-0.00021
-0.00067
-0.00092
-0.00034
-0.00079
-0.00064
0.00003
-0.00012
0.00000
0.00021
0.00027
0.00000
-0.00037
-0.00027
-0.00021
0.00052
0.00140
0.00162
0.00150
0.00043
-0.00092
-0.00159
-0.00156
-0.00092
-0.00089
-0.00073
-0.00064
-0.00073
-0.00024
0.00000
-0.00003
-0.00061
-0.00113
-0.00165
-0.00201
-0.00211
-0.00156
-0.00159
-0.00018
-0.00003
0.00015
0.00067
-0.00052
-0.00015
-0.00034
0.00015
-0.00052
-0.00046
0.00049
0.00067
0.00153
0.00055
0.00052
0.00018
-0.00101
-0.00134
-0.00204
-0.00198
-0.00180
-0.00122
-0.00067
-0.00052
-0.00012
-0.00006
-0.00012
0.00000
-0.00034
-0.00064
-0.00070
-0.00076
-0.00073
-0.00061
-0.00070
-0.00085
-0.00113
-0.00113
-0.00101
-0.00095
-0.00085
-0.00085
-0.00073
-0.00058
-0.00037
-0.00015
-0.00018
-0.00021
-0.00012
0.00024
0.00052
0.00043
0.00006
-0.00031
-0.00046
-0.00043
-0.00049
-0.00073
-0.00092
-0.00085
-0.00064
-0.00034
-0.00003
0.00006
0.00006
0.00012
0.00021
0.00018
0.00009
0.00006
-0.00009
-0.00031
-0.00040
-0.00058
-0.00082
-0.00082
-0.00058
-0.00018
0.00012
0.00034
0.00043
0.00040
0.00027
0.00012
0.00009
0.00021
0.00031
0.00040
0.00061
0.00070
0.00055
0.00018
-0.00006
0.00000
0.00000
0.00000
0.00000
0.00000
0.00000
0.00000
0.00000
0.00000
0.00000
0.00000
0.00000
0.00000
0.00000
0.00000
0.00000
0.00000
0.00000
0.00000
0.00000
0.00000
0.00000
0.00000
0.00000
0.00000
0.00000
0.00000
0.00000
0.00000
0.00000
0.00000
0.00000
0.00000
0.00000
0.00000
0.00000
0.00000
0.00000
0.00000
0.00000
0.00000
0.00000
0.00000
0.00000
0.00000
0.00000
0.00000
0.00000
0.00000
0.00000
0.00000
0.00000
0.00000
0.00000
0.00000
0.00000
0.00000
0.00000
0.00000
0.00000
0.00000
0.00000
0.00000
0.00000
0.00000
0.00000
0.00000
0.00000
0.00000
0.00000
0.00000
0.00000
0.00000
0.00000
0.00000
0.00000
0.00000
0.00000
0.00000
0.00000
0.00000
0.00000
0.00000
0.00000
0.00000
0.00000
0.00000
0.00000
0.00000
0.00000
0.00000
0.00000
0.00000
0.00000
0.00000
0.00000
0.00000
0.00000
0.00000
0.00000
0.00000
0.00000
0.00000
0.00000
0.00000
0.00000
0.00000
0.00000
0.00000
0.00000
0.00000
0.00000
0.00000
0.00000
0.00000
0.00000
0.00000
0.00000
0.00000
0.00000
0.00000
0.00000
0.00000
0.00000
0.00000
0.00000
0.00000
0.00000
