-0.00031
-0.00024
-0.00024
-0.00034
-0.00034
-0.00034
-0.00034
-0.00034
-0.00027
-0.00024
-0.00027
-0.00031
-0.00031
-0.00031
-0.00034
-0.00034
-0.00027
-0.00024
-0.00027
-0.00031
-0.00024
-0.00024
-0.00031
-0.00031
-0.00027
-0.00027
-0.00031
-0.00024
-0.00021
-0.00027
-0.00027
-0.00027
-0.00031
-0.00031
-0.00040
-0.00018
-0.00024
-0.00021
-0.00024
-0.00024
-0.00021
-0.00027
-0.00027
-0.00027
-0.00031
-0.00031
-0.00027
-0.00024
-0.00024
-0.00024
-0.00024
-0.00021
-0.00024
-0.00027
-0.00024
-0.00021
-0.00021
-0.00021
-0.00018
-0.00021
-0.00027
-0.00027
-0.00024
-0.00027
-0.00034
-0.00027
-0.00021
-0.00024
-0.00024
-0.00021
-0.00018
-0.00024
-0.00024
-0.00018
-0.00024
-0.00027
-0.00027
-0.00024
-0.00024
-0.00027
-0.00018
-0.00015
-0.00018
-0.00021
-0.00015
-0.00012
-0.00021
-0.00024
-0.00021
-0.00024
-0.00024
-0.00021
-0.00015
-0.00018
-0.00024
-0.00021
-0.00021
-0.00024
-0.00024
-0.00021
-0.00015
-0.00018
-0.00018
-0.00015
-0.00015
-0.00018
-0.00021
-0.00018
-0.00015
-0.00021
-0.00021
-0.00018
-0.00021
-0.00021
-0.00015
-0.00015
-0.00018
-0.00018
-0.00018
-0.00021
-0.00018
-0.00018
-0.00018
-0.00018
-0.00021
-0.00021
-0.00018
-0.00018
-0.00021
-0.00021
-0.00018
-0.00015
-0.00018
-0.00015
-0.00015
-0.00018
-0.00018
-0.00012
-0.00009
-0.00015
-0.00012
-0.00015
-0.00021
-0.00024
-0.00018
-0.00018
-0.00015
-0.00015
-0.00015
-0.00012
-0.00012
-0.00018
-0.00015
-0.00009
-0.00012
-0.00012
-0.00012
-0.00012
-0.00015
-0.00015
-0.00012
-0.00009
-0.00015
-0.00018
-0.00012
-0.00012
-0.00012
-0.00006
-0.00003
-0.00006
-0.00012
-0.00012
-0.00012
-0.00015
-0.00018
-0.00015
-0.00009
-0.00009
-0.00009
-0.00006
-0.00006
-0.00012
-0.00009
-0.00006
-0.00006
-0.00012
-0.00009
-0.00003
-0.00012
-0.00015
-0.00027
-0.00015
-0.00031
0.00015
-0.00024
0.00070
-0.00037
-0.00061
-0.02557
-0.06113
-0.03516
-0.00165
0.01990
0.03073
0.02472
0.02127
0.02020
0.01230
-0.00583
-0.01263
-0.01114
-0.00958
0.00262
0.00836
0.00049
-0.00110
0.00131
0.00018
0.00565
0.00714
-0.00061
-0.00043
0.00381
0.00165
0.00089
0.00269
0.00021
-0.00146
-0.00055
-0.00235
-0.00296
-0.00034
0.00131
0.00223
0.00397
0.00439
0.00388
0.00317
0.00195
0.00021
-0.00110
-0.00113
-0.00018
0.00061
0.00174
0.00180
0.00089
0.00021
0.00061
0.00128
0.00143
0.00174
0.00143
0.00098
0.00107
0.00107
0.00089
0.00037
-0.00003
-0.00027
-0.00037
-0.00006
0.00000
0.00000
0.00000
0.00000
0.00000
0.00000
0.00000
0.00000
0.00000
0.00000
0.00000
0.00000
0.00000
0.00000
0.00000
0.00000
0.00000
0.00000
0.00000
0.00000
0.00000
0.00000
0.00000
0.00000
0.00000
0.00000
0.00000
0.00000
0.00000
0.00000
0.00000
0.00000
0.00000
0.00000
0.00000
0.00000
0.00000
0.00000
0.00000
0.00000
0.00000
0.00000
0.00000
0.00000
0.00000
0.00000
0.00000
0.00000
0.00000
0.00000
0.00000
0.00000
0.00000
0.00000
0.00000
0.00000
0.00000
0.00000
0.00000
0.00000
0.00000
0.00000
0.00000
0.00000
0.00000
0.00000
0.00000
0.00000
0.00000
0.00000
0.00000
0.00000
0.00000
0.00000
0.00000
0.00000
0.00000
0.00000
0.00000
0.00000
0.00000
0.00000
0.00000
0.00000
0.00000
0.00000
0.00000
0.00000
0.00000
0.00000
0.00000
0.00000
0.00000
0.00000
0.00000
0.00000
0.00000
0.00000
0.00000
0.00000
0.00000
0.00000
0.00000
0.00000
0.00000
0.00000
0.00000
0.00000
0.00000
0.00000
0.00000
0.00000
0.00000
0.00000
0.00000
0.00000
0.00000
0.00000
0.00000
0.00000
0.00000
0.00000
0.00000
0.00000
0.00000
0.00000
0.00000
0.00000
0.00000
0.00000
0.00000
0.00000
0.00000
0.00000
0.00000
0.00000
0.00000
0.00000
0.00000
0.00000
0.00000
0.00000
0.00000
0.00000
0.00000
0.00000
0.00000
0.00000
0.00000
0.00000
0.00000
0.00000
0.00000
0.00000
0.00000
0.00000
0.00000
0.00000
0.00000
0.00000
0.00000
0.00000
0.00000
0.00000
0.00000
0.00000
0.00000
0.00000
0.00000
0.00000
0.00000
0.00000
0.00000
0.00000
0.00000
0.00000
0.00000
0.00000
0.00000
0.00000
0.00000
0.00000
0.00000
0.00000
0.00000
0.00000
0.00000
0.00000
0.00000
0.00000
0.00000
0.00000
0.00000
0.00000
0.00000
0.00000
0.00000
0.00000
0.00000
0.00000
0.00000
0.00000
0.00000
0.00000
0.00000
0.00000
0.00000
0.00000
0.00000
0.00000
0.00000
0.00000
0.00000
0.00000
0.00000
0.00000
0.00000
0.00000
0.00000
0.00000
0.00000
0.00000
0.00000
0.00000
0.00000
0.00000
0.00000
0.00000
0.00000
0.00000
0.00000
0.00000
0.00000
0.00000
0.00000
0.00000
0.00000
0.00000
0.00000
0.00000
0.00000
0.00000
0.00000
0.00000
0.00000
0.00000
0.00000
0.00000
0.00000
0.00000
