-0.00027
-0.00027
-0.00024
-0.00024
-0.00027
-0.00024
-0.00027
-0.00027
-0.00027
-0.00027
-0.00024
-0.00027
-0.00027
-0.00027
-0.00021
-0.00024
-0.00027
-0.00024
-0.00024
-0.00027
-0.00024
-0.00021
-0.00021
-0.00024
-0.00024
-0.00024
-0.00024
-0.00027
-0.00024
-0.00024
-0.00024
-0.00027
-0.00024
-0.00018
-0.00027
-0.00015
-0.00021
-0.00021
-0.00018
-0.00027
-0.00021
-0.00021
-0.00021
-0.00024
-0.00021
-0.00021
-0.00021
-0.00024
-0.00024
-0.00021
-0.00024
-0.00021
-0.00018
-0.00018
-0.00021
-0.00021
-0.00021
-0.00021
-0.00021
-0.00021
-0.00021
-0.00021
-0.00024
-0.00021
-0.00021
-0.00021
-0.00021
-0.00018
-0.00018
-0.00021
-0.00021
-0.00018
-0.00018
-0.00018
-0.00021
-0.00018
-0.00018
-0.00018
-0.00015
-0.00015
-0.00015
-0.00012
-0.00015
-0.00015
-0.00018
-0.00018
-0.00015
-0.00015
-0.00015
-0.00015
-0.00012
-0.00015
-0.00018
-0.00015
-0.00012
-0.00015
-0.00015
-0.00012
-0.00012
-0.00015
-0.00012
-0.00009
-0.00012
-0.00012
-0.00009
-0.00012
-0.00015
-0.00012
-0.00009
-0.00009
-0.00012
-0.00009
-0.00009
-0.00009
-0.00006
-0.00009
-0.00006
-0.00006
-0.00009
-0.00009
-0.00009
-0.00009
-0.00012
-0.00009
-0.00006
-0.00006
-0.00006
-0.00006
-0.00006
-0.00009
-0.00009
-0.00006
-0.00006
-0.00006
-0.00003
-0.00006
-0.00006
-0.00006
-0.00006
-0.00006
-0.00006
-0.00006
-0.00006
-0.00003
-0.00006
-0.00006
-0.00003
-0.00003
-0.00003
-0.00003
-0.00003
-0.00003
-0.00003
-0.00003
-0.00003
-0.00003
-0.00003
-0.00003
0.00000
-0.00003
0.00000
0.00000
0.00000
0.00000
0.00000
0.00000
0.00000
0.00000
0.00000
0.00000
0.00000
0.00000
0.00003
0.00000
0.00000
0.00000
0.00000
0.00000
0.00000
0.00000
0.00003
0.00003
0.00000
0.00003
0.00003
0.00003
0.00000
0.00009
-0.00009
0.00012
-0.00040
0.00049
-0.00058
0.00119
-0.00113
0.00156
-0.02383
-0.05374
-0.04364
-0.02127
0.02591
0.03595
0.03845
0.02585
0.02148
0.01248
-0.01273
-0.01697
-0.01416
-0.00760
0.00320
0.00607
0.00226
0.00113
-0.00204
-0.00015
0.00607
0.00784
0.00037
-0.00092
0.00241
0.00168
0.00262
0.00317
0.00052
0.00076
0.00052
-0.00153
-0.00150
-0.00061
-0.00067
0.00079
0.00314
0.00272
0.00253
0.00333
0.00406
0.00287
0.00095
-0.00104
-0.00119
-0.00079
0.00037
0.00110
0.00067
-0.00052
0.00027
0.00171
0.00299
0.00378
0.00296
0.00204
0.00104
0.00012
-0.00034
-0.00061
-0.00012
-0.00046
-0.00046
0.00015
0.00003
0.00034
0.00055
0.00058
0.00049
-0.00006
0.00015
0.00018
0.00073
0.00168
0.00177
0.00168
0.00067
-0.00070
-0.00143
-0.00143
-0.00061
-0.00043
-0.00027
-0.00018
-0.00055
-0.00018
0.00000
0.00012
-0.00027
-0.00076
-0.00131
-0.00174
-0.00186
-0.00146
-0.00137
-0.00031
0.00037
0.00009
0.00107
0.00000
0.00018
0.00009
0.00031
-0.00003
-0.00034
0.00064
0.00052
0.00156
0.00089
0.00052
0.00073
-0.00055
-0.00110
-0.00183
-0.00180
-0.00156
-0.00113
-0.00049
-0.00040
-0.00003
0.00006
-0.00012
0.00009
-0.00006
-0.00031
-0.00037
-0.00046
-0.00058
-0.00052
-0.00058
-0.00064
-0.00092
-0.00101
-0.00095
-0.00082
-0.00067
-0.00064
-0.00058
-0.00046
-0.00027
-0.00006
-0.00006
-0.00006
-0.00003
0.00031
0.00067
0.00067
0.00027
-0.00015
-0.00040
-0.00040
-0.00034
-0.00049
-0.00076
-0.00079
-0.00055
-0.00027
0.00003
0.00021
0.00021
0.00021
0.00024
0.00024
0.00015
0.00006
-0.00003
-0.00024
-0.00037
-0.00046
-0.00067
-0.00070
-0.00052
-0.00012
0.00021
0.00040
0.00046
0.00046
0.00027
0.00009
0.00009
0.00027
0.00043
0.00046
0.00058
0.00067
0.00061
0.00034
0.00000
0.00000
0.00000
0.00000
0.00000
0.00000
0.00000
0.00000
0.00000
0.00000
0.00000
0.00000
0.00000
0.00000
0.00000
0.00000
0.00000
0.00000
0.00000
0.00000
0.00000
0.00000
0.00000
0.00000
0.00000
0.00000
0.00000
0.00000
0.00000
0.00000
0.00000
0.00000
0.00000
0.00000
0.00000
0.00000
0.00000
0.00000
0.00000
0.00000
0.00000
0.00000
0.00000
0.00000
0.00000
0.00000
0.00000
0.00000
0.00000
0.00000
0.00000
0.00000
0.00000
0.00000
0.00000
0.00000
0.00000
0.00000
0.00000
0.00000
0.00000
0.00000
0.00000
0.00000
0.00000
0.00000
0.00000
0.00000
0.00000
0.00000
0.00000
0.00000
0.00000
0.00000
0.00000
0.00000
0.00000
0.00000
0.00000
0.00000
0.00000
0.00000
0.00000
0.00000
0.00000
0.00000
0.00000
0.00000
0.00000
0.00000
0.00000
0.00000
0.00000
0.00000
0.00000
0.00000
0.00000
0.00000
0.00000
0.00000
0.00000
0.00000
0.00000
0.00000
0.00000
0.00000
0.00000
0.00000
0.00000
0.00000
0.00000
0.00000
0.00000
0.00000
0.00000
0.00000
0.00000
0.00000
0.00000
0.00000
0.00000
0.00000
0.00000
0.00000
0.00000
0.00000
0.00000
0.00000
0.00000
