-0.00024
-0.00021
-0.00021
-0.00018
-0.00018
-0.00021
-0.00027
-0.00024
-0.00021
-0.00024
-0.00027
-0.00024
-0.00021
-0.00021
-0.00021
-0.00018
-0.00018
-0.00018
-0.00018
-0.00024
-0.00024
-0.00021
-0.00021
-0.00024
-0.00021
-0.00018
-0.00021
-0.00021
-0.00018
-0.00021
-0.00021
-0.00015
-0.00015
-0.00018
-0.00027
-0.00018
-0.00018
-0.00015
-0.00018
-0.00024
-0.00018
-0.00021
-0.00021
-0.00021
-0.00024
-0.00021
-0.00018
-0.00018
-0.00015
-0.00018
-0.00021
-0.00021
-0.00021
-0.00024
-0.00024
-0.00021
-0.00021
-0.00021
-0.00021
-0.00018
-0.00021
-0.00015
-0.00024
-0.00024
-0.00018
-0.00024
-0.00021
-0.00024
-0.00027
-0.00021
-0.00015
-0.00018
-0.00018
-0.00021
-0.00021
-0.00021
-0.00021
-0.00018
-0.00018
-0.00018
-0.00018
-0.00015
-0.00018
-0.00024
-0.00021
-0.00021
-0.00024
-0.00021
-0.00021
-0.00018
-0.00015
-0.00015
-0.00018
-0.00018
-0.00015
-0.00021
-0.00021
-0.00021
-0.00021
-0.00021
-0.00018
-0.00015
-0.00021
-0.00018
-0.00012
-0.00015
-0.00015
-0.00015
-0.00021
-0.00021
-0.00015
-0.00018
-0.00021
-0.00018
-0.00015
-0.00018
-0.00015
-0.00012
-0.00012
-0.00012
-0.00012
-0.00012
-0.00012
-0.00018
-0.00018
-0.00015
-0.00012
-0.00015
-0.00012
-0.00012
-0.00012
-0.00012
-0.00009
-0.00006
-0.00009
-0.00009
-0.00009
-0.00012
-0.00015
-0.00015
-0.00012
-0.00012
-0.00012
-0.00012
-0.00009
-0.00012
-0.00009
-0.00012
-0.00009
-0.00006
-0.00009
-0.00009
-0.00006
-0.00009
-0.00012
-0.00015
-0.00012
-0.00009
-0.00009
-0.00009
-0.00006
-0.00003
-0.00006
-0.00006
-0.00006
-0.00009
-0.00012
-0.00006
-0.00003
-0.00009
-0.00012
-0.00012
-0.00009
-0.00006
-0.00006
-0.00006
0.00000
-0.00003
-0.00003
-0.00009
0.00000
-0.00034
0.00024
-0.00052
0.00067
-0.00128
0.00159
-0.00232
0.00000
-0.06439
-0.12119
-0.03607
0.02435
0.04791
0.05872
0.04691
0.04080
0.04587
0.00961
-0.02716
-0.03143
-0.02161
-0.01239
0.01297
0.01593
-0.00797
-0.00235
0.00546
-0.00201
0.00983
0.00757
-0.00406
-0.00064
0.00598
0.00159
0.00305
0.00772
0.00171
-0.00293
-0.00171
-0.00623
-0.00739
0.00012
0.00443
0.00220
0.00397
0.00601
0.00278
0.00278
0.00534
0.00171
-0.00076
-0.00143
-0.00250
-0.00244
0.00122
0.00003
-0.00253
-0.00146
0.00137
0.00226
0.00327
0.00424
0.00342
0.00110
0.00043
0.00024
0.00003
-0.00110
-0.00131
-0.00116
-0.00211
-0.00186
-0.00192
-0.00070
0.00122
0.00116
0.00299
0.00394
0.00366
0.00235
0.00067
-0.00049
-0.00131
-0.00204
-0.00229
-0.00241
-0.00089
-0.00018
-0.00012
0.00009
-0.00070
-0.00125
-0.00085
-0.00015
-0.00009
-0.00024
-0.00040
-0.00089
-0.00134
-0.00150
-0.00171
-0.00214
-0.00287
-0.00278
-0.00201
-0.00101
0.00000
0.00031
0.00079
0.00070
0.00110
0.00244
0.00223
0.00058
0.00040
0.00192
0.00110
0.00110
0.00137
0.00012
-0.00031
-0.00171
-0.00272
-0.00256
-0.00266
-0.00241
-0.00180
-0.00073
-0.00006
0.00009
0.00061
0.00049
0.00061
0.00067
0.00006
-0.00006
-0.00052
-0.00116
-0.00116
-0.00110
-0.00153
-0.00189
-0.00150
-0.00143
-0.00156
-0.00107
-0.00034
0.00024
0.00070
0.00064
0.00037
0.00058
0.00079
0.00079
0.00082
0.00024
-0.00058
-0.00110
-0.00095
-0.00082
-0.00098
-0.00073
-0.00018
0.00000
0.00015
0.00040
0.00040
0.00021
0.00015
0.00024
0.00024
0.00021
-0.00006
-0.00018
-0.00009
-0.00015
-0.00003
-0.00021
-0.00064
-0.00082
-0.00061
0.00000
0.00000
0.00000
0.00000
0.00000
0.00000
0.00000
0.00000
0.00000
0.00000
0.00000
0.00000
0.00000
0.00000
0.00000
0.00000
0.00000
0.00000
0.00000
0.00000
0.00000
0.00000
0.00000
0.00000
0.00000
0.00000
0.00000
0.00000
0.00000
0.00000
0.00000
0.00000
0.00000
0.00000
0.00000
0.00000
0.00000
0.00000
0.00000
0.00000
0.00000
0.00000
0.00000
0.00000
0.00000
0.00000
0.00000
0.00000
0.00000
0.00000
0.00000
0.00000
0.00000
0.00000
0.00000
0.00000
0.00000
0.00000
0.00000
0.00000
0.00000
0.00000
0.00000
0.00000
0.00000
0.00000
0.00000
0.00000
0.00000
0.00000
0.00000
0.00000
0.00000
0.00000
0.00000
0.00000
0.00000
0.00000
0.00000
0.00000
0.00000
0.00000
0.00000
0.00000
0.00000
0.00000
0.00000
0.00000
0.00000
0.00000
0.00000
0.00000
0.00000
0.00000
0.00000
0.00000
0.00000
0.00000
0.00000
0.00000
0.00000
0.00000
0.00000
0.00000
0.00000
0.00000
0.00000
0.00000
0.00000
0.00000
0.00000
0.00000
0.00000
0.00000
0.00000
0.00000
0.00000
0.00000
0.00000
0.00000
0.00000
0.00000
0.00000
0.00000
0.00000
0.00000
0.00000
0.00000
0.00000
0.00000
0.00000
0.00000
0.00000
0.00000
0.00000
0.00000
0.00000
0.00000
0.00000
0.00000
0.00000
0.00000
0.00000
0.00000
0.00000
0.00000
0.00000
0.00000
0.00000
0.00000
