-0.00003
-0.00003
-0.00003
-0.00003
-0.00006
-0.00006
-0.00006
-0.00006
-0.00009
-0.00006
-0.00006
-0.00006
-0.00006
-0.00006
-0.00003
-0.00003
-0.00003
-0.00003
0.00000
0.00000
0.00000
-0.00003
-0.00009
-0.00009
-0.00009
-0.00009
-0.00009
-0.00009
-0.00003
-0.00003
-0.00003
0.00000
0.00000
-0.00006
-0.00012
-0.00003
-0.00012
-0.00009
-0.00003
-0.00003
-0.00003
-0.00003
-0.00006
-0.00009
-0.00006
-0.00006
-0.00006
-0.00006
-0.00006
-0.00006
-0.00006
-0.00006
-0.00009
-0.00006
0.00000
-0.00003
-0.00006
-0.00006
-0.00006
-0.00006
-0.00006
-0.00006
0.00000
-0.00003
-0.00012
-0.00003
0.00000
-0.00006
-0.00009
-0.00009
-0.00006
-0.00006
-0.00006
-0.00006
-0.00009
-0.00012
-0.00006
-0.00006
-0.00006
-0.00006
0.00000
-0.00003
-0.00003
-0.00006
-0.00012
-0.00009
-0.00009
-0.00009
-0.00006
-0.00003
0.00000
-0.00003
-0.00003
-0.00003
-0.00009
-0.00012
-0.00012
-0.00009
-0.00006
-0.00009
-0.00006
-0.00003
-0.00006
-0.00009
-0.00009
-0.00006
-0.00003
-0.00009
-0.00009
-0.00006
-0.00009
-0.00009
-0.00006
-0.00006
-0.00003
-0.00003
0.00000
0.00000
-0.00003
-0.00006
-0.00009
-0.00006
-0.00009
-0.00009
-0.00006
-0.00003
-0.00003
-0.00003
0.00000
-0.00003
-0.00006
-0.00006
-0.00006
-0.00012
-0.00006
-0.00006
-0.00006
-0.00003
0.00000
-0.00006
-0.00009
-0.00006
-0.00006
-0.00009
-0.00006
0.00000
0.00000
-0.00003
0.00000
-0.00003
-0.00009
-0.00012
-0.00009
-0.00006
-0.00006
-0.00006
-0.00006
0.00000
0.00000
0.00000
0.00000
-0.00003
-0.00006
-0.00006
-0.00003
-0.00003
-0.00006
-0.00006
-0.00006
-0.00003
-0.00006
-0.00009
-0.00003
0.00000
0.00000
0.00000
-0.00003
-0.00003
-0.00006
-0.00003
-0.00009
0.00000
-0.00021
0.00012
-0.00018
0.00000
-0.00018
0.00000
0.00021
-0.00046
-0.01721
-0.10037
-0.08118
0.00095
0.02994
0.04868
0.04953
0.03757
0.04529
0.03217
-0.01099
-0.02802
-0.02097
-0.01633
-0.00375
0.01663
0.00153
-0.00644
0.00449
-0.00046
0.00293
0.01315
0.00168
-0.00330
0.00449
0.00497
-0.00125
0.00415
0.00159
-0.00403
0.00018
-0.00201
-0.00555
-0.00150
0.00339
0.00320
0.00299
0.00372
0.00339
0.00327
0.00433
0.00302
-0.00027
-0.00186
-0.00241
-0.00293
-0.00082
0.00092
-0.00061
-0.00186
0.00021
0.00281
0.00287
0.00342
0.00372
0.00186
0.00070
0.00076
-0.00018
-0.00110
-0.00131
-0.00101
-0.00122
-0.00122
-0.00165
-0.00195
-0.00040
0.00125
0.00150
0.00327
0.00372
0.00250
0.00137
0.00070
-0.00067
-0.00180
-0.00217
-0.00256
-0.00204
-0.00076
0.00000
0.00037
0.00031
-0.00037
-0.00134
-0.00116
-0.00049
-0.00079
-0.00076
-0.00076
-0.00140
-0.00153
-0.00159
-0.00186
-0.00317
-0.00287
-0.00208
-0.00107
-0.00006
0.00043
0.00024
0.00055
0.00186
0.00247
0.00150
0.00046
0.00064
0.00058
0.00092
0.00186
0.00049
-0.00034
-0.00070
-0.00211
-0.00238
-0.00281
-0.00284
-0.00198
-0.00134
-0.00052
-0.00021
-0.00003
-0.00018
-0.00034
0.00027
0.00000
-0.00006
0.00015
-0.00046
-0.00095
-0.00104
-0.00134
-0.00177
-0.00189
-0.00183
-0.00162
-0.00119
-0.00110
-0.00098
-0.00024
0.00012
-0.00003
-0.00003
0.00037
0.00052
0.00067
0.00076
0.00034
-0.00027
-0.00073
-0.00107
-0.00104
-0.00101
-0.00095
-0.00070
-0.00024
0.00003
-0.00012
-0.00003
0.00012
0.00009
0.00015
0.00009
-0.00006
-0.00034
-0.00043
-0.00021
-0.00021
-0.00031
-0.00067
-0.00095
-0.00076
-0.00046
-0.00003
0.00000
0.00000
0.00000
0.00000
0.00000
0.00000
0.00000
0.00000
0.00000
0.00000
0.00000
0.00000
0.00000
0.00000
0.00000
0.00000
0.00000
0.00000
0.00000
0.00000
0.00000
0.00000
0.00000
0.00000
0.00000
0.00000
0.00000
0.00000
0.00000
0.00000
0.00000
0.00000
0.00000
0.00000
0.00000
0.00000
0.00000
0.00000
0.00000
0.00000
0.00000
0.00000
0.00000
0.00000
0.00000
0.00000
0.00000
0.00000
0.00000
0.00000
0.00000
0.00000
0.00000
0.00000
0.00000
0.00000
0.00000
0.00000
0.00000
0.00000
0.00000
0.00000
0.00000
0.00000
0.00000
0.00000
0.00000
0.00000
0.00000
0.00000
0.00000
0.00000
0.00000
0.00000
0.00000
0.00000
0.00000
0.00000
0.00000
0.00000
0.00000
0.00000
0.00000
0.00000
0.00000
0.00000
0.00000
0.00000
0.00000
0.00000
0.00000
0.00000
0.00000
0.00000
0.00000
0.00000
0.00000
0.00000
0.00000
0.00000
0.00000
0.00000
0.00000
0.00000
0.00000
0.00000
0.00000
0.00000
0.00000
0.00000
0.00000
0.00000
0.00000
0.00000
0.00000
0.00000
0.00000
0.00000
0.00000
0.00000
0.00000
0.00000
0.00000
0.00000
0.00000
0.00000
0.00000
0.00000
0.00000
0.00000
0.00000
0.00000
0.00000
0.00000
0.00000
0.00000
0.00000
0.00000
0.00000
0.00000
0.00000
0.00000
0.00000
0.00000
0.00000
0.00000
0.00000
0.00000
