-0.00021
-0.00021
-0.00015
-0.00018
-0.00027
-0.00024
-0.00021
-0.00021
-0.00015
-0.00012
-0.00018
-0.00018
-0.00018
-0.00018
-0.00024
-0.00024
-0.00024
-0.00024
-0.00015
-0.00012
-0.00018
-0.00015
-0.00012
-0.00021
-0.00021
-0.00021
-0.00021
-0.00018
-0.00012
-0.00015
-0.00018
-0.00015
-0.00018
-0.00018
-0.00024
-0.00015
-0.00018
-0.00018
-0.00012
-0.00015
-0.00015
-0.00015
-0.00015
-0.00018
-0.00018
-0.00018
-0.00015
-0.00015
-0.00015
-0.00015
-0.00018
-0.00018
-0.00018
-0.00018
-0.00015
-0.00015
-0.00015
-0.00018
-0.00018
-0.00018
-0.00021
-0.00012
-0.00009
-0.00031
-0.00012
-0.00009
-0.00015
-0.00015
-0.00018
-0.00018
-0.00018
-0.00015
-0.00018
-0.00018
-0.00015
-0.00015
-0.00015
-0.00015
-0.00015
-0.00012
-0.00012
-0.00012
-0.00015
-0.00024
-0.00021
-0.00012
-0.00012
-0.00018
-0.00015
-0.00012
-0.00012
-0.00006
-0.00009
-0.00018
-0.00018
-0.00015
-0.00012
-0.00009
-0.00012
-0.00012
-0.00003
-0.00006
-0.00015
-0.00015
-0.00012
-0.00012
-0.00012
-0.00009
-0.00012
-0.00018
-0.00015
-0.00009
-0.00015
-0.00012
-0.00006
-0.00003
-0.00006
0.00000
-0.00003
-0.00009
-0.00015
-0.00015
-0.00018
-0.00015
-0.00009
-0.00006
-0.00006
-0.00003
0.00000
-0.00006
-0.00009
-0.00009
-0.00009
-0.00012
-0.00012
-0.00009
-0.00003
-0.00006
-0.00006
-0.00006
-0.00006
-0.00006
-0.00009
-0.00006
-0.00003
0.00000
-0.00003
-0.00003
-0.00012
-0.00009
-0.00012
-0.00015
-0.00009
-0.00006
-0.00009
-0.00012
-0.00003
0.00000
0.00000
0.00000
0.00003
0.00003
-0.00006
-0.00009
-0.00009
-0.00009
-0.00009
-0.00003
0.00003
-0.00006
-0.00009
-0.00006
-0.00006
-0.00003
0.00000
-0.00003
0.00000
0.00000
0.00003
-0.00009
0.00000
-0.00021
0.00000
-0.00009
-0.00018
0.00037
-0.00107
0.00150
-0.00217
-0.01282
-0.13135
-0.11368
-0.00070
0.05908
0.09888
0.06454
0.05417
0.03314
0.03241
-0.02740
-0.05380
-0.03333
-0.01849
0.00620
0.02646
0.00253
-0.01273
-0.00235
0.00082
0.00836
0.02274
0.00552
-0.01056
0.00299
0.00345
-0.00058
0.00690
0.00461
-0.00266
0.00177
-0.00241
-0.00800
-0.00449
0.00156
0.00031
0.00186
0.00504
0.00436
0.00455
0.00418
0.00348
0.00055
-0.00220
-0.00290
-0.00241
-0.00079
0.00208
-0.00018
-0.00168
-0.00055
0.00375
0.00314
0.00342
0.00430
0.00146
-0.00027
0.00012
0.00015
-0.00055
-0.00156
-0.00101
-0.00174
-0.00092
-0.00232
-0.00348
-0.00146
0.00201
0.00394
0.00381
0.00534
0.00385
0.00031
-0.00015
-0.00143
-0.00293
-0.00302
-0.00244
-0.00089
0.00043
0.00113
0.00024
-0.00125
-0.00134
-0.00232
-0.00150
0.00031
0.00076
0.00000
-0.00021
-0.00073
-0.00146
-0.00174
-0.00171
-0.00287
-0.00317
-0.00250
-0.00171
-0.00073
0.00049
0.00134
0.00089
0.00064
0.00119
0.00174
0.00119
0.00070
0.00000
0.00162
0.00256
0.00128
-0.00055
-0.00037
-0.00006
-0.00180
-0.00226
-0.00244
-0.00281
-0.00177
-0.00125
-0.00128
-0.00058
0.00034
0.00076
0.00107
0.00131
0.00076
0.00012
-0.00052
-0.00134
-0.00174
-0.00146
-0.00140
-0.00153
-0.00150
-0.00146
-0.00146
-0.00134
-0.00089
-0.00006
0.00061
0.00085
0.00052
0.00067
0.00107
0.00119
0.00095
0.00058
-0.00006
-0.00098
-0.00137
-0.00119
-0.00110
-0.00098
-0.00079
-0.00034
0.00027
0.00055
0.00058
0.00061
0.00070
0.00064
0.00037
0.00024
0.00006
-0.00018
-0.00037
-0.00031
-0.00006
0.00000
0.00000
0.00000
0.00000
0.00000
0.00000
0.00000
0.00000
0.00000
0.00000
0.00000
0.00000
0.00000
0.00000
0.00000
0.00000
0.00000
0.00000
0.00000
0.00000
0.00000
0.00000
0.00000
0.00000
0.00000
0.00000
0.00000
0.00000
0.00000
0.00000
0.00000
0.00000
0.00000
0.00000
0.00000
0.00000
0.00000
0.00000
0.00000
0.00000
0.00000
0.00000
0.00000
0.00000
0.00000
0.00000
0.00000
0.00000
0.00000
0.00000
0.00000
0.00000
0.00000
0.00000
0.00000
0.00000
0.00000
0.00000
0.00000
0.00000
0.00000
0.00000
0.00000
0.00000
0.00000
0.00000
0.00000
0.00000
0.00000
0.00000
0.00000
0.00000
0.00000
0.00000
0.00000
0.00000
0.00000
0.00000
0.00000
0.00000
0.00000
0.00000
0.00000
0.00000
0.00000
0.00000
0.00000
0.00000
0.00000
0.00000
0.00000
0.00000
0.00000
0.00000
0.00000
0.00000
0.00000
0.00000
0.00000
0.00000
0.00000
0.00000
0.00000
0.00000
0.00000
0.00000
0.00000
0.00000
0.00000
0.00000
0.00000
0.00000
0.00000
0.00000
0.00000
0.00000
0.00000
0.00000
0.00000
0.00000
0.00000
0.00000
0.00000
0.00000
0.00000
0.00000
0.00000
0.00000
0.00000
0.00000
0.00000
0.00000
0.00000
0.00000
0.00000
0.00000
0.00000
0.00000
0.00000
0.00000
0.00000
0.00000
0.00000
0.00000
0.00000
0.00000
0.00000
0.00000
0.00000
0.00000
0.00000
0.00000
0.00000
0.00000
