-0.00024
-0.00027
-0.00031
-0.00027
-0.00031
-0.00031
-0.00027
-0.00027
-0.00027
-0.00027
-0.00027
-0.00031
-0.00027
-0.00027
-0.00027
-0.00031
-0.00027
-0.00031
-0.00034
-0.00031
-0.00027
-0.00027
-0.00031
-0.00027
-0.00024
-0.00031
-0.00034
-0.00031
-0.00031
-0.00034
-0.00031
-0.00034
-0.00034
-0.00034
-0.00043
-0.00024
-0.00031
-0.00034
-0.00031
-0.00031
-0.00031
-0.00037
-0.00037
-0.00037
-0.00037
-0.00037
-0.00034
-0.00034
-0.00034
-0.00037
-0.00040
-0.00037
-0.00037
-0.00040
-0.00037
-0.00034
-0.00034
-0.00037
-0.00037
-0.00037
-0.00037
-0.00037
-0.00037
-0.00040
-0.00043
-0.00040
-0.00040
-0.00040
-0.00040
-0.00034
-0.00034
-0.00040
-0.00040
-0.00040
-0.00043
-0.00040
-0.00040
-0.00040
-0.00040
-0.00040
-0.00040
-0.00040
-0.00040
-0.00040
-0.00040
-0.00040
-0.00040
-0.00043
-0.00040
-0.00037
-0.00043
-0.00046
-0.00043
-0.00040
-0.00046
-0.00046
-0.00043
-0.00046
-0.00043
-0.00037
-0.00040
-0.00043
-0.00043
-0.00043
-0.00043
-0.00040
-0.00046
-0.00046
-0.00040
-0.00043
-0.00043
-0.00040
-0.00040
-0.00040
-0.00037
-0.00040
-0.00040
-0.00043
-0.00043
-0.00040
-0.00043
-0.00046
-0.00043
-0.00040
-0.00043
-0.00043
-0.00043
-0.00043
-0.00046
-0.00043
-0.00040
-0.00040
-0.00043
-0.00040
-0.00040
-0.00040
-0.00043
-0.00043
-0.00040
-0.00040
-0.00043
-0.00040
-0.00040
-0.00043
-0.00043
-0.00040
-0.00040
-0.00040
-0.00043
-0.00040
-0.00040
-0.00043
-0.00043
-0.00037
-0.00040
-0.00040
-0.00043
-0.00040
-0.00040
-0.00040
-0.00040
-0.00040
-0.00043
-0.00043
-0.00040
-0.00037
-0.00040
-0.00037
-0.00037
-0.00037
-0.00040
-0.00040
-0.00040
-0.00040
-0.00043
-0.00040
-0.00037
-0.00037
-0.00040
-0.00040
-0.00037
-0.00037
-0.00034
-0.00034
-0.00037
-0.00040
-0.00037
-0.00034
-0.00034
-0.00046
-0.00049
-0.00043
-0.00058
-0.00012
-0.00055
0.00049
-0.00082
-0.00366
-0.04028
-0.05902
-0.02298
0.00183
0.02252
0.03049
0.02505
0.02203
0.01950
0.00668
-0.00861
-0.01147
-0.01208
-0.00864
0.00510
0.00635
-0.00125
-0.00046
0.00000
0.00037
0.00769
0.00516
-0.00119
0.00049
0.00220
0.00006
0.00146
0.00266
-0.00073
-0.00116
-0.00046
-0.00308
-0.00293
-0.00052
0.00058
0.00140
0.00275
0.00357
0.00385
0.00336
0.00220
0.00027
-0.00137
-0.00146
-0.00082
0.00027
0.00177
0.00131
-0.00015
-0.00049
0.00049
0.00098
0.00125
0.00177
0.00107
0.00031
0.00052
0.00052
0.00046
0.00003
-0.00027
-0.00055
-0.00055
-0.00052
-0.00073
-0.00037
0.00024
0.00024
0.00000
-0.00037
-0.00064
-0.00079
-0.00021
0.00076
0.00113
0.00095
0.00043
0.00000
-0.00043
-0.00110
-0.00140
-0.00159
-0.00131
-0.00107
-0.00073
-0.00012
0.00000
0.00000
0.00000
0.00000
0.00000
0.00000
0.00000
0.00000
0.00000
0.00000
0.00000
0.00000
0.00000
0.00000
0.00000
0.00000
0.00000
0.00000
0.00000
0.00000
0.00000
0.00000
0.00000
0.00000
0.00000
0.00000
0.00000
0.00000
0.00000
0.00000
0.00000
0.00000
0.00000
0.00000
0.00000
0.00000
0.00000
0.00000
0.00000
0.00000
0.00000
0.00000
0.00000
0.00000
0.00000
0.00000
0.00000
0.00000
0.00000
0.00000
0.00000
0.00000
0.00000
0.00000
0.00000
0.00000
0.00000
0.00000
0.00000
0.00000
0.00000
0.00000
0.00000
0.00000
0.00000
0.00000
0.00000
0.00000
0.00000
0.00000
0.00000
0.00000
0.00000
0.00000
0.00000
0.00000
0.00000
0.00000
0.00000
0.00000
0.00000
0.00000
0.00000
0.00000
0.00000
0.00000
0.00000
0.00000
0.00000
0.00000
0.00000
0.00000
0.00000
0.00000
0.00000
0.00000
0.00000
0.00000
0.00000
0.00000
0.00000
0.00000
0.00000
0.00000
0.00000
0.00000
0.00000
0.00000
0.00000
0.00000
0.00000
0.00000
0.00000
0.00000
0.00000
0.00000
0.00000
0.00000
0.00000
0.00000
0.00000
0.00000
0.00000
0.00000
0.00000
0.00000
0.00000
0.00000
0.00000
0.00000
0.00000
0.00000
0.00000
0.00000
0.00000
0.00000
0.00000
0.00000
0.00000
0.00000
0.00000
0.00000
0.00000
0.00000
0.00000
0.00000
0.00000
0.00000
0.00000
0.00000
0.00000
0.00000
0.00000
0.00000
0.00000
0.00000
0.00000
0.00000
0.00000
0.00000
0.00000
0.00000
0.00000
0.00000
0.00000
0.00000
0.00000
0.00000
0.00000
0.00000
0.00000
0.00000
0.00000
0.00000
0.00000
0.00000
0.00000
0.00000
0.00000
0.00000
0.00000
0.00000
0.00000
0.00000
0.00000
0.00000
0.00000
0.00000
0.00000
0.00000
0.00000
0.00000
0.00000
0.00000
0.00000
0.00000
0.00000
0.00000
0.00000
0.00000
0.00000
0.00000
0.00000
0.00000
0.00000
0.00000
0.00000
0.00000
0.00000
0.00000
0.00000
0.00000
0.00000
0.00000
0.00000
0.00000
0.00000
0.00000
0.00000
0.00000
0.00000
0.00000
0.00000
0.00000
0.00000
0.00000
0.00000
0.00000
