-0.00037
-0.00027
-0.00024
-0.00027
-0.00024
-0.00021
-0.00024
-0.00024
-0.00021
-0.00024
-0.00024
-0.00027
-0.00027
-0.00024
-0.00021
-0.00027
-0.00024
-0.00021
-0.00034
-0.00037
-0.00034
-0.00031
-0.00034
-0.00027
-0.00024
-0.00027
-0.00031
-0.00031
-0.00027
-0.00027
-0.00027
-0.00027
-0.00024
-0.00027
-0.00040
-0.00018
-0.00027
-0.00031
-0.00031
-0.00031
-0.00027
-0.00034
-0.00031
-0.00027
-0.00027
-0.00024
-0.00021
-0.00021
-0.00031
-0.00034
-0.00037
-0.00034
-0.00037
-0.00037
-0.00027
-0.00027
-0.00027
-0.00021
-0.00021
-0.00024
-0.00027
-0.00024
-0.00027
-0.00034
-0.00034
-0.00034
-0.00031
-0.00031
-0.00027
-0.00027
-0.00024
-0.00034
-0.00034
-0.00027
-0.00031
-0.00027
-0.00027
-0.00027
-0.00024
-0.00031
-0.00031
-0.00031
-0.00027
-0.00034
-0.00027
-0.00024
-0.00027
-0.00027
-0.00024
-0.00027
-0.00031
-0.00031
-0.00027
-0.00024
-0.00027
-0.00027
-0.00024
-0.00031
-0.00037
-0.00034
-0.00031
-0.00031
-0.00031
-0.00024
-0.00021
-0.00021
-0.00024
-0.00027
-0.00024
-0.00031
-0.00034
-0.00034
-0.00031
-0.00027
-0.00024
-0.00021
-0.00024
-0.00027
-0.00031
-0.00027
-0.00027
-0.00027
-0.00021
-0.00021
-0.00024
-0.00024
-0.00027
-0.00034
-0.00037
-0.00034
-0.00031
-0.00031
-0.00027
-0.00024
-0.00021
-0.00024
-0.00024
-0.00024
-0.00024
-0.00024
-0.00027
-0.00027
-0.00027
-0.00031
-0.00027
-0.00031
-0.00031
-0.00027
-0.00024
-0.00021
-0.00021
-0.00024
-0.00024
-0.00027
-0.00031
-0.00031
-0.00027
-0.00027
-0.00034
-0.00031
-0.00027
-0.00031
-0.00027
-0.00021
-0.00021
-0.00024
-0.00024
-0.00024
-0.00024
-0.00024
-0.00027
-0.00031
-0.00031
-0.00031
-0.00031
-0.00031
-0.00027
-0.00024
-0.00027
-0.00027
-0.00024
-0.00024
-0.00024
-0.00024
-0.00027
-0.00027
-0.00027
-0.00024
-0.00031
-0.00034
-0.00052
-0.00034
-0.00049
-0.00009
-0.00043
0.00049
-0.00076
-0.00208
-0.03259
-0.06125
-0.02945
0.00247
0.02405
0.02979
0.02298
0.02020
0.01953
0.00925
-0.00909
-0.01331
-0.01108
-0.00784
0.00446
0.00769
-0.00034
-0.00092
0.00092
0.00031
0.00604
0.00540
-0.00119
0.00052
0.00354
0.00128
0.00070
0.00226
-0.00052
-0.00198
-0.00098
-0.00275
-0.00281
-0.00009
0.00146
0.00256
0.00403
0.00391
0.00320
0.00253
0.00122
-0.00049
-0.00150
-0.00104
-0.00024
0.00027
0.00153
0.00153
0.00067
0.00003
0.00058
0.00107
0.00104
0.00131
0.00095
0.00067
0.00070
0.00067
0.00043
0.00000
-0.00031
-0.00055
-0.00058
-0.00021
-0.00021
-0.00021
0.00024
0.00021
0.00015
-0.00012
-0.00043
-0.00085
-0.00064
0.00037
0.00073
0.00076
0.00055
0.00012
-0.00015
-0.00055
-0.00095
-0.00134
-0.00131
-0.00101
-0.00076
-0.00015
-0.00012
0.00000
0.00000
0.00000
0.00000
0.00000
0.00000
0.00000
0.00000
0.00000
0.00000
0.00000
0.00000
0.00000
0.00000
0.00000
0.00000
0.00000
0.00000
0.00000
0.00000
0.00000
0.00000
0.00000
0.00000
0.00000
0.00000
0.00000
0.00000
0.00000
0.00000
0.00000
0.00000
0.00000
0.00000
0.00000
0.00000
0.00000
0.00000
0.00000
0.00000
0.00000
0.00000
0.00000
0.00000
0.00000
0.00000
0.00000
0.00000
0.00000
0.00000
0.00000
0.00000
0.00000
0.00000
0.00000
0.00000
0.00000
0.00000
0.00000
0.00000
0.00000
0.00000
0.00000
0.00000
0.00000
0.00000
0.00000
0.00000
0.00000
0.00000
0.00000
0.00000
0.00000
0.00000
0.00000
0.00000
0.00000
0.00000
0.00000
0.00000
0.00000
0.00000
0.00000
0.00000
0.00000
0.00000
0.00000
0.00000
0.00000
0.00000
0.00000
0.00000
0.00000
0.00000
0.00000
0.00000
0.00000
0.00000
0.00000
0.00000
0.00000
0.00000
0.00000
0.00000
0.00000
0.00000
0.00000
0.00000
0.00000
0.00000
0.00000
0.00000
0.00000
0.00000
0.00000
0.00000
0.00000
0.00000
0.00000
0.00000
0.00000
0.00000
0.00000
0.00000
0.00000
0.00000
0.00000
0.00000
0.00000
0.00000
0.00000
0.00000
0.00000
0.00000
0.00000
0.00000
0.00000
0.00000
0.00000
0.00000
0.00000
0.00000
0.00000
0.00000
0.00000
0.00000
0.00000
0.00000
0.00000
0.00000
0.00000
0.00000
0.00000
0.00000
0.00000
0.00000
0.00000
0.00000
0.00000
0.00000
0.00000
0.00000
0.00000
0.00000
0.00000
0.00000
0.00000
0.00000
0.00000
0.00000
0.00000
0.00000
0.00000
0.00000
0.00000
0.00000
0.00000
0.00000
0.00000
0.00000
0.00000
0.00000
0.00000
0.00000
0.00000
0.00000
0.00000
0.00000
0.00000
0.00000
0.00000
0.00000
0.00000
0.00000
0.00000
0.00000
0.00000
0.00000
0.00000
0.00000
0.00000
0.00000
0.00000
0.00000
0.00000
0.00000
0.00000
0.00000
0.00000
0.00000
0.00000
0.00000
0.00000
0.00000
0.00000
0.00000
0.00000
0.00000
0.00000
0.00000
0.00000
0.00000
0.00000
0.00000
0.00000
0.00000
0.00000
