-0.00009
-0.00003
-0.00003
-0.00012
-0.00021
-0.00024
-0.00034
-0.00040
-0.00034
-0.00031
-0.00027
-0.00018
-0.00012
-0.00015
-0.00018
-0.00018
-0.00018
-0.00018
-0.00015
-0.00015
-0.00024
-0.00021
-0.00018
-0.00018
-0.00018
-0.00015
-0.00009
-0.00009
-0.00012
-0.00021
-0.00021
-0.00021
-0.00024
-0.00024
-0.00031
-0.00015
-0.00012
-0.00006
-0.00006
-0.00015
-0.00015
-0.00024
-0.00021
-0.00021
-0.00018
-0.00018
-0.00018
-0.00015
-0.00012
-0.00015
-0.00018
-0.00018
-0.00021
-0.00021
-0.00018
-0.00018
-0.00018
-0.00015
-0.00012
-0.00012
-0.00018
-0.00009
-0.00012
-0.00031
-0.00015
-0.00018
-0.00012
-0.00015
-0.00015
-0.00012
-0.00015
-0.00012
-0.00015
-0.00012
-0.00009
-0.00003
-0.00003
-0.00003
-0.00003
-0.00015
-0.00021
-0.00015
-0.00015
-0.00018
-0.00006
0.00000
-0.00009
-0.00015
-0.00012
-0.00012
-0.00015
-0.00003
-0.00006
-0.00012
-0.00012
-0.00012
-0.00015
-0.00018
-0.00015
-0.00009
-0.00003
0.00000
-0.00006
-0.00009
-0.00006
-0.00006
-0.00009
-0.00009
0.00000
-0.00009
-0.00012
-0.00003
-0.00012
-0.00018
-0.00009
-0.00006
-0.00009
-0.00003
0.00000
-0.00006
-0.00006
-0.00009
-0.00012
-0.00009
-0.00003
0.00000
0.00000
0.00000
-0.00009
-0.00012
-0.00009
-0.00006
-0.00006
0.00000
0.00000
0.00000
0.00000
-0.00003
-0.00006
-0.00006
-0.00003
-0.00003
0.00000
-0.00006
-0.00009
-0.00009
-0.00006
-0.00003
-0.00003
0.00000
-0.00006
-0.00006
-0.00006
-0.00012
-0.00009
-0.00006
-0.00003
0.00000
0.00000
0.00000
-0.00003
0.00000
-0.00003
-0.00006
-0.00006
-0.00003
-0.00009
-0.00009
-0.00003
-0.00009
-0.00006
-0.00003
-0.00006
-0.00006
-0.00009
-0.00009
-0.00003
0.00000
0.00012
0.00000
0.00012
-0.00031
0.00018
-0.00049
0.00018
-0.00040
0.00000
0.00009
-0.00015
-0.02798
-0.14825
-0.09192
0.01459
0.06921
0.09497
0.06174
0.05142
0.03381
0.02576
-0.03757
-0.05130
-0.03000
-0.01578
0.01147
0.02737
-0.00275
-0.01245
-0.00137
0.00034
0.01056
0.02182
0.00101
-0.00790
0.00552
0.00223
-0.00052
0.00842
0.00327
-0.00317
0.00180
-0.00363
-0.00830
-0.00375
0.00198
0.00043
0.00281
0.00494
0.00446
0.00430
0.00433
0.00308
0.00000
-0.00235
-0.00275
-0.00266
-0.00031
0.00214
-0.00061
-0.00192
0.00012
0.00406
0.00290
0.00385
0.00421
0.00076
-0.00049
0.00009
0.00006
-0.00076
-0.00134
-0.00110
-0.00174
-0.00116
-0.00287
-0.00327
-0.00052
0.00269
0.00342
0.00421
0.00555
0.00308
-0.00009
-0.00040
-0.00177
-0.00299
-0.00266
-0.00195
-0.00040
0.00052
0.00073
-0.00027
-0.00156
-0.00168
-0.00256
-0.00101
0.00085
0.00070
0.00000
-0.00024
-0.00079
-0.00153
-0.00195
-0.00195
-0.00327
-0.00317
-0.00241
-0.00153
-0.00043
0.00070
0.00146
0.00085
0.00040
0.00098
0.00162
0.00104
0.00046
0.00003
0.00189
0.00244
0.00113
-0.00058
-0.00024
-0.00021
-0.00211
-0.00229
-0.00253
-0.00284
-0.00174
-0.00137
-0.00137
-0.00058
0.00027
0.00055
0.00101
0.00125
0.00061
-0.00006
-0.00064
-0.00159
-0.00192
-0.00143
-0.00140
-0.00162
-0.00156
-0.00156
-0.00162
-0.00150
-0.00101
-0.00015
0.00061
0.00079
0.00049
0.00064
0.00104
0.00104
0.00076
0.00043
-0.00037
-0.00137
-0.00165
-0.00143
-0.00134
-0.00116
-0.00092
-0.00037
0.00021
0.00043
0.00043
0.00040
0.00043
0.00034
0.00021
0.00018
-0.00009
-0.00046
-0.00067
-0.00064
-0.00037
-0.00021
-0.00024
-0.00052
-0.00085
-0.00073
-0.00012
0.00031
0.00040
0.00061
0.00064
0.00055
0.00034
0.00006
-0.00021
-0.00046
-0.00037
-0.00012
0.00021
0.00021
0.00009
0.00000
0.00000
0.00000
0.00000
0.00000
0.00000
0.00000
0.00000
0.00000
0.00000
0.00000
0.00000
0.00000
0.00000
0.00000
0.00000
0.00000
0.00000
0.00000
0.00000
0.00000
0.00000
0.00000
0.00000
0.00000
0.00000
0.00000
0.00000
0.00000
0.00000
0.00000
0.00000
0.00000
0.00000
0.00000
0.00000
0.00000
0.00000
0.00000
0.00000
0.00000
0.00000
0.00000
0.00000
0.00000
0.00000
0.00000
0.00000
0.00000
0.00000
0.00000
0.00000
0.00000
0.00000
0.00000
0.00000
0.00000
0.00000
0.00000
0.00000
0.00000
0.00000
0.00000
0.00000
0.00000
0.00000
0.00000
0.00000
0.00000
0.00000
0.00000
0.00000
0.00000
0.00000
0.00000
0.00000
0.00000
0.00000
0.00000
0.00000
0.00000
0.00000
0.00000
0.00000
0.00000
0.00000
0.00000
0.00000
0.00000
0.00000
0.00000
0.00000
0.00000
0.00000
0.00000
0.00000
0.00000
0.00000
0.00000
0.00000
0.00000
0.00000
0.00000
0.00000
0.00000
0.00000
0.00000
0.00000
0.00000
0.00000
0.00000
0.00000
0.00000
0.00000
0.00000
0.00000
0.00000
0.00000
0.00000
0.00000
0.00000
0.00000
0.00000
0.00000
0.00000
0.00000
0.00000
0.00000
0.00000
0.00000
0.00000
0.00000
0.00000
0.00000
