-0.00024
-0.00024
-0.00027
-0.00027
-0.00027
-0.00027
-0.00021
-0.00018
-0.00021
-0.00024
-0.00024
-0.00031
-0.00031
-0.00024
-0.00027
-0.00027
-0.00021
-0.00021
-0.00021
-0.00024
-0.00024
-0.00024
-0.00024
-0.00024
-0.00024
-0.00027
-0.00027
-0.00027
-0.00024
-0.00024
-0.00021
-0.00024
-0.00021
-0.00018
-0.00034
-0.00018
-0.00024
-0.00024
-0.00024
-0.00027
-0.00024
-0.00027
-0.00024
-0.00021
-0.00021
-0.00024
-0.00027
-0.00027
-0.00024
-0.00024
-0.00024
-0.00021
-0.00018
-0.00027
-0.00027
-0.00024
-0.00024
-0.00027
-0.00024
-0.00021
-0.00021
-0.00021
-0.00018
-0.00021
-0.00021
-0.00021
-0.00018
-0.00021
-0.00027
-0.00021
-0.00024
-0.00024
-0.00021
-0.00024
-0.00021
-0.00018
-0.00021
-0.00015
-0.00012
-0.00018
-0.00021
-0.00018
-0.00018
-0.00021
-0.00018
-0.00018
-0.00018
-0.00021
-0.00021
-0.00018
-0.00018
-0.00018
-0.00018
-0.00012
-0.00015
-0.00018
-0.00018
-0.00015
-0.00018
-0.00021
-0.00015
-0.00012
-0.00015
-0.00018
-0.00015
-0.00012
-0.00015
-0.00015
-0.00015
-0.00015
-0.00015
-0.00015
-0.00012
-0.00012
-0.00015
-0.00015
-0.00012
-0.00012
-0.00015
-0.00015
-0.00012
-0.00009
-0.00012
-0.00012
-0.00012
-0.00012
-0.00015
-0.00018
-0.00015
-0.00012
-0.00015
-0.00012
-0.00012
-0.00012
-0.00012
-0.00009
-0.00009
-0.00009
-0.00012
-0.00015
-0.00012
-0.00015
-0.00015
-0.00012
-0.00009
-0.00009
-0.00012
-0.00009
-0.00009
-0.00012
-0.00009
-0.00009
-0.00009
-0.00009
-0.00006
-0.00009
-0.00012
-0.00012
-0.00012
-0.00012
-0.00009
-0.00009
-0.00009
-0.00006
-0.00003
-0.00006
-0.00006
-0.00006
-0.00006
-0.00009
-0.00012
-0.00012
-0.00009
-0.00006
-0.00009
-0.00009
-0.00009
-0.00006
-0.00003
-0.00003
-0.00006
-0.00006
-0.00009
-0.00006
-0.00012
0.00003
-0.00027
0.00012
-0.00049
0.00027
-0.00058
0.00058
-0.00082
0.00067
-0.02322
-0.07968
-0.04178
-0.00266
0.01236
0.03506
0.03458
0.03040
0.03482
0.01920
-0.00623
-0.01361
-0.01337
-0.01648
-0.00183
0.00949
-0.00143
0.00107
0.00479
-0.00247
0.00513
0.00903
-0.00043
0.00006
0.00443
-0.00116
-0.00134
0.00262
0.00012
-0.00076
0.00180
-0.00082
-0.00220
0.00049
0.00137
0.00195
0.00320
0.00314
0.00180
0.00015
0.00061
0.00000
-0.00140
-0.00137
0.00018
0.00040
0.00250
0.00388
0.00180
0.00006
0.00018
0.00021
0.00034
0.00159
0.00217
0.00113
0.00101
0.00076
0.00003
0.00003
-0.00003
-0.00031
-0.00009
0.00006
-0.00027
-0.00061
-0.00043
-0.00076
-0.00064
0.00000
0.00037
0.00098
0.00134
0.00171
0.00183
0.00128
0.00012
-0.00153
-0.00186
-0.00153
-0.00113
-0.00052
-0.00031
-0.00046
-0.00098
-0.00104
-0.00052
-0.00052
-0.00061
-0.00085
-0.00134
-0.00189
-0.00235
-0.00287
-0.00204
-0.00058
-0.00009
0.00064
0.00046
0.00049
0.00046
0.00070
-0.00003
-0.00058
0.00043
0.00122
0.00186
0.00150
0.00064
0.00027
-0.00092
-0.00162
-0.00214
-0.00293
-0.00256
-0.00168
-0.00101
-0.00037
-0.00006
-0.00037
-0.00046
-0.00024
-0.00043
-0.00064
-0.00027
-0.00040
-0.00073
-0.00052
-0.00073
-0.00101
-0.00110
-0.00125
-0.00159
-0.00174
-0.00137
-0.00116
-0.00092
-0.00070
-0.00064
-0.00061
-0.00031
-0.00003
-0.00006
0.00012
0.00009
0.00006
0.00021
0.00012
-0.00012
-0.00040
-0.00043
-0.00046
-0.00073
-0.00079
-0.00085
-0.00101
-0.00079
-0.00031
0.00003
0.00012
0.00018
0.00018
0.00003
0.00000
0.00000
0.00000
0.00000
0.00000
0.00000
0.00000
0.00000
0.00000
0.00000
0.00000
0.00000
0.00000
0.00000
0.00000
0.00000
0.00000
0.00000
0.00000
0.00000
0.00000
0.00000
0.00000
0.00000
0.00000
0.00000
0.00000
0.00000
0.00000
0.00000
0.00000
0.00000
0.00000
0.00000
0.00000
0.00000
0.00000
0.00000
0.00000
0.00000
0.00000
0.00000
0.00000
0.00000
0.00000
0.00000
0.00000
0.00000
0.00000
0.00000
0.00000
0.00000
0.00000
0.00000
0.00000
0.00000
0.00000
0.00000
0.00000
0.00000
0.00000
0.00000
0.00000
0.00000
0.00000
0.00000
0.00000
0.00000
0.00000
0.00000
0.00000
0.00000
0.00000
0.00000
0.00000
0.00000
0.00000
0.00000
0.00000
0.00000
0.00000
0.00000
0.00000
0.00000
0.00000
0.00000
0.00000
0.00000
0.00000
0.00000
0.00000
0.00000
0.00000
0.00000
0.00000
0.00000
0.00000
0.00000
0.00000
0.00000
0.00000
0.00000
0.00000
0.00000
0.00000
0.00000
0.00000
0.00000
0.00000
0.00000
0.00000
0.00000
0.00000
0.00000
0.00000
0.00000
0.00000
0.00000
0.00000
0.00000
0.00000
0.00000
0.00000
0.00000
0.00000
0.00000
0.00000
0.00000
0.00000
0.00000
0.00000
0.00000
0.00000
0.00000
0.00000
0.00000
0.00000
0.00000
0.00000
0.00000
0.00000
0.00000
0.00000
0.00000
0.00000
0.00000
0.00000
0.00000
0.00000
0.00000
0.00000
0.00000
0.00000
0.00000
0.00000
