-0.00009
-0.00012
-0.00009
-0.00012
-0.00009
-0.00009
-0.00009
-0.00009
-0.00009
-0.00012
-0.00012
-0.00009
-0.00009
-0.00012
-0.00009
-0.00009
-0.00012
-0.00009
-0.00006
-0.00003
-0.00003
-0.00006
-0.00006
-0.00006
-0.00009
-0.00012
-0.00009
-0.00006
-0.00009
-0.00012
-0.00006
-0.00006
-0.00003
-0.00003
-0.00012
0.00003
-0.00006
-0.00006
-0.00003
-0.00009
-0.00009
-0.00006
-0.00003
-0.00006
-0.00006
-0.00006
-0.00003
-0.00006
-0.00006
-0.00003
0.00000
-0.00003
-0.00003
-0.00003
-0.00003
-0.00003
-0.00006
-0.00006
0.00000
-0.00003
-0.00006
-0.00003
0.00000
-0.00003
-0.00003
0.00000
0.00000
-0.00003
-0.00012
-0.00006
-0.00009
-0.00003
-0.00003
-0.00003
0.00000
-0.00003
-0.00003
-0.00003
-0.00003
-0.00006
-0.00006
-0.00003
0.00000
-0.00003
0.00000
0.00000
0.00000
-0.00003
-0.00003
-0.00003
-0.00006
-0.00006
-0.00006
-0.00003
-0.00003
-0.00006
0.00000
0.00000
-0.00003
0.00000
0.00000
-0.00003
-0.00003
-0.00006
-0.00003
0.00000
0.00000
0.00000
0.00000
-0.00003
-0.00006
-0.00003
0.00000
-0.00003
-0.00006
0.00000
0.00000
0.00000
0.00000
0.00000
-0.00003
-0.00006
-0.00003
0.00000
-0.00003
0.00000
0.00000
0.00000
0.00000
-0.00003
0.00000
0.00000
0.00000
-0.00003
0.00000
0.00000
0.00000
-0.00003
0.00000
0.00000
0.00000
0.00000
0.00000
-0.00003
-0.00006
0.00000
0.00000
0.00000
0.00000
0.00000
0.00000
0.00000
0.00000
0.00000
0.00000
-0.00003
-0.00003
0.00000
0.00000
0.00000
-0.00003
0.00000
0.00000
0.00000
0.00000
0.00003
0.00000
0.00000
0.00000
0.00000
-0.00003
-0.00003
-0.00003
0.00000
0.00000
0.00000
0.00000
0.00000
0.00000
0.00000
0.00000
0.00000
0.00000
0.00003
-0.00003
0.00000
-0.00006
0.00000
-0.00012
-0.00015
0.00003
-0.00024
0.00092
-0.00073
-0.00348
-0.05161
-0.05966
-0.04010
0.00555
0.04688
0.04120
0.04019
0.02411
0.02414
-0.00369
-0.02393
-0.02026
-0.01230
-0.00223
0.00827
0.00494
0.00311
-0.00058
-0.00394
0.00220
0.00909
0.00580
-0.00229
0.00046
0.00232
0.00098
0.00330
0.00284
0.00064
0.00024
-0.00195
-0.00232
-0.00043
-0.00012
-0.00150
0.00116
0.00351
0.00336
0.00357
0.00388
0.00262
0.00058
-0.00024
-0.00085
-0.00037
-0.00012
0.00043
0.00037
0.00012
-0.00015
0.00113
0.00150
0.00226
0.00250
0.00235
0.00223
0.00131
0.00037
-0.00031
-0.00070
-0.00067
-0.00116
-0.00043
-0.00049
-0.00046
-0.00009
-0.00024
0.00021
-0.00009
0.00043
0.00146
0.00171
0.00226
0.00143
0.00104
0.00012
-0.00153
-0.00217
-0.00201
-0.00095
-0.00031
-0.00034
0.00043
-0.00031
-0.00073
-0.00076
-0.00055
-0.00015
-0.00052
-0.00076
-0.00092
-0.00174
-0.00214
-0.00275
-0.00159
-0.00076
-0.00082
0.00058
0.00003
0.00070
0.00034
0.00058
0.00076
0.00031
0.00000
-0.00043
0.00034
0.00040
0.00058
0.00043
0.00031
0.00031
-0.00104
-0.00198
-0.00247
-0.00204
-0.00156
-0.00085
-0.00031
-0.00018
-0.00021
-0.00027
-0.00034
-0.00027
-0.00012
-0.00006
-0.00006
-0.00046
-0.00104
-0.00131
-0.00122
-0.00113
-0.00116
-0.00128
-0.00131
-0.00110
-0.00079
-0.00049
-0.00018
-0.00015
-0.00021
-0.00021
0.00012
0.00021
0.00006
0.00012
0.00027
0.00024
-0.00009
-0.00058
-0.00089
-0.00107
-0.00101
-0.00076
-0.00058
-0.00043
-0.00024
0.00000
0.00012
0.00012
0.00015
0.00006
-0.00003
-0.00006
-0.00018
-0.00031
-0.00043
-0.00043
-0.00052
-0.00061
-0.00067
-0.00064
-0.00027
0.00003
0.00027
0.00034
0.00031
0.00015
-0.00003
-0.00006
0.00006
0.00027
0.00037
0.00031
0.00031
0.00027
0.00015
0.00006
-0.00006
0.00000
0.00000
0.00000
0.00000
0.00000
0.00000
0.00000
0.00000
0.00000
0.00000
0.00000
0.00000
0.00000
0.00000
0.00000
0.00000
0.00000
0.00000
0.00000
0.00000
0.00000
0.00000
0.00000
0.00000
0.00000
0.00000
0.00000
0.00000
0.00000
0.00000
0.00000
0.00000
0.00000
0.00000
0.00000
0.00000
0.00000
0.00000
0.00000
0.00000
0.00000
0.00000
0.00000
0.00000
0.00000
0.00000
0.00000
0.00000
0.00000
0.00000
0.00000
0.00000
0.00000
0.00000
0.00000
0.00000
0.00000
0.00000
0.00000
0.00000
0.00000
0.00000
0.00000
0.00000
0.00000
0.00000
0.00000
0.00000
0.00000
0.00000
0.00000
0.00000
0.00000
0.00000
0.00000
0.00000
0.00000
0.00000
0.00000
0.00000
0.00000
0.00000
0.00000
0.00000
0.00000
0.00000
0.00000
0.00000
0.00000
0.00000
0.00000
0.00000
0.00000
0.00000
0.00000
0.00000
0.00000
0.00000
0.00000
0.00000
0.00000
0.00000
0.00000
0.00000
0.00000
0.00000
0.00000
0.00000
0.00000
0.00000
0.00000
0.00000
0.00000
0.00000
0.00000
0.00000
0.00000
0.00000
0.00000
0.00000
0.00000
0.00000
0.00000
0.00000
0.00000
0.00000
0.00000
0.00000
