-0.00018
-0.00018
-0.00018
-0.00015
-0.00015
-0.00015
-0.00015
-0.00015
-0.00012
-0.00015
-0.00015
-0.00021
-0.00021
-0.00027
-0.00024
-0.00018
-0.00012
-0.00015
-0.00015
-0.00012
-0.00018
-0.00024
-0.00027
-0.00024
-0.00021
-0.00018
-0.00015
-0.00015
-0.00018
-0.00024
-0.00024
-0.00027
-0.00027
-0.00024
-0.00021
-0.00012
-0.00021
-0.00021
-0.00021
-0.00027
-0.00024
-0.00024
-0.00024
-0.00021
-0.00024
-0.00024
-0.00021
-0.00021
-0.00024
-0.00031
-0.00024
-0.00021
-0.00024
-0.00024
-0.00024
-0.00024
-0.00024
-0.00027
-0.00031
-0.00031
-0.00024
-0.00018
-0.00018
-0.00021
-0.00018
-0.00037
-0.00037
-0.00037
-0.00031
-0.00031
-0.00027
-0.00021
-0.00021
-0.00015
-0.00021
-0.00031
-0.00037
-0.00040
-0.00034
-0.00031
-0.00024
-0.00018
-0.00021
-0.00024
-0.00031
-0.00034
-0.00037
-0.00037
-0.00037
-0.00027
-0.00021
-0.00021
-0.00027
-0.00021
-0.00031
-0.00043
-0.00040
-0.00037
-0.00031
-0.00031
-0.00031
-0.00027
-0.00034
-0.00027
-0.00027
-0.00034
-0.00031
-0.00027
-0.00031
-0.00034
-0.00031
-0.00037
-0.00040
-0.00037
-0.00031
-0.00027
-0.00024
-0.00031
-0.00040
-0.00037
-0.00034
-0.00040
-0.00034
-0.00031
-0.00027
-0.00027
-0.00031
-0.00034
-0.00034
-0.00037
-0.00037
-0.00031
-0.00031
-0.00037
-0.00037
-0.00034
-0.00034
-0.00034
-0.00031
-0.00031
-0.00031
-0.00034
-0.00031
-0.00031
-0.00037
-0.00040
-0.00037
-0.00037
-0.00040
-0.00037
-0.00034
-0.00034
-0.00040
-0.00037
-0.00037
-0.00043
-0.00037
-0.00037
-0.00034
-0.00034
-0.00034
-0.00031
-0.00034
-0.00031
-0.00037
-0.00040
-0.00040
-0.00043
-0.00040
-0.00040
-0.00034
-0.00034
-0.00037
-0.00040
-0.00043
-0.00037
-0.00031
-0.00034
-0.00037
-0.00040
-0.00040
-0.00043
-0.00040
-0.00043
-0.00049
-0.00009
-0.00079
0.00027
-0.00183
0.00177
-0.00360
-0.00018
-0.07755
-0.09720
-0.04654
0.01999
0.08676
0.05704
0.05057
0.02753
0.03683
-0.00571
-0.04382
-0.03537
-0.02112
-0.00235
0.01468
0.00693
0.00320
0.00201
-0.00479
0.00412
0.01352
0.00583
-0.00836
-0.00146
0.00403
0.00168
0.00439
0.00317
0.00027
0.00165
-0.00385
-0.00629
-0.00342
-0.00073
-0.00122
0.00189
0.00439
0.00305
0.00357
0.00348
0.00284
0.00021
-0.00156
-0.00223
-0.00085
-0.00073
0.00058
-0.00015
-0.00061
-0.00095
0.00156
0.00247
0.00287
0.00238
0.00122
0.00101
0.00024
-0.00082
-0.00082
-0.00095
-0.00055
-0.00104
-0.00034
0.00000
-0.00211
-0.00262
-0.00247
-0.00052
0.00171
0.00195
0.00375
0.00262
0.00183
0.00116
-0.00073
-0.00266
-0.00406
-0.00305
-0.00134
-0.00037
0.00085
-0.00046
-0.00089
-0.00153
-0.00189
-0.00113
-0.00070
-0.00018
-0.00040
-0.00058
-0.00092
-0.00223
-0.00272
-0.00339
-0.00333
-0.00241
-0.00146
-0.00021
0.00027
-0.00021
0.00021
0.00034
0.00058
0.00140
0.00122
0.00000
-0.00046
0.00119
0.00040
-0.00003
-0.00076
-0.00046
-0.00027
-0.00146
-0.00229
-0.00244
-0.00204
-0.00217
-0.00211
-0.00122
-0.00089
-0.00043
0.00024
0.00046
0.00058
0.00046
-0.00003
-0.00073
-0.00156
-0.00223
-0.00223
-0.00159
-0.00122
-0.00150
-0.00162
-0.00153
-0.00134
-0.00104
-0.00055
-0.00027
-0.00021
-0.00018
0.00015
0.00058
0.00073
0.00049
0.00009
-0.00018
-0.00070
-0.00116
-0.00134
-0.00128
-0.00122
-0.00104
-0.00064
-0.00015
-0.00009
-0.00003
0.00009
0.00037
0.00037
0.00003
-0.00012
-0.00024
-0.00052
-0.00064
-0.00067
-0.00046
-0.00049
-0.00046
-0.00034
-0.00049
-0.00049
-0.00024
0.00015
0.00021
0.00018
0.00024
0.00027
0.00031
0.00018
-0.00009
-0.00031
-0.00021
0.00006
0.00049
0.00049
0.00031
0.00003
0.00003
0.00000
0.00000
0.00000
0.00000
0.00000
0.00000
0.00000
0.00000
0.00000
0.00000
0.00000
0.00000
0.00000
0.00000
0.00000
0.00000
0.00000
0.00000
0.00000
0.00000
0.00000
0.00000
0.00000
0.00000
0.00000
0.00000
0.00000
0.00000
0.00000
0.00000
0.00000
0.00000
0.00000
0.00000
0.00000
0.00000
0.00000
0.00000
0.00000
0.00000
0.00000
0.00000
0.00000
0.00000
0.00000
0.00000
0.00000
0.00000
0.00000
0.00000
0.00000
0.00000
0.00000
0.00000
0.00000
0.00000
0.00000
0.00000
0.00000
0.00000
0.00000
0.00000
0.00000
0.00000
0.00000
0.00000
0.00000
0.00000
0.00000
0.00000
0.00000
0.00000
0.00000
0.00000
0.00000
0.00000
0.00000
0.00000
0.00000
0.00000
0.00000
0.00000
0.00000
0.00000
0.00000
0.00000
0.00000
0.00000
0.00000
0.00000
0.00000
0.00000
0.00000
0.00000
0.00000
0.00000
0.00000
0.00000
0.00000
0.00000
0.00000
0.00000
0.00000
0.00000
0.00000
0.00000
0.00000
0.00000
0.00000
0.00000
0.00000
0.00000
0.00000
0.00000
0.00000
0.00000
0.00000
0.00000
0.00000
0.00000
0.00000
0.00000
0.00000
0.00000
0.00000
0.00000
0.00000
0.00000
0.00000
0.00000
