-0.00003
-0.00003
-0.00009
-0.00009
-0.00009
-0.00003
0.00000
-0.00003
-0.00006
-0.00009
-0.00012
-0.00018
-0.00015
-0.00006
0.00000
0.00000
0.00000
0.00000
-0.00003
-0.00006
-0.00009
-0.00006
-0.00009
-0.00003
-0.00003
-0.00003
-0.00006
-0.00003
0.00000
-0.00003
-0.00006
-0.00009
-0.00006
-0.00006
-0.00018
0.00000
-0.00006
-0.00006
-0.00006
-0.00006
-0.00003
-0.00009
-0.00006
0.00000
0.00000
0.00000
0.00000
-0.00003
-0.00009
-0.00012
-0.00012
-0.00006
-0.00003
0.00000
0.00000
-0.00003
-0.00006
-0.00009
-0.00009
-0.00006
-0.00009
-0.00009
-0.00006
-0.00006
-0.00009
-0.00009
-0.00003
0.00000
-0.00003
0.00000
0.00000
-0.00012
-0.00012
-0.00009
-0.00009
-0.00012
-0.00006
-0.00003
-0.00003
-0.00006
-0.00003
-0.00003
-0.00006
-0.00006
-0.00006
-0.00003
-0.00003
-0.00006
-0.00006
-0.00003
-0.00003
-0.00006
-0.00003
0.00000
-0.00006
-0.00009
-0.00006
-0.00006
-0.00006
-0.00003
0.00000
0.00000
0.00000
0.00000
-0.00006
-0.00009
-0.00009
-0.00003
0.00000
0.00000
0.00000
0.00000
0.00000
0.00000
-0.00003
-0.00003
0.00000
-0.00006
-0.00006
-0.00003
0.00000
-0.00003
-0.00006
0.00000
0.00000
0.00000
0.00000
0.00000
0.00000
-0.00003
-0.00003
-0.00006
-0.00006
-0.00009
-0.00003
0.00000
0.00000
0.00000
0.00000
0.00000
-0.00003
-0.00003
0.00000
-0.00003
-0.00003
-0.00003
0.00000
0.00000
-0.00003
0.00000
0.00000
-0.00006
-0.00006
0.00000
0.00000
0.00000
0.00000
0.00000
-0.00003
-0.00003
-0.00003
-0.00003
0.00000
0.00000
0.00000
0.00000
0.00000
-0.00003
-0.00006
-0.00006
-0.00003
-0.00003
-0.00003
-0.00003
0.00000
-0.00006
-0.00006
-0.00003
0.00000
0.00000
0.00000
-0.00006
-0.00006
-0.00006
0.00000
-0.00003
0.00000
-0.00018
0.00012
-0.00046
0.00040
-0.00076
0.00089
-0.00128
0.00061
-0.03369
-0.07178
-0.03024
-0.00372
0.01666
0.03345
0.03162
0.02948
0.03070
0.01340
-0.00775
-0.01245
-0.01392
-0.01334
0.00189
0.00705
-0.00052
0.00226
0.00214
-0.00223
0.00653
0.00677
-0.00067
0.00110
0.00305
-0.00037
-0.00012
0.00284
0.00006
-0.00034
0.00110
-0.00150
-0.00137
0.00031
0.00159
0.00183
0.00223
0.00183
0.00073
0.00027
0.00104
0.00031
-0.00031
0.00101
0.00186
0.00156
0.00250
0.00180
-0.00021
-0.00110
0.00000
0.00067
0.00101
0.00204
0.00195
0.00113
0.00131
0.00070
0.00040
0.00000
-0.00034
-0.00031
-0.00009
0.00021
-0.00018
-0.00031
-0.00049
-0.00085
-0.00073
-0.00021
0.00052
0.00064
0.00134
0.00232
0.00204
0.00113
-0.00024
-0.00165
-0.00177
-0.00140
-0.00079
-0.00055
-0.00043
-0.00055
-0.00101
-0.00055
-0.00031
-0.00058
-0.00070
-0.00082
-0.00156
-0.00214
-0.00287
-0.00250
-0.00101
-0.00015
0.00101
0.00067
0.00024
0.00000
0.00015
-0.00003
-0.00073
-0.00003
0.00089
0.00195
0.00198
0.00128
0.00082
-0.00027
-0.00146
-0.00192
-0.00247
-0.00281
-0.00214
-0.00125
-0.00052
0.00000
0.00000
-0.00018
-0.00021
-0.00046
-0.00085
-0.00070
-0.00043
-0.00058
-0.00043
-0.00031
-0.00058
-0.00101
-0.00128
-0.00143
-0.00153
-0.00134
-0.00101
-0.00092
-0.00082
-0.00070
-0.00058
-0.00037
0.00000
-0.00009
-0.00027
-0.00006
0.00003
0.00009
0.00012
0.00018
0.00009
-0.00015
-0.00031
-0.00055
-0.00092
-0.00110
-0.00104
-0.00079
-0.00040
-0.00009
0.00006
0.00015
0.00021
0.00018
0.00009
-0.00003
-0.00027
-0.00058
-0.00092
-0.00092
-0.00076
-0.00055
-0.00043
-0.00027
0.00000
0.00000
0.00000
0.00000
0.00000
0.00000
0.00000
0.00000
0.00000
0.00000
0.00000
0.00000
0.00000
0.00000
0.00000
0.00000
0.00000
0.00000
0.00000
0.00000
0.00000
0.00000
0.00000
0.00000
0.00000
0.00000
0.00000
0.00000
0.00000
0.00000
0.00000
0.00000
0.00000
0.00000
0.00000
0.00000
0.00000
0.00000
0.00000
0.00000
0.00000
0.00000
0.00000
0.00000
0.00000
0.00000
0.00000
0.00000
0.00000
0.00000
0.00000
0.00000
0.00000
0.00000
0.00000
0.00000
0.00000
0.00000
0.00000
0.00000
0.00000
0.00000
0.00000
0.00000
0.00000
0.00000
0.00000
0.00000
0.00000
0.00000
0.00000
0.00000
0.00000
0.00000
0.00000
0.00000
0.00000
0.00000
0.00000
0.00000
0.00000
0.00000
0.00000
0.00000
0.00000
0.00000
0.00000
0.00000
0.00000
0.00000
0.00000
0.00000
0.00000
0.00000
0.00000
0.00000
0.00000
0.00000
0.00000
0.00000
0.00000
0.00000
0.00000
0.00000
0.00000
0.00000
0.00000
0.00000
0.00000
0.00000
0.00000
0.00000
0.00000
0.00000
0.00000
0.00000
0.00000
0.00000
0.00000
0.00000
0.00000
0.00000
0.00000
0.00000
0.00000
0.00000
0.00000
0.00000
0.00000
0.00000
0.00000
0.00000
0.00000
0.00000
0.00000
0.00000
0.00000
0.00000
0.00000
0.00000
0.00000
0.00000
0.00000
0.00000
0.00000
