-0.00015
-0.00015
-0.00015
-0.00015
-0.00015
-0.00015
-0.00018
-0.00018
-0.00018
-0.00015
-0.00015
-0.00015
-0.00012
-0.00015
-0.00015
-0.00015
-0.00015
-0.00015
-0.00015
-0.00015
-0.00015
-0.00015
-0.00015
-0.00018
-0.00018
-0.00012
-0.00015
-0.00018
-0.00012
-0.00015
-0.00018
-0.00015
-0.00015
-0.00015
-0.00043
-0.00003
-0.00012
-0.00018
-0.00009
-0.00015
-0.00009
-0.00015
-0.00015
-0.00015
-0.00015
-0.00018
-0.00018
-0.00018
-0.00015
-0.00018
-0.00018
-0.00015
-0.00015
-0.00018
-0.00018
-0.00015
-0.00018
-0.00018
-0.00018
-0.00015
-0.00018
-0.00021
-0.00018
-0.00018
-0.00021
-0.00018
-0.00018
-0.00018
-0.00018
-0.00018
-0.00015
-0.00018
-0.00018
-0.00018
-0.00018
-0.00018
-0.00021
-0.00018
-0.00018
-0.00021
-0.00021
-0.00018
-0.00015
-0.00018
-0.00018
-0.00015
-0.00015
-0.00018
-0.00021
-0.00015
-0.00015
-0.00021
-0.00021
-0.00018
-0.00018
-0.00021
-0.00021
-0.00018
-0.00018
-0.00018
-0.00018
-0.00015
-0.00015
-0.00018
-0.00015
-0.00018
-0.00018
-0.00018
-0.00015
-0.00018
-0.00018
-0.00018
-0.00018
-0.00018
-0.00018
-0.00018
-0.00015
-0.00018
-0.00018
-0.00015
-0.00015
-0.00018
-0.00018
-0.00018
-0.00018
-0.00018
-0.00018
-0.00015
-0.00015
-0.00015
-0.00015
-0.00015
-0.00015
-0.00021
-0.00021
-0.00015
-0.00015
-0.00015
-0.00015
-0.00012
-0.00015
-0.00015
-0.00015
-0.00012
-0.00015
-0.00018
-0.00015
-0.00012
-0.00012
-0.00015
-0.00012
-0.00015
-0.00015
-0.00015
-0.00012
-0.00009
-0.00015
-0.00015
-0.00012
-0.00012
-0.00012
-0.00012
-0.00009
-0.00012
-0.00015
-0.00015
-0.00009
-0.00012
-0.00015
-0.00009
-0.00009
-0.00009
-0.00009
-0.00006
-0.00009
-0.00012
-0.00012
-0.00009
-0.00009
-0.00009
-0.00009
-0.00009
-0.00009
-0.00009
-0.00012
-0.00006
-0.00009
-0.00009
-0.00012
-0.00015
-0.00018
-0.00012
-0.00027
-0.00006
-0.00034
-0.00003
-0.00043
0.00034
-0.00027
0.00040
-0.01111
-0.03302
-0.02802
-0.02393
-0.00226
0.01547
0.02377
0.02277
0.01257
0.00797
0.00623
0.00876
-0.00131
-0.01205
-0.01425
-0.00900
-0.00180
0.00781
0.00812
0.00449
0.00223
0.00058
0.00244
0.00403
0.00266
0.00046
0.00012
-0.00101
-0.00195
0.00006
0.00076
0.00070
0.00064
0.00018
0.00113
0.00229
0.00174
0.00131
0.00238
0.00211
0.00165
0.00159
0.00046
-0.00031
-0.00031
-0.00079
-0.00003
0.00122
0.00119
0.00079
0.00107
0.00131
0.00089
0.00131
0.00107
0.00089
0.00110
0.00015
0.00058
0.00079
0.00015
-0.00021
-0.00052
-0.00006
0.00052
0.00024
-0.00012
-0.00034
-0.00009
-0.00012
-0.00006
0.00006
0.00012
0.00040
0.00034
0.00031
0.00082
0.00055
-0.00009
-0.00040
-0.00037
-0.00043
-0.00067
-0.00092
-0.00107
-0.00073
-0.00040
-0.00031
-0.00061
-0.00110
-0.00320
-0.00110
-0.00079
-0.00049
0.00085
-0.00034
0.00037
0.00009
-0.00040
-0.00049
-0.00098
-0.00073
-0.00052
0.00064
0.00101
0.00113
0.00137
0.00101
-0.00003
-0.00061
-0.00156
-0.00259
-0.00165
-0.00156
-0.00110
-0.00073
-0.00046
-0.00003
0.00046
0.00018
-0.00085
-0.00134
-0.00104
-0.00046
-0.00040
-0.00055
-0.00089
-0.00101
-0.00079
-0.00055
-0.00024
-0.00018
-0.00037
-0.00058
-0.00085
-0.00092
-0.00098
-0.00113
-0.00098
-0.00055
-0.00006
0.00000
-0.00040
-0.00061
-0.00037
0.00015
0.00034
0.00018
-0.00006
-0.00031
-0.00024
-0.00027
-0.00049
-0.00076
-0.00073
-0.00046
-0.00024
-0.00018
-0.00021
-0.00015
-0.00006
-0.00003
0.00000
0.00000
0.00000
0.00000
0.00000
0.00000
0.00000
0.00000
0.00000
0.00000
0.00000
0.00000
0.00000
0.00000
0.00000
0.00000
0.00000
0.00000
0.00000
0.00000
0.00000
0.00000
0.00000
0.00000
0.00000
0.00000
0.00000
0.00000
0.00000
0.00000
0.00000
0.00000
0.00000
0.00000
0.00000
0.00000
0.00000
0.00000
0.00000
0.00000
0.00000
0.00000
0.00000
0.00000
0.00000
0.00000
0.00000
0.00000
0.00000
0.00000
0.00000
0.00000
0.00000
0.00000
0.00000
0.00000
0.00000
0.00000
0.00000
0.00000
0.00000
0.00000
0.00000
0.00000
0.00000
0.00000
0.00000
0.00000
0.00000
0.00000
0.00000
0.00000
0.00000
0.00000
0.00000
0.00000
0.00000
0.00000
0.00000
0.00000
0.00000
0.00000
0.00000
0.00000
0.00000
0.00000
0.00000
0.00000
0.00000
0.00000
0.00000
0.00000
0.00000
0.00000
0.00000
0.00000
0.00000
0.00000
0.00000
0.00000
0.00000
0.00000
0.00000
0.00000
0.00000
0.00000
0.00000
0.00000
0.00000
0.00000
0.00000
0.00000
0.00000
0.00000
0.00000
0.00000
0.00000
0.00000
0.00000
0.00000
0.00000
0.00000
0.00000
0.00000
0.00000
0.00000
0.00000
0.00000
0.00000
0.00000
0.00000
0.00000
0.00000
0.00000
0.00000
0.00000
0.00000
0.00000
0.00000
0.00000
0.00000
0.00000
0.00000
0.00000
0.00000
0.00000
0.00000
0.00000
0.00000
0.00000
