-0.00015
-0.00015
-0.00015
-0.00015
-0.00018
-0.00018
-0.00015
-0.00015
-0.00015
-0.00015
-0.00015
-0.00018
-0.00018
-0.00018
-0.00018
-0.00018
-0.00018
-0.00018
-0.00015
-0.00015
-0.00018
-0.00018
-0.00021
-0.00021
-0.00018
-0.00021
-0.00021
-0.00018
-0.00021
-0.00021
-0.00018
-0.00021
-0.00021
-0.00015
-0.00049
-0.00003
-0.00018
-0.00027
-0.00021
-0.00027
-0.00021
-0.00024
-0.00024
-0.00024
-0.00024
-0.00024
-0.00021
-0.00024
-0.00021
-0.00024
-0.00027
-0.00027
-0.00024
-0.00027
-0.00031
-0.00027
-0.00027
-0.00027
-0.00027
-0.00027
-0.00021
-0.00024
-0.00027
-0.00024
-0.00027
-0.00031
-0.00031
-0.00031
-0.00027
-0.00024
-0.00027
-0.00031
-0.00024
-0.00024
-0.00031
-0.00031
-0.00031
-0.00031
-0.00034
-0.00031
-0.00027
-0.00027
-0.00027
-0.00031
-0.00031
-0.00031
-0.00031
-0.00027
-0.00027
-0.00031
-0.00031
-0.00031
-0.00031
-0.00031
-0.00034
-0.00034
-0.00031
-0.00034
-0.00034
-0.00031
-0.00031
-0.00034
-0.00031
-0.00031
-0.00031
-0.00031
-0.00031
-0.00034
-0.00034
-0.00034
-0.00034
-0.00037
-0.00034
-0.00034
-0.00037
-0.00034
-0.00027
-0.00034
-0.00034
-0.00031
-0.00034
-0.00034
-0.00037
-0.00037
-0.00037
-0.00034
-0.00034
-0.00034
-0.00031
-0.00031
-0.00034
-0.00034
-0.00031
-0.00034
-0.00037
-0.00034
-0.00034
-0.00034
-0.00037
-0.00034
-0.00031
-0.00034
-0.00034
-0.00034
-0.00031
-0.00034
-0.00034
-0.00034
-0.00031
-0.00034
-0.00034
-0.00031
-0.00031
-0.00031
-0.00031
-0.00027
-0.00031
-0.00034
-0.00031
-0.00034
-0.00034
-0.00037
-0.00034
-0.00034
-0.00031
-0.00027
-0.00031
-0.00031
-0.00031
-0.00034
-0.00034
-0.00034
-0.00034
-0.00034
-0.00031
-0.00027
-0.00031
-0.00031
-0.00031
-0.00034
-0.00034
-0.00031
-0.00031
-0.00031
-0.00031
-0.00031
-0.00031
-0.00031
-0.00021
-0.00034
-0.00031
-0.00037
-0.00061
-0.00027
-0.00055
0.00031
-0.00101
-0.00464
-0.04269
-0.04462
-0.01285
-0.01306
0.00577
0.02536
0.03799
0.03067
0.01251
0.00278
0.00424
0.00735
-0.01108
-0.02280
-0.00824
-0.00223
-0.00037
0.00949
0.00836
0.00250
0.00150
-0.00281
-0.00046
0.00662
0.00275
-0.00348
0.00034
0.00235
-0.00177
-0.00085
0.00104
-0.00006
-0.00018
0.00009
-0.00061
0.00073
0.00189
0.00031
0.00061
0.00241
0.00314
0.00235
0.00125
0.00049
-0.00055
-0.00137
-0.00046
-0.00021
-0.00037
0.00031
0.00110
0.00076
0.00153
0.00302
0.00131
-0.00003
0.00061
-0.00012
-0.00015
0.00015
0.00018
-0.00012
-0.00049
-0.00101
-0.00089
0.00031
-0.00009
-0.00101
-0.00046
-0.00034
-0.00009
-0.00037
0.00061
0.00214
0.00183
0.00070
-0.00018
-0.00043
-0.00079
-0.00159
-0.00131
-0.00101
-0.00095
-0.00104
-0.00113
-0.00024
0.00000
-0.00046
-0.00061
-0.00122
-0.00269
-0.00143
-0.00131
-0.00150
-0.00021
-0.00043
0.00015
0.00021
-0.00040
-0.00046
-0.00079
-0.00095
-0.00082
-0.00027
0.00082
0.00122
0.00125
0.00177
0.00119
0.00052
-0.00052
-0.00189
-0.00162
-0.00217
-0.00217
-0.00140
-0.00110
-0.00082
-0.00070
-0.00070
-0.00055
-0.00034
0.00024
0.00037
-0.00012
-0.00055
-0.00092
-0.00092
-0.00064
-0.00079
-0.00095
-0.00082
-0.00070
-0.00082
-0.00101
-0.00095
-0.00085
-0.00058
-0.00021
-0.00018
-0.00043
-0.00052
-0.00040
-0.00003
0.00043
0.00067
0.00034
-0.00006
-0.00027
-0.00034
-0.00037
-0.00061
-0.00089
-0.00089
-0.00061
-0.00034
-0.00018
-0.00009
0.00006
0.00012
0.00021
0.00024
0.00031
0.00021
-0.00009
-0.00037
-0.00046
-0.00052
-0.00073
-0.00092
-0.00055
0.00000
0.00009
0.00006
0.00012
0.00040
0.00058
0.00055
0.00043
0.00024
0.00012
0.00003
0.00000
0.00000
0.00000
0.00000
0.00000
0.00000
0.00000
0.00000
0.00000
0.00000
0.00000
0.00000
0.00000
0.00000
0.00000
0.00000
0.00000
0.00000
0.00000
0.00000
0.00000
0.00000
0.00000
0.00000
0.00000
0.00000
0.00000
0.00000
0.00000
0.00000
0.00000
0.00000
0.00000
0.00000
0.00000
0.00000
0.00000
0.00000
0.00000
0.00000
0.00000
0.00000
0.00000
0.00000
0.00000
0.00000
0.00000
0.00000
0.00000
0.00000
0.00000
0.00000
0.00000
0.00000
0.00000
0.00000
0.00000
0.00000
0.00000
0.00000
0.00000
0.00000
0.00000
0.00000
0.00000
0.00000
0.00000
0.00000
0.00000
0.00000
0.00000
0.00000
0.00000
0.00000
0.00000
0.00000
0.00000
0.00000
0.00000
0.00000
0.00000
0.00000
0.00000
0.00000
0.00000
0.00000
0.00000
0.00000
0.00000
0.00000
0.00000
0.00000
0.00000
0.00000
0.00000
0.00000
0.00000
0.00000
0.00000
0.00000
0.00000
0.00000
0.00000
0.00000
0.00000
0.00000
0.00000
0.00000
0.00000
0.00000
0.00000
0.00000
0.00000
0.00000
0.00000
0.00000
0.00000
0.00000
0.00000
0.00000
0.00000
0.00000
0.00000
0.00000
0.00000
0.00000
0.00000
0.00000
0.00000
0.00000
0.00000
0.00000
