0.00000
0.00000
0.00000
0.00000
-0.00003
0.00000
-0.00003
-0.00003
-0.00003
-0.00003
-0.00003
-0.00003
0.00000
0.00000
0.00000
0.00000
0.00000
0.00000
-0.00003
-0.00003
-0.00003
-0.00006
-0.00006
0.00000
0.00000
0.00000
0.00000
0.00000
0.00000
-0.00006
-0.00006
-0.00006
-0.00003
0.00000
-0.00031
0.00018
0.00003
-0.00003
0.00000
-0.00006
-0.00003
-0.00006
-0.00003
-0.00006
-0.00003
-0.00003
-0.00006
-0.00006
-0.00006
-0.00006
-0.00003
-0.00003
0.00000
-0.00003
-0.00003
-0.00003
-0.00003
-0.00006
-0.00003
-0.00003
-0.00003
-0.00003
0.00000
0.00000
-0.00003
-0.00003
0.00000
-0.00003
-0.00003
-0.00009
-0.00006
-0.00006
-0.00009
-0.00003
-0.00003
-0.00003
-0.00006
-0.00006
-0.00003
-0.00003
-0.00003
-0.00003
-0.00006
-0.00003
-0.00006
-0.00006
-0.00006
-0.00006
-0.00003
-0.00006
-0.00003
-0.00006
-0.00006
-0.00009
-0.00009
-0.00006
-0.00006
-0.00003
-0.00003
-0.00003
0.00000
-0.00003
-0.00009
-0.00006
-0.00009
-0.00009
-0.00006
-0.00003
-0.00006
-0.00009
-0.00006
-0.00006
-0.00009
-0.00009
-0.00003
-0.00003
-0.00003
0.00000
-0.00003
-0.00006
-0.00006
-0.00006
-0.00006
-0.00006
-0.00006
-0.00003
-0.00003
-0.00006
-0.00006
-0.00009
-0.00009
-0.00012
-0.00015
-0.00012
-0.00009
-0.00006
-0.00003
0.00000
0.00000
-0.00006
-0.00006
-0.00006
-0.00006
-0.00009
-0.00009
-0.00009
-0.00012
-0.00009
-0.00009
-0.00006
-0.00009
-0.00009
-0.00012
-0.00012
-0.00009
-0.00009
-0.00009
-0.00009
-0.00009
-0.00009
-0.00012
-0.00012
-0.00009
-0.00006
-0.00009
-0.00009
-0.00006
-0.00009
-0.00006
-0.00009
-0.00009
-0.00012
-0.00015
-0.00018
-0.00015
-0.00009
-0.00012
-0.00012
-0.00009
-0.00006
-0.00009
-0.00012
-0.00012
-0.00018
-0.00018
-0.00021
-0.00012
-0.00006
-0.00018
-0.00009
-0.00037
0.00000
-0.00061
0.00073
-0.00110
-0.00333
-0.04587
-0.05255
-0.01263
-0.01385
0.00665
0.02798
0.04245
0.03766
0.01620
0.00253
0.00284
0.00806
-0.01205
-0.02682
-0.01025
-0.00238
-0.00015
0.01053
0.01031
0.00375
0.00320
-0.00223
-0.00204
0.00598
0.00256
-0.00449
0.00012
0.00339
-0.00223
-0.00034
0.00150
-0.00018
0.00107
0.00140
-0.00043
-0.00027
0.00214
0.00122
0.00018
0.00153
0.00150
0.00012
0.00024
0.00082
0.00085
0.00055
0.00055
-0.00021
-0.00067
0.00018
0.00125
0.00046
0.00119
0.00244
0.00162
0.00058
0.00012
0.00052
0.00024
-0.00076
-0.00043
-0.00052
-0.00061
-0.00055
-0.00070
0.00043
0.00018
-0.00131
-0.00162
-0.00058
0.00046
0.00055
0.00165
0.00211
0.00116
0.00046
-0.00043
-0.00098
-0.00113
-0.00189
-0.00162
-0.00122
-0.00055
-0.00076
-0.00079
-0.00024
-0.00085
-0.00119
-0.00073
-0.00067
-0.00104
-0.00266
-0.00247
-0.00156
-0.00156
-0.00052
-0.00085
0.00000
0.00034
-0.00031
0.00003
0.00018
-0.00049
-0.00119
-0.00116
-0.00021
0.00098
0.00140
0.00137
0.00092
0.00040
-0.00046
-0.00174
-0.00177
-0.00241
-0.00269
-0.00204
-0.00159
-0.00082
-0.00076
-0.00107
-0.00089
-0.00031
-0.00003
0.00009
0.00003
-0.00031
-0.00089
-0.00119
-0.00125
-0.00128
-0.00140
-0.00162
-0.00153
-0.00140
-0.00122
-0.00076
-0.00049
-0.00058
-0.00076
-0.00067
-0.00055
-0.00037
-0.00012
-0.00003
0.00012
0.00009
-0.00015
-0.00018
-0.00027
-0.00076
-0.00143
-0.00162
-0.00116
-0.00079
-0.00055
-0.00049
-0.00037
-0.00031
-0.00034
-0.00012
0.00006
-0.00003
-0.00018
-0.00031
-0.00046
-0.00076
-0.00082
-0.00076
-0.00079
-0.00085
-0.00092
-0.00067
-0.00034
-0.00009
0.00009
0.00024
0.00024
0.00000
-0.00021
-0.00024
-0.00024
-0.00015
0.00000
0.00024
0.00021
-0.00003
-0.00021
-0.00027
-0.00043
-0.00073
-0.00076
-0.00049
-0.00043
-0.00049
-0.00034
0.00015
0.00000
0.00000
0.00000
0.00000
0.00000
0.00000
0.00000
0.00000
0.00000
0.00000
0.00000
0.00000
0.00000
0.00000
0.00000
0.00000
0.00000
0.00000
0.00000
0.00000
0.00000
0.00000
0.00000
0.00000
0.00000
0.00000
0.00000
0.00000
0.00000
0.00000
0.00000
0.00000
0.00000
0.00000
0.00000
0.00000
0.00000
0.00000
0.00000
0.00000
0.00000
0.00000
0.00000
0.00000
0.00000
0.00000
0.00000
0.00000
0.00000
0.00000
0.00000
0.00000
0.00000
0.00000
0.00000
0.00000
0.00000
0.00000
0.00000
0.00000
0.00000
0.00000
0.00000
0.00000
0.00000
0.00000
0.00000
0.00000
0.00000
0.00000
0.00000
0.00000
0.00000
0.00000
0.00000
0.00000
0.00000
0.00000
0.00000
0.00000
0.00000
0.00000
0.00000
0.00000
0.00000
0.00000
0.00000
0.00000
0.00000
0.00000
0.00000
0.00000
0.00000
0.00000
0.00000
0.00000
0.00000
0.00000
0.00000
0.00000
0.00000
0.00000
0.00000
0.00000
0.00000
0.00000
0.00000
0.00000
0.00000
0.00000
0.00000
0.00000
0.00000
0.00000
0.00000
0.00000
0.00000
0.00000
0.00000
