-0.00015
-0.00015
-0.00018
-0.00021
-0.00018
-0.00024
-0.00027
-0.00027
-0.00024
-0.00021
-0.00018
-0.00018
-0.00015
-0.00018
-0.00021
-0.00021
-0.00024
-0.00027
-0.00027
-0.00024
-0.00024
-0.00027
-0.00024
-0.00021
-0.00024
-0.00024
-0.00024
-0.00027
-0.00027
-0.00024
-0.00024
-0.00024
-0.00021
-0.00021
-0.00055
-0.00006
-0.00024
-0.00031
-0.00024
-0.00034
-0.00027
-0.00031
-0.00024
-0.00021
-0.00021
-0.00021
-0.00021
-0.00024
-0.00027
-0.00024
-0.00024
-0.00027
-0.00027
-0.00027
-0.00027
-0.00027
-0.00027
-0.00027
-0.00027
-0.00024
-0.00024
-0.00034
-0.00024
-0.00024
-0.00037
-0.00027
-0.00027
-0.00027
-0.00031
-0.00027
-0.00024
-0.00027
-0.00027
-0.00027
-0.00027
-0.00027
-0.00024
-0.00027
-0.00031
-0.00027
-0.00031
-0.00034
-0.00027
-0.00027
-0.00027
-0.00024
-0.00027
-0.00037
-0.00034
-0.00027
-0.00034
-0.00034
-0.00031
-0.00031
-0.00031
-0.00027
-0.00027
-0.00031
-0.00031
-0.00031
-0.00031
-0.00024
-0.00027
-0.00034
-0.00037
-0.00031
-0.00034
-0.00040
-0.00037
-0.00031
-0.00037
-0.00034
-0.00024
-0.00027
-0.00031
-0.00031
-0.00031
-0.00031
-0.00031
-0.00037
-0.00040
-0.00034
-0.00034
-0.00037
-0.00031
-0.00031
-0.00034
-0.00034
-0.00037
-0.00034
-0.00034
-0.00034
-0.00034
-0.00034
-0.00034
-0.00034
-0.00037
-0.00034
-0.00034
-0.00037
-0.00037
-0.00034
-0.00034
-0.00034
-0.00037
-0.00034
-0.00034
-0.00034
-0.00037
-0.00040
-0.00037
-0.00037
-0.00040
-0.00037
-0.00034
-0.00034
-0.00040
-0.00037
-0.00034
-0.00037
-0.00037
-0.00034
-0.00034
-0.00040
-0.00037
-0.00034
-0.00034
-0.00037
-0.00040
-0.00034
-0.00040
-0.00043
-0.00037
-0.00037
-0.00037
-0.00040
-0.00037
-0.00037
-0.00027
-0.00040
-0.00031
-0.00027
-0.00052
-0.00015
-0.00082
0.00018
-0.00128
-0.01028
-0.08167
-0.08328
-0.00958
-0.01346
0.03616
0.07770
0.06802
0.03809
0.00421
-0.00189
0.01004
0.01212
-0.03830
-0.05124
-0.01318
0.00323
0.00946
0.02615
0.01147
-0.00885
-0.00259
-0.00284
0.00330
0.01477
0.00613
-0.00409
0.00452
0.00339
-0.00916
-0.00418
0.00003
-0.00281
-0.00336
0.00082
0.00040
0.00211
0.00696
0.00412
0.00235
0.00372
0.00189
-0.00140
-0.00052
0.00009
-0.00287
-0.00327
-0.00089
-0.00146
-0.00128
0.00153
0.00177
0.00137
0.00287
0.00403
0.00143
-0.00043
-0.00049
-0.00089
-0.00040
-0.00006
-0.00125
-0.00327
-0.00366
-0.00226
-0.00015
0.00211
0.00388
0.00235
0.00031
0.00061
0.00089
0.00018
-0.00024
-0.00076
-0.00165
-0.00165
-0.00128
-0.00055
-0.00021
-0.00024
-0.00095
-0.00174
-0.00165
-0.00183
-0.00165
-0.00046
0.00006
-0.00043
-0.00052
-0.00076
-0.00089
-0.00095
-0.00143
-0.00223
-0.00314
-0.00272
-0.00284
-0.00192
-0.00061
0.00009
0.00070
-0.00095
0.00067
0.00180
-0.00156
0.00031
0.00101
0.00146
0.00327
0.00082
0.00015
0.00177
-0.00003
-0.00232
-0.00208
-0.00150
-0.00360
-0.00311
-0.00250
-0.00296
-0.00131
-0.00024
-0.00061
0.00131
0.00168
0.00009
0.00027
0.00009
-0.00101
-0.00092
-0.00070
-0.00162
-0.00208
-0.00244
-0.00281
-0.00198
-0.00140
-0.00104
-0.00012
0.00031
0.00021
0.00015
0.00055
0.00076
0.00082
0.00055
-0.00009
-0.00079
-0.00137
-0.00128
-0.00098
-0.00119
-0.00146
-0.00092
-0.00006
0.00040
0.00046
0.00027
-0.00021
-0.00040
-0.00024
0.00021
0.00049
0.00009
-0.00061
-0.00067
-0.00043
-0.00024
0.00000
0.00000
0.00000
0.00000
0.00000
0.00000
0.00000
0.00000
0.00000
0.00000
0.00000
0.00000
0.00000
0.00000
0.00000
0.00000
0.00000
0.00000
0.00000
0.00000
0.00000
0.00000
0.00000
0.00000
0.00000
0.00000
0.00000
0.00000
0.00000
0.00000
0.00000
0.00000
0.00000
0.00000
0.00000
0.00000
0.00000
0.00000
0.00000
0.00000
0.00000
0.00000
0.00000
0.00000
0.00000
0.00000
0.00000
0.00000
0.00000
0.00000
0.00000
0.00000
0.00000
0.00000
0.00000
0.00000
0.00000
0.00000
0.00000
0.00000
0.00000
0.00000
0.00000
0.00000
0.00000
0.00000
0.00000
0.00000
0.00000
0.00000
0.00000
0.00000
0.00000
0.00000
0.00000
0.00000
0.00000
0.00000
0.00000
0.00000
0.00000
0.00000
0.00000
0.00000
0.00000
0.00000
0.00000
0.00000
0.00000
0.00000
0.00000
0.00000
0.00000
0.00000
0.00000
0.00000
0.00000
0.00000
0.00000
0.00000
0.00000
0.00000
0.00000
0.00000
0.00000
0.00000
0.00000
0.00000
0.00000
0.00000
0.00000
0.00000
0.00000
0.00000
0.00000
0.00000
0.00000
0.00000
0.00000
0.00000
0.00000
0.00000
0.00000
0.00000
0.00000
0.00000
0.00000
0.00000
0.00000
0.00000
0.00000
0.00000
0.00000
0.00000
0.00000
0.00000
0.00000
0.00000
0.00000
0.00000
0.00000
0.00000
0.00000
0.00000
0.00000
0.00000
0.00000
0.00000
0.00000
0.00000
0.00000
0.00000
0.00000
0.00000
0.00000
0.00000
