-0.00012
-0.00012
-0.00015
-0.00012
-0.00009
-0.00012
-0.00012
-0.00012
-0.00009
-0.00012
-0.00012
-0.00012
-0.00012
-0.00015
-0.00015
-0.00012
-0.00015
-0.00015
-0.00018
-0.00015
-0.00012
-0.00012
-0.00015
-0.00012
-0.00009
-0.00015
-0.00015
-0.00012
-0.00015
-0.00018
-0.00015
-0.00018
-0.00018
-0.00012
-0.00037
0.00000
-0.00012
-0.00018
-0.00009
-0.00018
-0.00015
-0.00018
-0.00012
-0.00015
-0.00015
-0.00015
-0.00012
-0.00015
-0.00018
-0.00015
-0.00015
-0.00015
-0.00015
-0.00012
-0.00015
-0.00015
-0.00015
-0.00012
-0.00012
-0.00015
-0.00015
-0.00015
-0.00018
-0.00018
-0.00018
-0.00012
-0.00015
-0.00018
-0.00015
-0.00015
-0.00015
-0.00015
-0.00012
-0.00012
-0.00018
-0.00018
-0.00015
-0.00015
-0.00015
-0.00015
-0.00015
-0.00015
-0.00018
-0.00015
-0.00012
-0.00012
-0.00012
-0.00012
-0.00012
-0.00012
-0.00015
-0.00012
-0.00012
-0.00015
-0.00018
-0.00015
-0.00015
-0.00012
-0.00015
-0.00015
-0.00015
-0.00015
-0.00012
-0.00009
-0.00009
-0.00012
-0.00015
-0.00015
-0.00012
-0.00012
-0.00015
-0.00015
-0.00015
-0.00012
-0.00012
-0.00012
-0.00012
-0.00015
-0.00015
-0.00012
-0.00012
-0.00012
-0.00012
-0.00012
-0.00015
-0.00015
-0.00012
-0.00015
-0.00015
-0.00012
-0.00015
-0.00012
-0.00015
-0.00015
-0.00015
-0.00015
-0.00015
-0.00012
-0.00012
-0.00012
-0.00015
-0.00015
-0.00012
-0.00015
-0.00015
-0.00015
-0.00015
-0.00015
-0.00015
-0.00015
-0.00015
-0.00012
-0.00015
-0.00015
-0.00015
-0.00015
-0.00015
-0.00015
-0.00015
-0.00015
-0.00015
-0.00012
-0.00015
-0.00018
-0.00015
-0.00015
-0.00015
-0.00015
-0.00012
-0.00012
-0.00015
-0.00015
-0.00015
-0.00015
-0.00018
-0.00015
-0.00015
-0.00015
-0.00018
-0.00012
-0.00009
-0.00012
-0.00012
-0.00015
-0.00015
-0.00015
-0.00018
-0.00015
-0.00015
-0.00024
-0.00021
-0.00021
-0.00021
-0.00027
-0.00021
-0.00031
-0.00018
-0.00024
0.00003
0.00000
-0.00021
-0.00931
-0.03717
-0.03391
-0.01559
-0.00436
0.01349
0.02240
0.02414
0.01578
0.00821
0.00488
0.00812
0.00308
-0.01328
-0.01624
-0.00543
0.00034
0.00604
0.00888
0.00266
0.00052
0.00143
0.00043
0.00339
0.00388
0.00006
-0.00250
-0.00052
-0.00006
-0.00046
0.00067
-0.00073
-0.00095
0.00119
0.00314
0.00342
0.00275
0.00116
0.00061
0.00122
0.00150
0.00098
-0.00006
-0.00076
-0.00034
0.00034
0.00107
0.00150
0.00089
0.00015
0.00006
0.00043
0.00015
0.00092
0.00223
0.00153
0.00061
0.00021
0.00027
0.00061
0.00064
0.00000
-0.00055
-0.00067
-0.00061
-0.00031
0.00024
0.00000
-0.00037
-0.00006
0.00021
0.00034
0.00034
0.00003
-0.00031
-0.00049
-0.00034
-0.00031
0.00000
0.00009
0.00003
0.00015
-0.00015
-0.00067
-0.00098
-0.00098
-0.00085
-0.00104
-0.00232
-0.00223
-0.00089
-0.00085
-0.00079
-0.00055
0.00034
0.00092
0.00015
-0.00107
-0.00150
-0.00089
-0.00122
-0.00140
-0.00009
0.00095
0.00076
0.00095
0.00119
0.00107
0.00049
-0.00125
-0.00220
-0.00192
-0.00150
-0.00165
-0.00174
-0.00092
-0.00037
-0.00009
-0.00015
-0.00064
-0.00101
-0.00089
-0.00076
-0.00061
-0.00058
-0.00092
-0.00110
-0.00104
-0.00079
-0.00064
-0.00040
-0.00034
-0.00067
-0.00073
-0.00064
-0.00089
-0.00131
-0.00150
-0.00104
-0.00046
-0.00043
-0.00073
-0.00070
-0.00027
0.00000
0.00000
0.00000
0.00000
0.00000
0.00000
0.00000
0.00000
0.00000
0.00000
0.00000
0.00000
0.00000
0.00000
0.00000
0.00000
0.00000
0.00000
0.00000
0.00000
0.00000
0.00000
0.00000
0.00000
0.00000
0.00000
0.00000
0.00000
0.00000
0.00000
0.00000
0.00000
0.00000
0.00000
0.00000
0.00000
0.00000
0.00000
0.00000
0.00000
0.00000
0.00000
0.00000
0.00000
0.00000
0.00000
0.00000
0.00000
0.00000
0.00000
0.00000
0.00000
0.00000
0.00000
0.00000
0.00000
0.00000
0.00000
0.00000
0.00000
0.00000
0.00000
0.00000
0.00000
0.00000
0.00000
0.00000
0.00000
0.00000
0.00000
0.00000
0.00000
0.00000
0.00000
0.00000
0.00000
0.00000
0.00000
0.00000
0.00000
0.00000
0.00000
0.00000
0.00000
0.00000
0.00000
0.00000
0.00000
0.00000
0.00000
0.00000
0.00000
0.00000
0.00000
0.00000
0.00000
0.00000
0.00000
0.00000
0.00000
0.00000
0.00000
0.00000
0.00000
0.00000
0.00000
0.00000
0.00000
0.00000
0.00000
0.00000
0.00000
0.00000
0.00000
0.00000
0.00000
0.00000
0.00000
0.00000
0.00000
0.00000
0.00000
0.00000
0.00000
0.00000
0.00000
0.00000
0.00000
0.00000
0.00000
0.00000
0.00000
0.00000
0.00000
0.00000
0.00000
0.00000
0.00000
0.00000
0.00000
0.00000
0.00000
0.00000
0.00000
0.00000
0.00000
0.00000
0.00000
0.00000
0.00000
0.00000
0.00000
0.00000
0.00000
0.00000
0.00000
0.00000
0.00000
0.00000
0.00000
0.00000
0.00000
0.00000
0.00000
0.00000
0.00000
0.00000
