-0.00021
-0.00021
-0.00024
-0.00024
-0.00024
-0.00024
-0.00024
-0.00024
-0.00024
-0.00024
-0.00024
-0.00024
-0.00024
-0.00024
-0.00024
-0.00024
-0.00027
-0.00027
-0.00024
-0.00027
-0.00031
-0.00031
-0.00031
-0.00031
-0.00027
-0.00024
-0.00024
-0.00024
-0.00024
-0.00027
-0.00027
-0.00031
-0.00031
-0.00027
-0.00061
-0.00012
-0.00027
-0.00031
-0.00024
-0.00034
-0.00031
-0.00034
-0.00027
-0.00031
-0.00027
-0.00027
-0.00031
-0.00031
-0.00034
-0.00034
-0.00034
-0.00037
-0.00037
-0.00034
-0.00031
-0.00034
-0.00034
-0.00031
-0.00037
-0.00034
-0.00037
-0.00046
-0.00037
-0.00037
-0.00043
-0.00034
-0.00037
-0.00034
-0.00037
-0.00037
-0.00034
-0.00034
-0.00037
-0.00043
-0.00040
-0.00037
-0.00037
-0.00037
-0.00037
-0.00037
-0.00040
-0.00043
-0.00037
-0.00037
-0.00043
-0.00040
-0.00043
-0.00043
-0.00043
-0.00037
-0.00037
-0.00043
-0.00043
-0.00040
-0.00040
-0.00037
-0.00043
-0.00040
-0.00037
-0.00043
-0.00046
-0.00040
-0.00040
-0.00046
-0.00046
-0.00043
-0.00040
-0.00043
-0.00043
-0.00040
-0.00043
-0.00043
-0.00040
-0.00040
-0.00040
-0.00040
-0.00040
-0.00043
-0.00043
-0.00046
-0.00049
-0.00046
-0.00043
-0.00043
-0.00040
-0.00040
-0.00040
-0.00040
-0.00040
-0.00040
-0.00043
-0.00043
-0.00046
-0.00046
-0.00043
-0.00046
-0.00049
-0.00043
-0.00040
-0.00043
-0.00043
-0.00043
-0.00037
-0.00043
-0.00046
-0.00043
-0.00043
-0.00043
-0.00046
-0.00046
-0.00043
-0.00049
-0.00046
-0.00043
-0.00037
-0.00043
-0.00046
-0.00040
-0.00040
-0.00043
-0.00046
-0.00040
-0.00043
-0.00046
-0.00040
-0.00040
-0.00040
-0.00043
-0.00046
-0.00043
-0.00046
-0.00046
-0.00040
-0.00040
-0.00037
-0.00040
-0.00037
-0.00040
-0.00034
-0.00049
-0.00037
-0.00046
-0.00046
-0.00031
-0.00064
-0.00003
-0.00107
-0.01443
-0.08762
-0.07382
-0.00851
-0.01447
0.04187
0.07645
0.06635
0.03531
0.00351
-0.00137
0.01105
0.00903
-0.04108
-0.04779
-0.01053
0.00226
0.01050
0.02621
0.00943
-0.00867
-0.00214
-0.00449
0.00430
0.01447
0.00491
-0.00409
0.00577
0.00320
-0.01004
-0.00333
0.00006
-0.00345
-0.00339
0.00058
-0.00018
0.00278
0.00757
0.00348
0.00235
0.00381
0.00128
-0.00165
-0.00003
-0.00015
-0.00363
-0.00317
-0.00089
-0.00156
-0.00064
0.00137
0.00125
0.00128
0.00314
0.00369
0.00095
-0.00046
-0.00055
-0.00107
-0.00034
-0.00018
-0.00146
-0.00320
-0.00363
-0.00208
-0.00018
0.00244
0.00403
0.00156
0.00000
0.00055
0.00089
-0.00003
-0.00034
-0.00061
-0.00162
-0.00174
-0.00125
-0.00055
-0.00021
-0.00046
-0.00119
-0.00174
-0.00162
-0.00192
-0.00174
-0.00040
0.00006
-0.00067
-0.00055
-0.00079
-0.00076
-0.00104
-0.00143
-0.00223
-0.00314
-0.00272
-0.00299
-0.00189
-0.00070
0.00000
0.00043
-0.00079
0.00140
0.00092
-0.00165
0.00085
0.00070
0.00177
0.00323
0.00018
0.00043
0.00186
-0.00040
-0.00198
-0.00177
-0.00183
-0.00354
-0.00293
-0.00269
-0.00278
-0.00110
-0.00052
-0.00052
0.00156
0.00134
0.00021
0.00043
-0.00003
-0.00098
-0.00067
-0.00085
-0.00162
-0.00198
-0.00253
-0.00281
-0.00189
-0.00140
-0.00092
-0.00003
0.00031
0.00024
0.00024
0.00055
0.00073
0.00092
0.00058
-0.00015
-0.00079
-0.00125
-0.00113
-0.00092
-0.00119
-0.00137
-0.00082
-0.00009
0.00040
0.00049
0.00021
-0.00021
-0.00027
-0.00006
0.00031
0.00049
0.00006
-0.00055
-0.00058
-0.00040
-0.00018
0.00003
0.00009
-0.00034
-0.00089
-0.00110
-0.00082
-0.00024
0.00034
0.00089
0.00116
0.00079
0.00037
0.00006
-0.00009
0.00000
0.00000
0.00000
0.00000
0.00000
0.00000
0.00000
0.00000
0.00000
0.00000
0.00000
0.00000
0.00000
0.00000
0.00000
0.00000
0.00000
0.00000
0.00000
0.00000
0.00000
0.00000
0.00000
0.00000
0.00000
0.00000
0.00000
0.00000
0.00000
0.00000
0.00000
0.00000
0.00000
0.00000
0.00000
0.00000
0.00000
0.00000
0.00000
0.00000
0.00000
0.00000
0.00000
0.00000
0.00000
0.00000
0.00000
0.00000
0.00000
0.00000
0.00000
0.00000
0.00000
0.00000
0.00000
0.00000
0.00000
0.00000
0.00000
0.00000
0.00000
0.00000
0.00000
0.00000
0.00000
0.00000
0.00000
0.00000
0.00000
0.00000
0.00000
0.00000
0.00000
0.00000
0.00000
0.00000
0.00000
0.00000
0.00000
0.00000
0.00000
0.00000
0.00000
0.00000
0.00000
0.00000
0.00000
0.00000
0.00000
0.00000
0.00000
0.00000
0.00000
0.00000
0.00000
0.00000
0.00000
0.00000
0.00000
0.00000
0.00000
0.00000
0.00000
0.00000
0.00000
0.00000
0.00000
0.00000
0.00000
0.00000
0.00000
0.00000
0.00000
0.00000
0.00000
0.00000
0.00000
0.00000
0.00000
0.00000
0.00000
0.00000
0.00000
0.00000
0.00000
0.00000
0.00000
0.00000
0.00000
0.00000
0.00000
0.00000
0.00000
0.00000
0.00000
0.00000
0.00000
0.00000
0.00000
0.00000
0.00000
0.00000
