-0.00021
-0.00018
-0.00018
-0.00021
-0.00018
-0.00021
-0.00021
-0.00027
-0.00027
-0.00024
-0.00024
-0.00024
-0.00018
-0.00015
-0.00015
-0.00015
-0.00015
-0.00015
-0.00018
-0.00018
-0.00021
-0.00021
-0.00021
-0.00021
-0.00018
-0.00021
-0.00018
-0.00021
-0.00021
-0.00021
-0.00021
-0.00021
-0.00024
-0.00021
-0.00049
-0.00006
-0.00021
-0.00024
-0.00021
-0.00027
-0.00018
-0.00021
-0.00018
-0.00018
-0.00015
-0.00015
-0.00015
-0.00018
-0.00018
-0.00018
-0.00021
-0.00024
-0.00024
-0.00021
-0.00021
-0.00018
-0.00015
-0.00015
-0.00015
-0.00015
-0.00015
-0.00015
-0.00018
-0.00018
-0.00018
-0.00021
-0.00018
-0.00018
-0.00015
-0.00015
-0.00015
-0.00015
-0.00015
-0.00012
-0.00018
-0.00018
-0.00012
-0.00012
-0.00015
-0.00015
-0.00012
-0.00015
-0.00018
-0.00021
-0.00018
-0.00015
-0.00015
-0.00012
-0.00006
-0.00006
-0.00006
-0.00006
-0.00009
-0.00012
-0.00018
-0.00018
-0.00015
-0.00012
-0.00009
-0.00009
-0.00006
-0.00009
-0.00012
-0.00012
-0.00012
-0.00009
-0.00006
-0.00006
-0.00006
-0.00006
-0.00009
-0.00009
-0.00012
-0.00009
-0.00009
-0.00009
-0.00006
-0.00003
-0.00003
-0.00003
-0.00003
-0.00006
-0.00009
-0.00012
-0.00012
-0.00012
-0.00012
-0.00009
-0.00009
-0.00006
-0.00006
-0.00006
-0.00006
-0.00006
-0.00006
-0.00006
-0.00006
-0.00003
-0.00003
-0.00006
-0.00006
-0.00006
-0.00006
-0.00006
-0.00003
-0.00003
-0.00003
-0.00003
-0.00003
-0.00003
-0.00003
-0.00003
-0.00003
-0.00006
-0.00009
-0.00006
-0.00003
-0.00006
-0.00003
0.00000
0.00000
-0.00003
-0.00003
0.00000
-0.00003
-0.00006
-0.00006
-0.00003
-0.00003
-0.00006
-0.00003
0.00000
0.00000
-0.00003
-0.00003
-0.00003
-0.00006
-0.00003
-0.00006
-0.00006
-0.00006
-0.00006
0.00000
0.00003
0.00000
0.00000
-0.00003
-0.00003
-0.00006
-0.00012
-0.00012
-0.00021
-0.00015
-0.00043
0.00003
-0.00061
0.00073
-0.00061
-0.00003
-0.02292
-0.03592
-0.02682
-0.02182
0.00977
0.02243
0.02917
0.02002
0.01230
0.00668
0.00751
0.00616
-0.00821
-0.01566
-0.01453
-0.00797
0.00284
0.01117
0.00623
0.00229
0.00189
0.00153
0.00311
0.00406
0.00195
0.00073
0.00195
-0.00095
-0.00241
-0.00055
-0.00018
0.00101
0.00150
0.00067
0.00006
0.00067
0.00195
0.00339
0.00418
0.00232
0.00049
0.00012
0.00052
0.00089
0.00061
-0.00061
-0.00095
-0.00049
0.00092
0.00165
0.00180
0.00156
0.00140
0.00183
0.00165
0.00095
0.00009
0.00070
0.00070
0.00009
0.00012
-0.00067
-0.00082
-0.00006
0.00034
0.00107
0.00110
0.00012
-0.00089
-0.00104
-0.00034
0.00024
0.00110
0.00107
0.00076
0.00085
0.00046
0.00031
0.00000
-0.00082
-0.00092
-0.00095
-0.00058
-0.00058
-0.00031
-0.00027
-0.00058
-0.00085
-0.00089
-0.00165
-0.00107
-0.00256
-0.00134
0.00043
-0.00079
0.00122
-0.00027
0.00003
0.00018
-0.00034
0.00012
-0.00012
0.00006
-0.00009
0.00098
0.00162
0.00089
0.00098
-0.00040
-0.00079
-0.00134
-0.00156
-0.00238
-0.00150
-0.00131
-0.00076
0.00000
-0.00012
-0.00015
0.00003
-0.00012
-0.00070
-0.00079
-0.00095
-0.00061
-0.00024
-0.00058
-0.00095
-0.00092
-0.00064
-0.00049
-0.00046
-0.00058
-0.00070
-0.00079
-0.00098
-0.00092
-0.00058
-0.00049
-0.00070
-0.00070
-0.00015
0.00000
-0.00015
-0.00046
-0.00018
0.00015
0.00018
0.00000
-0.00003
-0.00027
-0.00052
-0.00085
-0.00095
-0.00085
-0.00055
-0.00021
-0.00009
-0.00012
-0.00012
-0.00003
0.00000
0.00000
0.00000
0.00000
0.00000
0.00000
0.00000
0.00000
0.00000
0.00000
0.00000
0.00000
0.00000
0.00000
0.00000
0.00000
0.00000
0.00000
0.00000
0.00000
0.00000
0.00000
0.00000
0.00000
0.00000
0.00000
0.00000
0.00000
0.00000
0.00000
0.00000
0.00000
0.00000
0.00000
0.00000
0.00000
0.00000
0.00000
0.00000
0.00000
0.00000
0.00000
0.00000
0.00000
0.00000
0.00000
0.00000
0.00000
0.00000
0.00000
0.00000
0.00000
0.00000
0.00000
0.00000
0.00000
0.00000
0.00000
0.00000
0.00000
0.00000
0.00000
0.00000
0.00000
0.00000
0.00000
0.00000
0.00000
0.00000
0.00000
0.00000
0.00000
0.00000
0.00000
0.00000
0.00000
0.00000
0.00000
0.00000
0.00000
0.00000
0.00000
0.00000
0.00000
0.00000
0.00000
0.00000
0.00000
0.00000
0.00000
0.00000
0.00000
0.00000
0.00000
0.00000
0.00000
0.00000
0.00000
0.00000
0.00000
0.00000
0.00000
0.00000
0.00000
0.00000
0.00000
0.00000
0.00000
0.00000
0.00000
0.00000
0.00000
0.00000
0.00000
0.00000
0.00000
0.00000
0.00000
0.00000
0.00000
0.00000
0.00000
0.00000
0.00000
0.00000
0.00000
0.00000
0.00000
0.00000
0.00000
0.00000
0.00000
0.00000
0.00000
0.00000
0.00000
0.00000
0.00000
0.00000
0.00000
0.00000
0.00000
0.00000
0.00000
0.00000
0.00000
0.00000
0.00000
0.00000
0.00000
0.00000
0.00000
