-0.00031
-0.00024
-0.00018
-0.00021
-0.00031
-0.00034
-0.00037
-0.00043
-0.00046
-0.00043
-0.00040
-0.00043
-0.00037
-0.00027
-0.00027
-0.00031
-0.00027
-0.00031
-0.00034
-0.00037
-0.00040
-0.00040
-0.00043
-0.00040
-0.00037
-0.00040
-0.00037
-0.00034
-0.00027
-0.00031
-0.00031
-0.00031
-0.00034
-0.00031
-0.00064
-0.00015
-0.00037
-0.00046
-0.00043
-0.00046
-0.00034
-0.00040
-0.00037
-0.00034
-0.00027
-0.00027
-0.00031
-0.00037
-0.00040
-0.00046
-0.00046
-0.00040
-0.00040
-0.00037
-0.00037
-0.00034
-0.00031
-0.00034
-0.00037
-0.00040
-0.00040
-0.00037
-0.00046
-0.00040
-0.00027
-0.00037
-0.00034
-0.00034
-0.00037
-0.00046
-0.00043
-0.00040
-0.00037
-0.00040
-0.00040
-0.00040
-0.00043
-0.00037
-0.00040
-0.00046
-0.00040
-0.00040
-0.00043
-0.00037
-0.00024
-0.00027
-0.00031
-0.00031
-0.00037
-0.00046
-0.00046
-0.00043
-0.00043
-0.00043
-0.00043
-0.00040
-0.00031
-0.00031
-0.00031
-0.00031
-0.00037
-0.00043
-0.00040
-0.00037
-0.00040
-0.00040
-0.00040
-0.00037
-0.00037
-0.00040
-0.00034
-0.00040
-0.00043
-0.00043
-0.00043
-0.00043
-0.00037
-0.00031
-0.00031
-0.00024
-0.00024
-0.00034
-0.00034
-0.00040
-0.00046
-0.00046
-0.00040
-0.00037
-0.00031
-0.00024
-0.00021
-0.00021
-0.00024
-0.00027
-0.00034
-0.00037
-0.00040
-0.00046
-0.00046
-0.00043
-0.00040
-0.00034
-0.00027
-0.00024
-0.00027
-0.00037
-0.00037
-0.00034
-0.00037
-0.00040
-0.00043
-0.00037
-0.00037
-0.00031
-0.00027
-0.00027
-0.00027
-0.00031
-0.00031
-0.00027
-0.00027
-0.00027
-0.00027
-0.00027
-0.00024
-0.00024
-0.00031
-0.00024
-0.00027
-0.00037
-0.00034
-0.00031
-0.00034
-0.00034
-0.00031
-0.00027
-0.00024
-0.00024
-0.00021
-0.00024
-0.00021
-0.00049
-0.00009
-0.00085
0.00043
-0.00137
0.00122
-0.00266
-0.00049
-0.06137
-0.09540
-0.02603
-0.00833
0.03403
0.06967
0.07123
0.03717
0.00720
-0.00076
0.00851
0.01355
-0.03195
-0.05511
-0.02405
0.00037
0.01187
0.02527
0.01538
-0.00259
-0.00037
0.00186
0.00336
0.01077
0.00284
-0.00552
-0.00085
0.00110
-0.00409
-0.00189
-0.00119
0.00021
-0.00031
-0.00021
0.00165
-0.00040
0.00089
0.00439
0.00497
0.00296
0.00229
-0.00046
-0.00174
0.00027
0.00000
-0.00256
-0.00061
-0.00134
-0.00226
0.00037
0.00259
0.00137
0.00180
0.00409
0.00320
0.00104
-0.00040
-0.00110
0.00000
-0.00021
-0.00113
-0.00262
-0.00424
-0.00317
-0.00128
0.00214
0.00351
0.00311
0.00235
0.00137
0.00085
0.00034
0.00043
-0.00101
-0.00290
-0.00229
-0.00168
-0.00070
0.00012
0.00000
0.00031
-0.00027
-0.00110
-0.00186
-0.00153
-0.00061
-0.00101
-0.00061
-0.00034
-0.00043
-0.00085
-0.00128
-0.00116
-0.00195
-0.00302
-0.00269
-0.00220
-0.00143
-0.00064
0.00046
0.00024
-0.00061
0.00119
0.00134
-0.00021
0.00046
0.00116
0.00204
0.00244
0.00171
0.00049
0.00089
-0.00070
-0.00357
-0.00177
-0.00183
-0.00330
-0.00226
-0.00214
-0.00204
-0.00070
-0.00027
-0.00012
0.00146
0.00171
0.00009
0.00000
-0.00006
-0.00128
-0.00095
-0.00055
-0.00156
-0.00195
-0.00232
-0.00247
-0.00159
-0.00079
-0.00046
0.00003
0.00027
0.00000
0.00006
0.00064
0.00089
0.00058
0.00034
0.00006
-0.00052
-0.00104
-0.00101
-0.00067
-0.00085
-0.00131
-0.00089
0.00006
0.00043
0.00027
0.00006
0.00009
0.00000
-0.00009
0.00009
0.00031
0.00015
-0.00027
-0.00037
-0.00034
-0.00037
-0.00009
0.00000
0.00000
0.00000
0.00000
0.00000
0.00000
0.00000
0.00000
0.00000
0.00000
0.00000
0.00000
0.00000
0.00000
0.00000
0.00000
0.00000
0.00000
0.00000
0.00000
0.00000
0.00000
0.00000
0.00000
0.00000
0.00000
0.00000
0.00000
0.00000
0.00000
0.00000
0.00000
0.00000
0.00000
0.00000
0.00000
0.00000
0.00000
0.00000
0.00000
0.00000
0.00000
0.00000
0.00000
0.00000
0.00000
0.00000
0.00000
0.00000
0.00000
0.00000
0.00000
0.00000
0.00000
0.00000
0.00000
0.00000
0.00000
0.00000
0.00000
0.00000
0.00000
0.00000
0.00000
0.00000
0.00000
0.00000
0.00000
0.00000
0.00000
0.00000
0.00000
0.00000
0.00000
0.00000
0.00000
0.00000
0.00000
0.00000
0.00000
0.00000
0.00000
0.00000
0.00000
0.00000
0.00000
0.00000
0.00000
0.00000
0.00000
0.00000
0.00000
0.00000
0.00000
0.00000
0.00000
0.00000
0.00000
0.00000
0.00000
0.00000
0.00000
0.00000
0.00000
0.00000
0.00000
0.00000
0.00000
0.00000
0.00000
0.00000
0.00000
0.00000
0.00000
0.00000
0.00000
0.00000
0.00000
0.00000
0.00000
0.00000
0.00000
0.00000
0.00000
0.00000
0.00000
0.00000
0.00000
0.00000
0.00000
0.00000
0.00000
0.00000
0.00000
0.00000
0.00000
0.00000
0.00000
0.00000
0.00000
0.00000
0.00000
0.00000
0.00000
0.00000
0.00000
0.00000
0.00000
0.00000
0.00000
0.00000
0.00000
0.00000
0.00000
