-0.00024
-0.00021
-0.00021
-0.00024
-0.00021
-0.00024
-0.00027
-0.00027
-0.00027
-0.00027
-0.00027
-0.00027
-0.00027
-0.00024
-0.00024
-0.00027
-0.00024
-0.00024
-0.00027
-0.00031
-0.00027
-0.00031
-0.00031
-0.00024
-0.00024
-0.00027
-0.00024
-0.00024
-0.00024
-0.00024
-0.00027
-0.00031
-0.00027
-0.00024
-0.00061
-0.00009
-0.00021
-0.00031
-0.00027
-0.00031
-0.00024
-0.00027
-0.00027
-0.00031
-0.00024
-0.00027
-0.00027
-0.00027
-0.00027
-0.00027
-0.00027
-0.00031
-0.00027
-0.00027
-0.00031
-0.00031
-0.00027
-0.00027
-0.00027
-0.00027
-0.00024
-0.00034
-0.00037
-0.00027
-0.00037
-0.00031
-0.00027
-0.00034
-0.00034
-0.00031
-0.00031
-0.00031
-0.00027
-0.00031
-0.00031
-0.00034
-0.00031
-0.00031
-0.00034
-0.00034
-0.00031
-0.00034
-0.00031
-0.00027
-0.00031
-0.00031
-0.00034
-0.00037
-0.00034
-0.00031
-0.00031
-0.00031
-0.00027
-0.00027
-0.00031
-0.00031
-0.00031
-0.00037
-0.00031
-0.00031
-0.00031
-0.00031
-0.00024
-0.00027
-0.00037
-0.00037
-0.00031
-0.00034
-0.00043
-0.00034
-0.00031
-0.00034
-0.00031
-0.00024
-0.00027
-0.00031
-0.00034
-0.00034
-0.00031
-0.00037
-0.00040
-0.00037
-0.00031
-0.00034
-0.00037
-0.00027
-0.00031
-0.00034
-0.00037
-0.00037
-0.00037
-0.00040
-0.00037
-0.00034
-0.00034
-0.00031
-0.00031
-0.00031
-0.00034
-0.00037
-0.00037
-0.00037
-0.00037
-0.00037
-0.00037
-0.00034
-0.00034
-0.00034
-0.00031
-0.00034
-0.00034
-0.00037
-0.00037
-0.00034
-0.00034
-0.00034
-0.00037
-0.00034
-0.00031
-0.00031
-0.00031
-0.00027
-0.00034
-0.00034
-0.00031
-0.00034
-0.00031
-0.00027
-0.00037
-0.00034
-0.00031
-0.00037
-0.00034
-0.00034
-0.00034
-0.00031
-0.00034
-0.00027
-0.00031
-0.00024
-0.00043
-0.00009
-0.00067
0.00006
-0.00095
0.00049
-0.00150
-0.00153
-0.05276
-0.10367
-0.02917
-0.00729
0.01349
0.07382
0.07376
0.05014
0.01074
-0.00174
0.00394
0.01886
-0.02124
-0.05838
-0.02676
0.00208
0.00696
0.02240
0.01920
-0.00595
-0.00449
0.00061
-0.00043
0.01349
0.01056
-0.00345
-0.00043
0.00473
-0.00598
-0.00626
-0.00061
-0.00204
-0.00204
-0.00034
0.00177
0.00095
0.00436
0.00494
0.00262
0.00339
0.00296
-0.00003
-0.00171
-0.00018
-0.00082
-0.00293
-0.00150
-0.00092
-0.00235
0.00027
0.00266
0.00168
0.00192
0.00409
0.00278
0.00009
-0.00037
-0.00064
-0.00049
-0.00009
-0.00067
-0.00290
-0.00403
-0.00278
-0.00107
0.00159
0.00305
0.00345
0.00174
0.00076
0.00092
0.00043
0.00009
-0.00064
-0.00195
-0.00162
-0.00140
-0.00073
-0.00009
-0.00021
-0.00021
-0.00125
-0.00174
-0.00162
-0.00153
-0.00055
-0.00024
-0.00015
-0.00034
-0.00067
-0.00095
-0.00104
-0.00110
-0.00183
-0.00302
-0.00281
-0.00256
-0.00204
-0.00073
0.00018
0.00098
-0.00027
-0.00070
0.00232
0.00021
-0.00085
0.00119
0.00137
0.00290
0.00226
0.00018
0.00113
0.00098
-0.00220
-0.00284
-0.00107
-0.00284
-0.00348
-0.00198
-0.00275
-0.00180
-0.00003
-0.00027
0.00064
0.00229
0.00064
-0.00003
0.00040
-0.00070
-0.00125
-0.00037
-0.00110
-0.00204
-0.00214
-0.00247
-0.00220
-0.00125
-0.00098
-0.00031
0.00040
0.00037
0.00018
0.00052
0.00098
0.00089
0.00070
0.00024
-0.00040
-0.00119
-0.00125
-0.00082
-0.00079
-0.00128
-0.00110
-0.00021
0.00037
0.00049
0.00043
0.00000
-0.00031
-0.00018
0.00021
0.00061
0.00040
-0.00031
-0.00064
-0.00043
-0.00024
-0.00003
0.00000
0.00000
0.00000
0.00000
0.00000
0.00000
0.00000
0.00000
0.00000
0.00000
0.00000
0.00000
0.00000
0.00000
0.00000
0.00000
0.00000
0.00000
0.00000
0.00000
0.00000
0.00000
0.00000
0.00000
0.00000
0.00000
0.00000
0.00000
0.00000
0.00000
0.00000
0.00000
0.00000
0.00000
0.00000
0.00000
0.00000
0.00000
0.00000
0.00000
0.00000
0.00000
0.00000
0.00000
0.00000
0.00000
0.00000
0.00000
0.00000
0.00000
0.00000
0.00000
0.00000
0.00000
0.00000
0.00000
0.00000
0.00000
0.00000
0.00000
0.00000
0.00000
0.00000
0.00000
0.00000
0.00000
0.00000
0.00000
0.00000
0.00000
0.00000
0.00000
0.00000
0.00000
0.00000
0.00000
0.00000
0.00000
0.00000
0.00000
0.00000
0.00000
0.00000
0.00000
0.00000
0.00000
0.00000
0.00000
0.00000
0.00000
0.00000
0.00000
0.00000
0.00000
0.00000
0.00000
0.00000
0.00000
0.00000
0.00000
0.00000
0.00000
0.00000
0.00000
0.00000
0.00000
0.00000
0.00000
0.00000
0.00000
0.00000
0.00000
0.00000
0.00000
0.00000
0.00000
0.00000
0.00000
0.00000
0.00000
0.00000
0.00000
0.00000
0.00000
0.00000
0.00000
0.00000
0.00000
0.00000
0.00000
0.00000
0.00000
0.00000
0.00000
0.00000
0.00000
0.00000
0.00000
0.00000
0.00000
0.00000
0.00000
0.00000
0.00000
0.00000
0.00000
0.00000
0.00000
0.00000
0.00000
0.00000
0.00000
0.00000
0.00000
0.00000
