-0.00034
-0.00034
-0.00034
-0.00034
-0.00034
-0.00031
-0.00031
-0.00031
-0.00031
-0.00031
-0.00031
-0.00031
-0.00031
-0.00034
-0.00031
-0.00034
-0.00037
-0.00031
-0.00034
-0.00034
-0.00031
-0.00031
-0.00031
-0.00034
-0.00031
-0.00027
-0.00031
-0.00031
-0.00031
-0.00034
-0.00031
-0.00031
-0.00031
-0.00027
-0.00055
-0.00012
-0.00027
-0.00031
-0.00024
-0.00034
-0.00027
-0.00031
-0.00031
-0.00027
-0.00027
-0.00031
-0.00027
-0.00027
-0.00027
-0.00031
-0.00024
-0.00024
-0.00027
-0.00027
-0.00024
-0.00024
-0.00027
-0.00027
-0.00027
-0.00027
-0.00027
-0.00031
-0.00024
-0.00027
-0.00027
-0.00024
-0.00021
-0.00021
-0.00024
-0.00024
-0.00021
-0.00024
-0.00024
-0.00021
-0.00024
-0.00027
-0.00024
-0.00024
-0.00024
-0.00024
-0.00024
-0.00021
-0.00021
-0.00021
-0.00021
-0.00021
-0.00018
-0.00024
-0.00027
-0.00024
-0.00024
-0.00024
-0.00021
-0.00021
-0.00024
-0.00021
-0.00021
-0.00021
-0.00021
-0.00024
-0.00021
-0.00018
-0.00015
-0.00018
-0.00018
-0.00018
-0.00021
-0.00021
-0.00018
-0.00021
-0.00018
-0.00018
-0.00018
-0.00015
-0.00018
-0.00018
-0.00015
-0.00015
-0.00015
-0.00015
-0.00015
-0.00015
-0.00015
-0.00015
-0.00015
-0.00018
-0.00018
-0.00015
-0.00015
-0.00015
-0.00012
-0.00012
-0.00012
-0.00012
-0.00012
-0.00012
-0.00012
-0.00012
-0.00009
-0.00009
-0.00012
-0.00009
-0.00012
-0.00015
-0.00012
-0.00009
-0.00012
-0.00009
-0.00009
-0.00009
-0.00006
-0.00009
-0.00009
-0.00006
-0.00006
-0.00006
-0.00006
-0.00006
-0.00006
-0.00009
-0.00006
-0.00006
-0.00009
-0.00006
-0.00003
-0.00003
-0.00003
-0.00006
-0.00006
-0.00006
-0.00003
-0.00003
-0.00006
-0.00003
-0.00003
-0.00006
-0.00003
-0.00003
-0.00003
-0.00003
0.00000
0.00000
0.00000
-0.00003
-0.00003
0.00000
0.00000
-0.00003
-0.00003
-0.00006
-0.00009
-0.00006
-0.00003
-0.00012
0.00000
-0.00021
0.00009
-0.00031
0.00052
-0.00034
0.00006
-0.01593
-0.03284
-0.02731
-0.01883
0.00150
0.01541
0.02466
0.01880
0.01175
0.00690
0.00702
0.00809
-0.00195
-0.01236
-0.01331
-0.00592
0.00040
0.00824
0.00803
0.00314
0.00183
0.00104
0.00235
0.00391
0.00226
-0.00061
-0.00092
-0.00046
-0.00006
0.00049
0.00040
0.00034
0.00092
0.00235
0.00241
0.00183
0.00092
0.00092
0.00238
0.00262
0.00229
0.00098
-0.00043
-0.00058
0.00012
0.00067
0.00146
0.00125
0.00067
0.00067
0.00113
0.00098
0.00082
0.00101
0.00174
0.00134
0.00070
0.00089
0.00073
0.00073
0.00061
-0.00003
-0.00006
0.00021
-0.00021
-0.00037
0.00009
0.00043
0.00034
0.00009
0.00009
0.00043
0.00064
0.00018
0.00000
0.00040
0.00034
0.00015
0.00012
0.00015
0.00024
-0.00006
-0.00043
-0.00073
-0.00085
-0.00037
-0.00043
0.00000
-0.00143
-0.00259
-0.00076
-0.00125
0.00021
0.00015
0.00003
0.00104
0.00006
0.00000
-0.00085
-0.00101
-0.00089
-0.00067
0.00064
0.00092
0.00128
0.00143
0.00143
0.00070
0.00000
-0.00128
-0.00204
-0.00165
-0.00131
-0.00095
-0.00104
-0.00040
0.00018
0.00049
0.00018
-0.00070
-0.00110
-0.00070
-0.00037
-0.00037
-0.00037
-0.00064
-0.00073
-0.00073
-0.00052
-0.00018
0.00000
-0.00003
-0.00027
-0.00052
-0.00058
-0.00089
-0.00119
-0.00116
-0.00049
0.00003
-0.00003
-0.00046
-0.00049
-0.00018
0.00018
0.00040
0.00034
0.00009
-0.00012
-0.00015
-0.00003
-0.00003
-0.00040
-0.00058
-0.00049
-0.00024
-0.00015
-0.00018
-0.00012
-0.00012
-0.00012
0.00003
0.00021
0.00021
-0.00012
-0.00049
-0.00070
-0.00064
-0.00037
-0.00009
0.00003
0.00006
0.00003
0.00009
0.00000
0.00000
0.00000
0.00000
0.00000
0.00000
0.00000
0.00000
0.00000
0.00000
0.00000
0.00000
0.00000
0.00000
0.00000
0.00000
0.00000
0.00000
0.00000
0.00000
0.00000
0.00000
0.00000
0.00000
0.00000
0.00000
0.00000
0.00000
0.00000
0.00000
0.00000
0.00000
0.00000
0.00000
0.00000
0.00000
0.00000
0.00000
0.00000
0.00000
0.00000
0.00000
0.00000
0.00000
0.00000
0.00000
0.00000
0.00000
0.00000
0.00000
0.00000
0.00000
0.00000
0.00000
0.00000
0.00000
0.00000
0.00000
0.00000
0.00000
0.00000
0.00000
0.00000
0.00000
0.00000
0.00000
0.00000
0.00000
0.00000
0.00000
0.00000
0.00000
0.00000
0.00000
0.00000
0.00000
0.00000
0.00000
0.00000
0.00000
0.00000
0.00000
0.00000
0.00000
0.00000
0.00000
0.00000
0.00000
0.00000
0.00000
0.00000
0.00000
0.00000
0.00000
0.00000
0.00000
0.00000
0.00000
0.00000
0.00000
0.00000
0.00000
0.00000
0.00000
0.00000
0.00000
0.00000
0.00000
0.00000
0.00000
0.00000
0.00000
0.00000
0.00000
0.00000
0.00000
0.00000
0.00000
0.00000
0.00000
0.00000
0.00000
0.00000
0.00000
0.00000
0.00000
0.00000
0.00000
0.00000
0.00000
0.00000
0.00000
0.00000
0.00000
0.00000
0.00000
0.00000
