-0.00003
-0.00006
-0.00015
-0.00021
-0.00024
-0.00024
-0.00018
-0.00018
-0.00015
-0.00009
-0.00009
-0.00009
-0.00009
-0.00009
-0.00009
-0.00015
-0.00024
-0.00024
-0.00024
-0.00021
-0.00018
-0.00015
-0.00012
-0.00015
-0.00018
-0.00018
-0.00021
-0.00021
-0.00015
-0.00012
-0.00009
-0.00009
-0.00012
-0.00009
-0.00012
-0.00018
-0.00018
-0.00015
-0.00021
-0.00027
-0.00021
-0.00027
-0.00027
-0.00018
-0.00015
-0.00012
-0.00006
-0.00012
-0.00018
-0.00012
-0.00018
-0.00024
-0.00021
-0.00027
-0.00031
-0.00027
-0.00027
-0.00021
-0.00018
-0.00009
-0.00009
-0.00015
-0.00021
-0.00027
-0.00021
-0.00024
-0.00034
-0.00021
-0.00018
-0.00024
-0.00021
-0.00015
-0.00024
-0.00024
-0.00031
-0.00024
-0.00021
-0.00015
-0.00012
-0.00012
-0.00009
-0.00009
-0.00021
-0.00024
-0.00015
-0.00024
-0.00040
-0.00031
-0.00031
-0.00037
-0.00031
-0.00015
-0.00015
-0.00018
-0.00021
-0.00021
-0.00021
-0.00018
-0.00024
-0.00024
-0.00018
-0.00024
-0.00021
-0.00015
-0.00015
-0.00021
-0.00027
-0.00031
-0.00031
-0.00037
-0.00034
-0.00021
-0.00018
-0.00012
-0.00009
-0.00009
-0.00012
-0.00012
-0.00015
-0.00018
-0.00021
-0.00031
-0.00031
-0.00031
-0.00031
-0.00027
-0.00015
-0.00012
-0.00021
-0.00018
-0.00021
-0.00024
-0.00027
-0.00024
-0.00024
-0.00031
-0.00027
-0.00024
-0.00021
-0.00021
-0.00009
-0.00009
-0.00015
-0.00018
-0.00031
-0.00031
-0.00031
-0.00027
-0.00027
-0.00024
-0.00015
-0.00021
-0.00021
-0.00018
-0.00021
-0.00027
-0.00027
-0.00024
-0.00024
-0.00024
-0.00021
-0.00024
-0.00024
-0.00021
-0.00024
-0.00021
-0.00021
-0.00024
-0.00024
-0.00024
-0.00021
-0.00018
-0.00024
-0.00027
-0.00024
-0.00024
-0.00021
-0.00021
-0.00021
-0.00021
-0.00031
-0.00027
-0.00040
-0.00015
-0.00058
0.00009
-0.00079
0.00021
-0.00082
0.00046
-0.00119
0.00113
-0.01413
-0.06964
-0.03427
-0.02338
-0.03503
0.01212
0.07678
0.05548
0.05502
0.02005
-0.02197
0.00281
-0.02045
-0.04227
-0.01532
0.01373
0.00110
0.00772
0.01929
0.00040
-0.00534
0.00449
-0.00879
0.00082
0.01343
-0.00760
-0.00513
0.01044
0.00006
-0.00342
0.00360
-0.00015
-0.00357
0.00122
-0.00003
-0.00247
0.00491
0.00467
0.00336
0.00424
0.00443
-0.00021
-0.00211
-0.00052
-0.00153
-0.00424
-0.00272
-0.00119
-0.00134
0.00122
0.00375
0.00302
0.00192
0.00311
0.00281
0.00092
0.00110
0.00064
-0.00128
-0.00116
-0.00040
-0.00052
-0.00031
0.00000
-0.00064
-0.00076
0.00024
0.00000
-0.00043
0.00043
0.00082
-0.00034
-0.00043
0.00027
0.00052
-0.00021
-0.00015
0.00003
-0.00049
-0.00101
-0.00183
-0.00204
-0.00113
-0.00110
-0.00119
-0.00043
-0.00006
-0.00021
-0.00058
0.00003
-0.00049
0.00000
0.00000
0.00000
0.00000
0.00000
0.00000
0.00000
0.00000
0.00000
0.00000
0.00000
0.00000
0.00000
0.00000
0.00000
0.00000
0.00000
0.00000
0.00000
0.00000
0.00000
0.00000
0.00000
0.00000
0.00000
0.00000
0.00000
0.00000
0.00000
0.00000
0.00000
0.00000
0.00000
0.00000
0.00000
0.00000
0.00000
0.00000
0.00000
0.00000
0.00000
0.00000
0.00000
0.00000
0.00000
0.00000
0.00000
0.00000
0.00000
0.00000
0.00000
0.00000
0.00000
0.00000
0.00000
0.00000
0.00000
0.00000
0.00000
0.00000
0.00000
0.00000
0.00000
0.00000
0.00000
0.00000
0.00000
0.00000
0.00000
0.00000
0.00000
0.00000
0.00000
0.00000
0.00000
0.00000
0.00000
0.00000
0.00000
0.00000
0.00000
0.00000
0.00000
0.00000
0.00000
0.00000
0.00000
0.00000
0.00000
0.00000
0.00000
0.00000
0.00000
0.00000
0.00000
0.00000
0.00000
0.00000
0.00000
0.00000
0.00000
0.00000
0.00000
0.00000
0.00000
0.00000
0.00000
0.00000
0.00000
0.00000
0.00000
0.00000
0.00000
0.00000
0.00000
0.00000
0.00000
0.00000
0.00000
0.00000
0.00000
0.00000
0.00000
0.00000
0.00000
0.00000
0.00000
0.00000
0.00000
0.00000
0.00000
0.00000
0.00000
0.00000
0.00000
0.00000
0.00000
0.00000
0.00000
0.00000
0.00000
0.00000
0.00000
0.00000
0.00000
0.00000
0.00000
0.00000
0.00000
0.00000
0.00000
0.00000
0.00000
0.00000
0.00000
0.00000
0.00000
0.00000
0.00000
0.00000
0.00000
0.00000
0.00000
0.00000
0.00000
0.00000
0.00000
0.00000
0.00000
0.00000
0.00000
0.00000
0.00000
0.00000
0.00000
0.00000
0.00000
0.00000
0.00000
0.00000
0.00000
0.00000
0.00000
0.00000
0.00000
0.00000
0.00000
0.00000
0.00000
0.00000
0.00000
0.00000
0.00000
0.00000
0.00000
0.00000
0.00000
0.00000
0.00000
0.00000
0.00000
0.00000
0.00000
0.00000
0.00000
0.00000
0.00000
0.00000
0.00000
0.00000
0.00000
0.00000
0.00000
0.00000
0.00000
0.00000
0.00000
0.00000
0.00000
0.00000
0.00000
0.00000
0.00000
0.00000
0.00000
0.00000
0.00000
0.00000
0.00000
