0.00021
0.00015
0.00015
0.00003
0.00003
0.00006
0.00003
0.00006
0.00006
0.00009
0.00015
0.00015
0.00009
0.00000
0.00000
0.00000
0.00003
0.00012
0.00024
0.00012
0.00003
0.00003
0.00003
0.00000
0.00009
0.00012
0.00012
0.00015
0.00003
0.00003
0.00009
0.00012
0.00015
0.00018
0.00018
0.00009
0.00006
0.00000
-0.00006
-0.00012
-0.00003
0.00000
0.00009
0.00024
0.00031
0.00024
0.00006
0.00000
-0.00003
-0.00015
-0.00015
0.00000
0.00003
0.00000
0.00006
0.00003
0.00000
0.00000
0.00015
0.00000
0.00003
0.00015
-0.00015
-0.00006
0.00000
-0.00009
-0.00012
-0.00009
0.00000
0.00003
0.00009
0.00015
0.00015
0.00006
0.00006
0.00009
-0.00003
-0.00006
-0.00006
-0.00009
0.00000
0.00009
0.00000
-0.00006
-0.00006
-0.00003
-0.00012
-0.00003
0.00009
0.00003
0.00012
0.00021
0.00003
0.00000
0.00000
-0.00003
-0.00012
-0.00018
-0.00018
-0.00021
-0.00012
0.00000
0.00000
-0.00006
0.00003
0.00000
-0.00012
0.00000
0.00000
-0.00006
0.00000
0.00006
-0.00003
-0.00015
-0.00006
-0.00012
-0.00012
0.00000
-0.00003
-0.00015
-0.00012
-0.00006
-0.00012
0.00000
0.00003
0.00000
0.00000
0.00003
0.00000
-0.00015
-0.00009
-0.00018
-0.00021
-0.00021
-0.00021
-0.00027
-0.00021
-0.00003
-0.00003
0.00000
0.00006
0.00000
-0.00018
-0.00012
-0.00012
-0.00021
-0.00018
-0.00012
0.00000
-0.00009
-0.00015
-0.00009
-0.00003
-0.00009
-0.00012
-0.00009
-0.00012
-0.00018
-0.00018
-0.00018
-0.00003
0.00000
-0.00003
-0.00012
-0.00009
-0.00015
-0.00037
-0.00018
-0.00015
-0.00024
-0.00018
-0.00009
-0.00012
-0.00009
-0.00015
0.00003
-0.00027
0.00031
-0.00082
0.00098
-0.00201
0.00220
-0.00354
0.00439
-0.00635
0.00760
-0.06821
-0.14664
-0.00781
-0.06125
-0.01346
0.10443
0.15540
0.13943
0.03156
-0.05692
-0.04156
-0.02127
-0.05392
-0.03888
0.01315
0.02591
0.01245
0.02301
0.00595
-0.01309
-0.00180
-0.00204
-0.00684
0.01648
0.00601
-0.00409
0.00815
0.01062
0.00275
-0.00369
-0.00760
-0.00851
-0.00516
-0.00793
-0.00110
0.00339
0.00644
0.00842
0.00836
0.00516
0.00595
0.00049
-0.00388
-0.00473
-0.00418
-0.00592
-0.00192
0.00034
0.00146
0.00220
0.00388
0.00269
0.00128
0.00391
0.00320
0.00040
0.00031
0.00015
-0.00095
-0.00259
-0.00180
-0.00043
-0.00204
-0.00171
-0.00110
-0.00064
0.00000
-0.00089
0.00046
0.00052
0.00140
0.00061
0.00009
0.00223
0.00058
-0.00085
-0.00027
-0.00186
-0.00250
-0.00415
-0.00211
-0.00034
-0.00043
-0.00034
-0.00116
-0.00079
-0.00171
-0.00220
-0.00098
-0.00110
-0.00095
-0.00049
0.00000
0.00000
0.00000
0.00000
0.00000
0.00000
0.00000
0.00000
0.00000
0.00000
0.00000
0.00000
0.00000
0.00000
0.00000
0.00000
0.00000
0.00000
0.00000
0.00000
0.00000
0.00000
0.00000
0.00000
0.00000
0.00000
0.00000
0.00000
0.00000
0.00000
0.00000
0.00000
0.00000
0.00000
0.00000
0.00000
0.00000
0.00000
0.00000
0.00000
0.00000
0.00000
0.00000
0.00000
0.00000
0.00000
0.00000
0.00000
0.00000
0.00000
0.00000
0.00000
0.00000
0.00000
0.00000
0.00000
0.00000
0.00000
0.00000
0.00000
0.00000
0.00000
0.00000
0.00000
0.00000
0.00000
0.00000
0.00000
0.00000
0.00000
0.00000
0.00000
0.00000
0.00000
0.00000
0.00000
0.00000
0.00000
0.00000
0.00000
0.00000
0.00000
0.00000
0.00000
0.00000
0.00000
0.00000
0.00000
0.00000
0.00000
0.00000
0.00000
0.00000
0.00000
0.00000
0.00000
0.00000
0.00000
0.00000
0.00000
0.00000
0.00000
0.00000
0.00000
0.00000
0.00000
0.00000
0.00000
0.00000
0.00000
0.00000
0.00000
0.00000
0.00000
0.00000
0.00000
0.00000
0.00000
0.00000
0.00000
0.00000
0.00000
0.00000
0.00000
0.00000
0.00000
0.00000
0.00000
0.00000
0.00000
0.00000
0.00000
0.00000
0.00000
0.00000
0.00000
0.00000
0.00000
0.00000
0.00000
0.00000
0.00000
0.00000
0.00000
0.00000
0.00000
0.00000
0.00000
0.00000
0.00000
0.00000
0.00000
0.00000
0.00000
0.00000
0.00000
0.00000
0.00000
0.00000
0.00000
0.00000
0.00000
0.00000
0.00000
0.00000
0.00000
0.00000
0.00000
0.00000
0.00000
0.00000
0.00000
0.00000
0.00000
0.00000
0.00000
0.00000
0.00000
0.00000
0.00000
0.00000
0.00000
0.00000
0.00000
0.00000
0.00000
0.00000
0.00000
0.00000
0.00000
0.00000
0.00000
0.00000
0.00000
0.00000
0.00000
0.00000
0.00000
0.00000
0.00000
0.00000
0.00000
0.00000
0.00000
0.00000
0.00000
0.00000
0.00000
0.00000
0.00000
0.00000
0.00000
0.00000
0.00000
0.00000
0.00000
0.00000
0.00000
0.00000
0.00000
0.00000
0.00000
0.00000
0.00000
0.00000
0.00000
0.00000
0.00000
0.00000
0.00000
0.00000
0.00000
0.00000
0.00000
