0.00000
0.00000
0.00000
0.00000
-0.00003
0.00000
-0.00003
-0.00012
-0.00012
-0.00009
-0.00009
0.00000
0.00000
0.00000
0.00000
-0.00003
-0.00003
-0.00006
-0.00006
0.00000
0.00000
0.00000
0.00000
0.00000
-0.00003
-0.00006
-0.00003
-0.00003
-0.00006
-0.00009
-0.00006
-0.00006
-0.00003
0.00000
0.00000
-0.00006
-0.00006
-0.00003
0.00000
-0.00003
0.00000
-0.00003
-0.00006
-0.00009
-0.00009
-0.00009
-0.00006
-0.00003
-0.00003
0.00000
0.00000
0.00000
0.00000
-0.00003
-0.00003
-0.00009
-0.00006
0.00000
0.00003
0.00003
0.00000
0.00000
0.00000
-0.00006
-0.00012
-0.00009
0.00000
0.00000
0.00000
0.00000
-0.00003
-0.00006
-0.00012
-0.00012
-0.00003
-0.00003
0.00000
0.00000
0.00003
0.00000
-0.00006
-0.00006
-0.00012
-0.00015
-0.00009
0.00000
0.00000
0.00009
0.00009
0.00003
0.00000
-0.00003
-0.00006
-0.00003
0.00000
0.00000
-0.00003
-0.00003
-0.00003
-0.00006
-0.00006
0.00000
0.00000
0.00000
0.00006
0.00000
0.00000
0.00000
0.00000
0.00000
-0.00003
0.00000
-0.00003
0.00000
0.00000
0.00000
0.00000
0.00000
0.00000
0.00000
-0.00003
-0.00003
0.00000
0.00000
0.00000
0.00003
0.00000
0.00000
0.00000
0.00000
0.00000
-0.00003
-0.00006
-0.00006
0.00000
0.00000
0.00000
0.00000
0.00003
0.00000
0.00000
-0.00003
0.00000
0.00000
-0.00006
0.00000
0.00000
-0.00003
0.00000
0.00003
0.00000
0.00000
0.00000
-0.00006
-0.00006
-0.00006
-0.00003
0.00000
0.00000
0.00000
-0.00003
0.00000
0.00000
0.00000
0.00000
0.00003
-0.00003
0.00000
0.00000
-0.00006
-0.00012
-0.00009
-0.00009
-0.00009
-0.00009
-0.00006
-0.00003
0.00000
0.00000
0.00000
0.00000
-0.00003
-0.00012
-0.00012
0.00000
-0.00015
-0.00009
-0.00012
-0.00009
-0.00003
0.00000
-0.00003
0.00003
-0.00024
0.00031
-0.00040
-0.00024
-0.01361
-0.01956
-0.02151
-0.02448
-0.01407
-0.00589
0.00641
0.01437
0.01852
0.01782
0.01514
0.01379
0.00763
0.00150
-0.00436
-0.00629
-0.00430
-0.00290
-0.00162
-0.00034
0.00409
0.00330
0.00098
0.00217
0.00409
0.00452
0.00156
0.00021
0.00000
-0.00049
-0.00073
0.00000
0.00046
-0.00092
-0.00259
-0.00198
0.00122
0.00333
0.00305
0.00311
0.00433
0.00406
0.00284
0.00159
0.00000
-0.00101
-0.00113
-0.00082
-0.00015
0.00021
0.00034
0.00015
0.00110
0.00183
0.00171
0.00186
0.00168
0.00122
0.00107
0.00104
0.00089
0.00024
-0.00015
-0.00034
-0.00037
-0.00055
-0.00092
-0.00070
0.00003
0.00034
0.00055
0.00055
0.00067
0.00058
0.00040
0.00040
0.00003
-0.00052
-0.00092
-0.00089
-0.00061
-0.00076
-0.00067
-0.00064
-0.00079
-0.00085
-0.00061
-0.00027
-0.00031
-0.00049
-0.00052
0.00000
0.00000
0.00000
0.00000
0.00000
0.00000
0.00000
0.00000
0.00000
0.00000
0.00000
0.00000
0.00000
0.00000
0.00000
0.00000
0.00000
0.00000
0.00000
0.00000
0.00000
0.00000
0.00000
0.00000
0.00000
0.00000
0.00000
0.00000
0.00000
0.00000
0.00000
0.00000
0.00000
0.00000
0.00000
0.00000
0.00000
0.00000
0.00000
0.00000
0.00000
0.00000
0.00000
0.00000
0.00000
0.00000
0.00000
0.00000
0.00000
0.00000
0.00000
0.00000
0.00000
0.00000
0.00000
0.00000
0.00000
0.00000
0.00000
0.00000
0.00000
0.00000
0.00000
0.00000
0.00000
0.00000
0.00000
0.00000
0.00000
0.00000
0.00000
0.00000
0.00000
0.00000
0.00000
0.00000
0.00000
0.00000
0.00000
0.00000
0.00000
0.00000
0.00000
0.00000
0.00000
0.00000
0.00000
0.00000
0.00000
0.00000
0.00000
0.00000
0.00000
0.00000
0.00000
0.00000
0.00000
0.00000
0.00000
0.00000
0.00000
0.00000
0.00000
0.00000
0.00000
0.00000
0.00000
0.00000
0.00000
0.00000
0.00000
0.00000
0.00000
0.00000
0.00000
0.00000
0.00000
0.00000
0.00000
0.00000
0.00000
0.00000
0.00000
0.00000
0.00000
0.00000
0.00000
0.00000
0.00000
0.00000
0.00000
0.00000
0.00000
0.00000
0.00000
0.00000
0.00000
0.00000
0.00000
0.00000
0.00000
0.00000
0.00000
0.00000
0.00000
0.00000
0.00000
0.00000
0.00000
0.00000
0.00000
0.00000
0.00000
0.00000
0.00000
0.00000
0.00000
0.00000
0.00000
0.00000
0.00000
0.00000
0.00000
0.00000
0.00000
0.00000
0.00000
0.00000
0.00000
0.00000
0.00000
0.00000
0.00000
0.00000
0.00000
0.00000
0.00000
0.00000
0.00000
0.00000
0.00000
0.00000
0.00000
0.00000
0.00000
0.00000
0.00000
0.00000
0.00000
0.00000
0.00000
0.00000
0.00000
0.00000
0.00000
0.00000
0.00000
0.00000
0.00000
0.00000
0.00000
0.00000
0.00000
0.00000
0.00000
0.00000
0.00000
0.00000
0.00000
0.00000
0.00000
0.00000
0.00000
0.00000
0.00000
0.00000
0.00000
0.00000
0.00000
0.00000
0.00000
0.00000
0.00000
0.00000
