-0.00009
-0.00003
-0.00015
-0.00024
-0.00018
-0.00018
-0.00021
-0.00006
-0.00003
-0.00009
-0.00015
-0.00018
-0.00024
-0.00012
-0.00006
-0.00012
-0.00012
-0.00003
-0.00009
-0.00018
-0.00015
-0.00018
-0.00018
-0.00009
-0.00006
-0.00012
-0.00009
0.00000
-0.00006
-0.00009
-0.00009
-0.00015
-0.00012
-0.00012
-0.00021
-0.00018
-0.00012
-0.00015
-0.00018
-0.00015
-0.00012
-0.00015
-0.00012
-0.00003
-0.00009
-0.00015
-0.00012
-0.00012
-0.00009
-0.00009
-0.00009
-0.00009
-0.00012
-0.00012
-0.00003
-0.00031
-0.00009
-0.00012
-0.00027
-0.00018
-0.00003
-0.00006
-0.00015
-0.00009
-0.00012
-0.00018
-0.00012
-0.00012
-0.00018
-0.00009
-0.00006
-0.00003
-0.00009
-0.00015
-0.00018
-0.00024
-0.00015
-0.00006
-0.00006
-0.00006
-0.00003
0.00000
-0.00015
-0.00009
-0.00015
-0.00027
-0.00024
-0.00015
-0.00015
-0.00006
-0.00006
-0.00003
-0.00006
-0.00012
-0.00018
-0.00012
-0.00006
-0.00012
-0.00015
-0.00006
0.00000
-0.00015
-0.00024
-0.00012
-0.00012
-0.00018
-0.00015
-0.00003
-0.00012
-0.00012
-0.00009
-0.00009
-0.00012
-0.00009
-0.00015
-0.00021
-0.00012
-0.00018
-0.00015
-0.00006
-0.00003
-0.00006
-0.00009
-0.00006
-0.00015
-0.00015
-0.00012
-0.00012
-0.00006
-0.00009
-0.00015
-0.00012
-0.00015
-0.00018
-0.00018
-0.00015
-0.00009
-0.00015
-0.00021
-0.00003
-0.00003
-0.00006
-0.00006
-0.00006
-0.00015
-0.00018
-0.00015
-0.00015
-0.00015
-0.00015
-0.00012
-0.00009
-0.00006
-0.00003
-0.00003
-0.00012
-0.00012
-0.00018
-0.00024
-0.00021
-0.00003
-0.00015
-0.00018
-0.00006
-0.00015
-0.00021
-0.00012
-0.00009
-0.00009
-0.00006
-0.00015
-0.00012
-0.00024
0.00006
-0.00067
0.00085
-0.00195
0.00256
-0.00461
0.00671
-0.01038
0.00992
-0.13278
-0.12891
0.00974
-0.03485
0.00311
0.10962
0.20612
0.06253
-0.01788
-0.05707
-0.04352
-0.00891
0.00201
-0.04224
0.02863
0.04584
0.00015
0.00967
-0.00687
-0.02933
-0.00424
0.01440
-0.00549
0.01657
0.03012
-0.01373
-0.00803
0.02298
-0.00519
-0.00998
0.00098
-0.00891
-0.01370
0.00455
0.00262
-0.00317
0.01068
0.01013
0.00156
0.00418
0.00671
-0.00339
-0.00357
-0.00400
-0.00256
-0.00568
0.00009
0.00162
0.00143
0.00006
0.00513
0.00018
-0.00009
0.00497
0.00604
-0.00052
0.00031
0.00143
-0.00198
-0.00299
0.00116
-0.00131
-0.00360
-0.00104
-0.00214
-0.00223
-0.00021
-0.00040
-0.00122
0.00009
0.00198
-0.00125
0.00018
0.00275
0.00079
-0.00061
0.00018
-0.00186
-0.00351
-0.00415
-0.00113
-0.00101
0.00027
-0.00037
-0.00143
-0.00140
-0.00192
-0.00266
-0.00119
-0.00064
0.00015
0.00000
0.00000
0.00000
0.00000
0.00000
0.00000
0.00000
0.00000
0.00000
0.00000
0.00000
0.00000
0.00000
0.00000
0.00000
0.00000
0.00000
0.00000
0.00000
0.00000
0.00000
0.00000
0.00000
0.00000
0.00000
0.00000
0.00000
0.00000
0.00000
0.00000
0.00000
0.00000
0.00000
0.00000
0.00000
0.00000
0.00000
0.00000
0.00000
0.00000
0.00000
0.00000
0.00000
0.00000
0.00000
0.00000
0.00000
0.00000
0.00000
0.00000
0.00000
0.00000
0.00000
0.00000
0.00000
0.00000
0.00000
0.00000
0.00000
0.00000
0.00000
0.00000
0.00000
0.00000
0.00000
0.00000
0.00000
0.00000
0.00000
0.00000
0.00000
0.00000
0.00000
0.00000
0.00000
0.00000
0.00000
0.00000
0.00000
0.00000
0.00000
0.00000
0.00000
0.00000
0.00000
0.00000
0.00000
0.00000
0.00000
0.00000
0.00000
0.00000
0.00000
0.00000
0.00000
0.00000
0.00000
0.00000
0.00000
0.00000
0.00000
0.00000
0.00000
0.00000
0.00000
0.00000
0.00000
0.00000
0.00000
0.00000
0.00000
0.00000
0.00000
0.00000
0.00000
0.00000
0.00000
0.00000
0.00000
0.00000
0.00000
0.00000
0.00000
0.00000
0.00000
0.00000
0.00000
0.00000
0.00000
0.00000
0.00000
0.00000
0.00000
0.00000
0.00000
0.00000
0.00000
0.00000
0.00000
0.00000
0.00000
0.00000
0.00000
0.00000
0.00000
0.00000
0.00000
0.00000
0.00000
0.00000
0.00000
0.00000
0.00000
0.00000
0.00000
0.00000
0.00000
0.00000
0.00000
0.00000
0.00000
0.00000
0.00000
0.00000
0.00000
0.00000
0.00000
0.00000
0.00000
0.00000
0.00000
0.00000
0.00000
0.00000
0.00000
0.00000
0.00000
0.00000
0.00000
0.00000
0.00000
0.00000
0.00000
0.00000
0.00000
0.00000
0.00000
0.00000
0.00000
0.00000
0.00000
0.00000
0.00000
0.00000
0.00000
0.00000
0.00000
0.00000
0.00000
0.00000
0.00000
0.00000
0.00000
0.00000
0.00000
0.00000
0.00000
0.00000
0.00000
0.00000
0.00000
0.00000
0.00000
0.00000
0.00000
0.00000
0.00000
0.00000
0.00000
0.00000
0.00000
0.00000
0.00000
0.00000
0.00000
0.00000
0.00000
0.00000
0.00000
0.00000
0.00000
0.00000
0.00000
0.00000
0.00000
0.00000
0.00000
0.00000
0.00000
