-0.00012
-0.00015
-0.00015
-0.00015
-0.00006
-0.00009
-0.00015
-0.00009
-0.00009
-0.00012
-0.00006
-0.00003
-0.00009
-0.00012
-0.00012
-0.00018
-0.00015
-0.00009
-0.00012
-0.00015
-0.00015
-0.00015
-0.00018
-0.00012
-0.00009
-0.00012
-0.00012
-0.00015
-0.00018
-0.00024
-0.00021
-0.00015
-0.00015
-0.00015
-0.00009
-0.00012
-0.00024
-0.00021
-0.00015
-0.00021
-0.00015
-0.00006
-0.00012
-0.00012
-0.00012
-0.00018
-0.00021
-0.00018
-0.00021
-0.00024
-0.00015
-0.00018
-0.00015
-0.00009
-0.00012
-0.00015
-0.00018
-0.00027
-0.00031
-0.00024
-0.00021
-0.00012
-0.00006
-0.00012
-0.00018
-0.00021
-0.00031
-0.00031
-0.00027
-0.00024
-0.00021
-0.00012
-0.00009
-0.00015
-0.00015
-0.00021
-0.00031
-0.00027
-0.00027
-0.00024
-0.00024
-0.00021
-0.00018
-0.00018
-0.00018
-0.00021
-0.00018
-0.00021
-0.00021
-0.00018
-0.00021
-0.00018
-0.00024
-0.00027
-0.00024
-0.00024
-0.00027
-0.00021
-0.00021
-0.00024
-0.00015
-0.00015
-0.00018
-0.00027
-0.00034
-0.00034
-0.00031
-0.00034
-0.00027
-0.00018
-0.00018
-0.00027
-0.00027
-0.00024
-0.00031
-0.00027
-0.00021
-0.00021
-0.00027
-0.00024
-0.00024
-0.00027
-0.00031
-0.00024
-0.00018
-0.00021
-0.00024
-0.00024
-0.00024
-0.00031
-0.00027
-0.00024
-0.00027
-0.00031
-0.00027
-0.00031
-0.00031
-0.00024
-0.00027
-0.00027
-0.00024
-0.00034
-0.00034
-0.00021
-0.00021
-0.00024
-0.00021
-0.00021
-0.00027
-0.00027
-0.00024
-0.00027
-0.00031
-0.00034
-0.00031
-0.00031
-0.00031
-0.00021
-0.00021
-0.00024
-0.00031
-0.00034
-0.00037
-0.00037
-0.00034
-0.00027
-0.00024
-0.00027
-0.00031
-0.00031
-0.00027
-0.00031
-0.00031
-0.00027
-0.00031
-0.00031
-0.00027
-0.00024
-0.00024
-0.00034
-0.00031
-0.00037
-0.00037
-0.00021
-0.00034
-0.00024
-0.00027
-0.00027
-0.00031
-0.00037
-0.00027
-0.00031
-0.00018
-0.00040
-0.00040
-0.00052
-0.00034
-0.00043
-0.00024
-0.00562
-0.02328
-0.02420
-0.01959
-0.01767
-0.00485
0.00598
0.01010
0.01471
0.01926
0.01450
0.00888
0.00510
-0.00305
-0.00510
-0.00052
-0.00278
-0.00018
0.00467
0.00266
0.00156
0.00223
0.00079
-0.00021
0.00198
0.00021
-0.00110
0.00146
0.00082
-0.00101
0.00070
0.00049
-0.00180
-0.00095
0.00034
0.00024
0.00116
0.00266
0.00302
0.00314
0.00360
0.00214
0.00018
-0.00031
-0.00012
0.00000
0.00003
0.00000
-0.00079
-0.00085
0.00018
0.00079
0.00092
0.00128
0.00116
0.00067
0.00122
0.00183
0.00137
0.00052
0.00034
0.00031
-0.00012
-0.00076
-0.00089
-0.00055
-0.00015
-0.00015
-0.00027
-0.00021
0.00006
0.00015
0.00015
0.00021
-0.00006
-0.00064
-0.00070
-0.00031
-0.00018
-0.00034
-0.00046
-0.00076
-0.00110
-0.00089
-0.00061
-0.00070
-0.00073
-0.00076
-0.00076
-0.00061
0.00000
0.00000
0.00000
0.00000
0.00000
0.00000
0.00000
0.00000
0.00000
0.00000
0.00000
0.00000
0.00000
0.00000
0.00000
0.00000
0.00000
0.00000
0.00000
0.00000
0.00000
0.00000
0.00000
0.00000
0.00000
0.00000
0.00000
0.00000
0.00000
0.00000
0.00000
0.00000
0.00000
0.00000
0.00000
0.00000
0.00000
0.00000
0.00000
0.00000
0.00000
0.00000
0.00000
0.00000
0.00000
0.00000
0.00000
0.00000
0.00000
0.00000
0.00000
0.00000
0.00000
0.00000
0.00000
0.00000
0.00000
0.00000
0.00000
0.00000
0.00000
0.00000
0.00000
0.00000
0.00000
0.00000
0.00000
0.00000
0.00000
0.00000
0.00000
0.00000
0.00000
0.00000
0.00000
0.00000
0.00000
0.00000
0.00000
0.00000
0.00000
0.00000
0.00000
0.00000
0.00000
0.00000
0.00000
0.00000
0.00000
0.00000
0.00000
0.00000
0.00000
0.00000
0.00000
0.00000
0.00000
0.00000
0.00000
0.00000
0.00000
0.00000
0.00000
0.00000
0.00000
0.00000
0.00000
0.00000
0.00000
0.00000
0.00000
0.00000
0.00000
0.00000
0.00000
0.00000
0.00000
0.00000
0.00000
0.00000
0.00000
0.00000
0.00000
0.00000
0.00000
0.00000
0.00000
0.00000
0.00000
0.00000
0.00000
0.00000
0.00000
0.00000
0.00000
0.00000
0.00000
0.00000
0.00000
0.00000
0.00000
0.00000
0.00000
0.00000
0.00000
0.00000
0.00000
0.00000
0.00000
0.00000
0.00000
0.00000
0.00000
0.00000
0.00000
0.00000
0.00000
0.00000
0.00000
0.00000
0.00000
0.00000
0.00000
0.00000
0.00000
0.00000
0.00000
0.00000
0.00000
0.00000
0.00000
0.00000
0.00000
0.00000
0.00000
0.00000
0.00000
0.00000
0.00000
0.00000
0.00000
0.00000
0.00000
0.00000
0.00000
0.00000
0.00000
0.00000
0.00000
0.00000
0.00000
0.00000
0.00000
0.00000
0.00000
0.00000
0.00000
0.00000
0.00000
0.00000
0.00000
0.00000
0.00000
0.00000
0.00000
0.00000
0.00000
0.00000
0.00000
0.00000
0.00000
0.00000
0.00000
0.00000
0.00000
0.00000
0.00000
0.00000
0.00000
0.00000
0.00000
0.00000
0.00000
