-0.00027
-0.00034
-0.00034
-0.00034
-0.00037
-0.00037
-0.00031
-0.00024
-0.00018
-0.00024
-0.00027
-0.00027
-0.00034
-0.00034
-0.00034
-0.00037
-0.00034
-0.00034
-0.00031
-0.00024
-0.00027
-0.00031
-0.00024
-0.00021
-0.00031
-0.00034
-0.00031
-0.00034
-0.00034
-0.00027
-0.00021
-0.00024
-0.00027
-0.00024
-0.00024
-0.00031
-0.00034
-0.00034
-0.00031
-0.00027
-0.00027
-0.00024
-0.00015
-0.00018
-0.00027
-0.00027
-0.00024
-0.00031
-0.00027
-0.00024
-0.00027
-0.00031
-0.00027
-0.00024
-0.00027
-0.00027
-0.00021
-0.00024
-0.00027
-0.00027
-0.00027
-0.00027
-0.00027
-0.00027
-0.00027
-0.00024
-0.00021
-0.00031
-0.00024
-0.00015
-0.00024
-0.00024
-0.00024
-0.00027
-0.00037
-0.00031
-0.00024
-0.00027
-0.00027
-0.00018
-0.00018
-0.00024
-0.00021
-0.00015
-0.00021
-0.00024
-0.00024
-0.00024
-0.00024
-0.00024
-0.00024
-0.00024
-0.00024
-0.00027
-0.00024
-0.00021
-0.00021
-0.00018
-0.00012
-0.00015
-0.00021
-0.00024
-0.00024
-0.00027
-0.00027
-0.00024
-0.00018
-0.00021
-0.00021
-0.00015
-0.00015
-0.00021
-0.00024
-0.00021
-0.00024
-0.00031
-0.00024
-0.00015
-0.00015
-0.00018
-0.00018
-0.00018
-0.00024
-0.00027
-0.00015
-0.00012
-0.00018
-0.00021
-0.00021
-0.00021
-0.00027
-0.00021
-0.00018
-0.00015
-0.00015
-0.00018
-0.00015
-0.00015
-0.00024
-0.00027
-0.00021
-0.00024
-0.00027
-0.00021
-0.00012
-0.00012
-0.00018
-0.00015
-0.00015
-0.00024
-0.00024
-0.00018
-0.00018
-0.00027
-0.00024
-0.00021
-0.00021
-0.00024
-0.00015
-0.00012
-0.00015
-0.00012
-0.00012
-0.00015
-0.00021
-0.00015
-0.00018
-0.00021
-0.00021
-0.00027
-0.00024
-0.00018
-0.00015
-0.00015
-0.00018
-0.00021
-0.00027
-0.00024
-0.00015
-0.00015
-0.00012
-0.00009
-0.00015
-0.00015
-0.00027
-0.00006
-0.00040
0.00000
-0.00052
0.00012
-0.00095
0.00027
-0.00107
0.00116
-0.01456
-0.04861
-0.02316
-0.01971
-0.00992
0.00739
0.01553
0.02438
0.02090
0.02014
0.00552
0.00629
0.00955
-0.00372
-0.00616
-0.00369
-0.00259
0.00461
0.00439
-0.00247
0.00089
0.00333
-0.00247
-0.00244
0.00351
0.00238
-0.00131
0.00238
0.00314
0.00131
0.00192
-0.00031
-0.00061
-0.00015
-0.00125
-0.00223
0.00037
0.00317
0.00146
-0.00040
0.00186
0.00217
0.00064
0.00153
0.00259
0.00113
0.00043
0.00043
-0.00015
-0.00027
0.00079
0.00000
-0.00024
0.00217
0.00226
0.00110
0.00174
0.00150
0.00049
0.00031
0.00095
0.00031
-0.00070
-0.00052
-0.00064
-0.00052
0.00034
0.00012
0.00015
0.00012
0.00021
0.00000
-0.00031
0.00003
-0.00009
0.00000
0.00061
0.00024
0.00021
0.00000
-0.00040
-0.00119
-0.00186
-0.00159
-0.00156
-0.00101
-0.00027
-0.00006
0.00012
0.00006
-0.00012
-0.00046
0.00000
0.00000
0.00000
0.00000
0.00000
0.00000
0.00000
0.00000
0.00000
0.00000
0.00000
0.00000
0.00000
0.00000
0.00000
0.00000
0.00000
0.00000
0.00000
0.00000
0.00000
0.00000
0.00000
0.00000
0.00000
0.00000
0.00000
0.00000
0.00000
0.00000
0.00000
0.00000
0.00000
0.00000
0.00000
0.00000
0.00000
0.00000
0.00000
0.00000
0.00000
0.00000
0.00000
0.00000
0.00000
0.00000
0.00000
0.00000
0.00000
0.00000
0.00000
0.00000
0.00000
0.00000
0.00000
0.00000
0.00000
0.00000
0.00000
0.00000
0.00000
0.00000
0.00000
0.00000
0.00000
0.00000
0.00000
0.00000
0.00000
0.00000
0.00000
0.00000
0.00000
0.00000
0.00000
0.00000
0.00000
0.00000
0.00000
0.00000
0.00000
0.00000
0.00000
0.00000
0.00000
0.00000
0.00000
0.00000
0.00000
0.00000
0.00000
0.00000
0.00000
0.00000
0.00000
0.00000
0.00000
0.00000
0.00000
0.00000
0.00000
0.00000
0.00000
0.00000
0.00000
0.00000
0.00000
0.00000
0.00000
0.00000
0.00000
0.00000
0.00000
0.00000
0.00000
0.00000
0.00000
0.00000
0.00000
0.00000
0.00000
0.00000
0.00000
0.00000
0.00000
0.00000
0.00000
0.00000
0.00000
0.00000
0.00000
0.00000
0.00000
0.00000
0.00000
0.00000
0.00000
0.00000
0.00000
0.00000
0.00000
0.00000
0.00000
0.00000
0.00000
0.00000
0.00000
0.00000
0.00000
0.00000
0.00000
0.00000
0.00000
0.00000
0.00000
0.00000
0.00000
0.00000
0.00000
0.00000
0.00000
0.00000
0.00000
0.00000
0.00000
0.00000
0.00000
0.00000
0.00000
0.00000
0.00000
0.00000
0.00000
0.00000
0.00000
0.00000
0.00000
0.00000
0.00000
0.00000
0.00000
0.00000
0.00000
0.00000
0.00000
0.00000
0.00000
0.00000
0.00000
0.00000
0.00000
0.00000
0.00000
0.00000
0.00000
0.00000
0.00000
0.00000
0.00000
0.00000
0.00000
0.00000
0.00000
0.00000
0.00000
0.00000
0.00000
0.00000
0.00000
0.00000
0.00000
0.00000
0.00000
0.00000
0.00000
0.00000
0.00000
0.00000
0.00000
0.00000
0.00000
0.00000
0.00000
0.00000
0.00000
0.00000
