-0.00015
-0.00015
-0.00018
-0.00018
-0.00024
-0.00031
-0.00027
-0.00024
-0.00024
-0.00021
-0.00021
-0.00021
-0.00021
-0.00021
-0.00018
-0.00021
-0.00024
-0.00027
-0.00021
-0.00024
-0.00031
-0.00024
-0.00021
-0.00027
-0.00027
-0.00021
-0.00021
-0.00024
-0.00021
-0.00021
-0.00024
-0.00024
-0.00024
-0.00021
-0.00024
-0.00024
-0.00024
-0.00024
-0.00027
-0.00031
-0.00024
-0.00021
-0.00018
-0.00018
-0.00021
-0.00021
-0.00024
-0.00027
-0.00024
-0.00021
-0.00027
-0.00027
-0.00024
-0.00024
-0.00031
-0.00027
-0.00024
-0.00027
-0.00024
-0.00021
-0.00021
-0.00024
-0.00021
-0.00021
-0.00027
-0.00027
-0.00021
-0.00024
-0.00027
-0.00024
-0.00024
-0.00027
-0.00027
-0.00024
-0.00024
-0.00021
-0.00024
-0.00027
-0.00018
-0.00015
-0.00021
-0.00021
-0.00024
-0.00027
-0.00034
-0.00027
-0.00024
-0.00027
-0.00027
-0.00021
-0.00018
-0.00024
-0.00021
-0.00018
-0.00018
-0.00012
-0.00015
-0.00015
-0.00018
-0.00024
-0.00031
-0.00031
-0.00021
-0.00024
-0.00021
-0.00015
-0.00015
-0.00018
-0.00021
-0.00021
-0.00024
-0.00018
-0.00018
-0.00015
-0.00018
-0.00021
-0.00021
-0.00024
-0.00024
-0.00021
-0.00015
-0.00015
-0.00012
-0.00006
-0.00006
-0.00009
-0.00012
-0.00015
-0.00018
-0.00015
-0.00018
-0.00021
-0.00018
-0.00021
-0.00021
-0.00015
-0.00012
-0.00015
-0.00012
-0.00009
-0.00015
-0.00018
-0.00015
-0.00021
-0.00024
-0.00009
-0.00003
-0.00006
-0.00003
-0.00003
-0.00009
-0.00012
-0.00012
-0.00015
-0.00018
-0.00024
-0.00021
-0.00021
-0.00018
-0.00015
-0.00012
-0.00003
-0.00003
-0.00012
-0.00012
-0.00015
-0.00018
-0.00018
-0.00012
-0.00006
-0.00012
-0.00015
-0.00012
-0.00012
-0.00015
-0.00015
-0.00012
-0.00012
-0.00012
-0.00012
-0.00012
-0.00009
-0.00012
-0.00021
-0.00009
-0.00021
-0.00024
-0.00015
-0.00012
-0.00009
-0.00009
0.00000
-0.00015
0.00015
-0.00037
0.00012
-0.00058
-0.00009
-0.01276
-0.02682
-0.02097
-0.01819
-0.01340
0.00125
0.01562
0.02066
0.02411
0.01807
0.00177
-0.00528
-0.00870
-0.01443
-0.00327
0.00266
0.00302
0.00751
0.00726
0.00171
0.00006
0.00082
-0.00049
0.00278
0.00595
0.00262
0.00064
0.00180
-0.00067
0.00006
0.00223
-0.00009
-0.00189
-0.00110
-0.00055
-0.00040
0.00070
0.00113
0.00174
0.00323
0.00385
0.00305
0.00235
0.00110
-0.00018
-0.00113
-0.00067
-0.00006
-0.00009
0.00012
0.00064
0.00052
0.00128
0.00201
0.00180
0.00116
0.00122
0.00128
0.00089
0.00076
0.00061
0.00000
-0.00024
0.00000
-0.00009
-0.00018
-0.00024
-0.00043
-0.00024
0.00018
0.00104
0.00079
0.00031
0.00012
-0.00027
-0.00046
-0.00024
-0.00003
-0.00034
-0.00064
-0.00058
-0.00070
-0.00052
-0.00046
-0.00070
-0.00079
-0.00052
-0.00031
-0.00018
-0.00018
0.00000
0.00000
0.00000
0.00000
0.00000
0.00000
0.00000
0.00000
0.00000
0.00000
0.00000
0.00000
0.00000
0.00000
0.00000
0.00000
0.00000
0.00000
0.00000
0.00000
0.00000
0.00000
0.00000
0.00000
0.00000
0.00000
0.00000
0.00000
0.00000
0.00000
0.00000
0.00000
0.00000
0.00000
0.00000
0.00000
0.00000
0.00000
0.00000
0.00000
0.00000
0.00000
0.00000
0.00000
0.00000
0.00000
0.00000
0.00000
0.00000
0.00000
0.00000
0.00000
0.00000
0.00000
0.00000
0.00000
0.00000
0.00000
0.00000
0.00000
0.00000
0.00000
0.00000
0.00000
0.00000
0.00000
0.00000
0.00000
0.00000
0.00000
0.00000
0.00000
0.00000
0.00000
0.00000
0.00000
0.00000
0.00000
0.00000
0.00000
0.00000
0.00000
0.00000
0.00000
0.00000
0.00000
0.00000
0.00000
0.00000
0.00000
0.00000
0.00000
0.00000
0.00000
0.00000
0.00000
0.00000
0.00000
0.00000
0.00000
0.00000
0.00000
0.00000
0.00000
0.00000
0.00000
0.00000
0.00000
0.00000
0.00000
0.00000
0.00000
0.00000
0.00000
0.00000
0.00000
0.00000
0.00000
0.00000
0.00000
0.00000
0.00000
0.00000
0.00000
0.00000
0.00000
0.00000
0.00000
0.00000
0.00000
0.00000
0.00000
0.00000
0.00000
0.00000
0.00000
0.00000
0.00000
0.00000
0.00000
0.00000
0.00000
0.00000
0.00000
0.00000
0.00000
0.00000
0.00000
0.00000
0.00000
0.00000
0.00000
0.00000
0.00000
0.00000
0.00000
0.00000
0.00000
0.00000
0.00000
0.00000
0.00000
0.00000
0.00000
0.00000
0.00000
0.00000
0.00000
0.00000
0.00000
0.00000
0.00000
0.00000
0.00000
0.00000
0.00000
0.00000
0.00000
0.00000
0.00000
0.00000
0.00000
0.00000
0.00000
0.00000
0.00000
0.00000
0.00000
0.00000
0.00000
0.00000
0.00000
0.00000
0.00000
0.00000
0.00000
0.00000
0.00000
0.00000
0.00000
0.00000
0.00000
0.00000
0.00000
0.00000
0.00000
0.00000
0.00000
0.00000
0.00000
0.00000
0.00000
0.00000
0.00000
0.00000
0.00000
0.00000
0.00000
0.00000
0.00000
0.00000
0.00000
0.00000
0.00000
