-0.00021
-0.00021
-0.00009
-0.00006
-0.00009
-0.00009
-0.00009
-0.00009
-0.00009
-0.00018
-0.00012
0.00003
0.00006
0.00000
0.00000
-0.00006
-0.00015
-0.00024
-0.00018
-0.00018
-0.00015
-0.00012
-0.00003
-0.00003
-0.00009
-0.00012
-0.00018
-0.00018
-0.00021
-0.00015
-0.00012
-0.00006
-0.00006
-0.00006
-0.00012
-0.00012
-0.00009
-0.00015
-0.00021
-0.00018
-0.00021
-0.00031
-0.00024
0.00000
0.00006
0.00009
0.00006
0.00000
-0.00006
-0.00012
-0.00018
-0.00006
-0.00006
-0.00018
-0.00015
-0.00015
-0.00018
-0.00018
-0.00006
0.00000
-0.00003
-0.00003
-0.00015
-0.00015
0.00000
-0.00018
-0.00021
-0.00003
-0.00021
-0.00021
-0.00009
-0.00012
-0.00003
-0.00006
0.00000
-0.00003
-0.00009
-0.00012
-0.00012
-0.00018
-0.00018
-0.00018
-0.00027
-0.00018
-0.00003
-0.00006
-0.00006
-0.00006
-0.00012
-0.00012
-0.00006
-0.00009
-0.00009
-0.00012
-0.00018
-0.00031
-0.00018
-0.00009
-0.00012
-0.00003
-0.00003
-0.00009
-0.00006
0.00000
-0.00003
-0.00012
-0.00012
-0.00018
-0.00024
-0.00024
-0.00012
-0.00012
-0.00018
-0.00006
-0.00006
-0.00012
-0.00006
-0.00006
-0.00003
0.00000
-0.00006
-0.00021
-0.00021
-0.00015
-0.00024
-0.00015
0.00000
-0.00003
-0.00012
-0.00009
-0.00009
-0.00018
-0.00018
-0.00012
-0.00003
-0.00003
-0.00003
-0.00012
-0.00018
-0.00018
-0.00021
-0.00015
-0.00009
-0.00003
0.00000
-0.00006
-0.00003
-0.00009
-0.00018
-0.00018
-0.00024
-0.00027
-0.00021
-0.00018
-0.00015
-0.00003
0.00000
-0.00006
-0.00009
-0.00009
-0.00009
-0.00012
-0.00015
-0.00009
-0.00006
-0.00009
-0.00015
-0.00012
-0.00018
-0.00031
-0.00024
-0.00015
-0.00012
0.00000
0.00003
0.00000
0.00003
-0.00021
-0.00015
-0.00031
0.00009
-0.00064
0.00064
-0.00134
0.00143
-0.00256
0.00290
-0.00510
0.00623
-0.05292
-0.10870
-0.01700
-0.04071
-0.03854
0.09399
0.11865
0.08240
0.06711
-0.04773
-0.02835
-0.00064
-0.04398
-0.05127
0.00772
0.01913
-0.00317
0.02545
0.01709
-0.01508
0.00388
0.00174
-0.01160
0.02194
0.01004
-0.01715
0.00757
0.01007
-0.00909
-0.00330
-0.00049
-0.00864
-0.00333
0.00192
-0.00247
0.00375
0.00989
0.00562
0.00638
0.00479
0.00360
-0.00195
-0.00238
-0.00235
-0.00418
-0.00424
0.00031
-0.00003
0.00009
0.00201
0.00345
-0.00018
0.00049
0.00394
0.00330
0.00146
0.00287
0.00079
-0.00104
-0.00104
-0.00146
-0.00128
-0.00070
-0.00113
-0.00211
-0.00079
0.00110
-0.00040
0.00037
0.00208
0.00128
0.00000
0.00009
0.00085
0.00015
-0.00110
0.00049
-0.00052
-0.00159
-0.00241
-0.00259
-0.00119
-0.00098
-0.00159
-0.00098
-0.00027
0.00027
-0.00067
0.00043
0.00034
-0.00146
-0.00140
-0.00110
0.00009
-0.00031
-0.00027
0.00000
0.00000
0.00000
0.00000
0.00000
0.00000
0.00000
0.00000
0.00000
0.00000
0.00000
0.00000
0.00000
0.00000
0.00000
0.00000
0.00000
0.00000
0.00000
0.00000
0.00000
0.00000
0.00000
0.00000
0.00000
0.00000
0.00000
0.00000
0.00000
0.00000
0.00000
0.00000
0.00000
0.00000
0.00000
0.00000
0.00000
0.00000
0.00000
0.00000
0.00000
0.00000
0.00000
0.00000
0.00000
0.00000
0.00000
0.00000
0.00000
0.00000
0.00000
0.00000
0.00000
0.00000
0.00000
0.00000
0.00000
0.00000
0.00000
0.00000
0.00000
0.00000
0.00000
0.00000
0.00000
0.00000
0.00000
0.00000
0.00000
0.00000
0.00000
0.00000
0.00000
0.00000
0.00000
0.00000
0.00000
0.00000
0.00000
0.00000
0.00000
0.00000
0.00000
0.00000
0.00000
0.00000
0.00000
0.00000
0.00000
0.00000
0.00000
0.00000
0.00000
0.00000
0.00000
0.00000
0.00000
0.00000
0.00000
0.00000
0.00000
0.00000
0.00000
0.00000
0.00000
0.00000
0.00000
0.00000
0.00000
0.00000
0.00000
0.00000
0.00000
0.00000
0.00000
0.00000
0.00000
0.00000
0.00000
0.00000
0.00000
0.00000
0.00000
0.00000
0.00000
0.00000
0.00000
0.00000
0.00000
0.00000
0.00000
0.00000
0.00000
0.00000
0.00000
0.00000
0.00000
0.00000
0.00000
0.00000
0.00000
0.00000
0.00000
0.00000
0.00000
0.00000
0.00000
0.00000
0.00000
0.00000
0.00000
0.00000
0.00000
0.00000
0.00000
0.00000
0.00000
0.00000
0.00000
0.00000
0.00000
0.00000
0.00000
0.00000
0.00000
0.00000
0.00000
0.00000
0.00000
0.00000
0.00000
0.00000
0.00000
0.00000
0.00000
0.00000
0.00000
0.00000
0.00000
0.00000
0.00000
0.00000
0.00000
0.00000
0.00000
0.00000
0.00000
0.00000
0.00000
0.00000
0.00000
0.00000
0.00000
0.00000
0.00000
0.00000
0.00000
0.00000
0.00000
0.00000
0.00000
0.00000
0.00000
0.00000
0.00000
0.00000
0.00000
0.00000
0.00000
0.00000
0.00000
0.00000
0.00000
0.00000
0.00000
0.00000
0.00000
0.00000
0.00000
0.00000
0.00000
0.00000
0.00000
0.00000
0.00000
0.00000
0.00000
