-0.00009
-0.00003
-0.00003
-0.00006
-0.00003
0.00000
-0.00006
-0.00003
0.00000
-0.00003
-0.00006
-0.00006
-0.00012
-0.00003
0.00000
-0.00006
0.00000
0.00009
-0.00003
-0.00012
-0.00003
-0.00006
-0.00009
-0.00003
0.00000
0.00000
0.00000
-0.00003
-0.00006
-0.00003
-0.00003
0.00000
0.00003
-0.00003
-0.00018
-0.00012
-0.00003
-0.00003
0.00000
0.00003
0.00012
0.00003
0.00000
0.00003
-0.00003
-0.00006
-0.00006
0.00000
0.00000
0.00000
0.00000
0.00003
0.00003
0.00009
0.00000
-0.00015
0.00012
0.00000
0.00000
0.00006
0.00018
0.00003
-0.00003
0.00000
-0.00003
-0.00006
0.00000
0.00003
-0.00003
0.00003
0.00012
0.00006
0.00000
0.00006
0.00003
-0.00006
0.00000
0.00003
0.00000
0.00003
0.00009
0.00000
-0.00003
0.00006
0.00000
0.00000
0.00003
0.00000
-0.00003
0.00000
0.00000
0.00006
0.00009
0.00000
-0.00006
0.00000
0.00000
-0.00009
0.00000
0.00009
0.00006
-0.00006
0.00000
0.00000
-0.00003
0.00000
0.00006
0.00000
0.00000
0.00000
0.00003
0.00009
0.00009
0.00000
-0.00012
-0.00009
-0.00009
-0.00012
-0.00003
0.00006
0.00003
0.00000
0.00003
0.00000
-0.00006
0.00000
0.00006
0.00006
0.00003
0.00000
-0.00009
-0.00012
-0.00006
-0.00003
0.00000
0.00003
0.00006
-0.00003
-0.00006
0.00000
-0.00003
-0.00003
-0.00012
-0.00006
-0.00003
-0.00003
0.00000
0.00003
0.00003
-0.00006
-0.00015
-0.00015
-0.00009
-0.00006
-0.00003
0.00006
0.00006
-0.00003
-0.00012
-0.00015
-0.00012
-0.00021
-0.00018
-0.00006
-0.00003
-0.00003
-0.00003
-0.00003
0.00000
-0.00015
0.00000
-0.00027
0.00031
-0.00049
0.00046
-0.00076
0.00034
-0.00058
-0.00027
0.00104
-0.00247
-0.01727
-0.17197
-0.05246
0.00604
-0.03314
0.02084
0.14911
0.15228
0.01913
-0.03204
-0.06454
-0.00851
0.01471
-0.01093
-0.02127
0.04889
0.01212
-0.00629
0.00296
-0.00748
-0.02365
0.01187
0.00516
-0.00027
0.02628
0.00668
-0.01627
0.00797
0.01367
-0.00858
-0.00259
-0.00186
-0.00940
-0.00665
0.00546
-0.00278
-0.00040
0.00897
0.00800
0.00046
0.00592
0.00528
-0.00247
-0.00555
-0.00101
-0.00278
-0.00513
0.00223
0.00180
-0.00089
0.00171
0.00397
-0.00342
0.00195
0.00763
0.00290
-0.00092
0.00266
-0.00043
-0.00284
0.00003
0.00165
-0.00372
-0.00284
-0.00162
-0.00290
-0.00043
-0.00034
-0.00146
-0.00134
0.00134
0.00085
-0.00107
0.00162
0.00162
-0.00052
-0.00012
0.00003
-0.00165
-0.00345
-0.00296
-0.00116
-0.00082
0.00040
-0.00128
-0.00165
-0.00226
-0.00250
-0.00244
-0.00043
0.00018
0.00000
0.00000
0.00000
0.00000
0.00000
0.00000
0.00000
0.00000
0.00000
0.00000
0.00000
0.00000
0.00000
0.00000
0.00000
0.00000
0.00000
0.00000
0.00000
0.00000
0.00000
0.00000
0.00000
0.00000
0.00000
0.00000
0.00000
0.00000
0.00000
0.00000
0.00000
0.00000
0.00000
0.00000
0.00000
0.00000
0.00000
0.00000
0.00000
0.00000
0.00000
0.00000
0.00000
0.00000
0.00000
0.00000
0.00000
0.00000
0.00000
0.00000
0.00000
0.00000
0.00000
0.00000
0.00000
0.00000
0.00000
0.00000
0.00000
0.00000
0.00000
0.00000
0.00000
0.00000
0.00000
0.00000
0.00000
0.00000
0.00000
0.00000
0.00000
0.00000
0.00000
0.00000
0.00000
0.00000
0.00000
0.00000
0.00000
0.00000
0.00000
0.00000
0.00000
0.00000
0.00000
0.00000
0.00000
0.00000
0.00000
0.00000
0.00000
0.00000
0.00000
0.00000
0.00000
0.00000
0.00000
0.00000
0.00000
0.00000
0.00000
0.00000
0.00000
0.00000
0.00000
0.00000
0.00000
0.00000
0.00000
0.00000
0.00000
0.00000
0.00000
0.00000
0.00000
0.00000
0.00000
0.00000
0.00000
0.00000
0.00000
0.00000
0.00000
0.00000
0.00000
0.00000
0.00000
0.00000
0.00000
0.00000
0.00000
0.00000
0.00000
0.00000
0.00000
0.00000
0.00000
0.00000
0.00000
0.00000
0.00000
0.00000
0.00000
0.00000
0.00000
0.00000
0.00000
0.00000
0.00000
0.00000
0.00000
0.00000
0.00000
0.00000
0.00000
0.00000
0.00000
0.00000
0.00000
0.00000
0.00000
0.00000
0.00000
0.00000
0.00000
0.00000
0.00000
0.00000
0.00000
0.00000
0.00000
0.00000
0.00000
0.00000
0.00000
0.00000
0.00000
0.00000
0.00000
0.00000
0.00000
0.00000
0.00000
0.00000
0.00000
0.00000
0.00000
0.00000
0.00000
0.00000
0.00000
0.00000
0.00000
0.00000
0.00000
0.00000
0.00000
0.00000
0.00000
0.00000
0.00000
0.00000
0.00000
0.00000
0.00000
0.00000
0.00000
0.00000
0.00000
0.00000
0.00000
0.00000
0.00000
0.00000
0.00000
0.00000
0.00000
0.00000
0.00000
0.00000
0.00000
0.00000
0.00000
0.00000
0.00000
0.00000
0.00000
0.00000
0.00000
0.00000
0.00000
0.00000
0.00000
0.00000
0.00000
0.00000
0.00000
0.00000
0.00000
0.00000
