0.00015
0.00009
0.00006
0.00000
0.00003
0.00003
0.00000
0.00006
0.00012
0.00018
0.00015
0.00015
0.00015
0.00009
0.00003
0.00000
0.00006
0.00009
0.00012
0.00015
0.00009
0.00003
0.00003
0.00006
0.00009
0.00015
0.00015
0.00012
0.00015
0.00009
0.00000
0.00009
0.00012
0.00003
0.00003
0.00009
0.00006
0.00003
0.00009
0.00012
0.00012
0.00009
0.00006
0.00003
0.00000
0.00000
0.00000
0.00003
0.00003
0.00003
0.00009
0.00009
0.00003
0.00003
0.00003
0.00003
0.00000
0.00003
0.00003
0.00000
-0.00003
-0.00003
0.00000
0.00003
0.00006
0.00012
0.00009
0.00000
0.00000
-0.00006
-0.00012
-0.00009
0.00000
0.00006
0.00006
0.00006
0.00000
-0.00006
-0.00009
-0.00009
-0.00006
0.00000
0.00000
-0.00003
0.00000
0.00000
-0.00003
-0.00009
-0.00003
-0.00003
-0.00009
-0.00006
0.00000
-0.00003
-0.00006
0.00000
-0.00003
-0.00006
-0.00012
-0.00012
-0.00006
-0.00003
-0.00006
-0.00003
0.00000
-0.00006
-0.00015
-0.00009
-0.00009
-0.00018
-0.00012
-0.00006
-0.00009
-0.00012
-0.00015
-0.00012
-0.00012
-0.00012
-0.00009
-0.00003
-0.00003
-0.00015
-0.00018
-0.00015
-0.00015
-0.00012
-0.00009
-0.00006
-0.00009
-0.00015
-0.00015
-0.00015
-0.00021
-0.00018
-0.00012
-0.00006
-0.00006
-0.00006
-0.00012
-0.00021
-0.00024
-0.00021
-0.00018
-0.00015
-0.00012
-0.00012
-0.00012
-0.00012
-0.00018
-0.00018
-0.00015
-0.00018
-0.00021
-0.00015
-0.00009
-0.00015
-0.00012
-0.00015
-0.00018
-0.00018
-0.00015
-0.00018
-0.00018
-0.00015
-0.00015
-0.00015
-0.00015
-0.00021
-0.00021
-0.00021
-0.00024
-0.00021
-0.00018
-0.00015
-0.00021
-0.00021
-0.00015
-0.00018
-0.00018
-0.00015
-0.00012
-0.00021
-0.00021
-0.00024
-0.00031
-0.00018
-0.00031
-0.00021
-0.00027
-0.00012
-0.00037
-0.00012
-0.00058
-0.00009
-0.00067
0.00034
-0.00751
-0.02554
-0.02008
-0.02069
-0.01898
-0.00745
0.00201
0.01105
0.01767
0.02069
0.01385
0.01147
0.01266
0.00354
-0.00223
-0.00363
-0.00534
-0.00247
-0.00146
-0.00412
-0.00064
0.00372
0.00128
0.00104
0.00360
0.00290
0.00110
0.00256
0.00241
-0.00012
0.00003
-0.00082
-0.00113
-0.00034
-0.00134
-0.00287
-0.00201
0.00052
0.00168
0.00238
0.00421
0.00421
0.00293
0.00232
0.00195
0.00015
-0.00113
-0.00177
-0.00183
-0.00082
0.00037
0.00024
0.00012
0.00119
0.00131
0.00122
0.00195
0.00156
0.00076
0.00046
0.00043
0.00009
-0.00015
-0.00027
-0.00079
-0.00095
-0.00064
-0.00089
-0.00092
-0.00064
-0.00009
0.00015
0.00027
0.00049
0.00031
0.00000
0.00003
-0.00021
-0.00067
-0.00125
-0.00150
-0.00146
-0.00134
-0.00104
-0.00092
-0.00082
-0.00079
-0.00092
-0.00067
-0.00046
-0.00073
-0.00092
-0.00104
0.00000
0.00000
0.00000
0.00000
0.00000
0.00000
0.00000
0.00000
0.00000
0.00000
0.00000
0.00000
0.00000
0.00000
0.00000
0.00000
0.00000
0.00000
0.00000
0.00000
0.00000
0.00000
0.00000
0.00000
0.00000
0.00000
0.00000
0.00000
0.00000
0.00000
0.00000
0.00000
0.00000
0.00000
0.00000
0.00000
0.00000
0.00000
0.00000
0.00000
0.00000
0.00000
0.00000
0.00000
0.00000
0.00000
0.00000
0.00000
0.00000
0.00000
0.00000
0.00000
0.00000
0.00000
0.00000
0.00000
0.00000
0.00000
0.00000
0.00000
0.00000
0.00000
0.00000
0.00000
0.00000
0.00000
0.00000
0.00000
0.00000
0.00000
0.00000
0.00000
0.00000
0.00000
0.00000
0.00000
0.00000
0.00000
0.00000
0.00000
0.00000
0.00000
0.00000
0.00000
0.00000
0.00000
0.00000
0.00000
0.00000
0.00000
0.00000
0.00000
0.00000
0.00000
0.00000
0.00000
0.00000
0.00000
0.00000
0.00000
0.00000
0.00000
0.00000
0.00000
0.00000
0.00000
0.00000
0.00000
0.00000
0.00000
0.00000
0.00000
0.00000
0.00000
0.00000
0.00000
0.00000
0.00000
0.00000
0.00000
0.00000
0.00000
0.00000
0.00000
0.00000
0.00000
0.00000
0.00000
0.00000
0.00000
0.00000
0.00000
0.00000
0.00000
0.00000
0.00000
0.00000
0.00000
0.00000
0.00000
0.00000
0.00000
0.00000
0.00000
0.00000
0.00000
0.00000
0.00000
0.00000
0.00000
0.00000
0.00000
0.00000
0.00000
0.00000
0.00000
0.00000
0.00000
0.00000
0.00000
0.00000
0.00000
0.00000
0.00000
0.00000
0.00000
0.00000
0.00000
0.00000
0.00000
0.00000
0.00000
0.00000
0.00000
0.00000
0.00000
0.00000
0.00000
0.00000
0.00000
0.00000
0.00000
0.00000
0.00000
0.00000
0.00000
0.00000
0.00000
0.00000
0.00000
0.00000
0.00000
0.00000
0.00000
0.00000
0.00000
0.00000
0.00000
0.00000
0.00000
0.00000
0.00000
0.00000
0.00000
0.00000
0.00000
0.00000
0.00000
0.00000
0.00000
0.00000
0.00000
0.00000
0.00000
0.00000
0.00000
0.00000
0.00000
0.00000
0.00000
0.00000
0.00000
0.00000
