-0.00027
-0.00031
-0.00027
-0.00024
-0.00027
-0.00027
-0.00024
-0.00027
-0.00027
-0.00024
-0.00027
-0.00027
-0.00024
-0.00027
-0.00027
-0.00027
-0.00031
-0.00034
-0.00024
-0.00027
-0.00034
-0.00024
-0.00021
-0.00024
-0.00024
-0.00024
-0.00024
-0.00018
-0.00024
-0.00024
-0.00024
-0.00024
-0.00027
-0.00024
-0.00021
-0.00024
-0.00024
-0.00024
-0.00024
-0.00018
-0.00015
-0.00021
-0.00021
-0.00024
-0.00031
-0.00027
-0.00024
-0.00027
-0.00021
-0.00018
-0.00021
-0.00021
-0.00021
-0.00021
-0.00021
-0.00024
-0.00021
-0.00018
-0.00012
-0.00024
-0.00012
-0.00009
-0.00021
-0.00021
-0.00021
-0.00018
-0.00027
-0.00021
-0.00027
-0.00021
-0.00015
-0.00018
-0.00018
-0.00021
-0.00015
-0.00018
-0.00024
-0.00021
-0.00018
-0.00018
-0.00021
-0.00018
-0.00018
-0.00018
-0.00018
-0.00018
-0.00018
-0.00015
-0.00018
-0.00018
-0.00018
-0.00015
-0.00018
-0.00015
-0.00012
-0.00015
-0.00015
-0.00015
-0.00018
-0.00021
-0.00018
-0.00015
-0.00018
-0.00021
-0.00015
-0.00015
-0.00021
-0.00018
-0.00021
-0.00015
-0.00012
-0.00015
-0.00018
-0.00012
-0.00015
-0.00024
-0.00015
-0.00012
-0.00024
-0.00024
-0.00018
-0.00021
-0.00021
-0.00018
-0.00015
-0.00012
-0.00012
-0.00009
-0.00012
-0.00015
-0.00015
-0.00018
-0.00015
-0.00018
-0.00018
-0.00018
-0.00015
-0.00012
-0.00018
-0.00018
-0.00015
-0.00015
-0.00021
-0.00018
-0.00015
-0.00015
-0.00015
-0.00015
-0.00012
-0.00015
-0.00012
-0.00015
-0.00009
-0.00012
-0.00018
-0.00015
-0.00018
-0.00012
-0.00015
-0.00015
-0.00009
-0.00009
-0.00012
-0.00015
-0.00012
-0.00012
-0.00018
-0.00015
-0.00015
-0.00018
-0.00015
-0.00009
-0.00009
-0.00006
-0.00006
-0.00009
-0.00012
-0.00003
-0.00031
0.00021
-0.00073
0.00085
-0.00162
0.00223
-0.00354
0.00116
-0.06592
-0.07556
-0.00562
-0.03491
-0.02670
0.01682
0.08374
0.06781
0.04230
-0.00970
-0.01559
0.04053
0.01404
-0.01752
-0.01764
-0.00491
-0.00415
0.00146
-0.00497
-0.00833
0.01578
0.01437
-0.00861
0.00705
0.00974
-0.01050
-0.00183
0.01059
0.00311
-0.00229
-0.00528
-0.00510
0.00186
0.00446
-0.00351
-0.00375
0.00778
0.00552
0.00128
0.00253
0.00482
0.00037
-0.00256
-0.00079
0.00076
-0.00156
-0.00116
-0.00134
-0.00095
0.00018
0.00134
0.00055
0.00128
0.00427
0.00281
0.00128
0.00247
0.00110
-0.00073
0.00000
0.00116
-0.00021
-0.00119
-0.00128
-0.00247
-0.00165
-0.00079
-0.00082
-0.00040
0.00024
0.00128
0.00046
0.00150
0.00143
0.00027
-0.00003
-0.00043
-0.00104
-0.00146
-0.00156
-0.00122
-0.00159
-0.00070
-0.00089
-0.00128
-0.00113
-0.00125
-0.00064
-0.00064
-0.00061
-0.00067
-0.00055
0.00031
0.00000
0.00000
0.00000
0.00000
0.00000
0.00000
0.00000
0.00000
0.00000
0.00000
0.00000
0.00000
0.00000
0.00000
0.00000
0.00000
0.00000
0.00000
0.00000
0.00000
0.00000
0.00000
0.00000
0.00000
0.00000
0.00000
0.00000
0.00000
0.00000
0.00000
0.00000
0.00000
0.00000
0.00000
0.00000
0.00000
0.00000
0.00000
0.00000
0.00000
0.00000
0.00000
0.00000
0.00000
0.00000
0.00000
0.00000
0.00000
0.00000
0.00000
0.00000
0.00000
0.00000
0.00000
0.00000
0.00000
0.00000
0.00000
0.00000
0.00000
0.00000
0.00000
0.00000
0.00000
0.00000
0.00000
0.00000
0.00000
0.00000
0.00000
0.00000
0.00000
0.00000
0.00000
0.00000
0.00000
0.00000
0.00000
0.00000
0.00000
0.00000
0.00000
0.00000
0.00000
0.00000
0.00000
0.00000
0.00000
0.00000
0.00000
0.00000
0.00000
0.00000
0.00000
0.00000
0.00000
0.00000
0.00000
0.00000
0.00000
0.00000
0.00000
0.00000
0.00000
0.00000
0.00000
0.00000
0.00000
0.00000
0.00000
0.00000
0.00000
0.00000
0.00000
0.00000
0.00000
0.00000
0.00000
0.00000
0.00000
0.00000
0.00000
0.00000
0.00000
0.00000
0.00000
0.00000
0.00000
0.00000
0.00000
0.00000
0.00000
0.00000
0.00000
0.00000
0.00000
0.00000
0.00000
0.00000
0.00000
0.00000
0.00000
0.00000
0.00000
0.00000
0.00000
0.00000
0.00000
0.00000
0.00000
0.00000
0.00000
0.00000
0.00000
0.00000
0.00000
0.00000
0.00000
0.00000
0.00000
0.00000
0.00000
0.00000
0.00000
0.00000
0.00000
0.00000
0.00000
0.00000
0.00000
0.00000
0.00000
0.00000
0.00000
0.00000
0.00000
0.00000
0.00000
0.00000
0.00000
0.00000
0.00000
0.00000
0.00000
0.00000
0.00000
0.00000
0.00000
0.00000
0.00000
0.00000
0.00000
0.00000
0.00000
0.00000
0.00000
0.00000
0.00000
0.00000
0.00000
0.00000
0.00000
0.00000
0.00000
0.00000
0.00000
0.00000
0.00000
0.00000
0.00000
0.00000
0.00000
0.00000
0.00000
0.00000
0.00000
0.00000
0.00000
0.00000
0.00000
0.00000
0.00000
0.00000
0.00000
0.00000
0.00000
0.00000
0.00000
0.00000
0.00000
0.00000
0.00000
0.00000
