0.00003
-0.00003
-0.00021
-0.00015
-0.00012
-0.00015
-0.00009
0.00000
-0.00009
-0.00009
-0.00012
-0.00018
-0.00018
-0.00006
-0.00015
-0.00018
-0.00009
0.00000
-0.00009
-0.00009
-0.00006
-0.00012
-0.00015
-0.00006
-0.00006
-0.00009
-0.00006
0.00000
-0.00006
-0.00009
-0.00012
-0.00015
-0.00012
-0.00009
-0.00018
-0.00009
-0.00009
-0.00012
-0.00009
-0.00003
0.00000
-0.00006
-0.00006
-0.00003
-0.00015
-0.00018
-0.00015
-0.00018
-0.00024
-0.00018
-0.00015
-0.00006
0.00000
0.00006
-0.00006
-0.00021
0.00000
-0.00015
-0.00012
-0.00009
0.00000
-0.00006
-0.00003
-0.00006
-0.00012
-0.00015
-0.00015
-0.00012
-0.00018
-0.00009
-0.00003
-0.00009
-0.00009
0.00003
-0.00009
-0.00024
-0.00015
-0.00024
-0.00031
-0.00021
-0.00009
-0.00015
-0.00009
0.00000
-0.00012
-0.00015
-0.00006
-0.00012
-0.00021
-0.00015
-0.00015
-0.00012
-0.00012
-0.00009
-0.00018
-0.00009
-0.00012
-0.00021
-0.00015
0.00000
0.00000
-0.00009
0.00000
0.00000
-0.00018
-0.00027
-0.00024
-0.00024
-0.00021
-0.00012
-0.00012
-0.00009
-0.00012
-0.00021
-0.00027
-0.00018
-0.00012
-0.00018
-0.00015
-0.00006
-0.00006
-0.00012
-0.00006
-0.00009
-0.00024
-0.00027
-0.00024
-0.00024
-0.00024
-0.00015
-0.00018
-0.00027
-0.00021
-0.00015
-0.00018
-0.00015
-0.00003
-0.00012
-0.00018
-0.00009
-0.00012
-0.00018
-0.00021
-0.00015
-0.00021
-0.00027
-0.00027
-0.00012
0.00000
-0.00009
-0.00015
-0.00006
-0.00009
-0.00021
-0.00024
-0.00018
-0.00021
-0.00024
-0.00021
-0.00012
-0.00006
-0.00021
-0.00024
-0.00015
-0.00024
-0.00031
-0.00018
-0.00015
-0.00015
-0.00031
-0.00012
-0.00043
0.00021
-0.00073
0.00070
-0.00104
0.00095
-0.00143
0.00095
-0.00104
0.00018
-0.02747
-0.17090
-0.03525
0.00113
-0.03140
0.02472
0.14899
0.13388
0.01541
-0.03400
-0.06503
0.00406
0.01843
-0.01151
-0.01526
0.04691
0.00360
-0.00769
0.00522
-0.01089
-0.02075
0.01562
0.00214
0.00439
0.02780
-0.00073
-0.01727
0.00983
0.01282
-0.00812
-0.00323
-0.00269
-0.00662
-0.00467
0.00455
-0.00470
0.00143
0.00934
0.00589
-0.00046
0.00668
0.00449
-0.00290
-0.00418
0.00037
-0.00381
-0.00433
0.00256
0.00079
-0.00104
0.00192
0.00226
-0.00317
0.00354
0.00690
0.00198
0.00018
0.00250
-0.00122
-0.00214
0.00070
0.00101
-0.00357
-0.00253
-0.00211
-0.00266
-0.00018
-0.00061
-0.00134
-0.00104
0.00137
0.00052
-0.00055
0.00162
0.00110
-0.00092
-0.00018
-0.00009
-0.00171
-0.00320
-0.00266
-0.00131
-0.00079
0.00018
-0.00143
-0.00171
-0.00220
-0.00229
-0.00229
-0.00058
0.00009
0.00000
0.00000
0.00000
0.00000
0.00000
0.00000
0.00000
0.00000
0.00000
0.00000
0.00000
0.00000
0.00000
0.00000
0.00000
0.00000
0.00000
0.00000
0.00000
0.00000
0.00000
0.00000
0.00000
0.00000
0.00000
0.00000
0.00000
0.00000
0.00000
0.00000
0.00000
0.00000
0.00000
0.00000
0.00000
0.00000
0.00000
0.00000
0.00000
0.00000
0.00000
0.00000
0.00000
0.00000
0.00000
0.00000
0.00000
0.00000
0.00000
0.00000
0.00000
0.00000
0.00000
0.00000
0.00000
0.00000
0.00000
0.00000
0.00000
0.00000
0.00000
0.00000
0.00000
0.00000
0.00000
0.00000
0.00000
0.00000
0.00000
0.00000
0.00000
0.00000
0.00000
0.00000
0.00000
0.00000
0.00000
0.00000
0.00000
0.00000
0.00000
0.00000
0.00000
0.00000
0.00000
0.00000
0.00000
0.00000
0.00000
0.00000
0.00000
0.00000
0.00000
0.00000
0.00000
0.00000
0.00000
0.00000
0.00000
0.00000
0.00000
0.00000
0.00000
0.00000
0.00000
0.00000
0.00000
0.00000
0.00000
0.00000
0.00000
0.00000
0.00000
0.00000
0.00000
0.00000
0.00000
0.00000
0.00000
0.00000
0.00000
0.00000
0.00000
0.00000
0.00000
0.00000
0.00000
0.00000
0.00000
0.00000
0.00000
0.00000
0.00000
0.00000
0.00000
0.00000
0.00000
0.00000
0.00000
0.00000
0.00000
0.00000
0.00000
0.00000
0.00000
0.00000
0.00000
0.00000
0.00000
0.00000
0.00000
0.00000
0.00000
0.00000
0.00000
0.00000
0.00000
0.00000
0.00000
0.00000
0.00000
0.00000
0.00000
0.00000
0.00000
0.00000
0.00000
0.00000
0.00000
0.00000
0.00000
0.00000
0.00000
0.00000
0.00000
0.00000
0.00000
0.00000
0.00000
0.00000
0.00000
0.00000
0.00000
0.00000
0.00000
0.00000
0.00000
0.00000
0.00000
0.00000
0.00000
0.00000
0.00000
0.00000
0.00000
0.00000
0.00000
0.00000
0.00000
0.00000
0.00000
0.00000
0.00000
0.00000
0.00000
0.00000
0.00000
0.00000
0.00000
0.00000
0.00000
0.00000
0.00000
0.00000
0.00000
0.00000
0.00000
0.00000
0.00000
0.00000
0.00000
0.00000
0.00000
0.00000
0.00000
0.00000
0.00000
0.00000
0.00000
0.00000
0.00000
0.00000
0.00000
0.00000
0.00000
0.00000
0.00000
0.00000
0.00000
0.00000
