0.00009
0.00009
0.00009
0.00009
0.00006
0.00006
0.00003
0.00003
0.00000
0.00000
0.00000
0.00003
0.00003
0.00006
0.00006
0.00009
0.00012
0.00009
0.00006
0.00003
0.00006
0.00000
0.00000
0.00006
0.00006
0.00012
0.00015
0.00012
0.00009
0.00006
0.00000
0.00000
0.00003
0.00000
0.00003
0.00006
0.00006
0.00006
0.00006
0.00006
0.00015
0.00015
0.00015
0.00015
0.00012
0.00003
0.00003
0.00006
0.00000
0.00000
0.00009
0.00006
0.00009
0.00009
0.00009
0.00006
0.00006
0.00003
0.00000
0.00006
0.00012
0.00000
0.00009
0.00009
0.00000
0.00006
0.00009
0.00018
0.00015
0.00012
0.00009
0.00009
0.00009
0.00000
0.00006
0.00009
0.00009
0.00009
0.00009
0.00012
0.00012
0.00012
0.00009
0.00006
0.00000
0.00003
0.00000
0.00000
0.00003
0.00006
0.00012
0.00015
0.00018
0.00012
0.00006
0.00009
0.00000
0.00003
0.00009
0.00009
0.00006
0.00009
0.00015
0.00006
0.00000
0.00003
0.00006
0.00003
0.00006
0.00018
0.00018
0.00015
0.00015
0.00015
0.00012
0.00003
0.00003
0.00000
0.00000
0.00000
0.00000
0.00006
0.00012
0.00012
0.00015
0.00018
0.00015
0.00006
0.00003
0.00003
0.00000
0.00000
0.00006
0.00006
0.00006
0.00009
0.00006
0.00003
0.00003
0.00006
0.00003
0.00003
0.00009
0.00012
0.00009
0.00009
0.00003
0.00000
0.00000
0.00000
0.00000
0.00006
0.00003
0.00000
0.00006
0.00006
0.00003
0.00009
0.00012
0.00009
0.00000
0.00003
0.00006
0.00003
0.00006
0.00006
0.00003
0.00000
-0.00003
0.00000
0.00003
0.00003
0.00003
0.00009
0.00012
0.00009
0.00003
0.00003
0.00000
0.00006
-0.00018
0.00024
-0.00061
0.00079
-0.00122
0.00198
-0.00266
0.00095
-0.05170
-0.06760
-0.01813
-0.04855
-0.00876
0.02588
0.06531
0.07025
0.03754
-0.00073
-0.01089
0.03207
0.00348
-0.02094
-0.01456
-0.01215
-0.00119
0.00262
-0.00446
0.00320
0.01767
0.00552
-0.00601
0.00974
0.00485
-0.00748
0.00079
0.00528
-0.00125
-0.00125
-0.00397
-0.00198
0.00555
0.00067
-0.00427
-0.00098
0.00595
0.00311
0.00214
0.00433
0.00372
0.00034
-0.00156
-0.00104
0.00012
-0.00131
-0.00082
-0.00110
-0.00140
-0.00043
0.00089
0.00110
0.00189
0.00415
0.00314
0.00250
0.00284
0.00131
0.00040
0.00003
-0.00061
-0.00162
-0.00159
-0.00110
-0.00217
-0.00098
-0.00006
-0.00043
0.00015
0.00027
0.00128
0.00061
0.00085
0.00104
0.00012
0.00009
-0.00052
-0.00082
-0.00085
-0.00174
-0.00131
-0.00146
-0.00101
-0.00113
-0.00177
-0.00067
-0.00049
-0.00049
-0.00058
-0.00058
-0.00015
-0.00076
-0.00049
0.00006
0.00031
0.00000
0.00000
0.00000
0.00000
0.00000
0.00000
0.00000
0.00000
0.00000
0.00000
0.00000
0.00000
0.00000
0.00000
0.00000
0.00000
0.00000
0.00000
0.00000
0.00000
0.00000
0.00000
0.00000
0.00000
0.00000
0.00000
0.00000
0.00000
0.00000
0.00000
0.00000
0.00000
0.00000
0.00000
0.00000
0.00000
0.00000
0.00000
0.00000
0.00000
0.00000
0.00000
0.00000
0.00000
0.00000
0.00000
0.00000
0.00000
0.00000
0.00000
0.00000
0.00000
0.00000
0.00000
0.00000
0.00000
0.00000
0.00000
0.00000
0.00000
0.00000
0.00000
0.00000
0.00000
0.00000
0.00000
0.00000
0.00000
0.00000
0.00000
0.00000
0.00000
0.00000
0.00000
0.00000
0.00000
0.00000
0.00000
0.00000
0.00000
0.00000
0.00000
0.00000
0.00000
0.00000
0.00000
0.00000
0.00000
0.00000
0.00000
0.00000
0.00000
0.00000
0.00000
0.00000
0.00000
0.00000
0.00000
0.00000
0.00000
0.00000
0.00000
0.00000
0.00000
0.00000
0.00000
0.00000
0.00000
0.00000
0.00000
0.00000
0.00000
0.00000
0.00000
0.00000
0.00000
0.00000
0.00000
0.00000
0.00000
0.00000
0.00000
0.00000
0.00000
0.00000
0.00000
0.00000
0.00000
0.00000
0.00000
0.00000
0.00000
0.00000
0.00000
0.00000
0.00000
0.00000
0.00000
0.00000
0.00000
0.00000
0.00000
0.00000
0.00000
0.00000
0.00000
0.00000
0.00000
0.00000
0.00000
0.00000
0.00000
0.00000
0.00000
0.00000
0.00000
0.00000
0.00000
0.00000
0.00000
0.00000
0.00000
0.00000
0.00000
0.00000
0.00000
0.00000
0.00000
0.00000
0.00000
0.00000
0.00000
0.00000
0.00000
0.00000
0.00000
0.00000
0.00000
0.00000
0.00000
0.00000
0.00000
0.00000
0.00000
0.00000
0.00000
0.00000
0.00000
0.00000
0.00000
0.00000
0.00000
0.00000
0.00000
0.00000
0.00000
0.00000
0.00000
0.00000
0.00000
0.00000
0.00000
0.00000
0.00000
0.00000
0.00000
0.00000
0.00000
0.00000
0.00000
0.00000
0.00000
0.00000
0.00000
0.00000
0.00000
0.00000
0.00000
0.00000
0.00000
0.00000
0.00000
0.00000
0.00000
0.00000
0.00000
0.00000
0.00000
0.00000
