-0.00018
-0.00012
-0.00009
-0.00015
-0.00018
-0.00015
-0.00021
-0.00024
-0.00018
-0.00015
-0.00021
-0.00021
-0.00015
-0.00015
-0.00015
-0.00015
-0.00012
-0.00012
-0.00015
-0.00012
-0.00018
-0.00015
-0.00012
-0.00018
-0.00018
-0.00015
-0.00018
-0.00021
-0.00015
-0.00012
-0.00015
-0.00003
0.00000
-0.00006
-0.00009
-0.00018
-0.00021
-0.00018
-0.00018
-0.00015
-0.00006
0.00000
0.00000
0.00003
0.00000
-0.00009
-0.00009
-0.00012
-0.00012
-0.00006
0.00000
-0.00006
-0.00012
-0.00012
-0.00015
-0.00012
-0.00012
-0.00006
0.00000
0.00000
0.00006
0.00006
0.00006
0.00000
0.00000
0.00003
-0.00003
-0.00012
-0.00003
-0.00006
-0.00009
-0.00012
-0.00006
0.00000
0.00000
-0.00003
-0.00006
-0.00003
-0.00003
-0.00006
0.00000
0.00000
0.00000
0.00000
0.00003
0.00000
-0.00003
0.00000
0.00003
0.00000
-0.00006
-0.00006
-0.00003
-0.00006
-0.00003
0.00003
0.00003
0.00003
0.00006
0.00009
0.00006
0.00000
-0.00006
-0.00006
-0.00006
-0.00003
0.00000
0.00003
0.00000
0.00000
0.00000
-0.00003
0.00000
0.00003
0.00009
0.00012
0.00009
0.00006
0.00003
0.00000
-0.00003
0.00000
0.00003
0.00003
0.00003
0.00003
0.00003
0.00003
0.00006
0.00009
0.00009
0.00000
0.00000
0.00000
0.00000
0.00000
0.00009
0.00018
0.00012
0.00009
0.00012
0.00009
0.00006
0.00006
0.00009
0.00009
0.00003
0.00003
0.00006
0.00006
0.00000
0.00006
0.00012
0.00012
0.00006
0.00009
0.00012
0.00006
0.00006
0.00012
0.00009
0.00009
0.00009
0.00012
0.00015
0.00012
0.00006
0.00006
0.00006
0.00009
0.00012
0.00015
0.00018
0.00012
0.00009
0.00012
0.00015
0.00012
0.00015
0.00015
0.00018
0.00012
0.00018
0.00018
0.00037
0.00003
0.00040
-0.00021
0.00049
-0.00052
0.00040
-0.00055
0.00095
-0.01373
-0.05612
-0.02585
-0.01843
-0.01114
0.01315
0.02130
0.03079
0.02338
0.02090
0.00229
0.00464
0.01074
-0.00659
-0.00793
-0.00366
-0.00269
0.00656
0.00671
-0.00116
0.00201
0.00525
-0.00275
-0.00296
0.00491
0.00156
-0.00287
0.00244
0.00259
0.00174
0.00418
0.00027
-0.00079
0.00021
-0.00085
-0.00226
0.00113
0.00424
0.00204
0.00040
0.00253
0.00235
0.00024
0.00015
0.00146
0.00140
0.00113
0.00104
0.00031
0.00067
0.00186
0.00122
0.00012
0.00189
0.00238
0.00137
0.00208
0.00177
0.00061
0.00018
0.00085
0.00067
-0.00024
-0.00003
-0.00027
-0.00037
0.00049
0.00034
0.00055
0.00052
0.00061
0.00034
-0.00009
0.00043
0.00009
0.00000
0.00058
0.00024
0.00015
0.00000
0.00000
-0.00055
-0.00153
-0.00125
-0.00137
-0.00098
-0.00027
0.00003
0.00046
0.00024
-0.00006
-0.00021
-0.00040
0.00000
0.00000
0.00000
0.00000
0.00000
0.00000
0.00000
0.00000
0.00000
0.00000
0.00000
0.00000
0.00000
0.00000
0.00000
0.00000
0.00000
0.00000
0.00000
0.00000
0.00000
0.00000
0.00000
0.00000
0.00000
0.00000
0.00000
0.00000
0.00000
0.00000
0.00000
0.00000
0.00000
0.00000
0.00000
0.00000
0.00000
0.00000
0.00000
0.00000
0.00000
0.00000
0.00000
0.00000
0.00000
0.00000
0.00000
0.00000
0.00000
0.00000
0.00000
0.00000
0.00000
0.00000
0.00000
0.00000
0.00000
0.00000
0.00000
0.00000
0.00000
0.00000
0.00000
0.00000
0.00000
0.00000
0.00000
0.00000
0.00000
0.00000
0.00000
0.00000
0.00000
0.00000
0.00000
0.00000
0.00000
0.00000
0.00000
0.00000
0.00000
0.00000
0.00000
0.00000
0.00000
0.00000
0.00000
0.00000
0.00000
0.00000
0.00000
0.00000
0.00000
0.00000
0.00000
0.00000
0.00000
0.00000
0.00000
0.00000
0.00000
0.00000
0.00000
0.00000
0.00000
0.00000
0.00000
0.00000
0.00000
0.00000
0.00000
0.00000
0.00000
0.00000
0.00000
0.00000
0.00000
0.00000
0.00000
0.00000
0.00000
0.00000
0.00000
0.00000
0.00000
0.00000
0.00000
0.00000
0.00000
0.00000
0.00000
0.00000
0.00000
0.00000
0.00000
0.00000
0.00000
0.00000
0.00000
0.00000
0.00000
0.00000
0.00000
0.00000
0.00000
0.00000
0.00000
0.00000
0.00000
0.00000
0.00000
0.00000
0.00000
0.00000
0.00000
0.00000
0.00000
0.00000
0.00000
0.00000
0.00000
0.00000
0.00000
0.00000
0.00000
0.00000
0.00000
0.00000
0.00000
0.00000
0.00000
0.00000
0.00000
0.00000
0.00000
0.00000
0.00000
0.00000
0.00000
0.00000
0.00000
0.00000
0.00000
0.00000
0.00000
0.00000
0.00000
0.00000
0.00000
0.00000
0.00000
0.00000
0.00000
0.00000
0.00000
0.00000
0.00000
0.00000
0.00000
0.00000
0.00000
0.00000
0.00000
0.00000
0.00000
0.00000
0.00000
0.00000
0.00000
0.00000
0.00000
0.00000
0.00000
0.00000
0.00000
0.00000
0.00000
0.00000
0.00000
0.00000
0.00000
0.00000
0.00000
0.00000
0.00000
0.00000
