-0.00009
-0.00006
-0.00006
-0.00003
0.00000
0.00000
-0.00003
-0.00003
0.00000
0.00000
0.00000
0.00000
0.00000
-0.00006
-0.00003
0.00000
-0.00006
0.00000
0.00000
-0.00003
-0.00003
0.00000
-0.00003
0.00000
0.00000
0.00000
0.00006
0.00000
0.00000
0.00000
0.00000
0.00000
0.00000
0.00003
0.00000
-0.00006
-0.00003
-0.00003
-0.00003
-0.00006
0.00000
0.00003
-0.00003
0.00000
0.00003
0.00000
0.00000
0.00003
-0.00003
0.00000
-0.00006
0.00000
0.00003
0.00000
0.00000
0.00000
-0.00003
0.00006
-0.00015
-0.00003
0.00000
-0.00012
0.00000
0.00000
0.00012
0.00000
-0.00006
0.00000
0.00000
-0.00006
0.00000
-0.00003
-0.00003
0.00003
0.00000
0.00000
0.00006
0.00000
-0.00009
-0.00006
-0.00003
-0.00012
-0.00003
0.00003
0.00003
0.00000
0.00003
0.00003
-0.00006
-0.00006
0.00000
0.00000
0.00000
0.00000
0.00003
0.00000
0.00000
-0.00003
-0.00009
0.00000
0.00000
-0.00003
-0.00003
0.00000
-0.00006
-0.00012
0.00000
0.00000
0.00000
0.00000
0.00003
0.00000
-0.00003
0.00000
0.00000
-0.00006
-0.00012
-0.00006
-0.00009
-0.00009
-0.00006
-0.00006
-0.00003
0.00003
0.00003
-0.00003
-0.00003
-0.00015
-0.00021
-0.00006
-0.00003
-0.00006
-0.00003
-0.00003
-0.00003
-0.00006
-0.00003
-0.00006
-0.00009
-0.00006
-0.00003
-0.00015
-0.00003
-0.00003
-0.00006
-0.00006
-0.00009
-0.00009
-0.00021
-0.00018
-0.00012
0.00000
0.00000
0.00000
0.00000
-0.00003
-0.00003
-0.00009
-0.00009
-0.00012
-0.00015
-0.00012
-0.00018
-0.00006
-0.00009
-0.00018
-0.00006
-0.00009
-0.00012
-0.00012
-0.00006
0.00000
0.00000
-0.00015
-0.00003
-0.00031
0.00021
-0.00082
0.00113
-0.00214
0.00269
-0.00455
0.00601
-0.00897
0.01001
-0.09729
-0.14014
-0.00400
-0.06693
0.02133
0.09695
0.18430
0.13083
0.00180
-0.05798
-0.04416
-0.02481
-0.05084
-0.02707
0.00964
0.03223
0.01993
0.01999
0.00058
-0.01801
-0.00549
0.00159
0.00244
0.01202
0.00226
0.00018
0.00095
0.01080
0.00879
-0.00421
-0.00821
-0.00546
-0.00677
-0.00864
0.00244
0.00003
0.00479
0.01093
0.00708
0.00244
0.00766
0.00082
-0.00510
-0.00372
-0.00287
-0.00708
-0.00171
0.00076
0.00079
0.00217
0.00449
0.00195
0.00131
0.00516
0.00330
0.00046
0.00000
0.00000
-0.00101
-0.00253
-0.00110
-0.00067
-0.00308
-0.00250
-0.00140
-0.00012
-0.00015
-0.00067
0.00024
0.00006
0.00180
0.00052
0.00116
0.00241
0.00012
-0.00116
-0.00064
-0.00153
-0.00278
-0.00406
-0.00165
-0.00079
-0.00037
-0.00034
-0.00079
-0.00055
-0.00162
-0.00180
-0.00128
-0.00134
-0.00143
-0.00085
0.00171
0.00000
0.00000
0.00000
0.00000
0.00000
0.00000
0.00000
0.00000
0.00000
0.00000
0.00000
0.00000
0.00000
0.00000
0.00000
0.00000
0.00000
0.00000
0.00000
0.00000
0.00000
0.00000
0.00000
0.00000
0.00000
0.00000
0.00000
0.00000
0.00000
0.00000
0.00000
0.00000
0.00000
0.00000
0.00000
0.00000
0.00000
0.00000
0.00000
0.00000
0.00000
0.00000
0.00000
0.00000
0.00000
0.00000
0.00000
0.00000
0.00000
0.00000
0.00000
0.00000
0.00000
0.00000
0.00000
0.00000
0.00000
0.00000
0.00000
0.00000
0.00000
0.00000
0.00000
0.00000
0.00000
0.00000
0.00000
0.00000
0.00000
0.00000
0.00000
0.00000
0.00000
0.00000
0.00000
0.00000
0.00000
0.00000
0.00000
0.00000
0.00000
0.00000
0.00000
0.00000
0.00000
0.00000
0.00000
0.00000
0.00000
0.00000
0.00000
0.00000
0.00000
0.00000
0.00000
0.00000
0.00000
0.00000
0.00000
0.00000
0.00000
0.00000
0.00000
0.00000
0.00000
0.00000
0.00000
0.00000
0.00000
0.00000
0.00000
0.00000
0.00000
0.00000
0.00000
0.00000
0.00000
0.00000
0.00000
0.00000
0.00000
0.00000
0.00000
0.00000
0.00000
0.00000
0.00000
0.00000
0.00000
0.00000
0.00000
0.00000
0.00000
0.00000
0.00000
0.00000
0.00000
0.00000
0.00000
0.00000
0.00000
0.00000
0.00000
0.00000
0.00000
0.00000
0.00000
0.00000
0.00000
0.00000
0.00000
0.00000
0.00000
0.00000
0.00000
0.00000
0.00000
0.00000
0.00000
0.00000
0.00000
0.00000
0.00000
0.00000
0.00000
0.00000
0.00000
0.00000
0.00000
0.00000
0.00000
0.00000
0.00000
0.00000
0.00000
0.00000
0.00000
0.00000
0.00000
0.00000
0.00000
0.00000
0.00000
0.00000
0.00000
0.00000
0.00000
0.00000
0.00000
0.00000
0.00000
0.00000
0.00000
0.00000
0.00000
0.00000
0.00000
0.00000
0.00000
0.00000
0.00000
0.00000
0.00000
0.00000
0.00000
0.00000
0.00000
0.00000
0.00000
0.00000
0.00000
0.00000
0.00000
0.00000
0.00000
0.00000
0.00000
0.00000
0.00000
0.00000
0.00000
0.00000
0.00000
0.00000
0.00000
0.00000
0.00000
0.00000
0.00000
0.00000
0.00000
0.00000
0.00000
0.00000
