-0.00046
-0.00043
-0.00037
-0.00040
-0.00046
-0.00040
-0.00046
-0.00052
-0.00049
-0.00037
-0.00034
-0.00034
-0.00031
-0.00034
-0.00043
-0.00049
-0.00049
-0.00046
-0.00043
-0.00049
-0.00046
-0.00037
-0.00040
-0.00040
-0.00034
-0.00034
-0.00046
-0.00049
-0.00046
-0.00046
-0.00049
-0.00043
-0.00040
-0.00043
-0.00046
-0.00046
-0.00040
-0.00034
-0.00037
-0.00043
-0.00043
-0.00049
-0.00049
-0.00043
-0.00043
-0.00046
-0.00040
-0.00037
-0.00034
-0.00037
-0.00037
-0.00040
-0.00046
-0.00052
-0.00052
-0.00049
-0.00046
-0.00040
-0.00031
-0.00037
-0.00043
-0.00043
-0.00043
-0.00049
-0.00046
-0.00040
-0.00046
-0.00037
-0.00034
-0.00040
-0.00037
-0.00040
-0.00046
-0.00043
-0.00037
-0.00043
-0.00046
-0.00037
-0.00040
-0.00046
-0.00040
-0.00034
-0.00043
-0.00052
-0.00049
-0.00040
-0.00043
-0.00040
-0.00031
-0.00037
-0.00046
-0.00049
-0.00043
-0.00040
-0.00037
-0.00031
-0.00027
-0.00031
-0.00034
-0.00040
-0.00043
-0.00043
-0.00049
-0.00043
-0.00034
-0.00037
-0.00040
-0.00037
-0.00037
-0.00043
-0.00040
-0.00027
-0.00031
-0.00037
-0.00031
-0.00034
-0.00040
-0.00043
-0.00040
-0.00037
-0.00031
-0.00027
-0.00031
-0.00034
-0.00031
-0.00034
-0.00031
-0.00024
-0.00031
-0.00034
-0.00031
-0.00037
-0.00037
-0.00027
-0.00021
-0.00024
-0.00024
-0.00027
-0.00034
-0.00031
-0.00024
-0.00024
-0.00024
-0.00021
-0.00021
-0.00027
-0.00027
-0.00027
-0.00027
-0.00024
-0.00018
-0.00018
-0.00018
-0.00015
-0.00015
-0.00018
-0.00015
-0.00015
-0.00021
-0.00024
-0.00027
-0.00031
-0.00031
-0.00024
-0.00012
-0.00012
-0.00012
-0.00012
-0.00018
-0.00018
-0.00021
-0.00018
-0.00015
-0.00015
-0.00018
-0.00018
-0.00018
-0.00018
-0.00018
-0.00012
-0.00009
-0.00012
-0.00012
-0.00015
-0.00012
-0.00021
0.00000
-0.00052
0.00027
-0.00113
0.00092
-0.00208
-0.00037
-0.04541
-0.05231
-0.01434
-0.02176
0.00592
0.02155
0.03494
0.03006
0.02356
0.01004
-0.00409
0.01169
0.00015
-0.01361
-0.00574
-0.00443
0.00195
0.00952
0.00256
-0.00058
0.00635
0.00177
-0.00613
0.00220
0.00504
-0.00314
-0.00162
0.00299
0.00031
0.00250
0.00314
-0.00031
-0.00003
-0.00073
-0.00302
-0.00140
0.00415
0.00397
0.00058
0.00113
0.00302
0.00089
-0.00058
-0.00009
0.00000
-0.00037
0.00107
0.00076
0.00034
0.00165
0.00238
0.00073
0.00107
0.00250
0.00122
0.00113
0.00208
0.00098
0.00000
0.00015
0.00052
-0.00037
-0.00049
-0.00027
-0.00092
-0.00006
0.00037
0.00006
0.00067
0.00092
0.00107
0.00009
0.00018
0.00024
-0.00037
0.00000
0.00006
-0.00031
-0.00027
-0.00049
-0.00018
-0.00079
-0.00085
-0.00107
-0.00140
-0.00073
-0.00049
-0.00015
0.00031
0.00006
-0.00021
-0.00055
-0.00021
0.00000
0.00000
0.00000
0.00000
0.00000
0.00000
0.00000
0.00000
0.00000
0.00000
0.00000
0.00000
0.00000
0.00000
0.00000
0.00000
0.00000
0.00000
0.00000
0.00000
0.00000
0.00000
0.00000
0.00000
0.00000
0.00000
0.00000
0.00000
0.00000
0.00000
0.00000
0.00000
0.00000
0.00000
0.00000
0.00000
0.00000
0.00000
0.00000
0.00000
0.00000
0.00000
0.00000
0.00000
0.00000
0.00000
0.00000
0.00000
0.00000
0.00000
0.00000
0.00000
0.00000
0.00000
0.00000
0.00000
0.00000
0.00000
0.00000
0.00000
0.00000
0.00000
0.00000
0.00000
0.00000
0.00000
0.00000
0.00000
0.00000
0.00000
0.00000
0.00000
0.00000
0.00000
0.00000
0.00000
0.00000
0.00000
0.00000
0.00000
0.00000
0.00000
0.00000
0.00000
0.00000
0.00000
0.00000
0.00000
0.00000
0.00000
0.00000
0.00000
0.00000
0.00000
0.00000
0.00000
0.00000
0.00000
0.00000
0.00000
0.00000
0.00000
0.00000
0.00000
0.00000
0.00000
0.00000
0.00000
0.00000
0.00000
0.00000
0.00000
0.00000
0.00000
0.00000
0.00000
0.00000
0.00000
0.00000
0.00000
0.00000
0.00000
0.00000
0.00000
0.00000
0.00000
0.00000
0.00000
0.00000
0.00000
0.00000
0.00000
0.00000
0.00000
0.00000
0.00000
0.00000
0.00000
0.00000
0.00000
0.00000
0.00000
0.00000
0.00000
0.00000
0.00000
0.00000
0.00000
0.00000
0.00000
0.00000
0.00000
0.00000
0.00000
0.00000
0.00000
0.00000
0.00000
0.00000
0.00000
0.00000
0.00000
0.00000
0.00000
0.00000
0.00000
0.00000
0.00000
0.00000
0.00000
0.00000
0.00000
0.00000
0.00000
0.00000
0.00000
0.00000
0.00000
0.00000
0.00000
0.00000
0.00000
0.00000
0.00000
0.00000
0.00000
0.00000
0.00000
0.00000
0.00000
0.00000
0.00000
0.00000
0.00000
0.00000
0.00000
0.00000
0.00000
0.00000
0.00000
0.00000
0.00000
0.00000
0.00000
0.00000
0.00000
0.00000
0.00000
0.00000
0.00000
0.00000
0.00000
0.00000
0.00000
0.00000
0.00000
0.00000
0.00000
0.00000
0.00000
0.00000
0.00000
0.00000
0.00000
0.00000
0.00000
