-0.00024
-0.00024
-0.00018
-0.00012
-0.00015
-0.00018
-0.00021
-0.00024
-0.00024
-0.00024
-0.00021
-0.00018
-0.00018
-0.00018
-0.00015
-0.00012
-0.00018
-0.00018
-0.00018
-0.00021
-0.00021
-0.00021
-0.00021
-0.00024
-0.00024
-0.00024
-0.00021
-0.00015
-0.00021
-0.00018
-0.00021
-0.00027
-0.00021
-0.00018
-0.00021
-0.00015
-0.00012
-0.00012
-0.00012
-0.00024
-0.00031
-0.00027
-0.00024
-0.00024
-0.00021
-0.00012
-0.00018
-0.00024
-0.00018
-0.00012
-0.00015
-0.00012
-0.00012
-0.00021
-0.00034
-0.00034
-0.00027
-0.00024
-0.00021
-0.00009
-0.00012
-0.00015
-0.00012
-0.00015
-0.00018
-0.00015
-0.00012
-0.00015
-0.00018
-0.00015
-0.00018
-0.00024
-0.00024
-0.00027
-0.00024
-0.00021
-0.00015
-0.00018
-0.00018
-0.00015
-0.00012
-0.00012
-0.00009
-0.00009
-0.00012
-0.00015
-0.00018
-0.00024
-0.00027
-0.00024
-0.00018
-0.00018
-0.00018
-0.00015
-0.00012
-0.00015
-0.00012
-0.00015
-0.00015
-0.00015
-0.00015
-0.00009
-0.00003
-0.00009
-0.00012
-0.00015
-0.00021
-0.00027
-0.00024
-0.00015
-0.00018
-0.00012
-0.00006
-0.00006
-0.00015
-0.00015
-0.00012
-0.00012
-0.00015
-0.00015
-0.00015
-0.00021
-0.00024
-0.00021
-0.00015
-0.00009
-0.00012
-0.00009
-0.00012
-0.00018
-0.00021
-0.00015
-0.00012
-0.00015
-0.00015
-0.00012
-0.00018
-0.00024
-0.00027
-0.00021
-0.00021
-0.00015
-0.00009
-0.00006
-0.00009
-0.00015
-0.00012
-0.00006
-0.00009
-0.00015
-0.00015
-0.00012
-0.00018
-0.00021
-0.00015
-0.00012
-0.00015
-0.00012
-0.00012
-0.00015
-0.00015
-0.00012
-0.00012
-0.00015
-0.00012
-0.00012
-0.00009
-0.00009
-0.00015
-0.00012
-0.00015
-0.00021
-0.00018
-0.00015
-0.00015
-0.00018
-0.00012
-0.00009
-0.00009
-0.00006
-0.00003
-0.00006
-0.00012
-0.00015
-0.00012
-0.00018
-0.00024
-0.00021
0.00000
-0.00043
0.00021
-0.00095
0.00092
-0.00137
0.00082
-0.02905
-0.03809
-0.01715
-0.01947
-0.00323
0.00574
0.01709
0.01978
0.02094
0.01672
0.00546
0.00992
0.00620
-0.00449
-0.00403
-0.00327
-0.00104
0.00467
0.00058
-0.00275
0.00214
0.00128
-0.00278
0.00003
0.00528
0.00095
0.00058
0.00381
0.00101
0.00125
0.00150
-0.00006
-0.00055
-0.00058
-0.00140
-0.00159
0.00146
0.00217
-0.00021
0.00034
0.00302
0.00262
0.00244
0.00278
0.00204
0.00073
0.00049
0.00006
-0.00082
-0.00043
0.00037
-0.00003
0.00128
0.00256
0.00168
0.00140
0.00189
0.00125
0.00064
0.00082
0.00076
-0.00031
-0.00058
-0.00024
-0.00027
0.00015
0.00031
-0.00006
0.00003
0.00009
0.00027
-0.00006
0.00000
0.00034
0.00027
0.00061
0.00067
0.00037
0.00037
0.00000
0.00000
0.00000
0.00000
0.00000
0.00000
0.00000
0.00000
0.00000
0.00000
0.00000
0.00000
0.00000
0.00000
0.00000
0.00000
0.00000
0.00000
0.00000
0.00000
0.00000
0.00000
0.00000
0.00000
0.00000
0.00000
0.00000
0.00000
0.00000
0.00000
0.00000
0.00000
0.00000
0.00000
0.00000
0.00000
0.00000
0.00000
0.00000
0.00000
0.00000
0.00000
0.00000
0.00000
0.00000
0.00000
0.00000
0.00000
0.00000
0.00000
0.00000
0.00000
0.00000
0.00000
0.00000
0.00000
0.00000
0.00000
0.00000
0.00000
0.00000
0.00000
0.00000
0.00000
0.00000
0.00000
0.00000
0.00000
0.00000
0.00000
0.00000
0.00000
0.00000
0.00000
0.00000
0.00000
0.00000
0.00000
0.00000
0.00000
0.00000
0.00000
0.00000
0.00000
0.00000
0.00000
0.00000
0.00000
0.00000
0.00000
0.00000
0.00000
0.00000
0.00000
0.00000
0.00000
0.00000
0.00000
0.00000
0.00000
0.00000
0.00000
0.00000
0.00000
0.00000
0.00000
0.00000
0.00000
0.00000
0.00000
0.00000
0.00000
0.00000
0.00000
0.00000
0.00000
0.00000
0.00000
0.00000
0.00000
0.00000
0.00000
0.00000
0.00000
0.00000
0.00000
0.00000
0.00000
0.00000
0.00000
0.00000
0.00000
0.00000
0.00000
0.00000
0.00000
0.00000
0.00000
0.00000
0.00000
0.00000
0.00000
0.00000
0.00000
0.00000
0.00000
0.00000
0.00000
0.00000
0.00000
0.00000
0.00000
0.00000
0.00000
0.00000
0.00000
0.00000
0.00000
0.00000
0.00000
0.00000
0.00000
0.00000
0.00000
0.00000
0.00000
0.00000
0.00000
0.00000
0.00000
0.00000
0.00000
0.00000
0.00000
0.00000
0.00000
0.00000
0.00000
0.00000
0.00000
0.00000
0.00000
0.00000
0.00000
0.00000
0.00000
0.00000
0.00000
0.00000
0.00000
0.00000
0.00000
0.00000
0.00000
0.00000
0.00000
0.00000
0.00000
0.00000
0.00000
0.00000
0.00000
0.00000
0.00000
0.00000
0.00000
0.00000
0.00000
0.00000
0.00000
0.00000
0.00000
0.00000
0.00000
0.00000
0.00000
0.00000
0.00000
0.00000
0.00000
0.00000
0.00000
0.00000
0.00000
0.00000
0.00000
0.00000
0.00000
0.00000
0.00000
0.00000
0.00000
0.00000
0.00000
0.00000
0.00000
0.00000
0.00000
