0.00009
0.00009
0.00012
0.00021
0.00012
0.00003
0.00009
0.00012
0.00006
0.00009
0.00015
0.00003
-0.00006
-0.00015
-0.00009
0.00000
0.00006
0.00009
0.00012
0.00009
0.00012
0.00003
-0.00003
-0.00003
-0.00009
-0.00006
-0.00006
0.00003
0.00009
0.00003
0.00003
0.00009
0.00003
0.00003
0.00006
0.00000
-0.00018
-0.00009
0.00000
0.00000
0.00009
0.00015
0.00006
0.00000
-0.00003
-0.00018
-0.00021
-0.00021
-0.00009
0.00003
0.00015
0.00012
0.00015
0.00006
-0.00003
-0.00015
-0.00012
-0.00021
-0.00024
0.00006
-0.00012
0.00000
0.00009
0.00009
0.00003
-0.00003
-0.00009
-0.00015
-0.00012
-0.00018
-0.00018
-0.00021
-0.00015
-0.00006
0.00000
-0.00003
0.00000
-0.00009
-0.00012
-0.00006
-0.00006
-0.00003
-0.00003
0.00000
-0.00009
-0.00009
-0.00003
-0.00015
-0.00015
-0.00021
-0.00031
-0.00024
-0.00012
-0.00012
0.00000
0.00006
0.00000
-0.00018
-0.00012
-0.00021
-0.00037
-0.00034
-0.00012
-0.00006
-0.00021
0.00003
0.00000
-0.00015
-0.00018
-0.00012
-0.00015
-0.00021
-0.00021
-0.00018
-0.00018
-0.00021
-0.00021
-0.00018
-0.00021
-0.00024
-0.00021
-0.00015
-0.00015
-0.00021
-0.00018
-0.00012
-0.00012
-0.00024
-0.00021
-0.00024
-0.00031
-0.00021
-0.00018
-0.00018
-0.00024
-0.00024
-0.00031
-0.00027
-0.00024
-0.00018
-0.00015
-0.00012
-0.00012
-0.00027
-0.00031
-0.00037
-0.00027
-0.00024
-0.00024
-0.00018
-0.00018
-0.00012
-0.00018
-0.00018
-0.00018
-0.00024
-0.00031
-0.00031
-0.00027
-0.00034
-0.00040
-0.00037
-0.00031
-0.00024
-0.00031
-0.00015
-0.00009
-0.00021
-0.00021
-0.00031
-0.00040
-0.00037
-0.00043
-0.00015
-0.00037
0.00018
-0.00067
0.00043
-0.00110
0.00040
-0.00095
0.00003
0.00024
-0.00195
-0.02246
-0.17029
-0.04855
-0.03470
-0.03101
0.06552
0.14783
0.19073
0.03821
-0.03088
-0.06561
-0.02985
-0.03400
-0.03690
-0.01526
0.03271
0.02722
0.01685
0.01190
-0.01224
-0.01718
0.00095
0.00281
0.00745
0.01157
0.00369
-0.00735
0.00357
0.01562
-0.00195
-0.00623
-0.00452
-0.00540
-0.01025
0.00006
0.00076
-0.00052
0.00970
0.00952
0.00153
0.00613
0.00626
-0.00418
-0.00540
-0.00208
-0.00549
-0.00568
0.00137
0.00009
0.00107
0.00342
0.00391
-0.00021
0.00418
0.00479
0.00104
-0.00015
0.00018
-0.00095
-0.00247
-0.00204
0.00003
-0.00208
-0.00275
-0.00208
-0.00134
-0.00015
-0.00122
-0.00018
-0.00043
0.00092
0.00119
-0.00009
0.00241
0.00153
-0.00076
-0.00092
-0.00119
-0.00217
-0.00412
-0.00302
-0.00076
-0.00131
0.00003
-0.00095
-0.00061
-0.00119
-0.00171
-0.00183
-0.00156
-0.00146
-0.00143
0.00006
0.00000
0.00000
0.00000
0.00000
0.00000
0.00000
0.00000
0.00000
0.00000
0.00000
0.00000
0.00000
0.00000
0.00000
0.00000
0.00000
0.00000
0.00000
0.00000
0.00000
0.00000
0.00000
0.00000
0.00000
0.00000
0.00000
0.00000
0.00000
0.00000
0.00000
0.00000
0.00000
0.00000
0.00000
0.00000
0.00000
0.00000
0.00000
0.00000
0.00000
0.00000
0.00000
0.00000
0.00000
0.00000
0.00000
0.00000
0.00000
0.00000
0.00000
0.00000
0.00000
0.00000
0.00000
0.00000
0.00000
0.00000
0.00000
0.00000
0.00000
0.00000
0.00000
0.00000
0.00000
0.00000
0.00000
0.00000
0.00000
0.00000
0.00000
0.00000
0.00000
0.00000
0.00000
0.00000
0.00000
0.00000
0.00000
0.00000
0.00000
0.00000
0.00000
0.00000
0.00000
0.00000
0.00000
0.00000
0.00000
0.00000
0.00000
0.00000
0.00000
0.00000
0.00000
0.00000
0.00000
0.00000
0.00000
0.00000
0.00000
0.00000
0.00000
0.00000
0.00000
0.00000
0.00000
0.00000
0.00000
0.00000
0.00000
0.00000
0.00000
0.00000
0.00000
0.00000
0.00000
0.00000
0.00000
0.00000
0.00000
0.00000
0.00000
0.00000
0.00000
0.00000
0.00000
0.00000
0.00000
0.00000
0.00000
0.00000
0.00000
0.00000
0.00000
0.00000
0.00000
0.00000
0.00000
0.00000
0.00000
0.00000
0.00000
0.00000
0.00000
0.00000
0.00000
0.00000
0.00000
0.00000
0.00000
0.00000
0.00000
0.00000
0.00000
0.00000
0.00000
0.00000
0.00000
0.00000
0.00000
0.00000
0.00000
0.00000
0.00000
0.00000
0.00000
0.00000
0.00000
0.00000
0.00000
0.00000
0.00000
0.00000
0.00000
0.00000
0.00000
0.00000
0.00000
0.00000
0.00000
0.00000
0.00000
0.00000
0.00000
0.00000
0.00000
0.00000
0.00000
0.00000
0.00000
0.00000
0.00000
0.00000
0.00000
0.00000
0.00000
0.00000
0.00000
0.00000
0.00000
0.00000
0.00000
0.00000
0.00000
0.00000
0.00000
0.00000
0.00000
0.00000
0.00000
0.00000
0.00000
0.00000
0.00000
0.00000
0.00000
0.00000
0.00000
0.00000
0.00000
0.00000
0.00000
0.00000
0.00000
0.00000
0.00000
0.00000
0.00000
0.00000
0.00000
0.00000
0.00000
0.00000
0.00000
0.00000
