0.00000
0.00003
0.00003
0.00006
0.00012
0.00015
0.00015
0.00018
0.00015
0.00009
0.00009
0.00006
0.00003
0.00009
0.00021
0.00009
0.00006
0.00009
0.00006
-0.00006
-0.00003
0.00003
0.00000
0.00009
0.00012
0.00009
0.00012
0.00012
0.00009
0.00003
0.00003
0.00000
0.00000
0.00000
0.00000
-0.00003
0.00000
0.00009
0.00006
0.00003
0.00009
0.00003
0.00000
0.00003
0.00000
-0.00006
-0.00006
0.00000
-0.00009
-0.00012
0.00000
0.00000
0.00000
0.00003
0.00006
-0.00009
-0.00006
0.00009
-0.00006
0.00000
0.00000
0.00006
-0.00003
0.00006
0.00000
-0.00003
0.00000
-0.00003
-0.00006
-0.00012
-0.00003
-0.00006
-0.00015
-0.00009
-0.00006
-0.00012
-0.00009
0.00000
-0.00006
-0.00003
-0.00006
-0.00009
-0.00015
-0.00009
-0.00009
-0.00009
-0.00003
-0.00009
-0.00012
-0.00015
-0.00021
-0.00024
-0.00015
-0.00015
-0.00015
-0.00012
-0.00003
-0.00006
-0.00012
-0.00015
-0.00003
-0.00006
-0.00021
-0.00015
-0.00018
-0.00024
-0.00021
-0.00021
-0.00027
-0.00018
-0.00009
-0.00015
-0.00006
-0.00006
-0.00021
-0.00027
-0.00021
-0.00018
-0.00021
-0.00015
-0.00015
-0.00015
-0.00021
-0.00024
-0.00027
-0.00027
-0.00024
-0.00021
-0.00012
-0.00009
-0.00012
-0.00018
-0.00015
-0.00018
-0.00024
-0.00021
-0.00021
-0.00018
-0.00034
-0.00034
-0.00027
-0.00024
-0.00024
-0.00031
-0.00018
-0.00024
-0.00027
-0.00027
-0.00015
-0.00018
-0.00024
-0.00021
-0.00027
-0.00031
-0.00034
-0.00031
-0.00027
-0.00031
-0.00024
-0.00027
-0.00021
-0.00024
-0.00037
-0.00031
-0.00027
-0.00024
-0.00031
-0.00027
-0.00031
-0.00027
-0.00037
-0.00024
-0.00037
0.00012
-0.00082
0.00073
-0.00177
0.00168
-0.00327
0.00360
-0.00586
0.00632
-0.06439
-0.13055
0.00360
-0.02222
-0.01727
0.02335
0.11664
0.07483
0.02356
-0.02734
-0.05591
0.05182
0.02344
-0.00961
-0.00439
0.01501
-0.00327
-0.00684
-0.00510
-0.01907
0.00482
0.02066
-0.00577
0.01788
0.02005
-0.01434
-0.01868
0.00830
0.00345
-0.00421
-0.00018
-0.00223
-0.00012
0.00153
0.00000
-0.00552
0.00555
0.00488
0.00082
0.00189
0.00748
0.00073
-0.00412
-0.00195
0.00012
-0.00250
0.00021
0.00031
-0.00235
-0.00217
0.00174
0.00037
-0.00076
0.00525
0.00449
0.00113
0.00116
0.00070
-0.00171
-0.00070
0.00070
-0.00156
-0.00305
-0.00140
-0.00299
-0.00180
0.00006
-0.00055
-0.00110
-0.00055
0.00131
-0.00122
-0.00049
0.00067
0.00012
0.00000
-0.00012
-0.00064
-0.00192
-0.00238
-0.00192
-0.00201
-0.00092
-0.00143
-0.00223
-0.00156
-0.00186
-0.00156
-0.00165
-0.00037
-0.00009
-0.00024
0.00000
0.00000
0.00000
0.00000
0.00000
0.00000
0.00000
0.00000
0.00000
0.00000
0.00000
0.00000
0.00000
0.00000
0.00000
0.00000
0.00000
0.00000
0.00000
0.00000
0.00000
0.00000
0.00000
0.00000
0.00000
0.00000
0.00000
0.00000
0.00000
0.00000
0.00000
0.00000
0.00000
0.00000
0.00000
0.00000
0.00000
0.00000
0.00000
0.00000
0.00000
0.00000
0.00000
0.00000
0.00000
0.00000
0.00000
0.00000
0.00000
0.00000
0.00000
0.00000
0.00000
0.00000
0.00000
0.00000
0.00000
0.00000
0.00000
0.00000
0.00000
0.00000
0.00000
0.00000
0.00000
0.00000
0.00000
0.00000
0.00000
0.00000
0.00000
0.00000
0.00000
0.00000
0.00000
0.00000
0.00000
0.00000
0.00000
0.00000
0.00000
0.00000
0.00000
0.00000
0.00000
0.00000
0.00000
0.00000
0.00000
0.00000
0.00000
0.00000
0.00000
0.00000
0.00000
0.00000
0.00000
0.00000
0.00000
0.00000
0.00000
0.00000
0.00000
0.00000
0.00000
0.00000
0.00000
0.00000
0.00000
0.00000
0.00000
0.00000
0.00000
0.00000
0.00000
0.00000
0.00000
0.00000
0.00000
0.00000
0.00000
0.00000
0.00000
0.00000
0.00000
0.00000
0.00000
0.00000
0.00000
0.00000
0.00000
0.00000
0.00000
0.00000
0.00000
0.00000
0.00000
0.00000
0.00000
0.00000
0.00000
0.00000
0.00000
0.00000
0.00000
0.00000
0.00000
0.00000
0.00000
0.00000
0.00000
0.00000
0.00000
0.00000
0.00000
0.00000
0.00000
0.00000
0.00000
0.00000
0.00000
0.00000
0.00000
0.00000
0.00000
0.00000
0.00000
0.00000
0.00000
0.00000
0.00000
0.00000
0.00000
0.00000
0.00000
0.00000
0.00000
0.00000
0.00000
0.00000
0.00000
0.00000
0.00000
0.00000
0.00000
0.00000
0.00000
0.00000
0.00000
0.00000
0.00000
0.00000
0.00000
0.00000
0.00000
0.00000
0.00000
0.00000
0.00000
0.00000
0.00000
0.00000
0.00000
0.00000
0.00000
0.00000
0.00000
0.00000
0.00000
0.00000
0.00000
0.00000
0.00000
0.00000
0.00000
0.00000
0.00000
0.00000
0.00000
0.00000
0.00000
0.00000
0.00000
0.00000
0.00000
0.00000
0.00000
0.00000
0.00000
0.00000
0.00000
0.00000
0.00000
0.00000
0.00000
0.00000
0.00000
0.00000
