-0.00015
-0.00015
-0.00012
-0.00012
-0.00012
-0.00012
-0.00012
-0.00012
-0.00012
-0.00018
-0.00021
-0.00012
-0.00015
-0.00015
-0.00009
-0.00009
-0.00012
-0.00012
-0.00012
-0.00015
-0.00021
-0.00018
-0.00012
-0.00015
-0.00015
-0.00009
-0.00012
-0.00012
-0.00015
-0.00015
-0.00015
-0.00015
-0.00018
-0.00015
-0.00018
-0.00018
-0.00018
-0.00012
-0.00012
-0.00015
-0.00015
-0.00018
-0.00015
-0.00012
-0.00018
-0.00018
-0.00015
-0.00018
-0.00015
-0.00015
-0.00015
-0.00012
-0.00015
-0.00012
-0.00012
-0.00018
-0.00018
-0.00018
-0.00018
-0.00015
-0.00015
-0.00009
-0.00018
-0.00015
-0.00006
-0.00024
-0.00021
-0.00009
-0.00021
-0.00018
-0.00006
-0.00015
-0.00009
-0.00015
-0.00018
-0.00012
-0.00015
-0.00015
-0.00009
-0.00012
-0.00012
-0.00006
-0.00012
-0.00015
-0.00012
-0.00018
-0.00021
-0.00018
-0.00009
-0.00012
-0.00012
-0.00012
-0.00009
-0.00012
-0.00009
-0.00006
-0.00012
-0.00012
-0.00012
-0.00015
-0.00018
-0.00018
-0.00012
-0.00009
-0.00015
-0.00012
-0.00012
-0.00009
-0.00009
-0.00012
-0.00012
-0.00012
-0.00009
-0.00006
-0.00006
-0.00012
-0.00009
-0.00015
-0.00015
-0.00009
-0.00012
-0.00012
-0.00009
-0.00009
-0.00015
-0.00012
-0.00009
-0.00012
-0.00012
-0.00009
-0.00009
-0.00015
-0.00015
-0.00012
-0.00015
-0.00015
-0.00006
-0.00012
-0.00015
-0.00003
-0.00009
-0.00009
-0.00009
-0.00006
-0.00006
-0.00012
-0.00009
-0.00012
-0.00012
-0.00009
-0.00012
-0.00012
-0.00006
-0.00009
-0.00009
-0.00003
-0.00006
-0.00009
-0.00003
0.00000
-0.00006
-0.00009
-0.00006
-0.00006
-0.00009
-0.00009
-0.00006
-0.00012
-0.00006
-0.00006
-0.00009
-0.00003
-0.00006
-0.00006
-0.00006
-0.00009
0.00000
-0.00012
-0.00003
-0.00012
0.00024
-0.00049
0.00058
-0.00104
0.00113
-0.00189
0.00211
-0.00336
0.00427
-0.03540
-0.10660
-0.02628
-0.03046
-0.04730
0.06903
0.11807
0.07602
0.07489
-0.02982
-0.03473
0.00510
-0.03748
-0.05344
-0.00284
0.02206
-0.00314
0.02020
0.02097
-0.01111
0.00116
0.00623
-0.01306
0.01547
0.01541
-0.01727
0.00113
0.01236
-0.00751
-0.00510
0.00186
-0.00720
-0.00339
0.00351
-0.00262
0.00204
0.01041
0.00546
0.00470
0.00528
0.00458
-0.00134
-0.00229
-0.00226
-0.00293
-0.00433
-0.00052
0.00003
0.00000
0.00143
0.00253
0.00031
0.00027
0.00418
0.00452
0.00235
0.00287
0.00095
-0.00140
-0.00092
-0.00092
-0.00134
-0.00070
-0.00122
-0.00217
-0.00061
0.00168
0.00027
0.00024
0.00198
0.00110
-0.00049
-0.00009
0.00085
0.00055
-0.00073
0.00095
-0.00012
-0.00168
-0.00198
-0.00241
-0.00150
-0.00082
-0.00116
-0.00082
-0.00034
0.00037
-0.00027
0.00018
0.00040
-0.00137
-0.00131
-0.00116
-0.00037
-0.00031
0.00000
0.00000
0.00000
0.00000
0.00000
0.00000
0.00000
0.00000
0.00000
0.00000
0.00000
0.00000
0.00000
0.00000
0.00000
0.00000
0.00000
0.00000
0.00000
0.00000
0.00000
0.00000
0.00000
0.00000
0.00000
0.00000
0.00000
0.00000
0.00000
0.00000
0.00000
0.00000
0.00000
0.00000
0.00000
0.00000
0.00000
0.00000
0.00000
0.00000
0.00000
0.00000
0.00000
0.00000
0.00000
0.00000
0.00000
0.00000
0.00000
0.00000
0.00000
0.00000
0.00000
0.00000
0.00000
0.00000
0.00000
0.00000
0.00000
0.00000
0.00000
0.00000
0.00000
0.00000
0.00000
0.00000
0.00000
0.00000
0.00000
0.00000
0.00000
0.00000
0.00000
0.00000
0.00000
0.00000
0.00000
0.00000
0.00000
0.00000
0.00000
0.00000
0.00000
0.00000
0.00000
0.00000
0.00000
0.00000
0.00000
0.00000
0.00000
0.00000
0.00000
0.00000
0.00000
0.00000
0.00000
0.00000
0.00000
0.00000
0.00000
0.00000
0.00000
0.00000
0.00000
0.00000
0.00000
0.00000
0.00000
0.00000
0.00000
0.00000
0.00000
0.00000
0.00000
0.00000
0.00000
0.00000
0.00000
0.00000
0.00000
0.00000
0.00000
0.00000
0.00000
0.00000
0.00000
0.00000
0.00000
0.00000
0.00000
0.00000
0.00000
0.00000
0.00000
0.00000
0.00000
0.00000
0.00000
0.00000
0.00000
0.00000
0.00000
0.00000
0.00000
0.00000
0.00000
0.00000
0.00000
0.00000
0.00000
0.00000
0.00000
0.00000
0.00000
0.00000
0.00000
0.00000
0.00000
0.00000
0.00000
0.00000
0.00000
0.00000
0.00000
0.00000
0.00000
0.00000
0.00000
0.00000
0.00000
0.00000
0.00000
0.00000
0.00000
0.00000
0.00000
0.00000
0.00000
0.00000
0.00000
0.00000
0.00000
0.00000
0.00000
0.00000
0.00000
0.00000
0.00000
0.00000
0.00000
0.00000
0.00000
0.00000
0.00000
0.00000
0.00000
0.00000
0.00000
0.00000
0.00000
0.00000
0.00000
0.00000
0.00000
0.00000
0.00000
0.00000
0.00000
0.00000
0.00000
0.00000
0.00000
0.00000
0.00000
0.00000
0.00000
0.00000
0.00000
0.00000
0.00000
0.00000
0.00000
0.00000
0.00000
0.00000
0.00000
0.00000
