0.00009
0.00006
0.00006
0.00009
0.00009
0.00009
0.00012
0.00012
0.00012
0.00006
0.00006
0.00009
0.00009
0.00009
0.00012
0.00012
0.00015
0.00012
0.00009
0.00009
0.00012
0.00015
0.00009
0.00006
0.00012
0.00009
0.00003
0.00006
0.00012
0.00015
0.00012
0.00012
0.00009
0.00009
0.00009
0.00000
0.00006
0.00009
0.00009
0.00009
0.00015
0.00012
0.00012
0.00012
0.00006
0.00006
0.00003
0.00000
0.00003
0.00003
0.00006
0.00003
0.00003
0.00009
0.00009
0.00006
0.00003
0.00006
0.00003
0.00006
0.00006
0.00009
0.00012
0.00009
0.00003
0.00003
0.00006
0.00006
0.00006
0.00009
0.00006
0.00006
0.00006
0.00003
0.00003
0.00003
0.00003
0.00003
0.00003
0.00003
0.00000
0.00000
0.00000
0.00000
0.00003
0.00003
0.00003
0.00006
0.00003
0.00000
0.00000
0.00000
0.00000
0.00000
0.00000
0.00000
0.00000
0.00000
0.00000
0.00000
0.00000
0.00000
0.00003
0.00003
0.00003
0.00000
0.00000
0.00000
-0.00003
-0.00003
0.00000
0.00000
0.00000
0.00000
0.00000
0.00003
0.00000
-0.00006
-0.00006
-0.00003
-0.00006
-0.00006
0.00000
0.00000
-0.00003
0.00000
0.00000
0.00000
0.00000
-0.00003
-0.00003
0.00000
-0.00003
-0.00009
-0.00006
-0.00003
-0.00006
-0.00009
-0.00006
-0.00003
-0.00003
-0.00006
-0.00006
-0.00003
0.00000
-0.00003
-0.00003
0.00000
-0.00003
-0.00006
-0.00006
-0.00009
-0.00012
-0.00015
-0.00012
-0.00009
-0.00006
-0.00006
-0.00003
-0.00003
-0.00003
-0.00006
-0.00009
-0.00012
-0.00018
-0.00018
-0.00018
-0.00012
-0.00012
-0.00012
-0.00006
-0.00012
-0.00018
-0.00015
-0.00018
-0.00018
-0.00015
-0.00012
-0.00006
-0.00009
-0.00009
-0.00012
-0.00012
-0.00021
-0.00024
-0.00018
-0.00018
-0.00018
-0.00012
-0.00015
-0.00003
-0.00034
0.00000
-0.00070
0.00027
-0.00101
0.00021
-0.01590
-0.02402
-0.00922
-0.01169
-0.01166
-0.01193
-0.00220
0.00845
0.01407
0.01685
0.01816
0.01407
0.00827
0.00159
0.00134
0.00055
-0.00839
-0.01096
-0.00647
-0.00122
0.00211
0.00281
0.00204
0.00241
0.00613
0.00543
0.00290
0.00116
-0.00122
-0.00296
-0.00079
0.00052
-0.00140
-0.00180
-0.00146
-0.00165
0.00037
0.00287
0.00269
0.00299
0.00391
0.00220
0.00180
0.00183
0.00037
-0.00189
-0.00201
-0.00061
0.00034
0.00024
-0.00012
-0.00055
0.00009
0.00146
0.00214
0.00223
0.00189
0.00110
0.00024
-0.00009
0.00046
-0.00043
-0.00162
-0.00116
-0.00040
0.00012
-0.00027
-0.00119
-0.00073
0.00021
0.00067
-0.00024
-0.00052
0.00034
0.00046
0.00031
-0.00006
-0.00079
-0.00107
-0.00131
-0.00049
-0.00018
-0.00061
-0.00107
-0.00113
-0.00067
-0.00058
-0.00137
-0.00156
-0.00104
-0.00043
-0.00055
0.00000
0.00000
0.00000
0.00000
0.00000
0.00000
0.00000
0.00000
0.00000
0.00000
0.00000
0.00000
0.00000
0.00000
0.00000
0.00000
0.00000
0.00000
0.00000
0.00000
0.00000
0.00000
0.00000
0.00000
0.00000
0.00000
0.00000
0.00000
0.00000
0.00000
0.00000
0.00000
0.00000
0.00000
0.00000
0.00000
0.00000
0.00000
0.00000
0.00000
0.00000
0.00000
0.00000
0.00000
0.00000
0.00000
0.00000
0.00000
0.00000
0.00000
0.00000
0.00000
0.00000
0.00000
0.00000
0.00000
0.00000
0.00000
0.00000
0.00000
0.00000
0.00000
0.00000
0.00000
0.00000
0.00000
0.00000
0.00000
0.00000
0.00000
0.00000
0.00000
0.00000
0.00000
0.00000
0.00000
0.00000
0.00000
0.00000
0.00000
0.00000
0.00000
0.00000
0.00000
0.00000
0.00000
0.00000
0.00000
0.00000
0.00000
0.00000
0.00000
0.00000
0.00000
0.00000
0.00000
0.00000
0.00000
0.00000
0.00000
0.00000
0.00000
0.00000
0.00000
0.00000
0.00000
0.00000
0.00000
0.00000
0.00000
0.00000
0.00000
0.00000
0.00000
0.00000
0.00000
0.00000
0.00000
0.00000
0.00000
0.00000
0.00000
0.00000
0.00000
0.00000
0.00000
0.00000
0.00000
0.00000
0.00000
0.00000
0.00000
0.00000
0.00000
0.00000
0.00000
0.00000
0.00000
0.00000
0.00000
0.00000
0.00000
0.00000
0.00000
0.00000
0.00000
0.00000
0.00000
0.00000
0.00000
0.00000
0.00000
0.00000
0.00000
0.00000
0.00000
0.00000
0.00000
0.00000
0.00000
0.00000
0.00000
0.00000
0.00000
0.00000
0.00000
0.00000
0.00000
0.00000
0.00000
0.00000
0.00000
0.00000
0.00000
0.00000
0.00000
0.00000
0.00000
0.00000
0.00000
0.00000
0.00000
0.00000
0.00000
0.00000
0.00000
0.00000
0.00000
0.00000
0.00000
0.00000
0.00000
0.00000
0.00000
0.00000
0.00000
0.00000
0.00000
0.00000
0.00000
0.00000
0.00000
0.00000
0.00000
0.00000
0.00000
0.00000
0.00000
0.00000
0.00000
0.00000
0.00000
0.00000
0.00000
0.00000
0.00000
0.00000
0.00000
0.00000
0.00000
0.00000
0.00000
0.00000
