-0.00012
-0.00012
-0.00012
-0.00015
-0.00018
-0.00021
-0.00018
-0.00015
-0.00015
-0.00012
-0.00012
-0.00015
-0.00015
-0.00015
-0.00018
-0.00021
-0.00021
-0.00021
-0.00018
-0.00012
-0.00012
-0.00015
-0.00015
-0.00015
-0.00015
-0.00015
-0.00018
-0.00018
-0.00015
-0.00015
-0.00015
-0.00015
-0.00015
-0.00015
-0.00012
-0.00021
-0.00015
-0.00015
-0.00018
-0.00018
-0.00015
-0.00024
-0.00018
-0.00018
-0.00018
-0.00018
-0.00015
-0.00012
-0.00015
-0.00015
-0.00015
-0.00015
-0.00018
-0.00015
-0.00015
-0.00015
-0.00012
-0.00015
-0.00015
-0.00018
-0.00021
-0.00021
-0.00018
-0.00015
-0.00015
-0.00015
-0.00012
-0.00015
-0.00018
-0.00021
-0.00018
-0.00018
-0.00021
-0.00015
-0.00015
-0.00018
-0.00018
-0.00018
-0.00015
-0.00018
-0.00021
-0.00015
-0.00018
-0.00015
-0.00015
-0.00015
-0.00018
-0.00021
-0.00021
-0.00021
-0.00018
-0.00018
-0.00021
-0.00021
-0.00021
-0.00021
-0.00021
-0.00018
-0.00018
-0.00018
-0.00015
-0.00015
-0.00015
-0.00018
-0.00024
-0.00024
-0.00021
-0.00021
-0.00021
-0.00021
-0.00018
-0.00018
-0.00018
-0.00018
-0.00018
-0.00015
-0.00015
-0.00015
-0.00018
-0.00015
-0.00018
-0.00021
-0.00021
-0.00021
-0.00018
-0.00024
-0.00021
-0.00018
-0.00021
-0.00018
-0.00015
-0.00015
-0.00018
-0.00021
-0.00021
-0.00021
-0.00024
-0.00024
-0.00024
-0.00021
-0.00018
-0.00015
-0.00015
-0.00015
-0.00018
-0.00021
-0.00018
-0.00018
-0.00018
-0.00018
-0.00018
-0.00018
-0.00021
-0.00021
-0.00021
-0.00024
-0.00021
-0.00015
-0.00012
-0.00015
-0.00015
-0.00012
-0.00015
-0.00018
-0.00018
-0.00018
-0.00021
-0.00024
-0.00021
-0.00018
-0.00015
-0.00015
-0.00018
-0.00018
-0.00018
-0.00018
-0.00015
-0.00018
-0.00018
-0.00018
-0.00018
-0.00018
-0.00018
-0.00012
-0.00018
-0.00018
-0.00021
-0.00018
-0.00034
0.00000
-0.00046
0.00018
-0.00073
0.00046
-0.00113
0.00095
-0.01453
-0.03333
-0.01123
-0.01147
-0.00458
-0.00693
-0.00674
0.01080
0.01587
0.01877
0.02142
0.01190
0.00378
-0.00186
-0.00131
0.00153
-0.00198
-0.00546
-0.00809
-0.00400
0.00275
0.00351
0.00275
0.00079
0.00131
0.00500
0.00323
0.00183
0.00140
-0.00031
-0.00171
-0.00037
-0.00012
-0.00101
-0.00031
-0.00128
-0.00180
0.00116
0.00220
0.00150
0.00339
0.00330
0.00247
0.00232
0.00186
-0.00015
-0.00134
-0.00201
-0.00165
-0.00012
0.00137
0.00089
0.00027
0.00110
0.00171
0.00177
0.00192
0.00183
0.00156
0.00034
-0.00049
-0.00061
-0.00073
-0.00073
-0.00082
-0.00061
-0.00003
0.00000
-0.00009
-0.00043
0.00018
0.00061
0.00009
0.00000
-0.00003
0.00015
0.00061
0.00006
-0.00055
-0.00113
-0.00098
-0.00082
-0.00070
-0.00024
-0.00049
-0.00067
-0.00064
-0.00049
-0.00040
-0.00116
-0.00143
-0.00092
-0.00058
0.00000
0.00000
0.00000
0.00000
0.00000
0.00000
0.00000
0.00000
0.00000
0.00000
0.00000
0.00000
0.00000
0.00000
0.00000
0.00000
0.00000
0.00000
0.00000
0.00000
0.00000
0.00000
0.00000
0.00000
0.00000
0.00000
0.00000
0.00000
0.00000
0.00000
0.00000
0.00000
0.00000
0.00000
0.00000
0.00000
0.00000
0.00000
0.00000
0.00000
0.00000
0.00000
0.00000
0.00000
0.00000
0.00000
0.00000
0.00000
0.00000
0.00000
0.00000
0.00000
0.00000
0.00000
0.00000
0.00000
0.00000
0.00000
0.00000
0.00000
0.00000
0.00000
0.00000
0.00000
0.00000
0.00000
0.00000
0.00000
0.00000
0.00000
0.00000
0.00000
0.00000
0.00000
0.00000
0.00000
0.00000
0.00000
0.00000
0.00000
0.00000
0.00000
0.00000
0.00000
0.00000
0.00000
0.00000
0.00000
0.00000
0.00000
0.00000
0.00000
0.00000
0.00000
0.00000
0.00000
0.00000
0.00000
0.00000
0.00000
0.00000
0.00000
0.00000
0.00000
0.00000
0.00000
0.00000
0.00000
0.00000
0.00000
0.00000
0.00000
0.00000
0.00000
0.00000
0.00000
0.00000
0.00000
0.00000
0.00000
0.00000
0.00000
0.00000
0.00000
0.00000
0.00000
0.00000
0.00000
0.00000
0.00000
0.00000
0.00000
0.00000
0.00000
0.00000
0.00000
0.00000
0.00000
0.00000
0.00000
0.00000
0.00000
0.00000
0.00000
0.00000
0.00000
0.00000
0.00000
0.00000
0.00000
0.00000
0.00000
0.00000
0.00000
0.00000
0.00000
0.00000
0.00000
0.00000
0.00000
0.00000
0.00000
0.00000
0.00000
0.00000
0.00000
0.00000
0.00000
0.00000
0.00000
0.00000
0.00000
0.00000
0.00000
0.00000
0.00000
0.00000
0.00000
0.00000
0.00000
0.00000
0.00000
0.00000
0.00000
0.00000
0.00000
0.00000
0.00000
0.00000
0.00000
0.00000
0.00000
0.00000
0.00000
0.00000
0.00000
0.00000
0.00000
0.00000
0.00000
0.00000
0.00000
0.00000
0.00000
0.00000
0.00000
0.00000
0.00000
0.00000
0.00000
0.00000
0.00000
0.00000
0.00000
0.00000
0.00000
0.00000
0.00000
0.00000
0.00000
0.00000
0.00000
0.00000
