-0.00018
-0.00018
-0.00018
-0.00018
-0.00021
-0.00018
-0.00018
-0.00018
-0.00018
-0.00018
-0.00018
-0.00021
-0.00021
-0.00018
-0.00018
-0.00021
-0.00021
-0.00018
-0.00021
-0.00024
-0.00024
-0.00021
-0.00024
-0.00027
-0.00024
-0.00018
-0.00021
-0.00027
-0.00027
-0.00021
-0.00024
-0.00024
-0.00021
-0.00021
-0.00021
-0.00034
-0.00027
-0.00027
-0.00034
-0.00031
-0.00027
-0.00027
-0.00027
-0.00027
-0.00027
-0.00027
-0.00031
-0.00027
-0.00027
-0.00034
-0.00034
-0.00031
-0.00031
-0.00031
-0.00031
-0.00027
-0.00034
-0.00034
-0.00031
-0.00034
-0.00034
-0.00034
-0.00031
-0.00034
-0.00037
-0.00034
-0.00031
-0.00034
-0.00037
-0.00037
-0.00034
-0.00034
-0.00040
-0.00040
-0.00040
-0.00040
-0.00040
-0.00040
-0.00034
-0.00037
-0.00040
-0.00037
-0.00037
-0.00040
-0.00040
-0.00037
-0.00037
-0.00037
-0.00037
-0.00037
-0.00040
-0.00043
-0.00043
-0.00040
-0.00043
-0.00043
-0.00037
-0.00037
-0.00040
-0.00040
-0.00040
-0.00043
-0.00043
-0.00043
-0.00043
-0.00043
-0.00049
-0.00046
-0.00043
-0.00043
-0.00043
-0.00043
-0.00040
-0.00040
-0.00043
-0.00040
-0.00037
-0.00043
-0.00046
-0.00043
-0.00043
-0.00049
-0.00052
-0.00046
-0.00046
-0.00046
-0.00049
-0.00046
-0.00046
-0.00049
-0.00049
-0.00043
-0.00043
-0.00049
-0.00046
-0.00043
-0.00043
-0.00046
-0.00052
-0.00046
-0.00052
-0.00052
-0.00049
-0.00043
-0.00046
-0.00049
-0.00046
-0.00043
-0.00043
-0.00046
-0.00046
-0.00043
-0.00046
-0.00046
-0.00043
-0.00043
-0.00046
-0.00049
-0.00049
-0.00049
-0.00049
-0.00046
-0.00040
-0.00043
-0.00046
-0.00043
-0.00040
-0.00046
-0.00046
-0.00043
-0.00043
-0.00046
-0.00046
-0.00046
-0.00043
-0.00043
-0.00046
-0.00040
-0.00037
-0.00040
-0.00043
-0.00043
-0.00049
-0.00049
-0.00052
-0.00052
-0.00046
-0.00040
-0.00034
-0.00037
-0.00034
-0.00040
-0.00034
-0.00043
-0.00040
-0.00058
-0.00027
-0.00076
-0.00021
-0.00101
-0.00082
-0.01212
-0.02420
-0.01620
-0.01276
-0.00595
-0.00616
-0.00861
0.00089
0.01813
0.02219
0.01767
0.01483
0.00354
-0.00528
-0.00439
-0.00238
0.00003
0.00134
-0.00519
-0.00470
0.00443
0.00516
0.00143
0.00034
-0.00067
-0.00067
0.00140
0.00217
0.00125
0.00186
-0.00116
-0.00348
-0.00098
0.00027
0.00031
0.00217
0.00293
0.00168
0.00131
0.00101
0.00134
0.00079
-0.00024
-0.00006
0.00131
0.00156
-0.00006
-0.00168
-0.00168
-0.00012
0.00128
0.00092
0.00021
0.00034
0.00073
0.00128
0.00119
0.00012
0.00000
0.00070
0.00037
-0.00027
-0.00089
-0.00073
-0.00037
-0.00027
-0.00027
-0.00098
-0.00073
-0.00006
0.00049
0.00085
-0.00037
-0.00098
-0.00070
-0.00043
0.00024
0.00009
-0.00037
-0.00104
-0.00110
-0.00070
-0.00070
-0.00146
-0.00211
-0.00110
0.00003
0.00006
0.00000
0.00000
0.00000
0.00000
0.00000
0.00000
0.00000
0.00000
0.00000
0.00000
0.00000
0.00000
0.00000
0.00000
0.00000
0.00000
0.00000
0.00000
0.00000
0.00000
0.00000
0.00000
0.00000
0.00000
0.00000
0.00000
0.00000
0.00000
0.00000
0.00000
0.00000
0.00000
0.00000
0.00000
0.00000
0.00000
0.00000
0.00000
0.00000
0.00000
0.00000
0.00000
0.00000
0.00000
0.00000
0.00000
0.00000
0.00000
0.00000
0.00000
0.00000
0.00000
0.00000
0.00000
0.00000
0.00000
0.00000
0.00000
0.00000
0.00000
0.00000
0.00000
0.00000
0.00000
0.00000
0.00000
0.00000
0.00000
0.00000
0.00000
0.00000
0.00000
0.00000
0.00000
0.00000
0.00000
0.00000
0.00000
0.00000
0.00000
0.00000
0.00000
0.00000
0.00000
0.00000
0.00000
0.00000
0.00000
0.00000
0.00000
0.00000
0.00000
0.00000
0.00000
0.00000
0.00000
0.00000
0.00000
0.00000
0.00000
0.00000
0.00000
0.00000
0.00000
0.00000
0.00000
0.00000
0.00000
0.00000
0.00000
0.00000
0.00000
0.00000
0.00000
0.00000
0.00000
0.00000
0.00000
0.00000
0.00000
0.00000
0.00000
0.00000
0.00000
0.00000
0.00000
0.00000
0.00000
0.00000
0.00000
0.00000
0.00000
0.00000
0.00000
0.00000
0.00000
0.00000
0.00000
0.00000
0.00000
0.00000
0.00000
0.00000
0.00000
0.00000
0.00000
0.00000
0.00000
0.00000
0.00000
0.00000
0.00000
0.00000
0.00000
0.00000
0.00000
0.00000
0.00000
0.00000
0.00000
0.00000
0.00000
0.00000
0.00000
0.00000
0.00000
0.00000
0.00000
0.00000
0.00000
0.00000
0.00000
0.00000
0.00000
0.00000
0.00000
0.00000
0.00000
0.00000
0.00000
0.00000
0.00000
0.00000
0.00000
0.00000
0.00000
0.00000
0.00000
0.00000
0.00000
0.00000
0.00000
0.00000
0.00000
0.00000
0.00000
0.00000
0.00000
0.00000
0.00000
0.00000
0.00000
0.00000
0.00000
0.00000
0.00000
0.00000
0.00000
0.00000
0.00000
0.00000
0.00000
0.00000
0.00000
0.00000
0.00000
0.00000
0.00000
0.00000
0.00000
0.00000
0.00000
0.00000
