0.00003
0.00003
0.00000
0.00000
0.00000
-0.00006
-0.00006
-0.00006
-0.00006
-0.00006
-0.00006
-0.00009
-0.00006
-0.00003
-0.00006
-0.00003
0.00000
0.00000
0.00000
0.00003
0.00000
0.00000
-0.00006
-0.00012
-0.00006
-0.00006
0.00000
0.00003
0.00006
0.00015
0.00009
0.00006
0.00003
0.00000
0.00000
-0.00009
0.00000
0.00000
0.00006
0.00003
0.00003
0.00000
0.00000
0.00000
-0.00003
0.00000
0.00000
0.00003
0.00006
0.00003
0.00009
0.00006
0.00000
0.00000
0.00000
-0.00003
0.00000
0.00000
0.00003
0.00006
0.00009
0.00009
0.00009
0.00009
0.00009
-0.00006
0.00000
-0.00006
-0.00009
0.00000
-0.00009
0.00009
0.00012
0.00006
0.00009
0.00009
0.00003
0.00000
0.00000
0.00000
-0.00003
0.00000
0.00003
0.00012
0.00015
0.00012
0.00009
0.00006
0.00003
0.00003
0.00000
0.00006
0.00006
0.00012
0.00015
0.00012
0.00012
0.00003
0.00000
0.00000
0.00000
0.00009
0.00012
0.00006
0.00009
0.00006
0.00009
0.00009
0.00003
0.00000
0.00000
0.00006
0.00003
0.00006
0.00009
0.00015
0.00009
0.00006
0.00009
0.00009
0.00006
0.00006
0.00009
0.00009
0.00006
0.00006
0.00003
0.00012
0.00015
0.00012
0.00015
0.00024
0.00015
0.00009
0.00009
0.00006
0.00003
0.00000
0.00003
0.00003
0.00006
0.00006
0.00006
0.00015
0.00009
0.00006
0.00009
0.00012
0.00009
0.00012
0.00012
0.00012
0.00006
0.00000
0.00012
0.00012
0.00009
0.00006
0.00015
0.00015
0.00012
0.00018
0.00015
0.00015
0.00009
0.00006
0.00015
0.00009
0.00009
0.00006
0.00012
0.00009
0.00006
0.00012
0.00009
0.00009
0.00009
0.00006
0.00012
0.00012
0.00006
0.00018
0.00012
0.00034
-0.00018
0.00076
-0.00104
0.00177
-0.00266
0.00397
-0.00543
0.00586
-0.06241
-0.06506
0.00211
-0.03680
0.02856
-0.00647
0.04514
0.10831
0.05212
0.00073
-0.01511
-0.01407
-0.04166
-0.03665
0.00082
-0.01413
0.00864
0.01096
-0.00232
0.03586
0.02765
-0.02048
-0.01321
0.00537
-0.00543
0.00345
0.00403
-0.00275
0.00372
0.00571
-0.01205
-0.00272
0.01041
-0.00443
-0.00031
0.00980
0.00171
0.00119
0.00635
0.00095
0.00192
0.00354
-0.00162
-0.00574
-0.00067
-0.00235
-0.00235
-0.00089
0.00034
0.00061
0.00491
0.00443
0.00308
0.00211
0.00174
0.00302
0.00171
-0.00046
0.00027
-0.00262
-0.00278
-0.00024
0.00067
-0.00006
-0.00143
0.00009
0.00049
0.00104
0.00244
-0.00037
0.00046
-0.00006
-0.00058
0.00040
0.00082
0.00089
-0.00107
-0.00128
-0.00012
-0.00180
-0.00031
-0.00070
-0.00058
-0.00043
-0.00122
-0.00021
0.00003
0.00024
0.00024
-0.00101
-0.00040
-0.00140
-0.00134
-0.00049
0.00000
0.00000
0.00000
0.00000
0.00000
0.00000
0.00000
0.00000
0.00000
0.00000
0.00000
0.00000
0.00000
0.00000
0.00000
0.00000
0.00000
0.00000
0.00000
0.00000
0.00000
0.00000
0.00000
0.00000
0.00000
0.00000
0.00000
0.00000
0.00000
0.00000
0.00000
0.00000
0.00000
0.00000
0.00000
0.00000
0.00000
0.00000
0.00000
0.00000
0.00000
0.00000
0.00000
0.00000
0.00000
0.00000
0.00000
0.00000
0.00000
0.00000
0.00000
0.00000
0.00000
0.00000
0.00000
0.00000
0.00000
0.00000
0.00000
0.00000
0.00000
0.00000
0.00000
0.00000
0.00000
0.00000
0.00000
0.00000
0.00000
0.00000
0.00000
0.00000
0.00000
0.00000
0.00000
0.00000
0.00000
0.00000
0.00000
0.00000
0.00000
0.00000
0.00000
0.00000
0.00000
0.00000
0.00000
0.00000
0.00000
0.00000
0.00000
0.00000
0.00000
0.00000
0.00000
0.00000
0.00000
0.00000
0.00000
0.00000
0.00000
0.00000
0.00000
0.00000
0.00000
0.00000
0.00000
0.00000
0.00000
0.00000
0.00000
0.00000
0.00000
0.00000
0.00000
0.00000
0.00000
0.00000
0.00000
0.00000
0.00000
0.00000
0.00000
0.00000
0.00000
0.00000
0.00000
0.00000
0.00000
0.00000
0.00000
0.00000
0.00000
0.00000
0.00000
0.00000
0.00000
0.00000
0.00000
0.00000
0.00000
0.00000
0.00000
0.00000
0.00000
0.00000
0.00000
0.00000
0.00000
0.00000
0.00000
0.00000
0.00000
0.00000
0.00000
0.00000
0.00000
0.00000
0.00000
0.00000
0.00000
0.00000
0.00000
0.00000
0.00000
0.00000
0.00000
0.00000
0.00000
0.00000
0.00000
0.00000
0.00000
0.00000
0.00000
0.00000
0.00000
0.00000
0.00000
0.00000
0.00000
0.00000
0.00000
0.00000
0.00000
0.00000
0.00000
0.00000
0.00000
0.00000
0.00000
0.00000
0.00000
0.00000
0.00000
0.00000
0.00000
0.00000
0.00000
0.00000
0.00000
0.00000
0.00000
0.00000
0.00000
0.00000
0.00000
0.00000
0.00000
0.00000
0.00000
0.00000
0.00000
0.00000
0.00000
0.00000
0.00000
0.00000
0.00000
0.00000
0.00000
0.00000
0.00000
0.00000
0.00000
0.00000
