-0.00031
-0.00031
-0.00027
-0.00024
-0.00024
-0.00021
-0.00018
-0.00021
-0.00021
-0.00024
-0.00024
-0.00024
-0.00024
-0.00021
-0.00018
-0.00021
-0.00024
-0.00018
-0.00015
-0.00015
-0.00015
-0.00012
-0.00012
-0.00015
-0.00015
-0.00012
-0.00015
-0.00021
-0.00024
-0.00024
-0.00018
-0.00012
-0.00015
-0.00015
-0.00009
-0.00015
-0.00018
-0.00012
-0.00015
-0.00024
-0.00018
-0.00015
-0.00015
-0.00012
-0.00012
-0.00003
0.00000
0.00000
0.00000
-0.00003
-0.00006
-0.00009
-0.00015
-0.00018
-0.00021
-0.00018
-0.00015
-0.00015
-0.00012
-0.00012
-0.00024
-0.00009
-0.00003
-0.00015
-0.00006
-0.00006
-0.00003
-0.00003
-0.00009
0.00000
-0.00003
-0.00012
-0.00012
-0.00012
-0.00006
-0.00006
-0.00006
-0.00006
0.00000
0.00000
-0.00003
0.00003
0.00000
-0.00006
-0.00009
-0.00009
-0.00003
-0.00006
-0.00003
-0.00003
-0.00006
0.00000
-0.00003
-0.00009
-0.00006
-0.00006
-0.00003
-0.00006
-0.00003
0.00000
0.00000
0.00000
-0.00003
-0.00006
-0.00006
0.00000
-0.00006
-0.00003
0.00006
0.00003
0.00000
-0.00003
0.00000
0.00000
-0.00003
0.00000
0.00000
0.00000
0.00000
0.00000
0.00000
-0.00003
0.00000
0.00000
0.00000
0.00003
0.00000
0.00000
0.00000
-0.00003
-0.00003
-0.00003
-0.00003
-0.00003
-0.00003
0.00006
0.00009
0.00009
0.00009
0.00009
0.00006
0.00003
0.00000
-0.00006
-0.00006
-0.00006
0.00000
0.00000
0.00000
0.00009
0.00009
0.00012
0.00015
0.00009
0.00006
0.00000
0.00000
-0.00003
0.00000
0.00000
0.00000
0.00009
0.00009
0.00009
0.00009
0.00015
0.00015
0.00000
0.00006
0.00003
0.00003
0.00003
0.00003
0.00006
0.00003
0.00003
0.00009
0.00003
0.00015
-0.00015
0.00049
-0.00061
0.00113
-0.00150
0.00235
-0.00311
0.00232
-0.05164
-0.06149
0.00604
-0.04108
-0.00647
-0.00055
0.02200
0.05405
0.02750
0.04852
0.03760
0.00961
-0.01056
-0.01755
0.00192
-0.01382
-0.02090
-0.01230
-0.00049
0.01099
0.00534
0.00607
0.00735
0.00720
0.00412
0.00620
0.00204
0.00134
-0.00504
-0.00595
-0.00201
0.00223
-0.00192
-0.00293
0.00427
0.00113
0.00113
0.00470
0.00204
0.00186
0.00430
0.00119
0.00073
0.00186
0.00021
-0.00305
-0.00107
-0.00006
-0.00146
-0.00156
0.00000
0.00073
0.00253
0.00327
0.00238
0.00235
0.00375
0.00305
0.00070
-0.00055
0.00006
-0.00061
-0.00287
-0.00153
-0.00046
0.00015
-0.00070
-0.00119
0.00061
0.00137
0.00162
0.00024
0.00043
0.00220
0.00034
-0.00018
-0.00012
-0.00070
-0.00122
-0.00211
-0.00034
-0.00049
-0.00159
-0.00122
-0.00082
0.00061
-0.00043
-0.00140
-0.00061
0.00000
0.00067
-0.00024
-0.00015
0.00031
0.00009
0.00000
0.00000
0.00000
0.00000
0.00000
0.00000
0.00000
0.00000
0.00000
0.00000
0.00000
0.00000
0.00000
0.00000
0.00000
0.00000
0.00000
0.00000
0.00000
0.00000
0.00000
0.00000
0.00000
0.00000
0.00000
0.00000
0.00000
0.00000
0.00000
0.00000
0.00000
0.00000
0.00000
0.00000
0.00000
0.00000
0.00000
0.00000
0.00000
0.00000
0.00000
0.00000
0.00000
0.00000
0.00000
0.00000
0.00000
0.00000
0.00000
0.00000
0.00000
0.00000
0.00000
0.00000
0.00000
0.00000
0.00000
0.00000
0.00000
0.00000
0.00000
0.00000
0.00000
0.00000
0.00000
0.00000
0.00000
0.00000
0.00000
0.00000
0.00000
0.00000
0.00000
0.00000
0.00000
0.00000
0.00000
0.00000
0.00000
0.00000
0.00000
0.00000
0.00000
0.00000
0.00000
0.00000
0.00000
0.00000
0.00000
0.00000
0.00000
0.00000
0.00000
0.00000
0.00000
0.00000
0.00000
0.00000
0.00000
0.00000
0.00000
0.00000
0.00000
0.00000
0.00000
0.00000
0.00000
0.00000
0.00000
0.00000
0.00000
0.00000
0.00000
0.00000
0.00000
0.00000
0.00000
0.00000
0.00000
0.00000
0.00000
0.00000
0.00000
0.00000
0.00000
0.00000
0.00000
0.00000
0.00000
0.00000
0.00000
0.00000
0.00000
0.00000
0.00000
0.00000
0.00000
0.00000
0.00000
0.00000
0.00000
0.00000
0.00000
0.00000
0.00000
0.00000
0.00000
0.00000
0.00000
0.00000
0.00000
0.00000
0.00000
0.00000
0.00000
0.00000
0.00000
0.00000
0.00000
0.00000
0.00000
0.00000
0.00000
0.00000
0.00000
0.00000
0.00000
0.00000
0.00000
0.00000
0.00000
0.00000
0.00000
0.00000
0.00000
0.00000
0.00000
0.00000
0.00000
0.00000
0.00000
0.00000
0.00000
0.00000
0.00000
0.00000
0.00000
0.00000
0.00000
0.00000
0.00000
0.00000
0.00000
0.00000
0.00000
0.00000
0.00000
0.00000
0.00000
0.00000
0.00000
0.00000
0.00000
0.00000
0.00000
0.00000
0.00000
0.00000
0.00000
0.00000
0.00000
0.00000
0.00000
0.00000
0.00000
0.00000
0.00000
0.00000
0.00000
0.00000
0.00000
0.00000
0.00000
0.00000
0.00000
0.00000
0.00000
0.00000
0.00000
0.00000
