-0.00024
-0.00018
-0.00015
-0.00009
-0.00006
-0.00003
-0.00012
-0.00018
-0.00024
-0.00021
-0.00024
-0.00024
-0.00015
-0.00009
-0.00009
-0.00012
-0.00009
-0.00009
-0.00015
-0.00015
-0.00015
-0.00021
-0.00018
-0.00015
-0.00018
-0.00021
-0.00021
-0.00018
-0.00021
-0.00015
-0.00015
-0.00018
-0.00012
-0.00012
-0.00018
-0.00024
-0.00015
-0.00015
-0.00018
-0.00012
-0.00009
-0.00009
-0.00012
-0.00009
-0.00012
-0.00018
-0.00024
-0.00021
-0.00015
-0.00024
-0.00021
-0.00015
-0.00012
-0.00012
-0.00006
-0.00031
-0.00003
-0.00009
-0.00027
-0.00024
-0.00027
-0.00021
-0.00024
-0.00009
-0.00009
-0.00009
-0.00012
-0.00012
-0.00009
-0.00006
-0.00009
-0.00018
-0.00021
-0.00012
-0.00015
-0.00024
-0.00015
-0.00021
-0.00027
-0.00021
-0.00012
-0.00012
-0.00015
-0.00006
-0.00006
-0.00012
-0.00009
-0.00006
-0.00009
-0.00009
-0.00015
-0.00012
-0.00015
-0.00018
-0.00027
-0.00024
-0.00015
-0.00015
-0.00021
-0.00012
0.00000
-0.00012
-0.00012
-0.00003
-0.00015
-0.00012
-0.00012
-0.00009
-0.00012
-0.00006
-0.00009
-0.00012
-0.00006
-0.00015
-0.00021
-0.00018
-0.00015
-0.00021
-0.00012
0.00000
-0.00006
-0.00006
-0.00003
-0.00003
-0.00021
-0.00024
-0.00021
-0.00027
-0.00018
-0.00018
-0.00015
-0.00006
0.00000
-0.00006
-0.00012
-0.00009
-0.00009
-0.00021
-0.00021
-0.00012
-0.00027
-0.00024
-0.00015
-0.00015
-0.00012
-0.00012
-0.00009
-0.00015
-0.00006
-0.00009
-0.00015
-0.00012
-0.00015
-0.00009
-0.00009
-0.00003
-0.00006
-0.00015
-0.00012
-0.00018
-0.00009
-0.00018
-0.00021
-0.00009
-0.00012
-0.00006
-0.00006
-0.00012
-0.00009
-0.00012
-0.00012
-0.00018
-0.00009
-0.00006
-0.00037
0.00061
-0.00134
0.00217
-0.00369
0.00546
-0.00873
0.00635
-0.12729
-0.07520
0.05450
-0.03235
0.00174
-0.01242
0.05600
0.06912
0.09290
0.03604
-0.01791
-0.01050
-0.05432
-0.01813
0.03146
0.00519
-0.02481
-0.00668
0.00516
0.01135
0.03247
0.00299
-0.02515
0.00034
0.00522
0.00174
0.01404
0.00903
-0.01291
-0.00275
0.00186
-0.00449
-0.00351
0.00247
0.00015
-0.00391
0.00650
0.00580
0.00143
0.00269
0.00421
0.00000
0.00143
0.00058
-0.00452
-0.00488
0.00247
-0.00168
-0.00351
0.00018
0.00412
-0.00009
0.00165
0.00488
0.00146
0.00089
0.00241
0.00134
0.00037
-0.00089
-0.00186
-0.00250
-0.00119
-0.00037
-0.00269
-0.00150
-0.00150
-0.00150
0.00037
0.00150
0.00214
-0.00150
-0.00031
0.00067
0.00018
0.00110
0.00000
-0.00192
-0.00214
-0.00156
-0.00009
-0.00235
-0.00253
-0.00214
-0.00040
0.00046
-0.00183
-0.00250
-0.00049
0.00082
0.00089
-0.00046
0.00079
0.00140
0.00122
0.00064
0.00000
0.00000
0.00000
0.00000
0.00000
0.00000
0.00000
0.00000
0.00000
0.00000
0.00000
0.00000
0.00000
0.00000
0.00000
0.00000
0.00000
0.00000
0.00000
0.00000
0.00000
0.00000
0.00000
0.00000
0.00000
0.00000
0.00000
0.00000
0.00000
0.00000
0.00000
0.00000
0.00000
0.00000
0.00000
0.00000
0.00000
0.00000
0.00000
0.00000
0.00000
0.00000
0.00000
0.00000
0.00000
0.00000
0.00000
0.00000
0.00000
0.00000
0.00000
0.00000
0.00000
0.00000
0.00000
0.00000
0.00000
0.00000
0.00000
0.00000
0.00000
0.00000
0.00000
0.00000
0.00000
0.00000
0.00000
0.00000
0.00000
0.00000
0.00000
0.00000
0.00000
0.00000
0.00000
0.00000
0.00000
0.00000
0.00000
0.00000
0.00000
0.00000
0.00000
0.00000
0.00000
0.00000
0.00000
0.00000
0.00000
0.00000
0.00000
0.00000
0.00000
0.00000
0.00000
0.00000
0.00000
0.00000
0.00000
0.00000
0.00000
0.00000
0.00000
0.00000
0.00000
0.00000
0.00000
0.00000
0.00000
0.00000
0.00000
0.00000
0.00000
0.00000
0.00000
0.00000
0.00000
0.00000
0.00000
0.00000
0.00000
0.00000
0.00000
0.00000
0.00000
0.00000
0.00000
0.00000
0.00000
0.00000
0.00000
0.00000
0.00000
0.00000
0.00000
0.00000
0.00000
0.00000
0.00000
0.00000
0.00000
0.00000
0.00000
0.00000
0.00000
0.00000
0.00000
0.00000
0.00000
0.00000
0.00000
0.00000
0.00000
0.00000
0.00000
0.00000
0.00000
0.00000
0.00000
0.00000
0.00000
0.00000
0.00000
0.00000
0.00000
0.00000
0.00000
0.00000
0.00000
0.00000
0.00000
0.00000
0.00000
0.00000
0.00000
0.00000
0.00000
0.00000
0.00000
0.00000
0.00000
0.00000
0.00000
0.00000
0.00000
0.00000
0.00000
0.00000
0.00000
0.00000
0.00000
0.00000
0.00000
0.00000
0.00000
0.00000
0.00000
0.00000
0.00000
0.00000
0.00000
0.00000
0.00000
0.00000
0.00000
0.00000
0.00000
0.00000
0.00000
0.00000
0.00000
0.00000
0.00000
0.00000
0.00000
0.00000
0.00000
0.00000
0.00000
0.00000
0.00000
0.00000
0.00000
0.00000
0.00000
0.00000
0.00000
0.00000
0.00000
0.00000
0.00000
0.00000
0.00000
0.00000
