-0.00031
-0.00034
-0.00034
-0.00037
-0.00037
-0.00031
-0.00031
-0.00034
-0.00024
-0.00024
-0.00027
-0.00027
-0.00024
-0.00024
-0.00027
-0.00034
-0.00031
-0.00034
-0.00037
-0.00031
-0.00024
-0.00027
-0.00031
-0.00024
-0.00024
-0.00027
-0.00031
-0.00027
-0.00031
-0.00031
-0.00027
-0.00027
-0.00031
-0.00031
-0.00031
-0.00040
-0.00031
-0.00027
-0.00027
-0.00027
-0.00027
-0.00027
-0.00027
-0.00021
-0.00024
-0.00027
-0.00027
-0.00024
-0.00027
-0.00024
-0.00018
-0.00018
-0.00024
-0.00024
-0.00021
-0.00021
-0.00027
-0.00027
-0.00024
-0.00027
-0.00027
-0.00024
-0.00021
-0.00021
-0.00021
-0.00018
-0.00021
-0.00027
-0.00027
-0.00024
-0.00031
-0.00024
-0.00024
-0.00021
-0.00021
-0.00027
-0.00021
-0.00018
-0.00024
-0.00027
-0.00021
-0.00018
-0.00018
-0.00021
-0.00018
-0.00018
-0.00018
-0.00024
-0.00021
-0.00021
-0.00024
-0.00024
-0.00018
-0.00018
-0.00015
-0.00015
-0.00015
-0.00018
-0.00021
-0.00018
-0.00018
-0.00021
-0.00021
-0.00015
-0.00015
-0.00018
-0.00015
-0.00018
-0.00018
-0.00024
-0.00021
-0.00015
-0.00012
-0.00009
-0.00009
-0.00006
-0.00009
-0.00018
-0.00018
-0.00018
-0.00021
-0.00015
-0.00012
-0.00012
-0.00012
-0.00012
-0.00012
-0.00012
-0.00012
-0.00012
-0.00012
-0.00009
-0.00012
-0.00015
-0.00009
-0.00009
-0.00009
-0.00015
-0.00009
-0.00009
-0.00006
-0.00006
-0.00003
-0.00003
-0.00009
-0.00009
-0.00009
-0.00012
-0.00009
-0.00012
-0.00009
-0.00006
-0.00006
-0.00006
-0.00006
-0.00012
-0.00009
-0.00009
-0.00012
-0.00012
-0.00006
-0.00006
-0.00009
-0.00006
-0.00003
-0.00003
-0.00003
-0.00003
-0.00003
-0.00003
-0.00003
-0.00006
-0.00006
-0.00006
-0.00006
-0.00006
-0.00006
-0.00006
-0.00006
-0.00006
0.00000
0.00000
0.00000
-0.00006
-0.00006
0.00000
-0.00006
0.00000
-0.00003
0.00000
0.00003
-0.00021
0.00037
-0.00070
0.00113
-0.00156
-0.00015
-0.03506
-0.02899
-0.01132
-0.01651
0.00455
-0.00934
0.01566
0.04941
0.04343
0.00671
-0.00336
-0.00687
-0.02216
-0.01505
-0.00235
-0.00665
0.00259
0.00244
-0.00299
0.01770
0.01862
-0.00528
-0.00732
0.00058
-0.00018
0.00598
0.00647
-0.00113
0.00134
0.00418
-0.00436
-0.00192
0.00275
-0.00336
-0.00140
0.00357
0.00134
0.00085
0.00278
0.00140
0.00232
0.00424
0.00214
-0.00040
-0.00024
-0.00131
-0.00085
0.00012
0.00085
0.00061
0.00085
0.00116
0.00214
0.00198
0.00211
0.00308
0.00162
0.00021
0.00052
-0.00046
-0.00095
-0.00073
-0.00015
-0.00012
0.00018
0.00064
-0.00052
-0.00003
0.00128
0.00137
0.00119
-0.00015
-0.00027
0.00012
0.00101
0.00110
-0.00015
-0.00079
-0.00046
-0.00082
-0.00037
-0.00055
-0.00021
-0.00034
-0.00061
-0.00024
-0.00061
-0.00034
-0.00027
-0.00049
0.00000
0.00000
0.00000
0.00000
0.00000
0.00000
0.00000
0.00000
0.00000
0.00000
0.00000
0.00000
0.00000
0.00000
0.00000
0.00000
0.00000
0.00000
0.00000
0.00000
0.00000
0.00000
0.00000
0.00000
0.00000
0.00000
0.00000
0.00000
0.00000
0.00000
0.00000
0.00000
0.00000
0.00000
0.00000
0.00000
0.00000
0.00000
0.00000
0.00000
0.00000
0.00000
0.00000
0.00000
0.00000
0.00000
0.00000
0.00000
0.00000
0.00000
0.00000
0.00000
0.00000
0.00000
0.00000
0.00000
0.00000
0.00000
0.00000
0.00000
0.00000
0.00000
0.00000
0.00000
0.00000
0.00000
0.00000
0.00000
0.00000
0.00000
0.00000
0.00000
0.00000
0.00000
0.00000
0.00000
0.00000
0.00000
0.00000
0.00000
0.00000
0.00000
0.00000
0.00000
0.00000
0.00000
0.00000
0.00000
0.00000
0.00000
0.00000
0.00000
0.00000
0.00000
0.00000
0.00000
0.00000
0.00000
0.00000
0.00000
0.00000
0.00000
0.00000
0.00000
0.00000
0.00000
0.00000
0.00000
0.00000
0.00000
0.00000
0.00000
0.00000
0.00000
0.00000
0.00000
0.00000
0.00000
0.00000
0.00000
0.00000
0.00000
0.00000
0.00000
0.00000
0.00000
0.00000
0.00000
0.00000
0.00000
0.00000
0.00000
0.00000
0.00000
0.00000
0.00000
0.00000
0.00000
0.00000
0.00000
0.00000
0.00000
0.00000
0.00000
0.00000
0.00000
0.00000
0.00000
0.00000
0.00000
0.00000
0.00000
0.00000
0.00000
0.00000
0.00000
0.00000
0.00000
0.00000
0.00000
0.00000
0.00000
0.00000
0.00000
0.00000
0.00000
0.00000
0.00000
0.00000
0.00000
0.00000
0.00000
0.00000
0.00000
0.00000
0.00000
0.00000
0.00000
0.00000
0.00000
0.00000
0.00000
0.00000
0.00000
0.00000
0.00000
0.00000
0.00000
0.00000
0.00000
0.00000
0.00000
0.00000
0.00000
0.00000
0.00000
0.00000
0.00000
0.00000
0.00000
0.00000
0.00000
0.00000
0.00000
0.00000
0.00000
0.00000
0.00000
0.00000
0.00000
0.00000
0.00000
0.00000
0.00000
0.00000
0.00000
0.00000
0.00000
0.00000
0.00000
0.00000
0.00000
0.00000
0.00000
0.00000
