0.00003
-0.00009
-0.00012
-0.00009
-0.00012
-0.00015
-0.00009
0.00000
0.00000
0.00000
0.00003
0.00000
0.00000
-0.00009
-0.00015
-0.00012
-0.00003
-0.00003
0.00000
0.00000
0.00000
0.00000
0.00000
0.00000
-0.00006
-0.00006
-0.00006
-0.00009
-0.00003
-0.00003
-0.00003
-0.00003
0.00000
0.00003
0.00003
-0.00003
-0.00003
-0.00009
-0.00009
-0.00009
-0.00009
-0.00015
-0.00009
-0.00003
-0.00003
0.00000
0.00000
0.00000
0.00000
0.00000
0.00000
0.00000
-0.00003
0.00000
0.00000
-0.00003
0.00000
-0.00009
-0.00018
0.00000
-0.00003
0.00000
0.00000
0.00000
0.00000
-0.00009
0.00000
-0.00006
-0.00015
-0.00009
-0.00009
-0.00006
-0.00003
0.00000
-0.00003
-0.00003
0.00003
-0.00003
-0.00006
-0.00003
-0.00012
-0.00012
-0.00012
-0.00009
-0.00009
-0.00009
-0.00003
-0.00015
-0.00012
0.00000
0.00000
-0.00003
-0.00006
-0.00006
0.00000
0.00000
-0.00006
-0.00015
-0.00012
-0.00012
-0.00012
-0.00009
-0.00006
-0.00003
-0.00003
0.00000
0.00000
-0.00003
-0.00006
-0.00012
-0.00012
-0.00009
-0.00009
-0.00012
-0.00012
-0.00009
-0.00006
-0.00009
-0.00009
-0.00006
-0.00006
-0.00009
-0.00006
-0.00006
-0.00006
-0.00006
-0.00006
-0.00009
-0.00009
-0.00009
-0.00015
-0.00012
-0.00012
-0.00015
-0.00018
-0.00012
-0.00006
-0.00009
-0.00006
-0.00006
-0.00006
-0.00009
-0.00009
-0.00015
-0.00018
-0.00018
-0.00015
-0.00015
-0.00018
-0.00015
-0.00015
-0.00015
-0.00018
-0.00018
-0.00012
-0.00012
-0.00009
-0.00012
-0.00012
-0.00015
-0.00018
-0.00015
-0.00015
-0.00012
-0.00021
-0.00015
-0.00012
-0.00012
-0.00012
-0.00012
-0.00015
-0.00015
-0.00024
-0.00006
-0.00031
0.00000
-0.00055
0.00027
-0.00079
0.00055
-0.00095
0.00070
-0.00089
0.00055
-0.02069
-0.09930
-0.00870
0.00354
-0.02841
-0.02252
0.00003
0.06342
0.04465
0.05002
0.03284
0.00949
0.01044
-0.02823
-0.00171
0.01883
-0.02765
-0.02438
-0.01019
0.00900
0.01352
0.01428
-0.00238
-0.00400
0.01157
0.00705
-0.00095
0.00510
-0.00446
-0.00824
0.00043
0.00064
-0.00201
-0.00159
0.00079
0.00116
0.00266
0.00348
0.00180
0.00076
0.00269
0.00238
0.00262
-0.00092
-0.00131
-0.00287
-0.00241
0.00214
0.00018
-0.00308
-0.00110
0.00140
0.00061
0.00214
0.00293
0.00134
0.00153
0.00327
0.00128
-0.00067
-0.00150
-0.00082
-0.00217
-0.00153
-0.00174
-0.00204
-0.00082
-0.00101
0.00040
0.00107
0.00104
0.00000
-0.00146
0.00104
0.00089
-0.00015
-0.00003
-0.00073
-0.00101
-0.00269
-0.00180
-0.00085
-0.00238
-0.00192
-0.00162
0.00037
0.00000
-0.00174
-0.00119
-0.00061
-0.00003
-0.00049
-0.00119
0.00055
0.00079
0.00107
-0.00031
0.00000
0.00000
0.00000
0.00000
0.00000
0.00000
0.00000
0.00000
0.00000
0.00000
0.00000
0.00000
0.00000
0.00000
0.00000
0.00000
0.00000
0.00000
0.00000
0.00000
0.00000
0.00000
0.00000
0.00000
0.00000
0.00000
0.00000
0.00000
0.00000
0.00000
0.00000
0.00000
0.00000
0.00000
0.00000
0.00000
0.00000
0.00000
0.00000
0.00000
0.00000
0.00000
0.00000
0.00000
0.00000
0.00000
0.00000
0.00000
0.00000
0.00000
0.00000
0.00000
0.00000
0.00000
0.00000
0.00000
0.00000
0.00000
0.00000
0.00000
0.00000
0.00000
0.00000
0.00000
0.00000
0.00000
0.00000
0.00000
0.00000
0.00000
0.00000
0.00000
0.00000
0.00000
0.00000
0.00000
0.00000
0.00000
0.00000
0.00000
0.00000
0.00000
0.00000
0.00000
0.00000
0.00000
0.00000
0.00000
0.00000
0.00000
0.00000
0.00000
0.00000
0.00000
0.00000
0.00000
0.00000
0.00000
0.00000
0.00000
0.00000
0.00000
0.00000
0.00000
0.00000
0.00000
0.00000
0.00000
0.00000
0.00000
0.00000
0.00000
0.00000
0.00000
0.00000
0.00000
0.00000
0.00000
0.00000
0.00000
0.00000
0.00000
0.00000
0.00000
0.00000
0.00000
0.00000
0.00000
0.00000
0.00000
0.00000
0.00000
0.00000
0.00000
0.00000
0.00000
0.00000
0.00000
0.00000
0.00000
0.00000
0.00000
0.00000
0.00000
0.00000
0.00000
0.00000
0.00000
0.00000
0.00000
0.00000
0.00000
0.00000
0.00000
0.00000
0.00000
0.00000
0.00000
0.00000
0.00000
0.00000
0.00000
0.00000
0.00000
0.00000
0.00000
0.00000
0.00000
0.00000
0.00000
0.00000
0.00000
0.00000
0.00000
0.00000
0.00000
0.00000
0.00000
0.00000
0.00000
0.00000
0.00000
0.00000
0.00000
0.00000
0.00000
0.00000
0.00000
0.00000
0.00000
0.00000
0.00000
0.00000
0.00000
0.00000
0.00000
0.00000
0.00000
0.00000
0.00000
0.00000
0.00000
0.00000
0.00000
0.00000
0.00000
0.00000
0.00000
0.00000
0.00000
0.00000
0.00000
0.00000
0.00000
0.00000
0.00000
0.00000
0.00000
0.00000
0.00000
0.00000
0.00000
0.00000
0.00000
0.00000
0.00000
0.00000
0.00000
0.00000
0.00000
0.00000
