-0.00009
-0.00015
-0.00012
-0.00009
-0.00006
0.00000
-0.00003
-0.00006
-0.00003
-0.00003
-0.00006
-0.00003
0.00000
-0.00003
-0.00006
-0.00003
-0.00006
-0.00009
-0.00009
-0.00012
-0.00009
-0.00003
-0.00006
-0.00006
-0.00003
-0.00003
-0.00003
-0.00003
-0.00006
-0.00015
-0.00009
-0.00003
-0.00006
0.00000
0.00003
-0.00006
-0.00006
-0.00003
-0.00003
-0.00009
-0.00012
-0.00021
-0.00021
-0.00012
-0.00009
-0.00012
-0.00006
-0.00003
-0.00003
-0.00003
0.00000
-0.00003
-0.00012
-0.00012
-0.00012
-0.00009
-0.00006
-0.00006
-0.00009
-0.00009
-0.00012
-0.00006
-0.00012
-0.00015
-0.00015
-0.00018
-0.00012
-0.00018
-0.00018
-0.00015
-0.00015
-0.00012
-0.00012
-0.00009
-0.00006
-0.00006
-0.00009
-0.00009
-0.00009
-0.00012
-0.00009
-0.00015
-0.00024
-0.00018
-0.00015
-0.00021
-0.00018
-0.00009
-0.00003
-0.00009
-0.00009
-0.00012
-0.00021
-0.00018
-0.00015
-0.00015
-0.00012
-0.00012
-0.00015
-0.00012
-0.00018
-0.00024
-0.00031
-0.00031
-0.00027
-0.00027
-0.00018
-0.00009
-0.00009
-0.00015
-0.00012
-0.00009
-0.00021
-0.00024
-0.00024
-0.00027
-0.00027
-0.00024
-0.00021
-0.00018
-0.00015
-0.00012
-0.00012
-0.00018
-0.00015
-0.00015
-0.00021
-0.00027
-0.00024
-0.00021
-0.00018
-0.00015
-0.00012
-0.00015
-0.00018
-0.00024
-0.00024
-0.00031
-0.00034
-0.00031
-0.00024
-0.00021
-0.00018
-0.00012
-0.00015
-0.00021
-0.00021
-0.00021
-0.00015
-0.00018
-0.00027
-0.00024
-0.00024
-0.00027
-0.00027
-0.00027
-0.00027
-0.00027
-0.00024
-0.00021
-0.00021
-0.00021
-0.00024
-0.00024
-0.00024
-0.00024
-0.00024
-0.00024
-0.00021
-0.00027
-0.00031
-0.00024
-0.00021
-0.00021
-0.00024
-0.00015
-0.00015
-0.00021
-0.00012
-0.00027
-0.00006
-0.00049
0.00018
-0.00095
0.00070
-0.00162
0.00165
-0.00302
0.00284
-0.02991
-0.06192
-0.02209
-0.02429
-0.00003
-0.00192
0.01578
0.03531
0.03073
0.04059
0.04620
0.01010
-0.00647
-0.02057
-0.01816
-0.00711
-0.01361
-0.01138
-0.00217
0.00677
0.00491
0.01056
0.01434
0.00403
0.00128
0.00281
-0.00098
-0.00043
-0.00177
-0.00690
-0.00464
0.00262
-0.00192
-0.00180
0.00305
0.00110
0.00009
0.00412
0.00299
0.00107
0.00345
0.00101
0.00037
0.00015
0.00034
-0.00229
-0.00244
-0.00189
-0.00162
-0.00180
-0.00049
0.00040
0.00232
0.00415
0.00424
0.00189
0.00076
0.00165
0.00146
-0.00034
-0.00067
-0.00140
-0.00296
-0.00256
-0.00122
-0.00015
0.00012
0.00003
0.00012
0.00037
0.00095
0.00015
-0.00027
0.00046
-0.00015
-0.00070
-0.00018
-0.00052
-0.00107
-0.00211
-0.00128
-0.00098
-0.00177
-0.00159
-0.00125
-0.00009
0.00012
-0.00049
-0.00027
-0.00064
-0.00067
-0.00131
-0.00107
-0.00006
-0.00046
0.00000
0.00000
0.00000
0.00000
0.00000
0.00000
0.00000
0.00000
0.00000
0.00000
0.00000
0.00000
0.00000
0.00000
0.00000
0.00000
0.00000
0.00000
0.00000
0.00000
0.00000
0.00000
0.00000
0.00000
0.00000
0.00000
0.00000
0.00000
0.00000
0.00000
0.00000
0.00000
0.00000
0.00000
0.00000
0.00000
0.00000
0.00000
0.00000
0.00000
0.00000
0.00000
0.00000
0.00000
0.00000
0.00000
0.00000
0.00000
0.00000
0.00000
0.00000
0.00000
0.00000
0.00000
0.00000
0.00000
0.00000
0.00000
0.00000
0.00000
0.00000
0.00000
0.00000
0.00000
0.00000
0.00000
0.00000
0.00000
0.00000
0.00000
0.00000
0.00000
0.00000
0.00000
0.00000
0.00000
0.00000
0.00000
0.00000
0.00000
0.00000
0.00000
0.00000
0.00000
0.00000
0.00000
0.00000
0.00000
0.00000
0.00000
0.00000
0.00000
0.00000
0.00000
0.00000
0.00000
0.00000
0.00000
0.00000
0.00000
0.00000
0.00000
0.00000
0.00000
0.00000
0.00000
0.00000
0.00000
0.00000
0.00000
0.00000
0.00000
0.00000
0.00000
0.00000
0.00000
0.00000
0.00000
0.00000
0.00000
0.00000
0.00000
0.00000
0.00000
0.00000
0.00000
0.00000
0.00000
0.00000
0.00000
0.00000
0.00000
0.00000
0.00000
0.00000
0.00000
0.00000
0.00000
0.00000
0.00000
0.00000
0.00000
0.00000
0.00000
0.00000
0.00000
0.00000
0.00000
0.00000
0.00000
0.00000
0.00000
0.00000
0.00000
0.00000
0.00000
0.00000
0.00000
0.00000
0.00000
0.00000
0.00000
0.00000
0.00000
0.00000
0.00000
0.00000
0.00000
0.00000
0.00000
0.00000
0.00000
0.00000
0.00000
0.00000
0.00000
0.00000
0.00000
0.00000
0.00000
0.00000
0.00000
0.00000
0.00000
0.00000
0.00000
0.00000
0.00000
0.00000
0.00000
0.00000
0.00000
0.00000
0.00000
0.00000
0.00000
0.00000
0.00000
0.00000
0.00000
0.00000
0.00000
0.00000
0.00000
0.00000
0.00000
0.00000
0.00000
0.00000
0.00000
0.00000
0.00000
0.00000
0.00000
0.00000
0.00000
0.00000
0.00000
0.00000
0.00000
0.00000
0.00000
0.00000
0.00000
0.00000
0.00000
0.00000
0.00000
