0.00000
0.00003
0.00000
0.00006
0.00003
0.00000
-0.00003
0.00000
0.00000
0.00000
0.00000
0.00000
0.00000
0.00000
0.00000
0.00000
0.00000
0.00000
0.00000
0.00000
0.00000
-0.00003
-0.00003
-0.00003
-0.00009
-0.00003
0.00000
0.00000
0.00000
0.00000
0.00000
-0.00009
-0.00015
-0.00012
-0.00003
-0.00012
-0.00003
0.00000
0.00000
0.00000
0.00000
-0.00006
-0.00009
-0.00009
-0.00012
-0.00015
-0.00006
-0.00006
-0.00003
0.00000
0.00000
0.00000
-0.00003
-0.00006
-0.00006
-0.00012
-0.00015
-0.00015
-0.00018
-0.00021
-0.00015
-0.00015
-0.00009
-0.00009
-0.00012
-0.00012
-0.00015
-0.00015
-0.00015
-0.00018
-0.00006
-0.00009
-0.00003
0.00000
-0.00009
-0.00006
-0.00012
-0.00018
-0.00021
-0.00021
-0.00012
-0.00012
-0.00012
-0.00009
-0.00009
-0.00012
-0.00015
-0.00018
-0.00021
-0.00021
-0.00018
-0.00021
-0.00021
-0.00018
-0.00015
-0.00012
-0.00015
-0.00015
-0.00015
-0.00012
-0.00009
-0.00012
-0.00012
-0.00015
-0.00024
-0.00021
-0.00021
-0.00021
-0.00027
-0.00031
-0.00024
-0.00021
-0.00021
-0.00021
-0.00018
-0.00021
-0.00024
-0.00024
-0.00021
-0.00018
-0.00021
-0.00018
-0.00015
-0.00018
-0.00021
-0.00024
-0.00024
-0.00027
-0.00027
-0.00027
-0.00027
-0.00024
-0.00024
-0.00021
-0.00018
-0.00018
-0.00027
-0.00027
-0.00027
-0.00031
-0.00031
-0.00027
-0.00024
-0.00027
-0.00031
-0.00031
-0.00031
-0.00031
-0.00027
-0.00027
-0.00024
-0.00024
-0.00024
-0.00024
-0.00031
-0.00027
-0.00031
-0.00031
-0.00027
-0.00027
-0.00024
-0.00024
-0.00021
-0.00031
-0.00031
-0.00027
-0.00031
-0.00034
-0.00031
-0.00031
-0.00027
-0.00031
-0.00031
-0.00031
-0.00027
-0.00027
-0.00031
-0.00031
-0.00034
-0.00034
-0.00040
-0.00040
-0.00031
-0.00031
-0.00027
-0.00034
-0.00021
-0.00037
-0.00031
-0.00037
-0.00049
-0.00003
-0.00104
0.00076
-0.00198
-0.00238
-0.04730
-0.02869
-0.01367
-0.01599
0.00894
-0.00967
0.03055
0.06241
0.04089
0.00244
-0.00500
-0.01025
-0.02759
-0.01938
-0.00452
-0.00720
0.00613
0.00082
-0.00211
0.02151
0.01776
-0.00815
-0.00659
-0.00031
-0.00323
0.00314
0.00424
0.00061
0.00452
0.00266
-0.00742
-0.00027
0.00494
-0.00250
-0.00189
0.00250
0.00046
0.00156
0.00253
-0.00021
0.00076
0.00198
0.00043
-0.00095
0.00012
-0.00046
-0.00143
-0.00162
0.00070
0.00223
0.00229
0.00024
0.00095
0.00098
0.00125
0.00180
0.00104
0.00061
0.00082
-0.00165
-0.00232
-0.00049
0.00031
-0.00095
-0.00156
0.00006
0.00049
0.00040
-0.00003
-0.00061
0.00046
0.00034
-0.00037
-0.00052
0.00034
0.00055
-0.00061
-0.00085
-0.00076
-0.00171
-0.00134
-0.00140
-0.00064
-0.00046
-0.00046
-0.00049
-0.00073
-0.00076
-0.00104
-0.00122
-0.00073
0.00000
0.00000
0.00000
0.00000
0.00000
0.00000
0.00000
0.00000
0.00000
0.00000
0.00000
0.00000
0.00000
0.00000
0.00000
0.00000
0.00000
0.00000
0.00000
0.00000
0.00000
0.00000
0.00000
0.00000
0.00000
0.00000
0.00000
0.00000
0.00000
0.00000
0.00000
0.00000
0.00000
0.00000
0.00000
0.00000
0.00000
0.00000
0.00000
0.00000
0.00000
0.00000
0.00000
0.00000
0.00000
0.00000
0.00000
0.00000
0.00000
0.00000
0.00000
0.00000
0.00000
0.00000
0.00000
0.00000
0.00000
0.00000
0.00000
0.00000
0.00000
0.00000
0.00000
0.00000
0.00000
0.00000
0.00000
0.00000
0.00000
0.00000
0.00000
0.00000
0.00000
0.00000
0.00000
0.00000
0.00000
0.00000
0.00000
0.00000
0.00000
0.00000
0.00000
0.00000
0.00000
0.00000
0.00000
0.00000
0.00000
0.00000
0.00000
0.00000
0.00000
0.00000
0.00000
0.00000
0.00000
0.00000
0.00000
0.00000
0.00000
0.00000
0.00000
0.00000
0.00000
0.00000
0.00000
0.00000
0.00000
0.00000
0.00000
0.00000
0.00000
0.00000
0.00000
0.00000
0.00000
0.00000
0.00000
0.00000
0.00000
0.00000
0.00000
0.00000
0.00000
0.00000
0.00000
0.00000
0.00000
0.00000
0.00000
0.00000
0.00000
0.00000
0.00000
0.00000
0.00000
0.00000
0.00000
0.00000
0.00000
0.00000
0.00000
0.00000
0.00000
0.00000
0.00000
0.00000
0.00000
0.00000
0.00000
0.00000
0.00000
0.00000
0.00000
0.00000
0.00000
0.00000
0.00000
0.00000
0.00000
0.00000
0.00000
0.00000
0.00000
0.00000
0.00000
0.00000
0.00000
0.00000
0.00000
0.00000
0.00000
0.00000
0.00000
0.00000
0.00000
0.00000
0.00000
0.00000
0.00000
0.00000
0.00000
0.00000
0.00000
0.00000
0.00000
0.00000
0.00000
0.00000
0.00000
0.00000
0.00000
0.00000
0.00000
0.00000
0.00000
0.00000
0.00000
0.00000
0.00000
0.00000
0.00000
0.00000
0.00000
0.00000
0.00000
0.00000
0.00000
0.00000
0.00000
0.00000
0.00000
0.00000
0.00000
0.00000
0.00000
0.00000
0.00000
0.00000
0.00000
0.00000
0.00000
0.00000
0.00000
