0.00003
0.00000
0.00003
0.00000
0.00000
0.00009
0.00009
0.00009
0.00003
0.00009
0.00009
0.00003
0.00006
0.00006
0.00003
0.00009
0.00012
0.00006
0.00006
0.00003
0.00000
0.00000
0.00000
0.00003
0.00000
0.00006
0.00009
0.00006
0.00006
0.00009
0.00003
0.00000
0.00000
0.00000
0.00003
-0.00003
0.00003
0.00009
0.00003
0.00003
0.00006
0.00003
0.00003
0.00003
0.00003
0.00006
0.00006
0.00003
0.00003
0.00000
-0.00003
-0.00006
-0.00003
0.00000
-0.00003
0.00000
0.00006
-0.00006
0.00003
-0.00003
-0.00006
-0.00003
-0.00006
0.00000
0.00000
0.00000
0.00000
-0.00003
0.00000
0.00000
-0.00006
-0.00009
-0.00009
-0.00009
-0.00009
-0.00003
-0.00003
-0.00003
0.00000
-0.00003
-0.00009
-0.00009
-0.00009
-0.00009
-0.00015
-0.00009
-0.00006
-0.00006
-0.00003
-0.00006
-0.00006
-0.00009
-0.00015
-0.00009
-0.00006
-0.00006
-0.00009
-0.00009
-0.00003
-0.00012
-0.00015
-0.00012
-0.00009
-0.00018
-0.00018
-0.00009
-0.00012
-0.00015
-0.00015
-0.00009
-0.00009
-0.00009
-0.00012
-0.00012
-0.00012
-0.00018
-0.00015
-0.00006
-0.00009
-0.00012
-0.00015
-0.00012
-0.00012
-0.00018
-0.00021
-0.00021
-0.00021
-0.00018
-0.00018
-0.00015
-0.00012
-0.00018
-0.00015
-0.00018
-0.00021
-0.00018
-0.00021
-0.00021
-0.00018
-0.00015
-0.00018
-0.00015
-0.00021
-0.00021
-0.00024
-0.00021
-0.00018
-0.00024
-0.00024
-0.00021
-0.00015
-0.00012
-0.00018
-0.00015
-0.00018
-0.00021
-0.00031
-0.00027
-0.00021
-0.00024
-0.00024
-0.00024
-0.00012
-0.00015
-0.00024
-0.00015
-0.00021
-0.00024
-0.00027
-0.00027
-0.00024
-0.00027
-0.00021
-0.00024
-0.00021
-0.00021
-0.00043
0.00009
-0.00101
0.00098
-0.00244
0.00308
-0.00531
0.00189
-0.08740
-0.05710
0.02515
-0.02765
-0.01376
-0.02969
0.04968
0.06039
0.04553
0.04858
0.00555
0.01004
-0.01297
-0.02127
0.02606
-0.00854
-0.03329
-0.01776
0.00299
0.01349
0.01794
0.00449
-0.01016
0.00522
0.01303
0.00171
0.00208
0.00171
-0.01263
-0.00409
0.00369
-0.00070
-0.00168
0.00070
-0.00092
0.00095
0.00528
0.00211
0.00006
0.00217
0.00156
0.00235
0.00235
-0.00177
-0.00275
-0.00427
0.00000
0.00122
-0.00085
-0.00269
0.00049
0.00116
0.00159
0.00272
0.00183
0.00046
0.00259
0.00238
0.00003
-0.00192
-0.00119
-0.00211
-0.00208
-0.00128
-0.00241
-0.00150
-0.00113
-0.00046
0.00085
0.00089
0.00085
-0.00153
-0.00031
0.00131
-0.00015
-0.00018
-0.00089
-0.00113
-0.00174
-0.00262
-0.00092
-0.00226
-0.00247
-0.00220
-0.00079
0.00046
-0.00171
-0.00204
-0.00082
-0.00027
0.00000
-0.00131
-0.00040
0.00064
0.00092
0.00046
0.00000
0.00000
0.00000
0.00000
0.00000
0.00000
0.00000
0.00000
0.00000
0.00000
0.00000
0.00000
0.00000
0.00000
0.00000
0.00000
0.00000
0.00000
0.00000
0.00000
0.00000
0.00000
0.00000
0.00000
0.00000
0.00000
0.00000
0.00000
0.00000
0.00000
0.00000
0.00000
0.00000
0.00000
0.00000
0.00000
0.00000
0.00000
0.00000
0.00000
0.00000
0.00000
0.00000
0.00000
0.00000
0.00000
0.00000
0.00000
0.00000
0.00000
0.00000
0.00000
0.00000
0.00000
0.00000
0.00000
0.00000
0.00000
0.00000
0.00000
0.00000
0.00000
0.00000
0.00000
0.00000
0.00000
0.00000
0.00000
0.00000
0.00000
0.00000
0.00000
0.00000
0.00000
0.00000
0.00000
0.00000
0.00000
0.00000
0.00000
0.00000
0.00000
0.00000
0.00000
0.00000
0.00000
0.00000
0.00000
0.00000
0.00000
0.00000
0.00000
0.00000
0.00000
0.00000
0.00000
0.00000
0.00000
0.00000
0.00000
0.00000
0.00000
0.00000
0.00000
0.00000
0.00000
0.00000
0.00000
0.00000
0.00000
0.00000
0.00000
0.00000
0.00000
0.00000
0.00000
0.00000
0.00000
0.00000
0.00000
0.00000
0.00000
0.00000
0.00000
0.00000
0.00000
0.00000
0.00000
0.00000
0.00000
0.00000
0.00000
0.00000
0.00000
0.00000
0.00000
0.00000
0.00000
0.00000
0.00000
0.00000
0.00000
0.00000
0.00000
0.00000
0.00000
0.00000
0.00000
0.00000
0.00000
0.00000
0.00000
0.00000
0.00000
0.00000
0.00000
0.00000
0.00000
0.00000
0.00000
0.00000
0.00000
0.00000
0.00000
0.00000
0.00000
0.00000
0.00000
0.00000
0.00000
0.00000
0.00000
0.00000
0.00000
0.00000
0.00000
0.00000
0.00000
0.00000
0.00000
0.00000
0.00000
0.00000
0.00000
0.00000
0.00000
0.00000
0.00000
0.00000
0.00000
0.00000
0.00000
0.00000
0.00000
0.00000
0.00000
0.00000
0.00000
0.00000
0.00000
0.00000
0.00000
0.00000
0.00000
0.00000
0.00000
0.00000
0.00000
0.00000
0.00000
0.00000
0.00000
0.00000
0.00000
0.00000
0.00000
0.00000
0.00000
0.00000
0.00000
0.00000
0.00000
0.00000
0.00000
0.00000
0.00000
0.00000
0.00000
0.00000
0.00000
0.00000
0.00000
