-0.00006
-0.00009
-0.00012
-0.00009
-0.00006
-0.00003
-0.00003
-0.00003
0.00000
0.00000
-0.00003
-0.00009
-0.00012
-0.00012
-0.00006
-0.00009
0.00000
0.00000
0.00000
-0.00003
0.00000
0.00000
0.00000
-0.00003
0.00000
0.00000
-0.00006
-0.00006
-0.00009
-0.00006
-0.00006
-0.00006
-0.00003
0.00000
0.00003
-0.00006
0.00000
-0.00003
-0.00009
-0.00009
-0.00012
-0.00012
-0.00012
-0.00003
-0.00006
-0.00003
0.00000
0.00000
0.00000
-0.00003
-0.00006
-0.00006
-0.00009
-0.00012
-0.00009
-0.00009
-0.00006
-0.00006
-0.00003
-0.00003
-0.00009
-0.00012
-0.00012
-0.00012
-0.00006
-0.00003
-0.00009
0.00003
-0.00006
-0.00003
-0.00003
-0.00012
0.00000
-0.00009
-0.00006
-0.00006
-0.00009
-0.00006
-0.00009
-0.00009
-0.00012
-0.00012
-0.00006
-0.00006
-0.00003
-0.00003
-0.00006
-0.00006
-0.00009
-0.00012
-0.00012
-0.00015
-0.00009
-0.00009
-0.00009
-0.00009
-0.00006
-0.00006
-0.00009
-0.00006
-0.00009
-0.00012
-0.00009
-0.00015
-0.00015
-0.00018
-0.00018
-0.00015
-0.00015
-0.00009
-0.00009
-0.00009
-0.00009
-0.00015
-0.00018
-0.00012
-0.00012
-0.00018
-0.00015
-0.00006
-0.00012
-0.00015
-0.00012
-0.00012
-0.00015
-0.00021
-0.00018
-0.00015
-0.00009
-0.00012
-0.00015
-0.00015
-0.00018
-0.00024
-0.00021
-0.00018
-0.00018
-0.00021
-0.00015
-0.00009
-0.00012
-0.00012
-0.00015
-0.00015
-0.00018
-0.00018
-0.00018
-0.00015
-0.00018
-0.00024
-0.00018
-0.00018
-0.00015
-0.00021
-0.00018
-0.00015
-0.00021
-0.00021
-0.00021
-0.00018
-0.00021
-0.00024
-0.00021
-0.00024
-0.00024
-0.00024
-0.00021
-0.00018
-0.00018
-0.00012
-0.00015
-0.00012
-0.00021
-0.00024
-0.00021
-0.00024
-0.00021
-0.00024
-0.00024
-0.00021
-0.00027
-0.00018
-0.00027
-0.00012
-0.00034
-0.00012
-0.00031
-0.00052
0.00021
-0.00143
0.00165
-0.00330
-0.00330
-0.07724
-0.03128
-0.01376
-0.02060
0.02423
-0.00891
0.06723
0.09091
0.03394
-0.00568
-0.01224
-0.01910
-0.04266
-0.02151
-0.00171
-0.01324
0.01428
0.00134
0.00644
0.03683
0.01178
-0.02246
-0.00424
0.00134
-0.00400
0.00519
0.00177
-0.00247
0.00589
-0.00046
-0.01230
0.00507
0.00583
-0.00531
0.00259
0.00601
0.00058
0.00409
0.00385
-0.00009
0.00171
0.00143
-0.00290
-0.00366
-0.00134
-0.00296
-0.00217
-0.00122
0.00064
0.00305
0.00436
0.00223
0.00241
0.00156
0.00259
0.00232
-0.00076
-0.00116
0.00034
-0.00278
-0.00195
-0.00006
0.00040
-0.00089
-0.00192
-0.00003
0.00040
0.00159
0.00098
-0.00104
0.00076
-0.00040
-0.00085
-0.00021
0.00043
0.00055
-0.00150
-0.00125
-0.00055
-0.00146
-0.00034
-0.00165
-0.00092
-0.00119
-0.00119
-0.00003
-0.00018
0.00018
-0.00034
-0.00162
-0.00085
-0.00195
-0.00153
0.00000
0.00000
0.00000
0.00000
0.00000
0.00000
0.00000
0.00000
0.00000
0.00000
0.00000
0.00000
0.00000
0.00000
0.00000
0.00000
0.00000
0.00000
0.00000
0.00000
0.00000
0.00000
0.00000
0.00000
0.00000
0.00000
0.00000
0.00000
0.00000
0.00000
0.00000
0.00000
0.00000
0.00000
0.00000
0.00000
0.00000
0.00000
0.00000
0.00000
0.00000
0.00000
0.00000
0.00000
0.00000
0.00000
0.00000
0.00000
0.00000
0.00000
0.00000
0.00000
0.00000
0.00000
0.00000
0.00000
0.00000
0.00000
0.00000
0.00000
0.00000
0.00000
0.00000
0.00000
0.00000
0.00000
0.00000
0.00000
0.00000
0.00000
0.00000
0.00000
0.00000
0.00000
0.00000
0.00000
0.00000
0.00000
0.00000
0.00000
0.00000
0.00000
0.00000
0.00000
0.00000
0.00000
0.00000
0.00000
0.00000
0.00000
0.00000
0.00000
0.00000
0.00000
0.00000
0.00000
0.00000
0.00000
0.00000
0.00000
0.00000
0.00000
0.00000
0.00000
0.00000
0.00000
0.00000
0.00000
0.00000
0.00000
0.00000
0.00000
0.00000
0.00000
0.00000
0.00000
0.00000
0.00000
0.00000
0.00000
0.00000
0.00000
0.00000
0.00000
0.00000
0.00000
0.00000
0.00000
0.00000
0.00000
0.00000
0.00000
0.00000
0.00000
0.00000
0.00000
0.00000
0.00000
0.00000
0.00000
0.00000
0.00000
0.00000
0.00000
0.00000
0.00000
0.00000
0.00000
0.00000
0.00000
0.00000
0.00000
0.00000
0.00000
0.00000
0.00000
0.00000
0.00000
0.00000
0.00000
0.00000
0.00000
0.00000
0.00000
0.00000
0.00000
0.00000
0.00000
0.00000
0.00000
0.00000
0.00000
0.00000
0.00000
0.00000
0.00000
0.00000
0.00000
0.00000
0.00000
0.00000
0.00000
0.00000
0.00000
0.00000
0.00000
0.00000
0.00000
0.00000
0.00000
0.00000
0.00000
0.00000
0.00000
0.00000
0.00000
0.00000
0.00000
0.00000
0.00000
0.00000
0.00000
0.00000
0.00000
0.00000
0.00000
0.00000
0.00000
0.00000
0.00000
0.00000
0.00000
0.00000
0.00000
0.00000
0.00000
0.00000
0.00000
0.00000
0.00000
0.00000
0.00000
0.00000
0.00000
0.00000
0.00000
