-0.00009
-0.00012
-0.00015
-0.00015
-0.00012
-0.00015
-0.00018
-0.00015
-0.00012
-0.00012
-0.00015
-0.00012
-0.00009
-0.00012
-0.00015
-0.00012
-0.00015
-0.00024
-0.00021
-0.00018
-0.00018
-0.00018
-0.00015
-0.00012
-0.00012
-0.00015
-0.00018
-0.00018
-0.00018
-0.00021
-0.00021
-0.00015
-0.00015
-0.00015
-0.00012
-0.00021
-0.00012
-0.00012
-0.00018
-0.00021
-0.00015
-0.00018
-0.00018
-0.00018
-0.00018
-0.00012
-0.00015
-0.00015
-0.00015
-0.00018
-0.00021
-0.00021
-0.00018
-0.00018
-0.00015
-0.00012
-0.00012
-0.00015
-0.00015
-0.00018
-0.00015
-0.00018
-0.00018
-0.00015
-0.00015
-0.00012
-0.00012
-0.00012
-0.00015
-0.00018
-0.00018
-0.00018
-0.00021
-0.00018
-0.00015
-0.00015
-0.00015
-0.00018
-0.00018
-0.00015
-0.00015
-0.00018
-0.00012
-0.00012
-0.00018
-0.00015
-0.00012
-0.00012
-0.00015
-0.00015
-0.00015
-0.00018
-0.00018
-0.00018
-0.00015
-0.00021
-0.00021
-0.00018
-0.00018
-0.00018
-0.00018
-0.00015
-0.00015
-0.00018
-0.00012
-0.00012
-0.00018
-0.00018
-0.00021
-0.00018
-0.00018
-0.00018
-0.00018
-0.00018
-0.00018
-0.00015
-0.00012
-0.00012
-0.00021
-0.00021
-0.00015
-0.00018
-0.00018
-0.00018
-0.00015
-0.00018
-0.00018
-0.00018
-0.00015
-0.00018
-0.00018
-0.00015
-0.00015
-0.00015
-0.00015
-0.00012
-0.00015
-0.00015
-0.00015
-0.00015
-0.00018
-0.00021
-0.00018
-0.00015
-0.00018
-0.00021
-0.00018
-0.00015
-0.00018
-0.00018
-0.00015
-0.00018
-0.00021
-0.00021
-0.00018
-0.00021
-0.00021
-0.00018
-0.00012
-0.00018
-0.00018
-0.00012
-0.00012
-0.00018
-0.00018
-0.00018
-0.00021
-0.00021
-0.00021
-0.00018
-0.00018
-0.00021
-0.00021
-0.00018
-0.00018
-0.00021
-0.00018
-0.00018
-0.00018
-0.00018
-0.00018
-0.00018
-0.00031
-0.00024
-0.00021
-0.00021
-0.00021
-0.00012
-0.00003
-0.00012
-0.00012
-0.00024
-0.00015
-0.00040
-0.00009
-0.00055
0.00015
-0.00073
0.00015
-0.01080
-0.02325
-0.01553
-0.01276
-0.00516
-0.00696
-0.00928
0.00546
0.02768
0.02533
0.00876
0.00391
-0.00552
-0.01010
-0.00275
0.00043
0.00113
0.00137
-0.00333
-0.00089
0.01215
0.01169
0.00052
-0.00238
-0.00290
-0.00186
0.00250
0.00241
-0.00064
0.00085
0.00085
-0.00211
0.00015
0.00067
-0.00174
-0.00052
0.00183
0.00217
0.00351
0.00363
0.00116
0.00058
0.00146
0.00089
-0.00024
-0.00052
-0.00012
-0.00031
-0.00049
-0.00085
0.00012
0.00177
0.00250
0.00183
0.00092
0.00095
0.00092
0.00058
0.00018
0.00000
-0.00055
-0.00070
0.00021
0.00027
-0.00049
-0.00040
0.00015
0.00046
0.00018
-0.00006
-0.00009
0.00015
0.00015
-0.00006
-0.00043
-0.00034
-0.00018
-0.00040
-0.00003
-0.00027
-0.00061
-0.00119
-0.00092
-0.00064
-0.00073
-0.00092
-0.00131
-0.00101
-0.00037
0.00018
0.00000
0.00000
0.00000
0.00000
0.00000
0.00000
0.00000
0.00000
0.00000
0.00000
0.00000
0.00000
0.00000
0.00000
0.00000
0.00000
0.00000
0.00000
0.00000
0.00000
0.00000
0.00000
0.00000
0.00000
0.00000
0.00000
0.00000
0.00000
0.00000
0.00000
0.00000
0.00000
0.00000
0.00000
0.00000
0.00000
0.00000
0.00000
0.00000
0.00000
0.00000
0.00000
0.00000
0.00000
0.00000
0.00000
0.00000
0.00000
0.00000
0.00000
0.00000
0.00000
0.00000
0.00000
0.00000
0.00000
0.00000
0.00000
0.00000
0.00000
0.00000
0.00000
0.00000
0.00000
0.00000
0.00000
0.00000
0.00000
0.00000
0.00000
0.00000
0.00000
0.00000
0.00000
0.00000
0.00000
0.00000
0.00000
0.00000
0.00000
0.00000
0.00000
0.00000
0.00000
0.00000
0.00000
0.00000
0.00000
0.00000
0.00000
0.00000
0.00000
0.00000
0.00000
0.00000
0.00000
0.00000
0.00000
0.00000
0.00000
0.00000
0.00000
0.00000
0.00000
0.00000
0.00000
0.00000
0.00000
0.00000
0.00000
0.00000
0.00000
0.00000
0.00000
0.00000
0.00000
0.00000
0.00000
0.00000
0.00000
0.00000
0.00000
0.00000
0.00000
0.00000
0.00000
0.00000
0.00000
0.00000
0.00000
0.00000
0.00000
0.00000
0.00000
0.00000
0.00000
0.00000
0.00000
0.00000
0.00000
0.00000
0.00000
0.00000
0.00000
0.00000
0.00000
0.00000
0.00000
0.00000
0.00000
0.00000
0.00000
0.00000
0.00000
0.00000
0.00000
0.00000
0.00000
0.00000
0.00000
0.00000
0.00000
0.00000
0.00000
0.00000
0.00000
0.00000
0.00000
0.00000
0.00000
0.00000
0.00000
0.00000
0.00000
0.00000
0.00000
0.00000
0.00000
0.00000
0.00000
0.00000
0.00000
0.00000
0.00000
0.00000
0.00000
0.00000
0.00000
0.00000
0.00000
0.00000
0.00000
0.00000
0.00000
0.00000
0.00000
0.00000
0.00000
0.00000
0.00000
0.00000
0.00000
0.00000
0.00000
0.00000
0.00000
0.00000
0.00000
0.00000
0.00000
0.00000
0.00000
0.00000
0.00000
0.00000
0.00000
0.00000
0.00000
0.00000
0.00000
0.00000
0.00000
0.00000
