-0.00009
-0.00012
-0.00012
-0.00009
-0.00009
-0.00006
-0.00009
-0.00015
-0.00012
-0.00015
-0.00015
-0.00012
-0.00009
-0.00006
-0.00009
-0.00003
0.00000
-0.00003
-0.00006
-0.00003
-0.00006
-0.00009
-0.00006
-0.00003
-0.00012
-0.00015
-0.00012
-0.00009
-0.00006
-0.00003
-0.00003
0.00000
-0.00006
-0.00006
-0.00003
-0.00009
-0.00009
-0.00009
-0.00006
-0.00009
-0.00006
-0.00009
-0.00006
0.00000
-0.00003
0.00000
0.00000
0.00000
-0.00003
-0.00006
-0.00006
-0.00006
-0.00009
-0.00006
0.00000
0.00000
0.00000
0.00000
0.00000
-0.00006
-0.00012
-0.00012
-0.00009
-0.00015
-0.00006
0.00003
0.00006
0.00006
0.00006
0.00006
0.00000
-0.00006
0.00000
-0.00003
-0.00003
0.00000
0.00000
0.00000
0.00003
0.00003
0.00000
0.00000
0.00003
0.00003
0.00003
0.00000
0.00000
-0.00006
-0.00006
0.00000
-0.00003
0.00000
0.00003
0.00003
0.00006
0.00012
0.00009
0.00006
0.00003
0.00000
0.00000
0.00000
0.00003
0.00000
0.00003
0.00000
0.00000
0.00003
0.00009
0.00009
0.00006
0.00006
0.00003
0.00003
0.00003
0.00006
0.00006
0.00006
0.00003
0.00000
0.00000
0.00000
0.00000
0.00000
0.00000
0.00003
0.00003
0.00006
0.00012
0.00009
0.00003
0.00006
0.00006
0.00006
0.00006
0.00003
0.00003
0.00009
0.00006
0.00000
0.00003
0.00006
0.00006
0.00006
0.00012
0.00006
0.00000
0.00000
0.00000
0.00003
0.00003
0.00006
0.00006
0.00009
0.00006
0.00006
0.00003
0.00000
0.00000
0.00003
0.00012
0.00012
0.00009
0.00006
0.00003
0.00000
-0.00009
-0.00003
0.00000
0.00000
0.00000
0.00003
0.00009
0.00009
0.00006
0.00003
0.00006
0.00003
0.00000
0.00006
0.00000
0.00009
-0.00015
0.00027
-0.00046
0.00073
-0.00104
0.00168
-0.00247
0.00241
-0.03467
-0.05814
-0.02307
-0.01254
-0.00134
0.00198
0.01694
0.03119
0.03235
0.04172
0.04147
0.00378
-0.00742
-0.02542
-0.01633
-0.00360
-0.01218
-0.00793
0.00095
0.00616
0.00565
0.01459
0.01266
0.00037
0.00214
0.00076
-0.00134
0.00070
-0.00247
-0.00729
-0.00125
0.00336
-0.00189
-0.00040
0.00351
0.00070
0.00070
0.00415
0.00247
0.00208
0.00275
0.00052
0.00058
0.00143
0.00049
-0.00275
-0.00256
-0.00095
-0.00082
-0.00143
0.00040
0.00211
0.00348
0.00403
0.00336
0.00113
0.00156
0.00269
0.00128
-0.00049
-0.00073
-0.00183
-0.00284
-0.00162
0.00012
0.00070
0.00034
-0.00040
0.00003
0.00082
0.00104
0.00000
-0.00027
0.00076
0.00031
-0.00018
-0.00003
-0.00046
-0.00073
-0.00171
-0.00098
-0.00092
-0.00140
-0.00104
-0.00061
0.00015
0.00018
-0.00046
-0.00034
-0.00070
-0.00064
-0.00092
-0.00061
-0.00009
-0.00055
0.00000
0.00000
0.00000
0.00000
0.00000
0.00000
0.00000
0.00000
0.00000
0.00000
0.00000
0.00000
0.00000
0.00000
0.00000
0.00000
0.00000
0.00000
0.00000
0.00000
0.00000
0.00000
0.00000
0.00000
0.00000
0.00000
0.00000
0.00000
0.00000
0.00000
0.00000
0.00000
0.00000
0.00000
0.00000
0.00000
0.00000
0.00000
0.00000
0.00000
0.00000
0.00000
0.00000
0.00000
0.00000
0.00000
0.00000
0.00000
0.00000
0.00000
0.00000
0.00000
0.00000
0.00000
0.00000
0.00000
0.00000
0.00000
0.00000
0.00000
0.00000
0.00000
0.00000
0.00000
0.00000
0.00000
0.00000
0.00000
0.00000
0.00000
0.00000
0.00000
0.00000
0.00000
0.00000
0.00000
0.00000
0.00000
0.00000
0.00000
0.00000
0.00000
0.00000
0.00000
0.00000
0.00000
0.00000
0.00000
0.00000
0.00000
0.00000
0.00000
0.00000
0.00000
0.00000
0.00000
0.00000
0.00000
0.00000
0.00000
0.00000
0.00000
0.00000
0.00000
0.00000
0.00000
0.00000
0.00000
0.00000
0.00000
0.00000
0.00000
0.00000
0.00000
0.00000
0.00000
0.00000
0.00000
0.00000
0.00000
0.00000
0.00000
0.00000
0.00000
0.00000
0.00000
0.00000
0.00000
0.00000
0.00000
0.00000
0.00000
0.00000
0.00000
0.00000
0.00000
0.00000
0.00000
0.00000
0.00000
0.00000
0.00000
0.00000
0.00000
0.00000
0.00000
0.00000
0.00000
0.00000
0.00000
0.00000
0.00000
0.00000
0.00000
0.00000
0.00000
0.00000
0.00000
0.00000
0.00000
0.00000
0.00000
0.00000
0.00000
0.00000
0.00000
0.00000
0.00000
0.00000
0.00000
0.00000
0.00000
0.00000
0.00000
0.00000
0.00000
0.00000
0.00000
0.00000
0.00000
0.00000
0.00000
0.00000
0.00000
0.00000
0.00000
0.00000
0.00000
0.00000
0.00000
0.00000
0.00000
0.00000
0.00000
0.00000
0.00000
0.00000
0.00000
0.00000
0.00000
0.00000
0.00000
0.00000
0.00000
0.00000
0.00000
0.00000
0.00000
0.00000
0.00000
0.00000
0.00000
0.00000
0.00000
0.00000
0.00000
0.00000
0.00000
0.00000
0.00000
0.00000
0.00000
0.00000
0.00000
0.00000
0.00000
0.00000
