-0.00018
-0.00021
-0.00018
-0.00018
-0.00015
-0.00009
-0.00009
-0.00012
-0.00012
-0.00012
-0.00015
-0.00021
-0.00018
-0.00015
-0.00021
-0.00015
-0.00012
-0.00009
-0.00009
-0.00012
-0.00012
-0.00012
-0.00012
-0.00018
-0.00015
-0.00012
-0.00009
-0.00012
-0.00009
-0.00006
-0.00006
-0.00009
-0.00009
-0.00012
-0.00003
-0.00012
-0.00009
-0.00003
-0.00003
-0.00009
-0.00006
-0.00009
-0.00012
-0.00012
-0.00015
-0.00009
-0.00006
-0.00003
0.00000
-0.00003
-0.00006
-0.00006
-0.00009
-0.00006
-0.00009
-0.00009
-0.00006
0.00000
0.00000
0.00000
0.00000
-0.00003
-0.00006
-0.00009
-0.00003
-0.00006
0.00000
-0.00006
0.00000
0.00000
-0.00009
0.00000
-0.00009
-0.00006
0.00000
-0.00006
-0.00006
-0.00003
-0.00003
0.00000
0.00000
-0.00003
-0.00003
0.00000
0.00000
0.00000
0.00003
0.00000
0.00000
-0.00003
-0.00006
-0.00003
-0.00006
-0.00003
0.00000
-0.00003
0.00000
0.00000
0.00000
0.00000
0.00000
0.00000
-0.00006
-0.00003
0.00000
-0.00003
-0.00006
-0.00006
-0.00003
0.00000
0.00003
0.00000
0.00000
-0.00003
-0.00009
-0.00003
-0.00009
-0.00006
-0.00003
-0.00003
0.00000
0.00006
0.00000
-0.00003
0.00000
0.00000
-0.00006
-0.00006
0.00000
0.00000
-0.00003
0.00000
0.00000
0.00003
0.00000
0.00000
0.00000
-0.00003
-0.00006
-0.00009
-0.00006
-0.00003
-0.00006
-0.00003
-0.00003
-0.00003
0.00000
0.00000
-0.00003
-0.00003
-0.00006
-0.00003
-0.00003
0.00000
0.00000
0.00000
0.00000
0.00003
0.00000
-0.00003
-0.00003
-0.00003
-0.00009
-0.00006
0.00000
0.00003
0.00006
0.00003
0.00003
0.00000
-0.00003
-0.00009
-0.00006
-0.00003
-0.00006
0.00000
0.00000
0.00000
0.00003
0.00000
0.00000
0.00000
-0.00003
0.00000
-0.00009
0.00012
-0.00034
0.00043
-0.00076
0.00092
-0.00146
0.00192
-0.00250
0.00305
-0.03098
-0.06006
-0.00748
-0.02798
0.00751
0.00159
0.01083
0.07462
0.06158
0.01501
-0.00760
-0.00903
-0.02435
-0.03174
-0.00656
-0.00989
-0.00244
0.01218
-0.00308
0.01678
0.02786
-0.00470
-0.01376
0.00308
-0.00247
0.00000
0.00546
-0.00122
-0.00046
0.00671
-0.00281
-0.00400
0.00644
-0.00082
-0.00327
0.00604
0.00412
-0.00049
0.00336
0.00153
0.00018
0.00177
0.00134
-0.00299
-0.00180
-0.00098
-0.00104
-0.00003
0.00134
0.00107
0.00235
0.00327
0.00278
0.00192
0.00119
0.00134
0.00052
-0.00015
0.00171
0.00000
-0.00208
-0.00061
0.00018
-0.00006
-0.00137
-0.00043
0.00092
0.00058
0.00140
0.00018
0.00070
0.00031
-0.00134
0.00000
0.00107
0.00128
-0.00034
-0.00146
0.00049
-0.00031
-0.00110
-0.00153
-0.00116
-0.00049
-0.00079
0.00006
0.00040
0.00015
-0.00015
0.00000
0.00000
0.00000
0.00000
0.00000
0.00000
0.00000
0.00000
0.00000
0.00000
0.00000
0.00000
0.00000
0.00000
0.00000
0.00000
0.00000
0.00000
0.00000
0.00000
0.00000
0.00000
0.00000
0.00000
0.00000
0.00000
0.00000
0.00000
0.00000
0.00000
0.00000
0.00000
0.00000
0.00000
0.00000
0.00000
0.00000
0.00000
0.00000
0.00000
0.00000
0.00000
0.00000
0.00000
0.00000
0.00000
0.00000
0.00000
0.00000
0.00000
0.00000
0.00000
0.00000
0.00000
0.00000
0.00000
0.00000
0.00000
0.00000
0.00000
0.00000
0.00000
0.00000
0.00000
0.00000
0.00000
0.00000
0.00000
0.00000
0.00000
0.00000
0.00000
0.00000
0.00000
0.00000
0.00000
0.00000
0.00000
0.00000
0.00000
0.00000
0.00000
0.00000
0.00000
0.00000
0.00000
0.00000
0.00000
0.00000
0.00000
0.00000
0.00000
0.00000
0.00000
0.00000
0.00000
0.00000
0.00000
0.00000
0.00000
0.00000
0.00000
0.00000
0.00000
0.00000
0.00000
0.00000
0.00000
0.00000
0.00000
0.00000
0.00000
0.00000
0.00000
0.00000
0.00000
0.00000
0.00000
0.00000
0.00000
0.00000
0.00000
0.00000
0.00000
0.00000
0.00000
0.00000
0.00000
0.00000
0.00000
0.00000
0.00000
0.00000
0.00000
0.00000
0.00000
0.00000
0.00000
0.00000
0.00000
0.00000
0.00000
0.00000
0.00000
0.00000
0.00000
0.00000
0.00000
0.00000
0.00000
0.00000
0.00000
0.00000
0.00000
0.00000
0.00000
0.00000
0.00000
0.00000
0.00000
0.00000
0.00000
0.00000
0.00000
0.00000
0.00000
0.00000
0.00000
0.00000
0.00000
0.00000
0.00000
0.00000
0.00000
0.00000
0.00000
0.00000
0.00000
0.00000
0.00000
0.00000
0.00000
0.00000
0.00000
0.00000
0.00000
0.00000
0.00000
0.00000
0.00000
0.00000
0.00000
0.00000
0.00000
0.00000
0.00000
0.00000
0.00000
0.00000
0.00000
0.00000
0.00000
0.00000
0.00000
0.00000
0.00000
0.00000
0.00000
0.00000
0.00000
0.00000
0.00000
0.00000
0.00000
0.00000
0.00000
0.00000
0.00000
0.00000
0.00000
0.00000
0.00000
0.00000
0.00000
0.00000
0.00000
0.00000
0.00000
0.00000
