-0.00031
-0.00031
-0.00031
-0.00034
-0.00031
-0.00024
-0.00027
-0.00024
-0.00027
-0.00031
-0.00031
-0.00027
-0.00027
-0.00031
-0.00024
-0.00027
-0.00037
-0.00034
-0.00034
-0.00031
-0.00024
-0.00024
-0.00027
-0.00021
-0.00024
-0.00031
-0.00031
-0.00034
-0.00027
-0.00027
-0.00024
-0.00024
-0.00021
-0.00021
-0.00024
-0.00040
-0.00037
-0.00031
-0.00027
-0.00027
-0.00021
-0.00012
-0.00018
-0.00018
-0.00015
-0.00021
-0.00024
-0.00031
-0.00034
-0.00031
-0.00027
-0.00031
-0.00027
-0.00027
-0.00009
-0.00031
-0.00024
0.00000
-0.00027
-0.00027
-0.00031
-0.00024
-0.00031
-0.00031
-0.00031
-0.00037
-0.00034
-0.00031
-0.00021
-0.00018
-0.00012
-0.00012
-0.00024
-0.00015
-0.00012
-0.00027
-0.00031
-0.00027
-0.00037
-0.00031
-0.00021
-0.00021
-0.00027
-0.00024
-0.00015
-0.00021
-0.00015
-0.00012
-0.00018
-0.00018
-0.00021
-0.00031
-0.00027
-0.00027
-0.00031
-0.00037
-0.00024
-0.00015
-0.00024
-0.00027
-0.00018
-0.00021
-0.00034
-0.00018
-0.00021
-0.00024
-0.00018
-0.00018
-0.00018
-0.00021
-0.00021
-0.00024
-0.00021
-0.00027
-0.00034
-0.00031
-0.00024
-0.00024
-0.00021
-0.00009
-0.00012
-0.00015
-0.00018
-0.00018
-0.00024
-0.00027
-0.00024
-0.00034
-0.00031
-0.00021
-0.00024
-0.00024
-0.00021
-0.00018
-0.00027
-0.00024
-0.00021
-0.00015
-0.00021
-0.00012
-0.00012
-0.00024
-0.00021
-0.00027
-0.00027
-0.00031
-0.00024
-0.00021
-0.00021
-0.00018
-0.00018
-0.00012
-0.00012
-0.00015
-0.00018
-0.00021
-0.00018
-0.00031
-0.00031
-0.00031
-0.00024
-0.00021
-0.00031
-0.00024
-0.00018
-0.00012
-0.00015
-0.00018
-0.00018
-0.00012
-0.00031
-0.00009
-0.00043
0.00024
-0.00104
0.00110
-0.00201
0.00229
-0.00348
0.00418
-0.00586
0.00723
-0.06287
-0.15836
0.03714
0.00430
-0.01947
-0.00040
0.03778
0.08252
0.09644
0.06775
-0.02121
-0.00995
-0.06058
-0.04834
0.01318
0.03015
-0.01581
-0.01175
0.00790
0.01208
0.03064
0.01758
-0.03006
-0.01544
0.00671
0.00183
0.01144
0.01660
-0.00574
-0.01035
0.00366
-0.00162
-0.00323
-0.00189
0.00134
-0.00589
0.00201
0.00641
0.00433
0.00229
0.00668
0.00296
0.00104
0.00153
-0.00375
-0.00726
-0.00220
-0.00012
-0.00314
-0.00162
0.00351
0.00406
0.00095
0.00476
0.00339
-0.00098
0.00058
0.00235
0.00037
-0.00037
-0.00085
-0.00192
-0.00339
-0.00076
-0.00165
-0.00192
-0.00009
-0.00198
-0.00058
0.00110
0.00253
-0.00064
-0.00168
0.00058
0.00070
0.00085
0.00055
-0.00131
-0.00186
-0.00211
-0.00101
-0.00131
-0.00275
-0.00220
-0.00104
0.00061
-0.00104
-0.00253
-0.00140
0.00104
0.00113
-0.00009
-0.00015
0.00162
0.00177
0.00131
0.00000
0.00000
0.00000
0.00000
0.00000
0.00000
0.00000
0.00000
0.00000
0.00000
0.00000
0.00000
0.00000
0.00000
0.00000
0.00000
0.00000
0.00000
0.00000
0.00000
0.00000
0.00000
0.00000
0.00000
0.00000
0.00000
0.00000
0.00000
0.00000
0.00000
0.00000
0.00000
0.00000
0.00000
0.00000
0.00000
0.00000
0.00000
0.00000
0.00000
0.00000
0.00000
0.00000
0.00000
0.00000
0.00000
0.00000
0.00000
0.00000
0.00000
0.00000
0.00000
0.00000
0.00000
0.00000
0.00000
0.00000
0.00000
0.00000
0.00000
0.00000
0.00000
0.00000
0.00000
0.00000
0.00000
0.00000
0.00000
0.00000
0.00000
0.00000
0.00000
0.00000
0.00000
0.00000
0.00000
0.00000
0.00000
0.00000
0.00000
0.00000
0.00000
0.00000
0.00000
0.00000
0.00000
0.00000
0.00000
0.00000
0.00000
0.00000
0.00000
0.00000
0.00000
0.00000
0.00000
0.00000
0.00000
0.00000
0.00000
0.00000
0.00000
0.00000
0.00000
0.00000
0.00000
0.00000
0.00000
0.00000
0.00000
0.00000
0.00000
0.00000
0.00000
0.00000
0.00000
0.00000
0.00000
0.00000
0.00000
0.00000
0.00000
0.00000
0.00000
0.00000
0.00000
0.00000
0.00000
0.00000
0.00000
0.00000
0.00000
0.00000
0.00000
0.00000
0.00000
0.00000
0.00000
0.00000
0.00000
0.00000
0.00000
0.00000
0.00000
0.00000
0.00000
0.00000
0.00000
0.00000
0.00000
0.00000
0.00000
0.00000
0.00000
0.00000
0.00000
0.00000
0.00000
0.00000
0.00000
0.00000
0.00000
0.00000
0.00000
0.00000
0.00000
0.00000
0.00000
0.00000
0.00000
0.00000
0.00000
0.00000
0.00000
0.00000
0.00000
0.00000
0.00000
0.00000
0.00000
0.00000
0.00000
0.00000
0.00000
0.00000
0.00000
0.00000
0.00000
0.00000
0.00000
0.00000
0.00000
0.00000
0.00000
0.00000
0.00000
0.00000
0.00000
0.00000
0.00000
0.00000
0.00000
0.00000
0.00000
0.00000
0.00000
0.00000
0.00000
0.00000
0.00000
0.00000
0.00000
0.00000
0.00000
0.00000
0.00000
0.00000
0.00000
0.00000
0.00000
0.00000
0.00000
0.00000
0.00000
0.00000
0.00000
0.00000
0.00000
0.00000
0.00000
0.00000
0.00000
0.00000
0.00000
