-0.00024
-0.00027
-0.00024
-0.00027
-0.00027
-0.00027
-0.00024
-0.00024
-0.00021
-0.00021
-0.00024
-0.00021
-0.00021
-0.00024
-0.00024
-0.00027
-0.00024
-0.00027
-0.00018
-0.00024
-0.00021
-0.00021
-0.00018
-0.00021
-0.00024
-0.00027
-0.00021
-0.00021
-0.00024
-0.00021
-0.00021
-0.00015
-0.00021
-0.00018
-0.00015
-0.00034
-0.00024
-0.00024
-0.00021
-0.00021
-0.00021
-0.00015
-0.00015
-0.00015
-0.00015
-0.00018
-0.00018
-0.00021
-0.00018
-0.00015
-0.00018
-0.00018
-0.00015
-0.00018
-0.00015
-0.00018
-0.00018
-0.00015
-0.00018
-0.00018
-0.00015
-0.00015
-0.00006
-0.00012
-0.00021
-0.00006
-0.00024
-0.00012
-0.00021
-0.00018
-0.00003
-0.00018
-0.00015
-0.00012
-0.00012
-0.00012
-0.00012
-0.00012
-0.00015
-0.00012
-0.00015
-0.00015
-0.00009
-0.00018
-0.00021
-0.00012
-0.00015
-0.00009
-0.00015
-0.00012
-0.00006
-0.00015
-0.00009
-0.00015
-0.00012
-0.00015
-0.00018
-0.00012
-0.00015
-0.00012
-0.00006
-0.00009
-0.00006
-0.00015
-0.00018
-0.00012
-0.00012
-0.00018
-0.00018
-0.00003
-0.00009
-0.00006
-0.00006
-0.00006
-0.00012
-0.00018
-0.00012
-0.00009
-0.00015
-0.00015
-0.00012
-0.00009
-0.00012
-0.00012
-0.00012
-0.00009
-0.00006
-0.00009
-0.00009
-0.00006
-0.00006
-0.00012
-0.00009
-0.00012
-0.00012
-0.00015
-0.00012
-0.00009
-0.00012
-0.00006
-0.00009
-0.00006
-0.00006
-0.00009
-0.00009
-0.00009
-0.00012
-0.00012
-0.00009
-0.00009
-0.00003
-0.00015
-0.00009
-0.00006
-0.00012
-0.00009
-0.00009
-0.00003
-0.00006
-0.00003
-0.00003
-0.00006
-0.00003
-0.00012
-0.00012
-0.00012
-0.00012
-0.00012
-0.00012
0.00000
-0.00006
-0.00003
-0.00003
-0.00009
-0.00006
-0.00015
-0.00009
-0.00003
-0.00009
0.00003
-0.00018
0.00015
-0.00043
0.00037
-0.00067
0.00031
-0.00043
-0.00024
0.00082
-0.00186
-0.01462
-0.11511
-0.01257
-0.02261
-0.00613
0.03189
-0.00589
0.12485
0.09280
0.02118
-0.02106
-0.01822
-0.02643
-0.06210
-0.01340
-0.00446
-0.00943
0.02393
-0.00241
0.01929
0.04703
0.00049
-0.03058
0.00204
-0.00006
-0.00266
0.00641
-0.00067
-0.00220
0.00754
-0.00476
-0.01395
0.00977
0.00171
-0.00781
0.00705
0.00793
0.00198
0.00571
0.00311
-0.00119
0.00342
0.00385
-0.00424
-0.00418
-0.00244
-0.00378
-0.00159
0.00046
0.00153
0.00168
0.00253
0.00201
0.00385
0.00320
0.00284
0.00101
-0.00027
0.00229
0.00082
-0.00470
-0.00241
-0.00070
-0.00018
-0.00171
-0.00113
0.00186
0.00046
0.00226
0.00085
-0.00006
0.00128
-0.00201
0.00000
0.00095
0.00116
0.00027
-0.00232
-0.00018
-0.00128
-0.00284
-0.00076
-0.00119
0.00076
-0.00070
-0.00009
0.00009
-0.00101
0.00000
-0.00073
-0.00061
0.00018
-0.00235
0.00009
-0.00101
0.00000
0.00000
0.00000
0.00000
0.00000
0.00000
0.00000
0.00000
0.00000
0.00000
0.00000
0.00000
0.00000
0.00000
0.00000
0.00000
0.00000
0.00000
0.00000
0.00000
0.00000
0.00000
0.00000
0.00000
0.00000
0.00000
0.00000
0.00000
0.00000
0.00000
0.00000
0.00000
0.00000
0.00000
0.00000
0.00000
0.00000
0.00000
0.00000
0.00000
0.00000
0.00000
0.00000
0.00000
0.00000
0.00000
0.00000
0.00000
0.00000
0.00000
0.00000
0.00000
0.00000
0.00000
0.00000
0.00000
0.00000
0.00000
0.00000
0.00000
0.00000
0.00000
0.00000
0.00000
0.00000
0.00000
0.00000
0.00000
0.00000
0.00000
0.00000
0.00000
0.00000
0.00000
0.00000
0.00000
0.00000
0.00000
0.00000
0.00000
0.00000
0.00000
0.00000
0.00000
0.00000
0.00000
0.00000
0.00000
0.00000
0.00000
0.00000
0.00000
0.00000
0.00000
0.00000
0.00000
0.00000
0.00000
0.00000
0.00000
0.00000
0.00000
0.00000
0.00000
0.00000
0.00000
0.00000
0.00000
0.00000
0.00000
0.00000
0.00000
0.00000
0.00000
0.00000
0.00000
0.00000
0.00000
0.00000
0.00000
0.00000
0.00000
0.00000
0.00000
0.00000
0.00000
0.00000
0.00000
0.00000
0.00000
0.00000
0.00000
0.00000
0.00000
0.00000
0.00000
0.00000
0.00000
0.00000
0.00000
0.00000
0.00000
0.00000
0.00000
0.00000
0.00000
0.00000
0.00000
0.00000
0.00000
0.00000
0.00000
0.00000
0.00000
0.00000
0.00000
0.00000
0.00000
0.00000
0.00000
0.00000
0.00000
0.00000
0.00000
0.00000
0.00000
0.00000
0.00000
0.00000
0.00000
0.00000
0.00000
0.00000
0.00000
0.00000
0.00000
0.00000
0.00000
0.00000
0.00000
0.00000
0.00000
0.00000
0.00000
0.00000
0.00000
0.00000
0.00000
0.00000
0.00000
0.00000
0.00000
0.00000
0.00000
0.00000
0.00000
0.00000
0.00000
0.00000
0.00000
0.00000
0.00000
0.00000
0.00000
0.00000
0.00000
0.00000
0.00000
0.00000
0.00000
0.00000
0.00000
0.00000
0.00000
0.00000
0.00000
0.00000
0.00000
0.00000
0.00000
0.00000
0.00000
0.00000
0.00000
0.00000
0.00000
0.00000
