0.00012
0.00012
0.00006
0.00000
0.00003
0.00000
0.00000
0.00003
0.00003
0.00003
0.00003
0.00006
0.00006
0.00006
0.00006
0.00003
0.00000
0.00000
0.00003
0.00006
0.00006
0.00000
0.00003
0.00003
-0.00003
0.00000
0.00000
0.00000
0.00000
0.00003
0.00009
0.00012
0.00006
0.00006
0.00009
-0.00003
-0.00003
-0.00003
0.00000
0.00000
0.00000
0.00000
0.00006
0.00009
0.00003
0.00000
0.00000
0.00003
0.00003
0.00003
0.00003
0.00003
0.00003
0.00000
0.00000
0.00000
0.00000
-0.00006
-0.00006
0.00000
0.00000
0.00000
0.00000
0.00000
0.00000
0.00000
-0.00003
-0.00003
-0.00003
-0.00006
-0.00006
-0.00003
0.00000
0.00000
0.00000
0.00000
-0.00006
-0.00009
-0.00009
-0.00003
-0.00003
-0.00006
-0.00003
0.00000
0.00000
0.00000
0.00000
-0.00003
-0.00006
-0.00006
-0.00006
-0.00006
-0.00006
-0.00006
-0.00006
-0.00006
-0.00006
0.00000
-0.00003
-0.00006
-0.00009
-0.00009
-0.00009
-0.00009
-0.00006
0.00000
-0.00003
-0.00006
-0.00003
-0.00003
-0.00009
-0.00009
-0.00009
-0.00009
-0.00009
-0.00006
-0.00003
-0.00003
-0.00006
-0.00009
-0.00009
-0.00012
-0.00012
-0.00012
-0.00009
-0.00012
-0.00009
-0.00009
-0.00009
-0.00009
-0.00009
-0.00006
-0.00009
-0.00015
-0.00015
-0.00012
-0.00012
-0.00015
-0.00012
-0.00009
-0.00015
-0.00015
-0.00012
-0.00015
-0.00018
-0.00021
-0.00015
-0.00015
-0.00015
-0.00012
-0.00009
-0.00009
-0.00015
-0.00015
-0.00015
-0.00015
-0.00018
-0.00018
-0.00018
-0.00021
-0.00024
-0.00024
-0.00024
-0.00021
-0.00018
-0.00018
-0.00015
-0.00015
-0.00015
-0.00018
-0.00018
-0.00021
-0.00027
-0.00024
-0.00024
-0.00024
-0.00021
-0.00018
-0.00018
-0.00018
-0.00015
-0.00018
-0.00024
-0.00027
-0.00024
-0.00031
-0.00031
-0.00027
-0.00021
-0.00031
-0.00024
-0.00027
-0.00021
-0.00021
-0.00021
-0.00027
-0.00031
-0.00024
-0.00040
-0.00180
-0.01227
-0.01672
-0.02042
-0.01529
-0.00906
-0.00662
0.00058
0.00320
0.00873
0.01935
0.02347
0.01498
0.00824
0.00092
-0.00693
-0.00583
-0.00534
-0.00589
-0.00238
-0.00125
0.00089
0.00589
0.00790
0.00323
0.00070
0.00040
-0.00064
0.00015
-0.00009
-0.00171
-0.00076
0.00037
-0.00122
-0.00058
0.00156
0.00095
0.00140
0.00317
0.00311
0.00198
0.00107
0.00046
0.00006
0.00027
0.00043
0.00037
0.00049
0.00015
-0.00101
-0.00168
-0.00031
0.00116
0.00201
0.00171
0.00085
0.00046
0.00089
0.00150
0.00046
-0.00043
0.00000
0.00012
-0.00040
-0.00101
-0.00095
-0.00015
-0.00006
-0.00021
-0.00049
-0.00031
0.00031
0.00027
0.00049
0.00040
-0.00037
-0.00085
-0.00055
-0.00021
-0.00003
-0.00034
-0.00067
-0.00104
-0.00104
-0.00095
-0.00131
-0.00150
-0.00116
-0.00034
-0.00006
0.00000
0.00000
0.00000
0.00000
0.00000
0.00000
0.00000
0.00000
0.00000
0.00000
0.00000
0.00000
0.00000
0.00000
0.00000
0.00000
0.00000
0.00000
0.00000
0.00000
0.00000
0.00000
0.00000
0.00000
0.00000
0.00000
0.00000
0.00000
0.00000
0.00000
0.00000
0.00000
0.00000
0.00000
0.00000
0.00000
0.00000
0.00000
0.00000
0.00000
0.00000
0.00000
0.00000
0.00000
0.00000
0.00000
0.00000
0.00000
0.00000
0.00000
0.00000
0.00000
0.00000
0.00000
0.00000
0.00000
0.00000
0.00000
0.00000
0.00000
0.00000
0.00000
0.00000
0.00000
0.00000
0.00000
0.00000
0.00000
0.00000
0.00000
0.00000
0.00000
0.00000
0.00000
0.00000
0.00000
0.00000
0.00000
0.00000
0.00000
0.00000
0.00000
0.00000
0.00000
0.00000
0.00000
0.00000
0.00000
0.00000
0.00000
0.00000
0.00000
0.00000
0.00000
0.00000
0.00000
0.00000
0.00000
0.00000
0.00000
0.00000
0.00000
0.00000
0.00000
0.00000
0.00000
0.00000
0.00000
0.00000
0.00000
0.00000
0.00000
0.00000
0.00000
0.00000
0.00000
0.00000
0.00000
0.00000
0.00000
0.00000
0.00000
0.00000
0.00000
0.00000
0.00000
0.00000
0.00000
0.00000
0.00000
0.00000
0.00000
0.00000
0.00000
0.00000
0.00000
0.00000
0.00000
0.00000
0.00000
0.00000
0.00000
0.00000
0.00000
0.00000
0.00000
0.00000
0.00000
0.00000
0.00000
0.00000
0.00000
0.00000
0.00000
0.00000
0.00000
0.00000
0.00000
0.00000
0.00000
0.00000
0.00000
0.00000
0.00000
0.00000
0.00000
0.00000
0.00000
0.00000
0.00000
0.00000
0.00000
0.00000
0.00000
0.00000
0.00000
0.00000
0.00000
0.00000
0.00000
0.00000
0.00000
0.00000
0.00000
0.00000
0.00000
0.00000
0.00000
0.00000
0.00000
0.00000
0.00000
0.00000
0.00000
0.00000
0.00000
0.00000
0.00000
0.00000
0.00000
0.00000
0.00000
0.00000
0.00000
0.00000
0.00000
0.00000
0.00000
0.00000
0.00000
0.00000
0.00000
0.00000
0.00000
0.00000
0.00000
0.00000
0.00000
0.00000
0.00000
0.00000
0.00000
0.00000
