-0.00040
-0.00040
-0.00043
-0.00043
-0.00034
-0.00031
-0.00034
-0.00031
-0.00027
-0.00037
-0.00043
-0.00043
-0.00040
-0.00040
-0.00043
-0.00040
-0.00040
-0.00037
-0.00040
-0.00037
-0.00034
-0.00037
-0.00037
-0.00037
-0.00037
-0.00040
-0.00043
-0.00040
-0.00040
-0.00043
-0.00037
-0.00034
-0.00040
-0.00037
-0.00037
-0.00046
-0.00040
-0.00037
-0.00037
-0.00040
-0.00034
-0.00034
-0.00037
-0.00037
-0.00040
-0.00040
-0.00040
-0.00034
-0.00034
-0.00034
-0.00034
-0.00037
-0.00037
-0.00040
-0.00037
-0.00037
-0.00034
-0.00034
-0.00037
-0.00034
-0.00034
-0.00037
-0.00037
-0.00034
-0.00034
-0.00040
-0.00034
-0.00031
-0.00034
-0.00034
-0.00031
-0.00034
-0.00037
-0.00037
-0.00037
-0.00037
-0.00037
-0.00034
-0.00031
-0.00031
-0.00027
-0.00027
-0.00027
-0.00031
-0.00034
-0.00034
-0.00034
-0.00037
-0.00040
-0.00037
-0.00034
-0.00034
-0.00034
-0.00031
-0.00031
-0.00031
-0.00034
-0.00034
-0.00034
-0.00037
-0.00037
-0.00031
-0.00031
-0.00037
-0.00034
-0.00024
-0.00027
-0.00034
-0.00034
-0.00034
-0.00037
-0.00034
-0.00037
-0.00031
-0.00034
-0.00034
-0.00027
-0.00027
-0.00034
-0.00031
-0.00027
-0.00034
-0.00034
-0.00031
-0.00031
-0.00031
-0.00031
-0.00031
-0.00034
-0.00034
-0.00034
-0.00034
-0.00027
-0.00027
-0.00027
-0.00021
-0.00021
-0.00027
-0.00031
-0.00027
-0.00031
-0.00037
-0.00034
-0.00034
-0.00031
-0.00027
-0.00024
-0.00021
-0.00024
-0.00024
-0.00021
-0.00027
-0.00031
-0.00027
-0.00027
-0.00027
-0.00027
-0.00024
-0.00018
-0.00021
-0.00027
-0.00021
-0.00021
-0.00027
-0.00027
-0.00021
-0.00021
-0.00027
-0.00024
-0.00021
-0.00021
-0.00024
-0.00021
-0.00021
-0.00024
-0.00021
-0.00018
-0.00015
-0.00021
-0.00021
-0.00018
-0.00021
-0.00031
-0.00021
-0.00024
-0.00024
-0.00021
-0.00012
-0.00006
-0.00009
-0.00009
-0.00021
-0.00012
-0.00027
-0.00012
-0.00027
-0.00003
-0.00027
-0.00006
-0.00345
-0.01840
-0.01666
-0.01398
-0.00900
-0.00842
-0.01019
-0.00421
0.01343
0.02737
0.01651
0.00986
0.00113
-0.00714
-0.00244
0.00079
-0.00064
0.00040
-0.00031
-0.00232
0.00562
0.01175
0.00430
-0.00232
-0.00360
-0.00293
0.00150
0.00427
-0.00012
-0.00006
0.00269
0.00015
-0.00107
-0.00021
-0.00122
-0.00134
0.00177
0.00287
0.00357
0.00363
0.00098
0.00027
0.00168
0.00174
0.00031
-0.00037
0.00000
0.00018
-0.00009
-0.00089
-0.00034
0.00140
0.00238
0.00201
0.00095
0.00079
0.00107
0.00119
0.00061
0.00021
0.00018
-0.00009
0.00012
0.00012
-0.00009
0.00021
0.00015
0.00021
0.00003
0.00018
0.00015
0.00034
0.00055
0.00012
-0.00018
-0.00046
-0.00018
0.00000
0.00037
0.00003
-0.00037
-0.00079
-0.00076
-0.00021
-0.00061
-0.00095
-0.00110
-0.00082
-0.00024
0.00009
0.00018
0.00000
0.00000
0.00000
0.00000
0.00000
0.00000
0.00000
0.00000
0.00000
0.00000
0.00000
0.00000
0.00000
0.00000
0.00000
0.00000
0.00000
0.00000
0.00000
0.00000
0.00000
0.00000
0.00000
0.00000
0.00000
0.00000
0.00000
0.00000
0.00000
0.00000
0.00000
0.00000
0.00000
0.00000
0.00000
0.00000
0.00000
0.00000
0.00000
0.00000
0.00000
0.00000
0.00000
0.00000
0.00000
0.00000
0.00000
0.00000
0.00000
0.00000
0.00000
0.00000
0.00000
0.00000
0.00000
0.00000
0.00000
0.00000
0.00000
0.00000
0.00000
0.00000
0.00000
0.00000
0.00000
0.00000
0.00000
0.00000
0.00000
0.00000
0.00000
0.00000
0.00000
0.00000
0.00000
0.00000
0.00000
0.00000
0.00000
0.00000
0.00000
0.00000
0.00000
0.00000
0.00000
0.00000
0.00000
0.00000
0.00000
0.00000
0.00000
0.00000
0.00000
0.00000
0.00000
0.00000
0.00000
0.00000
0.00000
0.00000
0.00000
0.00000
0.00000
0.00000
0.00000
0.00000
0.00000
0.00000
0.00000
0.00000
0.00000
0.00000
0.00000
0.00000
0.00000
0.00000
0.00000
0.00000
0.00000
0.00000
0.00000
0.00000
0.00000
0.00000
0.00000
0.00000
0.00000
0.00000
0.00000
0.00000
0.00000
0.00000
0.00000
0.00000
0.00000
0.00000
0.00000
0.00000
0.00000
0.00000
0.00000
0.00000
0.00000
0.00000
0.00000
0.00000
0.00000
0.00000
0.00000
0.00000
0.00000
0.00000
0.00000
0.00000
0.00000
0.00000
0.00000
0.00000
0.00000
0.00000
0.00000
0.00000
0.00000
0.00000
0.00000
0.00000
0.00000
0.00000
0.00000
0.00000
0.00000
0.00000
0.00000
0.00000
0.00000
0.00000
0.00000
0.00000
0.00000
0.00000
0.00000
0.00000
0.00000
0.00000
0.00000
0.00000
0.00000
0.00000
0.00000
0.00000
0.00000
0.00000
0.00000
0.00000
0.00000
0.00000
0.00000
0.00000
0.00000
0.00000
0.00000
0.00000
0.00000
0.00000
0.00000
0.00000
0.00000
0.00000
0.00000
0.00000
0.00000
0.00000
0.00000
0.00000
0.00000
0.00000
0.00000
0.00000
0.00000
0.00000
0.00000
0.00000
