0.00000
-0.00006
-0.00003
0.00000
0.00000
0.00000
-0.00009
-0.00018
-0.00018
-0.00018
-0.00009
-0.00006
0.00000
0.00006
0.00000
0.00000
-0.00003
-0.00006
-0.00015
-0.00012
-0.00006
0.00000
0.00006
0.00000
-0.00006
-0.00015
-0.00015
-0.00021
-0.00018
-0.00003
0.00006
0.00006
0.00006
0.00006
-0.00003
-0.00006
-0.00012
-0.00012
-0.00012
-0.00012
-0.00006
-0.00009
-0.00003
-0.00006
-0.00009
-0.00003
-0.00006
-0.00015
-0.00003
0.00003
0.00000
0.00006
0.00000
-0.00003
-0.00015
-0.00018
-0.00015
-0.00012
-0.00003
-0.00003
0.00000
0.00000
-0.00003
-0.00009
-0.00003
-0.00015
-0.00012
-0.00003
-0.00012
0.00000
-0.00003
-0.00003
-0.00003
0.00000
0.00000
-0.00009
-0.00015
-0.00018
-0.00018
-0.00012
-0.00003
0.00000
-0.00003
0.00000
-0.00006
-0.00015
-0.00012
-0.00009
-0.00012
-0.00006
-0.00009
-0.00012
-0.00018
-0.00012
-0.00009
-0.00012
-0.00003
-0.00009
-0.00006
0.00000
-0.00006
-0.00009
-0.00009
-0.00012
-0.00003
0.00000
0.00000
-0.00012
-0.00018
-0.00021
-0.00015
-0.00018
-0.00018
-0.00009
-0.00009
-0.00003
-0.00003
0.00003
0.00000
0.00000
-0.00003
-0.00012
-0.00021
-0.00021
-0.00015
-0.00012
-0.00006
0.00000
0.00000
0.00000
-0.00009
-0.00012
-0.00015
-0.00021
-0.00027
-0.00024
-0.00006
-0.00003
-0.00003
0.00000
0.00003
-0.00003
-0.00009
-0.00012
-0.00018
-0.00018
-0.00018
-0.00012
-0.00003
-0.00006
-0.00006
0.00000
-0.00006
-0.00015
-0.00018
-0.00027
-0.00034
-0.00031
-0.00027
-0.00015
0.00000
0.00003
0.00000
0.00000
-0.00009
-0.00018
-0.00021
-0.00021
-0.00018
-0.00012
-0.00018
-0.00009
-0.00009
-0.00006
-0.00015
-0.00015
-0.00015
-0.00021
-0.00018
-0.00009
-0.00012
-0.00003
-0.00027
0.00000
-0.00049
0.00037
-0.00104
0.00064
-0.00156
0.00150
-0.00223
0.00256
-0.02832
-0.08722
-0.04474
-0.05856
0.02844
0.09158
0.08713
0.03708
0.00363
0.01880
-0.02283
-0.03064
-0.03452
-0.00839
0.01086
0.01147
-0.00299
0.01172
0.00540
-0.00983
0.00204
0.01508
0.00116
-0.00458
0.00159
0.00070
0.00104
0.00275
-0.00134
-0.00348
0.00125
-0.00565
-0.00418
0.00098
0.00275
-0.00223
0.00348
0.00684
0.00433
0.00360
0.00574
0.00223
-0.00259
-0.00211
-0.00085
0.00018
-0.00009
0.00092
-0.00076
-0.00070
-0.00003
0.00076
0.00171
0.00412
0.00287
0.00146
0.00226
0.00235
-0.00055
-0.00220
0.00003
0.00003
-0.00186
-0.00089
0.00031
-0.00079
-0.00052
-0.00031
0.00027
0.00034
0.00079
0.00098
0.00113
0.00198
0.00006
-0.00089
-0.00073
-0.00140
-0.00208
-0.00125
-0.00095
-0.00049
-0.00122
-0.00095
0.00015
0.00000
0.00000
0.00049
0.00107
0.00043
-0.00037
0.00027
-0.00183
-0.00137
-0.00156
-0.00122
-0.00064
-0.00137
-0.00156
-0.00201
-0.00165
-0.00186
-0.00113
0.00076
0.00085
0.00034
0.00049
0.00113
0.00104
0.00003
-0.00024
-0.00037
-0.00107
-0.00186
-0.00247
-0.00226
-0.00198
-0.00137
-0.00064
-0.00040
-0.00034
-0.00034
-0.00027
-0.00006
-0.00006
-0.00003
-0.00012
-0.00064
-0.00137
-0.00189
-0.00162
-0.00110
-0.00055
-0.00015
-0.00040
-0.00079
-0.00107
-0.00082
-0.00037
-0.00034
-0.00006
0.00003
0.00021
0.00024
0.00021
0.00024
0.00000
-0.00018
-0.00012
-0.00009
-0.00043
-0.00089
-0.00098
-0.00070
-0.00046
-0.00034
-0.00034
-0.00021
-0.00027
-0.00031
-0.00012
-0.00003
0.00003
0.00012
0.00021
0.00018
0.00003
-0.00009
-0.00040
0.00000
0.00000
0.00000
0.00000
0.00000
0.00000
0.00000
0.00000
0.00000
0.00000
0.00000
0.00000
0.00000
0.00000
0.00000
0.00000
0.00000
0.00000
0.00000
0.00000
0.00000
0.00000
0.00000
0.00000
0.00000
0.00000
0.00000
0.00000
0.00000
0.00000
0.00000
0.00000
0.00000
0.00000
0.00000
0.00000
0.00000
0.00000
0.00000
0.00000
0.00000
0.00000
0.00000
0.00000
0.00000
0.00000
0.00000
0.00000
0.00000
0.00000
0.00000
0.00000
0.00000
0.00000
0.00000
0.00000
0.00000
0.00000
0.00000
0.00000
0.00000
0.00000
0.00000
0.00000
0.00000
0.00000
0.00000
0.00000
0.00000
0.00000
0.00000
0.00000
0.00000
0.00000
0.00000
0.00000
0.00000
0.00000
0.00000
0.00000
0.00000
0.00000
0.00000
0.00000
0.00000
0.00000
0.00000
0.00000
0.00000
0.00000
0.00000
0.00000
0.00000
0.00000
0.00000
0.00000
0.00000
0.00000
0.00000
0.00000
0.00000
0.00000
0.00000
0.00000
0.00000
0.00000
0.00000
0.00000
0.00000
0.00000
0.00000
0.00000
0.00000
0.00000
0.00000
0.00000
0.00000
0.00000
0.00000
0.00000
0.00000
0.00000
0.00000
0.00000
0.00000
0.00000
0.00000
0.00000
0.00000
0.00000
0.00000
0.00000
0.00000
0.00000
0.00000
0.00000
0.00000
0.00000
0.00000
0.00000
0.00000
0.00000
0.00000
0.00000
0.00000
0.00000
0.00000
0.00000
0.00000
0.00000
0.00000
