-0.00003
-0.00012
-0.00015
-0.00009
-0.00021
-0.00024
-0.00015
-0.00015
-0.00018
-0.00012
-0.00006
-0.00009
-0.00009
-0.00012
-0.00015
-0.00015
-0.00021
-0.00021
-0.00015
-0.00012
-0.00009
-0.00009
-0.00018
-0.00021
-0.00024
-0.00021
-0.00018
-0.00015
-0.00015
-0.00018
-0.00012
-0.00015
-0.00021
-0.00021
-0.00027
-0.00031
-0.00034
-0.00024
-0.00024
-0.00027
-0.00027
-0.00021
-0.00018
-0.00018
-0.00021
-0.00018
-0.00021
-0.00027
-0.00024
-0.00024
-0.00031
-0.00024
-0.00018
-0.00027
-0.00037
-0.00031
-0.00027
-0.00021
-0.00018
-0.00009
-0.00031
-0.00031
-0.00021
-0.00037
-0.00021
-0.00027
-0.00027
-0.00031
-0.00015
-0.00018
-0.00024
-0.00021
-0.00027
-0.00031
-0.00031
-0.00031
-0.00031
-0.00027
-0.00021
-0.00018
-0.00024
-0.00018
-0.00015
-0.00024
-0.00024
-0.00031
-0.00031
-0.00031
-0.00021
-0.00021
-0.00031
-0.00031
-0.00027
-0.00024
-0.00021
-0.00031
-0.00037
-0.00037
-0.00034
-0.00034
-0.00037
-0.00027
-0.00027
-0.00027
-0.00024
-0.00024
-0.00037
-0.00037
-0.00024
-0.00031
-0.00031
-0.00034
-0.00034
-0.00034
-0.00027
-0.00018
-0.00018
-0.00024
-0.00027
-0.00027
-0.00031
-0.00031
-0.00027
-0.00031
-0.00034
-0.00037
-0.00043
-0.00049
-0.00040
-0.00034
-0.00031
-0.00021
-0.00021
-0.00031
-0.00037
-0.00037
-0.00040
-0.00037
-0.00024
-0.00027
-0.00034
-0.00037
-0.00037
-0.00043
-0.00027
-0.00024
-0.00027
-0.00024
-0.00037
-0.00040
-0.00043
-0.00037
-0.00040
-0.00031
-0.00021
-0.00027
-0.00027
-0.00034
-0.00040
-0.00046
-0.00040
-0.00034
-0.00034
-0.00021
-0.00027
-0.00034
-0.00027
-0.00037
-0.00040
-0.00043
-0.00043
-0.00040
-0.00027
-0.00024
-0.00027
-0.00034
-0.00027
-0.00052
0.00000
-0.00104
0.00058
-0.00208
0.00186
-0.00363
0.00424
-0.00681
0.00729
-0.08435
-0.17523
-0.05618
-0.02017
0.12537
0.16269
0.11029
0.02933
0.00598
-0.00412
-0.07590
-0.06479
-0.04507
-0.00082
0.03589
0.02823
0.00470
0.01596
0.00119
-0.01639
0.00946
0.02084
-0.01773
-0.00854
0.00830
0.00778
0.00504
0.00592
-0.00403
-0.00565
-0.00143
-0.01212
-0.00629
0.00333
0.00531
-0.00046
0.00699
0.00806
0.00366
0.00247
0.00580
-0.00162
-0.00668
-0.00641
-0.00339
-0.00235
0.00046
0.00235
-0.00067
-0.00162
0.00095
0.00299
0.00467
0.00778
0.00363
-0.00018
0.00021
-0.00034
-0.00363
-0.00293
-0.00012
-0.00159
-0.00250
-0.00064
-0.00046
-0.00137
0.00006
0.00012
0.00122
0.00006
0.00024
-0.00006
0.00021
0.00137
0.00021
-0.00043
-0.00113
-0.00287
-0.00296
-0.00195
-0.00018
-0.00119
-0.00259
-0.00156
-0.00159
0.00018
0.00049
0.00058
0.00006
-0.00021
-0.00046
0.00018
-0.00012
-0.00061
-0.00137
-0.00156
-0.00177
-0.00397
-0.00424
-0.00311
-0.00223
-0.00082
0.00015
0.00241
0.00208
0.00110
0.00061
0.00024
-0.00015
-0.00070
0.00006
-0.00027
-0.00195
-0.00323
-0.00345
-0.00287
-0.00226
-0.00125
-0.00049
-0.00031
-0.00015
0.00006
0.00024
0.00000
-0.00046
-0.00064
-0.00119
-0.00189
-0.00211
-0.00165
-0.00095
-0.00061
-0.00040
-0.00034
-0.00076
-0.00116
-0.00150
-0.00119
-0.00064
-0.00037
0.00015
0.00034
0.00052
0.00058
0.00076
0.00101
0.00052
-0.00024
-0.00110
-0.00137
-0.00113
-0.00122
-0.00116
-0.00079
-0.00061
-0.00043
-0.00012
0.00021
-0.00006
-0.00027
0.00003
0.00027
0.00046
0.00040
0.00021
0.00000
-0.00049
-0.00073
-0.00092
-0.00110
-0.00122
-0.00134
-0.00092
-0.00046
-0.00049
-0.00043
0.00000
0.00098
0.00092
0.00076
0.00058
0.00015
0.00079
0.00061
0.00082
0.00104
0.00168
0.00278
0.00201
0.00067
-0.00021
-0.00098
-0.00064
-0.00064
-0.00079
-0.00064
0.00003
0.00110
0.00107
0.00107
0.00037
-0.00092
-0.00134
-0.00031
0.00101
0.00134
0.00217
0.00195
0.00018
-0.00098
-0.00146
-0.00143
-0.00107
-0.00024
0.00064
0.00110
0.00165
0.00119
-0.00018
-0.00089
-0.00183
-0.00229
-0.00220
-0.00134
-0.00146
-0.00180
0.00064
0.00333
0.00372
0.00278
0.00229
0.00107
0.00003
0.00095
0.00198
0.00064
-0.00070
-0.00015
-0.00046
-0.00085
-0.00143
-0.00171
-0.00140
-0.00027
0.00034
-0.00003
-0.00006
-0.00095
-0.00064
0.00046
0.00067
0.00073
0.00043
0.00034
0.00092
0.00085
0.00000
-0.00052
-0.00037
-0.00027
-0.00089
0.00003
0.00095
0.00018
0.00000
0.00000
0.00000
0.00000
0.00000
0.00000
0.00000
0.00000
0.00000
0.00000
0.00000
0.00000
0.00000
0.00000
0.00000
0.00000
0.00000
0.00000
0.00000
0.00000
0.00000
0.00000
0.00000
0.00000
0.00000
0.00000
0.00000
0.00000
0.00000
0.00000
0.00000
0.00000
0.00000
0.00000
0.00000
0.00000
0.00000
0.00000
0.00000
0.00000
0.00000
0.00000
0.00000
0.00000
0.00000
0.00000
0.00000
0.00000
0.00000
0.00000
0.00000
0.00000
0.00000
0.00000
0.00000
0.00000
0.00000
0.00000
0.00000
0.00000
0.00000
