-0.00024
-0.00021
-0.00015
-0.00018
-0.00015
-0.00015
-0.00015
-0.00015
-0.00018
-0.00021
-0.00018
-0.00021
-0.00018
-0.00018
-0.00021
-0.00021
-0.00024
-0.00024
-0.00024
-0.00024
-0.00018
-0.00012
-0.00012
-0.00015
-0.00021
-0.00021
-0.00024
-0.00021
-0.00018
-0.00018
-0.00015
-0.00012
-0.00018
-0.00024
-0.00024
-0.00021
-0.00021
-0.00015
-0.00015
-0.00021
-0.00024
-0.00021
-0.00015
-0.00015
-0.00015
-0.00012
-0.00018
-0.00027
-0.00027
-0.00024
-0.00024
-0.00018
-0.00006
-0.00009
-0.00018
-0.00018
-0.00018
-0.00024
-0.00021
-0.00012
-0.00015
-0.00015
-0.00018
-0.00021
-0.00024
-0.00021
-0.00021
-0.00021
-0.00015
-0.00012
-0.00015
-0.00012
-0.00009
-0.00012
-0.00018
-0.00024
-0.00027
-0.00027
-0.00024
-0.00024
-0.00018
-0.00015
-0.00015
-0.00018
-0.00018
-0.00018
-0.00018
-0.00015
-0.00015
-0.00021
-0.00021
-0.00021
-0.00018
-0.00021
-0.00015
-0.00012
-0.00018
-0.00021
-0.00021
-0.00021
-0.00021
-0.00018
-0.00015
-0.00015
-0.00015
-0.00018
-0.00018
-0.00021
-0.00024
-0.00021
-0.00018
-0.00015
-0.00015
-0.00012
-0.00009
-0.00012
-0.00018
-0.00015
-0.00015
-0.00018
-0.00018
-0.00018
-0.00018
-0.00021
-0.00024
-0.00027
-0.00027
-0.00021
-0.00015
-0.00003
-0.00003
-0.00012
-0.00015
-0.00018
-0.00027
-0.00024
-0.00021
-0.00024
-0.00021
-0.00015
-0.00015
-0.00018
-0.00018
-0.00021
-0.00018
-0.00015
-0.00018
-0.00021
-0.00018
-0.00015
-0.00018
-0.00015
-0.00018
-0.00018
-0.00015
-0.00012
-0.00015
-0.00018
-0.00018
-0.00021
-0.00021
-0.00018
-0.00012
-0.00009
-0.00009
-0.00015
-0.00021
-0.00024
-0.00024
-0.00024
-0.00021
-0.00018
-0.00015
-0.00018
-0.00021
-0.00012
-0.00015
-0.00018
-0.00018
-0.00018
-0.00027
-0.00031
-0.00021
-0.00015
-0.00024
-0.00015
-0.00018
-0.00018
-0.00024
-0.00024
-0.00015
-0.00012
-0.00009
-0.00027
-0.00006
-0.00015
0.00000
-0.00034
0.00003
-0.00055
-0.00015
-0.00797
-0.02167
-0.01926
-0.01929
-0.01529
-0.00446
0.00928
0.01721
0.01666
0.01678
0.00970
0.00156
-0.00424
-0.00662
-0.00217
0.00140
-0.00043
0.00073
0.00333
0.00000
-0.00128
-0.00006
-0.00009
0.00015
0.00076
0.00235
0.00397
0.00519
0.00351
0.00180
0.00159
0.00085
-0.00009
-0.00015
0.00064
0.00058
0.00037
0.00150
0.00241
0.00211
0.00183
0.00180
0.00134
0.00055
0.00067
0.00031
-0.00012
0.00024
0.00003
-0.00037
0.00000
0.00000
0.00000
0.00095
0.00198
0.00198
0.00189
0.00180
0.00125
0.00049
0.00003
0.00000
0.00012
0.00021
0.00003
-0.00015
-0.00052
-0.00092
-0.00104
-0.00021
0.00070
0.00049
0.00085
0.00101
0.00061
0.00046
-0.00009
-0.00070
-0.00107
-0.00055
-0.00055
-0.00055
-0.00037
-0.00040
-0.00031
-0.00034
-0.00067
-0.00101
-0.00052
-0.00034
-0.00046
-0.00043
-0.00052
-0.00061
-0.00058
-0.00052
-0.00058
-0.00049
-0.00067
-0.00098
-0.00113
-0.00122
-0.00131
-0.00101
-0.00067
-0.00052
-0.00058
-0.00034
0.00003
0.00003
0.00006
-0.00003
-0.00031
-0.00073
-0.00098
-0.00107
-0.00125
-0.00125
-0.00116
-0.00101
-0.00085
-0.00067
-0.00052
-0.00027
-0.00021
-0.00031
-0.00043
-0.00061
-0.00104
-0.00113
-0.00089
-0.00073
-0.00076
-0.00089
-0.00085
-0.00082
-0.00076
-0.00076
-0.00076
-0.00082
-0.00073
-0.00055
-0.00037
-0.00031
-0.00027
-0.00006
0.00003
0.00000
-0.00012
-0.00012
-0.00012
0.00000
0.00000
0.00000
0.00000
0.00000
0.00000
0.00000
0.00000
0.00000
0.00000
0.00000
0.00000
0.00000
0.00000
0.00000
0.00000
0.00000
0.00000
0.00000
0.00000
0.00000
0.00000
0.00000
0.00000
0.00000
0.00000
0.00000
0.00000
0.00000
0.00000
0.00000
0.00000
0.00000
0.00000
0.00000
0.00000
0.00000
0.00000
0.00000
0.00000
0.00000
0.00000
0.00000
0.00000
0.00000
0.00000
0.00000
0.00000
0.00000
0.00000
0.00000
0.00000
0.00000
0.00000
0.00000
0.00000
0.00000
0.00000
0.00000
0.00000
0.00000
0.00000
0.00000
0.00000
0.00000
0.00000
0.00000
0.00000
0.00000
0.00000
0.00000
0.00000
0.00000
0.00000
0.00000
0.00000
0.00000
0.00000
0.00000
0.00000
0.00000
0.00000
0.00000
0.00000
0.00000
0.00000
0.00000
0.00000
0.00000
0.00000
0.00000
0.00000
0.00000
0.00000
0.00000
0.00000
0.00000
0.00000
0.00000
0.00000
0.00000
0.00000
0.00000
0.00000
0.00000
0.00000
0.00000
0.00000
0.00000
0.00000
0.00000
0.00000
0.00000
0.00000
0.00000
0.00000
0.00000
0.00000
0.00000
0.00000
0.00000
0.00000
0.00000
0.00000
0.00000
0.00000
0.00000
0.00000
0.00000
0.00000
0.00000
0.00000
0.00000
0.00000
0.00000
0.00000
0.00000
0.00000
0.00000
0.00000
0.00000
0.00000
0.00000
0.00000
0.00000
0.00000
0.00000
0.00000
0.00000
0.00000
0.00000
0.00000
0.00000
0.00000
0.00000
0.00000
0.00000
0.00000
0.00000
0.00000
