-0.00027
-0.00031
-0.00034
-0.00037
-0.00034
-0.00037
-0.00034
-0.00031
-0.00027
-0.00024
-0.00021
-0.00027
-0.00031
-0.00031
-0.00037
-0.00034
-0.00034
-0.00031
-0.00027
-0.00024
-0.00018
-0.00024
-0.00031
-0.00037
-0.00034
-0.00040
-0.00037
-0.00031
-0.00027
-0.00024
-0.00021
-0.00021
-0.00031
-0.00031
-0.00027
-0.00031
-0.00034
-0.00027
-0.00021
-0.00021
-0.00021
-0.00024
-0.00027
-0.00034
-0.00027
-0.00027
-0.00021
-0.00018
-0.00018
-0.00015
-0.00018
-0.00018
-0.00027
-0.00037
-0.00031
-0.00027
-0.00027
-0.00027
-0.00021
-0.00018
-0.00012
-0.00018
-0.00012
-0.00021
-0.00034
-0.00024
-0.00027
-0.00009
-0.00015
-0.00015
-0.00027
-0.00031
-0.00018
-0.00015
-0.00015
-0.00015
-0.00012
-0.00018
-0.00018
-0.00015
-0.00018
-0.00024
-0.00015
-0.00018
-0.00018
-0.00006
-0.00015
-0.00015
-0.00015
-0.00018
-0.00024
-0.00012
0.00000
-0.00006
-0.00006
-0.00006
-0.00012
-0.00015
-0.00015
-0.00015
-0.00009
-0.00012
-0.00006
-0.00009
-0.00009
-0.00018
-0.00012
-0.00006
-0.00003
-0.00009
-0.00015
-0.00006
-0.00012
-0.00012
-0.00009
-0.00009
-0.00015
-0.00015
-0.00003
0.00000
-0.00003
-0.00006
-0.00012
-0.00012
-0.00009
-0.00009
-0.00006
0.00000
-0.00006
-0.00006
-0.00006
-0.00009
-0.00012
-0.00012
-0.00006
-0.00006
0.00000
0.00000
0.00000
-0.00003
-0.00003
-0.00003
-0.00006
-0.00003
-0.00003
0.00000
-0.00003
-0.00006
-0.00006
-0.00003
0.00000
0.00000
0.00000
-0.00003
0.00000
0.00000
-0.00003
0.00000
-0.00003
0.00000
0.00000
0.00000
0.00000
0.00000
0.00003
0.00000
0.00000
0.00003
0.00003
0.00003
-0.00003
-0.00003
-0.00003
-0.00003
0.00003
0.00012
0.00012
0.00009
0.00000
0.00009
-0.00009
0.00024
-0.00031
0.00058
-0.00076
0.00082
-0.00128
0.00131
-0.00134
0.00165
-0.02414
-0.10519
-0.05267
-0.06342
0.02902
0.11484
0.09827
0.04773
-0.00381
0.01593
-0.02298
-0.03885
-0.03586
-0.01083
0.01413
0.01941
-0.00549
0.01169
0.00574
-0.01178
0.00107
0.01743
0.00266
-0.00522
0.00296
0.00241
0.00186
0.00238
-0.00183
-0.00519
0.00351
-0.00400
-0.00421
0.00125
0.00296
-0.00330
0.00168
0.00571
0.00293
0.00296
0.00717
0.00510
-0.00049
-0.00192
-0.00241
-0.00067
0.00021
0.00226
0.00009
-0.00113
-0.00119
0.00061
0.00302
0.00699
0.00461
0.00043
0.00101
0.00122
-0.00064
-0.00119
0.00073
0.00012
-0.00174
-0.00040
0.00018
-0.00052
-0.00003
-0.00003
0.00095
0.00009
0.00003
0.00070
0.00101
0.00244
0.00134
0.00046
0.00015
-0.00125
-0.00253
-0.00198
-0.00076
-0.00024
-0.00165
0.00015
-0.00113
-0.00012
0.00125
0.00082
0.00131
0.00098
-0.00006
-0.00049
0.00000
-0.00067
-0.00174
-0.00098
-0.00092
-0.00171
-0.00177
-0.00143
-0.00156
-0.00140
-0.00085
0.00024
0.00165
0.00143
0.00064
0.00101
0.00104
0.00049
0.00052
0.00021
-0.00116
-0.00192
-0.00195
-0.00220
-0.00229
-0.00174
-0.00073
-0.00021
0.00012
0.00031
0.00018
0.00037
0.00000
-0.00012
-0.00027
-0.00070
-0.00092
-0.00095
-0.00064
-0.00089
-0.00092
-0.00040
-0.00021
-0.00037
-0.00073
-0.00076
-0.00046
-0.00034
0.00000
0.00024
0.00046
0.00055
0.00064
0.00104
0.00079
0.00018
-0.00046
-0.00061
-0.00034
-0.00031
-0.00043
-0.00055
-0.00070
-0.00070
-0.00027
0.00040
0.00043
0.00000
0.00000
0.00009
0.00024
0.00046
0.00043
0.00034
0.00003
-0.00015
-0.00024
-0.00064
-0.00095
-0.00128
-0.00116
-0.00092
-0.00052
0.00009
0.00101
0.00131
0.00101
0.00061
0.00052
0.00107
0.00092
0.00070
0.00073
0.00150
0.00259
0.00235
0.00168
0.00101
0.00009
-0.00027
-0.00082
-0.00110
-0.00113
-0.00073
-0.00003
0.00015
0.00055
0.00073
0.00031
0.00018
0.00043
0.00031
0.00015
0.00012
0.00015
0.00003
0.00000
0.00000
0.00000
0.00000
0.00000
0.00000
0.00000
0.00000
0.00000
0.00000
0.00000
0.00000
0.00000
0.00000
0.00000
0.00000
0.00000
0.00000
0.00000
0.00000
0.00000
0.00000
0.00000
0.00000
0.00000
0.00000
0.00000
0.00000
0.00000
0.00000
0.00000
0.00000
0.00000
0.00000
0.00000
0.00000
0.00000
0.00000
0.00000
0.00000
0.00000
0.00000
0.00000
0.00000
0.00000
0.00000
0.00000
0.00000
0.00000
0.00000
0.00000
0.00000
0.00000
0.00000
0.00000
0.00000
0.00000
0.00000
0.00000
0.00000
0.00000
0.00000
0.00000
0.00000
0.00000
0.00000
0.00000
0.00000
0.00000
0.00000
0.00000
0.00000
0.00000
0.00000
0.00000
0.00000
0.00000
0.00000
0.00000
0.00000
0.00000
0.00000
0.00000
0.00000
0.00000
0.00000
0.00000
0.00000
0.00000
0.00000
0.00000
0.00000
0.00000
0.00000
0.00000
0.00000
0.00000
0.00000
0.00000
0.00000
0.00000
0.00000
0.00000
0.00000
0.00000
0.00000
0.00000
0.00000
0.00000
0.00000
0.00000
0.00000
0.00000
0.00000
