-0.00046
-0.00046
-0.00040
-0.00034
-0.00031
-0.00031
-0.00027
-0.00021
-0.00024
-0.00021
-0.00012
-0.00006
-0.00018
-0.00018
-0.00027
-0.00031
-0.00027
-0.00031
-0.00034
-0.00034
-0.00034
-0.00037
-0.00034
-0.00034
-0.00027
-0.00018
-0.00018
-0.00021
-0.00027
-0.00031
-0.00040
-0.00037
-0.00024
-0.00027
-0.00021
-0.00018
-0.00021
-0.00024
-0.00034
-0.00037
-0.00037
-0.00037
-0.00031
-0.00027
-0.00024
-0.00021
-0.00027
-0.00024
-0.00018
-0.00024
-0.00034
-0.00031
-0.00034
-0.00034
-0.00037
-0.00015
-0.00018
-0.00024
0.00000
-0.00015
-0.00021
-0.00027
-0.00031
-0.00031
-0.00031
-0.00027
-0.00015
-0.00015
-0.00021
-0.00015
-0.00021
-0.00018
-0.00009
-0.00015
-0.00018
-0.00018
-0.00034
-0.00040
-0.00031
-0.00040
-0.00043
-0.00031
-0.00024
-0.00021
-0.00009
0.00006
0.00003
0.00000
0.00003
0.00000
-0.00015
-0.00024
-0.00031
-0.00031
-0.00031
-0.00034
-0.00027
-0.00015
-0.00006
0.00000
0.00000
0.00000
-0.00009
-0.00024
-0.00021
-0.00018
-0.00021
-0.00015
-0.00006
0.00000
-0.00003
-0.00006
-0.00012
-0.00018
-0.00012
-0.00012
-0.00009
-0.00006
-0.00003
-0.00006
-0.00003
-0.00006
-0.00018
-0.00018
-0.00009
-0.00015
-0.00021
-0.00015
-0.00012
-0.00012
0.00000
0.00000
-0.00012
-0.00009
-0.00003
-0.00003
0.00003
0.00000
-0.00006
-0.00015
-0.00018
-0.00015
-0.00018
-0.00006
-0.00012
-0.00009
-0.00006
-0.00012
-0.00009
0.00000
0.00000
-0.00006
0.00000
-0.00009
-0.00024
-0.00024
-0.00031
-0.00021
-0.00012
-0.00006
-0.00009
0.00000
0.00003
-0.00012
-0.00009
-0.00006
-0.00003
0.00003
0.00006
0.00000
0.00003
-0.00006
0.00003
-0.00034
0.00018
-0.00079
0.00070
-0.00116
0.00137
-0.00150
0.00189
-0.00192
0.00220
-0.04654
-0.20694
-0.06091
0.02921
0.05304
0.09677
0.09225
0.07660
0.05774
0.00565
-0.06482
-0.03836
-0.03632
-0.01630
0.01892
0.04422
-0.00735
-0.01727
0.00903
-0.00693
0.00061
0.01776
-0.01172
-0.00571
0.01532
0.01428
0.01212
0.01624
0.00040
-0.01306
-0.00388
-0.01007
-0.01520
-0.00601
0.00577
0.00037
0.00500
0.01056
0.00955
0.00549
0.00620
0.00211
-0.00482
-0.00433
-0.00516
-0.00253
0.00180
0.00217
-0.00159
-0.00262
0.00092
0.00372
0.00183
0.00479
0.00595
0.00214
0.00024
0.00189
0.00006
-0.00290
-0.00256
-0.00131
-0.00247
-0.00223
-0.00140
-0.00275
-0.00015
0.00055
0.00031
0.00143
0.00253
0.00116
-0.00021
0.00183
0.00201
-0.00015
-0.00107
-0.00156
-0.00272
-0.00217
-0.00183
-0.00079
-0.00174
-0.00156
-0.00165
-0.00021
0.00116
0.00058
0.00015
-0.00027
-0.00125
0.00058
0.00089
0.00116
-0.00012
-0.00150
-0.00192
-0.00299
-0.00433
-0.00391
-0.00278
-0.00006
0.00055
0.00174
0.00266
0.00174
0.00119
0.00125
0.00043
-0.00037
0.00000
0.00000
-0.00095
-0.00214
-0.00293
-0.00320
-0.00247
-0.00162
-0.00079
0.00012
-0.00012
-0.00018
0.00015
0.00055
0.00027
-0.00009
0.00000
-0.00058
-0.00122
-0.00168
-0.00153
-0.00067
-0.00043
-0.00043
-0.00049
-0.00070
-0.00122
-0.00137
-0.00040
0.00027
0.00049
0.00058
0.00122
0.00156
0.00150
0.00131
0.00092
0.00024
-0.00058
-0.00098
-0.00073
-0.00049
-0.00092
-0.00107
-0.00082
-0.00070
-0.00055
-0.00012
0.00024
0.00040
0.00070
0.00095
0.00098
0.00085
0.00043
0.00018
0.00015
-0.00015
-0.00061
-0.00089
-0.00079
-0.00064
-0.00040
0.00006
0.00027
0.00015
-0.00043
-0.00052
-0.00003
0.00000
0.00000
0.00000
0.00000
0.00000
0.00000
0.00000
0.00000
0.00000
0.00000
0.00000
0.00000
0.00000
0.00000
0.00000
0.00000
0.00000
0.00000
0.00000
0.00000
0.00000
0.00000
0.00000
0.00000
0.00000
0.00000
0.00000
0.00000
0.00000
0.00000
0.00000
0.00000
0.00000
0.00000
0.00000
0.00000
0.00000
0.00000
0.00000
0.00000
0.00000
0.00000
0.00000
0.00000
0.00000
0.00000
0.00000
0.00000
0.00000
0.00000
0.00000
0.00000
0.00000
0.00000
0.00000
0.00000
0.00000
0.00000
0.00000
0.00000
0.00000
0.00000
0.00000
0.00000
0.00000
0.00000
0.00000
0.00000
0.00000
0.00000
0.00000
0.00000
0.00000
0.00000
0.00000
0.00000
0.00000
0.00000
0.00000
0.00000
0.00000
0.00000
0.00000
0.00000
0.00000
0.00000
0.00000
0.00000
0.00000
0.00000
0.00000
0.00000
0.00000
0.00000
0.00000
0.00000
0.00000
0.00000
0.00000
0.00000
0.00000
0.00000
0.00000
0.00000
0.00000
0.00000
0.00000
0.00000
0.00000
0.00000
0.00000
0.00000
0.00000
0.00000
0.00000
0.00000
0.00000
0.00000
0.00000
0.00000
0.00000
0.00000
0.00000
0.00000
0.00000
0.00000
0.00000
0.00000
0.00000
0.00000
0.00000
0.00000
0.00000
0.00000
0.00000
0.00000
0.00000
0.00000
0.00000
0.00000
0.00000
0.00000
0.00000
0.00000
0.00000
0.00000
0.00000
0.00000
0.00000
0.00000
