0.00000
0.00000
0.00006
0.00012
0.00012
0.00012
0.00018
0.00024
0.00024
0.00018
0.00009
0.00000
0.00000
0.00000
0.00006
0.00015
0.00018
0.00012
0.00000
-0.00003
0.00000
0.00000
0.00012
0.00021
0.00012
0.00012
0.00021
0.00027
0.00018
0.00015
0.00012
0.00009
0.00015
0.00018
0.00006
0.00003
0.00000
-0.00003
0.00000
0.00000
0.00006
0.00006
0.00000
0.00009
0.00015
0.00015
0.00021
0.00018
0.00015
0.00015
0.00015
0.00009
0.00009
0.00012
0.00015
0.00006
0.00012
-0.00006
-0.00024
-0.00006
-0.00012
0.00000
0.00003
0.00012
0.00021
0.00024
0.00018
0.00009
0.00006
0.00000
0.00003
0.00006
0.00012
0.00018
0.00012
0.00015
0.00012
0.00000
0.00000
0.00012
0.00000
0.00000
0.00000
0.00000
-0.00003
0.00000
0.00003
0.00000
0.00000
0.00006
0.00012
0.00018
0.00012
0.00006
0.00012
0.00015
0.00012
0.00003
0.00009
0.00015
0.00009
0.00006
0.00009
0.00006
-0.00006
-0.00003
0.00000
0.00000
0.00000
0.00003
0.00000
-0.00009
0.00000
0.00000
0.00000
0.00000
-0.00006
-0.00015
-0.00009
-0.00003
-0.00009
0.00000
0.00009
0.00000
0.00000
0.00012
0.00003
0.00000
0.00000
-0.00006
-0.00015
-0.00015
-0.00012
-0.00006
0.00000
0.00000
0.00003
0.00000
-0.00009
-0.00003
-0.00012
-0.00009
0.00000
0.00000
-0.00009
-0.00006
-0.00006
-0.00009
0.00003
0.00006
0.00006
0.00000
-0.00006
-0.00003
-0.00003
-0.00009
-0.00012
-0.00012
-0.00012
-0.00009
0.00000
-0.00006
-0.00012
-0.00003
-0.00003
0.00000
0.00003
0.00000
-0.00003
-0.00006
-0.00012
-0.00003
-0.00012
-0.00003
-0.00027
0.00024
-0.00073
0.00070
-0.00116
0.00122
-0.00198
0.00180
-0.00269
0.00281
-0.05109
-0.20361
-0.07993
0.01822
0.07614
0.12610
0.11612
0.06915
0.03342
0.00018
-0.06967
-0.04980
-0.04257
-0.01453
0.02744
0.03949
-0.00620
-0.01770
0.00491
-0.00623
0.00385
0.03107
-0.00082
-0.00397
0.00797
0.00388
0.00497
0.00903
-0.00150
-0.01224
-0.00232
-0.00717
-0.01144
-0.00339
0.00693
0.00140
0.00497
0.00894
0.00809
0.00522
0.00446
0.00140
-0.00555
-0.00641
-0.00430
-0.00299
0.00125
0.00229
-0.00089
-0.00201
0.00000
0.00345
0.00208
0.00568
0.00562
0.00119
-0.00058
0.00040
-0.00061
-0.00323
-0.00262
-0.00095
-0.00214
-0.00275
-0.00183
-0.00238
-0.00012
0.00092
0.00092
0.00119
0.00208
0.00089
-0.00058
0.00085
0.00092
-0.00104
-0.00208
-0.00214
-0.00275
-0.00238
-0.00168
-0.00095
-0.00211
-0.00204
-0.00223
-0.00061
0.00058
0.00021
0.00006
-0.00037
-0.00113
0.00015
0.00027
0.00055
-0.00085
-0.00201
-0.00247
-0.00339
-0.00510
-0.00488
-0.00308
-0.00058
0.00073
0.00201
0.00269
0.00156
0.00052
0.00018
-0.00052
-0.00110
-0.00055
-0.00052
-0.00156
-0.00272
-0.00348
-0.00345
-0.00281
-0.00192
-0.00082
0.00000
-0.00034
-0.00046
-0.00015
0.00015
-0.00024
-0.00076
-0.00095
-0.00150
-0.00201
-0.00226
-0.00174
-0.00092
-0.00061
-0.00058
-0.00076
-0.00119
-0.00186
-0.00180
-0.00082
-0.00006
0.00015
-0.00003
0.00040
0.00070
0.00058
0.00061
0.00049
0.00000
-0.00079
-0.00113
-0.00110
-0.00116
-0.00153
-0.00174
-0.00140
-0.00107
-0.00085
-0.00037
-0.00006
0.00000
0.00006
0.00024
0.00034
0.00027
0.00009
-0.00009
-0.00034
-0.00073
-0.00128
-0.00153
-0.00128
-0.00116
-0.00104
-0.00067
-0.00027
-0.00049
-0.00107
-0.00076
-0.00031
0.00067
0.00067
0.00031
-0.00015
0.00006
0.00104
0.00076
0.00076
0.00024
0.00034
0.00107
0.00082
0.00085
0.00125
0.00034
0.00024
0.00003
0.00000
0.00000
0.00000
0.00000
0.00000
0.00000
0.00000
0.00000
0.00000
0.00000
0.00000
0.00000
0.00000
0.00000
0.00000
0.00000
0.00000
0.00000
0.00000
0.00000
0.00000
0.00000
0.00000
0.00000
0.00000
0.00000
0.00000
0.00000
0.00000
0.00000
0.00000
0.00000
0.00000
0.00000
0.00000
0.00000
0.00000
0.00000
0.00000
0.00000
0.00000
0.00000
0.00000
0.00000
0.00000
0.00000
0.00000
0.00000
0.00000
0.00000
0.00000
0.00000
0.00000
0.00000
0.00000
0.00000
0.00000
0.00000
0.00000
0.00000
0.00000
0.00000
0.00000
0.00000
0.00000
0.00000
0.00000
0.00000
0.00000
0.00000
0.00000
0.00000
0.00000
0.00000
0.00000
0.00000
0.00000
0.00000
0.00000
0.00000
0.00000
0.00000
0.00000
0.00000
0.00000
0.00000
0.00000
0.00000
0.00000
0.00000
0.00000
0.00000
0.00000
0.00000
0.00000
0.00000
0.00000
0.00000
0.00000
0.00000
0.00000
0.00000
0.00000
0.00000
0.00000
0.00000
0.00000
0.00000
0.00000
0.00000
0.00000
0.00000
0.00000
0.00000
0.00000
0.00000
0.00000
0.00000
0.00000
0.00000
0.00000
0.00000
0.00000
0.00000
0.00000
0.00000
0.00000
0.00000
0.00000
0.00000
0.00000
0.00000
