-0.00012
-0.00015
-0.00015
-0.00015
-0.00009
-0.00009
-0.00012
-0.00009
-0.00006
-0.00012
-0.00018
-0.00018
-0.00015
-0.00012
-0.00012
-0.00009
-0.00009
-0.00012
-0.00018
-0.00021
-0.00015
-0.00012
-0.00015
-0.00009
-0.00009
-0.00015
-0.00015
-0.00009
-0.00012
-0.00015
-0.00009
-0.00012
-0.00015
-0.00009
-0.00012
-0.00015
-0.00015
-0.00009
-0.00009
-0.00009
-0.00006
-0.00012
-0.00015
-0.00015
-0.00015
-0.00015
-0.00012
-0.00012
-0.00012
-0.00012
-0.00015
-0.00009
-0.00009
-0.00009
-0.00012
-0.00012
-0.00009
-0.00012
-0.00009
-0.00012
-0.00009
-0.00009
-0.00009
-0.00009
-0.00015
-0.00015
-0.00015
-0.00015
-0.00015
-0.00012
-0.00012
-0.00012
-0.00009
-0.00012
-0.00018
-0.00018
-0.00015
-0.00012
-0.00009
-0.00009
-0.00006
-0.00006
-0.00006
-0.00012
-0.00018
-0.00024
-0.00021
-0.00015
-0.00015
-0.00012
-0.00012
-0.00012
-0.00012
-0.00012
-0.00009
-0.00009
-0.00015
-0.00015
-0.00015
-0.00018
-0.00018
-0.00015
-0.00009
-0.00009
-0.00009
-0.00009
-0.00012
-0.00015
-0.00018
-0.00018
-0.00018
-0.00015
-0.00009
-0.00006
-0.00009
-0.00009
-0.00012
-0.00015
-0.00015
-0.00015
-0.00015
-0.00018
-0.00015
-0.00006
-0.00009
-0.00015
-0.00015
-0.00018
-0.00015
-0.00009
-0.00012
-0.00012
-0.00012
-0.00012
-0.00012
-0.00012
-0.00009
-0.00009
-0.00009
-0.00012
-0.00009
-0.00012
-0.00015
-0.00015
-0.00012
-0.00009
-0.00012
-0.00012
-0.00018
-0.00018
-0.00018
-0.00018
-0.00015
-0.00012
-0.00012
-0.00012
-0.00012
-0.00015
-0.00012
-0.00006
-0.00009
-0.00012
-0.00015
-0.00015
-0.00018
-0.00012
-0.00012
-0.00012
-0.00012
-0.00012
-0.00021
-0.00024
-0.00021
-0.00018
-0.00015
-0.00012
-0.00009
-0.00012
-0.00012
-0.00006
-0.00012
-0.00018
-0.00031
-0.00024
-0.00015
-0.00021
-0.00021
-0.00015
-0.00006
-0.00012
-0.00015
-0.00012
-0.00018
-0.00027
-0.00024
-0.00037
0.00000
-0.00046
0.00034
-0.00070
-0.00073
-0.02100
-0.02933
-0.02744
-0.02307
0.00864
0.02811
0.02991
0.01382
0.01157
0.00601
-0.00330
-0.01086
-0.01651
-0.01080
-0.00244
-0.00290
-0.00235
0.00583
0.00723
0.00714
0.01031
0.00882
0.00165
0.00018
-0.00058
-0.00110
0.00049
0.00104
-0.00043
0.00174
0.00229
-0.00049
-0.00018
0.00095
0.00024
0.00018
0.00198
0.00159
0.00153
0.00284
0.00375
0.00214
0.00058
-0.00031
-0.00116
-0.00131
0.00031
0.00031
0.00015
0.00046
0.00046
0.00000
0.00156
0.00238
0.00125
0.00156
0.00162
0.00116
0.00018
-0.00021
-0.00027
-0.00055
-0.00031
-0.00015
0.00000
0.00012
-0.00003
0.00021
0.00085
0.00037
0.00009
-0.00031
-0.00073
0.00076
0.00034
-0.00003
0.00092
-0.00037
-0.00092
-0.00034
-0.00021
-0.00165
-0.00125
-0.00082
-0.00140
-0.00043
0.00000
0.00006
0.00055
0.00006
-0.00070
-0.00061
-0.00037
-0.00076
-0.00076
-0.00034
-0.00107
-0.00140
-0.00137
-0.00180
-0.00143
-0.00098
-0.00049
0.00003
0.00012
0.00009
-0.00031
-0.00021
-0.00027
-0.00034
-0.00006
0.00000
0.00000
0.00000
0.00000
0.00000
0.00000
0.00000
0.00000
0.00000
0.00000
0.00000
0.00000
0.00000
0.00000
0.00000
0.00000
0.00000
0.00000
0.00000
0.00000
0.00000
0.00000
0.00000
0.00000
0.00000
0.00000
0.00000
0.00000
0.00000
0.00000
0.00000
0.00000
0.00000
0.00000
0.00000
0.00000
0.00000
0.00000
0.00000
0.00000
0.00000
0.00000
0.00000
0.00000
0.00000
0.00000
0.00000
0.00000
0.00000
0.00000
0.00000
0.00000
0.00000
0.00000
0.00000
0.00000
0.00000
0.00000
0.00000
0.00000
0.00000
0.00000
0.00000
0.00000
0.00000
0.00000
0.00000
0.00000
0.00000
0.00000
0.00000
0.00000
0.00000
0.00000
0.00000
0.00000
0.00000
0.00000
0.00000
0.00000
0.00000
0.00000
0.00000
0.00000
0.00000
0.00000
0.00000
0.00000
0.00000
0.00000
0.00000
0.00000
0.00000
0.00000
0.00000
0.00000
0.00000
0.00000
0.00000
0.00000
0.00000
0.00000
0.00000
0.00000
0.00000
0.00000
0.00000
0.00000
0.00000
0.00000
0.00000
0.00000
0.00000
0.00000
0.00000
0.00000
0.00000
0.00000
0.00000
0.00000
0.00000
0.00000
0.00000
0.00000
0.00000
0.00000
0.00000
0.00000
0.00000
0.00000
0.00000
0.00000
0.00000
0.00000
0.00000
0.00000
0.00000
0.00000
0.00000
0.00000
0.00000
0.00000
0.00000
0.00000
0.00000
0.00000
0.00000
0.00000
0.00000
0.00000
0.00000
0.00000
0.00000
0.00000
0.00000
0.00000
0.00000
0.00000
0.00000
0.00000
0.00000
0.00000
0.00000
0.00000
0.00000
0.00000
0.00000
0.00000
0.00000
0.00000
0.00000
0.00000
0.00000
0.00000
0.00000
0.00000
0.00000
0.00000
0.00000
0.00000
0.00000
0.00000
0.00000
0.00000
0.00000
0.00000
0.00000
0.00000
0.00000
0.00000
0.00000
0.00000
0.00000
0.00000
0.00000
0.00000
0.00000
0.00000
0.00000
0.00000
