-0.00031
-0.00034
-0.00027
-0.00031
-0.00037
-0.00031
-0.00021
-0.00015
-0.00009
-0.00009
-0.00012
-0.00021
-0.00031
-0.00031
-0.00034
-0.00027
-0.00027
-0.00018
-0.00012
-0.00015
-0.00009
-0.00009
-0.00021
-0.00031
-0.00027
-0.00040
-0.00046
-0.00043
-0.00037
-0.00024
-0.00018
-0.00018
-0.00027
-0.00018
-0.00012
-0.00018
-0.00015
-0.00015
-0.00024
-0.00027
-0.00021
-0.00027
-0.00031
-0.00027
-0.00024
-0.00021
-0.00027
-0.00031
-0.00024
-0.00024
-0.00031
-0.00027
-0.00018
-0.00021
-0.00027
-0.00015
-0.00043
-0.00031
-0.00031
-0.00043
-0.00031
-0.00031
-0.00040
-0.00031
-0.00018
-0.00021
-0.00018
-0.00018
-0.00024
-0.00024
-0.00024
-0.00027
-0.00034
-0.00034
-0.00034
-0.00034
-0.00037
-0.00027
-0.00018
-0.00021
-0.00018
-0.00015
-0.00015
-0.00034
-0.00031
-0.00027
-0.00037
-0.00027
-0.00021
-0.00024
-0.00015
-0.00021
-0.00031
-0.00021
-0.00021
-0.00027
-0.00027
-0.00012
-0.00015
-0.00024
-0.00021
-0.00031
-0.00037
-0.00034
-0.00021
-0.00027
-0.00024
-0.00021
-0.00024
-0.00024
-0.00024
-0.00021
-0.00021
-0.00018
-0.00021
-0.00024
-0.00021
-0.00021
-0.00024
-0.00024
-0.00021
-0.00021
-0.00027
-0.00034
-0.00031
-0.00037
-0.00031
-0.00018
-0.00018
-0.00012
-0.00009
-0.00018
-0.00027
-0.00027
-0.00024
-0.00031
-0.00034
-0.00034
-0.00037
-0.00043
-0.00034
-0.00031
-0.00021
-0.00012
-0.00012
-0.00009
-0.00018
-0.00024
-0.00031
-0.00031
-0.00037
-0.00037
-0.00024
-0.00018
-0.00015
-0.00018
-0.00021
-0.00024
-0.00031
-0.00031
-0.00037
-0.00018
-0.00015
-0.00024
-0.00015
-0.00018
-0.00027
-0.00018
-0.00012
-0.00015
-0.00018
-0.00021
-0.00024
-0.00024
-0.00003
-0.00064
0.00058
-0.00156
0.00198
-0.00372
0.00500
-0.00812
0.00592
-0.12610
-0.13385
0.02707
0.00958
0.03741
0.05023
0.04996
0.06473
0.07599
-0.00699
-0.03323
-0.02155
-0.01782
-0.01004
0.02402
0.00610
-0.03061
0.00931
0.00897
-0.00717
0.01715
0.00400
-0.01596
0.00925
0.01215
-0.00238
0.00897
0.01160
-0.00763
-0.00085
0.00323
-0.01141
-0.01038
0.00174
0.00058
-0.00031
0.00671
0.00488
0.00412
0.00598
0.00641
-0.00140
-0.00073
-0.00189
-0.00232
-0.00092
0.00183
-0.00208
-0.00412
-0.00235
0.00253
0.00140
0.00165
0.00534
0.00430
0.00119
0.00107
0.00070
-0.00107
-0.00198
-0.00110
-0.00150
-0.00247
-0.00153
-0.00232
-0.00250
-0.00070
-0.00113
-0.00052
0.00064
0.00223
0.00049
0.00101
0.00250
0.00113
-0.00125
-0.00095
-0.00208
-0.00171
-0.00177
-0.00131
-0.00201
-0.00244
-0.00168
-0.00119
-0.00003
0.00000
-0.00122
-0.00006
0.00003
0.00092
0.00049
0.00003
-0.00052
-0.00201
-0.00201
-0.00333
-0.00412
-0.00296
-0.00198
-0.00092
-0.00031
-0.00021
0.00089
0.00104
0.00015
0.00043
0.00089
0.00052
0.00040
0.00021
-0.00012
-0.00150
-0.00223
-0.00272
-0.00259
-0.00204
-0.00189
-0.00110
-0.00061
-0.00067
-0.00049
0.00000
0.00027
-0.00006
-0.00015
-0.00043
-0.00098
-0.00140
-0.00140
-0.00098
-0.00070
-0.00055
-0.00049
-0.00064
-0.00110
-0.00165
-0.00134
-0.00058
-0.00009
0.00000
0.00018
0.00064
0.00082
0.00107
0.00128
0.00113
0.00064
-0.00006
-0.00052
-0.00058
-0.00125
-0.00174
-0.00140
-0.00095
-0.00070
-0.00043
-0.00012
-0.00015
-0.00006
0.00024
0.00055
0.00085
0.00067
0.00021
0.00018
0.00000
-0.00031
-0.00049
-0.00064
-0.00079
-0.00070
-0.00055
-0.00040
-0.00034
-0.00040
-0.00061
-0.00067
-0.00012
0.00000
0.00000
0.00000
0.00000
0.00000
0.00000
0.00000
0.00000
0.00000
0.00000
0.00000
0.00000
0.00000
0.00000
0.00000
0.00000
0.00000
0.00000
0.00000
0.00000
0.00000
0.00000
0.00000
0.00000
0.00000
0.00000
0.00000
0.00000
0.00000
0.00000
0.00000
0.00000
0.00000
0.00000
0.00000
0.00000
0.00000
0.00000
0.00000
0.00000
0.00000
0.00000
0.00000
0.00000
0.00000
0.00000
0.00000
0.00000
0.00000
0.00000
0.00000
0.00000
0.00000
0.00000
0.00000
0.00000
0.00000
0.00000
0.00000
0.00000
0.00000
0.00000
0.00000
0.00000
0.00000
0.00000
0.00000
0.00000
0.00000
0.00000
0.00000
0.00000
0.00000
0.00000
0.00000
0.00000
0.00000
0.00000
0.00000
0.00000
0.00000
0.00000
0.00000
0.00000
0.00000
0.00000
0.00000
0.00000
0.00000
0.00000
0.00000
0.00000
0.00000
0.00000
0.00000
0.00000
0.00000
0.00000
0.00000
0.00000
0.00000
0.00000
0.00000
0.00000
0.00000
0.00000
0.00000
0.00000
0.00000
0.00000
0.00000
0.00000
0.00000
0.00000
0.00000
0.00000
0.00000
0.00000
0.00000
0.00000
0.00000
0.00000
0.00000
0.00000
0.00000
0.00000
0.00000
0.00000
0.00000
0.00000
0.00000
0.00000
0.00000
0.00000
0.00000
0.00000
0.00000
0.00000
0.00000
0.00000
0.00000
0.00000
0.00000
0.00000
0.00000
0.00000
0.00000
0.00000
0.00000
0.00000
