-0.00021
-0.00031
-0.00037
-0.00031
-0.00040
-0.00040
-0.00027
-0.00027
-0.00021
-0.00021
-0.00031
-0.00037
-0.00037
-0.00031
-0.00027
-0.00021
-0.00021
-0.00018
-0.00024
-0.00034
-0.00043
-0.00037
-0.00031
-0.00021
-0.00015
-0.00012
-0.00015
-0.00027
-0.00031
-0.00034
-0.00034
-0.00037
-0.00031
-0.00024
-0.00024
-0.00024
-0.00024
-0.00024
-0.00027
-0.00037
-0.00031
-0.00027
-0.00027
-0.00027
-0.00021
-0.00024
-0.00027
-0.00034
-0.00034
-0.00031
-0.00031
-0.00024
-0.00024
-0.00031
-0.00031
-0.00018
-0.00024
-0.00034
-0.00034
-0.00024
-0.00031
-0.00037
-0.00015
-0.00031
-0.00018
-0.00024
-0.00031
-0.00027
-0.00024
-0.00024
-0.00031
-0.00024
-0.00018
-0.00018
-0.00021
-0.00018
-0.00021
-0.00034
-0.00040
-0.00021
-0.00021
-0.00021
-0.00009
-0.00012
-0.00021
-0.00027
-0.00027
-0.00031
-0.00027
-0.00012
-0.00021
-0.00027
-0.00018
-0.00015
-0.00018
-0.00015
-0.00018
-0.00021
-0.00024
-0.00024
-0.00027
-0.00024
-0.00018
-0.00009
-0.00003
0.00000
-0.00012
-0.00024
-0.00018
-0.00021
-0.00031
-0.00021
-0.00015
-0.00018
-0.00012
0.00000
-0.00006
-0.00012
-0.00018
-0.00024
-0.00027
-0.00018
-0.00018
-0.00021
-0.00012
-0.00012
-0.00021
-0.00018
-0.00015
-0.00018
-0.00021
-0.00009
-0.00009
-0.00012
-0.00009
-0.00012
-0.00018
-0.00015
-0.00012
-0.00018
-0.00015
-0.00012
-0.00015
-0.00012
-0.00009
-0.00012
-0.00021
-0.00009
-0.00015
-0.00018
-0.00018
-0.00015
-0.00012
-0.00009
-0.00006
-0.00006
-0.00003
-0.00009
-0.00018
-0.00018
-0.00021
-0.00015
-0.00006
-0.00006
-0.00006
-0.00012
-0.00012
-0.00012
-0.00006
-0.00009
-0.00015
-0.00003
-0.00003
-0.00015
-0.00009
-0.00015
-0.00003
-0.00031
0.00015
-0.00061
0.00061
-0.00085
0.00089
-0.00092
0.00067
-0.00073
0.00015
-0.02679
-0.16711
-0.08829
-0.04419
0.06113
0.17365
0.12674
0.06012
-0.00333
0.01495
-0.05615
-0.07498
-0.04974
-0.01468
0.02618
0.04480
0.00513
0.01135
0.00589
-0.01651
-0.00192
0.02472
-0.00443
-0.01630
0.00766
0.00885
0.00494
0.00583
0.00128
-0.00897
0.00064
-0.00851
-0.00977
0.00153
0.00757
0.00000
0.00391
0.00977
0.00446
0.00165
0.00586
0.00186
-0.00632
-0.00613
-0.00415
-0.00174
-0.00031
0.00406
0.00070
-0.00061
0.00046
0.00269
0.00290
0.00726
0.00558
0.00104
0.00089
0.00082
-0.00320
-0.00369
0.00000
0.00000
-0.00186
-0.00073
0.00012
-0.00156
-0.00012
0.00043
0.00146
0.00119
0.00012
0.00049
-0.00012
0.00186
0.00116
0.00012
-0.00031
-0.00186
-0.00311
-0.00192
-0.00049
0.00000
-0.00238
-0.00104
-0.00119
-0.00024
0.00049
0.00043
0.00055
0.00070
-0.00024
0.00061
0.00009
-0.00040
-0.00052
-0.00116
-0.00092
-0.00311
-0.00378
-0.00311
-0.00229
-0.00085
-0.00003
0.00208
0.00250
0.00137
0.00073
0.00064
0.00052
-0.00037
0.00015
0.00040
-0.00089
-0.00241
-0.00287
-0.00275
-0.00226
-0.00143
-0.00043
0.00009
0.00012
0.00024
0.00027
0.00034
-0.00012
-0.00046
-0.00067
-0.00119
-0.00140
-0.00113
-0.00061
-0.00037
-0.00021
-0.00012
-0.00052
-0.00095
-0.00122
-0.00116
-0.00034
-0.00015
0.00018
0.00037
0.00055
0.00089
0.00095
0.00131
0.00089
0.00015
-0.00052
-0.00089
-0.00073
-0.00085
-0.00098
-0.00064
-0.00043
-0.00027
-0.00018
0.00009
0.00015
0.00000
0.00031
0.00052
0.00052
0.00046
0.00043
0.00043
0.00003
-0.00043
-0.00064
-0.00098
-0.00113
-0.00128
-0.00092
-0.00037
-0.00040
-0.00018
0.00003
0.00101
0.00122
0.00082
0.00073
0.00015
0.00082
0.00085
0.00095
0.00116
0.00140
0.00269
0.00241
0.00107
0.00027
-0.00061
-0.00058
-0.00070
-0.00085
-0.00070
-0.00040
0.00085
0.00134
0.00140
0.00119
-0.00009
0.00000
0.00000
0.00000
0.00000
0.00000
0.00000
0.00000
0.00000
0.00000
0.00000
0.00000
0.00000
0.00000
0.00000
0.00000
0.00000
0.00000
0.00000
0.00000
0.00000
0.00000
0.00000
0.00000
0.00000
0.00000
0.00000
0.00000
0.00000
0.00000
0.00000
0.00000
0.00000
0.00000
0.00000
0.00000
0.00000
0.00000
0.00000
0.00000
0.00000
0.00000
0.00000
0.00000
0.00000
0.00000
0.00000
0.00000
0.00000
0.00000
0.00000
0.00000
0.00000
0.00000
0.00000
0.00000
0.00000
0.00000
0.00000
0.00000
0.00000
0.00000
0.00000
0.00000
0.00000
0.00000
0.00000
0.00000
0.00000
0.00000
0.00000
0.00000
0.00000
0.00000
0.00000
0.00000
0.00000
0.00000
0.00000
0.00000
0.00000
0.00000
0.00000
0.00000
0.00000
0.00000
0.00000
0.00000
0.00000
0.00000
0.00000
0.00000
0.00000
0.00000
0.00000
0.00000
0.00000
0.00000
0.00000
0.00000
0.00000
0.00000
0.00000
0.00000
0.00000
0.00000
0.00000
0.00000
0.00000
0.00000
0.00000
0.00000
0.00000
0.00000
0.00000
0.00000
0.00000
0.00000
0.00000
0.00000
0.00000
0.00000
0.00000
0.00000
