-0.00024
-0.00018
-0.00018
-0.00027
-0.00021
-0.00015
-0.00018
-0.00024
-0.00021
-0.00024
-0.00018
-0.00018
-0.00015
-0.00024
-0.00018
-0.00015
-0.00021
-0.00027
-0.00024
-0.00024
-0.00021
-0.00009
-0.00012
-0.00018
-0.00015
-0.00018
-0.00031
-0.00031
-0.00027
-0.00027
-0.00024
-0.00018
-0.00021
-0.00024
-0.00018
-0.00018
-0.00024
-0.00027
-0.00027
-0.00027
-0.00024
-0.00027
-0.00024
-0.00024
-0.00024
-0.00024
-0.00024
-0.00024
-0.00024
-0.00027
-0.00024
-0.00024
-0.00027
-0.00027
-0.00024
-0.00018
-0.00043
-0.00031
-0.00024
-0.00034
-0.00031
-0.00027
-0.00021
-0.00024
-0.00027
-0.00027
-0.00031
-0.00034
-0.00031
-0.00027
-0.00031
-0.00027
-0.00024
-0.00031
-0.00027
-0.00024
-0.00034
-0.00024
-0.00024
-0.00034
-0.00034
-0.00031
-0.00027
-0.00034
-0.00031
-0.00027
-0.00037
-0.00037
-0.00034
-0.00040
-0.00034
-0.00040
-0.00037
-0.00024
-0.00024
-0.00031
-0.00031
-0.00031
-0.00031
-0.00031
-0.00031
-0.00031
-0.00040
-0.00040
-0.00034
-0.00037
-0.00037
-0.00034
-0.00031
-0.00031
-0.00031
-0.00031
-0.00037
-0.00031
-0.00031
-0.00034
-0.00037
-0.00037
-0.00040
-0.00043
-0.00037
-0.00037
-0.00040
-0.00037
-0.00034
-0.00037
-0.00037
-0.00034
-0.00037
-0.00034
-0.00034
-0.00034
-0.00040
-0.00040
-0.00043
-0.00043
-0.00040
-0.00040
-0.00040
-0.00037
-0.00031
-0.00027
-0.00024
-0.00031
-0.00043
-0.00046
-0.00043
-0.00046
-0.00046
-0.00037
-0.00040
-0.00040
-0.00034
-0.00031
-0.00034
-0.00034
-0.00031
-0.00037
-0.00040
-0.00034
-0.00040
-0.00034
-0.00031
-0.00043
-0.00040
-0.00043
-0.00043
-0.00037
-0.00040
-0.00037
-0.00037
-0.00040
-0.00040
-0.00034
-0.00027
-0.00058
0.00018
-0.00140
0.00122
-0.00323
0.00385
-0.00708
0.00339
-0.11908
-0.10828
0.01923
0.00217
0.02481
0.03625
0.04092
0.05573
0.07828
0.01031
-0.01938
-0.01892
-0.01041
-0.01462
0.01340
-0.00485
-0.02750
0.01251
0.00790
-0.00497
0.01529
0.00662
-0.01129
0.01041
0.01404
-0.00064
0.00406
0.00363
-0.01117
-0.00531
-0.00073
-0.00879
-0.00424
0.00797
0.00476
0.00040
0.00357
0.00394
0.00296
0.00287
0.00479
-0.00067
-0.00049
-0.00168
-0.00043
-0.00244
0.00006
-0.00082
-0.00375
-0.00238
0.00269
0.00043
0.00058
0.00534
0.00290
-0.00089
0.00162
0.00229
-0.00070
-0.00153
-0.00079
-0.00238
-0.00272
-0.00116
-0.00296
-0.00256
-0.00037
-0.00110
-0.00018
0.00098
0.00150
-0.00021
0.00064
0.00171
0.00003
-0.00159
-0.00079
-0.00168
-0.00122
-0.00168
-0.00168
-0.00269
-0.00244
-0.00174
-0.00128
-0.00098
-0.00024
-0.00046
-0.00006
0.00079
0.00034
0.00009
-0.00012
-0.00146
-0.00281
-0.00293
-0.00269
-0.00330
-0.00168
-0.00198
-0.00174
-0.00076
-0.00092
0.00031
0.00000
0.00024
0.00049
0.00076
0.00107
0.00024
0.00009
-0.00055
-0.00186
-0.00244
-0.00266
-0.00235
-0.00214
-0.00195
-0.00125
-0.00092
-0.00098
-0.00073
-0.00018
0.00003
-0.00037
-0.00046
-0.00049
-0.00101
-0.00159
-0.00171
-0.00125
-0.00089
-0.00070
-0.00061
-0.00082
-0.00116
-0.00156
-0.00119
-0.00052
-0.00037
-0.00040
-0.00015
0.00027
0.00058
0.00095
0.00128
0.00107
0.00043
-0.00024
-0.00055
-0.00070
-0.00128
-0.00153
-0.00128
-0.00110
-0.00095
-0.00064
-0.00037
-0.00037
-0.00003
0.00027
0.00031
0.00043
0.00034
0.00021
0.00031
0.00018
-0.00021
-0.00049
-0.00067
-0.00101
-0.00098
-0.00073
-0.00058
-0.00049
-0.00040
-0.00043
-0.00073
-0.00061
-0.00058
-0.00095
-0.00125
-0.00085
0.00000
0.00000
0.00000
0.00000
0.00000
0.00000
0.00000
0.00000
0.00000
0.00000
0.00000
0.00000
0.00000
0.00000
0.00000
0.00000
0.00000
0.00000
0.00000
0.00000
0.00000
0.00000
0.00000
0.00000
0.00000
0.00000
0.00000
0.00000
0.00000
0.00000
0.00000
0.00000
0.00000
0.00000
0.00000
0.00000
0.00000
0.00000
0.00000
0.00000
0.00000
0.00000
0.00000
0.00000
0.00000
0.00000
0.00000
0.00000
0.00000
0.00000
0.00000
0.00000
0.00000
0.00000
0.00000
0.00000
0.00000
0.00000
0.00000
0.00000
0.00000
0.00000
0.00000
0.00000
0.00000
0.00000
0.00000
0.00000
0.00000
0.00000
0.00000
0.00000
0.00000
0.00000
0.00000
0.00000
0.00000
0.00000
0.00000
0.00000
0.00000
0.00000
0.00000
0.00000
0.00000
0.00000
0.00000
0.00000
0.00000
0.00000
0.00000
0.00000
0.00000
0.00000
0.00000
0.00000
0.00000
0.00000
0.00000
0.00000
0.00000
0.00000
0.00000
0.00000
0.00000
0.00000
0.00000
0.00000
0.00000
0.00000
0.00000
0.00000
0.00000
0.00000
0.00000
0.00000
0.00000
0.00000
0.00000
0.00000
0.00000
0.00000
0.00000
0.00000
0.00000
0.00000
0.00000
0.00000
0.00000
0.00000
0.00000
0.00000
0.00000
0.00000
0.00000
0.00000
0.00000
0.00000
0.00000
0.00000
0.00000
0.00000
0.00000
0.00000
0.00000
0.00000
