0.00009
0.00006
0.00000
0.00000
0.00000
-0.00003
-0.00003
0.00006
0.00009
0.00009
0.00012
0.00009
0.00003
0.00000
0.00000
0.00003
0.00003
-0.00003
0.00000
0.00003
0.00000
0.00003
0.00003
0.00000
0.00000
0.00006
0.00003
0.00003
0.00003
0.00000
0.00000
0.00003
0.00000
-0.00003
0.00000
0.00000
-0.00003
0.00000
0.00000
0.00000
0.00003
0.00003
0.00003
0.00003
0.00000
0.00000
0.00000
-0.00003
-0.00003
-0.00003
-0.00006
0.00000
0.00003
0.00003
0.00000
0.00003
0.00000
-0.00006
0.00009
0.00000
-0.00003
0.00000
-0.00003
-0.00009
0.00000
0.00000
-0.00006
0.00000
0.00000
0.00000
0.00000
0.00000
-0.00003
-0.00012
-0.00009
-0.00003
0.00000
-0.00003
0.00000
0.00000
-0.00003
-0.00003
-0.00003
-0.00006
-0.00003
0.00000
-0.00006
-0.00009
-0.00006
-0.00009
-0.00015
-0.00006
-0.00009
-0.00009
-0.00003
0.00000
-0.00009
-0.00009
-0.00003
-0.00009
-0.00015
-0.00003
-0.00003
-0.00009
0.00000
0.00000
-0.00009
-0.00009
-0.00006
-0.00012
-0.00015
-0.00009
-0.00015
-0.00015
-0.00012
-0.00012
-0.00015
-0.00009
-0.00006
-0.00006
-0.00006
-0.00009
-0.00012
-0.00018
-0.00018
-0.00015
-0.00018
-0.00015
-0.00015
-0.00015
-0.00012
-0.00009
-0.00015
-0.00015
-0.00012
-0.00012
-0.00012
-0.00015
-0.00015
-0.00018
-0.00021
-0.00015
-0.00018
-0.00021
-0.00021
-0.00012
-0.00012
-0.00012
-0.00009
-0.00012
-0.00012
-0.00018
-0.00021
-0.00018
-0.00018
-0.00021
-0.00021
-0.00018
-0.00015
-0.00018
-0.00012
-0.00012
-0.00012
-0.00018
-0.00018
-0.00018
-0.00024
-0.00024
-0.00021
-0.00027
-0.00018
-0.00021
-0.00009
-0.00024
0.00006
-0.00055
0.00018
-0.00067
0.00024
-0.00070
-0.00009
-0.00003
-0.00107
-0.01614
-0.12735
-0.05145
0.00787
-0.00299
0.01782
0.02954
0.03442
0.05270
0.07620
0.00958
-0.00427
-0.01041
-0.01584
-0.01010
0.00424
-0.02127
-0.01868
0.01703
0.00500
0.00110
0.02069
0.00455
-0.00604
0.01126
0.00836
-0.00342
0.00269
-0.00369
-0.01276
-0.00095
-0.00186
-0.00818
-0.00061
0.01157
0.00458
0.00153
0.00592
0.00378
-0.00037
0.00208
0.00339
-0.00137
-0.00079
0.00018
-0.00021
-0.00082
0.00104
-0.00293
-0.00461
-0.00101
0.00122
-0.00125
0.00116
0.00421
0.00168
0.00174
0.00375
0.00180
-0.00082
-0.00107
-0.00125
-0.00269
-0.00235
-0.00165
-0.00247
-0.00116
-0.00018
-0.00021
0.00006
0.00067
0.00040
-0.00040
0.00076
0.00082
-0.00082
-0.00113
-0.00046
-0.00134
-0.00159
-0.00180
-0.00186
-0.00256
-0.00180
-0.00174
-0.00113
-0.00024
-0.00067
0.00009
0.00064
-0.00012
0.00000
-0.00067
-0.00113
-0.00256
-0.00223
-0.00174
-0.00180
-0.00220
-0.00217
-0.00186
-0.00159
-0.00159
-0.00104
-0.00006
-0.00006
0.00006
0.00049
0.00076
0.00073
0.00031
-0.00006
-0.00089
-0.00192
-0.00247
-0.00250
-0.00198
-0.00195
-0.00183
-0.00143
-0.00146
-0.00131
-0.00085
-0.00024
-0.00012
-0.00049
-0.00061
-0.00073
-0.00122
-0.00171
-0.00153
-0.00104
-0.00107
-0.00119
-0.00113
-0.00101
-0.00122
-0.00137
-0.00089
-0.00076
-0.00079
-0.00070
-0.00018
0.00037
0.00058
0.00070
0.00064
0.00031
-0.00021
-0.00055
-0.00046
-0.00055
-0.00119
-0.00153
-0.00134
-0.00122
-0.00113
-0.00073
-0.00049
-0.00046
-0.00031
-0.00009
0.00012
0.00024
0.00015
0.00015
0.00015
-0.00018
-0.00058
-0.00085
-0.00101
-0.00122
-0.00131
-0.00125
-0.00101
-0.00067
-0.00085
-0.00095
-0.00110
-0.00131
-0.00140
-0.00104
-0.00043
0.00000
0.00000
0.00000
0.00000
0.00000
0.00000
0.00000
0.00000
0.00000
0.00000
0.00000
0.00000
0.00000
0.00000
0.00000
0.00000
0.00000
0.00000
0.00000
0.00000
0.00000
0.00000
0.00000
0.00000
0.00000
0.00000
0.00000
0.00000
0.00000
0.00000
0.00000
0.00000
0.00000
0.00000
0.00000
0.00000
0.00000
0.00000
0.00000
0.00000
0.00000
0.00000
0.00000
0.00000
0.00000
0.00000
0.00000
0.00000
0.00000
0.00000
0.00000
0.00000
0.00000
0.00000
0.00000
0.00000
0.00000
0.00000
0.00000
0.00000
0.00000
0.00000
0.00000
0.00000
0.00000
0.00000
0.00000
0.00000
0.00000
0.00000
0.00000
0.00000
0.00000
0.00000
0.00000
0.00000
0.00000
0.00000
0.00000
0.00000
0.00000
0.00000
0.00000
0.00000
0.00000
0.00000
0.00000
0.00000
0.00000
0.00000
0.00000
0.00000
0.00000
0.00000
0.00000
0.00000
0.00000
0.00000
0.00000
0.00000
0.00000
0.00000
0.00000
0.00000
0.00000
0.00000
0.00000
0.00000
0.00000
0.00000
0.00000
0.00000
0.00000
0.00000
0.00000
0.00000
0.00000
0.00000
0.00000
0.00000
0.00000
0.00000
0.00000
0.00000
0.00000
0.00000
0.00000
0.00000
0.00000
0.00000
0.00000
0.00000
0.00000
0.00000
0.00000
0.00000
0.00000
0.00000
0.00000
0.00000
0.00000
0.00000
0.00000
0.00000
0.00000
0.00000
