0.00000
-0.00003
-0.00009
-0.00015
-0.00021
-0.00021
-0.00015
-0.00006
0.00000
-0.00006
-0.00012
-0.00024
-0.00018
-0.00015
-0.00015
-0.00009
-0.00003
-0.00009
-0.00009
-0.00003
-0.00009
-0.00012
-0.00006
-0.00003
-0.00012
-0.00012
-0.00015
-0.00021
-0.00018
-0.00021
-0.00021
-0.00012
-0.00015
-0.00015
-0.00009
-0.00006
-0.00012
-0.00006
-0.00012
-0.00018
-0.00009
-0.00015
-0.00018
-0.00006
-0.00006
-0.00021
-0.00018
-0.00018
-0.00024
-0.00021
-0.00015
-0.00009
0.00000
0.00000
-0.00003
-0.00009
-0.00012
-0.00012
-0.00040
-0.00031
-0.00015
-0.00021
-0.00018
-0.00012
-0.00009
-0.00021
-0.00012
-0.00006
-0.00015
-0.00031
-0.00027
-0.00027
-0.00031
-0.00018
-0.00015
-0.00018
-0.00009
-0.00015
-0.00024
-0.00018
-0.00021
-0.00031
-0.00027
-0.00027
-0.00027
-0.00021
-0.00012
-0.00006
-0.00006
-0.00012
-0.00018
-0.00018
-0.00021
-0.00040
-0.00031
-0.00012
-0.00012
-0.00006
-0.00006
-0.00018
-0.00027
-0.00021
-0.00027
-0.00024
-0.00021
-0.00018
-0.00015
-0.00024
-0.00031
-0.00031
-0.00031
-0.00027
-0.00021
-0.00012
-0.00015
-0.00018
-0.00021
-0.00024
-0.00037
-0.00037
-0.00027
-0.00021
-0.00009
-0.00006
-0.00009
-0.00021
-0.00024
-0.00031
-0.00037
-0.00027
-0.00024
-0.00027
-0.00027
-0.00021
-0.00018
-0.00018
-0.00015
-0.00015
-0.00024
-0.00027
-0.00024
-0.00021
-0.00012
-0.00021
-0.00024
-0.00024
-0.00027
-0.00027
-0.00018
-0.00009
-0.00018
-0.00015
-0.00015
-0.00024
-0.00034
-0.00040
-0.00040
-0.00040
-0.00034
-0.00031
-0.00031
-0.00031
-0.00034
-0.00027
-0.00034
-0.00034
-0.00024
-0.00018
-0.00018
-0.00018
-0.00024
-0.00034
-0.00031
-0.00027
-0.00027
-0.00031
-0.00021
-0.00052
0.00037
-0.00131
0.00146
-0.00311
0.00403
-0.00674
0.00110
-0.14200
-0.17130
-0.01630
0.03619
0.12283
0.13055
0.10001
0.03506
0.02383
-0.04028
-0.06964
-0.04633
-0.03351
0.00769
0.04013
0.01685
-0.02051
0.00037
0.00330
-0.00586
0.03006
0.01804
-0.01538
-0.00232
0.00702
0.00378
0.00607
0.00629
-0.00943
-0.00433
-0.00357
-0.01196
-0.00708
0.00418
0.00415
0.00134
0.00873
0.00769
0.00583
0.00400
0.00446
-0.00293
-0.00684
-0.00635
-0.00323
-0.00113
0.00229
0.00043
-0.00168
-0.00214
0.00220
0.00272
0.00409
0.00681
0.00342
-0.00040
0.00000
0.00012
-0.00226
-0.00351
-0.00137
-0.00165
-0.00269
-0.00174
-0.00208
-0.00168
0.00073
0.00107
0.00140
0.00128
0.00150
-0.00089
-0.00015
0.00095
0.00009
-0.00140
-0.00156
-0.00272
-0.00256
-0.00201
-0.00073
-0.00140
-0.00198
-0.00211
-0.00165
0.00021
0.00052
0.00003
0.00031
-0.00116
-0.00046
0.00040
0.00037
0.00000
-0.00165
-0.00208
-0.00272
-0.00412
-0.00516
-0.00394
-0.00177
0.00040
0.00137
0.00253
0.00226
0.00085
0.00034
0.00000
-0.00076
-0.00067
-0.00027
-0.00076
-0.00208
-0.00317
-0.00363
-0.00330
-0.00238
-0.00119
0.00000
0.00009
-0.00024
-0.00003
0.00031
0.00012
-0.00061
-0.00085
-0.00134
-0.00189
-0.00214
-0.00174
-0.00101
-0.00049
-0.00037
-0.00064
-0.00113
-0.00168
-0.00192
-0.00122
-0.00043
0.00006
0.00006
0.00018
0.00073
0.00082
0.00095
0.00101
0.00052
-0.00043
-0.00125
-0.00125
-0.00116
-0.00128
-0.00140
-0.00131
-0.00095
-0.00064
-0.00018
0.00000
-0.00006
0.00000
0.00024
0.00052
0.00058
0.00040
0.00006
-0.00024
-0.00058
-0.00095
-0.00128
-0.00128
-0.00122
-0.00113
-0.00055
-0.00006
0.00000
-0.00073
-0.00076
-0.00024
0.00064
0.00089
0.00055
0.00012
-0.00021
0.00073
0.00070
0.00085
0.00049
0.00058
0.00156
0.00131
0.00085
0.00113
0.00046
0.00009
0.00003
-0.00043
-0.00095
-0.00101
-0.00027
-0.00043
-0.00040
0.00000
0.00085
0.00168
0.00214
0.00247
0.00009
-0.00168
-0.00217
-0.00247
-0.00183
-0.00095
0.00046
0.00162
0.00229
0.00201
-0.00024
-0.00110
-0.00223
-0.00305
-0.00259
-0.00183
-0.00082
-0.00101
0.00168
0.00375
0.00229
0.00018
-0.00159
-0.00214
-0.00122
0.00180
0.00287
0.00278
0.00186
0.00113
0.00064
0.00037
-0.00015
-0.00189
-0.00134
-0.00125
-0.00146
-0.00174
-0.00220
-0.00211
-0.00192
0.00040
0.00159
0.00095
0.00037
-0.00015
0.00037
0.00076
0.00089
0.00031
-0.00113
-0.00024
0.00000
-0.00009
0.00034
0.00006
0.00000
0.00000
0.00000
0.00000
0.00000
0.00000
0.00000
0.00000
0.00000
0.00000
0.00000
0.00000
0.00000
0.00000
0.00000
0.00000
0.00000
0.00000
0.00000
0.00000
0.00000
0.00000
0.00000
0.00000
0.00000
0.00000
0.00000
0.00000
0.00000
0.00000
0.00000
0.00000
0.00000
0.00000
0.00000
0.00000
0.00000
0.00000
0.00000
0.00000
0.00000
0.00000
0.00000
0.00000
0.00000
0.00000
0.00000
0.00000
0.00000
0.00000
0.00000
0.00000
0.00000
0.00000
0.00000
0.00000
0.00000
0.00000
0.00000
0.00000
0.00000
0.00000
0.00000
0.00000
0.00000
