-0.00012
-0.00012
-0.00012
-0.00012
-0.00006
-0.00006
-0.00006
-0.00006
-0.00003
-0.00009
-0.00009
-0.00009
-0.00012
-0.00015
-0.00015
-0.00015
-0.00012
-0.00006
-0.00006
-0.00006
-0.00006
-0.00009
-0.00006
-0.00003
-0.00006
-0.00006
-0.00006
-0.00009
-0.00009
-0.00009
-0.00006
-0.00009
-0.00012
-0.00012
-0.00009
-0.00006
-0.00009
-0.00006
0.00000
0.00000
-0.00003
-0.00006
-0.00003
-0.00006
-0.00009
-0.00003
-0.00003
-0.00009
-0.00012
-0.00009
-0.00009
-0.00009
0.00000
0.00000
0.00000
0.00000
0.00000
-0.00003
-0.00009
-0.00006
-0.00006
-0.00006
-0.00003
0.00000
0.00000
0.00000
-0.00003
-0.00006
-0.00009
-0.00009
-0.00006
-0.00006
0.00000
-0.00003
0.00000
0.00000
-0.00003
-0.00012
-0.00015
-0.00012
-0.00009
-0.00012
-0.00006
0.00000
0.00000
0.00000
0.00000
0.00003
0.00000
-0.00003
-0.00006
-0.00009
-0.00009
-0.00012
-0.00006
-0.00003
0.00000
-0.00003
-0.00003
-0.00003
-0.00006
-0.00006
0.00000
0.00000
0.00000
0.00003
0.00003
0.00000
-0.00006
-0.00003
-0.00003
-0.00009
-0.00006
0.00000
0.00000
0.00000
0.00000
0.00000
0.00000
-0.00003
-0.00003
0.00000
0.00000
0.00003
0.00009
0.00009
0.00000
-0.00009
-0.00003
-0.00003
-0.00006
0.00000
0.00006
0.00006
0.00003
0.00000
0.00000
0.00000
0.00000
0.00000
0.00000
0.00000
0.00000
0.00000
0.00000
0.00000
-0.00003
0.00000
0.00000
-0.00003
0.00000
0.00003
0.00000
-0.00003
-0.00003
0.00000
-0.00003
-0.00003
0.00000
0.00000
0.00006
0.00006
0.00003
0.00003
0.00000
0.00000
0.00000
0.00000
0.00000
0.00003
0.00003
0.00003
0.00000
-0.00003
0.00000
-0.00003
-0.00006
-0.00006
0.00000
0.00003
0.00000
0.00000
-0.00003
-0.00003
0.00000
0.00000
0.00003
-0.00006
0.00006
-0.00034
0.00034
-0.00070
0.00107
-0.00137
0.00003
-0.03256
-0.05167
-0.02570
-0.02313
-0.00229
0.02048
0.04187
0.03821
0.02930
0.02457
-0.00031
-0.01126
-0.01859
-0.01599
0.00232
0.00668
-0.00214
0.00214
0.00620
-0.00018
0.00119
0.00568
0.00244
-0.00015
0.00165
-0.00107
-0.00137
0.00348
0.00027
-0.00125
0.00085
-0.00290
-0.00571
-0.00247
0.00076
-0.00024
0.00241
0.00644
0.00629
0.00519
0.00555
0.00345
0.00125
-0.00021
-0.00137
-0.00165
-0.00140
-0.00085
-0.00116
-0.00006
0.00146
0.00101
0.00098
0.00247
0.00317
0.00217
0.00201
0.00229
0.00125
-0.00018
-0.00031
-0.00018
-0.00082
-0.00092
-0.00104
-0.00085
-0.00043
-0.00018
0.00058
0.00085
0.00089
-0.00015
-0.00015
0.00125
0.00058
0.00031
0.00079
-0.00003
-0.00052
-0.00089
-0.00116
-0.00159
-0.00137
-0.00092
-0.00046
0.00018
-0.00003
0.00037
0.00082
0.00009
-0.00027
-0.00021
-0.00049
-0.00076
-0.00073
-0.00073
-0.00085
-0.00134
-0.00192
-0.00183
-0.00137
-0.00119
-0.00092
-0.00034
0.00018
0.00052
0.00073
0.00070
0.00040
0.00009
-0.00012
-0.00018
-0.00043
-0.00089
-0.00131
-0.00171
-0.00189
-0.00174
-0.00128
-0.00089
-0.00037
-0.00021
-0.00034
-0.00031
-0.00009
-0.00006
-0.00037
-0.00052
-0.00095
-0.00140
-0.00137
-0.00101
-0.00076
-0.00049
-0.00034
-0.00034
-0.00058
-0.00067
-0.00064
-0.00043
-0.00027
-0.00024
-0.00015
-0.00009
0.00000
0.00012
0.00027
0.00012
0.00000
-0.00027
-0.00049
-0.00070
-0.00082
-0.00067
-0.00043
-0.00046
-0.00058
-0.00046
-0.00027
-0.00012
0.00000
0.00012
0.00009
0.00000
-0.00006
0.00000
0.00000
0.00000
0.00000
0.00000
0.00000
0.00000
0.00000
0.00000
0.00000
0.00000
0.00000
0.00000
0.00000
0.00000
0.00000
0.00000
0.00000
0.00000
0.00000
0.00000
0.00000
0.00000
0.00000
0.00000
0.00000
0.00000
0.00000
0.00000
0.00000
0.00000
0.00000
0.00000
0.00000
0.00000
0.00000
0.00000
0.00000
0.00000
0.00000
0.00000
0.00000
0.00000
0.00000
0.00000
0.00000
0.00000
0.00000
0.00000
0.00000
0.00000
0.00000
0.00000
0.00000
0.00000
0.00000
0.00000
0.00000
0.00000
0.00000
0.00000
0.00000
0.00000
0.00000
0.00000
0.00000
0.00000
0.00000
0.00000
0.00000
0.00000
0.00000
0.00000
0.00000
0.00000
0.00000
0.00000
0.00000
0.00000
0.00000
0.00000
0.00000
0.00000
0.00000
0.00000
0.00000
0.00000
0.00000
0.00000
0.00000
0.00000
0.00000
0.00000
0.00000
0.00000
0.00000
0.00000
0.00000
0.00000
0.00000
0.00000
0.00000
0.00000
0.00000
0.00000
0.00000
0.00000
0.00000
0.00000
0.00000
0.00000
0.00000
0.00000
0.00000
0.00000
0.00000
0.00000
0.00000
0.00000
0.00000
0.00000
0.00000
0.00000
0.00000
0.00000
0.00000
0.00000
0.00000
0.00000
0.00000
0.00000
0.00000
0.00000
0.00000
0.00000
0.00000
0.00000
0.00000
0.00000
0.00000
0.00000
0.00000
0.00000
0.00000
0.00000
0.00000
0.00000
0.00000
0.00000
0.00000
0.00000
0.00000
