-0.00012
-0.00018
-0.00024
-0.00015
-0.00009
-0.00009
-0.00009
-0.00009
-0.00006
-0.00009
-0.00012
-0.00012
-0.00015
-0.00018
-0.00015
-0.00012
-0.00015
-0.00015
-0.00009
-0.00009
-0.00009
-0.00012
-0.00015
-0.00012
-0.00006
-0.00009
-0.00012
-0.00012
-0.00018
-0.00024
-0.00018
-0.00018
-0.00018
-0.00015
-0.00006
-0.00009
-0.00015
-0.00012
-0.00012
-0.00015
-0.00015
-0.00018
-0.00018
-0.00018
-0.00015
-0.00012
-0.00012
-0.00012
-0.00015
-0.00015
-0.00018
-0.00015
-0.00018
-0.00015
-0.00012
-0.00018
-0.00015
-0.00012
-0.00015
-0.00015
-0.00018
-0.00015
-0.00018
-0.00018
-0.00015
-0.00015
-0.00015
-0.00015
-0.00012
-0.00012
-0.00012
-0.00018
-0.00021
-0.00021
-0.00018
-0.00021
-0.00024
-0.00018
-0.00015
-0.00018
-0.00012
-0.00012
-0.00012
-0.00015
-0.00015
-0.00018
-0.00018
-0.00015
-0.00021
-0.00024
-0.00021
-0.00021
-0.00021
-0.00018
-0.00012
-0.00012
-0.00018
-0.00018
-0.00018
-0.00018
-0.00021
-0.00021
-0.00018
-0.00018
-0.00018
-0.00015
-0.00015
-0.00018
-0.00018
-0.00015
-0.00015
-0.00015
-0.00015
-0.00015
-0.00015
-0.00018
-0.00021
-0.00018
-0.00015
-0.00018
-0.00018
-0.00015
-0.00018
-0.00021
-0.00021
-0.00015
-0.00018
-0.00018
-0.00012
-0.00015
-0.00015
-0.00015
-0.00015
-0.00015
-0.00018
-0.00021
-0.00018
-0.00015
-0.00015
-0.00015
-0.00015
-0.00015
-0.00015
-0.00015
-0.00015
-0.00018
-0.00015
-0.00018
-0.00015
-0.00015
-0.00018
-0.00018
-0.00015
-0.00018
-0.00018
-0.00018
-0.00018
-0.00018
-0.00015
-0.00018
-0.00018
-0.00018
-0.00012
-0.00012
-0.00015
-0.00012
-0.00012
-0.00018
-0.00021
-0.00021
-0.00018
-0.00015
-0.00012
-0.00012
-0.00012
-0.00012
-0.00015
-0.00018
-0.00015
-0.00015
-0.00021
-0.00018
-0.00015
-0.00018
-0.00012
-0.00015
-0.00006
-0.00027
-0.00018
-0.00034
-0.00024
-0.00024
-0.00015
0.00024
-0.00070
-0.00494
-0.04190
-0.04044
-0.02228
-0.01981
0.00357
0.02451
0.04092
0.03122
0.02774
0.01627
-0.00488
-0.01190
-0.01855
-0.01028
0.00626
0.00278
-0.00290
0.00470
0.00409
-0.00031
0.00287
0.00427
0.00043
0.00015
0.00055
-0.00238
0.00052
0.00275
-0.00214
-0.00168
-0.00064
-0.00372
-0.00433
-0.00024
0.00192
0.00223
0.00610
0.00720
0.00482
0.00354
0.00290
0.00140
0.00003
-0.00092
-0.00137
-0.00165
-0.00058
-0.00021
-0.00052
0.00024
0.00092
0.00015
0.00098
0.00290
0.00253
0.00174
0.00204
0.00208
0.00043
-0.00061
-0.00034
-0.00070
-0.00113
-0.00113
-0.00098
-0.00027
0.00012
0.00031
0.00034
0.00046
-0.00006
-0.00061
0.00043
0.00070
0.00055
0.00064
0.00018
-0.00027
-0.00067
-0.00162
-0.00168
-0.00110
-0.00101
-0.00052
-0.00021
-0.00018
0.00006
0.00040
0.00018
-0.00031
-0.00034
-0.00073
-0.00076
-0.00061
-0.00092
-0.00089
-0.00119
-0.00168
-0.00171
-0.00146
-0.00125
-0.00113
-0.00085
-0.00034
0.00015
0.00046
0.00018
0.00006
0.00018
-0.00012
-0.00003
-0.00015
-0.00058
-0.00098
-0.00140
-0.00168
-0.00192
-0.00159
-0.00119
-0.00079
-0.00043
-0.00052
-0.00058
-0.00031
-0.00012
-0.00034
-0.00055
-0.00079
-0.00122
-0.00128
-0.00101
-0.00089
-0.00076
-0.00052
-0.00037
-0.00046
-0.00067
-0.00076
-0.00067
-0.00070
-0.00049
-0.00034
-0.00018
-0.00012
0.00003
0.00021
0.00009
0.00000
-0.00027
-0.00046
-0.00055
-0.00061
-0.00055
-0.00055
-0.00067
-0.00070
-0.00058
-0.00031
-0.00015
-0.00009
-0.00006
-0.00006
-0.00006
-0.00006
-0.00012
0.00000
0.00000
0.00000
0.00000
0.00000
0.00000
0.00000
0.00000
0.00000
0.00000
0.00000
0.00000
0.00000
0.00000
0.00000
0.00000
0.00000
0.00000
0.00000
0.00000
0.00000
0.00000
0.00000
0.00000
0.00000
0.00000
0.00000
0.00000
0.00000
0.00000
0.00000
0.00000
0.00000
0.00000
0.00000
0.00000
0.00000
0.00000
0.00000
0.00000
0.00000
0.00000
0.00000
0.00000
0.00000
0.00000
0.00000
0.00000
0.00000
0.00000
0.00000
0.00000
0.00000
0.00000
0.00000
0.00000
0.00000
0.00000
0.00000
0.00000
0.00000
0.00000
0.00000
0.00000
0.00000
0.00000
0.00000
0.00000
0.00000
0.00000
0.00000
0.00000
0.00000
0.00000
0.00000
0.00000
0.00000
0.00000
0.00000
0.00000
0.00000
0.00000
0.00000
0.00000
0.00000
0.00000
0.00000
0.00000
0.00000
0.00000
0.00000
0.00000
0.00000
0.00000
0.00000
0.00000
0.00000
0.00000
0.00000
0.00000
0.00000
0.00000
0.00000
0.00000
0.00000
0.00000
0.00000
0.00000
0.00000
0.00000
0.00000
0.00000
0.00000
0.00000
0.00000
0.00000
0.00000
0.00000
0.00000
0.00000
0.00000
0.00000
0.00000
0.00000
0.00000
0.00000
0.00000
0.00000
0.00000
0.00000
0.00000
0.00000
0.00000
0.00000
0.00000
0.00000
0.00000
0.00000
0.00000
0.00000
0.00000
0.00000
0.00000
0.00000
0.00000
0.00000
0.00000
0.00000
0.00000
0.00000
0.00000
