0.00003
0.00003
0.00006
0.00009
0.00003
0.00003
0.00006
0.00003
0.00000
0.00006
0.00003
-0.00003
-0.00003
-0.00006
-0.00003
0.00000
0.00000
0.00003
0.00006
0.00009
0.00003
0.00000
0.00000
0.00000
-0.00003
0.00003
0.00000
0.00000
0.00000
0.00000
-0.00003
-0.00003
-0.00003
-0.00003
-0.00003
-0.00003
0.00000
0.00000
0.00000
-0.00003
0.00000
0.00000
0.00000
0.00000
0.00000
0.00000
0.00000
0.00000
0.00000
-0.00003
-0.00006
-0.00003
0.00000
0.00000
0.00000
0.00000
0.00000
0.00000
-0.00006
0.00000
-0.00009
-0.00003
0.00000
-0.00006
0.00000
-0.00006
-0.00009
-0.00009
-0.00003
-0.00006
-0.00006
-0.00003
-0.00006
-0.00006
-0.00006
-0.00006
-0.00009
-0.00009
-0.00006
-0.00003
-0.00009
-0.00006
-0.00003
-0.00009
-0.00006
-0.00006
-0.00009
-0.00012
-0.00006
-0.00006
-0.00012
-0.00006
-0.00006
-0.00006
-0.00003
-0.00009
-0.00012
-0.00009
-0.00009
-0.00015
-0.00012
-0.00006
-0.00009
-0.00009
-0.00012
-0.00012
-0.00015
-0.00015
-0.00009
-0.00009
-0.00009
-0.00012
-0.00012
-0.00015
-0.00012
-0.00009
-0.00012
-0.00009
-0.00009
-0.00012
-0.00015
-0.00012
-0.00018
-0.00018
-0.00009
-0.00012
-0.00012
-0.00012
-0.00015
-0.00018
-0.00018
-0.00018
-0.00021
-0.00018
-0.00015
-0.00018
-0.00015
-0.00015
-0.00015
-0.00015
-0.00015
-0.00018
-0.00018
-0.00021
-0.00018
-0.00018
-0.00021
-0.00021
-0.00021
-0.00018
-0.00018
-0.00021
-0.00021
-0.00015
-0.00018
-0.00021
-0.00015
-0.00015
-0.00018
-0.00018
-0.00018
-0.00021
-0.00027
-0.00024
-0.00027
-0.00027
-0.00024
-0.00027
-0.00021
-0.00021
-0.00024
-0.00024
-0.00021
-0.00021
-0.00024
-0.00021
-0.00021
-0.00031
-0.00018
-0.00052
0.00012
-0.00098
0.00064
-0.00186
0.00186
-0.00360
0.00223
-0.05542
-0.07913
-0.01221
-0.03485
-0.01047
0.02643
0.03793
0.04294
0.06454
0.04843
0.00992
-0.00171
-0.02798
-0.02814
-0.00537
-0.00485
-0.01660
0.01212
0.01642
0.00162
0.01080
0.00955
-0.00500
0.00058
0.00458
-0.00549
-0.00113
0.00128
-0.00629
-0.00040
0.00616
-0.00119
-0.00272
0.00244
0.00018
-0.00363
0.00150
0.00455
0.00388
0.00461
0.00687
0.00253
-0.00031
-0.00058
-0.00253
-0.00388
-0.00311
-0.00287
-0.00418
-0.00232
0.00021
0.00049
0.00171
0.00485
0.00388
0.00195
0.00320
0.00296
0.00037
-0.00073
-0.00067
-0.00171
-0.00256
-0.00153
-0.00116
-0.00119
-0.00037
-0.00070
-0.00073
-0.00024
-0.00006
-0.00040
0.00040
0.00146
0.00018
-0.00092
-0.00040
-0.00110
-0.00159
-0.00232
-0.00153
-0.00119
-0.00183
-0.00034
-0.00070
-0.00031
0.00003
-0.00034
-0.00089
-0.00137
-0.00082
-0.00137
-0.00043
-0.00089
-0.00128
-0.00031
-0.00110
-0.00198
-0.00214
-0.00195
-0.00208
-0.00189
-0.00171
-0.00082
0.00000
0.00009
0.00037
0.00085
0.00076
0.00015
0.00021
-0.00003
-0.00095
-0.00137
-0.00186
-0.00217
-0.00226
-0.00226
-0.00195
-0.00171
-0.00122
-0.00092
-0.00052
-0.00003
-0.00018
-0.00037
-0.00046
-0.00067
-0.00110
-0.00134
-0.00116
-0.00116
-0.00116
-0.00113
-0.00104
-0.00095
-0.00110
-0.00101
-0.00073
-0.00061
-0.00049
-0.00034
0.00000
0.00009
0.00021
0.00037
0.00049
0.00037
-0.00003
-0.00024
-0.00037
-0.00085
-0.00125
-0.00122
-0.00104
-0.00095
-0.00076
-0.00049
-0.00049
-0.00034
-0.00006
0.00009
0.00027
0.00031
0.00018
0.00003
0.00000
0.00000
0.00000
0.00000
0.00000
0.00000
0.00000
0.00000
0.00000
0.00000
0.00000
0.00000
0.00000
0.00000
0.00000
0.00000
0.00000
0.00000
0.00000
0.00000
0.00000
0.00000
0.00000
0.00000
0.00000
0.00000
0.00000
0.00000
0.00000
0.00000
0.00000
0.00000
0.00000
0.00000
0.00000
0.00000
0.00000
0.00000
0.00000
0.00000
0.00000
0.00000
0.00000
0.00000
0.00000
0.00000
0.00000
0.00000
0.00000
0.00000
0.00000
0.00000
0.00000
0.00000
0.00000
0.00000
0.00000
0.00000
0.00000
0.00000
0.00000
0.00000
0.00000
0.00000
0.00000
0.00000
0.00000
0.00000
0.00000
0.00000
0.00000
0.00000
0.00000
0.00000
0.00000
0.00000
0.00000
0.00000
0.00000
0.00000
0.00000
0.00000
0.00000
0.00000
0.00000
0.00000
0.00000
0.00000
0.00000
0.00000
0.00000
0.00000
0.00000
0.00000
0.00000
0.00000
0.00000
0.00000
0.00000
0.00000
0.00000
0.00000
0.00000
0.00000
0.00000
0.00000
0.00000
0.00000
0.00000
0.00000
0.00000
0.00000
0.00000
0.00000
0.00000
0.00000
0.00000
0.00000
0.00000
0.00000
0.00000
0.00000
0.00000
0.00000
0.00000
0.00000
0.00000
0.00000
0.00000
0.00000
0.00000
0.00000
0.00000
0.00000
0.00000
0.00000
0.00000
0.00000
0.00000
0.00000
0.00000
0.00000
0.00000
0.00000
0.00000
0.00000
0.00000
0.00000
0.00000
0.00000
0.00000
0.00000
0.00000
0.00000
0.00000
0.00000
0.00000
0.00000
0.00000
