-0.00027
-0.00034
-0.00031
-0.00027
-0.00027
-0.00024
-0.00027
-0.00034
-0.00031
-0.00027
-0.00027
-0.00021
-0.00018
-0.00027
-0.00027
-0.00027
-0.00034
-0.00034
-0.00027
-0.00034
-0.00037
-0.00034
-0.00034
-0.00037
-0.00031
-0.00031
-0.00037
-0.00034
-0.00031
-0.00031
-0.00024
-0.00021
-0.00027
-0.00034
-0.00034
-0.00040
-0.00049
-0.00043
-0.00043
-0.00040
-0.00027
-0.00027
-0.00031
-0.00034
-0.00037
-0.00040
-0.00034
-0.00034
-0.00037
-0.00034
-0.00031
-0.00034
-0.00040
-0.00037
-0.00040
-0.00043
-0.00034
-0.00034
-0.00043
-0.00040
-0.00040
-0.00043
-0.00037
-0.00034
-0.00037
-0.00040
-0.00040
-0.00043
-0.00046
-0.00043
-0.00043
-0.00043
-0.00043
-0.00043
-0.00046
-0.00043
-0.00040
-0.00043
-0.00040
-0.00037
-0.00043
-0.00046
-0.00040
-0.00040
-0.00040
-0.00037
-0.00043
-0.00043
-0.00043
-0.00046
-0.00049
-0.00040
-0.00040
-0.00040
-0.00034
-0.00040
-0.00043
-0.00040
-0.00043
-0.00046
-0.00040
-0.00040
-0.00049
-0.00040
-0.00040
-0.00049
-0.00046
-0.00043
-0.00043
-0.00040
-0.00040
-0.00043
-0.00040
-0.00040
-0.00043
-0.00043
-0.00046
-0.00043
-0.00043
-0.00040
-0.00037
-0.00040
-0.00040
-0.00040
-0.00040
-0.00040
-0.00040
-0.00043
-0.00043
-0.00046
-0.00043
-0.00037
-0.00027
-0.00031
-0.00037
-0.00037
-0.00043
-0.00049
-0.00043
-0.00046
-0.00046
-0.00040
-0.00034
-0.00037
-0.00040
-0.00040
-0.00040
-0.00040
-0.00040
-0.00040
-0.00043
-0.00043
-0.00037
-0.00037
-0.00040
-0.00037
-0.00037
-0.00040
-0.00034
-0.00034
-0.00037
-0.00040
-0.00040
-0.00046
-0.00049
-0.00043
-0.00040
-0.00034
-0.00024
-0.00027
-0.00034
-0.00040
-0.00046
-0.00046
-0.00043
-0.00040
-0.00034
-0.00031
-0.00034
-0.00031
-0.00043
-0.00037
-0.00031
-0.00040
-0.00034
-0.00037
-0.00037
-0.00040
-0.00037
-0.00037
-0.00034
-0.00031
-0.00031
-0.00034
-0.00034
-0.00037
-0.00043
-0.00046
-0.00040
-0.00037
-0.00015
-0.00043
-0.00018
-0.00085
-0.00058
-0.00961
-0.01660
-0.02365
-0.03925
-0.02963
-0.00607
0.02066
0.03024
0.02914
0.02417
0.01645
0.00586
-0.00864
-0.01416
-0.01129
-0.00589
-0.00189
0.00388
0.00473
0.00235
0.00250
0.00375
0.00439
0.00354
0.00049
-0.00098
0.00027
0.00198
0.00180
0.00226
0.00247
0.00052
-0.00070
-0.00092
-0.00116
-0.00064
0.00055
0.00168
0.00217
0.00195
0.00241
0.00229
0.00198
0.00076
0.00006
-0.00073
-0.00119
-0.00076
-0.00067
0.00027
0.00070
0.00040
0.00003
0.00082
0.00143
0.00156
0.00211
0.00195
0.00119
0.00043
0.00012
0.00006
-0.00009
-0.00046
-0.00104
-0.00165
-0.00113
-0.00027
0.00006
0.00110
0.00113
0.00024
0.00043
0.00046
-0.00040
-0.00064
-0.00006
-0.00043
-0.00055
-0.00089
-0.00107
-0.00049
-0.00012
-0.00043
-0.00079
-0.00076
-0.00110
-0.00107
-0.00043
-0.00009
-0.00049
-0.00049
-0.00058
-0.00055
-0.00021
0.00000
0.00000
0.00000
0.00000
0.00000
0.00000
0.00000
0.00000
0.00000
0.00000
0.00000
0.00000
0.00000
0.00000
0.00000
0.00000
0.00000
0.00000
0.00000
0.00000
0.00000
0.00000
0.00000
0.00000
0.00000
0.00000
0.00000
0.00000
0.00000
0.00000
0.00000
0.00000
0.00000
0.00000
0.00000
0.00000
0.00000
0.00000
0.00000
0.00000
0.00000
0.00000
0.00000
0.00000
0.00000
0.00000
0.00000
0.00000
0.00000
0.00000
0.00000
0.00000
0.00000
0.00000
0.00000
0.00000
0.00000
0.00000
0.00000
0.00000
0.00000
0.00000
0.00000
0.00000
0.00000
0.00000
0.00000
0.00000
0.00000
0.00000
0.00000
0.00000
0.00000
0.00000
0.00000
0.00000
0.00000
0.00000
0.00000
0.00000
0.00000
0.00000
0.00000
0.00000
0.00000
0.00000
0.00000
0.00000
0.00000
0.00000
0.00000
0.00000
0.00000
0.00000
0.00000
0.00000
0.00000
0.00000
0.00000
0.00000
0.00000
0.00000
0.00000
0.00000
0.00000
0.00000
0.00000
0.00000
0.00000
0.00000
0.00000
0.00000
0.00000
0.00000
0.00000
0.00000
0.00000
0.00000
0.00000
0.00000
0.00000
0.00000
0.00000
0.00000
0.00000
0.00000
0.00000
0.00000
0.00000
0.00000
0.00000
0.00000
0.00000
0.00000
0.00000
0.00000
0.00000
0.00000
0.00000
0.00000
0.00000
0.00000
0.00000
0.00000
0.00000
0.00000
0.00000
0.00000
0.00000
0.00000
0.00000
0.00000
0.00000
0.00000
0.00000
0.00000
0.00000
0.00000
0.00000
0.00000
0.00000
0.00000
0.00000
0.00000
0.00000
0.00000
0.00000
0.00000
0.00000
0.00000
0.00000
0.00000
0.00000
0.00000
0.00000
0.00000
0.00000
0.00000
0.00000
0.00000
0.00000
0.00000
0.00000
0.00000
0.00000
0.00000
0.00000
0.00000
0.00000
0.00000
0.00000
0.00000
0.00000
0.00000
0.00000
0.00000
0.00000
0.00000
0.00000
0.00000
0.00000
0.00000
0.00000
0.00000
0.00000
0.00000
0.00000
0.00000
0.00000
0.00000
0.00000
0.00000
