-0.00018
-0.00024
-0.00021
-0.00021
-0.00024
-0.00024
-0.00021
-0.00018
-0.00018
-0.00021
-0.00021
-0.00018
-0.00021
-0.00018
-0.00015
-0.00021
-0.00027
-0.00021
-0.00021
-0.00018
-0.00015
-0.00012
-0.00015
-0.00015
-0.00012
-0.00018
-0.00021
-0.00021
-0.00024
-0.00024
-0.00018
-0.00015
-0.00015
-0.00015
-0.00012
-0.00012
-0.00018
-0.00018
-0.00024
-0.00031
-0.00024
-0.00018
-0.00012
-0.00012
-0.00015
-0.00018
-0.00015
-0.00012
-0.00012
-0.00015
-0.00012
-0.00015
-0.00018
-0.00015
-0.00015
-0.00015
-0.00012
-0.00012
-0.00015
-0.00012
-0.00012
-0.00012
-0.00012
-0.00012
-0.00015
-0.00015
-0.00012
-0.00015
-0.00018
-0.00018
-0.00018
-0.00018
-0.00012
-0.00009
-0.00009
-0.00012
-0.00018
-0.00018
-0.00021
-0.00021
-0.00018
-0.00012
-0.00012
-0.00003
-0.00003
-0.00006
-0.00009
-0.00018
-0.00021
-0.00021
-0.00018
-0.00012
-0.00009
0.00000
0.00000
-0.00003
-0.00009
-0.00012
-0.00018
-0.00015
-0.00012
-0.00012
-0.00009
-0.00006
-0.00006
-0.00012
-0.00012
-0.00015
-0.00018
-0.00015
-0.00012
-0.00009
-0.00015
-0.00012
-0.00009
-0.00012
-0.00009
-0.00006
-0.00006
-0.00003
-0.00003
-0.00009
-0.00009
-0.00012
-0.00015
-0.00015
-0.00018
-0.00015
-0.00012
-0.00006
-0.00003
-0.00006
-0.00009
-0.00009
-0.00015
-0.00015
-0.00015
-0.00015
-0.00012
-0.00012
-0.00006
-0.00003
-0.00006
-0.00018
-0.00018
-0.00015
-0.00015
-0.00012
-0.00009
-0.00009
-0.00012
-0.00018
-0.00018
-0.00015
-0.00015
-0.00012
-0.00012
-0.00012
-0.00015
-0.00015
-0.00012
-0.00012
-0.00015
-0.00018
-0.00012
-0.00012
-0.00018
-0.00015
-0.00012
-0.00012
-0.00015
-0.00012
-0.00015
-0.00015
-0.00018
-0.00024
-0.00018
-0.00018
-0.00018
-0.00012
-0.00012
-0.00015
-0.00024
-0.00006
-0.00015
-0.00024
-0.00018
-0.00018
-0.00012
-0.00015
-0.00012
-0.00012
-0.00012
-0.00015
-0.00021
-0.00024
-0.00012
-0.00037
-0.00006
-0.00040
0.00037
-0.00061
-0.00018
-0.01538
-0.02643
-0.02414
-0.02206
0.00229
0.02081
0.02347
0.01242
0.00885
0.00037
-0.00690
-0.01166
-0.01382
-0.00546
0.00476
0.00897
0.00806
0.01041
0.00589
0.00146
0.00266
0.00217
-0.00140
-0.00049
-0.00024
0.00012
0.00241
0.00275
0.00098
0.00165
0.00189
-0.00003
0.00003
0.00061
-0.00027
-0.00027
0.00189
0.00235
0.00247
0.00223
0.00220
0.00107
-0.00037
-0.00003
0.00052
0.00034
0.00079
0.00098
0.00009
-0.00043
0.00000
-0.00018
0.00098
0.00232
0.00168
0.00125
0.00107
0.00061
-0.00015
0.00003
0.00018
0.00003
0.00037
0.00040
0.00040
0.00049
0.00021
-0.00043
-0.00027
-0.00089
-0.00104
0.00052
0.00037
0.00067
0.00116
0.00015
-0.00015
0.00015
-0.00076
-0.00204
-0.00085
-0.00122
-0.00134
-0.00027
-0.00021
-0.00046
0.00006
-0.00012
-0.00067
-0.00037
-0.00031
-0.00046
-0.00040
-0.00040
-0.00125
-0.00128
-0.00113
-0.00137
-0.00095
-0.00085
-0.00079
-0.00070
-0.00064
-0.00067
-0.00079
-0.00055
-0.00049
-0.00027
-0.00015
-0.00046
-0.00067
-0.00079
-0.00082
-0.00076
-0.00079
-0.00107
-0.00122
-0.00098
-0.00067
-0.00055
-0.00040
-0.00027
-0.00037
-0.00067
-0.00064
0.00000
0.00000
0.00000
0.00000
0.00000
0.00000
0.00000
0.00000
0.00000
0.00000
0.00000
0.00000
0.00000
0.00000
0.00000
0.00000
0.00000
0.00000
0.00000
0.00000
0.00000
0.00000
0.00000
0.00000
0.00000
0.00000
0.00000
0.00000
0.00000
0.00000
0.00000
0.00000
0.00000
0.00000
0.00000
0.00000
0.00000
0.00000
0.00000
0.00000
0.00000
0.00000
0.00000
0.00000
0.00000
0.00000
0.00000
0.00000
0.00000
0.00000
0.00000
0.00000
0.00000
0.00000
0.00000
0.00000
0.00000
0.00000
0.00000
0.00000
0.00000
0.00000
0.00000
0.00000
0.00000
0.00000
0.00000
0.00000
0.00000
0.00000
0.00000
0.00000
0.00000
0.00000
0.00000
0.00000
0.00000
0.00000
0.00000
0.00000
0.00000
0.00000
0.00000
0.00000
0.00000
0.00000
0.00000
0.00000
0.00000
0.00000
0.00000
0.00000
0.00000
0.00000
0.00000
0.00000
0.00000
0.00000
0.00000
0.00000
0.00000
0.00000
0.00000
0.00000
0.00000
0.00000
0.00000
0.00000
0.00000
0.00000
0.00000
0.00000
0.00000
0.00000
0.00000
0.00000
0.00000
0.00000
0.00000
0.00000
0.00000
0.00000
0.00000
0.00000
0.00000
0.00000
0.00000
0.00000
0.00000
0.00000
0.00000
0.00000
0.00000
0.00000
0.00000
0.00000
0.00000
0.00000
0.00000
0.00000
0.00000
0.00000
0.00000
0.00000
0.00000
0.00000
0.00000
0.00000
0.00000
0.00000
0.00000
0.00000
0.00000
0.00000
0.00000
0.00000
0.00000
0.00000
0.00000
0.00000
0.00000
0.00000
0.00000
0.00000
0.00000
0.00000
0.00000
0.00000
0.00000
0.00000
0.00000
0.00000
0.00000
0.00000
0.00000
0.00000
0.00000
0.00000
0.00000
0.00000
0.00000
0.00000
0.00000
0.00000
