-0.00012
-0.00018
-0.00012
-0.00012
-0.00009
-0.00006
-0.00006
-0.00003
-0.00006
-0.00012
-0.00012
-0.00009
-0.00006
-0.00009
-0.00009
-0.00006
-0.00012
-0.00012
-0.00009
-0.00006
-0.00009
-0.00009
-0.00006
0.00000
-0.00003
-0.00006
-0.00006
-0.00006
-0.00006
-0.00009
-0.00012
-0.00009
-0.00006
-0.00006
-0.00006
-0.00003
-0.00009
-0.00009
-0.00009
-0.00006
-0.00006
-0.00012
-0.00009
-0.00003
-0.00009
-0.00006
0.00000
0.00000
-0.00006
-0.00006
-0.00006
-0.00012
-0.00015
-0.00015
-0.00012
-0.00009
-0.00006
-0.00003
0.00000
-0.00006
-0.00009
-0.00006
-0.00009
-0.00009
-0.00009
-0.00009
-0.00009
-0.00009
-0.00006
-0.00009
-0.00015
-0.00018
-0.00012
-0.00006
-0.00003
-0.00003
-0.00003
-0.00006
-0.00009
-0.00006
-0.00009
-0.00009
-0.00003
0.00000
0.00000
-0.00003
-0.00009
-0.00012
-0.00015
-0.00012
-0.00009
-0.00006
-0.00006
-0.00003
-0.00003
-0.00006
-0.00009
-0.00009
-0.00012
-0.00009
-0.00012
-0.00015
-0.00015
-0.00009
-0.00009
-0.00009
-0.00006
-0.00003
-0.00003
0.00000
0.00000
-0.00003
-0.00006
-0.00009
-0.00015
-0.00018
-0.00018
-0.00015
-0.00009
-0.00009
-0.00003
-0.00006
-0.00006
-0.00009
-0.00006
-0.00006
-0.00006
-0.00006
-0.00009
-0.00006
-0.00009
-0.00009
-0.00009
-0.00009
-0.00009
-0.00009
-0.00006
-0.00009
-0.00009
-0.00012
-0.00009
-0.00003
0.00000
-0.00003
-0.00003
-0.00003
-0.00006
-0.00009
-0.00012
-0.00015
-0.00012
-0.00006
-0.00003
-0.00006
-0.00006
-0.00009
-0.00009
-0.00009
-0.00006
-0.00009
-0.00012
-0.00012
-0.00009
-0.00012
-0.00009
-0.00003
-0.00006
-0.00009
-0.00006
-0.00012
-0.00015
-0.00012
-0.00009
-0.00009
-0.00009
-0.00006
-0.00006
-0.00009
-0.00009
-0.00009
-0.00012
-0.00015
-0.00018
-0.00006
-0.00006
-0.00015
-0.00012
-0.00015
-0.00009
-0.00012
-0.00009
-0.00006
0.00000
-0.00021
-0.00015
-0.00024
-0.00009
-0.00034
0.00000
-0.00009
0.00003
-0.00543
-0.02621
-0.02618
-0.02789
-0.01254
0.01651
0.02896
0.02237
0.01053
0.01102
0.00247
-0.00757
-0.01819
-0.01450
-0.00583
-0.00067
-0.00085
0.00616
0.01166
0.00745
0.00659
0.00812
0.00342
-0.00128
-0.00125
-0.00104
0.00046
0.00125
0.00098
0.00110
0.00253
0.00064
-0.00027
0.00052
0.00076
-0.00006
0.00046
0.00143
0.00201
0.00262
0.00330
0.00308
0.00095
0.00003
-0.00128
-0.00070
0.00034
0.00027
0.00052
0.00058
0.00006
-0.00024
0.00073
0.00165
0.00171
0.00186
0.00159
0.00150
0.00058
-0.00027
-0.00040
0.00000
-0.00015
-0.00037
0.00031
0.00031
0.00000
0.00015
0.00058
0.00012
-0.00012
-0.00055
-0.00089
0.00101
0.00052
0.00031
0.00101
-0.00006
-0.00076
-0.00037
-0.00061
-0.00174
-0.00122
-0.00113
-0.00131
-0.00034
-0.00009
-0.00009
0.00049
0.00009
-0.00067
-0.00046
-0.00034
-0.00064
-0.00073
-0.00043
-0.00110
-0.00131
-0.00125
-0.00171
-0.00125
-0.00095
-0.00076
-0.00034
-0.00018
-0.00015
-0.00046
-0.00034
-0.00021
-0.00027
-0.00006
-0.00034
-0.00085
-0.00134
-0.00150
-0.00122
-0.00101
-0.00113
-0.00113
-0.00082
-0.00055
-0.00027
-0.00003
-0.00003
-0.00024
-0.00058
-0.00073
-0.00089
-0.00128
-0.00171
-0.00150
-0.00079
-0.00046
-0.00031
-0.00043
-0.00079
-0.00107
-0.00085
-0.00046
-0.00037
-0.00058
-0.00082
-0.00082
-0.00082
-0.00064
-0.00021
0.00000
-0.00006
-0.00018
-0.00021
-0.00031
-0.00052
-0.00052
-0.00049
-0.00058
-0.00070
-0.00064
-0.00037
-0.00018
-0.00015
-0.00018
-0.00024
-0.00034
0.00000
0.00000
0.00000
0.00000
0.00000
0.00000
0.00000
0.00000
0.00000
0.00000
0.00000
0.00000
0.00000
0.00000
0.00000
0.00000
0.00000
0.00000
0.00000
0.00000
0.00000
0.00000
0.00000
0.00000
0.00000
0.00000
0.00000
0.00000
0.00000
0.00000
0.00000
0.00000
0.00000
0.00000
0.00000
0.00000
0.00000
0.00000
0.00000
0.00000
0.00000
0.00000
0.00000
0.00000
0.00000
0.00000
0.00000
0.00000
0.00000
0.00000
0.00000
0.00000
0.00000
0.00000
0.00000
0.00000
0.00000
0.00000
0.00000
0.00000
0.00000
0.00000
0.00000
0.00000
0.00000
0.00000
0.00000
0.00000
0.00000
0.00000
0.00000
0.00000
0.00000
0.00000
0.00000
0.00000
0.00000
0.00000
0.00000
0.00000
0.00000
0.00000
0.00000
0.00000
0.00000
0.00000
0.00000
0.00000
0.00000
0.00000
0.00000
0.00000
0.00000
0.00000
0.00000
0.00000
0.00000
0.00000
0.00000
0.00000
0.00000
0.00000
0.00000
0.00000
0.00000
0.00000
0.00000
0.00000
0.00000
0.00000
0.00000
0.00000
0.00000
0.00000
0.00000
0.00000
0.00000
0.00000
0.00000
0.00000
0.00000
0.00000
0.00000
0.00000
0.00000
0.00000
0.00000
0.00000
0.00000
0.00000
0.00000
0.00000
0.00000
0.00000
0.00000
0.00000
0.00000
0.00000
0.00000
0.00000
0.00000
0.00000
0.00000
0.00000
0.00000
0.00000
0.00000
0.00000
