-0.00015
-0.00018
-0.00015
-0.00012
-0.00009
0.00000
0.00000
0.00000
-0.00012
-0.00018
-0.00018
-0.00015
-0.00003
0.00003
-0.00003
-0.00009
-0.00003
-0.00003
-0.00003
-0.00003
-0.00012
-0.00009
-0.00015
-0.00012
-0.00009
-0.00009
-0.00006
-0.00003
0.00000
0.00003
0.00009
0.00000
-0.00006
-0.00012
-0.00015
-0.00009
-0.00006
0.00003
0.00000
0.00000
0.00006
-0.00003
-0.00006
-0.00009
-0.00015
-0.00015
-0.00009
-0.00015
-0.00015
-0.00006
-0.00006
-0.00003
0.00003
0.00000
-0.00006
0.00000
-0.00003
-0.00003
-0.00003
0.00000
0.00000
0.00000
0.00000
-0.00003
-0.00006
-0.00009
-0.00003
-0.00009
0.00006
0.00003
-0.00003
-0.00003
-0.00009
-0.00009
-0.00021
-0.00024
-0.00015
0.00000
0.00000
0.00006
0.00015
0.00012
0.00003
-0.00003
-0.00012
-0.00021
-0.00021
-0.00018
-0.00009
-0.00003
-0.00003
-0.00009
-0.00006
-0.00003
-0.00009
-0.00003
0.00006
0.00003
0.00000
0.00000
-0.00012
-0.00009
-0.00006
-0.00006
-0.00006
0.00000
-0.00003
-0.00009
-0.00003
-0.00009
-0.00021
-0.00018
-0.00003
0.00000
0.00003
0.00003
0.00003
0.00000
-0.00009
-0.00009
-0.00006
-0.00009
-0.00009
-0.00003
-0.00003
-0.00006
-0.00009
-0.00009
0.00000
0.00000
0.00000
0.00000
-0.00003
-0.00012
-0.00021
-0.00006
-0.00006
0.00000
0.00003
0.00006
0.00006
0.00000
-0.00006
-0.00015
-0.00015
-0.00015
-0.00006
0.00000
0.00003
0.00003
-0.00006
-0.00003
-0.00009
-0.00012
-0.00012
-0.00009
0.00000
0.00000
0.00000
0.00000
0.00000
0.00000
-0.00012
-0.00012
-0.00006
-0.00003
0.00000
0.00003
0.00006
0.00000
0.00003
0.00000
-0.00003
-0.00015
-0.00024
-0.00021
-0.00018
-0.00018
-0.00009
-0.00003
0.00006
0.00000
0.00024
-0.00031
0.00040
-0.00061
0.00031
-0.00092
0.00049
-0.00061
0.00015
-0.01700
-0.09525
-0.05215
-0.06024
0.01364
0.10202
0.09290
0.05240
-0.00323
0.01987
-0.01840
-0.03491
-0.03522
-0.01431
0.01157
0.01627
-0.00360
0.00946
0.00827
-0.01013
-0.00073
0.01569
0.00430
-0.00555
0.00201
0.00162
0.00116
0.00189
-0.00079
-0.00467
0.00290
-0.00394
-0.00528
0.00037
0.00296
-0.00256
0.00110
0.00620
0.00375
0.00342
0.00656
0.00504
-0.00159
-0.00262
-0.00250
-0.00015
0.00000
0.00162
-0.00040
-0.00146
-0.00092
0.00095
0.00262
0.00568
0.00360
0.00037
0.00116
0.00159
-0.00009
-0.00180
-0.00015
0.00003
-0.00168
-0.00110
0.00021
-0.00034
-0.00049
-0.00018
0.00040
0.00000
0.00012
0.00076
0.00058
0.00208
0.00085
-0.00027
-0.00052
-0.00134
-0.00253
-0.00186
-0.00070
-0.00067
-0.00143
-0.00085
-0.00119
0.00040
0.00024
0.00058
0.00104
0.00073
-0.00061
-0.00009
-0.00043
-0.00183
-0.00153
-0.00162
-0.00110
-0.00168
-0.00174
-0.00183
-0.00186
-0.00159
-0.00146
0.00024
0.00159
0.00055
0.00009
0.00079
0.00089
0.00021
-0.00006
-0.00018
-0.00131
-0.00183
-0.00217
-0.00244
-0.00241
-0.00180
-0.00085
-0.00037
-0.00012
-0.00021
-0.00024
-0.00018
-0.00040
-0.00046
-0.00058
-0.00076
-0.00098
-0.00122
-0.00119
-0.00116
-0.00098
-0.00055
-0.00031
-0.00070
-0.00122
-0.00116
-0.00067
-0.00058
-0.00024
0.00003
0.00006
0.00012
0.00018
0.00052
0.00031
-0.00021
-0.00055
-0.00037
-0.00009
-0.00049
-0.00098
-0.00104
-0.00110
-0.00092
-0.00040
-0.00003
-0.00009
-0.00040
-0.00021
-0.00006
0.00000
0.00012
0.00012
0.00009
-0.00009
-0.00024
-0.00037
-0.00082
-0.00119
-0.00153
-0.00153
-0.00125
-0.00079
0.00000
0.00073
0.00095
0.00073
0.00024
0.00058
0.00098
0.00061
0.00049
0.00000
0.00000
0.00000
0.00000
0.00000
0.00000
0.00000
0.00000
0.00000
0.00000
0.00000
0.00000
0.00000
0.00000
0.00000
0.00000
0.00000
0.00000
0.00000
0.00000
0.00000
0.00000
0.00000
0.00000
0.00000
0.00000
0.00000
0.00000
0.00000
0.00000
0.00000
0.00000
0.00000
0.00000
0.00000
0.00000
0.00000
0.00000
0.00000
0.00000
0.00000
0.00000
0.00000
0.00000
0.00000
0.00000
0.00000
0.00000
0.00000
0.00000
0.00000
0.00000
0.00000
0.00000
0.00000
0.00000
0.00000
0.00000
0.00000
0.00000
0.00000
0.00000
0.00000
0.00000
0.00000
0.00000
0.00000
0.00000
0.00000
0.00000
0.00000
0.00000
0.00000
0.00000
0.00000
0.00000
0.00000
0.00000
0.00000
0.00000
0.00000
0.00000
0.00000
0.00000
0.00000
0.00000
0.00000
0.00000
0.00000
0.00000
0.00000
0.00000
0.00000
0.00000
0.00000
0.00000
0.00000
0.00000
0.00000
0.00000
0.00000
0.00000
0.00000
0.00000
0.00000
0.00000
0.00000
0.00000
0.00000
0.00000
0.00000
0.00000
0.00000
0.00000
0.00000
0.00000
0.00000
0.00000
0.00000
0.00000
0.00000
0.00000
0.00000
0.00000
0.00000
0.00000
0.00000
0.00000
0.00000
0.00000
0.00000
0.00000
0.00000
0.00000
0.00000
0.00000
0.00000
