-0.00006
-0.00009
-0.00009
-0.00009
-0.00012
-0.00015
-0.00015
-0.00015
-0.00012
-0.00006
0.00000
-0.00006
-0.00009
-0.00006
-0.00006
-0.00015
-0.00012
-0.00012
-0.00018
-0.00018
-0.00012
-0.00018
-0.00018
-0.00006
-0.00009
-0.00012
-0.00006
-0.00009
-0.00009
-0.00006
-0.00006
-0.00009
-0.00009
-0.00006
-0.00012
-0.00009
-0.00009
-0.00018
-0.00021
-0.00021
-0.00021
-0.00021
-0.00015
-0.00015
-0.00009
-0.00006
-0.00006
-0.00006
-0.00009
-0.00012
-0.00009
-0.00009
-0.00009
-0.00012
-0.00018
-0.00018
-0.00018
-0.00009
-0.00021
-0.00009
0.00000
-0.00015
-0.00012
-0.00012
-0.00015
-0.00018
-0.00012
-0.00018
-0.00021
-0.00018
-0.00021
-0.00021
-0.00015
-0.00012
-0.00012
-0.00009
-0.00006
-0.00009
-0.00012
-0.00009
-0.00012
-0.00021
-0.00018
-0.00015
-0.00012
-0.00015
-0.00012
-0.00009
-0.00018
-0.00015
-0.00009
-0.00015
-0.00015
-0.00015
-0.00012
-0.00009
-0.00006
-0.00006
-0.00012
-0.00012
-0.00012
-0.00015
-0.00012
-0.00009
-0.00018
-0.00015
-0.00009
-0.00015
-0.00015
-0.00012
-0.00009
-0.00015
-0.00009
-0.00006
-0.00012
-0.00009
-0.00012
-0.00015
-0.00018
-0.00015
-0.00018
-0.00021
-0.00018
-0.00015
-0.00012
-0.00006
0.00000
0.00000
-0.00003
-0.00006
-0.00015
-0.00018
-0.00012
-0.00015
-0.00012
-0.00006
-0.00012
-0.00012
-0.00009
-0.00009
-0.00012
-0.00015
-0.00015
-0.00018
-0.00018
-0.00018
-0.00018
-0.00012
-0.00012
-0.00012
-0.00009
0.00000
-0.00003
-0.00012
-0.00015
-0.00018
-0.00018
-0.00018
-0.00012
-0.00009
-0.00009
-0.00009
-0.00009
-0.00006
-0.00009
-0.00012
-0.00006
-0.00009
-0.00012
-0.00012
-0.00015
-0.00018
-0.00015
-0.00015
-0.00009
-0.00012
-0.00006
-0.00040
0.00031
-0.00092
0.00104
-0.00211
0.00278
-0.00467
0.00293
-0.07571
-0.08722
-0.00189
-0.02020
-0.00122
0.02402
0.03662
0.03812
0.07401
0.04324
0.00482
-0.00153
-0.02130
-0.02322
-0.00241
-0.00873
-0.02466
0.01096
0.01706
0.00006
0.01373
0.01532
-0.00674
0.00272
0.00833
-0.00443
-0.00055
0.00085
-0.01035
-0.00296
0.00406
-0.00507
-0.00342
0.00748
0.00565
-0.00040
0.00412
0.00381
0.00095
0.00079
0.00446
0.00195
0.00159
0.00153
-0.00021
-0.00177
-0.00101
-0.00272
-0.00534
-0.00308
0.00043
-0.00027
0.00070
0.00491
0.00381
0.00192
0.00351
0.00308
0.00006
-0.00067
-0.00021
-0.00168
-0.00256
-0.00146
-0.00143
-0.00125
-0.00009
-0.00043
-0.00015
0.00037
0.00043
-0.00052
0.00040
0.00143
0.00043
-0.00040
0.00009
-0.00104
-0.00201
-0.00201
-0.00110
-0.00201
-0.00208
-0.00070
-0.00089
0.00000
0.00040
0.00024
0.00027
-0.00006
-0.00061
-0.00134
-0.00079
-0.00110
-0.00122
-0.00092
-0.00131
-0.00159
-0.00168
-0.00189
-0.00195
-0.00156
-0.00125
-0.00027
0.00003
0.00021
0.00070
0.00110
0.00122
0.00055
0.00018
-0.00037
-0.00119
-0.00146
-0.00165
-0.00146
-0.00168
-0.00211
-0.00183
-0.00143
-0.00104
-0.00061
-0.00027
0.00006
-0.00006
-0.00024
-0.00037
-0.00073
-0.00110
-0.00119
-0.00095
-0.00089
-0.00101
-0.00076
-0.00055
-0.00070
-0.00104
-0.00095
-0.00064
-0.00046
-0.00031
0.00000
0.00040
0.00043
0.00043
0.00061
0.00067
0.00046
0.00000
-0.00003
-0.00024
-0.00079
-0.00113
-0.00095
-0.00067
-0.00076
-0.00064
-0.00040
-0.00034
-0.00021
0.00015
0.00046
0.00055
0.00049
0.00040
0.00034
0.00009
-0.00012
0.00000
0.00000
0.00000
0.00000
0.00000
0.00000
0.00000
0.00000
0.00000
0.00000
0.00000
0.00000
0.00000
0.00000
0.00000
0.00000
0.00000
0.00000
0.00000
0.00000
0.00000
0.00000
0.00000
0.00000
0.00000
0.00000
0.00000
0.00000
0.00000
0.00000
0.00000
0.00000
0.00000
0.00000
0.00000
0.00000
0.00000
0.00000
0.00000
0.00000
0.00000
0.00000
0.00000
0.00000
0.00000
0.00000
0.00000
0.00000
0.00000
0.00000
0.00000
0.00000
0.00000
0.00000
0.00000
0.00000
0.00000
0.00000
0.00000
0.00000
0.00000
0.00000
0.00000
0.00000
0.00000
0.00000
0.00000
0.00000
0.00000
0.00000
0.00000
0.00000
0.00000
0.00000
0.00000
0.00000
0.00000
0.00000
0.00000
0.00000
0.00000
0.00000
0.00000
0.00000
0.00000
0.00000
0.00000
0.00000
0.00000
0.00000
0.00000
0.00000
0.00000
0.00000
0.00000
0.00000
0.00000
0.00000
0.00000
0.00000
0.00000
0.00000
0.00000
0.00000
0.00000
0.00000
0.00000
0.00000
0.00000
0.00000
0.00000
0.00000
0.00000
0.00000
0.00000
0.00000
0.00000
0.00000
0.00000
0.00000
0.00000
0.00000
0.00000
0.00000
0.00000
0.00000
0.00000
0.00000
0.00000
0.00000
0.00000
0.00000
0.00000
0.00000
0.00000
0.00000
0.00000
0.00000
0.00000
0.00000
0.00000
0.00000
0.00000
0.00000
0.00000
0.00000
0.00000
0.00000
0.00000
0.00000
0.00000
0.00000
0.00000
0.00000
0.00000
0.00000
0.00000
0.00000
0.00000
