-0.00018
-0.00024
-0.00027
-0.00027
-0.00027
-0.00027
-0.00031
-0.00024
-0.00021
-0.00021
-0.00024
-0.00024
-0.00027
-0.00027
-0.00027
-0.00024
-0.00021
-0.00024
-0.00024
-0.00021
-0.00024
-0.00027
-0.00021
-0.00018
-0.00027
-0.00027
-0.00027
-0.00034
-0.00031
-0.00021
-0.00021
-0.00024
-0.00021
-0.00021
-0.00024
-0.00027
-0.00027
-0.00024
-0.00024
-0.00021
-0.00018
-0.00024
-0.00024
-0.00024
-0.00027
-0.00031
-0.00027
-0.00027
-0.00027
-0.00024
-0.00027
-0.00031
-0.00031
-0.00027
-0.00027
-0.00021
-0.00015
-0.00018
-0.00018
-0.00015
-0.00024
-0.00031
-0.00027
-0.00031
-0.00031
-0.00027
-0.00021
-0.00024
-0.00024
-0.00024
-0.00024
-0.00027
-0.00024
-0.00024
-0.00027
-0.00027
-0.00031
-0.00027
-0.00031
-0.00027
-0.00027
-0.00024
-0.00024
-0.00021
-0.00024
-0.00034
-0.00034
-0.00034
-0.00034
-0.00031
-0.00027
-0.00027
-0.00024
-0.00021
-0.00024
-0.00027
-0.00024
-0.00024
-0.00024
-0.00021
-0.00024
-0.00031
-0.00031
-0.00027
-0.00027
-0.00027
-0.00024
-0.00024
-0.00024
-0.00024
-0.00031
-0.00031
-0.00024
-0.00021
-0.00018
-0.00018
-0.00018
-0.00024
-0.00031
-0.00034
-0.00034
-0.00034
-0.00031
-0.00021
-0.00018
-0.00015
-0.00018
-0.00024
-0.00031
-0.00034
-0.00034
-0.00027
-0.00021
-0.00024
-0.00018
-0.00012
-0.00012
-0.00018
-0.00018
-0.00021
-0.00031
-0.00031
-0.00027
-0.00027
-0.00021
-0.00021
-0.00018
-0.00012
-0.00015
-0.00015
-0.00018
-0.00024
-0.00031
-0.00034
-0.00027
-0.00024
-0.00024
-0.00018
-0.00015
-0.00015
-0.00015
-0.00018
-0.00024
-0.00027
-0.00024
-0.00021
-0.00018
-0.00018
-0.00018
-0.00018
-0.00012
-0.00012
-0.00015
-0.00018
-0.00021
-0.00018
-0.00015
-0.00018
-0.00018
-0.00018
-0.00034
-0.00018
-0.00012
-0.00024
-0.00015
-0.00012
-0.00021
-0.00018
-0.00012
-0.00015
-0.00012
-0.00006
-0.00009
-0.00015
-0.00009
-0.00015
-0.00021
-0.00021
-0.00037
-0.00031
-0.00031
-0.00018
-0.00027
0.00015
0.00000
0.00000
-0.00693
-0.03030
-0.04401
-0.04019
-0.01508
0.01440
0.03265
0.03735
0.02777
0.02112
0.01053
-0.00607
-0.01666
-0.01617
-0.00760
0.00156
0.00485
0.00430
0.00333
0.00275
0.00278
0.00400
0.00470
0.00058
-0.00174
0.00061
0.00183
0.00226
0.00296
0.00201
0.00070
0.00027
-0.00046
-0.00162
-0.00064
0.00064
0.00043
0.00198
0.00287
0.00266
0.00278
0.00308
0.00143
-0.00046
-0.00076
-0.00122
-0.00070
0.00015
0.00055
0.00061
0.00015
-0.00006
0.00003
0.00122
0.00204
0.00211
0.00229
0.00174
0.00095
0.00024
-0.00009
0.00000
-0.00031
-0.00079
-0.00125
-0.00146
-0.00024
-0.00003
0.00058
0.00134
0.00043
0.00043
0.00073
0.00006
-0.00067
-0.00009
-0.00024
-0.00076
-0.00070
-0.00104
-0.00089
0.00003
-0.00021
-0.00073
-0.00079
-0.00107
-0.00092
-0.00037
0.00012
-0.00037
-0.00055
-0.00043
-0.00058
-0.00021
-0.00018
-0.00046
-0.00055
0.00000
0.00000
0.00000
0.00000
0.00000
0.00000
0.00000
0.00000
0.00000
0.00000
0.00000
0.00000
0.00000
0.00000
0.00000
0.00000
0.00000
0.00000
0.00000
0.00000
0.00000
0.00000
0.00000
0.00000
0.00000
0.00000
0.00000
0.00000
0.00000
0.00000
0.00000
0.00000
0.00000
0.00000
0.00000
0.00000
0.00000
0.00000
0.00000
0.00000
0.00000
0.00000
0.00000
0.00000
0.00000
0.00000
0.00000
0.00000
0.00000
0.00000
0.00000
0.00000
0.00000
0.00000
0.00000
0.00000
0.00000
0.00000
0.00000
0.00000
0.00000
0.00000
0.00000
0.00000
0.00000
0.00000
0.00000
0.00000
0.00000
0.00000
0.00000
0.00000
0.00000
0.00000
0.00000
0.00000
0.00000
0.00000
0.00000
0.00000
0.00000
0.00000
0.00000
0.00000
0.00000
0.00000
0.00000
0.00000
0.00000
0.00000
0.00000
0.00000
0.00000
0.00000
0.00000
0.00000
0.00000
0.00000
0.00000
0.00000
0.00000
0.00000
0.00000
0.00000
0.00000
0.00000
0.00000
0.00000
0.00000
0.00000
0.00000
0.00000
0.00000
0.00000
0.00000
0.00000
0.00000
0.00000
0.00000
0.00000
0.00000
0.00000
0.00000
0.00000
0.00000
0.00000
0.00000
0.00000
0.00000
0.00000
0.00000
0.00000
0.00000
0.00000
0.00000
0.00000
0.00000
0.00000
0.00000
0.00000
0.00000
0.00000
0.00000
0.00000
0.00000
0.00000
0.00000
0.00000
0.00000
0.00000
0.00000
0.00000
0.00000
0.00000
0.00000
0.00000
0.00000
0.00000
0.00000
0.00000
0.00000
0.00000
0.00000
0.00000
0.00000
0.00000
0.00000
0.00000
0.00000
0.00000
0.00000
0.00000
0.00000
0.00000
0.00000
0.00000
0.00000
0.00000
0.00000
0.00000
0.00000
0.00000
0.00000
0.00000
0.00000
0.00000
0.00000
0.00000
0.00000
0.00000
0.00000
0.00000
0.00000
0.00000
0.00000
0.00000
0.00000
0.00000
0.00000
0.00000
0.00000
0.00000
0.00000
0.00000
0.00000
0.00000
0.00000
0.00000
0.00000
