-0.00021
-0.00021
-0.00021
-0.00018
-0.00018
-0.00024
-0.00027
-0.00021
-0.00012
-0.00006
-0.00009
-0.00012
-0.00006
-0.00006
-0.00006
-0.00009
-0.00027
-0.00034
-0.00027
-0.00027
-0.00031
-0.00015
-0.00009
-0.00003
0.00000
-0.00009
-0.00021
-0.00027
-0.00027
-0.00031
-0.00024
-0.00012
-0.00012
-0.00015
-0.00021
-0.00021
-0.00027
-0.00027
-0.00027
-0.00021
-0.00012
-0.00015
-0.00009
-0.00006
-0.00018
-0.00024
-0.00018
-0.00021
-0.00027
-0.00015
-0.00015
-0.00018
-0.00018
-0.00021
-0.00024
-0.00021
-0.00027
-0.00021
-0.00021
-0.00024
-0.00006
-0.00015
-0.00003
-0.00018
-0.00024
-0.00027
-0.00027
-0.00021
-0.00024
-0.00015
-0.00021
-0.00021
-0.00021
-0.00018
-0.00009
-0.00012
-0.00009
-0.00012
-0.00021
-0.00024
-0.00024
-0.00031
-0.00031
-0.00040
-0.00037
-0.00027
-0.00024
-0.00018
-0.00018
-0.00012
-0.00006
-0.00006
-0.00009
-0.00015
-0.00024
-0.00027
-0.00021
-0.00018
-0.00027
-0.00027
-0.00024
-0.00015
-0.00021
-0.00018
-0.00018
-0.00034
-0.00018
-0.00018
-0.00024
-0.00027
-0.00018
-0.00021
-0.00024
-0.00018
-0.00027
-0.00027
-0.00024
-0.00024
-0.00024
-0.00021
-0.00015
-0.00015
-0.00012
-0.00006
-0.00009
-0.00021
-0.00024
-0.00027
-0.00037
-0.00027
-0.00024
-0.00024
-0.00018
-0.00012
-0.00018
-0.00024
-0.00018
-0.00024
-0.00024
-0.00024
-0.00015
-0.00027
-0.00024
-0.00012
-0.00015
-0.00009
-0.00015
-0.00018
-0.00015
-0.00015
-0.00024
-0.00021
-0.00009
-0.00018
-0.00027
-0.00031
-0.00031
-0.00031
-0.00024
-0.00012
-0.00015
-0.00015
-0.00021
-0.00018
-0.00024
-0.00043
-0.00040
-0.00034
-0.00024
-0.00015
-0.00012
-0.00021
-0.00021
-0.00031
-0.00009
-0.00034
0.00018
-0.00076
0.00067
-0.00137
0.00119
-0.00238
0.00220
-0.00360
0.00363
-0.05780
-0.19769
-0.07999
0.00366
0.09134
0.15109
0.12015
0.05750
0.01685
0.00070
-0.07114
-0.05978
-0.04272
-0.01309
0.02997
0.02951
-0.00549
-0.00519
0.00848
0.00140
0.01233
0.02902
-0.01389
-0.01321
0.00717
0.00534
0.00397
0.00726
0.00000
-0.00873
-0.00223
-0.00885
-0.00952
-0.00052
0.00635
0.00171
0.00543
0.00824
0.00635
0.00424
0.00552
0.00101
-0.00656
-0.00729
-0.00369
-0.00186
0.00052
0.00214
-0.00098
-0.00238
-0.00015
0.00342
0.00305
0.00644
0.00574
0.00085
-0.00027
0.00046
-0.00177
-0.00369
-0.00189
-0.00079
-0.00232
-0.00150
-0.00122
-0.00214
0.00021
0.00156
0.00171
0.00082
0.00073
-0.00034
-0.00079
0.00113
0.00098
-0.00037
-0.00134
-0.00247
-0.00293
-0.00217
-0.00098
-0.00055
-0.00211
-0.00186
-0.00226
-0.00046
0.00067
0.00064
0.00082
-0.00037
-0.00067
0.00015
-0.00012
0.00012
-0.00150
-0.00177
-0.00232
-0.00320
-0.00479
-0.00421
-0.00229
-0.00027
0.00104
0.00198
0.00244
0.00119
0.00052
0.00021
-0.00018
-0.00049
-0.00021
-0.00021
-0.00150
-0.00281
-0.00357
-0.00351
-0.00262
-0.00134
-0.00012
0.00012
-0.00012
-0.00006
0.00012
0.00024
-0.00031
-0.00064
-0.00098
-0.00171
-0.00211
-0.00192
-0.00116
-0.00061
-0.00031
-0.00021
-0.00067
-0.00116
-0.00159
-0.00134
-0.00067
-0.00021
0.00000
0.00012
0.00067
0.00092
0.00116
0.00134
0.00082
-0.00003
-0.00085
-0.00125
-0.00122
-0.00116
-0.00134
-0.00131
-0.00089
-0.00055
-0.00021
0.00012
0.00009
0.00006
0.00040
0.00055
0.00046
0.00052
0.00037
0.00003
-0.00018
-0.00046
-0.00104
-0.00140
-0.00128
-0.00116
-0.00070
-0.00021
0.00009
-0.00037
-0.00064
-0.00012
0.00067
0.00113
0.00079
0.00049
-0.00021
0.00064
0.00089
0.00098
0.00113
0.00098
0.00195
0.00162
0.00049
0.00018
0.00000
0.00012
0.00012
0.00000
-0.00003
-0.00021
0.00000
0.00024
-0.00006
-0.00046
-0.00079
0.00012
0.00186
0.00229
0.00238
0.00101
-0.00092
-0.00189
-0.00217
-0.00113
-0.00073
0.00027
0.00153
0.00153
0.00128
0.00003
-0.00073
-0.00165
-0.00235
-0.00226
-0.00201
-0.00073
-0.00067
0.00089
0.00290
0.00174
-0.00012
-0.00061
0.00070
0.00122
0.00238
0.00290
0.00232
0.00162
0.00107
0.00061
-0.00101
-0.00156
-0.00204
-0.00146
-0.00058
-0.00098
-0.00140
-0.00159
-0.00101
-0.00089
0.00031
0.00165
0.00061
0.00000
0.00000
0.00049
0.00107
0.00049
0.00052
-0.00021
-0.00034
-0.00003
0.00000
0.00052
0.00021
-0.00012
0.00000
0.00000
0.00000
0.00000
0.00000
0.00000
0.00000
0.00000
0.00000
0.00000
0.00000
0.00000
0.00000
0.00000
0.00000
0.00000
0.00000
0.00000
0.00000
0.00000
0.00000
0.00000
0.00000
0.00000
0.00000
0.00000
0.00000
0.00000
0.00000
0.00000
0.00000
0.00000
0.00000
0.00000
0.00000
0.00000
0.00000
0.00000
0.00000
0.00000
0.00000
0.00000
0.00000
0.00000
0.00000
0.00000
0.00000
0.00000
0.00000
0.00000
0.00000
0.00000
0.00000
0.00000
0.00000
0.00000
0.00000
0.00000
0.00000
0.00000
0.00000
0.00000
0.00000
