-0.00024
-0.00027
-0.00027
-0.00024
-0.00021
-0.00021
-0.00021
-0.00024
-0.00027
-0.00027
-0.00031
-0.00031
-0.00027
-0.00031
-0.00031
-0.00024
-0.00021
-0.00027
-0.00027
-0.00024
-0.00024
-0.00024
-0.00024
-0.00024
-0.00024
-0.00024
-0.00024
-0.00027
-0.00027
-0.00031
-0.00031
-0.00027
-0.00027
-0.00024
-0.00040
-0.00018
-0.00024
-0.00027
-0.00018
-0.00024
-0.00021
-0.00027
-0.00024
-0.00024
-0.00027
-0.00027
-0.00031
-0.00027
-0.00027
-0.00024
-0.00027
-0.00024
-0.00024
-0.00024
-0.00027
-0.00024
-0.00024
-0.00024
-0.00027
-0.00027
-0.00024
-0.00021
-0.00021
-0.00024
-0.00024
-0.00024
-0.00027
-0.00031
-0.00027
-0.00031
-0.00034
-0.00031
-0.00027
-0.00024
-0.00021
-0.00018
-0.00018
-0.00021
-0.00021
-0.00021
-0.00024
-0.00024
-0.00027
-0.00027
-0.00027
-0.00027
-0.00024
-0.00021
-0.00021
-0.00024
-0.00027
-0.00024
-0.00021
-0.00024
-0.00024
-0.00021
-0.00024
-0.00027
-0.00024
-0.00024
-0.00024
-0.00024
-0.00021
-0.00021
-0.00024
-0.00018
-0.00024
-0.00024
-0.00021
-0.00024
-0.00024
-0.00021
-0.00021
-0.00018
-0.00018
-0.00018
-0.00021
-0.00021
-0.00021
-0.00027
-0.00024
-0.00021
-0.00024
-0.00027
-0.00021
-0.00021
-0.00024
-0.00027
-0.00018
-0.00021
-0.00021
-0.00021
-0.00015
-0.00015
-0.00021
-0.00021
-0.00018
-0.00018
-0.00024
-0.00024
-0.00021
-0.00024
-0.00024
-0.00021
-0.00021
-0.00021
-0.00024
-0.00021
-0.00021
-0.00018
-0.00018
-0.00015
-0.00015
-0.00021
-0.00021
-0.00021
-0.00021
-0.00024
-0.00021
-0.00021
-0.00021
-0.00021
-0.00018
-0.00021
-0.00021
-0.00021
-0.00018
-0.00018
-0.00021
-0.00015
-0.00018
-0.00021
-0.00021
-0.00021
-0.00024
-0.00024
-0.00024
-0.00018
-0.00015
-0.00015
-0.00015
-0.00015
-0.00018
-0.00018
-0.00027
-0.00031
-0.00031
-0.00027
-0.00018
-0.00015
-0.00012
-0.00012
-0.00012
-0.00018
-0.00024
-0.00018
-0.00021
-0.00031
-0.00031
-0.00037
0.00003
-0.00037
-0.00247
-0.01996
-0.02325
-0.02197
-0.01611
0.00522
0.01685
0.02164
0.01120
0.00934
0.00745
0.00641
-0.00595
-0.01324
-0.01385
-0.01312
-0.00589
0.00333
0.01312
0.01056
0.00534
0.00540
0.00772
0.00629
0.00049
-0.00388
-0.00296
-0.00104
0.00040
0.00055
0.00076
0.00031
-0.00015
0.00058
0.00217
0.00208
0.00018
-0.00034
0.00140
0.00311
0.00314
0.00232
0.00037
0.00049
0.00018
-0.00070
-0.00058
-0.00034
-0.00027
0.00024
0.00046
0.00067
0.00110
0.00116
0.00113
0.00168
0.00186
0.00122
0.00070
-0.00024
-0.00046
0.00070
0.00058
-0.00122
-0.00150
-0.00027
0.00046
0.00070
0.00073
0.00058
0.00046
-0.00058
-0.00092
0.00070
0.00092
0.00021
-0.00009
-0.00003
0.00009
-0.00031
-0.00089
-0.00146
-0.00095
-0.00131
-0.00177
-0.00043
0.00046
0.00082
0.00031
-0.00037
-0.00064
-0.00006
-0.00006
-0.00119
-0.00150
-0.00092
-0.00015
-0.00027
-0.00089
-0.00153
-0.00131
-0.00089
-0.00070
-0.00049
-0.00037
-0.00027
-0.00034
-0.00037
-0.00021
0.00000
0.00012
-0.00006
-0.00064
-0.00107
-0.00128
-0.00113
-0.00085
-0.00073
-0.00085
-0.00107
-0.00089
-0.00034
0.00009
0.00003
-0.00012
-0.00009
-0.00021
-0.00055
-0.00098
-0.00137
-0.00162
-0.00134
-0.00064
-0.00015
-0.00037
-0.00089
-0.00089
-0.00037
0.00009
0.00009
-0.00034
-0.00073
-0.00079
-0.00049
-0.00006
0.00006
-0.00009
-0.00018
-0.00012
0.00003
0.00000
-0.00034
-0.00064
-0.00061
-0.00034
-0.00012
-0.00003
-0.00003
-0.00009
-0.00012
-0.00009
-0.00006
-0.00021
0.00000
0.00000
0.00000
0.00000
0.00000
0.00000
0.00000
0.00000
0.00000
0.00000
0.00000
0.00000
0.00000
0.00000
0.00000
0.00000
0.00000
0.00000
0.00000
0.00000
0.00000
0.00000
0.00000
0.00000
0.00000
0.00000
0.00000
0.00000
0.00000
0.00000
0.00000
0.00000
0.00000
0.00000
0.00000
0.00000
0.00000
0.00000
0.00000
0.00000
0.00000
0.00000
0.00000
0.00000
0.00000
0.00000
0.00000
0.00000
0.00000
0.00000
0.00000
0.00000
0.00000
0.00000
0.00000
0.00000
0.00000
0.00000
0.00000
0.00000
0.00000
0.00000
0.00000
0.00000
0.00000
0.00000
0.00000
0.00000
0.00000
0.00000
0.00000
0.00000
0.00000
0.00000
0.00000
0.00000
0.00000
0.00000
0.00000
0.00000
0.00000
0.00000
0.00000
0.00000
0.00000
0.00000
0.00000
0.00000
0.00000
0.00000
0.00000
0.00000
0.00000
0.00000
0.00000
0.00000
0.00000
0.00000
0.00000
0.00000
0.00000
0.00000
0.00000
0.00000
0.00000
0.00000
0.00000
0.00000
0.00000
0.00000
0.00000
0.00000
0.00000
0.00000
0.00000
0.00000
0.00000
0.00000
0.00000
0.00000
0.00000
0.00000
0.00000
0.00000
0.00000
0.00000
0.00000
0.00000
0.00000
0.00000
0.00000
0.00000
0.00000
0.00000
0.00000
0.00000
0.00000
0.00000
0.00000
0.00000
0.00000
0.00000
0.00000
0.00000
0.00000
0.00000
0.00000
