-0.00006
-0.00006
-0.00006
-0.00012
-0.00006
-0.00003
-0.00006
-0.00006
-0.00003
-0.00003
-0.00003
-0.00003
-0.00003
-0.00006
-0.00006
-0.00006
-0.00006
-0.00006
-0.00006
-0.00009
-0.00003
-0.00003
-0.00003
-0.00006
-0.00003
-0.00003
-0.00006
-0.00003
-0.00003
-0.00003
-0.00006
-0.00003
-0.00006
-0.00009
-0.00018
0.00000
-0.00003
-0.00006
-0.00009
-0.00009
-0.00006
-0.00006
-0.00003
0.00000
-0.00003
-0.00006
-0.00006
0.00000
-0.00003
-0.00006
-0.00003
-0.00006
-0.00006
-0.00009
-0.00006
-0.00006
-0.00006
-0.00009
0.00000
-0.00015
-0.00009
-0.00006
-0.00015
-0.00006
-0.00015
-0.00006
-0.00015
-0.00009
-0.00003
-0.00009
-0.00006
-0.00009
-0.00012
-0.00015
-0.00006
-0.00006
-0.00012
-0.00009
-0.00006
-0.00015
-0.00012
-0.00009
-0.00012
-0.00015
-0.00018
-0.00009
-0.00015
-0.00009
-0.00006
-0.00012
-0.00015
-0.00015
-0.00015
-0.00015
-0.00015
-0.00018
-0.00015
-0.00012
-0.00012
-0.00015
-0.00012
-0.00012
-0.00018
-0.00018
-0.00012
-0.00018
-0.00024
-0.00015
-0.00018
-0.00018
-0.00018
-0.00015
-0.00015
-0.00015
-0.00012
-0.00018
-0.00015
-0.00018
-0.00021
-0.00024
-0.00018
-0.00021
-0.00021
-0.00015
-0.00012
-0.00018
-0.00021
-0.00018
-0.00021
-0.00024
-0.00018
-0.00021
-0.00018
-0.00018
-0.00018
-0.00018
-0.00021
-0.00021
-0.00024
-0.00021
-0.00021
-0.00021
-0.00027
-0.00021
-0.00024
-0.00021
-0.00018
-0.00021
-0.00018
-0.00027
-0.00024
-0.00024
-0.00024
-0.00024
-0.00024
-0.00021
-0.00021
-0.00021
-0.00021
-0.00018
-0.00021
-0.00031
-0.00024
-0.00027
-0.00021
-0.00021
-0.00027
-0.00021
-0.00027
-0.00027
-0.00024
-0.00024
-0.00024
-0.00024
-0.00027
-0.00015
-0.00034
0.00000
-0.00076
0.00061
-0.00174
0.00183
-0.00336
0.00412
-0.00641
0.00592
-0.08078
-0.13382
-0.02759
-0.03094
0.08527
0.09195
0.10568
0.04593
-0.00528
0.01721
-0.00021
-0.01672
-0.06772
-0.06067
-0.03406
0.02029
0.03430
0.05334
0.02325
-0.00809
-0.01337
-0.00427
0.00443
-0.00021
-0.00104
-0.00208
0.00031
0.00433
0.00342
-0.00330
-0.00394
-0.00424
-0.00433
-0.00174
0.00690
0.00180
0.00122
0.00430
0.00717
0.00180
0.00351
0.00116
-0.00369
-0.00507
-0.00333
-0.00247
-0.00314
-0.00070
-0.00247
-0.00031
0.00372
0.00470
0.00250
0.00574
0.00558
0.00098
-0.00180
0.00027
0.00018
-0.00284
-0.00217
-0.00226
-0.00433
-0.00220
0.00012
0.00125
0.00226
0.00000
-0.00119
-0.00198
0.00027
0.00116
0.00095
0.00101
-0.00021
-0.00098
-0.00098
-0.00098
-0.00140
-0.00259
-0.00201
-0.00113
-0.00220
-0.00107
-0.00076
0.00006
-0.00037
-0.00043
-0.00098
-0.00143
0.00095
-0.00043
-0.00085
0.00034
-0.00180
-0.00003
-0.00085
-0.00330
-0.00378
-0.00293
-0.00226
-0.00183
-0.00061
0.00061
0.00104
0.00137
0.00150
0.00162
0.00134
-0.00101
-0.00192
-0.00150
-0.00229
-0.00284
-0.00296
-0.00223
-0.00165
-0.00089
-0.00073
-0.00150
-0.00113
-0.00049
0.00064
0.00125
0.00015
-0.00122
-0.00214
-0.00201
-0.00162
-0.00113
-0.00052
-0.00064
-0.00101
-0.00125
-0.00156
-0.00137
-0.00110
-0.00043
0.00003
-0.00027
-0.00061
-0.00085
-0.00015
0.00055
0.00107
0.00113
0.00040
-0.00034
-0.00095
-0.00085
-0.00085
-0.00162
-0.00229
-0.00183
-0.00052
0.00024
0.00018
-0.00027
-0.00089
-0.00052
0.00046
0.00104
0.00079
-0.00015
-0.00067
-0.00067
-0.00064
-0.00061
-0.00085
-0.00098
-0.00150
-0.00232
-0.00235
-0.00195
-0.00116
-0.00040
0.00043
0.00061
0.00018
0.00082
0.00150
0.00064
-0.00012
0.00000
0.00000
0.00000
0.00000
0.00000
0.00000
0.00000
0.00000
0.00000
0.00000
0.00000
0.00000
0.00000
0.00000
0.00000
0.00000
0.00000
0.00000
0.00000
0.00000
0.00000
0.00000
0.00000
0.00000
0.00000
0.00000
0.00000
0.00000
0.00000
0.00000
0.00000
0.00000
0.00000
0.00000
0.00000
0.00000
0.00000
0.00000
0.00000
0.00000
0.00000
0.00000
0.00000
0.00000
0.00000
0.00000
0.00000
0.00000
0.00000
0.00000
0.00000
0.00000
0.00000
0.00000
0.00000
0.00000
0.00000
0.00000
0.00000
0.00000
0.00000
0.00000
0.00000
0.00000
0.00000
0.00000
0.00000
0.00000
0.00000
0.00000
0.00000
0.00000
0.00000
0.00000
0.00000
0.00000
0.00000
0.00000
0.00000
0.00000
0.00000
0.00000
0.00000
0.00000
0.00000
0.00000
0.00000
0.00000
0.00000
0.00000
0.00000
0.00000
0.00000
0.00000
0.00000
0.00000
0.00000
0.00000
0.00000
0.00000
0.00000
0.00000
0.00000
0.00000
0.00000
0.00000
0.00000
0.00000
0.00000
0.00000
0.00000
0.00000
0.00000
0.00000
0.00000
0.00000
0.00000
0.00000
0.00000
0.00000
0.00000
0.00000
0.00000
0.00000
0.00000
0.00000
0.00000
0.00000
0.00000
0.00000
0.00000
0.00000
0.00000
0.00000
0.00000
0.00000
0.00000
0.00000
0.00000
0.00000
0.00000
0.00000
0.00000
