-0.00006
-0.00012
-0.00012
-0.00009
-0.00015
-0.00021
-0.00024
-0.00018
-0.00018
-0.00021
-0.00021
-0.00015
-0.00012
-0.00009
-0.00015
-0.00018
-0.00015
-0.00015
-0.00012
-0.00009
-0.00006
-0.00009
-0.00009
-0.00015
-0.00018
-0.00015
-0.00015
-0.00015
-0.00012
-0.00009
-0.00003
-0.00003
-0.00006
-0.00012
-0.00027
-0.00012
-0.00021
-0.00024
-0.00018
-0.00018
-0.00009
-0.00012
-0.00012
-0.00012
-0.00012
-0.00012
-0.00012
-0.00009
-0.00006
-0.00009
-0.00012
-0.00012
-0.00015
-0.00012
-0.00037
-0.00021
-0.00003
-0.00027
-0.00018
-0.00015
-0.00015
-0.00018
-0.00021
-0.00009
-0.00006
-0.00003
-0.00003
-0.00006
0.00000
-0.00006
-0.00012
-0.00018
-0.00018
-0.00018
-0.00024
-0.00021
-0.00021
-0.00021
-0.00012
-0.00012
-0.00015
-0.00018
-0.00012
-0.00012
-0.00018
-0.00012
-0.00009
-0.00015
-0.00012
-0.00012
-0.00015
-0.00012
-0.00015
-0.00018
-0.00018
-0.00012
-0.00018
-0.00018
-0.00015
-0.00003
-0.00009
-0.00018
-0.00006
-0.00012
-0.00015
-0.00012
-0.00015
-0.00018
-0.00012
-0.00009
-0.00015
-0.00009
-0.00006
-0.00012
-0.00015
-0.00009
0.00000
-0.00006
-0.00009
-0.00009
-0.00015
-0.00024
-0.00021
-0.00018
-0.00018
-0.00012
-0.00009
-0.00009
-0.00003
-0.00006
-0.00012
-0.00012
-0.00003
-0.00006
-0.00009
0.00000
-0.00003
-0.00012
-0.00012
-0.00012
-0.00015
-0.00009
-0.00015
-0.00015
-0.00009
-0.00012
-0.00009
0.00000
0.00000
-0.00015
-0.00015
-0.00009
-0.00012
-0.00015
-0.00015
-0.00009
-0.00015
-0.00012
-0.00012
-0.00003
-0.00003
-0.00021
-0.00015
-0.00009
-0.00012
-0.00006
-0.00003
0.00000
0.00000
-0.00012
-0.00003
-0.00015
0.00003
-0.00055
0.00052
-0.00122
0.00122
-0.00229
0.00266
-0.00427
0.00272
-0.08356
-0.13104
0.02716
-0.00735
-0.01645
0.04565
0.05579
0.08795
0.03738
0.00131
0.01682
0.03827
-0.02182
-0.08344
-0.01443
0.01767
-0.00281
0.00552
0.00858
0.00342
0.01590
-0.00092
-0.01605
0.01892
0.01416
-0.01199
-0.00269
0.01413
0.00217
-0.00275
-0.00076
-0.00513
-0.00024
-0.00192
-0.00607
-0.00357
0.00644
0.00751
0.00317
0.00342
0.00638
0.00458
0.00000
-0.00290
-0.00287
-0.00314
-0.00134
-0.00156
-0.00317
-0.00134
0.00241
0.00031
0.00037
0.00739
0.00613
-0.00061
-0.00082
0.00198
0.00232
-0.00055
-0.00330
-0.00174
-0.00229
-0.00302
-0.00320
-0.00146
0.00290
-0.00034
-0.00333
-0.00122
0.00250
0.00198
-0.00021
0.00174
0.00131
-0.00058
-0.00076
-0.00140
-0.00064
-0.00128
-0.00220
-0.00211
-0.00198
-0.00186
-0.00208
-0.00055
0.00024
-0.00085
0.00006
0.00034
-0.00049
-0.00055
-0.00021
-0.00003
-0.00079
-0.00073
-0.00253
-0.00253
-0.00153
-0.00220
-0.00171
-0.00241
-0.00201
0.00073
0.00107
0.00003
0.00128
0.00217
0.00067
-0.00037
-0.00006
0.00040
-0.00089
-0.00284
-0.00320
-0.00162
-0.00110
-0.00275
-0.00223
-0.00119
-0.00104
-0.00064
0.00021
0.00128
0.00046
-0.00076
-0.00101
-0.00067
-0.00079
-0.00134
-0.00070
-0.00024
-0.00092
-0.00140
-0.00150
-0.00089
-0.00095
-0.00104
-0.00043
-0.00031
-0.00040
-0.00046
0.00034
0.00116
0.00119
0.00095
0.00055
0.00018
-0.00006
-0.00006
-0.00006
-0.00119
-0.00195
-0.00134
-0.00043
-0.00040
-0.00092
-0.00067
-0.00018
0.00018
0.00049
0.00070
0.00095
0.00055
-0.00021
-0.00037
-0.00027
-0.00046
-0.00064
-0.00052
-0.00031
-0.00052
-0.00085
-0.00085
-0.00027
0.00006
0.00003
-0.00043
-0.00067
-0.00003
0.00015
-0.00024
-0.00015
0.00015
0.00031
-0.00003
0.00000
0.00000
0.00000
0.00000
0.00000
0.00000
0.00000
0.00000
0.00000
0.00000
0.00000
0.00000
0.00000
0.00000
0.00000
0.00000
0.00000
0.00000
0.00000
0.00000
0.00000
0.00000
0.00000
0.00000
0.00000
0.00000
0.00000
0.00000
0.00000
0.00000
0.00000
0.00000
0.00000
0.00000
0.00000
0.00000
0.00000
0.00000
0.00000
0.00000
0.00000
0.00000
0.00000
0.00000
0.00000
0.00000
0.00000
0.00000
0.00000
0.00000
0.00000
0.00000
0.00000
0.00000
0.00000
0.00000
0.00000
0.00000
0.00000
0.00000
0.00000
0.00000
0.00000
0.00000
0.00000
0.00000
0.00000
0.00000
0.00000
0.00000
0.00000
0.00000
0.00000
0.00000
0.00000
0.00000
0.00000
0.00000
0.00000
0.00000
0.00000
0.00000
0.00000
0.00000
0.00000
0.00000
0.00000
0.00000
0.00000
0.00000
0.00000
0.00000
0.00000
0.00000
0.00000
0.00000
0.00000
0.00000
0.00000
0.00000
0.00000
0.00000
0.00000
0.00000
0.00000
0.00000
0.00000
0.00000
0.00000
0.00000
0.00000
0.00000
0.00000
0.00000
0.00000
0.00000
0.00000
0.00000
0.00000
0.00000
0.00000
0.00000
0.00000
0.00000
0.00000
0.00000
0.00000
0.00000
0.00000
0.00000
0.00000
0.00000
0.00000
0.00000
0.00000
0.00000
0.00000
0.00000
0.00000
0.00000
0.00000
0.00000
0.00000
0.00000
0.00000
