-0.00018
-0.00015
-0.00018
-0.00018
-0.00015
-0.00012
-0.00015
-0.00018
-0.00024
-0.00024
-0.00021
-0.00024
-0.00018
-0.00015
-0.00015
-0.00021
-0.00024
-0.00021
-0.00024
-0.00031
-0.00031
-0.00027
-0.00027
-0.00024
-0.00021
-0.00024
-0.00027
-0.00031
-0.00027
-0.00024
-0.00021
-0.00018
-0.00021
-0.00018
-0.00034
-0.00018
-0.00027
-0.00031
-0.00027
-0.00034
-0.00027
-0.00027
-0.00027
-0.00031
-0.00031
-0.00031
-0.00027
-0.00027
-0.00031
-0.00027
-0.00031
-0.00031
-0.00031
-0.00034
-0.00037
-0.00034
-0.00034
-0.00031
-0.00024
-0.00024
-0.00027
-0.00031
-0.00031
-0.00034
-0.00037
-0.00034
-0.00037
-0.00037
-0.00034
-0.00027
-0.00027
-0.00031
-0.00034
-0.00034
-0.00034
-0.00040
-0.00040
-0.00034
-0.00034
-0.00034
-0.00034
-0.00031
-0.00034
-0.00040
-0.00040
-0.00040
-0.00043
-0.00043
-0.00040
-0.00037
-0.00037
-0.00034
-0.00034
-0.00037
-0.00040
-0.00040
-0.00040
-0.00043
-0.00043
-0.00040
-0.00037
-0.00037
-0.00034
-0.00037
-0.00043
-0.00043
-0.00043
-0.00043
-0.00046
-0.00049
-0.00046
-0.00040
-0.00037
-0.00037
-0.00034
-0.00034
-0.00034
-0.00040
-0.00043
-0.00046
-0.00046
-0.00052
-0.00052
-0.00046
-0.00043
-0.00040
-0.00037
-0.00037
-0.00040
-0.00043
-0.00040
-0.00040
-0.00040
-0.00040
-0.00043
-0.00046
-0.00046
-0.00049
-0.00052
-0.00052
-0.00052
-0.00046
-0.00040
-0.00040
-0.00037
-0.00037
-0.00040
-0.00040
-0.00043
-0.00043
-0.00040
-0.00043
-0.00046
-0.00046
-0.00046
-0.00046
-0.00049
-0.00049
-0.00049
-0.00046
-0.00043
-0.00040
-0.00037
-0.00037
-0.00037
-0.00043
-0.00043
-0.00046
-0.00052
-0.00055
-0.00055
-0.00052
-0.00046
-0.00043
-0.00037
-0.00037
-0.00037
-0.00040
-0.00040
-0.00043
-0.00046
-0.00049
-0.00049
-0.00055
-0.00052
-0.00049
-0.00046
-0.00043
-0.00040
-0.00040
-0.00037
-0.00034
-0.00040
-0.00040
-0.00040
-0.00037
-0.00046
-0.00043
-0.00055
-0.00052
-0.00064
-0.00040
-0.00043
-0.00043
-0.00388
-0.01627
-0.01547
-0.01642
-0.01941
-0.01477
-0.00848
0.00873
0.01920
0.01956
0.01663
0.01160
0.00760
0.00085
-0.00208
-0.00424
-0.00916
-0.00940
-0.00592
0.00064
0.00623
0.00467
-0.00031
0.00000
0.00357
0.00623
0.00516
0.00180
0.00006
-0.00067
-0.00018
-0.00006
0.00006
-0.00043
-0.00110
-0.00024
0.00052
0.00101
0.00131
0.00079
0.00095
0.00156
0.00137
0.00153
0.00131
0.00064
-0.00043
-0.00113
-0.00137
-0.00064
0.00006
-0.00006
-0.00040
0.00040
0.00119
0.00113
0.00098
0.00104
0.00131
0.00098
0.00000
-0.00031
-0.00034
-0.00040
-0.00055
-0.00067
-0.00079
-0.00128
-0.00027
0.00027
-0.00012
0.00003
-0.00049
0.00000
0.00073
0.00003
-0.00098
-0.00089
-0.00092
-0.00131
-0.00085
-0.00049
-0.00049
-0.00037
-0.00079
-0.00110
-0.00070
-0.00076
-0.00119
-0.00082
-0.00067
-0.00049
-0.00024
-0.00027
-0.00073
-0.00113
-0.00131
-0.00137
-0.00104
-0.00089
-0.00107
-0.00110
-0.00116
-0.00116
-0.00125
-0.00128
-0.00085
-0.00027
-0.00012
-0.00031
-0.00031
-0.00003
-0.00012
-0.00049
-0.00092
-0.00119
-0.00107
-0.00092
-0.00107
-0.00134
-0.00150
-0.00134
-0.00104
-0.00070
-0.00049
-0.00043
-0.00067
-0.00098
-0.00076
-0.00040
-0.00043
-0.00079
-0.00098
-0.00082
-0.00055
-0.00061
-0.00107
-0.00137
-0.00131
-0.00095
-0.00070
-0.00055
-0.00043
-0.00037
-0.00031
-0.00009
0.00003
-0.00003
-0.00018
-0.00018
-0.00003
-0.00003
0.00000
0.00000
0.00000
0.00000
0.00000
0.00000
0.00000
0.00000
0.00000
0.00000
0.00000
0.00000
0.00000
0.00000
0.00000
0.00000
0.00000
0.00000
0.00000
0.00000
0.00000
0.00000
0.00000
0.00000
0.00000
0.00000
0.00000
0.00000
0.00000
0.00000
0.00000
0.00000
0.00000
0.00000
0.00000
0.00000
0.00000
0.00000
0.00000
0.00000
0.00000
0.00000
0.00000
0.00000
0.00000
0.00000
0.00000
0.00000
0.00000
0.00000
0.00000
0.00000
0.00000
0.00000
0.00000
0.00000
0.00000
0.00000
0.00000
0.00000
0.00000
0.00000
0.00000
0.00000
0.00000
0.00000
0.00000
0.00000
0.00000
0.00000
0.00000
0.00000
0.00000
0.00000
0.00000
0.00000
0.00000
0.00000
0.00000
0.00000
0.00000
0.00000
0.00000
0.00000
0.00000
0.00000
0.00000
0.00000
0.00000
0.00000
0.00000
0.00000
0.00000
0.00000
0.00000
0.00000
0.00000
0.00000
0.00000
0.00000
0.00000
0.00000
0.00000
0.00000
0.00000
0.00000
0.00000
0.00000
0.00000
0.00000
0.00000
0.00000
0.00000
0.00000
0.00000
0.00000
0.00000
0.00000
0.00000
0.00000
0.00000
0.00000
0.00000
0.00000
0.00000
0.00000
0.00000
0.00000
0.00000
0.00000
0.00000
0.00000
0.00000
0.00000
0.00000
0.00000
0.00000
0.00000
0.00000
0.00000
0.00000
0.00000
0.00000
0.00000
0.00000
0.00000
0.00000
0.00000
0.00000
0.00000
0.00000
0.00000
0.00000
0.00000
0.00000
0.00000
