-0.00027
-0.00024
-0.00027
-0.00027
-0.00027
-0.00031
-0.00031
-0.00031
-0.00031
-0.00027
-0.00027
-0.00031
-0.00031
-0.00027
-0.00027
-0.00031
-0.00034
-0.00031
-0.00031
-0.00031
-0.00031
-0.00031
-0.00027
-0.00031
-0.00031
-0.00034
-0.00034
-0.00034
-0.00034
-0.00034
-0.00037
-0.00031
-0.00031
-0.00034
-0.00052
-0.00024
-0.00034
-0.00037
-0.00031
-0.00037
-0.00031
-0.00031
-0.00034
-0.00037
-0.00037
-0.00037
-0.00037
-0.00040
-0.00040
-0.00040
-0.00037
-0.00034
-0.00034
-0.00034
-0.00034
-0.00034
-0.00037
-0.00040
-0.00040
-0.00043
-0.00043
-0.00040
-0.00043
-0.00043
-0.00037
-0.00034
-0.00037
-0.00034
-0.00034
-0.00040
-0.00043
-0.00043
-0.00043
-0.00046
-0.00037
-0.00037
-0.00037
-0.00037
-0.00037
-0.00037
-0.00040
-0.00043
-0.00043
-0.00043
-0.00043
-0.00040
-0.00043
-0.00040
-0.00037
-0.00040
-0.00043
-0.00043
-0.00037
-0.00040
-0.00040
-0.00040
-0.00037
-0.00037
-0.00043
-0.00043
-0.00037
-0.00040
-0.00043
-0.00040
-0.00040
-0.00040
-0.00040
-0.00040
-0.00043
-0.00046
-0.00043
-0.00040
-0.00040
-0.00040
-0.00037
-0.00040
-0.00043
-0.00043
-0.00043
-0.00046
-0.00046
-0.00040
-0.00043
-0.00043
-0.00040
-0.00037
-0.00040
-0.00040
-0.00040
-0.00043
-0.00043
-0.00043
-0.00046
-0.00046
-0.00046
-0.00043
-0.00040
-0.00040
-0.00040
-0.00040
-0.00040
-0.00043
-0.00046
-0.00043
-0.00040
-0.00043
-0.00043
-0.00046
-0.00043
-0.00043
-0.00046
-0.00046
-0.00043
-0.00046
-0.00046
-0.00043
-0.00043
-0.00040
-0.00040
-0.00043
-0.00046
-0.00043
-0.00043
-0.00046
-0.00046
-0.00049
-0.00049
-0.00049
-0.00049
-0.00046
-0.00043
-0.00040
-0.00043
-0.00046
-0.00046
-0.00046
-0.00049
-0.00049
-0.00049
-0.00046
-0.00046
-0.00046
-0.00043
-0.00046
-0.00049
-0.00046
-0.00046
-0.00049
-0.00049
-0.00052
-0.00046
-0.00058
-0.00043
-0.00064
-0.00037
-0.00061
-0.00031
-0.00046
-0.00024
-0.00635
-0.03091
-0.01996
-0.01361
-0.01706
-0.00684
-0.00113
0.02029
0.02927
0.02029
0.01306
0.01324
0.00476
-0.00763
-0.01181
-0.00745
-0.00623
-0.00497
-0.00275
0.00162
0.00735
0.00470
-0.00156
0.00070
0.00217
-0.00089
-0.00150
-0.00122
0.00055
-0.00012
-0.00159
-0.00098
0.00290
0.00418
0.00302
0.00174
0.00085
0.00113
0.00104
0.00006
0.00076
0.00198
0.00095
0.00052
0.00107
0.00104
-0.00003
-0.00082
-0.00180
-0.00150
-0.00012
0.00015
-0.00015
0.00098
0.00211
0.00189
0.00162
0.00162
0.00150
0.00037
-0.00113
-0.00110
-0.00024
-0.00018
-0.00095
-0.00098
0.00003
0.00012
-0.00067
-0.00134
-0.00037
0.00113
0.00061
-0.00006
0.00034
0.00055
0.00027
-0.00064
-0.00128
-0.00110
-0.00153
-0.00110
-0.00073
0.00003
0.00012
-0.00073
-0.00095
-0.00079
-0.00052
-0.00040
-0.00076
-0.00085
-0.00073
-0.00034
-0.00049
-0.00089
-0.00082
-0.00076
-0.00119
-0.00153
-0.00150
-0.00104
-0.00092
-0.00113
-0.00119
-0.00082
-0.00034
-0.00012
0.00000
0.00006
0.00012
0.00009
0.00000
0.00000
0.00000
0.00000
0.00000
0.00000
0.00000
0.00000
0.00000
0.00000
0.00000
0.00000
0.00000
0.00000
0.00000
0.00000
0.00000
0.00000
0.00000
0.00000
0.00000
0.00000
0.00000
0.00000
0.00000
0.00000
0.00000
0.00000
0.00000
0.00000
0.00000
0.00000
0.00000
0.00000
0.00000
0.00000
0.00000
0.00000
0.00000
0.00000
0.00000
0.00000
0.00000
0.00000
0.00000
0.00000
0.00000
0.00000
0.00000
0.00000
0.00000
0.00000
0.00000
0.00000
0.00000
0.00000
0.00000
0.00000
0.00000
0.00000
0.00000
0.00000
0.00000
0.00000
0.00000
0.00000
0.00000
0.00000
0.00000
0.00000
0.00000
0.00000
0.00000
0.00000
0.00000
0.00000
0.00000
0.00000
0.00000
0.00000
0.00000
0.00000
0.00000
0.00000
0.00000
0.00000
0.00000
0.00000
0.00000
0.00000
0.00000
0.00000
0.00000
0.00000
0.00000
0.00000
0.00000
0.00000
0.00000
0.00000
0.00000
0.00000
0.00000
0.00000
0.00000
0.00000
0.00000
0.00000
0.00000
0.00000
0.00000
0.00000
0.00000
0.00000
0.00000
0.00000
0.00000
0.00000
0.00000
0.00000
0.00000
0.00000
0.00000
0.00000
0.00000
0.00000
0.00000
0.00000
0.00000
0.00000
0.00000
0.00000
0.00000
0.00000
0.00000
0.00000
0.00000
0.00000
0.00000
0.00000
0.00000
0.00000
0.00000
0.00000
0.00000
0.00000
0.00000
0.00000
0.00000
0.00000
0.00000
0.00000
0.00000
0.00000
0.00000
0.00000
0.00000
0.00000
0.00000
0.00000
0.00000
0.00000
0.00000
0.00000
0.00000
0.00000
0.00000
0.00000
0.00000
0.00000
0.00000
0.00000
0.00000
0.00000
0.00000
0.00000
0.00000
0.00000
0.00000
0.00000
0.00000
0.00000
0.00000
0.00000
0.00000
0.00000
0.00000
0.00000
0.00000
0.00000
0.00000
0.00000
0.00000
0.00000
0.00000
0.00000
0.00000
0.00000
0.00000
0.00000
0.00000
