-0.00037
-0.00031
-0.00031
-0.00031
-0.00027
-0.00027
-0.00031
-0.00034
-0.00031
-0.00027
-0.00031
-0.00034
-0.00034
-0.00037
-0.00037
-0.00031
-0.00027
-0.00031
-0.00034
-0.00031
-0.00034
-0.00034
-0.00034
-0.00031
-0.00034
-0.00037
-0.00037
-0.00034
-0.00034
-0.00031
-0.00031
-0.00027
-0.00027
-0.00034
-0.00049
-0.00027
-0.00037
-0.00040
-0.00037
-0.00034
-0.00037
-0.00040
-0.00034
-0.00037
-0.00040
-0.00043
-0.00040
-0.00043
-0.00040
-0.00037
-0.00034
-0.00031
-0.00034
-0.00031
-0.00031
-0.00031
-0.00037
-0.00040
-0.00037
-0.00043
-0.00046
-0.00043
-0.00040
-0.00037
-0.00037
-0.00027
-0.00031
-0.00040
-0.00027
-0.00037
-0.00034
-0.00034
-0.00037
-0.00040
-0.00043
-0.00037
-0.00037
-0.00037
-0.00040
-0.00040
-0.00040
-0.00034
-0.00034
-0.00034
-0.00034
-0.00037
-0.00040
-0.00040
-0.00034
-0.00043
-0.00043
-0.00040
-0.00037
-0.00040
-0.00037
-0.00031
-0.00034
-0.00037
-0.00034
-0.00034
-0.00034
-0.00034
-0.00034
-0.00034
-0.00037
-0.00037
-0.00040
-0.00040
-0.00037
-0.00040
-0.00037
-0.00034
-0.00034
-0.00040
-0.00034
-0.00031
-0.00040
-0.00037
-0.00034
-0.00034
-0.00037
-0.00031
-0.00031
-0.00037
-0.00040
-0.00043
-0.00043
-0.00040
-0.00040
-0.00040
-0.00034
-0.00034
-0.00034
-0.00031
-0.00027
-0.00034
-0.00040
-0.00037
-0.00040
-0.00043
-0.00040
-0.00034
-0.00031
-0.00034
-0.00027
-0.00027
-0.00031
-0.00037
-0.00034
-0.00037
-0.00037
-0.00034
-0.00034
-0.00031
-0.00031
-0.00031
-0.00034
-0.00037
-0.00037
-0.00040
-0.00037
-0.00037
-0.00034
-0.00027
-0.00031
-0.00034
-0.00034
-0.00031
-0.00034
-0.00037
-0.00031
-0.00034
-0.00027
-0.00031
-0.00031
-0.00034
-0.00037
-0.00034
-0.00034
-0.00031
-0.00024
-0.00027
-0.00027
-0.00031
-0.00015
-0.00043
-0.00021
-0.00049
-0.00043
-0.00034
-0.00085
0.00034
-0.00189
-0.00681
-0.06461
-0.04080
-0.03494
-0.01697
0.05151
0.05054
0.04837
0.01089
0.01956
0.01569
0.00287
-0.02118
-0.02896
-0.02353
-0.01440
-0.00345
0.01715
0.02792
0.00552
-0.00491
-0.00116
0.00378
0.00156
-0.00241
-0.00211
0.00256
0.00220
-0.00159
-0.00464
-0.00119
-0.00085
-0.00223
-0.00220
0.00125
0.00256
0.00128
0.00421
0.00687
0.00482
0.00192
0.00180
-0.00067
0.00018
-0.00082
-0.00162
-0.00317
-0.00128
0.00012
0.00009
0.00092
0.00153
0.00070
0.00198
0.00446
0.00317
0.00073
0.00113
0.00052
-0.00061
0.00003
0.00012
-0.00220
-0.00256
-0.00107
-0.00046
0.00052
0.00021
0.00009
0.00040
0.00043
0.00116
0.00116
0.00137
-0.00012
-0.00085
-0.00043
-0.00031
-0.00095
-0.00125
-0.00180
-0.00046
-0.00101
-0.00092
0.00037
-0.00079
0.00021
0.00021
0.00079
0.00116
-0.00061
-0.00085
-0.00122
-0.00040
-0.00119
-0.00140
-0.00119
-0.00156
-0.00070
-0.00104
-0.00095
-0.00067
-0.00110
-0.00134
-0.00034
0.00061
0.00076
0.00107
0.00085
0.00061
0.00021
-0.00046
-0.00159
-0.00183
-0.00159
-0.00153
-0.00125
-0.00095
-0.00055
-0.00049
-0.00107
-0.00110
-0.00046
0.00046
0.00085
0.00043
-0.00046
-0.00150
-0.00165
-0.00140
-0.00073
-0.00046
-0.00067
-0.00082
-0.00061
-0.00027
-0.00018
-0.00009
0.00015
-0.00018
-0.00049
-0.00046
-0.00027
-0.00009
-0.00031
0.00012
0.00089
0.00082
0.00000
-0.00064
-0.00040
-0.00024
-0.00064
-0.00085
-0.00073
-0.00027
-0.00003
0.00012
0.00000
-0.00040
-0.00021
0.00015
0.00040
0.00034
0.00027
-0.00006
0.00000
0.00000
0.00000
0.00000
0.00000
0.00000
0.00000
0.00000
0.00000
0.00000
0.00000
0.00000
0.00000
0.00000
0.00000
0.00000
0.00000
0.00000
0.00000
0.00000
0.00000
0.00000
0.00000
0.00000
0.00000
0.00000
0.00000
0.00000
0.00000
0.00000
0.00000
0.00000
0.00000
0.00000
0.00000
0.00000
0.00000
0.00000
0.00000
0.00000
0.00000
0.00000
0.00000
0.00000
0.00000
0.00000
0.00000
0.00000
0.00000
0.00000
0.00000
0.00000
0.00000
0.00000
0.00000
0.00000
0.00000
0.00000
0.00000
0.00000
0.00000
0.00000
0.00000
0.00000
0.00000
0.00000
0.00000
0.00000
0.00000
0.00000
0.00000
0.00000
0.00000
0.00000
0.00000
0.00000
0.00000
0.00000
0.00000
0.00000
0.00000
0.00000
0.00000
0.00000
0.00000
0.00000
0.00000
0.00000
0.00000
0.00000
0.00000
0.00000
0.00000
0.00000
0.00000
0.00000
0.00000
0.00000
0.00000
0.00000
0.00000
0.00000
0.00000
0.00000
0.00000
0.00000
0.00000
0.00000
0.00000
0.00000
0.00000
0.00000
0.00000
0.00000
0.00000
0.00000
0.00000
0.00000
0.00000
0.00000
0.00000
0.00000
0.00000
0.00000
0.00000
0.00000
0.00000
0.00000
0.00000
0.00000
0.00000
0.00000
0.00000
0.00000
0.00000
0.00000
0.00000
0.00000
0.00000
0.00000
0.00000
0.00000
0.00000
0.00000
0.00000
0.00000
0.00000
0.00000
0.00000
0.00000
0.00000
0.00000
0.00000
