-0.00009
-0.00015
-0.00015
-0.00006
-0.00009
-0.00012
-0.00009
-0.00006
-0.00012
-0.00018
-0.00012
-0.00009
-0.00012
-0.00012
-0.00012
-0.00009
-0.00012
-0.00012
-0.00006
0.00000
-0.00003
-0.00012
-0.00012
-0.00015
-0.00018
-0.00018
-0.00015
-0.00012
-0.00012
-0.00006
0.00000
-0.00006
-0.00009
-0.00009
-0.00031
-0.00009
-0.00012
-0.00009
-0.00009
-0.00012
-0.00006
-0.00015
-0.00009
-0.00009
-0.00012
-0.00012
-0.00009
-0.00012
-0.00015
-0.00012
-0.00015
-0.00021
-0.00015
-0.00009
-0.00012
-0.00012
-0.00003
-0.00015
-0.00012
-0.00006
-0.00018
-0.00015
-0.00018
-0.00012
-0.00018
-0.00018
-0.00006
-0.00009
-0.00009
-0.00012
-0.00012
-0.00015
-0.00009
-0.00015
-0.00018
-0.00015
-0.00015
-0.00015
-0.00018
-0.00012
-0.00018
-0.00021
-0.00021
-0.00018
-0.00015
-0.00012
-0.00012
-0.00015
-0.00015
-0.00012
-0.00015
-0.00015
-0.00015
-0.00021
-0.00021
-0.00015
-0.00015
-0.00015
-0.00009
-0.00012
-0.00021
-0.00024
-0.00009
-0.00012
-0.00024
-0.00021
-0.00015
-0.00021
-0.00024
-0.00018
-0.00015
-0.00018
-0.00015
-0.00012
-0.00015
-0.00018
-0.00024
-0.00024
-0.00021
-0.00024
-0.00031
-0.00021
-0.00015
-0.00018
-0.00024
-0.00012
-0.00015
-0.00021
-0.00018
-0.00018
-0.00018
-0.00021
-0.00018
-0.00015
-0.00021
-0.00021
-0.00018
-0.00024
-0.00021
-0.00018
-0.00024
-0.00021
-0.00021
-0.00024
-0.00021
-0.00018
-0.00015
-0.00015
-0.00015
-0.00021
-0.00024
-0.00027
-0.00024
-0.00021
-0.00018
-0.00018
-0.00015
-0.00012
-0.00015
-0.00018
-0.00021
-0.00024
-0.00021
-0.00021
-0.00027
-0.00021
-0.00024
-0.00024
-0.00018
-0.00015
-0.00015
-0.00015
-0.00018
-0.00015
-0.00018
-0.00003
-0.00052
0.00031
-0.00119
0.00116
-0.00253
0.00308
-0.00507
0.00330
-0.08969
-0.13620
-0.03293
-0.00253
0.05539
0.08447
0.11984
0.06235
0.00232
0.00229
0.00775
-0.00067
-0.06250
-0.08112
-0.03735
0.01886
0.02884
0.03244
0.03271
0.00882
-0.00464
-0.00446
0.00079
0.00531
0.00305
-0.00412
-0.00873
0.00446
-0.00067
-0.00583
-0.00122
0.00381
-0.00342
-0.00479
0.00449
0.00180
0.00327
0.00662
0.00610
0.00186
0.00284
0.00137
-0.00266
-0.00308
-0.00293
-0.00375
-0.00262
-0.00082
-0.00272
-0.00180
0.00266
0.00360
0.00269
0.00604
0.00751
0.00174
-0.00204
0.00049
0.00119
-0.00217
-0.00397
-0.00266
-0.00320
-0.00311
-0.00049
0.00122
0.00247
0.00125
-0.00125
-0.00186
0.00116
0.00165
0.00024
0.00125
0.00067
-0.00122
-0.00168
-0.00104
-0.00125
-0.00204
-0.00150
-0.00143
-0.00195
-0.00162
-0.00076
0.00058
0.00037
-0.00067
-0.00067
-0.00058
-0.00079
-0.00021
0.00018
-0.00018
-0.00098
-0.00089
-0.00140
-0.00195
-0.00293
-0.00330
-0.00168
-0.00113
-0.00110
0.00037
0.00122
0.00143
0.00189
0.00226
0.00076
-0.00061
-0.00076
-0.00113
-0.00232
-0.00348
-0.00327
-0.00177
-0.00107
-0.00119
-0.00085
-0.00061
-0.00064
-0.00034
0.00070
0.00143
0.00046
-0.00113
-0.00201
-0.00177
-0.00150
-0.00125
-0.00052
-0.00027
-0.00070
-0.00098
-0.00095
-0.00079
-0.00092
-0.00052
-0.00003
-0.00021
-0.00067
-0.00085
0.00018
0.00119
0.00146
0.00125
0.00067
-0.00003
-0.00070
-0.00064
-0.00055
-0.00143
-0.00232
-0.00183
-0.00043
0.00024
0.00000
-0.00024
-0.00031
-0.00009
0.00049
0.00110
0.00110
0.00037
-0.00037
-0.00061
-0.00067
-0.00079
-0.00079
-0.00052
-0.00064
-0.00128
-0.00150
-0.00140
-0.00076
-0.00046
-0.00031
-0.00012
-0.00079
-0.00052
0.00037
0.00085
0.00131
0.00125
0.00119
0.00189
0.00131
0.00119
0.00269
0.00311
0.00330
0.00235
0.00089
0.00049
-0.00204
-0.00262
-0.00119
-0.00122
-0.00125
-0.00043
0.00049
-0.00015
0.00003
-0.00006
-0.00156
-0.00095
-0.00171
-0.00146
-0.00195
-0.00085
0.00174
-0.00055
0.00146
0.00269
0.00198
0.00201
0.00061
0.00131
0.00018
-0.00092
-0.00009
-0.00003
0.00015
0.00021
-0.00104
-0.00101
0.00021
0.00046
-0.00058
-0.00034
-0.00089
-0.00204
-0.00119
-0.00003
-0.00061
-0.00006
0.00128
0.00043
0.00037
0.00049
0.00082
0.00058
0.00031
0.00000
0.00000
0.00000
0.00000
0.00000
0.00000
0.00000
0.00000
0.00000
0.00000
0.00000
0.00000
0.00000
0.00000
0.00000
0.00000
0.00000
0.00000
0.00000
0.00000
0.00000
0.00000
0.00000
0.00000
0.00000
0.00000
0.00000
0.00000
0.00000
0.00000
0.00000
0.00000
0.00000
0.00000
0.00000
0.00000
0.00000
0.00000
0.00000
0.00000
0.00000
0.00000
0.00000
0.00000
0.00000
0.00000
0.00000
0.00000
0.00000
0.00000
0.00000
0.00000
0.00000
0.00000
0.00000
0.00000
0.00000
0.00000
0.00000
0.00000
0.00000
0.00000
0.00000
0.00000
0.00000
0.00000
0.00000
0.00000
0.00000
0.00000
0.00000
0.00000
0.00000
0.00000
0.00000
0.00000
0.00000
0.00000
0.00000
0.00000
0.00000
0.00000
0.00000
0.00000
0.00000
