-0.00012
-0.00018
-0.00015
-0.00018
-0.00021
-0.00018
-0.00015
-0.00021
-0.00021
-0.00015
-0.00018
-0.00015
-0.00009
-0.00012
-0.00015
-0.00015
-0.00012
-0.00018
-0.00021
-0.00021
-0.00021
-0.00024
-0.00021
-0.00018
-0.00015
-0.00009
-0.00006
-0.00012
-0.00015
-0.00012
-0.00015
-0.00021
-0.00021
-0.00015
-0.00031
-0.00015
-0.00015
-0.00012
-0.00018
-0.00021
-0.00015
-0.00018
-0.00015
-0.00015
-0.00015
-0.00012
-0.00012
-0.00018
-0.00018
-0.00018
-0.00024
-0.00024
-0.00021
-0.00018
-0.00018
-0.00012
-0.00012
-0.00018
-0.00009
-0.00015
-0.00015
-0.00015
-0.00015
-0.00012
-0.00018
-0.00018
-0.00015
-0.00015
-0.00024
-0.00018
-0.00015
-0.00012
-0.00009
-0.00009
-0.00012
-0.00015
-0.00018
-0.00024
-0.00027
-0.00021
-0.00021
-0.00024
-0.00015
-0.00009
-0.00012
-0.00015
-0.00015
-0.00018
-0.00021
-0.00021
-0.00018
-0.00015
-0.00018
-0.00018
-0.00018
-0.00021
-0.00031
-0.00027
-0.00021
-0.00021
-0.00021
-0.00015
-0.00006
-0.00009
-0.00012
-0.00012
-0.00012
-0.00018
-0.00024
-0.00027
-0.00021
-0.00018
-0.00021
-0.00021
-0.00018
-0.00018
-0.00021
-0.00018
-0.00018
-0.00021
-0.00021
-0.00021
-0.00018
-0.00015
-0.00018
-0.00015
-0.00015
-0.00012
-0.00015
-0.00021
-0.00018
-0.00015
-0.00015
-0.00018
-0.00018
-0.00012
-0.00015
-0.00021
-0.00018
-0.00021
-0.00021
-0.00018
-0.00018
-0.00015
-0.00018
-0.00015
-0.00009
-0.00012
-0.00015
-0.00018
-0.00012
-0.00015
-0.00024
-0.00021
-0.00021
-0.00024
-0.00024
-0.00018
-0.00018
-0.00021
-0.00021
-0.00018
-0.00012
-0.00018
-0.00018
-0.00015
-0.00015
-0.00018
-0.00021
-0.00015
-0.00012
-0.00018
-0.00012
-0.00015
0.00000
-0.00037
0.00006
-0.00049
0.00006
-0.00052
-0.00009
-0.00009
-0.00070
-0.01379
-0.08304
-0.02719
0.00751
-0.02029
-0.03543
-0.01147
0.05685
0.04758
0.03006
0.02896
0.04880
0.02557
-0.02612
-0.03156
0.00858
-0.00009
-0.02774
-0.01605
0.00528
0.01498
0.01151
-0.00015
0.00687
0.01428
-0.00116
-0.01440
-0.00162
0.00879
-0.00253
-0.00565
-0.00137
0.00375
0.00336
0.00134
-0.00079
0.00198
0.00400
0.00021
-0.00012
0.00244
0.00400
0.00290
0.00092
-0.00082
-0.00003
-0.00119
-0.00275
-0.00327
-0.00223
-0.00125
-0.00046
-0.00214
0.00024
0.00497
0.00366
0.00055
0.00165
0.00391
0.00232
-0.00095
-0.00092
-0.00034
-0.00076
-0.00217
-0.00259
-0.00027
-0.00082
-0.00244
-0.00122
0.00116
0.00168
-0.00040
-0.00076
0.00034
0.00073
-0.00006
-0.00052
-0.00043
-0.00070
-0.00183
-0.00143
-0.00140
-0.00223
-0.00177
0.00015
-0.00104
-0.00110
-0.00095
0.00000
0.00116
-0.00049
-0.00153
-0.00034
-0.00006
-0.00110
-0.00104
-0.00140
-0.00217
-0.00201
-0.00229
-0.00177
-0.00143
-0.00113
-0.00079
-0.00046
0.00040
0.00101
0.00128
0.00034
-0.00003
0.00061
0.00037
-0.00128
-0.00204
-0.00156
-0.00122
-0.00192
-0.00253
-0.00204
-0.00125
-0.00131
-0.00143
-0.00067
-0.00043
-0.00055
-0.00049
-0.00009
0.00000
-0.00052
-0.00085
-0.00070
-0.00064
-0.00092
-0.00131
-0.00128
-0.00098
-0.00104
-0.00082
-0.00058
-0.00055
-0.00061
-0.00043
-0.00003
0.00012
0.00021
0.00024
0.00043
0.00061
0.00049
0.00024
-0.00027
-0.00104
-0.00116
-0.00079
-0.00067
-0.00101
-0.00110
-0.00076
-0.00037
-0.00024
-0.00015
0.00003
0.00018
0.00009
0.00009
0.00018
0.00000
-0.00018
-0.00037
-0.00037
-0.00052
-0.00073
-0.00082
-0.00085
-0.00073
-0.00085
-0.00092
-0.00055
0.00000
0.00043
0.00024
0.00018
0.00052
0.00055
0.00085
0.00049
0.00055
0.00122
0.00122
0.00146
0.00134
0.00125
0.00143
0.00009
0.00000
0.00000
0.00000
0.00000
0.00000
0.00000
0.00000
0.00000
0.00000
0.00000
0.00000
0.00000
0.00000
0.00000
0.00000
0.00000
0.00000
0.00000
0.00000
0.00000
0.00000
0.00000
0.00000
0.00000
0.00000
0.00000
0.00000
0.00000
0.00000
0.00000
0.00000
0.00000
0.00000
0.00000
0.00000
0.00000
0.00000
0.00000
0.00000
0.00000
0.00000
0.00000
0.00000
0.00000
0.00000
0.00000
0.00000
0.00000
0.00000
0.00000
0.00000
0.00000
0.00000
0.00000
0.00000
0.00000
0.00000
0.00000
0.00000
0.00000
0.00000
0.00000
0.00000
0.00000
0.00000
0.00000
0.00000
0.00000
0.00000
0.00000
0.00000
0.00000
0.00000
0.00000
0.00000
0.00000
0.00000
0.00000
0.00000
0.00000
0.00000
0.00000
0.00000
0.00000
0.00000
0.00000
0.00000
0.00000
0.00000
0.00000
0.00000
0.00000
0.00000
0.00000
0.00000
0.00000
0.00000
0.00000
0.00000
0.00000
0.00000
0.00000
0.00000
0.00000
0.00000
0.00000
0.00000
0.00000
0.00000
0.00000
0.00000
0.00000
0.00000
0.00000
0.00000
0.00000
0.00000
0.00000
0.00000
0.00000
0.00000
0.00000
0.00000
0.00000
0.00000
0.00000
0.00000
0.00000
0.00000
0.00000
0.00000
0.00000
0.00000
0.00000
