-0.00015
-0.00015
-0.00009
-0.00003
-0.00006
-0.00003
-0.00006
-0.00009
-0.00018
-0.00024
-0.00021
-0.00021
-0.00018
-0.00009
-0.00009
-0.00009
-0.00006
-0.00006
-0.00009
-0.00012
-0.00015
-0.00018
-0.00021
-0.00015
-0.00015
-0.00012
-0.00009
-0.00015
-0.00015
-0.00012
-0.00009
-0.00012
-0.00015
-0.00009
-0.00024
-0.00006
-0.00012
-0.00018
-0.00015
-0.00015
-0.00012
-0.00015
-0.00015
-0.00012
-0.00012
-0.00018
-0.00012
-0.00012
-0.00015
-0.00018
-0.00015
-0.00015
-0.00015
-0.00015
-0.00012
-0.00012
-0.00018
-0.00018
-0.00018
-0.00018
-0.00015
-0.00018
-0.00015
-0.00009
-0.00018
-0.00009
-0.00009
-0.00018
-0.00012
-0.00024
-0.00018
-0.00024
-0.00021
-0.00015
-0.00015
-0.00015
-0.00015
-0.00009
-0.00009
-0.00009
-0.00012
-0.00015
-0.00018
-0.00021
-0.00024
-0.00021
-0.00018
-0.00015
-0.00012
-0.00012
-0.00012
-0.00009
-0.00009
-0.00012
-0.00021
-0.00021
-0.00021
-0.00024
-0.00018
-0.00015
-0.00015
-0.00012
-0.00012
-0.00012
-0.00015
-0.00012
-0.00015
-0.00024
-0.00018
-0.00021
-0.00024
-0.00018
-0.00012
-0.00015
-0.00018
-0.00012
-0.00012
-0.00018
-0.00018
-0.00015
-0.00015
-0.00012
-0.00015
-0.00018
-0.00018
-0.00015
-0.00018
-0.00018
-0.00018
-0.00021
-0.00021
-0.00021
-0.00018
-0.00018
-0.00015
-0.00012
-0.00018
-0.00018
-0.00018
-0.00018
-0.00015
-0.00018
-0.00021
-0.00021
-0.00018
-0.00018
-0.00015
-0.00018
-0.00015
-0.00021
-0.00027
-0.00021
-0.00021
-0.00021
-0.00024
-0.00015
-0.00012
-0.00012
-0.00015
-0.00015
-0.00021
-0.00027
-0.00031
-0.00027
-0.00024
-0.00021
-0.00018
-0.00018
-0.00015
-0.00015
-0.00018
-0.00021
-0.00018
-0.00024
-0.00024
-0.00018
-0.00018
-0.00021
-0.00024
-0.00024
-0.00018
-0.00024
-0.00006
-0.00046
0.00027
-0.00110
0.00107
-0.00235
0.00269
-0.00455
0.00314
-0.05856
-0.07602
-0.02493
-0.04312
0.05743
0.06757
0.06036
0.02451
0.00745
0.02274
0.00589
-0.01245
-0.04004
-0.03064
-0.01981
-0.00400
0.01349
0.03580
0.01505
-0.00815
-0.00452
0.00330
0.00601
0.00058
-0.00525
0.00003
0.00403
0.00146
-0.00494
-0.00281
0.00140
-0.00189
-0.00308
-0.00049
0.00302
-0.00150
-0.00085
0.00256
0.00629
0.00543
0.00507
0.00037
-0.00009
0.00027
-0.00052
-0.00186
-0.00241
-0.00098
-0.00229
-0.00137
0.00128
0.00217
0.00299
0.00491
0.00308
0.00119
0.00162
0.00104
-0.00009
-0.00064
-0.00061
-0.00168
-0.00302
-0.00226
-0.00037
0.00082
0.00043
-0.00024
0.00009
-0.00055
0.00049
0.00095
0.00128
0.00159
0.00058
-0.00043
-0.00085
-0.00137
-0.00186
-0.00211
-0.00089
-0.00089
-0.00174
-0.00107
-0.00095
0.00131
0.00079
-0.00040
0.00000
-0.00085
0.00101
0.00073
-0.00156
-0.00128
-0.00113
-0.00098
-0.00150
-0.00208
-0.00296
-0.00183
-0.00043
-0.00085
-0.00049
0.00012
-0.00015
0.00012
0.00146
0.00137
0.00101
-0.00006
-0.00098
-0.00098
-0.00119
-0.00214
-0.00296
-0.00223
-0.00162
-0.00070
-0.00027
-0.00098
-0.00070
0.00000
0.00037
0.00043
-0.00015
-0.00076
-0.00134
-0.00128
-0.00116
-0.00113
-0.00092
-0.00113
-0.00104
-0.00079
-0.00058
-0.00076
-0.00089
-0.00024
0.00024
0.00000
0.00000
0.00000
0.00000
0.00000
0.00000
0.00000
0.00000
0.00000
0.00000
0.00000
0.00000
0.00000
0.00000
0.00000
0.00000
0.00000
0.00000
0.00000
0.00000
0.00000
0.00000
0.00000
0.00000
0.00000
0.00000
0.00000
0.00000
0.00000
0.00000
0.00000
0.00000
0.00000
0.00000
0.00000
0.00000
0.00000
0.00000
0.00000
0.00000
0.00000
0.00000
0.00000
0.00000
0.00000
0.00000
0.00000
0.00000
0.00000
0.00000
0.00000
0.00000
0.00000
0.00000
0.00000
0.00000
0.00000
0.00000
0.00000
0.00000
0.00000
0.00000
0.00000
0.00000
0.00000
0.00000
0.00000
0.00000
0.00000
0.00000
0.00000
0.00000
0.00000
0.00000
0.00000
0.00000
0.00000
0.00000
0.00000
0.00000
0.00000
0.00000
0.00000
0.00000
0.00000
0.00000
0.00000
0.00000
0.00000
0.00000
0.00000
0.00000
0.00000
0.00000
0.00000
0.00000
0.00000
0.00000
0.00000
0.00000
0.00000
0.00000
0.00000
0.00000
0.00000
0.00000
0.00000
0.00000
0.00000
0.00000
0.00000
0.00000
0.00000
0.00000
0.00000
0.00000
0.00000
0.00000
0.00000
0.00000
0.00000
0.00000
0.00000
0.00000
0.00000
0.00000
0.00000
0.00000
0.00000
0.00000
0.00000
0.00000
0.00000
0.00000
0.00000
0.00000
0.00000
0.00000
0.00000
0.00000
0.00000
0.00000
0.00000
0.00000
0.00000
0.00000
0.00000
0.00000
0.00000
0.00000
0.00000
0.00000
0.00000
0.00000
0.00000
0.00000
0.00000
0.00000
0.00000
0.00000
0.00000
0.00000
0.00000
0.00000
0.00000
0.00000
0.00000
0.00000
0.00000
0.00000
0.00000
0.00000
0.00000
0.00000
0.00000
0.00000
0.00000
0.00000
0.00000
0.00000
0.00000
0.00000
