-0.00015
-0.00015
-0.00018
-0.00015
-0.00018
-0.00024
-0.00021
-0.00024
-0.00027
-0.00024
-0.00018
-0.00018
-0.00018
-0.00018
-0.00021
-0.00018
-0.00018
-0.00018
-0.00021
-0.00024
-0.00024
-0.00024
-0.00027
-0.00031
-0.00027
-0.00021
-0.00018
-0.00015
-0.00012
-0.00015
-0.00015
-0.00021
-0.00024
-0.00024
-0.00043
-0.00021
-0.00021
-0.00015
-0.00012
-0.00009
-0.00003
-0.00009
-0.00012
-0.00015
-0.00018
-0.00024
-0.00027
-0.00027
-0.00021
-0.00012
-0.00012
-0.00012
-0.00009
-0.00015
-0.00018
-0.00021
-0.00021
-0.00024
-0.00027
-0.00024
-0.00021
-0.00018
-0.00015
-0.00015
-0.00012
-0.00015
-0.00015
-0.00018
-0.00018
-0.00018
-0.00021
-0.00027
-0.00018
-0.00012
-0.00018
-0.00018
-0.00015
-0.00012
-0.00015
-0.00018
-0.00015
-0.00015
-0.00021
-0.00021
-0.00015
-0.00015
-0.00018
-0.00012
-0.00006
-0.00006
-0.00012
-0.00015
-0.00018
-0.00021
-0.00027
-0.00027
-0.00024
-0.00021
-0.00021
-0.00021
-0.00009
-0.00009
-0.00009
-0.00006
-0.00006
-0.00012
-0.00018
-0.00015
-0.00015
-0.00018
-0.00018
-0.00021
-0.00024
-0.00024
-0.00021
-0.00015
-0.00012
-0.00015
-0.00009
-0.00006
-0.00015
-0.00012
-0.00009
-0.00015
-0.00015
-0.00015
-0.00012
-0.00015
-0.00012
-0.00009
-0.00012
-0.00021
-0.00024
-0.00021
-0.00021
-0.00021
-0.00012
-0.00006
-0.00006
-0.00006
-0.00009
-0.00012
-0.00015
-0.00018
-0.00021
-0.00021
-0.00021
-0.00021
-0.00018
-0.00015
-0.00015
-0.00015
-0.00015
-0.00015
-0.00018
-0.00018
-0.00012
-0.00009
-0.00012
-0.00012
-0.00009
-0.00012
-0.00015
-0.00015
-0.00012
-0.00018
-0.00024
-0.00024
-0.00018
-0.00018
-0.00021
-0.00018
-0.00018
-0.00018
-0.00021
-0.00015
-0.00012
-0.00009
-0.00009
-0.00009
-0.00009
-0.00009
-0.00009
-0.00012
-0.00018
-0.00024
-0.00021
-0.00021
-0.00018
-0.00015
-0.00012
-0.00009
-0.00040
0.00000
-0.00055
0.00055
-0.00119
-0.00107
-0.03094
-0.03204
-0.00992
-0.01990
-0.00906
-0.00247
0.01901
0.03806
0.02780
0.01361
0.01303
0.01056
-0.00568
-0.01605
-0.00934
-0.00613
-0.00586
-0.00247
0.00006
0.00882
0.00888
-0.00146
-0.00119
0.00543
0.00259
-0.00180
-0.00281
0.00024
0.00055
-0.00137
-0.00406
-0.00259
0.00119
0.00183
0.00238
0.00290
0.00443
0.00449
0.00278
0.00140
0.00250
0.00192
-0.00003
-0.00098
-0.00061
0.00000
-0.00006
-0.00116
-0.00143
0.00000
0.00128
0.00006
0.00027
0.00223
0.00278
0.00220
0.00162
0.00195
0.00150
-0.00037
-0.00143
-0.00092
-0.00049
-0.00107
-0.00159
-0.00021
0.00119
0.00043
-0.00043
-0.00089
-0.00034
0.00070
0.00040
0.00067
0.00146
0.00049
0.00003
-0.00040
-0.00095
-0.00156
-0.00150
-0.00168
-0.00107
0.00009
0.00015
0.00018
-0.00034
-0.00076
-0.00037
-0.00012
-0.00061
-0.00110
-0.00079
-0.00049
-0.00034
-0.00058
-0.00095
-0.00085
-0.00089
-0.00143
-0.00177
-0.00150
-0.00098
-0.00037
-0.00027
-0.00040
-0.00021
0.00031
0.00040
0.00000
0.00003
0.00003
0.00000
0.00000
0.00000
0.00000
0.00000
0.00000
0.00000
0.00000
0.00000
0.00000
0.00000
0.00000
0.00000
0.00000
0.00000
0.00000
0.00000
0.00000
0.00000
0.00000
0.00000
0.00000
0.00000
0.00000
0.00000
0.00000
0.00000
0.00000
0.00000
0.00000
0.00000
0.00000
0.00000
0.00000
0.00000
0.00000
0.00000
0.00000
0.00000
0.00000
0.00000
0.00000
0.00000
0.00000
0.00000
0.00000
0.00000
0.00000
0.00000
0.00000
0.00000
0.00000
0.00000
0.00000
0.00000
0.00000
0.00000
0.00000
0.00000
0.00000
0.00000
0.00000
0.00000
0.00000
0.00000
0.00000
0.00000
0.00000
0.00000
0.00000
0.00000
0.00000
0.00000
0.00000
0.00000
0.00000
0.00000
0.00000
0.00000
0.00000
0.00000
0.00000
0.00000
0.00000
0.00000
0.00000
0.00000
0.00000
0.00000
0.00000
0.00000
0.00000
0.00000
0.00000
0.00000
0.00000
0.00000
0.00000
0.00000
0.00000
0.00000
0.00000
0.00000
0.00000
0.00000
0.00000
0.00000
0.00000
0.00000
0.00000
0.00000
0.00000
0.00000
0.00000
0.00000
0.00000
0.00000
0.00000
0.00000
0.00000
0.00000
0.00000
0.00000
0.00000
0.00000
0.00000
0.00000
0.00000
0.00000
0.00000
0.00000
0.00000
0.00000
0.00000
0.00000
0.00000
0.00000
0.00000
0.00000
0.00000
0.00000
0.00000
0.00000
0.00000
0.00000
0.00000
0.00000
0.00000
0.00000
0.00000
0.00000
0.00000
0.00000
0.00000
0.00000
0.00000
0.00000
0.00000
0.00000
0.00000
0.00000
0.00000
0.00000
0.00000
0.00000
0.00000
0.00000
0.00000
0.00000
0.00000
0.00000
0.00000
0.00000
0.00000
0.00000
0.00000
0.00000
0.00000
0.00000
0.00000
0.00000
0.00000
0.00000
0.00000
0.00000
0.00000
0.00000
0.00000
0.00000
0.00000
0.00000
0.00000
0.00000
0.00000
0.00000
0.00000
0.00000
0.00000
0.00000
0.00000
0.00000
0.00000
