-0.00018
-0.00012
-0.00015
-0.00012
-0.00006
-0.00006
-0.00009
-0.00012
-0.00009
-0.00012
-0.00009
-0.00009
-0.00015
-0.00015
-0.00012
-0.00015
-0.00015
-0.00009
-0.00006
-0.00003
-0.00003
-0.00006
-0.00012
-0.00012
-0.00018
-0.00018
-0.00012
-0.00012
0.00000
0.00000
0.00000
0.00000
-0.00006
-0.00009
-0.00037
-0.00018
-0.00018
-0.00018
-0.00012
-0.00012
-0.00003
-0.00003
-0.00003
-0.00006
-0.00006
-0.00006
-0.00009
-0.00015
-0.00015
-0.00015
-0.00015
-0.00015
-0.00012
-0.00018
-0.00009
-0.00018
-0.00018
0.00000
-0.00009
-0.00006
-0.00006
-0.00009
-0.00012
-0.00018
-0.00015
-0.00012
-0.00012
-0.00018
-0.00018
-0.00015
-0.00009
-0.00009
-0.00009
-0.00006
0.00000
-0.00003
-0.00003
0.00000
-0.00006
-0.00015
-0.00021
-0.00021
-0.00021
-0.00018
-0.00009
-0.00012
-0.00009
-0.00006
-0.00006
-0.00006
-0.00006
-0.00012
-0.00015
-0.00015
-0.00015
-0.00012
-0.00009
-0.00006
-0.00012
-0.00012
-0.00006
-0.00009
-0.00018
-0.00015
-0.00012
-0.00018
-0.00015
-0.00006
-0.00003
-0.00003
0.00000
-0.00006
-0.00009
-0.00015
-0.00021
-0.00018
-0.00015
-0.00021
-0.00018
-0.00009
-0.00006
-0.00009
-0.00012
-0.00012
-0.00015
-0.00015
-0.00009
-0.00012
-0.00003
0.00000
-0.00006
-0.00009
-0.00006
-0.00015
-0.00024
-0.00021
-0.00018
-0.00012
-0.00015
-0.00009
-0.00003
-0.00003
-0.00009
-0.00018
-0.00012
-0.00012
-0.00015
-0.00015
-0.00012
-0.00009
-0.00015
-0.00015
-0.00012
-0.00009
-0.00012
-0.00018
-0.00009
-0.00006
-0.00006
-0.00009
-0.00003
-0.00006
-0.00021
-0.00021
-0.00021
-0.00024
-0.00018
-0.00015
-0.00012
-0.00006
-0.00006
0.00000
-0.00012
0.00000
-0.00058
0.00034
-0.00113
0.00110
-0.00204
0.00256
-0.00394
0.00323
-0.07733
-0.14267
-0.01736
0.00214
0.01245
0.05734
0.10117
0.09372
0.02475
-0.00476
0.00681
0.02628
-0.04254
-0.08972
-0.03610
0.02377
0.01419
0.01334
0.01971
0.00998
0.00336
-0.00729
-0.00552
0.01938
0.01791
-0.00381
-0.00665
0.00861
-0.00269
-0.01175
-0.00690
-0.00055
0.00064
-0.00565
-0.00174
0.00546
0.00891
0.00684
0.00461
0.00143
0.00400
0.00238
-0.00220
-0.00345
-0.00195
-0.00360
-0.00412
-0.00076
-0.00119
-0.00128
0.00204
0.00281
0.00180
0.00598
0.00616
0.00092
-0.00150
0.00116
0.00137
-0.00143
-0.00308
-0.00232
-0.00244
-0.00391
-0.00314
0.00089
0.00266
0.00079
-0.00156
-0.00143
0.00192
0.00217
-0.00021
0.00113
0.00150
-0.00156
-0.00250
-0.00122
-0.00049
-0.00165
-0.00201
-0.00171
-0.00195
-0.00140
-0.00140
0.00027
0.00070
-0.00079
-0.00076
0.00009
-0.00021
-0.00137
-0.00098
0.00058
-0.00012
-0.00082
-0.00211
-0.00314
-0.00189
-0.00208
-0.00195
-0.00180
-0.00189
0.00070
0.00104
0.00095
0.00214
0.00247
0.00085
-0.00119
-0.00079
-0.00021
-0.00131
-0.00320
-0.00369
-0.00165
-0.00076
-0.00180
-0.00168
-0.00098
-0.00085
-0.00061
0.00043
0.00156
0.00082
-0.00073
-0.00159
-0.00137
-0.00116
-0.00153
-0.00101
-0.00040
-0.00070
-0.00110
-0.00116
-0.00095
-0.00092
-0.00085
-0.00021
-0.00003
-0.00037
-0.00061
0.00018
0.00116
0.00122
0.00085
0.00052
0.00012
-0.00037
-0.00040
-0.00024
-0.00110
-0.00214
-0.00186
-0.00055
-0.00003
-0.00055
-0.00067
-0.00034
0.00000
0.00040
0.00092
0.00128
0.00082
-0.00012
-0.00061
-0.00070
-0.00085
-0.00092
-0.00067
-0.00049
-0.00089
-0.00125
-0.00101
-0.00021
0.00027
0.00015
-0.00046
-0.00079
-0.00079
-0.00064
-0.00049
-0.00040
0.00024
0.00079
0.00095
0.00180
0.00223
0.00146
0.00204
0.00229
0.00180
0.00150
0.00055
0.00085
-0.00003
-0.00107
0.00024
0.00037
0.00031
-0.00037
-0.00137
-0.00101
-0.00064
-0.00095
-0.00101
-0.00024
-0.00092
-0.00101
0.00012
0.00006
0.00000
0.00000
0.00000
0.00000
0.00000
0.00000
0.00000
0.00000
0.00000
0.00000
0.00000
0.00000
0.00000
0.00000
0.00000
0.00000
0.00000
0.00000
0.00000
0.00000
0.00000
0.00000
0.00000
0.00000
0.00000
0.00000
0.00000
0.00000
0.00000
0.00000
0.00000
0.00000
0.00000
0.00000
0.00000
0.00000
0.00000
0.00000
0.00000
0.00000
0.00000
0.00000
0.00000
0.00000
0.00000
0.00000
0.00000
0.00000
0.00000
0.00000
0.00000
0.00000
0.00000
0.00000
0.00000
0.00000
0.00000
0.00000
0.00000
0.00000
0.00000
0.00000
0.00000
0.00000
0.00000
0.00000
0.00000
0.00000
0.00000
0.00000
0.00000
0.00000
0.00000
0.00000
0.00000
0.00000
0.00000
0.00000
0.00000
0.00000
0.00000
0.00000
0.00000
0.00000
0.00000
0.00000
0.00000
0.00000
0.00000
0.00000
0.00000
0.00000
0.00000
0.00000
0.00000
0.00000
0.00000
0.00000
0.00000
0.00000
0.00000
0.00000
0.00000
0.00000
0.00000
0.00000
0.00000
0.00000
0.00000
0.00000
0.00000
0.00000
0.00000
0.00000
0.00000
0.00000
0.00000
0.00000
0.00000
