-0.00024
-0.00027
-0.00027
-0.00027
-0.00027
-0.00031
-0.00031
-0.00024
-0.00021
-0.00024
-0.00024
-0.00024
-0.00024
-0.00027
-0.00031
-0.00027
-0.00027
-0.00031
-0.00031
-0.00031
-0.00031
-0.00027
-0.00027
-0.00027
-0.00031
-0.00024
-0.00024
-0.00031
-0.00037
-0.00037
-0.00034
-0.00040
-0.00040
-0.00031
-0.00046
-0.00021
-0.00027
-0.00024
-0.00024
-0.00031
-0.00027
-0.00034
-0.00031
-0.00031
-0.00034
-0.00031
-0.00031
-0.00034
-0.00031
-0.00031
-0.00034
-0.00031
-0.00031
-0.00031
-0.00037
-0.00037
-0.00027
-0.00027
-0.00034
-0.00034
-0.00031
-0.00031
-0.00040
-0.00034
-0.00031
-0.00037
-0.00037
-0.00034
-0.00027
-0.00027
-0.00031
-0.00031
-0.00027
-0.00031
-0.00037
-0.00037
-0.00034
-0.00034
-0.00037
-0.00031
-0.00031
-0.00034
-0.00031
-0.00031
-0.00034
-0.00040
-0.00037
-0.00034
-0.00037
-0.00037
-0.00034
-0.00031
-0.00031
-0.00031
-0.00031
-0.00034
-0.00037
-0.00040
-0.00037
-0.00027
-0.00027
-0.00027
-0.00027
-0.00027
-0.00031
-0.00037
-0.00037
-0.00037
-0.00037
-0.00037
-0.00031
-0.00031
-0.00027
-0.00024
-0.00027
-0.00034
-0.00034
-0.00034
-0.00037
-0.00037
-0.00031
-0.00031
-0.00024
-0.00027
-0.00031
-0.00027
-0.00027
-0.00027
-0.00031
-0.00037
-0.00031
-0.00031
-0.00034
-0.00034
-0.00031
-0.00031
-0.00031
-0.00031
-0.00031
-0.00024
-0.00021
-0.00021
-0.00021
-0.00021
-0.00024
-0.00024
-0.00027
-0.00024
-0.00027
-0.00034
-0.00031
-0.00034
-0.00034
-0.00031
-0.00034
-0.00031
-0.00031
-0.00027
-0.00031
-0.00031
-0.00021
-0.00027
-0.00034
-0.00034
-0.00031
-0.00031
-0.00037
-0.00034
-0.00034
-0.00037
-0.00037
-0.00027
-0.00021
-0.00021
-0.00018
-0.00021
-0.00021
-0.00024
-0.00031
-0.00031
-0.00031
-0.00031
-0.00034
-0.00040
-0.00034
-0.00031
-0.00031
-0.00024
-0.00021
-0.00024
-0.00024
-0.00018
-0.00021
-0.00024
-0.00024
-0.00018
-0.00021
-0.00021
-0.00024
-0.00034
-0.00040
-0.00052
-0.00049
-0.00034
-0.00027
-0.00034
-0.00055
-0.00763
-0.02609
-0.03302
-0.02438
-0.01630
-0.00058
0.01648
0.02933
0.02716
0.01819
0.01126
0.00912
0.00452
-0.00931
-0.01917
-0.01596
-0.00500
0.00137
0.00641
0.00589
0.00510
0.00543
0.00381
0.00226
0.00241
0.00137
-0.00122
-0.00024
0.00174
0.00052
-0.00076
-0.00055
-0.00018
0.00107
0.00143
-0.00015
-0.00052
0.00055
0.00204
0.00266
0.00238
0.00201
0.00180
0.00113
-0.00018
-0.00098
-0.00125
-0.00070
-0.00027
-0.00034
0.00012
0.00064
0.00064
0.00031
0.00131
0.00253
0.00229
0.00119
0.00021
0.00006
0.00043
0.00012
-0.00064
-0.00095
-0.00101
-0.00150
-0.00018
0.00122
0.00034
0.00018
-0.00052
-0.00003
0.00119
0.00034
-0.00061
-0.00070
-0.00040
-0.00119
-0.00061
-0.00021
-0.00021
0.00006
-0.00073
-0.00143
-0.00082
-0.00034
-0.00095
-0.00082
-0.00043
-0.00009
0.00018
-0.00027
-0.00082
-0.00076
-0.00049
-0.00085
-0.00085
-0.00076
-0.00095
-0.00104
-0.00110
-0.00137
-0.00137
-0.00104
-0.00067
-0.00037
-0.00037
-0.00040
0.00000
0.00052
0.00055
0.00015
-0.00040
-0.00082
-0.00082
-0.00067
-0.00092
-0.00140
-0.00156
-0.00131
-0.00098
-0.00073
-0.00073
-0.00070
-0.00055
-0.00012
0.00012
-0.00003
-0.00055
-0.00092
-0.00076
-0.00040
-0.00031
-0.00073
-0.00122
-0.00134
-0.00110
-0.00079
-0.00049
-0.00031
-0.00015
-0.00006
-0.00021
-0.00024
-0.00009
0.00009
0.00006
0.00000
0.00009
0.00015
0.00006
0.00000
0.00000
0.00000
0.00000
0.00000
0.00000
0.00000
0.00000
0.00000
0.00000
0.00000
0.00000
0.00000
0.00000
0.00000
0.00000
0.00000
0.00000
0.00000
0.00000
0.00000
0.00000
0.00000
0.00000
0.00000
0.00000
0.00000
0.00000
0.00000
0.00000
0.00000
0.00000
0.00000
0.00000
0.00000
0.00000
0.00000
0.00000
0.00000
0.00000
0.00000
0.00000
0.00000
0.00000
0.00000
0.00000
0.00000
0.00000
0.00000
0.00000
0.00000
0.00000
0.00000
0.00000
0.00000
0.00000
0.00000
0.00000
0.00000
0.00000
0.00000
0.00000
0.00000
0.00000
0.00000
0.00000
0.00000
0.00000
0.00000
0.00000
0.00000
0.00000
0.00000
0.00000
0.00000
0.00000
0.00000
0.00000
0.00000
0.00000
0.00000
0.00000
0.00000
0.00000
0.00000
0.00000
0.00000
0.00000
0.00000
0.00000
0.00000
0.00000
0.00000
0.00000
0.00000
0.00000
0.00000
0.00000
0.00000
0.00000
0.00000
0.00000
0.00000
0.00000
0.00000
0.00000
0.00000
0.00000
0.00000
0.00000
0.00000
0.00000
0.00000
0.00000
0.00000
0.00000
0.00000
0.00000
0.00000
0.00000
0.00000
0.00000
0.00000
0.00000
0.00000
0.00000
0.00000
0.00000
0.00000
0.00000
0.00000
0.00000
0.00000
0.00000
0.00000
0.00000
0.00000
0.00000
0.00000
0.00000
0.00000
0.00000
0.00000
0.00000
0.00000
0.00000
0.00000
0.00000
0.00000
0.00000
0.00000
0.00000
0.00000
0.00000
