-0.00006
-0.00006
-0.00009
-0.00006
-0.00003
-0.00009
-0.00012
-0.00012
-0.00012
-0.00009
-0.00012
-0.00012
-0.00006
-0.00009
-0.00009
-0.00003
-0.00003
-0.00003
-0.00006
-0.00006
-0.00006
-0.00012
-0.00012
-0.00012
-0.00012
-0.00015
-0.00018
-0.00018
-0.00009
-0.00012
-0.00009
0.00000
-0.00003
0.00000
-0.00018
0.00000
-0.00006
-0.00012
-0.00006
-0.00009
-0.00003
-0.00006
-0.00006
-0.00009
-0.00009
-0.00015
-0.00021
-0.00015
-0.00015
-0.00012
-0.00009
-0.00006
-0.00006
-0.00006
-0.00003
-0.00003
-0.00006
-0.00006
-0.00009
-0.00006
-0.00009
-0.00009
-0.00012
-0.00018
-0.00015
-0.00012
-0.00012
-0.00012
-0.00012
-0.00003
0.00000
0.00000
-0.00003
-0.00006
-0.00006
-0.00009
-0.00012
-0.00009
-0.00006
-0.00009
-0.00009
-0.00003
-0.00003
-0.00006
-0.00009
-0.00012
-0.00012
-0.00015
-0.00015
-0.00015
-0.00015
-0.00012
-0.00009
-0.00006
-0.00006
-0.00006
-0.00012
-0.00009
-0.00012
-0.00015
-0.00009
-0.00006
-0.00009
-0.00009
-0.00003
-0.00006
-0.00012
-0.00012
-0.00012
-0.00018
-0.00021
-0.00018
-0.00015
-0.00015
-0.00009
-0.00006
-0.00006
-0.00006
-0.00009
-0.00009
-0.00012
-0.00012
-0.00018
-0.00015
-0.00012
-0.00012
-0.00012
-0.00012
-0.00009
-0.00012
-0.00015
-0.00015
-0.00015
-0.00012
-0.00009
-0.00009
-0.00006
-0.00006
-0.00006
-0.00009
-0.00009
-0.00009
-0.00012
-0.00012
-0.00012
-0.00015
-0.00015
-0.00012
-0.00012
-0.00009
-0.00006
-0.00009
-0.00012
-0.00012
-0.00015
-0.00015
-0.00015
-0.00015
-0.00012
-0.00012
-0.00009
-0.00006
-0.00006
-0.00009
-0.00009
-0.00012
-0.00012
-0.00012
-0.00012
-0.00015
-0.00015
-0.00015
-0.00018
-0.00018
-0.00015
-0.00015
-0.00012
-0.00012
-0.00012
-0.00006
-0.00003
-0.00003
-0.00015
0.00000
-0.00037
0.00024
-0.00098
0.00079
-0.00198
-0.00052
-0.04013
-0.04401
-0.01804
-0.02628
-0.01794
-0.01096
0.02591
0.05389
0.05222
0.03445
0.01895
0.00485
-0.00412
-0.01624
-0.01279
-0.01205
-0.01392
-0.00653
0.00351
0.01346
0.01364
0.00381
-0.00525
-0.00323
0.00409
0.00436
0.00122
0.00189
0.00003
-0.00037
0.00009
-0.00021
-0.00226
0.00003
0.00098
-0.00134
0.00018
0.00201
0.00095
0.00101
0.00253
0.00156
0.00153
0.00027
-0.00073
-0.00128
0.00073
0.00000
-0.00110
-0.00070
0.00073
0.00055
0.00085
0.00189
0.00214
0.00223
0.00211
0.00226
0.00214
0.00040
-0.00049
-0.00070
-0.00076
-0.00076
-0.00134
-0.00195
-0.00140
-0.00049
0.00009
-0.00021
0.00000
-0.00034
0.00012
0.00092
0.00116
0.00012
-0.00058
0.00031
-0.00037
-0.00125
-0.00027
-0.00119
-0.00082
-0.00082
-0.00131
-0.00095
-0.00052
-0.00085
-0.00095
-0.00043
-0.00043
-0.00040
0.00034
0.00058
-0.00037
-0.00049
-0.00119
-0.00165
-0.00119
-0.00143
-0.00183
-0.00208
-0.00174
-0.00082
-0.00012
-0.00006
0.00006
0.00073
0.00128
0.00119
0.00095
0.00034
-0.00064
-0.00143
-0.00195
-0.00208
-0.00189
-0.00165
-0.00153
-0.00153
-0.00113
-0.00082
-0.00046
-0.00012
-0.00009
0.00009
0.00000
-0.00021
-0.00064
-0.00113
-0.00122
-0.00098
-0.00067
-0.00073
-0.00098
-0.00104
-0.00101
-0.00082
-0.00043
-0.00015
-0.00021
-0.00049
-0.00046
-0.00021
0.00009
0.00043
0.00049
0.00061
0.00052
0.00015
-0.00027
-0.00058
-0.00079
-0.00101
-0.00101
-0.00085
-0.00070
-0.00052
-0.00046
-0.00027
0.00000
0.00000
0.00000
0.00018
0.00040
0.00018
-0.00015
0.00000
0.00000
0.00000
0.00000
0.00000
0.00000
0.00000
0.00000
0.00000
0.00000
0.00000
0.00000
0.00000
0.00000
0.00000
0.00000
0.00000
0.00000
0.00000
0.00000
0.00000
0.00000
0.00000
0.00000
0.00000
0.00000
0.00000
0.00000
0.00000
0.00000
0.00000
0.00000
0.00000
0.00000
0.00000
0.00000
0.00000
0.00000
0.00000
0.00000
0.00000
0.00000
0.00000
0.00000
0.00000
0.00000
0.00000
0.00000
0.00000
0.00000
0.00000
0.00000
0.00000
0.00000
0.00000
0.00000
0.00000
0.00000
0.00000
0.00000
0.00000
0.00000
0.00000
0.00000
0.00000
0.00000
0.00000
0.00000
0.00000
0.00000
0.00000
0.00000
0.00000
0.00000
0.00000
0.00000
0.00000
0.00000
0.00000
0.00000
0.00000
0.00000
0.00000
0.00000
0.00000
0.00000
0.00000
0.00000
0.00000
0.00000
0.00000
0.00000
0.00000
0.00000
0.00000
0.00000
0.00000
0.00000
0.00000
0.00000
0.00000
0.00000
0.00000
0.00000
0.00000
0.00000
0.00000
0.00000
0.00000
0.00000
0.00000
0.00000
0.00000
0.00000
0.00000
0.00000
0.00000
0.00000
0.00000
0.00000
0.00000
0.00000
0.00000
0.00000
0.00000
0.00000
0.00000
0.00000
0.00000
0.00000
0.00000
0.00000
0.00000
0.00000
0.00000
0.00000
0.00000
0.00000
0.00000
0.00000
0.00000
0.00000
0.00000
0.00000
0.00000
0.00000
0.00000
0.00000
0.00000
0.00000
0.00000
0.00000
0.00000
0.00000
0.00000
