-0.00040
-0.00040
-0.00040
-0.00040
-0.00034
-0.00034
-0.00034
-0.00031
-0.00031
-0.00031
-0.00037
-0.00040
-0.00040
-0.00040
-0.00043
-0.00046
-0.00046
-0.00046
-0.00046
-0.00043
-0.00034
-0.00031
-0.00031
-0.00024
-0.00024
-0.00027
-0.00031
-0.00034
-0.00034
-0.00037
-0.00040
-0.00043
-0.00040
-0.00037
-0.00052
-0.00034
-0.00034
-0.00034
-0.00037
-0.00043
-0.00037
-0.00040
-0.00040
-0.00031
-0.00031
-0.00027
-0.00021
-0.00027
-0.00037
-0.00037
-0.00037
-0.00040
-0.00037
-0.00034
-0.00034
-0.00031
-0.00031
-0.00031
-0.00034
-0.00034
-0.00037
-0.00034
-0.00031
-0.00031
-0.00031
-0.00034
-0.00037
-0.00034
-0.00031
-0.00031
-0.00031
-0.00031
-0.00031
-0.00031
-0.00031
-0.00034
-0.00031
-0.00027
-0.00034
-0.00034
-0.00031
-0.00027
-0.00031
-0.00031
-0.00024
-0.00024
-0.00024
-0.00024
-0.00018
-0.00018
-0.00021
-0.00018
-0.00015
-0.00021
-0.00018
-0.00018
-0.00021
-0.00024
-0.00024
-0.00027
-0.00027
-0.00027
-0.00024
-0.00024
-0.00024
-0.00024
-0.00021
-0.00018
-0.00018
-0.00018
-0.00012
-0.00015
-0.00015
-0.00012
-0.00009
-0.00009
-0.00018
-0.00018
-0.00018
-0.00018
-0.00021
-0.00021
-0.00024
-0.00024
-0.00024
-0.00018
-0.00009
-0.00012
-0.00012
-0.00012
-0.00012
-0.00018
-0.00018
-0.00015
-0.00015
-0.00018
-0.00018
-0.00018
-0.00018
-0.00018
-0.00012
-0.00009
-0.00015
-0.00018
-0.00015
-0.00015
-0.00012
-0.00012
-0.00012
-0.00012
-0.00009
-0.00006
-0.00003
-0.00006
-0.00009
-0.00006
-0.00009
-0.00015
-0.00015
-0.00006
-0.00009
-0.00009
-0.00006
-0.00003
0.00000
-0.00003
-0.00003
-0.00003
-0.00006
-0.00012
-0.00015
-0.00015
-0.00018
-0.00021
-0.00024
-0.00015
-0.00009
-0.00009
-0.00006
-0.00003
-0.00006
-0.00009
-0.00009
-0.00015
-0.00021
-0.00012
-0.00015
-0.00012
-0.00009
0.00000
0.00000
0.00000
0.00000
0.00000
0.00000
-0.00006
-0.00009
0.00000
-0.00018
-0.00018
-0.00027
0.00012
-0.00006
0.00012
-0.00626
-0.02054
-0.02045
-0.01999
-0.00858
0.00742
0.01480
0.01331
0.00235
0.00302
0.00702
0.00513
-0.00443
-0.00870
-0.00500
-0.00067
0.00287
0.00775
0.01083
0.00748
0.00238
-0.00061
0.00024
0.00198
-0.00055
-0.00113
0.00125
0.00244
0.00137
0.00000
0.00003
0.00153
0.00229
0.00076
0.00000
0.00070
0.00107
0.00156
0.00253
0.00192
0.00162
0.00174
-0.00006
-0.00031
0.00092
0.00113
0.00055
0.00021
0.00027
0.00055
0.00076
0.00024
0.00015
0.00134
0.00201
0.00168
0.00076
0.00046
0.00134
0.00174
0.00061
-0.00027
-0.00067
-0.00067
0.00018
0.00089
0.00076
0.00058
0.00015
-0.00082
-0.00067
0.00064
0.00092
0.00082
0.00055
-0.00009
0.00037
0.00052
-0.00070
-0.00143
-0.00082
-0.00076
-0.00089
-0.00015
0.00021
0.00058
0.00027
-0.00055
-0.00027
0.00006
-0.00064
-0.00107
-0.00034
0.00024
-0.00006
-0.00049
-0.00076
-0.00064
-0.00049
-0.00073
-0.00098
-0.00061
-0.00046
-0.00055
-0.00064
-0.00070
-0.00040
0.00000
0.00027
0.00009
-0.00024
-0.00055
-0.00055
-0.00031
-0.00015
-0.00049
-0.00098
-0.00089
-0.00031
-0.00012
-0.00055
-0.00076
-0.00037
-0.00003
-0.00003
-0.00018
-0.00067
-0.00131
-0.00137
-0.00070
-0.00009
-0.00021
-0.00076
-0.00092
-0.00055
-0.00003
0.00009
-0.00021
-0.00064
-0.00070
-0.00037
-0.00024
-0.00043
-0.00046
-0.00018
0.00009
0.00024
0.00037
0.00021
-0.00021
-0.00037
-0.00012
0.00009
-0.00003
-0.00034
-0.00027
0.00000
0.00009
-0.00003
-0.00034
-0.00049
-0.00043
-0.00043
0.00000
0.00000
0.00000
0.00000
0.00000
0.00000
0.00000
0.00000
0.00000
0.00000
0.00000
0.00000
0.00000
0.00000
0.00000
0.00000
0.00000
0.00000
0.00000
0.00000
0.00000
0.00000
0.00000
0.00000
0.00000
0.00000
0.00000
0.00000
0.00000
0.00000
0.00000
0.00000
0.00000
0.00000
0.00000
0.00000
0.00000
0.00000
0.00000
0.00000
0.00000
0.00000
0.00000
0.00000
0.00000
0.00000
0.00000
0.00000
0.00000
0.00000
0.00000
0.00000
0.00000
0.00000
0.00000
0.00000
0.00000
0.00000
0.00000
0.00000
0.00000
0.00000
0.00000
0.00000
0.00000
0.00000
0.00000
0.00000
0.00000
0.00000
0.00000
0.00000
0.00000
0.00000
0.00000
0.00000
0.00000
0.00000
0.00000
0.00000
0.00000
0.00000
0.00000
0.00000
0.00000
0.00000
0.00000
0.00000
0.00000
0.00000
0.00000
0.00000
0.00000
0.00000
0.00000
0.00000
0.00000
0.00000
0.00000
0.00000
0.00000
0.00000
0.00000
0.00000
0.00000
0.00000
0.00000
0.00000
0.00000
0.00000
0.00000
0.00000
0.00000
0.00000
0.00000
0.00000
0.00000
0.00000
0.00000
0.00000
0.00000
0.00000
0.00000
0.00000
0.00000
0.00000
0.00000
0.00000
0.00000
0.00000
0.00000
0.00000
0.00000
0.00000
0.00000
0.00000
0.00000
0.00000
0.00000
0.00000
0.00000
0.00000
0.00000
0.00000
0.00000
