-0.00021
-0.00024
-0.00024
-0.00024
-0.00018
-0.00015
-0.00018
-0.00018
-0.00018
-0.00018
-0.00021
-0.00021
-0.00012
-0.00015
-0.00018
-0.00021
-0.00024
-0.00024
-0.00021
-0.00021
-0.00027
-0.00021
-0.00018
-0.00018
-0.00009
-0.00003
-0.00012
-0.00018
-0.00018
-0.00024
-0.00027
-0.00024
-0.00021
-0.00009
-0.00024
-0.00009
-0.00015
-0.00018
-0.00021
-0.00024
-0.00018
-0.00015
-0.00012
-0.00018
-0.00015
-0.00015
-0.00018
-0.00024
-0.00021
-0.00021
-0.00018
-0.00018
-0.00018
-0.00018
-0.00009
-0.00015
-0.00031
-0.00012
-0.00018
-0.00024
-0.00021
-0.00015
-0.00012
-0.00018
-0.00018
-0.00015
-0.00015
-0.00015
-0.00018
-0.00024
-0.00021
-0.00012
-0.00015
-0.00024
-0.00009
-0.00009
-0.00018
-0.00015
-0.00015
-0.00021
-0.00024
-0.00021
-0.00021
-0.00018
-0.00006
-0.00006
-0.00009
-0.00015
-0.00018
-0.00021
-0.00024
-0.00027
-0.00027
-0.00021
-0.00015
-0.00015
-0.00012
-0.00003
-0.00009
-0.00018
-0.00015
-0.00012
-0.00024
-0.00027
-0.00021
-0.00018
-0.00021
-0.00018
-0.00012
-0.00009
-0.00006
-0.00012
-0.00015
-0.00015
-0.00024
-0.00027
-0.00018
-0.00018
-0.00018
-0.00015
-0.00009
-0.00009
-0.00015
-0.00018
-0.00015
-0.00018
-0.00018
-0.00018
-0.00015
-0.00015
-0.00018
-0.00021
-0.00024
-0.00021
-0.00021
-0.00018
-0.00015
-0.00006
-0.00012
-0.00018
-0.00012
-0.00015
-0.00021
-0.00024
-0.00024
-0.00021
-0.00018
-0.00018
-0.00015
-0.00009
-0.00012
-0.00015
-0.00012
-0.00009
-0.00012
-0.00018
-0.00018
-0.00021
-0.00027
-0.00027
-0.00018
-0.00012
-0.00021
-0.00018
-0.00012
-0.00015
-0.00018
-0.00015
-0.00018
-0.00009
-0.00012
-0.00003
-0.00024
0.00009
-0.00058
0.00021
-0.00101
0.00055
-0.00137
0.00119
-0.00177
0.00214
-0.03629
-0.14612
-0.06491
0.00629
0.00668
0.04807
0.09384
0.10797
0.04059
-0.00098
-0.00183
0.02475
-0.01825
-0.08585
-0.06223
0.01093
0.02222
0.01331
0.02002
0.01624
0.00385
-0.00449
-0.00406
0.01163
0.01968
0.00018
-0.01001
0.00394
0.00153
-0.01013
-0.00952
-0.00076
0.00272
-0.00528
-0.00159
0.00485
0.00699
0.00555
0.00607
0.00238
0.00287
0.00323
-0.00134
-0.00327
-0.00174
-0.00323
-0.00519
-0.00101
-0.00015
-0.00217
0.00061
0.00342
0.00183
0.00400
0.00681
0.00320
-0.00146
-0.00006
0.00162
-0.00031
-0.00262
-0.00275
-0.00256
-0.00375
-0.00336
0.00012
0.00256
0.00156
-0.00110
-0.00208
0.00092
0.00272
0.00037
0.00027
0.00180
-0.00052
-0.00235
-0.00137
-0.00034
-0.00140
-0.00223
-0.00168
-0.00204
-0.00156
-0.00140
-0.00034
0.00082
-0.00031
-0.00092
-0.00006
0.00012
-0.00101
-0.00128
0.00034
0.00040
-0.00073
-0.00153
-0.00284
-0.00232
-0.00192
-0.00220
-0.00180
-0.00211
-0.00009
0.00113
0.00113
0.00195
0.00238
0.00168
-0.00061
-0.00098
-0.00031
-0.00089
-0.00281
-0.00412
-0.00238
-0.00085
-0.00140
-0.00168
-0.00101
-0.00064
-0.00052
0.00018
0.00143
0.00119
-0.00031
-0.00156
-0.00159
-0.00113
-0.00146
-0.00131
-0.00052
-0.00040
-0.00085
-0.00131
-0.00107
-0.00079
-0.00076
-0.00021
0.00015
-0.00012
-0.00064
-0.00024
0.00092
0.00128
0.00110
0.00082
0.00046
-0.00003
-0.00037
-0.00031
-0.00089
-0.00198
-0.00201
-0.00085
0.00009
-0.00015
-0.00052
-0.00034
-0.00006
0.00031
0.00082
0.00134
0.00119
0.00024
-0.00046
-0.00064
-0.00070
-0.00082
-0.00061
-0.00034
-0.00058
-0.00107
-0.00113
-0.00034
0.00040
0.00031
-0.00034
-0.00067
-0.00079
-0.00064
-0.00037
-0.00012
0.00043
0.00098
0.00125
0.00192
0.00229
0.00143
0.00198
0.00250
0.00198
0.00189
0.00119
0.00122
0.00012
-0.00098
0.00012
0.00024
0.00031
-0.00037
-0.00140
-0.00095
-0.00046
-0.00076
-0.00070
0.00003
-0.00110
-0.00101
0.00034
0.00012
-0.00107
-0.00217
-0.00003
0.00052
0.00000
0.00165
0.00140
0.00085
0.00064
0.00067
0.00186
0.00192
0.00043
-0.00079
-0.00070
-0.00027
0.00009
0.00006
0.00012
0.00000
-0.00079
-0.00046
-0.00024
-0.00043
-0.00110
-0.00064
-0.00021
-0.00125
-0.00009
0.00000
0.00000
0.00000
0.00000
0.00000
0.00000
0.00000
0.00000
0.00000
0.00000
0.00000
0.00000
0.00000
0.00000
0.00000
0.00000
0.00000
0.00000
0.00000
0.00000
0.00000
0.00000
0.00000
0.00000
0.00000
0.00000
0.00000
0.00000
0.00000
0.00000
0.00000
0.00000
0.00000
0.00000
0.00000
0.00000
0.00000
0.00000
0.00000
0.00000
0.00000
0.00000
0.00000
0.00000
0.00000
0.00000
0.00000
0.00000
0.00000
0.00000
0.00000
0.00000
0.00000
0.00000
0.00000
0.00000
0.00000
0.00000
0.00000
0.00000
0.00000
0.00000
0.00000
0.00000
0.00000
0.00000
0.00000
0.00000
0.00000
0.00000
0.00000
0.00000
0.00000
0.00000
0.00000
0.00000
0.00000
0.00000
0.00000
0.00000
0.00000
0.00000
0.00000
0.00000
0.00000
0.00000
0.00000
0.00000
0.00000
0.00000
