-0.00012
-0.00009
-0.00009
-0.00006
-0.00012
-0.00018
-0.00027
-0.00027
-0.00024
-0.00024
-0.00018
-0.00021
-0.00012
-0.00009
-0.00006
-0.00009
-0.00006
-0.00009
-0.00024
-0.00024
-0.00024
-0.00018
-0.00021
-0.00021
-0.00018
-0.00015
-0.00015
-0.00015
-0.00012
-0.00018
-0.00021
-0.00021
-0.00021
-0.00018
-0.00037
-0.00012
-0.00015
-0.00015
-0.00015
-0.00024
-0.00018
-0.00018
-0.00021
-0.00015
-0.00012
-0.00012
-0.00018
-0.00018
-0.00012
-0.00015
-0.00018
-0.00018
-0.00021
-0.00024
-0.00024
-0.00018
-0.00018
-0.00018
-0.00015
-0.00006
-0.00027
-0.00009
-0.00021
-0.00015
-0.00015
-0.00024
-0.00009
-0.00018
-0.00015
-0.00015
-0.00012
-0.00015
-0.00021
-0.00024
-0.00024
-0.00018
-0.00015
-0.00012
-0.00009
-0.00009
-0.00018
-0.00009
-0.00012
-0.00021
-0.00021
-0.00018
-0.00012
-0.00021
-0.00012
-0.00009
-0.00018
-0.00018
-0.00021
-0.00024
-0.00021
-0.00024
-0.00018
-0.00015
-0.00009
-0.00009
-0.00012
-0.00009
-0.00015
-0.00021
-0.00021
-0.00018
-0.00027
-0.00024
-0.00015
-0.00021
-0.00018
-0.00015
-0.00006
-0.00012
-0.00012
-0.00009
-0.00012
-0.00015
-0.00024
-0.00018
-0.00021
-0.00024
-0.00021
-0.00015
-0.00012
-0.00015
-0.00012
-0.00015
-0.00018
-0.00027
-0.00027
-0.00024
-0.00021
-0.00012
-0.00009
-0.00003
-0.00009
-0.00012
-0.00012
-0.00015
-0.00012
-0.00015
-0.00018
-0.00021
-0.00018
-0.00021
-0.00018
-0.00024
-0.00024
-0.00021
-0.00018
-0.00009
-0.00003
0.00003
0.00000
-0.00003
-0.00009
-0.00018
-0.00024
-0.00031
-0.00027
-0.00031
-0.00024
-0.00018
-0.00018
-0.00006
-0.00006
-0.00009
-0.00009
-0.00015
-0.00015
-0.00012
-0.00009
-0.00006
-0.00015
-0.00009
-0.00015
-0.00006
-0.00021
-0.00027
0.00006
-0.00104
0.00119
-0.00266
0.00388
-0.00635
-0.00058
-0.12234
-0.08896
-0.02768
-0.01007
0.11322
0.08249
0.09885
0.00784
0.00864
0.01050
-0.00522
-0.03366
-0.06500
-0.04840
-0.01147
0.02307
0.04053
0.04700
0.00601
-0.01218
-0.01199
0.00076
0.00436
0.00085
-0.00333
0.00140
0.00308
0.00549
-0.00168
-0.00482
-0.00446
-0.00299
-0.00299
0.00180
0.00699
0.00027
0.00150
0.00589
0.00623
0.00156
0.00397
-0.00287
-0.00449
-0.00385
-0.00064
-0.00333
-0.00143
-0.00006
-0.00101
0.00159
0.00436
0.00259
0.00299
0.00632
0.00403
-0.00003
-0.00076
0.00037
-0.00134
-0.00165
-0.00064
-0.00308
-0.00394
-0.00113
0.00067
0.00238
0.00156
-0.00076
-0.00116
-0.00156
0.00113
0.00116
0.00162
0.00122
-0.00046
-0.00104
-0.00076
-0.00095
-0.00168
-0.00272
-0.00055
-0.00116
-0.00131
-0.00079
-0.00073
0.00006
-0.00009
-0.00082
-0.00125
0.00076
0.00006
-0.00052
0.00037
-0.00095
-0.00018
0.00021
-0.00235
-0.00314
-0.00308
-0.00284
-0.00189
-0.00046
-0.00027
0.00089
0.00128
0.00119
0.00192
0.00208
0.00021
-0.00153
-0.00095
-0.00122
-0.00198
-0.00253
-0.00275
-0.00195
-0.00104
-0.00067
-0.00098
-0.00116
-0.00061
0.00000
0.00119
0.00110
-0.00009
-0.00122
-0.00192
-0.00162
-0.00137
-0.00073
-0.00037
-0.00070
-0.00110
-0.00137
-0.00119
-0.00079
-0.00058
0.00009
0.00000
-0.00034
-0.00064
-0.00061
0.00034
0.00092
0.00131
0.00095
0.00024
-0.00046
-0.00092
-0.00061
-0.00079
-0.00168
-0.00198
-0.00122
-0.00003
0.00031
0.00009
-0.00024
-0.00043
0.00009
0.00000
0.00000
0.00000
0.00000
0.00000
0.00000
0.00000
0.00000
0.00000
0.00000
0.00000
0.00000
0.00000
0.00000
0.00000
0.00000
0.00000
0.00000
0.00000
0.00000
0.00000
0.00000
0.00000
0.00000
0.00000
0.00000
0.00000
0.00000
0.00000
0.00000
0.00000
0.00000
0.00000
0.00000
0.00000
0.00000
0.00000
0.00000
0.00000
0.00000
0.00000
0.00000
0.00000
0.00000
0.00000
0.00000
0.00000
0.00000
0.00000
0.00000
0.00000
0.00000
0.00000
0.00000
0.00000
0.00000
0.00000
0.00000
0.00000
0.00000
0.00000
0.00000
0.00000
0.00000
0.00000
0.00000
0.00000
0.00000
0.00000
0.00000
0.00000
0.00000
0.00000
0.00000
0.00000
0.00000
0.00000
0.00000
0.00000
0.00000
0.00000
0.00000
0.00000
0.00000
0.00000
0.00000
0.00000
0.00000
0.00000
0.00000
0.00000
0.00000
0.00000
0.00000
0.00000
0.00000
0.00000
0.00000
0.00000
0.00000
0.00000
0.00000
0.00000
0.00000
0.00000
0.00000
0.00000
0.00000
0.00000
0.00000
0.00000
0.00000
0.00000
0.00000
0.00000
0.00000
0.00000
0.00000
0.00000
0.00000
0.00000
0.00000
0.00000
0.00000
0.00000
0.00000
0.00000
0.00000
0.00000
0.00000
0.00000
0.00000
0.00000
0.00000
0.00000
0.00000
0.00000
0.00000
0.00000
0.00000
0.00000
0.00000
0.00000
0.00000
0.00000
0.00000
0.00000
0.00000
0.00000
0.00000
0.00000
0.00000
0.00000
0.00000
0.00000
0.00000
0.00000
0.00000
0.00000
0.00000
0.00000
0.00000
0.00000
0.00000
0.00000
