0.00000
-0.00006
-0.00009
-0.00009
-0.00009
-0.00015
-0.00018
-0.00012
-0.00009
-0.00006
0.00000
-0.00006
-0.00009
-0.00006
-0.00015
-0.00018
-0.00012
-0.00012
-0.00009
-0.00003
-0.00003
-0.00003
0.00000
-0.00003
-0.00012
-0.00012
-0.00009
-0.00012
-0.00015
-0.00009
-0.00006
0.00000
-0.00003
-0.00006
-0.00018
0.00000
-0.00003
-0.00006
-0.00009
-0.00012
-0.00009
-0.00018
-0.00009
-0.00006
-0.00006
-0.00009
-0.00003
0.00000
-0.00003
-0.00009
-0.00006
-0.00009
-0.00006
-0.00003
-0.00018
0.00003
0.00003
-0.00015
-0.00003
-0.00009
-0.00012
-0.00015
-0.00012
-0.00003
-0.00003
0.00000
0.00000
0.00000
0.00000
0.00000
-0.00006
-0.00015
-0.00015
-0.00021
-0.00027
-0.00018
-0.00009
-0.00012
-0.00006
0.00000
0.00000
-0.00003
-0.00003
-0.00006
-0.00015
-0.00012
-0.00012
-0.00012
-0.00003
-0.00006
-0.00006
-0.00003
-0.00009
-0.00015
-0.00009
0.00000
-0.00006
-0.00015
-0.00006
-0.00009
-0.00021
-0.00015
-0.00006
-0.00009
-0.00003
0.00000
0.00000
0.00000
0.00000
-0.00009
-0.00015
-0.00015
-0.00021
-0.00018
-0.00012
-0.00006
-0.00006
-0.00006
-0.00006
-0.00006
-0.00012
-0.00012
-0.00012
-0.00009
-0.00012
-0.00006
-0.00009
-0.00009
-0.00009
-0.00015
-0.00012
-0.00009
-0.00009
-0.00009
-0.00009
-0.00006
-0.00009
-0.00015
-0.00009
-0.00012
-0.00012
-0.00006
-0.00003
-0.00003
-0.00009
-0.00006
-0.00006
-0.00015
-0.00015
-0.00012
-0.00012
-0.00012
-0.00006
-0.00003
-0.00006
-0.00009
-0.00015
-0.00015
-0.00015
-0.00009
-0.00015
-0.00018
-0.00009
-0.00012
-0.00012
-0.00012
-0.00012
-0.00006
-0.00012
-0.00006
-0.00006
0.00006
-0.00003
-0.00015
0.00012
-0.00082
0.00079
-0.00201
0.00241
-0.00415
-0.00430
-0.11877
-0.08801
0.04330
-0.02884
0.00082
0.04370
0.06058
0.07806
0.02579
0.00116
0.02866
0.03247
-0.04227
-0.07147
0.00720
0.00900
-0.00571
0.00790
0.00342
0.00522
0.01691
-0.00818
-0.00815
0.02512
0.00415
-0.01373
0.00177
0.01111
-0.00095
0.00027
-0.00082
-0.00443
0.00110
-0.00104
-0.00589
-0.00217
0.00595
0.00562
0.00177
0.00351
0.00693
0.00391
-0.00012
-0.00262
-0.00314
-0.00238
-0.00037
-0.00275
-0.00357
-0.00058
0.00256
-0.00079
0.00189
0.00781
0.00391
-0.00125
0.00015
0.00266
0.00217
-0.00192
-0.00262
-0.00140
-0.00290
-0.00266
-0.00366
-0.00046
0.00253
-0.00171
-0.00302
-0.00006
0.00266
0.00085
0.00024
0.00217
0.00067
-0.00076
-0.00089
-0.00146
-0.00046
-0.00143
-0.00211
-0.00217
-0.00217
-0.00226
-0.00189
-0.00024
-0.00012
-0.00085
0.00034
-0.00015
-0.00034
0.00000
0.00000
-0.00061
-0.00098
-0.00131
-0.00250
-0.00204
-0.00195
-0.00217
-0.00165
-0.00256
-0.00134
0.00134
0.00046
0.00000
0.00156
0.00162
0.00031
-0.00021
0.00009
0.00024
-0.00128
-0.00305
-0.00290
-0.00116
-0.00174
-0.00311
-0.00204
-0.00128
-0.00101
-0.00034
0.00058
0.00098
-0.00012
-0.00104
-0.00095
-0.00067
-0.00107
-0.00140
-0.00046
-0.00034
-0.00113
-0.00153
-0.00131
-0.00076
-0.00107
-0.00101
-0.00058
-0.00052
-0.00055
-0.00043
0.00040
0.00101
0.00092
0.00076
0.00043
0.00009
-0.00003
0.00009
-0.00034
-0.00165
-0.00204
-0.00119
-0.00043
-0.00070
-0.00104
-0.00061
-0.00015
0.00009
0.00021
0.00049
0.00079
0.00027
-0.00037
-0.00027
-0.00031
-0.00055
-0.00073
-0.00058
-0.00046
-0.00076
-0.00107
-0.00085
-0.00024
0.00000
-0.00003
-0.00058
-0.00076
-0.00012
0.00009
-0.00027
-0.00018
0.00000
0.00003
0.00000
0.00000
0.00000
0.00000
0.00000
0.00000
0.00000
0.00000
0.00000
0.00000
0.00000
0.00000
0.00000
0.00000
0.00000
0.00000
0.00000
0.00000
0.00000
0.00000
0.00000
0.00000
0.00000
0.00000
0.00000
0.00000
0.00000
0.00000
0.00000
0.00000
0.00000
0.00000
0.00000
0.00000
0.00000
0.00000
0.00000
0.00000
0.00000
0.00000
0.00000
0.00000
0.00000
0.00000
0.00000
0.00000
0.00000
0.00000
0.00000
0.00000
0.00000
0.00000
0.00000
0.00000
0.00000
0.00000
0.00000
0.00000
0.00000
0.00000
0.00000
0.00000
0.00000
0.00000
0.00000
0.00000
0.00000
0.00000
0.00000
0.00000
0.00000
0.00000
0.00000
0.00000
0.00000
0.00000
0.00000
0.00000
0.00000
0.00000
0.00000
0.00000
0.00000
0.00000
0.00000
0.00000
0.00000
0.00000
0.00000
0.00000
0.00000
0.00000
0.00000
0.00000
0.00000
0.00000
0.00000
0.00000
0.00000
0.00000
0.00000
0.00000
0.00000
0.00000
0.00000
0.00000
0.00000
0.00000
0.00000
0.00000
0.00000
0.00000
0.00000
0.00000
0.00000
0.00000
0.00000
0.00000
0.00000
0.00000
0.00000
0.00000
0.00000
0.00000
0.00000
0.00000
0.00000
0.00000
0.00000
0.00000
0.00000
0.00000
0.00000
0.00000
0.00000
0.00000
0.00000
0.00000
0.00000
0.00000
0.00000
0.00000
0.00000
0.00000
0.00000
0.00000
