-0.00012
-0.00015
-0.00012
-0.00009
-0.00012
-0.00012
-0.00012
-0.00012
-0.00006
-0.00009
-0.00006
-0.00006
-0.00009
-0.00012
-0.00015
-0.00015
-0.00018
-0.00012
-0.00009
-0.00003
-0.00006
-0.00003
0.00000
-0.00006
-0.00009
-0.00012
-0.00012
-0.00015
-0.00012
-0.00018
-0.00015
-0.00015
-0.00012
-0.00003
-0.00021
0.00000
-0.00006
-0.00006
0.00000
-0.00003
0.00000
-0.00009
-0.00015
-0.00015
-0.00015
-0.00012
-0.00012
-0.00015
-0.00012
-0.00009
-0.00006
0.00000
-0.00006
-0.00006
-0.00006
-0.00009
-0.00009
-0.00009
-0.00009
-0.00009
-0.00003
0.00000
0.00000
-0.00009
0.00003
-0.00012
-0.00009
-0.00009
-0.00018
-0.00015
-0.00018
0.00000
0.00000
0.00000
-0.00006
-0.00006
-0.00015
-0.00015
-0.00012
-0.00015
-0.00015
-0.00009
-0.00009
-0.00006
0.00000
-0.00006
-0.00006
-0.00006
-0.00006
-0.00003
-0.00006
0.00000
-0.00003
-0.00006
-0.00006
-0.00012
-0.00015
-0.00015
-0.00018
-0.00012
-0.00012
-0.00006
-0.00006
-0.00006
-0.00006
-0.00012
-0.00012
-0.00009
-0.00003
-0.00012
-0.00003
-0.00003
-0.00015
-0.00012
-0.00012
-0.00009
-0.00012
-0.00003
0.00000
-0.00003
0.00000
-0.00006
-0.00012
-0.00009
-0.00009
-0.00015
-0.00009
-0.00009
-0.00012
-0.00012
-0.00012
-0.00012
-0.00015
-0.00009
-0.00006
0.00000
0.00000
-0.00003
-0.00006
-0.00012
-0.00009
-0.00009
-0.00006
-0.00012
-0.00009
-0.00015
-0.00015
-0.00009
-0.00012
-0.00003
-0.00006
-0.00006
-0.00006
-0.00006
0.00000
-0.00006
-0.00006
-0.00012
-0.00012
-0.00012
-0.00015
-0.00009
-0.00012
-0.00009
-0.00009
-0.00006
-0.00003
-0.00003
0.00000
-0.00009
-0.00009
-0.00012
-0.00018
-0.00015
-0.00015
-0.00009
-0.00006
-0.00012
-0.00006
-0.00015
0.00003
-0.00021
0.00003
-0.00012
-0.00037
0.00058
-0.00159
0.00226
-0.00409
-0.00525
-0.10291
-0.05597
-0.03610
-0.01282
0.09818
0.06805
0.06802
-0.00119
0.01730
0.01379
0.00095
-0.02945
-0.04419
-0.03073
-0.01453
0.00623
0.03049
0.03992
-0.00146
-0.01187
-0.00443
0.00775
0.00674
-0.00247
-0.00381
0.00253
0.00397
0.00113
-0.00671
-0.00314
-0.00082
-0.00107
-0.00128
0.00375
0.00400
-0.00339
0.00012
0.00409
0.00439
0.00229
0.00272
-0.00232
0.00128
0.00165
0.00070
-0.00259
-0.00153
-0.00095
-0.00159
0.00052
0.00162
0.00040
0.00299
0.00568
0.00403
0.00156
0.00031
0.00070
-0.00061
-0.00098
-0.00058
-0.00299
-0.00320
-0.00024
-0.00031
0.00009
0.00070
0.00009
-0.00027
-0.00082
0.00107
0.00143
0.00217
0.00037
-0.00125
-0.00012
0.00052
-0.00107
-0.00226
-0.00266
-0.00092
-0.00131
-0.00128
-0.00089
-0.00079
-0.00031
0.00101
0.00082
-0.00034
-0.00006
-0.00070
0.00012
0.00067
-0.00165
-0.00195
-0.00018
-0.00180
-0.00302
-0.00244
-0.00235
-0.00104
-0.00009
-0.00067
0.00031
0.00107
0.00067
0.00082
0.00180
0.00061
-0.00058
-0.00049
-0.00162
-0.00198
-0.00217
-0.00262
-0.00220
-0.00116
-0.00046
-0.00089
-0.00119
-0.00073
0.00000
0.00128
0.00110
-0.00012
-0.00134
-0.00211
-0.00186
-0.00146
-0.00073
-0.00055
-0.00079
-0.00092
-0.00089
-0.00073
-0.00067
-0.00058
-0.00009
-0.00031
-0.00058
-0.00055
-0.00046
0.00000
0.00031
0.00089
0.00079
0.00018
-0.00031
-0.00052
-0.00052
-0.00098
-0.00153
-0.00153
-0.00107
-0.00052
-0.00009
0.00006
-0.00021
-0.00046
0.00006
0.00067
0.00064
0.00018
-0.00024
-0.00055
-0.00067
-0.00070
-0.00070
0.00000
0.00000
0.00000
0.00000
0.00000
0.00000
0.00000
0.00000
0.00000
0.00000
0.00000
0.00000
0.00000
0.00000
0.00000
0.00000
0.00000
0.00000
0.00000
0.00000
0.00000
0.00000
0.00000
0.00000
0.00000
0.00000
0.00000
0.00000
0.00000
0.00000
0.00000
0.00000
0.00000
0.00000
0.00000
0.00000
0.00000
0.00000
0.00000
0.00000
0.00000
0.00000
0.00000
0.00000
0.00000
0.00000
0.00000
0.00000
0.00000
0.00000
0.00000
0.00000
0.00000
0.00000
0.00000
0.00000
0.00000
0.00000
0.00000
0.00000
0.00000
0.00000
0.00000
0.00000
0.00000
0.00000
0.00000
0.00000
0.00000
0.00000
0.00000
0.00000
0.00000
0.00000
0.00000
0.00000
0.00000
0.00000
0.00000
0.00000
0.00000
0.00000
0.00000
0.00000
0.00000
0.00000
0.00000
0.00000
0.00000
0.00000
0.00000
0.00000
0.00000
0.00000
0.00000
0.00000
0.00000
0.00000
0.00000
0.00000
0.00000
0.00000
0.00000
0.00000
0.00000
0.00000
0.00000
0.00000
0.00000
0.00000
0.00000
0.00000
0.00000
0.00000
0.00000
0.00000
0.00000
0.00000
0.00000
0.00000
0.00000
0.00000
0.00000
0.00000
0.00000
0.00000
0.00000
0.00000
0.00000
0.00000
0.00000
0.00000
0.00000
0.00000
0.00000
0.00000
0.00000
0.00000
0.00000
0.00000
0.00000
0.00000
0.00000
0.00000
0.00000
0.00000
0.00000
0.00000
0.00000
0.00000
0.00000
0.00000
0.00000
0.00000
