0.00000
0.00000
0.00000
0.00006
0.00006
0.00000
0.00003
0.00006
0.00000
0.00000
-0.00003
-0.00003
0.00000
0.00000
0.00000
-0.00006
-0.00006
-0.00006
-0.00003
0.00000
0.00000
-0.00003
-0.00003
-0.00003
-0.00003
-0.00003
0.00000
0.00000
0.00000
0.00003
0.00006
0.00003
0.00000
0.00000
-0.00018
-0.00003
-0.00006
-0.00003
0.00000
-0.00006
0.00000
-0.00003
-0.00003
-0.00006
-0.00006
-0.00006
-0.00006
-0.00006
-0.00006
-0.00003
-0.00003
0.00000
0.00000
-0.00003
-0.00003
-0.00003
-0.00003
-0.00003
-0.00006
-0.00003
-0.00006
-0.00009
-0.00012
-0.00015
-0.00018
-0.00021
-0.00015
-0.00012
-0.00009
-0.00006
-0.00003
-0.00006
-0.00012
-0.00012
-0.00012
-0.00015
-0.00012
-0.00015
-0.00015
-0.00015
-0.00012
-0.00009
-0.00009
-0.00012
-0.00018
-0.00018
-0.00018
-0.00018
-0.00021
-0.00021
-0.00018
-0.00015
-0.00012
-0.00012
-0.00009
-0.00015
-0.00018
-0.00021
-0.00021
-0.00021
-0.00021
-0.00021
-0.00018
-0.00015
-0.00018
-0.00018
-0.00018
-0.00024
-0.00024
-0.00018
-0.00018
-0.00024
-0.00024
-0.00021
-0.00021
-0.00021
-0.00021
-0.00018
-0.00018
-0.00018
-0.00018
-0.00018
-0.00018
-0.00021
-0.00021
-0.00021
-0.00024
-0.00024
-0.00024
-0.00027
-0.00027
-0.00024
-0.00024
-0.00024
-0.00024
-0.00024
-0.00021
-0.00024
-0.00024
-0.00024
-0.00024
-0.00027
-0.00031
-0.00027
-0.00027
-0.00027
-0.00031
-0.00031
-0.00031
-0.00031
-0.00034
-0.00034
-0.00027
-0.00031
-0.00034
-0.00027
-0.00024
-0.00027
-0.00031
-0.00027
-0.00031
-0.00031
-0.00031
-0.00031
-0.00034
-0.00034
-0.00034
-0.00031
-0.00027
-0.00024
-0.00024
-0.00024
-0.00024
-0.00024
-0.00024
-0.00027
-0.00031
-0.00034
-0.00034
-0.00034
-0.00037
-0.00040
-0.00034
-0.00043
-0.00049
-0.00037
-0.00037
-0.00031
-0.00034
-0.00031
-0.00027
-0.00027
-0.00031
-0.00034
-0.00034
-0.00037
-0.00034
-0.00037
-0.00037
-0.00043
-0.00043
-0.00046
-0.00040
-0.00015
-0.00046
-0.00296
-0.01556
-0.02060
-0.01950
-0.01538
0.00012
0.00327
0.00543
0.00781
0.00693
0.00803
0.00891
0.00595
0.00073
-0.00180
-0.00494
-0.00171
0.00430
0.00574
0.00162
-0.00009
0.00049
0.00061
0.00284
0.00195
0.00034
0.00146
0.00067
-0.00040
0.00085
0.00119
0.00024
0.00061
0.00052
-0.00012
0.00034
0.00079
0.00058
0.00092
0.00186
0.00122
0.00049
0.00058
0.00055
0.00110
0.00095
0.00003
-0.00070
-0.00009
0.00003
-0.00064
-0.00027
0.00003
0.00061
0.00131
0.00076
0.00037
0.00101
0.00150
0.00092
-0.00003
-0.00055
-0.00055
-0.00018
0.00003
-0.00006
0.00012
-0.00027
-0.00125
-0.00095
0.00024
0.00024
0.00018
0.00006
-0.00049
0.00027
0.00006
-0.00119
-0.00153
-0.00104
-0.00104
-0.00098
-0.00015
-0.00040
-0.00006
-0.00027
-0.00104
-0.00058
-0.00058
-0.00143
-0.00153
-0.00034
0.00000
-0.00052
-0.00089
-0.00113
-0.00067
-0.00064
-0.00104
-0.00137
-0.00116
-0.00104
-0.00107
-0.00110
-0.00119
-0.00110
-0.00067
-0.00040
-0.00027
-0.00027
-0.00055
-0.00064
-0.00034
-0.00006
-0.00046
-0.00107
-0.00122
-0.00089
-0.00061
-0.00098
-0.00131
-0.00104
-0.00067
-0.00061
-0.00073
-0.00089
-0.00125
-0.00131
-0.00079
-0.00034
-0.00034
-0.00085
-0.00113
-0.00092
-0.00049
-0.00040
-0.00095
-0.00143
-0.00128
-0.00067
-0.00049
-0.00076
-0.00092
-0.00064
-0.00027
-0.00009
0.00000
0.00000
-0.00037
-0.00052
-0.00027
0.00003
-0.00015
-0.00061
-0.00076
-0.00046
-0.00021
-0.00040
-0.00070
-0.00076
-0.00073
-0.00076
-0.00064
0.00000
0.00000
0.00000
0.00000
0.00000
0.00000
0.00000
0.00000
0.00000
0.00000
0.00000
0.00000
0.00000
0.00000
0.00000
0.00000
0.00000
0.00000
0.00000
0.00000
0.00000
0.00000
0.00000
0.00000
0.00000
0.00000
0.00000
0.00000
0.00000
0.00000
0.00000
0.00000
0.00000
0.00000
0.00000
0.00000
0.00000
0.00000
0.00000
0.00000
0.00000
0.00000
0.00000
0.00000
0.00000
0.00000
0.00000
0.00000
0.00000
0.00000
0.00000
0.00000
0.00000
0.00000
0.00000
0.00000
0.00000
0.00000
0.00000
0.00000
0.00000
0.00000
0.00000
0.00000
0.00000
0.00000
0.00000
0.00000
0.00000
0.00000
0.00000
0.00000
0.00000
0.00000
0.00000
0.00000
0.00000
0.00000
0.00000
0.00000
0.00000
0.00000
0.00000
0.00000
0.00000
0.00000
0.00000
0.00000
0.00000
0.00000
0.00000
0.00000
0.00000
0.00000
0.00000
0.00000
0.00000
0.00000
0.00000
0.00000
0.00000
0.00000
0.00000
0.00000
0.00000
0.00000
0.00000
0.00000
0.00000
0.00000
0.00000
0.00000
0.00000
0.00000
0.00000
0.00000
0.00000
0.00000
0.00000
0.00000
0.00000
0.00000
0.00000
0.00000
0.00000
0.00000
0.00000
0.00000
0.00000
0.00000
0.00000
0.00000
0.00000
0.00000
0.00000
0.00000
0.00000
0.00000
0.00000
0.00000
0.00000
0.00000
0.00000
0.00000
