0.00000
0.00000
-0.00006
-0.00006
0.00000
0.00000
-0.00003
0.00000
0.00003
0.00006
0.00003
0.00003
0.00009
0.00003
0.00000
0.00000
0.00000
-0.00003
-0.00003
0.00000
0.00000
0.00000
0.00000
0.00003
0.00003
0.00000
0.00000
0.00003
0.00000
0.00000
0.00003
0.00000
0.00000
0.00000
-0.00009
0.00012
0.00003
0.00003
0.00006
0.00003
0.00009
0.00003
0.00006
0.00003
0.00000
0.00000
0.00003
0.00006
0.00006
0.00003
0.00006
0.00003
0.00000
0.00000
0.00003
0.00000
0.00000
0.00009
0.00000
0.00003
0.00012
0.00003
0.00000
0.00000
0.00000
0.00000
-0.00003
0.00000
0.00000
0.00000
0.00003
0.00003
0.00009
0.00018
0.00012
0.00009
0.00009
0.00009
0.00000
0.00000
0.00000
-0.00003
-0.00003
-0.00003
0.00003
0.00009
0.00006
0.00009
0.00012
0.00009
0.00000
0.00000
0.00000
0.00000
0.00000
0.00000
0.00003
0.00006
0.00006
0.00012
0.00015
0.00009
0.00006
0.00009
0.00003
0.00000
0.00003
0.00006
0.00000
0.00000
0.00006
0.00009
0.00012
0.00012
0.00006
0.00006
0.00003
0.00000
0.00003
0.00000
0.00000
0.00000
0.00003
0.00006
0.00009
0.00006
0.00006
0.00009
0.00003
0.00003
0.00006
0.00006
0.00006
0.00003
0.00006
0.00006
0.00009
0.00006
0.00003
0.00006
0.00006
0.00000
0.00000
0.00003
0.00003
0.00003
0.00006
0.00006
0.00003
0.00003
0.00003
0.00006
0.00006
0.00000
0.00003
0.00006
0.00006
0.00012
0.00009
0.00006
0.00006
0.00009
0.00006
0.00006
0.00006
0.00000
0.00003
0.00006
0.00006
0.00009
0.00009
0.00003
0.00003
0.00003
0.00006
0.00000
0.00018
-0.00012
0.00049
-0.00046
0.00089
-0.00107
0.00174
-0.00229
0.00220
-0.03574
-0.06821
-0.00418
-0.00888
-0.03571
-0.02792
0.01776
0.05319
0.04526
0.03448
0.04105
0.03503
0.00137
-0.03296
-0.01028
0.00482
-0.01859
-0.02188
-0.00342
0.01108
0.01520
0.00873
0.00177
0.00601
0.00418
-0.00702
-0.00620
0.00684
0.00418
-0.00317
-0.00153
0.00253
0.00140
0.00092
-0.00009
-0.00031
0.00143
0.00183
0.00192
0.00195
0.00415
0.00333
0.00159
0.00021
0.00070
-0.00122
-0.00281
-0.00317
-0.00208
-0.00204
-0.00134
-0.00046
0.00015
0.00327
0.00479
0.00189
0.00217
0.00467
0.00412
-0.00040
-0.00143
-0.00003
-0.00073
-0.00153
-0.00211
-0.00153
-0.00015
-0.00137
-0.00140
0.00070
0.00195
-0.00024
-0.00162
0.00058
0.00180
0.00018
-0.00070
-0.00043
0.00012
-0.00089
-0.00189
-0.00189
0.00009
-0.00095
-0.00235
-0.00064
-0.00061
0.00003
0.00009
-0.00058
-0.00018
0.00012
-0.00037
-0.00098
-0.00061
-0.00082
-0.00107
-0.00137
-0.00171
-0.00122
-0.00125
-0.00198
-0.00244
-0.00070
0.00000
0.00003
0.00031
0.00073
0.00116
0.00070
0.00027
0.00046
0.00000
-0.00128
-0.00165
-0.00113
-0.00146
-0.00223
-0.00204
-0.00174
-0.00162
-0.00146
-0.00064
0.00006
-0.00012
-0.00052
-0.00021
0.00037
-0.00015
-0.00122
-0.00119
-0.00073
-0.00082
-0.00104
-0.00101
-0.00082
-0.00095
-0.00101
-0.00076
-0.00052
-0.00055
-0.00052
-0.00018
0.00000
-0.00006
0.00018
0.00061
0.00070
0.00034
0.00006
0.00012
-0.00034
-0.00116
-0.00122
-0.00073
-0.00079
-0.00122
-0.00101
-0.00043
-0.00024
-0.00034
-0.00021
0.00018
0.00034
0.00003
0.00006
0.00012
-0.00009
-0.00034
-0.00037
-0.00040
-0.00079
-0.00113
-0.00116
-0.00095
-0.00085
-0.00092
-0.00079
-0.00046
0.00027
0.00055
0.00052
0.00043
0.00043
0.00101
0.00070
0.00040
0.00095
0.00113
0.00143
0.00116
0.00116
0.00153
0.00000
0.00000
0.00000
0.00000
0.00000
0.00000
0.00000
0.00000
0.00000
0.00000
0.00000
0.00000
0.00000
0.00000
0.00000
0.00000
0.00000
0.00000
0.00000
0.00000
0.00000
0.00000
0.00000
0.00000
0.00000
0.00000
0.00000
0.00000
0.00000
0.00000
0.00000
0.00000
0.00000
0.00000
0.00000
0.00000
0.00000
0.00000
0.00000
0.00000
0.00000
0.00000
0.00000
0.00000
0.00000
0.00000
0.00000
0.00000
0.00000
0.00000
0.00000
0.00000
0.00000
0.00000
0.00000
0.00000
0.00000
0.00000
0.00000
0.00000
0.00000
0.00000
0.00000
0.00000
0.00000
0.00000
0.00000
0.00000
0.00000
0.00000
0.00000
0.00000
0.00000
0.00000
0.00000
0.00000
0.00000
0.00000
0.00000
0.00000
0.00000
0.00000
0.00000
0.00000
0.00000
0.00000
0.00000
0.00000
0.00000
0.00000
0.00000
0.00000
0.00000
0.00000
0.00000
0.00000
0.00000
0.00000
0.00000
0.00000
0.00000
0.00000
0.00000
0.00000
0.00000
0.00000
0.00000
0.00000
0.00000
0.00000
0.00000
0.00000
0.00000
0.00000
0.00000
0.00000
0.00000
0.00000
0.00000
0.00000
0.00000
0.00000
0.00000
0.00000
0.00000
0.00000
0.00000
0.00000
0.00000
0.00000
0.00000
0.00000
0.00000
0.00000
