-0.00003
0.00000
-0.00003
-0.00006
-0.00006
-0.00003
0.00000
-0.00003
-0.00003
-0.00003
-0.00006
-0.00006
-0.00003
-0.00003
-0.00009
-0.00006
-0.00006
-0.00003
-0.00006
-0.00006
-0.00009
-0.00006
-0.00003
-0.00009
-0.00006
-0.00003
-0.00006
-0.00003
0.00000
-0.00003
-0.00006
-0.00003
0.00000
-0.00003
-0.00012
0.00003
-0.00006
-0.00009
-0.00006
-0.00006
-0.00003
-0.00003
-0.00003
-0.00003
-0.00006
-0.00006
-0.00003
-0.00003
-0.00003
-0.00003
-0.00003
-0.00003
-0.00006
-0.00009
-0.00006
-0.00006
-0.00006
-0.00006
-0.00003
0.00000
-0.00006
-0.00003
0.00000
-0.00009
-0.00006
0.00000
-0.00003
-0.00009
-0.00012
-0.00009
-0.00006
-0.00003
0.00000
0.00000
0.00000
-0.00003
0.00000
0.00000
0.00000
-0.00003
-0.00003
0.00000
0.00000
-0.00009
-0.00009
0.00000
-0.00003
-0.00003
0.00000
0.00000
-0.00003
0.00000
0.00000
-0.00003
0.00000
0.00000
0.00000
0.00000
-0.00009
-0.00009
-0.00003
-0.00003
-0.00003
-0.00006
0.00000
-0.00003
-0.00006
-0.00006
-0.00003
-0.00003
-0.00006
0.00000
0.00000
-0.00006
-0.00009
-0.00006
-0.00006
-0.00003
-0.00003
0.00000
0.00000
-0.00003
-0.00006
-0.00006
-0.00006
-0.00006
-0.00006
-0.00006
-0.00006
-0.00009
-0.00006
-0.00006
-0.00009
-0.00006
-0.00006
-0.00003
-0.00006
-0.00003
-0.00006
-0.00006
-0.00009
-0.00003
-0.00006
-0.00009
-0.00006
-0.00009
-0.00006
-0.00003
-0.00006
-0.00006
-0.00006
-0.00009
-0.00009
-0.00006
-0.00006
-0.00009
-0.00009
-0.00006
-0.00006
-0.00009
-0.00009
-0.00006
-0.00009
-0.00009
-0.00009
-0.00012
-0.00006
-0.00009
-0.00006
-0.00003
-0.00012
-0.00012
-0.00012
-0.00009
-0.00009
-0.00015
-0.00009
-0.00009
-0.00009
-0.00009
-0.00006
-0.00012
-0.00018
-0.00003
-0.00043
0.00027
-0.00101
0.00101
-0.00171
-0.00677
-0.08432
-0.09305
0.00195
0.02551
0.04373
0.04465
0.03555
0.03851
0.02643
-0.00632
-0.02768
-0.01401
-0.01031
-0.01096
0.01328
0.00555
-0.00714
0.00293
-0.00049
-0.00110
0.01276
0.00330
-0.00696
0.00418
0.00797
0.00137
0.00470
0.00586
-0.00421
-0.00305
-0.00211
-0.00769
-0.00342
0.00284
0.00266
0.00247
0.00531
0.00424
0.00333
0.00500
0.00186
-0.00342
-0.00485
-0.00339
-0.00217
0.00098
0.00516
0.00327
0.00089
0.00165
0.00174
-0.00055
0.00003
0.00162
0.00024
0.00018
0.00189
0.00070
0.00003
-0.00012
-0.00061
-0.00113
-0.00006
-0.00006
-0.00122
-0.00012
0.00006
-0.00043
0.00079
0.00137
0.00085
-0.00009
-0.00012
-0.00021
-0.00110
-0.00122
-0.00186
-0.00189
-0.00027
-0.00018
-0.00085
-0.00143
-0.00177
-0.00229
-0.00168
-0.00006
0.00012
0.00046
0.00122
0.00085
0.00085
0.00089
0.00064
0.00009
-0.00006
-0.00046
-0.00180
-0.00208
-0.00232
-0.00278
-0.00256
-0.00134
-0.00067
-0.00027
0.00067
0.00037
-0.00009
0.00018
-0.00015
-0.00128
-0.00122
-0.00079
-0.00095
-0.00089
-0.00113
-0.00125
-0.00110
-0.00098
-0.00125
-0.00143
-0.00122
-0.00092
-0.00046
-0.00018
-0.00046
-0.00070
-0.00067
-0.00098
-0.00113
-0.00107
-0.00098
-0.00076
-0.00058
-0.00070
-0.00119
-0.00162
-0.00198
-0.00125
-0.00012
0.00006
0.00012
0.00009
0.00040
0.00049
0.00037
0.00040
-0.00006
0.00000
0.00000
0.00000
0.00000
0.00000
0.00000
0.00000
0.00000
0.00000
0.00000
0.00000
0.00000
0.00000
0.00000
0.00000
0.00000
0.00000
0.00000
0.00000
0.00000
0.00000
0.00000
0.00000
0.00000
0.00000
0.00000
0.00000
0.00000
0.00000
0.00000
0.00000
0.00000
0.00000
0.00000
0.00000
0.00000
0.00000
0.00000
0.00000
0.00000
0.00000
0.00000
0.00000
0.00000
0.00000
0.00000
0.00000
0.00000
0.00000
0.00000
0.00000
0.00000
0.00000
0.00000
0.00000
0.00000
0.00000
0.00000
0.00000
0.00000
0.00000
0.00000
0.00000
0.00000
0.00000
0.00000
0.00000
0.00000
0.00000
0.00000
0.00000
0.00000
0.00000
0.00000
0.00000
0.00000
0.00000
0.00000
0.00000
0.00000
0.00000
0.00000
0.00000
0.00000
0.00000
0.00000
0.00000
0.00000
0.00000
0.00000
0.00000
0.00000
0.00000
0.00000
0.00000
0.00000
0.00000
0.00000
0.00000
0.00000
0.00000
0.00000
0.00000
0.00000
0.00000
0.00000
0.00000
0.00000
0.00000
0.00000
0.00000
0.00000
0.00000
0.00000
0.00000
0.00000
0.00000
0.00000
0.00000
0.00000
0.00000
0.00000
0.00000
0.00000
0.00000
0.00000
0.00000
0.00000
0.00000
0.00000
0.00000
0.00000
0.00000
0.00000
0.00000
0.00000
0.00000
0.00000
0.00000
0.00000
0.00000
0.00000
0.00000
0.00000
0.00000
0.00000
0.00000
0.00000
0.00000
0.00000
0.00000
0.00000
0.00000
0.00000
0.00000
0.00000
0.00000
0.00000
0.00000
0.00000
0.00000
0.00000
0.00000
0.00000
0.00000
0.00000
0.00000
0.00000
0.00000
0.00000
0.00000
0.00000
0.00000
0.00000
0.00000
