-0.00003
-0.00003
-0.00003
-0.00003
-0.00003
-0.00006
-0.00006
-0.00006
-0.00006
-0.00006
-0.00006
-0.00006
-0.00006
-0.00009
-0.00006
-0.00009
-0.00009
-0.00012
-0.00009
-0.00009
-0.00009
-0.00009
-0.00006
-0.00003
-0.00006
-0.00009
-0.00006
-0.00012
-0.00012
-0.00012
-0.00012
-0.00015
-0.00009
-0.00009
-0.00024
-0.00003
-0.00009
-0.00006
-0.00003
-0.00006
-0.00006
-0.00015
-0.00015
-0.00015
-0.00015
-0.00012
-0.00009
-0.00009
-0.00009
-0.00009
-0.00012
-0.00015
-0.00015
-0.00012
-0.00009
-0.00009
-0.00006
-0.00009
-0.00012
-0.00015
-0.00012
-0.00015
-0.00012
-0.00009
-0.00015
-0.00012
-0.00015
-0.00015
-0.00015
-0.00012
-0.00012
-0.00012
-0.00006
-0.00012
-0.00015
-0.00012
-0.00015
-0.00012
-0.00015
-0.00012
-0.00009
-0.00015
-0.00012
-0.00012
-0.00018
-0.00015
-0.00012
-0.00012
-0.00015
-0.00009
-0.00012
-0.00015
-0.00009
-0.00009
-0.00015
-0.00015
-0.00012
-0.00012
-0.00015
-0.00015
-0.00015
-0.00012
-0.00009
-0.00012
-0.00012
-0.00012
-0.00015
-0.00015
-0.00015
-0.00012
-0.00015
-0.00015
-0.00009
-0.00009
-0.00012
-0.00012
-0.00015
-0.00015
-0.00012
-0.00012
-0.00015
-0.00012
-0.00015
-0.00018
-0.00015
-0.00015
-0.00015
-0.00012
-0.00012
-0.00012
-0.00015
-0.00015
-0.00012
-0.00015
-0.00015
-0.00015
-0.00012
-0.00012
-0.00012
-0.00012
-0.00012
-0.00015
-0.00015
-0.00015
-0.00012
-0.00012
-0.00009
-0.00012
-0.00015
-0.00015
-0.00012
-0.00015
-0.00018
-0.00015
-0.00015
-0.00015
-0.00018
-0.00018
-0.00015
-0.00015
-0.00012
-0.00009
-0.00009
-0.00009
-0.00012
-0.00015
-0.00015
-0.00021
-0.00018
-0.00015
-0.00012
-0.00015
-0.00015
-0.00009
-0.00009
-0.00012
-0.00018
-0.00018
-0.00018
-0.00015
-0.00018
-0.00015
-0.00018
-0.00009
-0.00003
-0.00049
0.00012
-0.00076
0.00076
-0.00150
-0.00293
-0.05969
-0.08371
-0.03540
0.01724
0.05319
0.04446
0.03909
0.02835
0.02963
-0.00058
-0.02716
-0.02200
-0.01419
-0.00479
0.00629
0.00620
-0.00128
-0.00082
0.00000
0.00443
0.01123
0.00519
-0.00507
0.00000
0.00311
0.00070
0.00287
0.00476
0.00171
0.00134
-0.00055
-0.00385
-0.00433
-0.00247
-0.00162
0.00031
0.00348
0.00391
0.00479
0.00513
0.00467
0.00110
-0.00330
-0.00500
-0.00430
-0.00082
0.00345
0.00616
0.00443
0.00146
0.00027
-0.00113
-0.00168
-0.00092
0.00055
0.00098
0.00204
0.00275
0.00247
0.00000
-0.00058
-0.00140
-0.00119
-0.00110
-0.00046
-0.00043
-0.00018
0.00015
-0.00015
0.00049
0.00116
0.00046
-0.00006
0.00034
0.00009
-0.00085
-0.00162
-0.00162
-0.00113
-0.00079
-0.00089
-0.00162
-0.00183
-0.00189
-0.00134
-0.00027
0.00055
0.00089
0.00061
0.00052
0.00049
0.00027
0.00021
0.00000
-0.00015
-0.00055
-0.00113
-0.00165
-0.00232
-0.00229
-0.00204
-0.00229
-0.00134
-0.00076
0.00000
0.00046
0.00049
0.00076
0.00034
0.00037
-0.00073
-0.00153
-0.00211
-0.00226
-0.00183
-0.00165
-0.00119
-0.00098
-0.00046
-0.00040
-0.00073
-0.00055
-0.00076
-0.00085
-0.00092
-0.00119
-0.00122
-0.00098
-0.00067
-0.00082
-0.00082
-0.00079
-0.00101
-0.00110
-0.00107
-0.00122
-0.00153
-0.00140
-0.00113
-0.00043
0.00015
0.00012
0.00058
0.00067
0.00052
-0.00012
-0.00052
-0.00085
-0.00143
-0.00143
-0.00110
-0.00070
-0.00082
-0.00146
-0.00204
-0.00183
-0.00131
-0.00046
0.00000
0.00024
0.00067
0.00092
0.00095
0.00061
0.00015
-0.00015
-0.00040
-0.00061
-0.00095
-0.00095
-0.00067
-0.00049
-0.00018
0.00009
0.00021
-0.00009
-0.00043
-0.00064
-0.00095
-0.00101
-0.00079
-0.00021
0.00052
0.00073
0.00092
0.00113
0.00092
0.00031
-0.00018
-0.00043
-0.00037
-0.00006
0.00015
0.00040
0.00049
0.00040
0.00027
0.00009
-0.00006
0.00000
0.00000
0.00000
0.00000
0.00000
0.00000
0.00000
0.00000
0.00000
0.00000
0.00000
0.00000
0.00000
0.00000
0.00000
0.00000
0.00000
0.00000
0.00000
0.00000
0.00000
0.00000
0.00000
0.00000
0.00000
0.00000
0.00000
0.00000
0.00000
0.00000
0.00000
0.00000
0.00000
0.00000
0.00000
0.00000
0.00000
0.00000
0.00000
0.00000
0.00000
0.00000
0.00000
0.00000
0.00000
0.00000
0.00000
0.00000
0.00000
0.00000
0.00000
0.00000
0.00000
0.00000
0.00000
0.00000
0.00000
0.00000
0.00000
0.00000
0.00000
0.00000
0.00000
0.00000
0.00000
0.00000
0.00000
0.00000
0.00000
0.00000
0.00000
0.00000
0.00000
0.00000
0.00000
0.00000
0.00000
0.00000
0.00000
0.00000
0.00000
0.00000
0.00000
0.00000
0.00000
0.00000
0.00000
0.00000
0.00000
0.00000
0.00000
0.00000
0.00000
0.00000
0.00000
0.00000
0.00000
0.00000
0.00000
0.00000
0.00000
0.00000
0.00000
0.00000
0.00000
0.00000
0.00000
0.00000
0.00000
0.00000
0.00000
0.00000
0.00000
0.00000
0.00000
0.00000
0.00000
0.00000
0.00000
0.00000
0.00000
0.00000
