-0.00027
-0.00027
-0.00027
-0.00027
-0.00031
-0.00027
-0.00027
-0.00031
-0.00024
-0.00027
-0.00034
-0.00031
-0.00027
-0.00027
-0.00031
-0.00027
-0.00031
-0.00031
-0.00031
-0.00031
-0.00034
-0.00031
-0.00027
-0.00034
-0.00034
-0.00031
-0.00031
-0.00031
-0.00027
-0.00031
-0.00031
-0.00031
-0.00027
-0.00034
-0.00043
-0.00024
-0.00037
-0.00037
-0.00034
-0.00037
-0.00034
-0.00034
-0.00031
-0.00027
-0.00027
-0.00031
-0.00034
-0.00037
-0.00034
-0.00034
-0.00037
-0.00034
-0.00034
-0.00034
-0.00034
-0.00037
-0.00034
-0.00031
-0.00034
-0.00031
-0.00027
-0.00027
-0.00034
-0.00043
-0.00034
-0.00037
-0.00040
-0.00037
-0.00040
-0.00034
-0.00034
-0.00034
-0.00031
-0.00034
-0.00034
-0.00034
-0.00034
-0.00034
-0.00034
-0.00034
-0.00034
-0.00034
-0.00034
-0.00040
-0.00037
-0.00037
-0.00040
-0.00037
-0.00037
-0.00037
-0.00034
-0.00034
-0.00034
-0.00037
-0.00034
-0.00034
-0.00037
-0.00037
-0.00040
-0.00040
-0.00040
-0.00037
-0.00040
-0.00040
-0.00037
-0.00040
-0.00043
-0.00037
-0.00037
-0.00040
-0.00040
-0.00040
-0.00040
-0.00040
-0.00040
-0.00040
-0.00040
-0.00040
-0.00040
-0.00043
-0.00043
-0.00043
-0.00046
-0.00043
-0.00043
-0.00043
-0.00040
-0.00040
-0.00040
-0.00040
-0.00046
-0.00046
-0.00046
-0.00046
-0.00046
-0.00046
-0.00043
-0.00040
-0.00043
-0.00043
-0.00043
-0.00043
-0.00046
-0.00046
-0.00043
-0.00046
-0.00046
-0.00040
-0.00043
-0.00043
-0.00046
-0.00043
-0.00043
-0.00046
-0.00046
-0.00043
-0.00040
-0.00043
-0.00043
-0.00043
-0.00043
-0.00046
-0.00043
-0.00043
-0.00046
-0.00046
-0.00046
-0.00043
-0.00043
-0.00043
-0.00046
-0.00043
-0.00043
-0.00040
-0.00037
-0.00046
-0.00043
-0.00043
-0.00040
-0.00049
-0.00034
-0.00055
-0.00027
-0.00058
-0.00031
-0.00046
-0.00052
-0.00021
-0.00089
-0.01984
-0.10535
-0.07242
0.01636
0.03003
0.04825
0.04153
0.03659
0.03781
0.01974
-0.01569
-0.02893
-0.01059
-0.01193
-0.00534
0.01575
-0.00061
-0.00665
0.00388
-0.00238
0.00195
0.01309
-0.00119
-0.00595
0.00653
0.00641
0.00076
0.00616
0.00397
-0.00531
-0.00211
-0.00378
-0.00830
-0.00223
0.00317
0.00208
0.00311
0.00586
0.00381
0.00311
0.00360
-0.00037
-0.00357
-0.00299
-0.00217
-0.00073
0.00323
0.00418
0.00043
-0.00040
-0.00043
-0.00079
0.00024
0.00195
0.00220
0.00125
0.00128
0.00064
0.00031
0.00018
-0.00107
-0.00110
-0.00061
-0.00021
-0.00064
-0.00085
-0.00021
-0.00049
0.00015
0.00076
0.00101
0.00095
-0.00003
-0.00015
-0.00040
-0.00119
-0.00156
-0.00226
-0.00165
-0.00027
-0.00046
-0.00101
-0.00153
-0.00204
-0.00223
-0.00095
0.00012
0.00027
0.00095
0.00125
0.00073
0.00082
0.00073
0.00040
-0.00006
-0.00006
-0.00079
-0.00195
-0.00198
-0.00244
-0.00262
-0.00223
-0.00134
-0.00058
-0.00018
0.00073
0.00024
0.00009
0.00058
-0.00006
-0.00113
-0.00116
-0.00082
-0.00119
-0.00113
-0.00110
-0.00122
-0.00104
-0.00089
-0.00107
-0.00119
-0.00104
-0.00082
-0.00043
-0.00018
-0.00046
-0.00067
-0.00055
-0.00082
-0.00104
-0.00082
-0.00082
-0.00073
-0.00055
-0.00067
-0.00125
-0.00177
-0.00143
-0.00067
0.00000
0.00043
0.00046
0.00031
0.00021
0.00049
0.00052
0.00021
-0.00021
-0.00073
-0.00082
-0.00082
-0.00107
-0.00119
-0.00153
-0.00195
-0.00171
-0.00101
-0.00031
-0.00012
0.00040
0.00119
0.00150
0.00153
0.00110
0.00037
0.00009
-0.00009
-0.00046
-0.00061
-0.00046
-0.00037
-0.00021
0.00003
0.00000
0.00000
0.00000
0.00000
0.00000
0.00000
0.00000
0.00000
0.00000
0.00000
0.00000
0.00000
0.00000
0.00000
0.00000
0.00000
0.00000
0.00000
0.00000
0.00000
0.00000
0.00000
0.00000
0.00000
0.00000
0.00000
0.00000
0.00000
0.00000
0.00000
0.00000
0.00000
0.00000
0.00000
0.00000
0.00000
0.00000
0.00000
0.00000
0.00000
0.00000
0.00000
0.00000
0.00000
0.00000
0.00000
0.00000
0.00000
0.00000
0.00000
0.00000
0.00000
0.00000
0.00000
0.00000
0.00000
0.00000
0.00000
0.00000
0.00000
0.00000
0.00000
0.00000
0.00000
0.00000
0.00000
0.00000
0.00000
0.00000
0.00000
0.00000
0.00000
0.00000
0.00000
0.00000
0.00000
0.00000
0.00000
0.00000
0.00000
0.00000
0.00000
0.00000
0.00000
0.00000
0.00000
0.00000
0.00000
0.00000
0.00000
0.00000
0.00000
0.00000
0.00000
0.00000
0.00000
0.00000
0.00000
0.00000
0.00000
0.00000
0.00000
0.00000
0.00000
0.00000
0.00000
0.00000
0.00000
0.00000
0.00000
0.00000
0.00000
0.00000
0.00000
0.00000
0.00000
0.00000
0.00000
0.00000
0.00000
0.00000
0.00000
0.00000
0.00000
0.00000
0.00000
0.00000
0.00000
0.00000
0.00000
0.00000
0.00000
0.00000
0.00000
0.00000
0.00000
0.00000
0.00000
0.00000
0.00000
0.00000
0.00000
0.00000
0.00000
0.00000
0.00000
0.00000
0.00000
0.00000
0.00000
