0.00003
0.00009
0.00012
0.00009
0.00012
0.00015
0.00006
0.00003
0.00009
0.00006
0.00000
0.00006
0.00006
0.00006
0.00009
0.00009
0.00006
0.00006
0.00000
0.00000
0.00003
0.00003
0.00000
0.00012
0.00018
0.00012
0.00012
0.00018
0.00009
0.00000
0.00006
0.00006
0.00003
0.00009
0.00009
0.00024
0.00015
0.00012
0.00003
0.00000
0.00003
0.00000
0.00000
0.00006
0.00009
0.00003
0.00006
0.00009
0.00003
0.00006
0.00012
0.00012
0.00015
0.00015
0.00006
0.00003
0.00003
0.00003
0.00003
0.00003
0.00006
0.00003
-0.00003
0.00006
0.00006
0.00006
0.00003
0.00003
0.00009
0.00012
0.00015
0.00012
0.00009
0.00000
0.00000
0.00000
0.00000
0.00003
0.00003
0.00006
0.00009
0.00012
0.00006
0.00006
0.00006
0.00000
0.00000
0.00000
-0.00003
-0.00003
0.00000
0.00003
0.00009
0.00015
0.00009
0.00009
0.00003
-0.00003
0.00000
0.00000
0.00000
0.00000
0.00000
0.00000
0.00000
-0.00003
-0.00006
0.00000
-0.00003
0.00000
0.00003
0.00009
0.00009
0.00003
0.00000
0.00000
-0.00003
-0.00006
-0.00003
0.00000
0.00003
0.00000
-0.00003
-0.00003
-0.00006
-0.00009
-0.00006
0.00000
0.00000
0.00000
0.00000
-0.00009
-0.00009
-0.00009
-0.00006
0.00000
0.00000
-0.00003
0.00000
0.00000
0.00000
-0.00009
-0.00006
-0.00006
-0.00009
-0.00012
-0.00012
-0.00009
-0.00006
-0.00009
-0.00003
0.00000
0.00000
-0.00006
-0.00006
-0.00003
-0.00009
-0.00015
-0.00015
-0.00015
-0.00012
-0.00012
-0.00006
-0.00009
-0.00009
-0.00006
-0.00003
-0.00003
-0.00012
-0.00015
-0.00012
-0.00012
-0.00009
-0.00012
-0.00018
-0.00015
-0.00015
-0.00012
-0.00021
0.00000
-0.00027
0.00012
-0.00037
0.00000
-0.00058
0.00000
-0.00027
-0.00021
-0.02582
-0.12109
-0.07755
0.02176
0.05032
0.06079
0.04135
0.04169
0.03705
0.01965
-0.02460
-0.03680
-0.01346
-0.01071
0.00369
0.01816
-0.00171
-0.01202
-0.00049
-0.00021
0.00491
0.01575
-0.00110
-0.00488
0.00873
0.00555
-0.00171
0.00491
0.00403
-0.00302
0.00024
-0.00372
-0.00803
-0.00262
0.00198
0.00009
0.00244
0.00610
0.00192
0.00031
0.00351
0.00461
0.00229
0.00189
0.00281
-0.00073
-0.00204
0.00064
-0.00357
-0.00818
-0.00333
0.00159
0.00186
0.00543
0.00620
0.00143
0.00098
0.00174
-0.00003
-0.00079
-0.00024
-0.00174
-0.00220
0.00009
-0.00073
-0.00162
0.00067
0.00058
-0.00006
-0.00031
0.00000
0.00009
0.00040
0.00101
0.00006
-0.00061
-0.00168
-0.00256
-0.00220
-0.00183
-0.00076
-0.00146
-0.00201
-0.00134
-0.00171
-0.00046
0.00082
0.00070
0.00049
0.00046
0.00055
0.00018
-0.00006
0.00021
-0.00052
-0.00034
-0.00055
-0.00165
-0.00232
-0.00226
-0.00232
-0.00232
-0.00204
-0.00092
0.00000
0.00000
0.00082
0.00082
0.00058
0.00052
-0.00015
-0.00095
-0.00165
-0.00208
-0.00247
-0.00189
-0.00156
-0.00183
-0.00101
-0.00067
-0.00095
-0.00110
-0.00070
-0.00064
-0.00085
-0.00061
-0.00061
-0.00070
-0.00064
-0.00089
-0.00104
-0.00092
-0.00131
-0.00195
-0.00134
-0.00085
-0.00113
-0.00098
0.00006
-0.00021
0.00015
0.00058
-0.00043
-0.00034
0.00009
-0.00031
0.00009
0.00040
-0.00067
-0.00098
-0.00073
-0.00116
-0.00128
-0.00107
-0.00162
-0.00174
-0.00165
-0.00168
-0.00092
0.00000
0.00000
0.00000
0.00000
0.00000
0.00000
0.00000
0.00000
0.00000
0.00000
0.00000
0.00000
0.00000
0.00000
0.00000
0.00000
0.00000
0.00000
0.00000
0.00000
0.00000
0.00000
0.00000
0.00000
0.00000
0.00000
0.00000
0.00000
0.00000
0.00000
0.00000
0.00000
0.00000
0.00000
0.00000
0.00000
0.00000
0.00000
0.00000
0.00000
0.00000
0.00000
0.00000
0.00000
0.00000
0.00000
0.00000
0.00000
0.00000
0.00000
0.00000
0.00000
0.00000
0.00000
0.00000
0.00000
0.00000
0.00000
0.00000
0.00000
0.00000
0.00000
0.00000
0.00000
0.00000
0.00000
0.00000
0.00000
0.00000
0.00000
0.00000
0.00000
0.00000
0.00000
0.00000
0.00000
0.00000
0.00000
0.00000
0.00000
0.00000
0.00000
0.00000
0.00000
0.00000
0.00000
0.00000
0.00000
0.00000
0.00000
0.00000
0.00000
0.00000
0.00000
0.00000
0.00000
0.00000
0.00000
0.00000
0.00000
0.00000
0.00000
0.00000
0.00000
0.00000
0.00000
0.00000
0.00000
0.00000
0.00000
0.00000
0.00000
0.00000
0.00000
0.00000
0.00000
0.00000
0.00000
0.00000
0.00000
0.00000
0.00000
0.00000
0.00000
0.00000
0.00000
0.00000
0.00000
0.00000
0.00000
0.00000
0.00000
0.00000
0.00000
0.00000
0.00000
0.00000
0.00000
0.00000
0.00000
0.00000
0.00000
0.00000
0.00000
0.00000
0.00000
0.00000
0.00000
0.00000
0.00000
0.00000
0.00000
0.00000
0.00000
0.00000
0.00000
0.00000
0.00000
0.00000
0.00000
0.00000
0.00000
0.00000
0.00000
0.00000
