-0.00031
-0.00034
-0.00034
-0.00027
-0.00024
-0.00027
-0.00031
-0.00027
-0.00034
-0.00037
-0.00031
-0.00031
-0.00034
-0.00034
-0.00031
-0.00034
-0.00037
-0.00037
-0.00037
-0.00034
-0.00034
-0.00034
-0.00034
-0.00034
-0.00037
-0.00034
-0.00031
-0.00034
-0.00034
-0.00031
-0.00031
-0.00034
-0.00031
-0.00024
-0.00037
-0.00015
-0.00024
-0.00024
-0.00024
-0.00031
-0.00031
-0.00034
-0.00034
-0.00037
-0.00037
-0.00034
-0.00031
-0.00031
-0.00031
-0.00027
-0.00031
-0.00034
-0.00034
-0.00031
-0.00034
-0.00034
-0.00027
-0.00027
-0.00031
-0.00031
-0.00031
-0.00037
-0.00037
-0.00031
-0.00031
-0.00037
-0.00031
-0.00021
-0.00024
-0.00024
-0.00027
-0.00027
-0.00031
-0.00031
-0.00034
-0.00034
-0.00031
-0.00027
-0.00024
-0.00021
-0.00024
-0.00031
-0.00027
-0.00031
-0.00027
-0.00024
-0.00024
-0.00024
-0.00027
-0.00027
-0.00031
-0.00031
-0.00027
-0.00024
-0.00024
-0.00024
-0.00024
-0.00021
-0.00021
-0.00021
-0.00024
-0.00027
-0.00027
-0.00021
-0.00021
-0.00024
-0.00018
-0.00015
-0.00021
-0.00024
-0.00024
-0.00027
-0.00024
-0.00015
-0.00015
-0.00015
-0.00018
-0.00021
-0.00024
-0.00021
-0.00018
-0.00018
-0.00015
-0.00015
-0.00018
-0.00021
-0.00018
-0.00015
-0.00012
-0.00012
-0.00012
-0.00015
-0.00018
-0.00021
-0.00024
-0.00021
-0.00018
-0.00018
-0.00012
-0.00009
-0.00015
-0.00015
-0.00012
-0.00009
-0.00012
-0.00012
-0.00009
-0.00015
-0.00021
-0.00015
-0.00012
-0.00012
-0.00009
-0.00006
-0.00006
-0.00009
-0.00009
-0.00009
-0.00009
-0.00009
-0.00006
-0.00006
-0.00009
-0.00009
-0.00009
-0.00006
-0.00009
-0.00012
-0.00009
-0.00003
-0.00003
-0.00003
-0.00003
-0.00003
-0.00006
-0.00006
-0.00006
-0.00012
-0.00015
-0.00012
-0.00009
-0.00006
0.00000
0.00006
-0.00009
-0.00012
-0.00031
0.00000
-0.00055
0.00076
-0.00052
-0.00250
-0.04675
-0.07785
-0.03174
0.01135
0.03598
0.03879
0.03378
0.02856
0.02551
0.00562
-0.01883
-0.01819
-0.01196
-0.00781
0.00571
0.00766
-0.00333
-0.00198
0.00223
0.00226
0.00946
0.00766
-0.00308
-0.00040
0.00409
0.00168
0.00204
0.00500
0.00037
-0.00104
0.00003
-0.00400
-0.00366
0.00027
0.00031
0.00000
0.00253
0.00339
0.00397
0.00504
0.00449
0.00168
-0.00070
-0.00177
-0.00183
-0.00137
-0.00018
0.00003
-0.00049
-0.00027
0.00183
0.00360
0.00351
0.00397
0.00394
0.00195
0.00064
0.00006
-0.00064
-0.00159
-0.00128
-0.00061
-0.00006
0.00012
-0.00052
-0.00089
-0.00024
0.00049
0.00085
0.00128
0.00174
0.00131
0.00043
0.00006
-0.00052
-0.00128
-0.00156
-0.00122
-0.00034
0.00006
-0.00012
-0.00092
-0.00143
-0.00159
-0.00134
-0.00064
-0.00018
0.00003
0.00037
0.00064
0.00085
0.00089
0.00064
0.00034
0.00018
-0.00009
-0.00089
-0.00162
-0.00214
-0.00220
-0.00183
-0.00104
-0.00043
0.00000
0.00082
0.00076
0.00034
-0.00012
-0.00073
-0.00131
-0.00134
-0.00095
-0.00101
-0.00092
-0.00073
-0.00040
-0.00027
-0.00049
-0.00067
-0.00085
-0.00092
-0.00082
-0.00061
-0.00043
-0.00018
0.00000
-0.00006
-0.00043
-0.00095
-0.00122
-0.00107
-0.00076
-0.00076
-0.00098
-0.00113
-0.00110
-0.00098
-0.00067
-0.00018
0.00003
0.00003
0.00003
0.00012
0.00015
0.00012
0.00018
0.00015
0.00003
0.00000
0.00000
0.00000
0.00000
0.00000
0.00000
0.00000
0.00000
0.00000
0.00000
0.00000
0.00000
0.00000
0.00000
0.00000
0.00000
0.00000
0.00000
0.00000
0.00000
0.00000
0.00000
0.00000
0.00000
0.00000
0.00000
0.00000
0.00000
0.00000
0.00000
0.00000
0.00000
0.00000
0.00000
0.00000
0.00000
0.00000
0.00000
0.00000
0.00000
0.00000
0.00000
0.00000
0.00000
0.00000
0.00000
0.00000
0.00000
0.00000
0.00000
0.00000
0.00000
0.00000
0.00000
0.00000
0.00000
0.00000
0.00000
0.00000
0.00000
0.00000
0.00000
0.00000
0.00000
0.00000
0.00000
0.00000
0.00000
0.00000
0.00000
0.00000
0.00000
0.00000
0.00000
0.00000
0.00000
0.00000
0.00000
0.00000
0.00000
0.00000
0.00000
0.00000
0.00000
0.00000
0.00000
0.00000
0.00000
0.00000
0.00000
0.00000
0.00000
0.00000
0.00000
0.00000
0.00000
0.00000
0.00000
0.00000
0.00000
0.00000
0.00000
0.00000
0.00000
0.00000
0.00000
0.00000
0.00000
0.00000
0.00000
0.00000
0.00000
0.00000
0.00000
0.00000
0.00000
0.00000
0.00000
0.00000
0.00000
0.00000
0.00000
0.00000
0.00000
0.00000
0.00000
0.00000
0.00000
0.00000
0.00000
0.00000
0.00000
0.00000
0.00000
0.00000
0.00000
0.00000
0.00000
0.00000
0.00000
0.00000
0.00000
0.00000
0.00000
0.00000
0.00000
0.00000
0.00000
0.00000
0.00000
0.00000
0.00000
0.00000
0.00000
0.00000
0.00000
0.00000
0.00000
0.00000
0.00000
0.00000
0.00000
0.00000
0.00000
0.00000
0.00000
0.00000
0.00000
0.00000
0.00000
0.00000
0.00000
