-0.00040
-0.00040
-0.00034
-0.00031
-0.00024
-0.00024
-0.00018
-0.00018
-0.00021
-0.00024
-0.00031
-0.00034
-0.00031
-0.00027
-0.00024
-0.00024
-0.00021
-0.00021
-0.00024
-0.00027
-0.00031
-0.00034
-0.00031
-0.00034
-0.00037
-0.00037
-0.00037
-0.00034
-0.00027
-0.00027
-0.00031
-0.00031
-0.00027
-0.00031
-0.00049
-0.00027
-0.00037
-0.00040
-0.00037
-0.00027
-0.00021
-0.00027
-0.00031
-0.00034
-0.00043
-0.00043
-0.00040
-0.00037
-0.00031
-0.00027
-0.00027
-0.00024
-0.00024
-0.00031
-0.00034
-0.00031
-0.00034
-0.00034
-0.00031
-0.00031
-0.00037
-0.00043
-0.00034
-0.00037
-0.00049
-0.00037
-0.00034
-0.00040
-0.00037
-0.00037
-0.00037
-0.00040
-0.00037
-0.00037
-0.00037
-0.00027
-0.00027
-0.00027
-0.00024
-0.00034
-0.00043
-0.00046
-0.00040
-0.00043
-0.00043
-0.00037
-0.00034
-0.00037
-0.00034
-0.00027
-0.00027
-0.00034
-0.00034
-0.00037
-0.00043
-0.00037
-0.00034
-0.00027
-0.00027
-0.00037
-0.00043
-0.00043
-0.00049
-0.00052
-0.00046
-0.00037
-0.00034
-0.00040
-0.00037
-0.00043
-0.00049
-0.00043
-0.00037
-0.00037
-0.00034
-0.00034
-0.00037
-0.00043
-0.00046
-0.00046
-0.00046
-0.00043
-0.00040
-0.00037
-0.00040
-0.00040
-0.00043
-0.00043
-0.00040
-0.00037
-0.00034
-0.00034
-0.00037
-0.00037
-0.00040
-0.00046
-0.00046
-0.00043
-0.00043
-0.00043
-0.00040
-0.00037
-0.00037
-0.00040
-0.00043
-0.00043
-0.00043
-0.00043
-0.00037
-0.00037
-0.00037
-0.00043
-0.00046
-0.00046
-0.00049
-0.00046
-0.00040
-0.00031
-0.00031
-0.00034
-0.00034
-0.00037
-0.00043
-0.00046
-0.00046
-0.00046
-0.00043
-0.00040
-0.00040
-0.00037
-0.00043
-0.00043
-0.00043
-0.00043
-0.00043
-0.00043
-0.00043
-0.00046
-0.00046
-0.00040
-0.00049
-0.00034
-0.00055
-0.00021
-0.00064
-0.00015
-0.00076
-0.00012
-0.00055
-0.00024
-0.02338
-0.09888
-0.05865
0.01114
0.02536
0.04590
0.03741
0.03537
0.03479
0.01611
-0.01370
-0.02292
-0.01071
-0.01556
-0.00339
0.01471
-0.00043
-0.00372
0.00220
-0.00339
0.00372
0.01172
-0.00235
-0.00348
0.00693
0.00540
0.00098
0.00555
0.00113
-0.00589
-0.00159
-0.00421
-0.00604
-0.00009
0.00290
0.00143
0.00281
0.00430
0.00360
0.00375
0.00375
0.00095
-0.00308
-0.00540
-0.00525
-0.00348
0.00058
0.00323
0.00430
0.00418
0.00336
0.00269
0.00052
-0.00110
-0.00058
-0.00128
-0.00070
0.00040
0.00110
0.00046
-0.00021
0.00012
-0.00089
-0.00092
-0.00085
-0.00122
-0.00009
0.00003
0.00021
0.00064
0.00095
0.00043
-0.00085
-0.00058
-0.00061
-0.00104
-0.00134
-0.00198
-0.00125
-0.00058
-0.00076
-0.00116
-0.00168
-0.00195
-0.00226
-0.00140
-0.00043
-0.00018
0.00052
0.00079
0.00070
0.00085
0.00061
0.00043
-0.00012
-0.00027
-0.00104
-0.00220
-0.00235
-0.00266
-0.00293
-0.00183
-0.00128
-0.00067
0.00012
0.00027
-0.00009
-0.00043
-0.00040
-0.00150
-0.00150
-0.00073
-0.00052
-0.00061
-0.00104
-0.00101
-0.00110
-0.00131
-0.00153
-0.00168
-0.00150
-0.00110
-0.00055
-0.00024
-0.00031
-0.00067
-0.00082
-0.00107
-0.00131
-0.00137
-0.00122
-0.00076
-0.00064
-0.00085
-0.00125
-0.00153
-0.00159
-0.00140
-0.00085
-0.00034
-0.00012
-0.00012
0.00012
0.00034
0.00049
0.00043
0.00006
-0.00021
-0.00076
-0.00125
-0.00140
-0.00125
-0.00137
-0.00204
-0.00198
-0.00140
-0.00098
-0.00061
-0.00015
0.00070
0.00110
0.00101
0.00092
0.00043
0.00003
0.00000
0.00000
0.00000
0.00000
0.00000
0.00000
0.00000
0.00000
0.00000
0.00000
0.00000
0.00000
0.00000
0.00000
0.00000
0.00000
0.00000
0.00000
0.00000
0.00000
0.00000
0.00000
0.00000
0.00000
0.00000
0.00000
0.00000
0.00000
0.00000
0.00000
0.00000
0.00000
0.00000
0.00000
0.00000
0.00000
0.00000
0.00000
0.00000
0.00000
0.00000
0.00000
0.00000
0.00000
0.00000
0.00000
0.00000
0.00000
0.00000
0.00000
0.00000
0.00000
0.00000
0.00000
0.00000
0.00000
0.00000
0.00000
0.00000
0.00000
0.00000
0.00000
0.00000
0.00000
0.00000
0.00000
0.00000
0.00000
0.00000
0.00000
0.00000
0.00000
0.00000
0.00000
0.00000
0.00000
0.00000
0.00000
0.00000
0.00000
0.00000
0.00000
0.00000
0.00000
0.00000
0.00000
0.00000
0.00000
0.00000
0.00000
0.00000
0.00000
0.00000
0.00000
0.00000
0.00000
0.00000
0.00000
0.00000
0.00000
0.00000
0.00000
0.00000
0.00000
0.00000
0.00000
0.00000
0.00000
0.00000
0.00000
0.00000
0.00000
0.00000
0.00000
0.00000
0.00000
0.00000
0.00000
0.00000
0.00000
0.00000
0.00000
0.00000
0.00000
0.00000
0.00000
0.00000
0.00000
0.00000
0.00000
0.00000
0.00000
0.00000
0.00000
0.00000
0.00000
0.00000
0.00000
0.00000
0.00000
0.00000
0.00000
0.00000
0.00000
0.00000
0.00000
0.00000
0.00000
0.00000
0.00000
0.00000
0.00000
0.00000
0.00000
0.00000
0.00000
0.00000
