-0.00018
-0.00015
-0.00015
-0.00015
-0.00015
-0.00018
-0.00021
-0.00021
-0.00021
-0.00018
-0.00015
-0.00018
-0.00018
-0.00018
-0.00015
-0.00018
-0.00021
-0.00021
-0.00018
-0.00018
-0.00018
-0.00021
-0.00018
-0.00015
-0.00015
-0.00015
-0.00015
-0.00012
-0.00012
-0.00015
-0.00018
-0.00015
-0.00018
-0.00018
-0.00024
-0.00021
-0.00024
-0.00018
-0.00012
-0.00015
-0.00018
-0.00018
-0.00015
-0.00018
-0.00018
-0.00018
-0.00018
-0.00021
-0.00018
-0.00018
-0.00018
-0.00018
-0.00015
-0.00015
-0.00018
-0.00021
-0.00021
-0.00021
-0.00021
-0.00021
-0.00021
-0.00018
-0.00018
-0.00015
-0.00024
-0.00024
-0.00024
-0.00021
-0.00018
-0.00024
-0.00021
-0.00018
-0.00015
-0.00018
-0.00018
-0.00018
-0.00021
-0.00018
-0.00021
-0.00021
-0.00021
-0.00021
-0.00021
-0.00021
-0.00021
-0.00024
-0.00024
-0.00024
-0.00024
-0.00024
-0.00021
-0.00018
-0.00018
-0.00018
-0.00018
-0.00024
-0.00024
-0.00024
-0.00024
-0.00027
-0.00027
-0.00024
-0.00024
-0.00027
-0.00027
-0.00027
-0.00027
-0.00027
-0.00024
-0.00021
-0.00021
-0.00021
-0.00021
-0.00024
-0.00024
-0.00027
-0.00027
-0.00024
-0.00024
-0.00024
-0.00024
-0.00021
-0.00024
-0.00024
-0.00031
-0.00027
-0.00024
-0.00027
-0.00024
-0.00021
-0.00021
-0.00024
-0.00027
-0.00031
-0.00031
-0.00027
-0.00027
-0.00027
-0.00024
-0.00024
-0.00024
-0.00024
-0.00027
-0.00027
-0.00031
-0.00031
-0.00027
-0.00031
-0.00027
-0.00031
-0.00031
-0.00031
-0.00031
-0.00027
-0.00031
-0.00024
-0.00027
-0.00027
-0.00027
-0.00031
-0.00034
-0.00034
-0.00031
-0.00031
-0.00034
-0.00034
-0.00031
-0.00031
-0.00034
-0.00031
-0.00031
-0.00034
-0.00034
-0.00031
-0.00031
-0.00031
-0.00031
-0.00031
-0.00031
-0.00027
-0.00031
-0.00034
-0.00034
-0.00034
-0.00015
-0.00079
0.00006
-0.00110
0.00092
-0.00195
-0.00134
-0.05820
-0.08884
-0.03897
0.01532
0.05530
0.04633
0.04108
0.02844
0.03085
0.00177
-0.02786
-0.02325
-0.01541
-0.00638
0.00580
0.00671
-0.00165
-0.00134
-0.00018
0.00427
0.01172
0.00632
-0.00555
-0.00079
0.00320
0.00046
0.00256
0.00494
0.00150
0.00092
-0.00076
-0.00412
-0.00464
-0.00247
-0.00168
0.00015
0.00372
0.00424
0.00461
0.00479
0.00430
-0.00067
-0.00412
-0.00504
-0.00186
0.00064
0.00565
0.00638
0.00281
-0.00064
-0.00186
-0.00342
-0.00299
0.00085
0.00183
0.00229
0.00311
0.00296
0.00021
-0.00009
-0.00061
-0.00165
-0.00128
-0.00031
-0.00098
-0.00067
-0.00034
-0.00034
0.00000
0.00089
0.00076
-0.00009
0.00046
0.00043
-0.00006
-0.00076
-0.00162
-0.00192
-0.00140
-0.00110
-0.00116
-0.00174
-0.00168
-0.00211
-0.00143
-0.00018
0.00064
0.00070
0.00070
0.00064
0.00037
0.00009
0.00015
-0.00018
-0.00034
-0.00058
-0.00128
-0.00189
-0.00223
-0.00223
-0.00223
-0.00211
-0.00104
-0.00040
-0.00003
0.00079
0.00037
0.00037
0.00052
0.00027
-0.00098
-0.00134
-0.00183
-0.00226
-0.00183
-0.00177
-0.00134
-0.00070
-0.00058
-0.00061
-0.00058
-0.00052
-0.00079
-0.00079
-0.00082
-0.00119
-0.00110
-0.00085
-0.00076
-0.00073
-0.00049
-0.00073
-0.00095
-0.00107
-0.00122
-0.00128
-0.00131
-0.00143
-0.00107
0.00003
0.00000
0.00000
0.00000
0.00000
0.00000
0.00000
0.00000
0.00000
0.00000
0.00000
0.00000
0.00000
0.00000
0.00000
0.00000
0.00000
0.00000
0.00000
0.00000
0.00000
0.00000
0.00000
0.00000
0.00000
0.00000
0.00000
0.00000
0.00000
0.00000
0.00000
0.00000
0.00000
0.00000
0.00000
0.00000
0.00000
0.00000
0.00000
0.00000
0.00000
0.00000
0.00000
0.00000
0.00000
0.00000
0.00000
0.00000
0.00000
0.00000
0.00000
0.00000
0.00000
0.00000
0.00000
0.00000
0.00000
0.00000
0.00000
0.00000
0.00000
0.00000
0.00000
0.00000
0.00000
0.00000
0.00000
0.00000
0.00000
0.00000
0.00000
0.00000
0.00000
0.00000
0.00000
0.00000
0.00000
0.00000
0.00000
0.00000
0.00000
0.00000
0.00000
0.00000
0.00000
0.00000
0.00000
0.00000
0.00000
0.00000
0.00000
0.00000
0.00000
0.00000
0.00000
0.00000
0.00000
0.00000
0.00000
0.00000
0.00000
0.00000
0.00000
0.00000
0.00000
0.00000
0.00000
0.00000
0.00000
0.00000
0.00000
0.00000
0.00000
0.00000
0.00000
0.00000
0.00000
0.00000
0.00000
0.00000
0.00000
0.00000
0.00000
0.00000
0.00000
0.00000
0.00000
0.00000
0.00000
0.00000
0.00000
0.00000
0.00000
0.00000
0.00000
0.00000
0.00000
0.00000
0.00000
0.00000
0.00000
0.00000
0.00000
0.00000
0.00000
0.00000
0.00000
0.00000
0.00000
0.00000
0.00000
0.00000
0.00000
0.00000
0.00000
0.00000
0.00000
0.00000
0.00000
0.00000
0.00000
0.00000
0.00000
0.00000
0.00000
0.00000
0.00000
0.00000
0.00000
0.00000
0.00000
0.00000
0.00000
0.00000
0.00000
0.00000
0.00000
0.00000
0.00000
0.00000
0.00000
0.00000
