-0.00018
-0.00015
-0.00015
-0.00015
-0.00018
-0.00024
-0.00027
-0.00027
-0.00027
-0.00024
-0.00018
-0.00021
-0.00024
-0.00024
-0.00024
-0.00024
-0.00027
-0.00024
-0.00021
-0.00021
-0.00024
-0.00024
-0.00027
-0.00027
-0.00027
-0.00027
-0.00024
-0.00021
-0.00021
-0.00015
-0.00018
-0.00027
-0.00027
-0.00024
-0.00037
-0.00018
-0.00024
-0.00021
-0.00021
-0.00024
-0.00018
-0.00021
-0.00024
-0.00031
-0.00027
-0.00024
-0.00027
-0.00027
-0.00024
-0.00021
-0.00021
-0.00018
-0.00021
-0.00021
-0.00027
-0.00031
-0.00027
-0.00024
-0.00024
-0.00018
-0.00018
-0.00018
-0.00021
-0.00015
-0.00021
-0.00027
-0.00024
-0.00027
-0.00024
-0.00027
-0.00027
-0.00021
-0.00024
-0.00021
-0.00021
-0.00021
-0.00021
-0.00021
-0.00018
-0.00021
-0.00024
-0.00021
-0.00018
-0.00021
-0.00024
-0.00021
-0.00018
-0.00021
-0.00018
-0.00021
-0.00018
-0.00018
-0.00015
-0.00015
-0.00018
-0.00024
-0.00027
-0.00021
-0.00024
-0.00031
-0.00027
-0.00018
-0.00018
-0.00018
-0.00015
-0.00015
-0.00015
-0.00018
-0.00018
-0.00021
-0.00024
-0.00027
-0.00024
-0.00021
-0.00024
-0.00021
-0.00018
-0.00018
-0.00021
-0.00018
-0.00015
-0.00018
-0.00018
-0.00018
-0.00018
-0.00021
-0.00021
-0.00018
-0.00018
-0.00018
-0.00021
-0.00021
-0.00018
-0.00021
-0.00018
-0.00015
-0.00015
-0.00015
-0.00015
-0.00015
-0.00018
-0.00018
-0.00018
-0.00018
-0.00021
-0.00018
-0.00018
-0.00021
-0.00018
-0.00018
-0.00021
-0.00018
-0.00018
-0.00018
-0.00021
-0.00021
-0.00018
-0.00015
-0.00015
-0.00015
-0.00018
-0.00018
-0.00018
-0.00018
-0.00015
-0.00015
-0.00015
-0.00012
-0.00012
-0.00012
-0.00015
-0.00018
-0.00018
-0.00018
-0.00018
-0.00012
-0.00009
-0.00009
-0.00009
-0.00012
-0.00009
-0.00018
-0.00009
-0.00037
0.00003
-0.00058
0.00027
-0.00092
0.00098
-0.00125
0.00009
-0.04257
-0.09421
-0.03189
0.01126
0.03073
0.04343
0.03439
0.03497
0.02890
0.00943
-0.01712
-0.01871
-0.01178
-0.01437
0.00549
0.01190
-0.00253
-0.00192
0.00052
-0.00259
0.00790
0.00897
-0.00336
0.00061
0.00793
0.00348
0.00116
0.00449
-0.00241
-0.00394
-0.00031
-0.00342
-0.00299
0.00140
0.00211
0.00107
0.00317
0.00381
0.00296
0.00336
0.00381
0.00098
-0.00168
-0.00308
-0.00446
-0.00375
0.00018
0.00293
0.00281
0.00357
0.00522
0.00381
0.00174
0.00259
-0.00003
-0.00305
-0.00125
-0.00006
0.00000
0.00113
0.00134
-0.00034
-0.00070
-0.00009
-0.00143
-0.00058
0.00119
0.00040
0.00046
0.00113
0.00089
-0.00003
-0.00024
-0.00006
-0.00037
-0.00024
-0.00085
-0.00174
-0.00079
-0.00031
-0.00058
-0.00095
-0.00119
-0.00153
-0.00177
-0.00067
0.00003
0.00003
0.00076
0.00092
0.00082
0.00098
0.00092
0.00064
0.00021
0.00003
-0.00107
-0.00195
-0.00217
-0.00266
-0.00204
-0.00125
-0.00064
0.00027
0.00064
0.00073
-0.00012
-0.00049
-0.00110
-0.00150
-0.00095
-0.00031
-0.00006
-0.00052
-0.00046
-0.00043
-0.00079
-0.00128
-0.00146
-0.00116
-0.00092
-0.00043
-0.00009
-0.00012
-0.00027
-0.00046
-0.00064
-0.00079
-0.00082
-0.00098
-0.00073
-0.00049
-0.00070
-0.00107
-0.00101
-0.00095
-0.00116
-0.00098
-0.00046
-0.00012
-0.00003
0.00024
0.00046
0.00046
0.00049
0.00058
0.00055
0.00000
-0.00067
-0.00095
-0.00076
-0.00073
-0.00168
-0.00223
-0.00171
-0.00113
-0.00067
-0.00021
0.00067
0.00122
0.00116
0.00131
0.00110
0.00058
0.00024
0.00000
0.00000
0.00000
0.00000
0.00000
0.00000
0.00000
0.00000
0.00000
0.00000
0.00000
0.00000
0.00000
0.00000
0.00000
0.00000
0.00000
0.00000
0.00000
0.00000
0.00000
0.00000
0.00000
0.00000
0.00000
0.00000
0.00000
0.00000
0.00000
0.00000
0.00000
0.00000
0.00000
0.00000
0.00000
0.00000
0.00000
0.00000
0.00000
0.00000
0.00000
0.00000
0.00000
0.00000
0.00000
0.00000
0.00000
0.00000
0.00000
0.00000
0.00000
0.00000
0.00000
0.00000
0.00000
0.00000
0.00000
0.00000
0.00000
0.00000
0.00000
0.00000
0.00000
0.00000
0.00000
0.00000
0.00000
0.00000
0.00000
0.00000
0.00000
0.00000
0.00000
0.00000
0.00000
0.00000
0.00000
0.00000
0.00000
0.00000
0.00000
0.00000
0.00000
0.00000
0.00000
0.00000
0.00000
0.00000
0.00000
0.00000
0.00000
0.00000
0.00000
0.00000
0.00000
0.00000
0.00000
0.00000
0.00000
0.00000
0.00000
0.00000
0.00000
0.00000
0.00000
0.00000
0.00000
0.00000
0.00000
0.00000
0.00000
0.00000
0.00000
0.00000
0.00000
0.00000
0.00000
0.00000
0.00000
0.00000
0.00000
0.00000
0.00000
0.00000
0.00000
0.00000
0.00000
0.00000
0.00000
0.00000
0.00000
0.00000
0.00000
0.00000
0.00000
0.00000
0.00000
0.00000
0.00000
0.00000
0.00000
0.00000
0.00000
0.00000
0.00000
0.00000
0.00000
0.00000
0.00000
0.00000
0.00000
0.00000
0.00000
0.00000
0.00000
0.00000
