-0.00012
-0.00009
-0.00009
-0.00012
-0.00009
-0.00006
-0.00009
-0.00009
-0.00006
-0.00009
-0.00012
-0.00012
-0.00012
-0.00012
-0.00012
-0.00009
-0.00009
-0.00009
-0.00009
-0.00009
-0.00009
-0.00009
-0.00009
-0.00009
-0.00009
-0.00012
-0.00012
-0.00009
-0.00009
-0.00012
-0.00012
-0.00006
-0.00006
-0.00009
-0.00021
0.00003
-0.00006
-0.00009
-0.00006
-0.00009
-0.00009
-0.00012
-0.00012
-0.00009
-0.00009
-0.00012
-0.00009
-0.00006
-0.00009
-0.00009
-0.00006
-0.00006
-0.00012
-0.00009
-0.00006
-0.00009
-0.00009
-0.00006
-0.00009
-0.00009
-0.00009
-0.00009
-0.00006
-0.00009
-0.00006
-0.00006
-0.00012
-0.00009
-0.00009
-0.00009
-0.00012
-0.00012
-0.00009
-0.00006
-0.00009
-0.00009
-0.00006
-0.00006
-0.00006
-0.00009
-0.00006
-0.00009
-0.00009
-0.00009
-0.00006
-0.00006
-0.00009
-0.00006
-0.00006
-0.00009
-0.00012
-0.00012
-0.00012
-0.00009
-0.00006
-0.00003
-0.00006
-0.00009
-0.00006
-0.00006
-0.00009
-0.00012
-0.00009
-0.00009
-0.00009
-0.00009
-0.00009
-0.00006
-0.00006
-0.00006
-0.00006
-0.00006
-0.00009
-0.00009
-0.00009
-0.00006
-0.00012
-0.00012
-0.00009
-0.00009
-0.00009
-0.00009
-0.00009
-0.00009
-0.00009
-0.00009
-0.00006
-0.00006
-0.00006
-0.00006
-0.00009
-0.00012
-0.00012
-0.00015
-0.00012
-0.00012
-0.00009
-0.00009
-0.00009
-0.00006
-0.00009
-0.00009
-0.00009
-0.00009
-0.00006
-0.00006
-0.00009
-0.00009
-0.00009
-0.00015
-0.00015
-0.00015
-0.00012
-0.00012
-0.00012
-0.00009
-0.00009
-0.00012
-0.00009
-0.00006
-0.00009
-0.00009
-0.00009
-0.00009
-0.00012
-0.00012
-0.00012
-0.00012
-0.00009
-0.00012
-0.00009
-0.00009
-0.00012
-0.00012
-0.00012
-0.00012
-0.00009
-0.00006
-0.00009
-0.00009
-0.00012
-0.00012
-0.00015
0.00000
-0.00015
-0.00012
-0.00046
0.00000
-0.00064
0.00046
-0.00034
0.00064
-0.01959
-0.06943
-0.05908
-0.01071
0.02820
0.03912
0.03662
0.03027
0.02664
0.01825
-0.00943
-0.02127
-0.01544
-0.01010
-0.00150
0.00778
0.00253
-0.00250
0.00043
0.00220
0.00577
0.00958
0.00037
-0.00354
0.00232
0.00314
0.00168
0.00406
0.00360
-0.00018
-0.00064
-0.00235
-0.00455
-0.00244
-0.00052
-0.00037
0.00159
0.00369
0.00415
0.00418
0.00470
0.00336
0.00043
-0.00162
-0.00183
-0.00201
-0.00113
-0.00024
-0.00043
-0.00052
0.00061
0.00226
0.00278
0.00372
0.00424
0.00305
0.00165
0.00037
-0.00055
-0.00146
-0.00153
-0.00107
-0.00073
0.00000
-0.00024
-0.00098
-0.00082
-0.00003
0.00058
0.00085
0.00146
0.00153
0.00085
0.00031
-0.00031
-0.00101
-0.00159
-0.00165
-0.00116
-0.00049
-0.00021
-0.00076
-0.00134
-0.00140
-0.00140
-0.00095
-0.00046
-0.00024
-0.00006
0.00024
0.00058
0.00064
0.00055
0.00027
0.00000
0.00000
-0.00052
-0.00140
-0.00220
-0.00235
-0.00201
-0.00162
-0.00107
-0.00040
0.00021
0.00070
0.00067
0.00024
-0.00061
-0.00119
-0.00143
-0.00156
-0.00140
-0.00131
-0.00107
-0.00064
-0.00034
-0.00049
-0.00067
-0.00089
-0.00128
-0.00125
-0.00092
-0.00073
-0.00043
-0.00003
-0.00006
-0.00049
-0.00089
-0.00140
-0.00146
-0.00107
-0.00085
-0.00104
-0.00122
-0.00131
-0.00128
-0.00095
-0.00052
-0.00021
-0.00006
-0.00009
-0.00015
-0.00009
-0.00003
-0.00009
0.00000
0.00000
0.00000
0.00000
0.00000
0.00000
0.00000
0.00000
0.00000
0.00000
0.00000
0.00000
0.00000
0.00000
0.00000
0.00000
0.00000
0.00000
0.00000
0.00000
0.00000
0.00000
0.00000
0.00000
0.00000
0.00000
0.00000
0.00000
0.00000
0.00000
0.00000
0.00000
0.00000
0.00000
0.00000
0.00000
0.00000
0.00000
0.00000
0.00000
0.00000
0.00000
0.00000
0.00000
0.00000
0.00000
0.00000
0.00000
0.00000
0.00000
0.00000
0.00000
0.00000
0.00000
0.00000
0.00000
0.00000
0.00000
0.00000
0.00000
0.00000
0.00000
0.00000
0.00000
0.00000
0.00000
0.00000
0.00000
0.00000
0.00000
0.00000
0.00000
0.00000
0.00000
0.00000
0.00000
0.00000
0.00000
0.00000
0.00000
0.00000
0.00000
0.00000
0.00000
0.00000
0.00000
0.00000
0.00000
0.00000
0.00000
0.00000
0.00000
0.00000
0.00000
0.00000
0.00000
0.00000
0.00000
0.00000
0.00000
0.00000
0.00000
0.00000
0.00000
0.00000
0.00000
0.00000
0.00000
0.00000
0.00000
0.00000
0.00000
0.00000
0.00000
0.00000
0.00000
0.00000
0.00000
0.00000
0.00000
0.00000
0.00000
0.00000
0.00000
0.00000
0.00000
0.00000
0.00000
0.00000
0.00000
0.00000
0.00000
0.00000
0.00000
0.00000
0.00000
0.00000
0.00000
0.00000
0.00000
0.00000
0.00000
0.00000
0.00000
0.00000
0.00000
0.00000
0.00000
0.00000
0.00000
0.00000
0.00000
0.00000
0.00000
0.00000
0.00000
0.00000
0.00000
0.00000
0.00000
0.00000
0.00000
0.00000
0.00000
0.00000
0.00000
0.00000
0.00000
0.00000
0.00000
0.00000
0.00000
0.00000
0.00000
