-0.00031
-0.00031
-0.00037
-0.00040
-0.00040
-0.00040
-0.00043
-0.00040
-0.00031
-0.00031
-0.00027
-0.00031
-0.00027
-0.00034
-0.00037
-0.00034
-0.00037
-0.00037
-0.00037
-0.00040
-0.00034
-0.00031
-0.00027
-0.00031
-0.00027
-0.00031
-0.00031
-0.00031
-0.00031
-0.00037
-0.00031
-0.00031
-0.00031
-0.00031
-0.00040
-0.00024
-0.00034
-0.00027
-0.00034
-0.00040
-0.00034
-0.00040
-0.00037
-0.00031
-0.00027
-0.00021
-0.00021
-0.00024
-0.00024
-0.00031
-0.00031
-0.00031
-0.00031
-0.00031
-0.00034
-0.00034
-0.00037
-0.00034
-0.00034
-0.00031
-0.00024
-0.00021
-0.00040
-0.00031
-0.00024
-0.00031
-0.00034
-0.00034
-0.00031
-0.00031
-0.00027
-0.00024
-0.00031
-0.00027
-0.00027
-0.00031
-0.00034
-0.00034
-0.00034
-0.00034
-0.00027
-0.00027
-0.00031
-0.00027
-0.00027
-0.00034
-0.00034
-0.00031
-0.00027
-0.00027
-0.00024
-0.00027
-0.00037
-0.00034
-0.00031
-0.00027
-0.00021
-0.00027
-0.00027
-0.00024
-0.00024
-0.00034
-0.00034
-0.00027
-0.00027
-0.00027
-0.00027
-0.00027
-0.00031
-0.00034
-0.00031
-0.00027
-0.00027
-0.00024
-0.00021
-0.00021
-0.00021
-0.00021
-0.00024
-0.00024
-0.00027
-0.00031
-0.00031
-0.00024
-0.00024
-0.00024
-0.00024
-0.00021
-0.00018
-0.00024
-0.00021
-0.00021
-0.00024
-0.00024
-0.00024
-0.00021
-0.00024
-0.00024
-0.00021
-0.00018
-0.00018
-0.00021
-0.00018
-0.00018
-0.00018
-0.00021
-0.00021
-0.00021
-0.00021
-0.00024
-0.00027
-0.00024
-0.00024
-0.00024
-0.00021
-0.00015
-0.00015
-0.00015
-0.00012
-0.00015
-0.00021
-0.00021
-0.00021
-0.00021
-0.00021
-0.00018
-0.00018
-0.00012
-0.00012
-0.00021
-0.00021
-0.00018
-0.00018
-0.00015
-0.00018
-0.00018
-0.00015
-0.00012
-0.00018
-0.00015
-0.00018
-0.00021
-0.00003
-0.00049
0.00037
-0.00095
0.00110
-0.00189
-0.00751
-0.09235
-0.10370
0.00494
0.03574
0.05075
0.04587
0.03851
0.04111
0.02673
-0.00790
-0.03479
-0.01764
-0.00821
-0.00766
0.01614
0.00537
-0.01031
0.00061
0.00119
-0.00067
0.01276
0.00430
-0.00726
0.00415
0.00864
0.00153
0.00409
0.00671
-0.00272
-0.00284
-0.00204
-0.00778
-0.00540
0.00204
0.00253
0.00211
0.00620
0.00632
0.00153
0.00143
0.00189
0.00000
-0.00046
0.00009
0.00107
0.00116
0.00241
0.00079
-0.00330
-0.00513
-0.00079
0.00104
0.00287
0.00565
0.00418
0.00082
0.00095
0.00101
-0.00043
-0.00134
-0.00012
-0.00137
-0.00073
0.00018
-0.00134
-0.00052
0.00064
0.00043
0.00012
0.00079
0.00162
0.00031
0.00052
0.00037
-0.00101
-0.00143
-0.00220
-0.00198
-0.00128
-0.00052
-0.00034
-0.00150
-0.00162
-0.00165
-0.00122
0.00037
0.00079
0.00101
0.00159
0.00107
0.00064
0.00052
0.00052
-0.00009
-0.00031
-0.00034
-0.00137
-0.00201
-0.00201
-0.00220
-0.00192
-0.00171
-0.00073
-0.00006
0.00018
0.00076
0.00055
0.00073
0.00073
0.00000
-0.00089
-0.00113
-0.00125
-0.00180
-0.00143
-0.00107
-0.00128
-0.00085
-0.00058
-0.00082
-0.00085
-0.00064
-0.00046
-0.00037
-0.00037
-0.00052
-0.00034
-0.00031
-0.00070
-0.00067
-0.00058
-0.00085
-0.00101
-0.00107
-0.00079
-0.00092
-0.00119
-0.00064
-0.00012
0.00052
0.00052
0.00021
0.00046
0.00034
0.00027
0.00015
0.00031
0.00000
0.00000
0.00000
0.00000
0.00000
0.00000
0.00000
0.00000
0.00000
0.00000
0.00000
0.00000
0.00000
0.00000
0.00000
0.00000
0.00000
0.00000
0.00000
0.00000
0.00000
0.00000
0.00000
0.00000
0.00000
0.00000
0.00000
0.00000
0.00000
0.00000
0.00000
0.00000
0.00000
0.00000
0.00000
0.00000
0.00000
0.00000
0.00000
0.00000
0.00000
0.00000
0.00000
0.00000
0.00000
0.00000
0.00000
0.00000
0.00000
0.00000
0.00000
0.00000
0.00000
0.00000
0.00000
0.00000
0.00000
0.00000
0.00000
0.00000
0.00000
0.00000
0.00000
0.00000
0.00000
0.00000
0.00000
0.00000
0.00000
0.00000
0.00000
0.00000
0.00000
0.00000
0.00000
0.00000
0.00000
0.00000
0.00000
0.00000
0.00000
0.00000
0.00000
0.00000
0.00000
0.00000
0.00000
0.00000
0.00000
0.00000
0.00000
0.00000
0.00000
0.00000
0.00000
0.00000
0.00000
0.00000
0.00000
0.00000
0.00000
0.00000
0.00000
0.00000
0.00000
0.00000
0.00000
0.00000
0.00000
0.00000
0.00000
0.00000
0.00000
0.00000
0.00000
0.00000
0.00000
0.00000
0.00000
0.00000
0.00000
0.00000
0.00000
0.00000
0.00000
0.00000
0.00000
0.00000
0.00000
0.00000
0.00000
0.00000
0.00000
0.00000
0.00000
0.00000
0.00000
0.00000
0.00000
0.00000
0.00000
0.00000
0.00000
0.00000
0.00000
0.00000
0.00000
0.00000
0.00000
0.00000
0.00000
0.00000
0.00000
0.00000
0.00000
0.00000
0.00000
0.00000
0.00000
0.00000
0.00000
0.00000
0.00000
0.00000
0.00000
0.00000
0.00000
0.00000
0.00000
0.00000
0.00000
0.00000
0.00000
0.00000
0.00000
0.00000
