-0.00006
0.00000
0.00000
0.00000
0.00000
0.00003
0.00000
0.00000
0.00000
0.00000
-0.00003
-0.00003
0.00000
0.00003
0.00000
0.00000
0.00000
0.00000
0.00003
0.00003
0.00003
0.00000
-0.00003
-0.00003
0.00000
0.00000
0.00000
0.00000
0.00000
0.00000
0.00003
0.00000
0.00003
0.00003
-0.00009
0.00009
0.00000
0.00000
0.00000
0.00000
0.00000
0.00000
0.00000
0.00000
0.00000
0.00000
0.00000
0.00000
0.00000
0.00000
0.00000
0.00003
0.00000
0.00000
0.00000
0.00000
0.00000
0.00000
0.00000
0.00000
0.00000
0.00000
0.00000
0.00000
0.00000
-0.00009
0.00000
0.00000
-0.00003
-0.00003
-0.00006
-0.00006
0.00000
0.00003
0.00006
0.00003
0.00003
0.00000
-0.00006
-0.00003
-0.00003
-0.00003
-0.00003
0.00000
0.00000
-0.00003
0.00000
0.00000
-0.00006
-0.00006
0.00000
0.00000
-0.00003
0.00000
0.00000
-0.00003
0.00000
-0.00003
-0.00003
-0.00003
-0.00006
-0.00006
0.00000
0.00000
-0.00003
0.00000
0.00000
-0.00003
-0.00009
-0.00009
-0.00009
-0.00009
-0.00003
0.00000
0.00000
-0.00003
0.00000
-0.00006
-0.00009
-0.00006
-0.00009
-0.00009
-0.00006
-0.00006
-0.00006
-0.00006
-0.00006
-0.00006
-0.00003
-0.00003
-0.00006
-0.00006
-0.00009
-0.00009
-0.00009
-0.00012
-0.00015
-0.00009
-0.00006
-0.00006
-0.00006
-0.00006
-0.00009
-0.00009
-0.00009
-0.00009
-0.00006
-0.00009
-0.00009
-0.00009
-0.00012
-0.00009
-0.00012
-0.00015
-0.00012
-0.00012
-0.00012
-0.00012
-0.00012
-0.00012
-0.00012
-0.00009
-0.00009
-0.00006
-0.00009
-0.00009
-0.00012
-0.00012
-0.00018
-0.00021
-0.00015
-0.00018
-0.00018
-0.00015
-0.00015
-0.00012
-0.00009
-0.00012
-0.00009
-0.00015
-0.00012
-0.00018
-0.00006
-0.00018
-0.00012
-0.00031
-0.00021
-0.00024
-0.00031
0.00034
-0.00043
-0.01279
-0.07730
-0.06705
-0.00354
0.01892
0.04102
0.03726
0.03323
0.03082
0.02036
-0.00555
-0.02176
-0.01343
-0.01389
-0.00446
0.01257
0.00354
-0.00479
-0.00003
-0.00143
0.00229
0.01193
0.00189
-0.00281
0.00543
0.00558
-0.00024
0.00293
0.00137
-0.00381
-0.00058
-0.00104
-0.00397
-0.00098
0.00183
0.00073
0.00180
0.00293
0.00238
0.00299
0.00427
0.00308
-0.00024
-0.00238
-0.00275
-0.00302
-0.00180
0.00040
0.00113
0.00089
0.00247
0.00519
0.00427
0.00317
0.00253
-0.00046
-0.00241
-0.00131
-0.00052
-0.00027
0.00009
0.00055
-0.00067
-0.00061
-0.00046
-0.00104
-0.00031
0.00043
0.00046
0.00064
0.00085
0.00055
-0.00040
-0.00037
-0.00006
-0.00070
-0.00098
-0.00156
-0.00143
-0.00067
-0.00064
-0.00076
-0.00137
-0.00162
-0.00168
-0.00119
-0.00049
-0.00037
-0.00003
0.00021
0.00034
0.00067
0.00070
0.00070
0.00031
-0.00003
-0.00073
-0.00171
-0.00229
-0.00284
-0.00253
-0.00177
-0.00116
-0.00021
0.00034
0.00043
-0.00021
-0.00055
-0.00098
-0.00159
-0.00140
-0.00085
-0.00046
-0.00070
-0.00073
-0.00076
-0.00092
-0.00131
-0.00156
-0.00131
-0.00122
-0.00104
-0.00064
-0.00058
-0.00067
-0.00067
-0.00061
-0.00073
-0.00092
-0.00113
-0.00122
-0.00113
-0.00116
-0.00131
-0.00125
-0.00116
-0.00137
-0.00134
-0.00082
-0.00043
-0.00024
-0.00012
-0.00006
-0.00003
0.00000
0.00000
0.00000
0.00000
0.00000
0.00000
0.00000
0.00000
0.00000
0.00000
0.00000
0.00000
0.00000
0.00000
0.00000
0.00000
0.00000
0.00000
0.00000
0.00000
0.00000
0.00000
0.00000
0.00000
0.00000
0.00000
0.00000
0.00000
0.00000
0.00000
0.00000
0.00000
0.00000
0.00000
0.00000
0.00000
0.00000
0.00000
0.00000
0.00000
0.00000
0.00000
0.00000
0.00000
0.00000
0.00000
0.00000
0.00000
0.00000
0.00000
0.00000
0.00000
0.00000
0.00000
0.00000
0.00000
0.00000
0.00000
0.00000
0.00000
0.00000
0.00000
0.00000
0.00000
0.00000
0.00000
0.00000
0.00000
0.00000
0.00000
0.00000
0.00000
0.00000
0.00000
0.00000
0.00000
0.00000
0.00000
0.00000
0.00000
0.00000
0.00000
0.00000
0.00000
0.00000
0.00000
0.00000
0.00000
0.00000
0.00000
0.00000
0.00000
0.00000
0.00000
0.00000
0.00000
0.00000
0.00000
0.00000
0.00000
0.00000
0.00000
0.00000
0.00000
0.00000
0.00000
0.00000
0.00000
0.00000
0.00000
0.00000
0.00000
0.00000
0.00000
0.00000
0.00000
0.00000
0.00000
0.00000
0.00000
0.00000
0.00000
0.00000
0.00000
0.00000
0.00000
0.00000
0.00000
0.00000
0.00000
0.00000
0.00000
0.00000
0.00000
0.00000
0.00000
0.00000
0.00000
0.00000
0.00000
0.00000
0.00000
0.00000
0.00000
0.00000
0.00000
0.00000
0.00000
0.00000
0.00000
0.00000
0.00000
0.00000
0.00000
0.00000
0.00000
0.00000
0.00000
0.00000
0.00000
0.00000
0.00000
0.00000
0.00000
0.00000
0.00000
0.00000
0.00000
0.00000
0.00000
0.00000
0.00000
0.00000
0.00000
0.00000
0.00000
0.00000
