-0.00037
-0.00037
-0.00037
-0.00037
-0.00034
-0.00031
-0.00034
-0.00031
-0.00034
-0.00037
-0.00037
-0.00037
-0.00037
-0.00037
-0.00034
-0.00034
-0.00034
-0.00031
-0.00034
-0.00034
-0.00034
-0.00034
-0.00031
-0.00031
-0.00034
-0.00034
-0.00034
-0.00034
-0.00031
-0.00027
-0.00027
-0.00031
-0.00027
-0.00031
-0.00046
-0.00021
-0.00034
-0.00034
-0.00027
-0.00031
-0.00027
-0.00031
-0.00031
-0.00031
-0.00031
-0.00031
-0.00027
-0.00027
-0.00024
-0.00024
-0.00027
-0.00027
-0.00031
-0.00031
-0.00027
-0.00024
-0.00027
-0.00024
-0.00024
-0.00027
-0.00027
-0.00024
-0.00027
-0.00024
-0.00031
-0.00027
-0.00027
-0.00024
-0.00027
-0.00027
-0.00024
-0.00024
-0.00021
-0.00021
-0.00021
-0.00024
-0.00024
-0.00024
-0.00024
-0.00024
-0.00021
-0.00024
-0.00024
-0.00021
-0.00021
-0.00024
-0.00021
-0.00024
-0.00021
-0.00021
-0.00018
-0.00018
-0.00018
-0.00018
-0.00018
-0.00021
-0.00021
-0.00021
-0.00021
-0.00021
-0.00021
-0.00018
-0.00018
-0.00018
-0.00018
-0.00021
-0.00018
-0.00015
-0.00018
-0.00018
-0.00018
-0.00018
-0.00018
-0.00018
-0.00018
-0.00015
-0.00015
-0.00015
-0.00015
-0.00015
-0.00015
-0.00015
-0.00015
-0.00015
-0.00018
-0.00015
-0.00012
-0.00015
-0.00012
-0.00012
-0.00018
-0.00018
-0.00015
-0.00015
-0.00015
-0.00012
-0.00012
-0.00012
-0.00009
-0.00006
-0.00012
-0.00012
-0.00009
-0.00009
-0.00012
-0.00012
-0.00009
-0.00012
-0.00012
-0.00009
-0.00009
-0.00006
-0.00006
-0.00009
-0.00012
-0.00009
-0.00012
-0.00012
-0.00006
-0.00006
-0.00009
-0.00006
-0.00003
-0.00006
-0.00006
-0.00006
-0.00006
-0.00012
-0.00012
-0.00006
-0.00009
-0.00006
-0.00006
-0.00003
0.00000
0.00000
-0.00006
-0.00006
-0.00006
-0.00003
-0.00003
0.00000
-0.00003
-0.00003
0.00003
-0.00049
0.00027
-0.00076
0.00101
-0.00137
-0.00156
-0.05460
-0.08350
-0.03848
0.01334
0.05176
0.04459
0.03912
0.02869
0.02982
0.00208
-0.02563
-0.02200
-0.01474
-0.00537
0.00583
0.00674
-0.00064
-0.00058
0.00000
0.00418
0.01089
0.00583
-0.00443
-0.00012
0.00327
0.00101
0.00287
0.00479
0.00204
0.00153
-0.00021
-0.00348
-0.00421
-0.00250
-0.00146
0.00037
0.00345
0.00397
0.00497
0.00543
0.00497
0.00174
-0.00259
-0.00464
-0.00427
-0.00140
0.00308
0.00549
0.00488
0.00192
0.00116
-0.00031
-0.00061
-0.00082
0.00018
0.00082
0.00192
0.00262
0.00296
0.00070
-0.00049
-0.00113
-0.00101
-0.00082
-0.00040
0.00000
-0.00006
0.00040
0.00015
0.00061
0.00131
0.00092
0.00021
0.00043
0.00040
-0.00049
-0.00150
-0.00146
-0.00082
-0.00055
-0.00055
-0.00122
-0.00143
-0.00162
-0.00110
-0.00009
0.00064
0.00104
0.00079
0.00067
0.00076
0.00067
0.00064
0.00034
0.00015
-0.00018
-0.00082
-0.00134
-0.00201
-0.00208
-0.00180
-0.00198
-0.00107
-0.00055
0.00043
0.00076
0.00085
0.00110
0.00058
0.00052
-0.00052
-0.00122
-0.00174
-0.00177
-0.00137
-0.00128
-0.00076
-0.00058
-0.00018
-0.00003
-0.00037
-0.00034
-0.00046
-0.00052
-0.00064
-0.00092
-0.00079
-0.00052
-0.00024
-0.00043
-0.00058
-0.00055
-0.00070
-0.00073
-0.00067
-0.00085
-0.00119
-0.00107
-0.00070
-0.00015
0.00049
0.00034
0.00076
0.00092
0.00079
0.00037
-0.00015
-0.00043
-0.00110
-0.00107
-0.00079
-0.00049
-0.00049
-0.00110
-0.00165
-0.00150
-0.00095
-0.00024
0.00024
0.00052
0.00092
0.00119
0.00119
0.00095
0.00049
0.00015
-0.00012
-0.00031
-0.00052
-0.00061
-0.00043
-0.00024
0.00009
0.00040
0.00055
0.00024
-0.00015
-0.00037
-0.00073
-0.00079
-0.00055
0.00006
0.00079
0.00107
0.00134
0.00153
0.00125
0.00061
0.00006
-0.00015
-0.00009
0.00015
0.00037
0.00061
0.00073
0.00070
0.00055
0.00037
0.00018
0.00009
0.00012
0.00003
0.00000
0.00000
0.00000
0.00000
0.00000
0.00000
0.00000
0.00000
0.00000
0.00000
0.00000
0.00000
0.00000
0.00000
0.00000
0.00000
0.00000
0.00000
0.00000
0.00000
0.00000
0.00000
0.00000
0.00000
0.00000
0.00000
0.00000
0.00000
0.00000
0.00000
0.00000
0.00000
0.00000
0.00000
0.00000
0.00000
0.00000
0.00000
0.00000
0.00000
0.00000
0.00000
0.00000
0.00000
0.00000
0.00000
0.00000
0.00000
0.00000
0.00000
0.00000
0.00000
0.00000
0.00000
0.00000
0.00000
0.00000
0.00000
0.00000
0.00000
0.00000
0.00000
0.00000
0.00000
0.00000
0.00000
0.00000
0.00000
0.00000
0.00000
0.00000
0.00000
0.00000
0.00000
0.00000
0.00000
0.00000
0.00000
0.00000
0.00000
0.00000
0.00000
0.00000
0.00000
0.00000
0.00000
0.00000
0.00000
0.00000
0.00000
0.00000
0.00000
0.00000
0.00000
0.00000
0.00000
0.00000
0.00000
0.00000
0.00000
0.00000
0.00000
0.00000
0.00000
0.00000
0.00000
0.00000
0.00000
0.00000
0.00000
0.00000
0.00000
0.00000
0.00000
0.00000
0.00000
0.00000
0.00000
0.00000
