-0.00024
-0.00021
-0.00021
-0.00018
-0.00015
-0.00018
-0.00018
-0.00015
-0.00018
-0.00024
-0.00021
-0.00024
-0.00024
-0.00018
-0.00015
-0.00015
-0.00015
-0.00018
-0.00021
-0.00021
-0.00024
-0.00024
-0.00024
-0.00018
-0.00018
-0.00018
-0.00021
-0.00021
-0.00021
-0.00018
-0.00018
-0.00018
-0.00015
-0.00015
-0.00031
-0.00012
-0.00021
-0.00024
-0.00021
-0.00021
-0.00018
-0.00024
-0.00021
-0.00018
-0.00021
-0.00021
-0.00021
-0.00021
-0.00021
-0.00024
-0.00021
-0.00018
-0.00018
-0.00021
-0.00024
-0.00024
-0.00024
-0.00024
-0.00021
-0.00018
-0.00015
-0.00015
-0.00018
-0.00015
-0.00021
-0.00027
-0.00018
-0.00018
-0.00021
-0.00021
-0.00027
-0.00027
-0.00027
-0.00018
-0.00018
-0.00015
-0.00009
-0.00015
-0.00015
-0.00015
-0.00021
-0.00024
-0.00024
-0.00021
-0.00024
-0.00027
-0.00021
-0.00018
-0.00021
-0.00024
-0.00021
-0.00021
-0.00021
-0.00015
-0.00021
-0.00021
-0.00018
-0.00018
-0.00018
-0.00018
-0.00021
-0.00021
-0.00021
-0.00024
-0.00027
-0.00027
-0.00024
-0.00024
-0.00021
-0.00018
-0.00018
-0.00021
-0.00018
-0.00015
-0.00021
-0.00018
-0.00018
-0.00018
-0.00018
-0.00018
-0.00021
-0.00021
-0.00021
-0.00027
-0.00027
-0.00021
-0.00021
-0.00015
-0.00009
-0.00009
-0.00018
-0.00018
-0.00018
-0.00021
-0.00021
-0.00021
-0.00024
-0.00021
-0.00018
-0.00021
-0.00015
-0.00012
-0.00015
-0.00015
-0.00018
-0.00021
-0.00024
-0.00018
-0.00018
-0.00015
-0.00015
-0.00012
-0.00018
-0.00015
-0.00018
-0.00018
-0.00015
-0.00021
-0.00018
-0.00015
-0.00015
-0.00015
-0.00012
-0.00009
-0.00015
-0.00018
-0.00018
-0.00018
-0.00021
-0.00021
-0.00018
-0.00021
-0.00021
-0.00018
-0.00015
-0.00012
-0.00012
-0.00015
-0.00012
-0.00015
-0.00015
-0.00021
-0.00003
-0.00034
-0.00006
-0.00052
0.00003
-0.00067
0.00034
-0.00049
0.00021
-0.02615
-0.08936
-0.04990
0.00528
0.02496
0.04318
0.03543
0.03403
0.03000
0.01541
-0.01218
-0.02087
-0.01218
-0.01459
0.00061
0.01306
0.00003
-0.00378
0.00067
-0.00232
0.00516
0.01123
-0.00113
-0.00128
0.00705
0.00449
0.00000
0.00397
-0.00052
-0.00412
-0.00009
-0.00220
-0.00378
0.00018
0.00195
0.00070
0.00256
0.00333
0.00256
0.00327
0.00427
0.00226
-0.00098
-0.00250
-0.00320
-0.00354
-0.00125
0.00122
0.00189
0.00156
0.00391
0.00543
0.00354
0.00293
0.00223
-0.00171
-0.00247
-0.00082
-0.00021
-0.00009
0.00073
0.00052
-0.00104
-0.00034
-0.00061
-0.00107
0.00027
0.00082
0.00049
0.00076
0.00113
0.00043
-0.00049
-0.00009
-0.00015
-0.00070
-0.00092
-0.00162
-0.00116
-0.00046
-0.00046
-0.00073
-0.00122
-0.00146
-0.00159
-0.00082
-0.00012
-0.00009
0.00021
0.00043
0.00052
0.00073
0.00082
0.00085
0.00043
0.00012
-0.00076
-0.00168
-0.00217
-0.00272
-0.00229
-0.00150
-0.00095
0.00003
0.00049
0.00061
-0.00012
-0.00046
-0.00089
-0.00143
-0.00110
-0.00058
-0.00021
-0.00055
-0.00058
-0.00055
-0.00082
-0.00125
-0.00150
-0.00113
-0.00095
-0.00067
-0.00031
-0.00031
-0.00043
-0.00049
-0.00049
-0.00064
-0.00076
-0.00089
-0.00085
-0.00073
-0.00092
-0.00119
-0.00110
-0.00098
-0.00119
-0.00107
-0.00058
-0.00018
-0.00006
0.00000
0.00024
0.00027
0.00027
0.00040
0.00034
-0.00003
0.00000
0.00000
0.00000
0.00000
0.00000
0.00000
0.00000
0.00000
0.00000
0.00000
0.00000
0.00000
0.00000
0.00000
0.00000
0.00000
0.00000
0.00000
0.00000
0.00000
0.00000
0.00000
0.00000
0.00000
0.00000
0.00000
0.00000
0.00000
0.00000
0.00000
0.00000
0.00000
0.00000
0.00000
0.00000
0.00000
0.00000
0.00000
0.00000
0.00000
0.00000
0.00000
0.00000
0.00000
0.00000
0.00000
0.00000
0.00000
0.00000
0.00000
0.00000
0.00000
0.00000
0.00000
0.00000
0.00000
0.00000
0.00000
0.00000
0.00000
0.00000
0.00000
0.00000
0.00000
0.00000
0.00000
0.00000
0.00000
0.00000
0.00000
0.00000
0.00000
0.00000
0.00000
0.00000
0.00000
0.00000
0.00000
0.00000
0.00000
0.00000
0.00000
0.00000
0.00000
0.00000
0.00000
0.00000
0.00000
0.00000
0.00000
0.00000
0.00000
0.00000
0.00000
0.00000
0.00000
0.00000
0.00000
0.00000
0.00000
0.00000
0.00000
0.00000
0.00000
0.00000
0.00000
0.00000
0.00000
0.00000
0.00000
0.00000
0.00000
0.00000
0.00000
0.00000
0.00000
0.00000
0.00000
0.00000
0.00000
0.00000
0.00000
0.00000
0.00000
0.00000
0.00000
0.00000
0.00000
0.00000
0.00000
0.00000
0.00000
0.00000
0.00000
0.00000
0.00000
0.00000
0.00000
0.00000
0.00000
0.00000
0.00000
0.00000
0.00000
0.00000
0.00000
0.00000
0.00000
0.00000
0.00000
0.00000
0.00000
0.00000
0.00000
0.00000
0.00000
0.00000
0.00000
0.00000
0.00000
0.00000
0.00000
0.00000
0.00000
0.00000
0.00000
0.00000
0.00000
0.00000
0.00000
0.00000
0.00000
0.00000
