-0.00012
-0.00009
-0.00006
-0.00006
-0.00006
-0.00006
-0.00006
-0.00009
-0.00009
-0.00009
-0.00009
-0.00009
-0.00009
-0.00006
-0.00009
-0.00009
-0.00006
-0.00009
-0.00009
-0.00009
-0.00009
-0.00012
-0.00009
-0.00003
-0.00006
-0.00006
-0.00009
-0.00012
-0.00009
-0.00009
-0.00009
-0.00006
-0.00006
-0.00006
-0.00021
0.00000
-0.00009
-0.00012
-0.00009
-0.00012
-0.00006
-0.00009
-0.00012
-0.00009
-0.00009
-0.00009
-0.00006
-0.00003
-0.00006
-0.00009
-0.00009
-0.00009
-0.00012
-0.00009
-0.00006
-0.00003
-0.00006
-0.00009
-0.00009
-0.00009
-0.00015
-0.00012
-0.00009
-0.00006
-0.00009
-0.00012
-0.00006
-0.00006
-0.00009
-0.00012
-0.00009
-0.00009
-0.00012
-0.00009
-0.00009
-0.00009
-0.00009
-0.00009
-0.00009
-0.00012
-0.00012
-0.00012
-0.00009
-0.00012
-0.00012
-0.00012
-0.00015
-0.00015
-0.00015
-0.00012
-0.00012
-0.00012
-0.00012
-0.00009
-0.00012
-0.00012
-0.00012
-0.00012
-0.00012
-0.00015
-0.00018
-0.00015
-0.00009
-0.00015
-0.00015
-0.00012
-0.00015
-0.00015
-0.00015
-0.00015
-0.00015
-0.00021
-0.00018
-0.00018
-0.00015
-0.00015
-0.00012
-0.00015
-0.00015
-0.00015
-0.00018
-0.00018
-0.00018
-0.00018
-0.00018
-0.00015
-0.00015
-0.00018
-0.00018
-0.00018
-0.00018
-0.00021
-0.00018
-0.00021
-0.00024
-0.00021
-0.00018
-0.00021
-0.00021
-0.00015
-0.00015
-0.00018
-0.00015
-0.00015
-0.00018
-0.00018
-0.00018
-0.00021
-0.00021
-0.00021
-0.00021
-0.00018
-0.00018
-0.00018
-0.00021
-0.00018
-0.00021
-0.00024
-0.00018
-0.00015
-0.00018
-0.00021
-0.00018
-0.00021
-0.00021
-0.00021
-0.00018
-0.00018
-0.00021
-0.00018
-0.00018
-0.00021
-0.00024
-0.00021
-0.00021
-0.00021
-0.00021
-0.00018
-0.00015
-0.00018
-0.00018
-0.00024
-0.00012
-0.00027
0.00000
-0.00076
0.00027
-0.00110
0.00092
-0.00150
0.00134
-0.03424
-0.08136
-0.05200
-0.00391
0.04337
0.04489
0.03915
0.03018
0.02942
0.01208
-0.01883
-0.02234
-0.01755
-0.00900
0.00217
0.00745
0.00140
-0.00049
-0.00082
0.00247
0.00882
0.00784
-0.00262
-0.00214
0.00275
0.00189
0.00235
0.00430
0.00262
0.00101
0.00000
-0.00293
-0.00446
-0.00327
-0.00165
-0.00018
0.00238
0.00342
0.00458
0.00510
0.00531
0.00281
-0.00079
-0.00296
-0.00308
-0.00317
-0.00143
0.00058
0.00140
0.00150
0.00357
0.00372
0.00323
0.00244
0.00073
-0.00104
-0.00058
0.00031
0.00058
0.00058
0.00073
-0.00070
-0.00131
-0.00055
-0.00095
-0.00079
-0.00024
0.00031
0.00043
0.00085
0.00119
0.00064
0.00076
0.00079
0.00003
-0.00070
-0.00165
-0.00198
-0.00162
-0.00101
-0.00058
-0.00104
-0.00125
-0.00140
-0.00122
-0.00031
0.00009
0.00006
0.00000
0.00015
0.00040
0.00043
0.00064
0.00037
-0.00012
-0.00018
-0.00055
-0.00119
-0.00217
-0.00223
-0.00211
-0.00195
-0.00137
-0.00064
0.00037
0.00058
0.00095
0.00082
0.00021
-0.00031
-0.00125
-0.00177
-0.00177
-0.00156
-0.00143
-0.00098
-0.00061
-0.00079
-0.00049
-0.00049
-0.00089
-0.00089
-0.00061
-0.00055
-0.00064
-0.00070
-0.00067
-0.00052
-0.00052
-0.00098
-0.00119
-0.00107
-0.00101
-0.00089
-0.00076
-0.00098
-0.00131
-0.00116
-0.00061
-0.00012
0.00015
0.00015
0.00003
0.00006
0.00018
0.00018
0.00015
-0.00009
-0.00046
-0.00082
-0.00076
-0.00079
-0.00104
-0.00122
-0.00125
-0.00137
-0.00134
-0.00095
-0.00046
-0.00027
0.00000
0.00000
0.00000
0.00000
0.00000
0.00000
0.00000
0.00000
0.00000
0.00000
0.00000
0.00000
0.00000
0.00000
0.00000
0.00000
0.00000
0.00000
0.00000
0.00000
0.00000
0.00000
0.00000
0.00000
0.00000
0.00000
0.00000
0.00000
0.00000
0.00000
0.00000
0.00000
0.00000
0.00000
0.00000
0.00000
0.00000
0.00000
0.00000
0.00000
0.00000
0.00000
0.00000
0.00000
0.00000
0.00000
0.00000
0.00000
0.00000
0.00000
0.00000
0.00000
0.00000
0.00000
0.00000
0.00000
0.00000
0.00000
0.00000
0.00000
0.00000
0.00000
0.00000
0.00000
0.00000
0.00000
0.00000
0.00000
0.00000
0.00000
0.00000
0.00000
0.00000
0.00000
0.00000
0.00000
0.00000
0.00000
0.00000
0.00000
0.00000
0.00000
0.00000
0.00000
0.00000
0.00000
0.00000
0.00000
0.00000
0.00000
0.00000
0.00000
0.00000
0.00000
0.00000
0.00000
0.00000
0.00000
0.00000
0.00000
0.00000
0.00000
0.00000
0.00000
0.00000
0.00000
0.00000
0.00000
0.00000
0.00000
0.00000
0.00000
0.00000
0.00000
0.00000
0.00000
0.00000
0.00000
0.00000
0.00000
0.00000
0.00000
0.00000
0.00000
0.00000
0.00000
0.00000
0.00000
0.00000
0.00000
0.00000
0.00000
0.00000
0.00000
0.00000
0.00000
0.00000
0.00000
0.00000
0.00000
0.00000
0.00000
0.00000
0.00000
0.00000
0.00000
0.00000
0.00000
0.00000
0.00000
0.00000
0.00000
0.00000
0.00000
0.00000
0.00000
0.00000
0.00000
0.00000
0.00000
0.00000
