0.00003
0.00003
0.00009
0.00009
0.00006
0.00006
0.00006
0.00000
0.00003
0.00003
0.00000
0.00003
0.00003
0.00003
0.00006
0.00006
0.00000
0.00000
0.00003
0.00000
0.00000
0.00003
0.00003
0.00000
0.00003
0.00003
0.00003
0.00003
0.00009
0.00003
0.00000
0.00003
0.00000
0.00000
-0.00003
0.00003
0.00000
0.00000
0.00000
0.00000
0.00003
0.00003
0.00003
0.00003
0.00003
0.00000
0.00000
0.00000
0.00000
0.00000
0.00003
0.00006
0.00003
0.00000
0.00003
0.00000
-0.00003
-0.00003
0.00000
0.00000
0.00000
0.00000
0.00000
-0.00003
0.00000
0.00000
0.00000
0.00000
-0.00003
-0.00006
0.00000
0.00000
-0.00003
0.00000
0.00000
0.00000
0.00000
0.00000
0.00000
-0.00003
-0.00003
-0.00003
-0.00003
-0.00003
-0.00006
-0.00003
-0.00003
-0.00006
-0.00006
-0.00006
-0.00003
0.00000
0.00003
0.00000
0.00000
-0.00003
-0.00003
-0.00003
-0.00009
-0.00009
-0.00003
0.00000
-0.00003
-0.00006
-0.00003
-0.00003
-0.00006
-0.00009
-0.00009
-0.00012
-0.00012
-0.00003
-0.00006
-0.00009
-0.00006
-0.00006
-0.00006
-0.00006
-0.00009
-0.00009
-0.00012
-0.00012
-0.00012
-0.00012
-0.00009
-0.00012
-0.00009
-0.00006
-0.00006
-0.00009
-0.00009
-0.00009
-0.00012
-0.00012
-0.00009
-0.00009
-0.00009
-0.00006
-0.00006
-0.00006
-0.00009
-0.00012
-0.00012
-0.00015
-0.00015
-0.00012
-0.00012
-0.00012
-0.00015
-0.00012
-0.00012
-0.00015
-0.00018
-0.00018
-0.00012
-0.00015
-0.00015
-0.00012
-0.00015
-0.00018
-0.00015
-0.00015
-0.00021
-0.00021
-0.00018
-0.00018
-0.00018
-0.00018
-0.00018
-0.00015
-0.00018
-0.00021
-0.00021
-0.00018
-0.00018
-0.00021
-0.00018
-0.00018
-0.00018
-0.00018
-0.00015
-0.00018
-0.00034
0.00003
-0.00070
0.00021
-0.00116
0.00131
-0.00220
-0.00098
-0.06491
-0.10092
-0.03461
0.02466
0.06046
0.04834
0.04227
0.03046
0.03204
0.00052
-0.03220
-0.02444
-0.01352
-0.00580
0.00824
0.00668
-0.00613
-0.00278
0.00137
0.00381
0.01367
0.00919
-0.00684
-0.00082
0.00400
-0.00037
0.00177
0.00565
0.00137
0.00082
-0.00018
-0.00534
-0.00543
-0.00101
-0.00061
-0.00031
0.00381
0.00449
0.00494
0.00409
0.00058
-0.00299
-0.00253
0.00070
0.00211
0.00424
0.00479
0.00171
-0.00220
-0.00378
-0.00473
-0.00333
0.00037
0.00345
0.00394
0.00436
0.00256
0.00009
0.00003
-0.00079
-0.00128
-0.00107
0.00000
-0.00070
-0.00116
-0.00098
-0.00089
-0.00003
0.00082
0.00021
0.00000
-0.00009
0.00049
0.00034
0.00003
-0.00073
-0.00204
-0.00174
-0.00131
-0.00150
-0.00159
-0.00201
-0.00223
-0.00241
-0.00122
0.00015
0.00079
0.00095
0.00079
0.00052
0.00024
-0.00018
-0.00043
-0.00082
-0.00073
-0.00067
-0.00110
-0.00156
-0.00211
-0.00229
-0.00241
-0.00201
-0.00143
-0.00073
-0.00012
0.00021
0.00043
0.00052
0.00073
0.00015
-0.00095
-0.00125
-0.00192
-0.00253
-0.00256
-0.00220
-0.00195
-0.00110
-0.00055
-0.00101
-0.00089
-0.00058
-0.00067
-0.00073
-0.00089
-0.00128
-0.00134
-0.00113
-0.00131
-0.00113
-0.00058
-0.00076
-0.00101
-0.00131
-0.00165
-0.00256
-0.00183
-0.00076
-0.00079
0.00082
0.00079
-0.00009
-0.00040
0.00024
-0.00046
-0.00092
-0.00049
-0.00110
-0.00085
-0.00055
-0.00110
-0.00159
-0.00122
-0.00128
-0.00098
-0.00092
-0.00180
-0.00217
-0.00119
-0.00061
-0.00018
0.00046
0.00067
0.00055
0.00079
0.00027
-0.00055
-0.00095
-0.00128
-0.00134
-0.00079
-0.00040
-0.00024
0.00009
0.00040
0.00027
0.00021
0.00015
-0.00024
-0.00064
-0.00110
-0.00146
-0.00146
-0.00085
-0.00024
0.00027
0.00079
0.00107
0.00082
0.00018
-0.00024
-0.00024
0.00000
0.00000
0.00000
0.00000
0.00000
0.00000
0.00000
0.00000
0.00000
0.00000
0.00000
0.00000
0.00000
0.00000
0.00000
0.00000
0.00000
0.00000
0.00000
0.00000
0.00000
0.00000
0.00000
0.00000
0.00000
0.00000
0.00000
0.00000
0.00000
0.00000
0.00000
0.00000
0.00000
0.00000
0.00000
0.00000
0.00000
0.00000
0.00000
0.00000
0.00000
0.00000
0.00000
0.00000
0.00000
0.00000
0.00000
0.00000
0.00000
0.00000
0.00000
0.00000
0.00000
0.00000
0.00000
0.00000
0.00000
0.00000
0.00000
0.00000
0.00000
0.00000
0.00000
0.00000
0.00000
0.00000
0.00000
0.00000
0.00000
0.00000
0.00000
0.00000
0.00000
0.00000
0.00000
0.00000
0.00000
0.00000
0.00000
0.00000
0.00000
0.00000
0.00000
0.00000
0.00000
0.00000
0.00000
0.00000
0.00000
0.00000
0.00000
0.00000
0.00000
0.00000
0.00000
0.00000
0.00000
0.00000
0.00000
0.00000
0.00000
0.00000
0.00000
0.00000
0.00000
0.00000
0.00000
0.00000
0.00000
0.00000
0.00000
0.00000
0.00000
0.00000
0.00000
0.00000
0.00000
0.00000
0.00000
0.00000
0.00000
0.00000
0.00000
0.00000
0.00000
0.00000
0.00000
0.00000
0.00000
0.00000
