-0.00003
0.00000
0.00000
0.00000
0.00000
0.00000
0.00000
-0.00003
0.00000
-0.00003
-0.00003
-0.00003
-0.00003
-0.00003
-0.00003
0.00000
0.00000
0.00000
0.00000
-0.00003
-0.00003
0.00000
0.00000
-0.00003
-0.00003
0.00000
-0.00003
-0.00006
-0.00003
-0.00003
-0.00003
0.00000
0.00000
0.00000
-0.00015
0.00006
-0.00003
-0.00006
-0.00006
-0.00006
-0.00003
-0.00009
-0.00003
-0.00003
-0.00003
-0.00003
-0.00003
-0.00006
-0.00003
-0.00003
-0.00003
0.00000
-0.00003
-0.00003
-0.00003
-0.00006
-0.00006
-0.00003
-0.00006
-0.00006
-0.00006
-0.00006
-0.00009
-0.00006
0.00000
-0.00006
-0.00009
-0.00006
-0.00003
-0.00006
-0.00003
-0.00006
-0.00006
-0.00003
-0.00003
-0.00003
-0.00006
-0.00003
-0.00003
-0.00003
-0.00006
-0.00003
-0.00003
-0.00003
0.00000
0.00000
-0.00003
-0.00006
-0.00009
-0.00009
-0.00006
-0.00006
-0.00009
-0.00006
-0.00003
-0.00006
-0.00006
-0.00003
-0.00003
-0.00006
-0.00006
-0.00009
-0.00006
-0.00003
-0.00006
-0.00006
-0.00006
-0.00006
-0.00009
-0.00006
-0.00009
-0.00009
-0.00006
-0.00003
-0.00003
-0.00006
-0.00006
-0.00009
-0.00009
-0.00009
-0.00009
-0.00009
-0.00009
-0.00009
-0.00006
-0.00006
-0.00006
-0.00006
-0.00006
-0.00006
-0.00009
-0.00009
-0.00006
-0.00006
-0.00009
-0.00006
-0.00006
-0.00009
-0.00009
-0.00012
-0.00009
-0.00009
-0.00009
-0.00009
-0.00009
-0.00006
-0.00009
-0.00006
-0.00006
-0.00009
-0.00012
-0.00012
-0.00009
-0.00012
-0.00015
-0.00009
-0.00012
-0.00015
-0.00015
-0.00009
-0.00009
-0.00009
-0.00009
-0.00006
-0.00006
-0.00012
-0.00012
-0.00012
-0.00015
-0.00018
-0.00012
-0.00009
-0.00012
-0.00015
-0.00012
-0.00012
-0.00009
-0.00012
-0.00012
-0.00012
-0.00015
-0.00012
-0.00012
0.00000
-0.00018
-0.00015
-0.00049
0.00009
-0.00079
0.00073
-0.00076
0.00043
-0.03064
-0.07410
-0.05017
-0.00174
0.03427
0.03897
0.03638
0.02881
0.02673
0.01321
-0.01422
-0.02115
-0.01453
-0.00888
0.00101
0.00769
0.00113
-0.00214
0.00082
0.00259
0.00732
0.00839
-0.00162
-0.00256
0.00302
0.00262
0.00189
0.00439
0.00293
-0.00015
-0.00085
-0.00296
-0.00449
-0.00208
-0.00058
-0.00015
0.00211
0.00388
0.00427
0.00424
0.00464
0.00278
-0.00024
-0.00189
-0.00180
-0.00192
-0.00076
-0.00037
-0.00082
-0.00076
0.00125
0.00284
0.00308
0.00424
0.00403
0.00259
0.00101
-0.00009
-0.00104
-0.00174
-0.00137
-0.00092
-0.00043
0.00015
-0.00049
-0.00110
-0.00070
0.00003
0.00058
0.00085
0.00156
0.00131
0.00070
0.00018
-0.00040
-0.00113
-0.00171
-0.00168
-0.00116
-0.00058
-0.00040
-0.00098
-0.00131
-0.00137
-0.00128
-0.00076
-0.00034
-0.00024
-0.00018
0.00015
0.00055
0.00055
0.00052
0.00024
0.00000
-0.00003
-0.00067
-0.00153
-0.00229
-0.00235
-0.00195
-0.00162
-0.00104
-0.00027
0.00034
0.00076
0.00073
0.00024
-0.00073
-0.00125
-0.00156
-0.00174
-0.00146
-0.00134
-0.00101
-0.00055
-0.00037
-0.00052
-0.00070
-0.00095
-0.00134
-0.00119
-0.00082
-0.00073
-0.00043
-0.00009
-0.00018
-0.00055
-0.00095
-0.00146
-0.00146
-0.00101
-0.00089
-0.00107
-0.00125
-0.00134
-0.00128
-0.00089
-0.00046
-0.00015
-0.00003
-0.00012
-0.00018
-0.00012
-0.00006
-0.00012
0.00000
0.00000
0.00000
0.00000
0.00000
0.00000
0.00000
0.00000
0.00000
0.00000
0.00000
0.00000
0.00000
0.00000
0.00000
0.00000
0.00000
0.00000
0.00000
0.00000
0.00000
0.00000
0.00000
0.00000
0.00000
0.00000
0.00000
0.00000
0.00000
0.00000
0.00000
0.00000
0.00000
0.00000
0.00000
0.00000
0.00000
0.00000
0.00000
0.00000
0.00000
0.00000
0.00000
0.00000
0.00000
0.00000
0.00000
0.00000
0.00000
0.00000
0.00000
0.00000
0.00000
0.00000
0.00000
0.00000
0.00000
0.00000
0.00000
0.00000
0.00000
0.00000
0.00000
0.00000
0.00000
0.00000
0.00000
0.00000
0.00000
0.00000
0.00000
0.00000
0.00000
0.00000
0.00000
0.00000
0.00000
0.00000
0.00000
0.00000
0.00000
0.00000
0.00000
0.00000
0.00000
0.00000
0.00000
0.00000
0.00000
0.00000
0.00000
0.00000
0.00000
0.00000
0.00000
0.00000
0.00000
0.00000
0.00000
0.00000
0.00000
0.00000
0.00000
0.00000
0.00000
0.00000
0.00000
0.00000
0.00000
0.00000
0.00000
0.00000
0.00000
0.00000
0.00000
0.00000
0.00000
0.00000
0.00000
0.00000
0.00000
0.00000
0.00000
0.00000
0.00000
0.00000
0.00000
0.00000
0.00000
0.00000
0.00000
0.00000
0.00000
0.00000
0.00000
0.00000
0.00000
0.00000
0.00000
0.00000
0.00000
0.00000
0.00000
0.00000
0.00000
0.00000
0.00000
0.00000
0.00000
0.00000
0.00000
0.00000
0.00000
0.00000
0.00000
0.00000
0.00000
0.00000
0.00000
0.00000
0.00000
0.00000
0.00000
0.00000
0.00000
0.00000
0.00000
0.00000
0.00000
0.00000
0.00000
0.00000
0.00000
0.00000
