-0.00024
-0.00021
-0.00024
-0.00024
-0.00012
-0.00006
-0.00006
-0.00003
-0.00003
-0.00009
-0.00018
-0.00021
-0.00021
-0.00027
-0.00024
-0.00018
-0.00018
-0.00018
-0.00018
-0.00012
-0.00012
-0.00009
-0.00009
-0.00012
-0.00012
-0.00012
-0.00015
-0.00021
-0.00021
-0.00021
-0.00021
-0.00018
-0.00015
-0.00009
-0.00027
0.00000
-0.00009
-0.00012
-0.00015
-0.00018
-0.00015
-0.00021
-0.00015
-0.00012
-0.00012
-0.00015
-0.00012
-0.00018
-0.00018
-0.00018
-0.00015
-0.00015
-0.00015
-0.00009
-0.00009
-0.00012
-0.00015
-0.00015
-0.00018
-0.00018
-0.00018
-0.00015
-0.00021
-0.00015
-0.00006
-0.00015
-0.00012
-0.00015
-0.00015
-0.00018
-0.00021
-0.00018
-0.00015
-0.00015
-0.00015
-0.00015
-0.00015
-0.00012
-0.00012
-0.00018
-0.00018
-0.00018
-0.00021
-0.00021
-0.00018
-0.00021
-0.00021
-0.00018
-0.00015
-0.00015
-0.00012
-0.00009
-0.00012
-0.00012
-0.00018
-0.00018
-0.00018
-0.00027
-0.00027
-0.00021
-0.00018
-0.00018
-0.00012
-0.00006
-0.00009
-0.00012
-0.00012
-0.00012
-0.00018
-0.00027
-0.00024
-0.00024
-0.00021
-0.00021
-0.00018
-0.00012
-0.00012
-0.00018
-0.00015
-0.00012
-0.00018
-0.00024
-0.00018
-0.00012
-0.00018
-0.00018
-0.00015
-0.00015
-0.00018
-0.00018
-0.00018
-0.00018
-0.00015
-0.00012
-0.00012
-0.00009
-0.00009
-0.00015
-0.00012
-0.00018
-0.00021
-0.00021
-0.00018
-0.00018
-0.00021
-0.00021
-0.00021
-0.00021
-0.00021
-0.00018
-0.00015
-0.00012
-0.00015
-0.00015
-0.00012
-0.00012
-0.00015
-0.00015
-0.00018
-0.00015
-0.00018
-0.00015
-0.00015
-0.00018
-0.00015
-0.00012
-0.00012
-0.00009
-0.00012
-0.00018
-0.00015
-0.00018
-0.00021
-0.00018
-0.00015
-0.00015
-0.00015
-0.00015
-0.00012
-0.00009
-0.00012
-0.00021
0.00000
-0.00043
0.00024
-0.00089
0.00082
-0.00162
-0.00275
-0.05887
-0.07962
-0.01886
-0.00613
0.02753
0.05716
0.05554
0.02982
0.01059
0.00156
0.00891
0.01193
-0.02649
-0.04434
-0.01718
0.00220
0.00690
0.01880
0.00894
-0.00232
0.00305
0.00235
0.00113
0.01031
0.00565
-0.00449
-0.00040
0.00165
-0.00482
-0.00128
0.00031
-0.00195
-0.00137
0.00082
0.00027
0.00098
0.00394
0.00211
0.00128
0.00314
0.00385
0.00137
0.00299
0.00479
0.00040
-0.00354
-0.00137
-0.00287
-0.00430
-0.00082
0.00055
-0.00061
0.00198
0.00467
0.00317
0.00220
0.00162
0.00000
0.00082
0.00137
-0.00046
-0.00189
-0.00140
-0.00134
-0.00146
0.00058
0.00076
-0.00064
-0.00076
0.00024
0.00122
0.00143
0.00131
0.00012
-0.00064
-0.00095
-0.00171
-0.00150
-0.00104
-0.00125
-0.00217
-0.00220
-0.00110
-0.00116
-0.00049
0.00079
0.00095
0.00095
0.00076
0.00067
0.00079
0.00064
0.00015
-0.00067
-0.00082
-0.00058
-0.00119
-0.00156
-0.00168
-0.00177
-0.00189
-0.00180
-0.00150
0.00000
-0.00073
-0.00061
0.00092
0.00125
0.00168
0.00089
-0.00018
-0.00076
-0.00119
-0.00247
-0.00250
-0.00162
-0.00171
-0.00131
-0.00073
-0.00116
-0.00095
-0.00006
0.00003
-0.00037
-0.00012
-0.00092
-0.00110
-0.00079
-0.00107
-0.00119
-0.00021
0.00000
-0.00043
-0.00107
-0.00131
-0.00116
-0.00110
-0.00092
-0.00018
0.00009
-0.00052
-0.00067
0.00009
0.00085
0.00092
0.00027
-0.00018
-0.00031
-0.00061
-0.00070
-0.00058
-0.00092
-0.00156
-0.00153
-0.00113
-0.00089
-0.00107
-0.00128
-0.00082
0.00012
0.00122
0.00159
0.00140
0.00119
0.00037
-0.00037
-0.00073
-0.00098
-0.00095
-0.00070
-0.00027
0.00000
0.00009
0.00024
0.00034
0.00012
-0.00003
0.00000
0.00000
0.00000
0.00000
0.00000
0.00000
0.00000
0.00000
0.00000
0.00000
0.00000
0.00000
0.00000
0.00000
0.00000
0.00000
0.00000
0.00000
0.00000
0.00000
0.00000
0.00000
0.00000
0.00000
0.00000
0.00000
0.00000
0.00000
0.00000
0.00000
0.00000
0.00000
0.00000
0.00000
0.00000
0.00000
0.00000
0.00000
0.00000
0.00000
0.00000
0.00000
0.00000
0.00000
0.00000
0.00000
0.00000
0.00000
0.00000
0.00000
0.00000
0.00000
0.00000
0.00000
0.00000
0.00000
0.00000
0.00000
0.00000
0.00000
0.00000
0.00000
0.00000
0.00000
0.00000
0.00000
0.00000
0.00000
0.00000
0.00000
0.00000
0.00000
0.00000
0.00000
0.00000
0.00000
0.00000
0.00000
0.00000
0.00000
0.00000
0.00000
0.00000
0.00000
0.00000
0.00000
0.00000
0.00000
0.00000
0.00000
0.00000
0.00000
0.00000
0.00000
0.00000
0.00000
0.00000
0.00000
0.00000
0.00000
0.00000
0.00000
0.00000
0.00000
0.00000
0.00000
0.00000
0.00000
0.00000
0.00000
0.00000
0.00000
0.00000
0.00000
0.00000
0.00000
0.00000
0.00000
0.00000
0.00000
0.00000
0.00000
0.00000
0.00000
0.00000
0.00000
0.00000
0.00000
0.00000
0.00000
0.00000
0.00000
0.00000
0.00000
0.00000
0.00000
0.00000
0.00000
0.00000
0.00000
0.00000
0.00000
0.00000
0.00000
0.00000
0.00000
