-0.00021
-0.00018
-0.00018
-0.00021
-0.00021
-0.00021
-0.00024
-0.00024
-0.00021
-0.00024
-0.00021
-0.00021
-0.00021
-0.00021
-0.00021
-0.00021
-0.00018
-0.00021
-0.00024
-0.00021
-0.00021
-0.00024
-0.00024
-0.00021
-0.00021
-0.00021
-0.00021
-0.00018
-0.00018
-0.00024
-0.00024
-0.00024
-0.00024
-0.00024
-0.00040
-0.00009
-0.00021
-0.00024
-0.00018
-0.00024
-0.00024
-0.00031
-0.00027
-0.00024
-0.00024
-0.00024
-0.00024
-0.00024
-0.00024
-0.00024
-0.00024
-0.00021
-0.00024
-0.00024
-0.00027
-0.00024
-0.00024
-0.00027
-0.00024
-0.00024
-0.00024
-0.00021
-0.00034
-0.00027
-0.00024
-0.00031
-0.00027
-0.00024
-0.00027
-0.00027
-0.00027
-0.00027
-0.00024
-0.00027
-0.00024
-0.00024
-0.00027
-0.00027
-0.00024
-0.00024
-0.00027
-0.00024
-0.00027
-0.00027
-0.00024
-0.00027
-0.00031
-0.00027
-0.00024
-0.00024
-0.00024
-0.00021
-0.00024
-0.00027
-0.00024
-0.00027
-0.00024
-0.00027
-0.00031
-0.00027
-0.00027
-0.00027
-0.00024
-0.00021
-0.00024
-0.00027
-0.00027
-0.00021
-0.00024
-0.00027
-0.00024
-0.00027
-0.00027
-0.00027
-0.00027
-0.00027
-0.00027
-0.00027
-0.00024
-0.00024
-0.00027
-0.00027
-0.00027
-0.00027
-0.00027
-0.00024
-0.00024
-0.00021
-0.00024
-0.00024
-0.00027
-0.00027
-0.00027
-0.00024
-0.00024
-0.00024
-0.00021
-0.00021
-0.00027
-0.00027
-0.00027
-0.00027
-0.00031
-0.00027
-0.00021
-0.00024
-0.00024
-0.00021
-0.00021
-0.00024
-0.00031
-0.00024
-0.00024
-0.00027
-0.00024
-0.00021
-0.00021
-0.00024
-0.00024
-0.00024
-0.00021
-0.00024
-0.00024
-0.00024
-0.00024
-0.00024
-0.00024
-0.00021
-0.00018
-0.00027
-0.00024
-0.00024
-0.00027
-0.00024
-0.00024
-0.00024
-0.00021
-0.00024
-0.00021
-0.00021
-0.00018
-0.00034
-0.00003
-0.00058
0.00018
-0.00113
0.00076
-0.00186
-0.00092
-0.05014
-0.08249
-0.02527
-0.00723
0.02252
0.05469
0.05676
0.03259
0.01202
0.00241
0.00708
0.01331
-0.02170
-0.04459
-0.02151
0.00095
0.00598
0.01807
0.01114
-0.00159
0.00208
0.00290
0.00037
0.00903
0.00641
-0.00391
-0.00137
0.00195
-0.00400
-0.00189
0.00034
-0.00168
-0.00153
0.00040
0.00037
0.00037
0.00354
0.00287
0.00137
0.00223
0.00333
0.00134
0.00214
0.00504
0.00229
-0.00317
-0.00201
-0.00201
-0.00430
-0.00180
0.00055
-0.00058
0.00079
0.00439
0.00378
0.00226
0.00189
0.00031
0.00024
0.00128
0.00000
-0.00198
-0.00180
-0.00107
-0.00143
0.00021
0.00095
-0.00040
-0.00098
0.00006
0.00110
0.00128
0.00131
0.00027
-0.00067
-0.00089
-0.00146
-0.00137
-0.00107
-0.00125
-0.00208
-0.00247
-0.00128
-0.00113
-0.00070
0.00061
0.00095
0.00098
0.00085
0.00079
0.00085
0.00067
0.00015
-0.00058
-0.00082
-0.00058
-0.00113
-0.00162
-0.00171
-0.00168
-0.00180
-0.00171
-0.00165
-0.00009
-0.00058
-0.00061
0.00064
0.00128
0.00177
0.00095
0.00009
-0.00067
-0.00104
-0.00223
-0.00262
-0.00171
-0.00162
-0.00137
-0.00085
-0.00110
-0.00095
0.00000
0.00024
-0.00034
-0.00015
-0.00079
-0.00107
-0.00092
-0.00073
-0.00116
-0.00049
-0.00003
-0.00021
-0.00073
-0.00128
-0.00113
-0.00089
-0.00067
-0.00034
0.00000
-0.00024
-0.00046
-0.00003
0.00061
0.00104
0.00070
-0.00003
-0.00043
-0.00055
-0.00067
-0.00064
-0.00085
-0.00131
-0.00143
-0.00119
-0.00092
-0.00104
-0.00119
-0.00076
0.00009
0.00125
0.00159
0.00146
0.00134
0.00061
-0.00027
-0.00073
-0.00098
-0.00089
-0.00070
-0.00027
0.00000
0.00015
0.00031
0.00018
0.00003
0.00000
0.00000
0.00000
0.00000
0.00000
0.00000
0.00000
0.00000
0.00000
0.00000
0.00000
0.00000
0.00000
0.00000
0.00000
0.00000
0.00000
0.00000
0.00000
0.00000
0.00000
0.00000
0.00000
0.00000
0.00000
0.00000
0.00000
0.00000
0.00000
0.00000
0.00000
0.00000
0.00000
0.00000
0.00000
0.00000
0.00000
0.00000
0.00000
0.00000
0.00000
0.00000
0.00000
0.00000
0.00000
0.00000
0.00000
0.00000
0.00000
0.00000
0.00000
0.00000
0.00000
0.00000
0.00000
0.00000
0.00000
0.00000
0.00000
0.00000
0.00000
0.00000
0.00000
0.00000
0.00000
0.00000
0.00000
0.00000
0.00000
0.00000
0.00000
0.00000
0.00000
0.00000
0.00000
0.00000
0.00000
0.00000
0.00000
0.00000
0.00000
0.00000
0.00000
0.00000
0.00000
0.00000
0.00000
0.00000
0.00000
0.00000
0.00000
0.00000
0.00000
0.00000
0.00000
0.00000
0.00000
0.00000
0.00000
0.00000
0.00000
0.00000
0.00000
0.00000
0.00000
0.00000
0.00000
0.00000
0.00000
0.00000
0.00000
0.00000
0.00000
0.00000
0.00000
0.00000
0.00000
0.00000
0.00000
0.00000
0.00000
0.00000
0.00000
0.00000
0.00000
0.00000
0.00000
0.00000
0.00000
0.00000
0.00000
0.00000
0.00000
0.00000
0.00000
0.00000
0.00000
0.00000
0.00000
0.00000
0.00000
0.00000
0.00000
0.00000
0.00000
0.00000
0.00000
