-0.00009
-0.00009
-0.00009
-0.00012
-0.00012
-0.00006
-0.00009
-0.00012
-0.00009
-0.00009
-0.00009
-0.00012
-0.00012
-0.00012
-0.00015
-0.00015
-0.00012
-0.00012
-0.00012
-0.00012
-0.00009
-0.00009
-0.00015
-0.00012
-0.00012
-0.00012
-0.00012
-0.00012
-0.00012
-0.00015
-0.00015
-0.00012
-0.00012
-0.00012
-0.00034
-0.00006
-0.00015
-0.00015
-0.00012
-0.00012
-0.00009
-0.00015
-0.00015
-0.00015
-0.00015
-0.00015
-0.00015
-0.00012
-0.00012
-0.00015
-0.00015
-0.00012
-0.00015
-0.00015
-0.00015
-0.00018
-0.00015
-0.00012
-0.00012
-0.00009
-0.00012
-0.00012
-0.00018
-0.00021
-0.00012
-0.00015
-0.00015
-0.00015
-0.00012
-0.00015
-0.00015
-0.00015
-0.00015
-0.00015
-0.00015
-0.00018
-0.00018
-0.00015
-0.00015
-0.00015
-0.00015
-0.00015
-0.00015
-0.00015
-0.00015
-0.00015
-0.00021
-0.00021
-0.00018
-0.00015
-0.00015
-0.00015
-0.00015
-0.00018
-0.00015
-0.00018
-0.00018
-0.00018
-0.00021
-0.00018
-0.00018
-0.00018
-0.00018
-0.00018
-0.00018
-0.00021
-0.00021
-0.00018
-0.00018
-0.00018
-0.00018
-0.00018
-0.00015
-0.00021
-0.00021
-0.00018
-0.00024
-0.00024
-0.00021
-0.00021
-0.00021
-0.00024
-0.00021
-0.00021
-0.00021
-0.00021
-0.00024
-0.00021
-0.00021
-0.00024
-0.00024
-0.00024
-0.00024
-0.00024
-0.00021
-0.00021
-0.00021
-0.00021
-0.00021
-0.00024
-0.00024
-0.00024
-0.00024
-0.00024
-0.00024
-0.00021
-0.00021
-0.00021
-0.00021
-0.00018
-0.00021
-0.00024
-0.00024
-0.00024
-0.00027
-0.00021
-0.00021
-0.00021
-0.00021
-0.00024
-0.00024
-0.00024
-0.00021
-0.00021
-0.00024
-0.00024
-0.00027
-0.00024
-0.00021
-0.00021
-0.00024
-0.00027
-0.00027
-0.00024
-0.00021
-0.00024
-0.00021
-0.00027
-0.00018
-0.00027
-0.00015
-0.00043
-0.00003
-0.00052
0.00012
-0.00089
0.00034
-0.00125
0.00061
-0.02451
-0.07907
-0.04614
-0.01321
0.00940
0.04382
0.05740
0.04166
0.01697
0.00644
0.00308
0.01407
-0.00739
-0.03937
-0.03287
-0.00571
0.00388
0.01535
0.01639
0.00241
-0.00015
0.00342
0.00000
0.00519
0.00739
-0.00104
-0.00272
0.00156
-0.00128
-0.00275
-0.00003
-0.00073
-0.00153
-0.00095
0.00037
-0.00018
0.00156
0.00394
0.00403
0.00131
0.00101
0.00031
0.00095
0.00262
0.00491
0.00122
-0.00186
-0.00125
-0.00211
-0.00317
-0.00137
-0.00064
-0.00073
0.00165
0.00421
0.00345
0.00198
0.00131
0.00055
0.00073
0.00049
-0.00116
-0.00262
-0.00159
-0.00095
-0.00024
0.00061
0.00037
-0.00073
-0.00055
0.00040
0.00089
0.00128
0.00055
-0.00052
-0.00067
-0.00119
-0.00107
-0.00101
-0.00174
-0.00189
-0.00214
-0.00183
-0.00140
-0.00107
0.00000
0.00055
0.00085
0.00107
0.00092
0.00082
0.00061
0.00021
-0.00024
-0.00073
-0.00076
-0.00113
-0.00180
-0.00201
-0.00177
-0.00146
-0.00165
-0.00211
-0.00095
-0.00018
-0.00082
-0.00015
0.00128
0.00131
0.00119
0.00049
-0.00079
-0.00082
-0.00192
-0.00320
-0.00198
-0.00125
-0.00180
-0.00131
-0.00092
-0.00101
-0.00021
0.00027
-0.00040
-0.00058
-0.00058
-0.00131
-0.00125
-0.00095
-0.00082
-0.00055
-0.00064
-0.00052
-0.00092
-0.00107
-0.00131
-0.00070
-0.00024
-0.00073
-0.00058
-0.00052
-0.00055
-0.00043
0.00018
0.00070
0.00079
0.00037
-0.00015
-0.00073
-0.00104
-0.00092
-0.00104
-0.00137
-0.00153
-0.00153
-0.00101
-0.00098
-0.00098
-0.00070
-0.00015
0.00067
0.00095
0.00122
0.00134
0.00070
-0.00006
-0.00058
-0.00079
-0.00067
-0.00073
-0.00061
-0.00043
-0.00021
-0.00027
-0.00052
-0.00031
0.00009
0.00015
0.00027
0.00003
0.00006
0.00015
-0.00006
-0.00006
0.00000
0.00085
0.00052
0.00000
0.00000
0.00000
0.00000
0.00000
0.00000
0.00000
0.00000
0.00000
0.00000
0.00000
0.00000
0.00000
0.00000
0.00000
0.00000
0.00000
0.00000
0.00000
0.00000
0.00000
0.00000
0.00000
0.00000
0.00000
0.00000
0.00000
0.00000
0.00000
0.00000
0.00000
0.00000
0.00000
0.00000
0.00000
0.00000
0.00000
0.00000
0.00000
0.00000
0.00000
0.00000
0.00000
0.00000
0.00000
0.00000
0.00000
0.00000
0.00000
0.00000
0.00000
0.00000
0.00000
0.00000
0.00000
0.00000
0.00000
0.00000
0.00000
0.00000
0.00000
0.00000
0.00000
0.00000
0.00000
0.00000
0.00000
0.00000
0.00000
0.00000
0.00000
0.00000
0.00000
0.00000
0.00000
0.00000
0.00000
0.00000
0.00000
0.00000
0.00000
0.00000
0.00000
0.00000
0.00000
0.00000
0.00000
0.00000
0.00000
0.00000
0.00000
0.00000
0.00000
0.00000
0.00000
0.00000
0.00000
0.00000
0.00000
0.00000
0.00000
0.00000
0.00000
0.00000
0.00000
0.00000
0.00000
0.00000
0.00000
0.00000
0.00000
0.00000
0.00000
0.00000
0.00000
0.00000
0.00000
0.00000
0.00000
0.00000
0.00000
0.00000
0.00000
0.00000
0.00000
0.00000
0.00000
0.00000
0.00000
0.00000
0.00000
0.00000
0.00000
0.00000
0.00000
0.00000
