-0.00006
-0.00003
-0.00006
-0.00006
-0.00006
-0.00009
-0.00009
-0.00009
-0.00009
-0.00006
-0.00003
-0.00006
-0.00006
-0.00006
-0.00006
-0.00006
-0.00006
-0.00009
-0.00006
-0.00009
-0.00006
-0.00003
-0.00006
-0.00003
-0.00003
-0.00003
-0.00003
-0.00003
-0.00006
-0.00006
-0.00003
-0.00006
-0.00006
-0.00003
-0.00024
0.00000
-0.00006
-0.00006
-0.00003
-0.00003
0.00000
-0.00006
-0.00003
-0.00006
-0.00006
-0.00009
-0.00009
-0.00006
-0.00006
-0.00006
0.00000
0.00000
-0.00006
-0.00006
-0.00003
-0.00003
-0.00006
-0.00006
-0.00003
-0.00006
-0.00003
-0.00003
-0.00009
0.00000
-0.00003
-0.00006
0.00000
-0.00006
-0.00003
-0.00003
-0.00006
-0.00003
0.00000
0.00000
-0.00003
-0.00003
-0.00003
0.00000
-0.00003
-0.00003
-0.00003
-0.00006
-0.00006
-0.00003
-0.00003
-0.00006
-0.00009
-0.00009
-0.00006
-0.00003
0.00000
0.00000
0.00000
0.00000
-0.00003
0.00000
0.00000
-0.00006
-0.00006
-0.00003
-0.00003
-0.00006
-0.00006
0.00000
-0.00003
-0.00006
-0.00003
0.00000
-0.00003
-0.00003
0.00000
-0.00003
-0.00003
-0.00006
-0.00006
-0.00003
-0.00003
-0.00006
-0.00003
0.00000
-0.00003
-0.00003
0.00000
0.00000
-0.00003
-0.00006
0.00000
-0.00003
-0.00006
-0.00006
0.00000
-0.00003
0.00000
0.00000
0.00000
0.00000
0.00000
-0.00003
-0.00003
-0.00003
-0.00006
-0.00009
-0.00006
-0.00003
-0.00003
-0.00003
0.00000
-0.00003
-0.00006
-0.00006
-0.00003
-0.00003
-0.00006
-0.00006
-0.00006
0.00000
0.00000
-0.00003
0.00000
0.00000
-0.00003
-0.00006
-0.00003
-0.00006
-0.00006
-0.00009
-0.00009
-0.00003
-0.00006
-0.00006
-0.00003
-0.00003
-0.00003
-0.00003
-0.00006
-0.00003
-0.00006
-0.00006
-0.00003
0.00003
-0.00012
0.00000
-0.00009
-0.00012
-0.00006
-0.00049
0.00037
-0.00085
-0.01236
-0.07971
-0.06296
-0.00528
-0.00537
0.04150
0.05872
0.04999
0.02475
0.00635
0.00061
0.01324
0.00568
-0.03745
-0.03906
-0.00583
0.00287
0.00967
0.01898
0.00198
-0.00342
0.00500
-0.00043
0.00415
0.01331
0.00241
-0.00470
0.00308
-0.00058
-0.00705
0.00064
-0.00104
-0.00320
-0.00018
0.00101
0.00055
0.00253
0.00311
0.00156
0.00406
0.00543
0.00293
0.00375
0.00284
-0.00174
-0.00266
-0.00220
-0.00311
-0.00256
-0.00098
-0.00095
0.00089
0.00238
0.00262
0.00345
0.00314
0.00061
0.00000
0.00110
0.00131
-0.00018
-0.00009
-0.00113
-0.00201
-0.00162
-0.00061
0.00085
0.00018
-0.00067
-0.00073
0.00034
0.00183
0.00125
0.00085
0.00031
-0.00064
-0.00192
-0.00238
-0.00137
-0.00159
-0.00183
-0.00159
-0.00159
-0.00128
-0.00085
0.00015
0.00098
0.00082
0.00052
0.00018
0.00018
0.00037
0.00006
-0.00003
-0.00082
-0.00073
-0.00058
-0.00104
-0.00107
-0.00171
-0.00204
-0.00217
-0.00226
-0.00073
-0.00061
-0.00113
0.00000
0.00122
0.00171
0.00122
0.00015
-0.00104
-0.00073
-0.00180
-0.00272
-0.00189
-0.00174
-0.00195
-0.00107
-0.00079
-0.00122
-0.00085
-0.00073
-0.00082
-0.00006
-0.00024
-0.00143
-0.00137
0.00000
-0.00073
-0.00052
-0.00027
-0.00073
-0.00092
-0.00201
-0.00229
-0.00156
-0.00064
-0.00040
-0.00027
0.00021
0.00000
-0.00009
0.00027
0.00024
0.00003
-0.00015
-0.00070
-0.00101
-0.00079
-0.00049
-0.00070
-0.00125
-0.00156
-0.00110
-0.00064
-0.00101
-0.00137
-0.00153
-0.00122
-0.00040
0.00046
0.00125
0.00116
0.00064
0.00021
-0.00021
-0.00064
-0.00101
-0.00110
-0.00092
-0.00055
-0.00037
-0.00015
0.00015
0.00046
0.00052
0.00006
-0.00046
-0.00073
-0.00046
0.00000
0.00003
0.00009
0.00003
0.00000
0.00000
0.00000
0.00000
0.00000
0.00000
0.00000
0.00000
0.00000
0.00000
0.00000
0.00000
0.00000
0.00000
0.00000
0.00000
0.00000
0.00000
0.00000
0.00000
0.00000
0.00000
0.00000
0.00000
0.00000
0.00000
0.00000
0.00000
0.00000
0.00000
0.00000
0.00000
0.00000
0.00000
0.00000
0.00000
0.00000
0.00000
0.00000
0.00000
0.00000
0.00000
0.00000
0.00000
0.00000
0.00000
0.00000
0.00000
0.00000
0.00000
0.00000
0.00000
0.00000
0.00000
0.00000
0.00000
0.00000
0.00000
0.00000
0.00000
0.00000
0.00000
0.00000
0.00000
0.00000
0.00000
0.00000
0.00000
0.00000
0.00000
0.00000
0.00000
0.00000
0.00000
0.00000
0.00000
0.00000
0.00000
0.00000
0.00000
0.00000
0.00000
0.00000
0.00000
0.00000
0.00000
0.00000
0.00000
0.00000
0.00000
0.00000
0.00000
0.00000
0.00000
0.00000
0.00000
0.00000
0.00000
0.00000
0.00000
0.00000
0.00000
0.00000
0.00000
0.00000
0.00000
0.00000
0.00000
0.00000
0.00000
0.00000
0.00000
0.00000
0.00000
0.00000
0.00000
0.00000
0.00000
0.00000
0.00000
0.00000
0.00000
0.00000
0.00000
0.00000
0.00000
0.00000
0.00000
0.00000
0.00000
0.00000
0.00000
0.00000
0.00000
0.00000
0.00000
0.00000
0.00000
0.00000
