-0.00015
-0.00012
-0.00015
-0.00018
-0.00018
-0.00018
-0.00021
-0.00018
-0.00015
-0.00018
-0.00018
-0.00015
-0.00018
-0.00021
-0.00018
-0.00021
-0.00021
-0.00018
-0.00018
-0.00018
-0.00021
-0.00018
-0.00021
-0.00027
-0.00021
-0.00021
-0.00021
-0.00018
-0.00015
-0.00015
-0.00015
-0.00021
-0.00021
-0.00018
-0.00040
-0.00012
-0.00021
-0.00018
-0.00018
-0.00024
-0.00024
-0.00031
-0.00024
-0.00024
-0.00021
-0.00021
-0.00018
-0.00021
-0.00021
-0.00024
-0.00024
-0.00027
-0.00027
-0.00027
-0.00027
-0.00024
-0.00024
-0.00024
-0.00024
-0.00024
-0.00024
-0.00018
-0.00031
-0.00031
-0.00024
-0.00034
-0.00031
-0.00027
-0.00024
-0.00027
-0.00027
-0.00021
-0.00021
-0.00024
-0.00027
-0.00031
-0.00031
-0.00031
-0.00031
-0.00031
-0.00027
-0.00027
-0.00034
-0.00027
-0.00027
-0.00034
-0.00031
-0.00034
-0.00031
-0.00027
-0.00024
-0.00027
-0.00031
-0.00031
-0.00031
-0.00034
-0.00034
-0.00034
-0.00034
-0.00031
-0.00034
-0.00034
-0.00031
-0.00027
-0.00031
-0.00034
-0.00031
-0.00027
-0.00031
-0.00031
-0.00031
-0.00037
-0.00037
-0.00037
-0.00037
-0.00034
-0.00031
-0.00031
-0.00031
-0.00031
-0.00034
-0.00040
-0.00043
-0.00040
-0.00037
-0.00037
-0.00040
-0.00037
-0.00034
-0.00037
-0.00037
-0.00037
-0.00037
-0.00037
-0.00040
-0.00040
-0.00034
-0.00037
-0.00037
-0.00037
-0.00037
-0.00040
-0.00040
-0.00034
-0.00034
-0.00040
-0.00040
-0.00040
-0.00037
-0.00037
-0.00040
-0.00037
-0.00040
-0.00043
-0.00040
-0.00037
-0.00037
-0.00037
-0.00034
-0.00034
-0.00040
-0.00037
-0.00037
-0.00037
-0.00043
-0.00043
-0.00040
-0.00040
-0.00040
-0.00046
-0.00040
-0.00043
-0.00043
-0.00040
-0.00037
-0.00037
-0.00040
-0.00043
-0.00037
-0.00043
-0.00037
-0.00061
-0.00015
-0.00082
0.00000
-0.00125
0.00058
-0.00186
-0.00153
-0.04956
-0.08502
-0.01602
-0.01120
0.01617
0.05432
0.04999
0.03967
0.01074
0.00220
0.00491
0.01462
-0.01868
-0.04480
-0.01651
0.00192
0.00259
0.01758
0.00967
-0.00476
0.00137
0.00076
-0.00061
0.01260
0.00726
-0.00519
0.00104
0.00290
-0.00653
-0.00342
-0.00021
-0.00415
-0.00159
0.00085
0.00061
0.00259
0.00522
0.00150
0.00140
0.00287
0.00137
0.00031
0.00262
0.00107
-0.00122
-0.00125
0.00000
-0.00250
-0.00269
-0.00031
-0.00061
-0.00070
0.00134
0.00262
0.00208
0.00198
0.00085
-0.00021
0.00122
0.00092
-0.00095
-0.00110
-0.00211
-0.00275
-0.00150
0.00079
0.00049
-0.00052
-0.00027
-0.00009
0.00119
0.00089
0.00031
0.00021
-0.00113
-0.00165
-0.00241
-0.00211
-0.00137
-0.00189
-0.00171
-0.00171
-0.00128
-0.00137
-0.00089
0.00076
0.00052
0.00000
-0.00009
-0.00009
0.00012
-0.00006
-0.00021
-0.00052
-0.00079
-0.00040
-0.00110
-0.00119
-0.00137
-0.00214
-0.00259
-0.00159
-0.00128
-0.00198
-0.00070
0.00009
0.00052
0.00140
0.00089
-0.00037
-0.00031
-0.00104
-0.00208
-0.00211
-0.00198
-0.00208
-0.00140
-0.00095
-0.00104
-0.00092
-0.00116
-0.00174
-0.00076
-0.00037
-0.00064
-0.00101
-0.00095
-0.00070
-0.00067
-0.00064
-0.00070
-0.00064
-0.00082
-0.00143
-0.00195
-0.00156
-0.00113
-0.00085
-0.00021
-0.00003
-0.00040
-0.00024
-0.00003
0.00012
0.00024
0.00009
-0.00034
-0.00070
-0.00058
-0.00058
-0.00079
-0.00125
-0.00159
-0.00113
-0.00049
-0.00052
-0.00113
-0.00137
-0.00128
-0.00104
-0.00031
0.00037
0.00085
0.00082
0.00034
0.00021
-0.00009
-0.00049
-0.00058
-0.00076
-0.00064
-0.00055
-0.00046
-0.00018
0.00006
0.00040
0.00079
0.00085
0.00031
-0.00027
-0.00043
-0.00073
-0.00085
-0.00079
-0.00058
-0.00006
0.00000
0.00024
0.00073
0.00076
0.00064
0.00058
0.00055
0.00043
0.00003
0.00000
0.00000
0.00000
0.00000
0.00000
0.00000
0.00000
0.00000
0.00000
0.00000
0.00000
0.00000
0.00000
0.00000
0.00000
0.00000
0.00000
0.00000
0.00000
0.00000
0.00000
0.00000
0.00000
0.00000
0.00000
0.00000
0.00000
0.00000
0.00000
0.00000
0.00000
0.00000
0.00000
0.00000
0.00000
0.00000
0.00000
0.00000
0.00000
0.00000
0.00000
0.00000
0.00000
0.00000
0.00000
0.00000
0.00000
0.00000
0.00000
0.00000
0.00000
0.00000
0.00000
0.00000
0.00000
0.00000
0.00000
0.00000
0.00000
0.00000
0.00000
0.00000
0.00000
0.00000
0.00000
0.00000
0.00000
0.00000
0.00000
0.00000
0.00000
0.00000
0.00000
0.00000
0.00000
0.00000
0.00000
0.00000
0.00000
0.00000
0.00000
0.00000
0.00000
0.00000
0.00000
0.00000
0.00000
0.00000
0.00000
0.00000
0.00000
0.00000
0.00000
0.00000
0.00000
0.00000
0.00000
0.00000
0.00000
0.00000
0.00000
0.00000
0.00000
0.00000
0.00000
0.00000
0.00000
0.00000
0.00000
0.00000
0.00000
0.00000
0.00000
0.00000
0.00000
0.00000
0.00000
0.00000
0.00000
0.00000
0.00000
0.00000
0.00000
0.00000
0.00000
0.00000
0.00000
0.00000
