-0.00018
-0.00018
-0.00018
-0.00021
-0.00018
-0.00015
-0.00015
-0.00018
-0.00012
-0.00015
-0.00018
-0.00015
-0.00015
-0.00015
-0.00015
-0.00021
-0.00018
-0.00015
-0.00018
-0.00018
-0.00018
-0.00018
-0.00018
-0.00018
-0.00015
-0.00018
-0.00015
-0.00015
-0.00012
-0.00012
-0.00012
-0.00018
-0.00018
-0.00018
-0.00037
-0.00009
-0.00021
-0.00018
-0.00018
-0.00018
-0.00009
-0.00012
-0.00015
-0.00015
-0.00015
-0.00018
-0.00015
-0.00015
-0.00015
-0.00018
-0.00015
-0.00012
-0.00015
-0.00015
-0.00015
-0.00012
-0.00015
-0.00018
-0.00015
-0.00015
-0.00018
-0.00012
-0.00015
-0.00021
-0.00015
-0.00015
-0.00015
-0.00015
-0.00012
-0.00018
-0.00021
-0.00015
-0.00015
-0.00015
-0.00015
-0.00015
-0.00018
-0.00015
-0.00012
-0.00012
-0.00015
-0.00015
-0.00015
-0.00018
-0.00015
-0.00015
-0.00018
-0.00018
-0.00018
-0.00018
-0.00015
-0.00009
-0.00009
-0.00015
-0.00015
-0.00018
-0.00012
-0.00015
-0.00018
-0.00018
-0.00018
-0.00018
-0.00021
-0.00015
-0.00012
-0.00012
-0.00015
-0.00012
-0.00009
-0.00015
-0.00015
-0.00009
-0.00012
-0.00018
-0.00015
-0.00015
-0.00015
-0.00015
-0.00012
-0.00015
-0.00012
-0.00012
-0.00015
-0.00012
-0.00012
-0.00012
-0.00012
-0.00012
-0.00012
-0.00015
-0.00015
-0.00015
-0.00015
-0.00015
-0.00015
-0.00012
-0.00012
-0.00012
-0.00012
-0.00012
-0.00012
-0.00015
-0.00015
-0.00015
-0.00015
-0.00015
-0.00015
-0.00015
-0.00015
-0.00015
-0.00018
-0.00015
-0.00015
-0.00015
-0.00015
-0.00012
-0.00009
-0.00015
-0.00015
-0.00018
-0.00018
-0.00018
-0.00018
-0.00015
-0.00018
-0.00018
-0.00015
-0.00015
-0.00012
-0.00015
-0.00018
-0.00015
-0.00015
-0.00018
-0.00015
-0.00018
-0.00018
-0.00021
-0.00015
-0.00018
-0.00009
-0.00031
-0.00003
-0.00031
0.00000
-0.00043
-0.00009
-0.00031
-0.00009
-0.01343
-0.07324
-0.05725
-0.01694
0.00336
0.03842
0.05634
0.04773
0.02002
0.00854
0.00171
0.01343
-0.00055
-0.03506
-0.03741
-0.00989
0.00278
0.01324
0.01840
0.00504
-0.00092
0.00345
0.00043
0.00354
0.00790
0.00058
-0.00308
0.00113
0.00000
-0.00302
0.00000
-0.00024
-0.00125
-0.00153
0.00034
-0.00031
0.00098
0.00333
0.00531
0.00424
0.00131
-0.00079
-0.00220
0.00034
0.00171
0.00220
0.00256
0.00171
-0.00095
-0.00098
-0.00122
-0.00208
-0.00153
0.00027
0.00186
0.00247
0.00272
0.00165
0.00183
0.00162
0.00070
-0.00092
-0.00232
-0.00223
-0.00122
-0.00015
0.00070
0.00067
-0.00021
-0.00070
0.00009
0.00058
0.00092
0.00092
-0.00021
-0.00089
-0.00079
-0.00095
-0.00092
-0.00110
-0.00162
-0.00168
-0.00150
-0.00195
-0.00198
-0.00046
0.00037
0.00067
0.00110
0.00131
0.00125
0.00092
0.00079
0.00040
-0.00040
-0.00064
-0.00131
-0.00198
-0.00211
-0.00192
-0.00153
-0.00150
-0.00208
-0.00159
-0.00012
-0.00058
-0.00055
0.00110
0.00146
0.00134
0.00073
-0.00046
-0.00070
-0.00140
-0.00290
-0.00229
-0.00110
-0.00162
-0.00143
-0.00098
-0.00107
-0.00024
0.00021
-0.00043
-0.00070
-0.00043
-0.00125
-0.00128
-0.00064
-0.00082
-0.00034
0.00015
-0.00043
-0.00159
-0.00159
-0.00137
-0.00171
0.00000
0.00021
-0.00009
0.00012
-0.00034
-0.00034
-0.00006
0.00003
0.00031
0.00024
-0.00003
0.00000
0.00000
0.00000
0.00000
0.00000
0.00000
0.00000
0.00000
0.00000
0.00000
0.00000
0.00000
0.00000
0.00000
0.00000
0.00000
0.00000
0.00000
0.00000
0.00000
0.00000
0.00000
0.00000
0.00000
0.00000
0.00000
0.00000
0.00000
0.00000
0.00000
0.00000
0.00000
0.00000
0.00000
0.00000
0.00000
0.00000
0.00000
0.00000
0.00000
0.00000
0.00000
0.00000
0.00000
0.00000
0.00000
0.00000
0.00000
0.00000
0.00000
0.00000
0.00000
0.00000
0.00000
0.00000
0.00000
0.00000
0.00000
0.00000
0.00000
0.00000
0.00000
0.00000
0.00000
0.00000
0.00000
0.00000
0.00000
0.00000
0.00000
0.00000
0.00000
0.00000
0.00000
0.00000
0.00000
0.00000
0.00000
0.00000
0.00000
0.00000
0.00000
0.00000
0.00000
0.00000
0.00000
0.00000
0.00000
0.00000
0.00000
0.00000
0.00000
0.00000
0.00000
0.00000
0.00000
0.00000
0.00000
0.00000
0.00000
0.00000
0.00000
0.00000
0.00000
0.00000
0.00000
0.00000
0.00000
0.00000
0.00000
0.00000
0.00000
0.00000
0.00000
0.00000
0.00000
0.00000
0.00000
0.00000
0.00000
0.00000
0.00000
0.00000
0.00000
0.00000
0.00000
0.00000
0.00000
0.00000
0.00000
0.00000
0.00000
0.00000
0.00000
0.00000
0.00000
0.00000
0.00000
0.00000
0.00000
0.00000
0.00000
0.00000
0.00000
0.00000
0.00000
0.00000
0.00000
0.00000
0.00000
0.00000
0.00000
0.00000
0.00000
0.00000
0.00000
0.00000
0.00000
0.00000
0.00000
0.00000
0.00000
0.00000
0.00000
0.00000
0.00000
0.00000
0.00000
0.00000
0.00000
0.00000
0.00000
0.00000
0.00000
0.00000
