-0.00018
-0.00015
-0.00012
-0.00012
-0.00009
-0.00003
-0.00003
-0.00003
-0.00009
-0.00012
-0.00012
-0.00012
-0.00015
-0.00015
-0.00015
-0.00012
-0.00009
-0.00009
-0.00009
-0.00012
-0.00015
-0.00015
-0.00012
-0.00012
-0.00009
-0.00006
-0.00009
-0.00009
-0.00006
-0.00006
-0.00012
-0.00015
-0.00009
-0.00009
-0.00027
0.00000
-0.00006
-0.00009
-0.00006
-0.00009
-0.00006
-0.00012
-0.00012
-0.00012
-0.00009
-0.00015
-0.00015
-0.00012
-0.00009
-0.00009
-0.00012
-0.00012
-0.00012
-0.00012
-0.00012
-0.00012
-0.00015
-0.00015
-0.00015
-0.00015
-0.00015
-0.00012
-0.00012
-0.00009
-0.00006
-0.00006
-0.00018
-0.00018
-0.00012
-0.00018
-0.00015
-0.00015
-0.00012
-0.00012
-0.00015
-0.00012
-0.00015
-0.00015
-0.00021
-0.00021
-0.00018
-0.00015
-0.00015
-0.00018
-0.00012
-0.00012
-0.00015
-0.00015
-0.00012
-0.00018
-0.00021
-0.00021
-0.00021
-0.00018
-0.00015
-0.00015
-0.00015
-0.00012
-0.00009
-0.00012
-0.00012
-0.00015
-0.00018
-0.00021
-0.00021
-0.00021
-0.00021
-0.00021
-0.00021
-0.00024
-0.00021
-0.00018
-0.00018
-0.00021
-0.00018
-0.00018
-0.00018
-0.00021
-0.00018
-0.00018
-0.00024
-0.00024
-0.00021
-0.00021
-0.00021
-0.00018
-0.00015
-0.00015
-0.00012
-0.00015
-0.00018
-0.00018
-0.00024
-0.00024
-0.00024
-0.00027
-0.00024
-0.00024
-0.00024
-0.00021
-0.00018
-0.00021
-0.00021
-0.00021
-0.00021
-0.00018
-0.00015
-0.00015
-0.00015
-0.00018
-0.00021
-0.00021
-0.00024
-0.00027
-0.00027
-0.00021
-0.00021
-0.00024
-0.00024
-0.00021
-0.00024
-0.00031
-0.00024
-0.00021
-0.00021
-0.00024
-0.00024
-0.00021
-0.00024
-0.00021
-0.00021
-0.00018
-0.00018
-0.00024
-0.00021
-0.00018
-0.00021
-0.00027
-0.00027
-0.00027
-0.00031
-0.00031
-0.00024
-0.00024
-0.00018
-0.00027
-0.00018
-0.00046
-0.00012
-0.00076
0.00027
-0.00104
-0.00256
-0.03955
-0.05908
-0.02213
-0.01077
0.01465
0.03662
0.03949
0.02933
0.01163
0.00275
0.00546
0.00809
-0.01447
-0.02942
-0.01392
-0.00150
0.00357
0.01251
0.00769
0.00079
0.00302
0.00113
0.00140
0.00772
0.00314
-0.00302
-0.00003
0.00064
-0.00372
-0.00128
0.00000
-0.00140
0.00009
0.00082
-0.00043
0.00070
0.00180
0.00223
0.00342
0.00281
0.00180
0.00119
0.00073
-0.00006
-0.00125
-0.00204
-0.00095
-0.00009
-0.00049
-0.00067
0.00064
0.00101
0.00150
0.00363
0.00385
0.00192
0.00070
0.00015
0.00006
-0.00055
-0.00171
-0.00223
-0.00211
-0.00131
-0.00067
0.00034
0.00095
0.00064
0.00034
0.00015
0.00070
0.00095
0.00012
-0.00064
-0.00137
-0.00137
-0.00113
-0.00079
-0.00061
-0.00073
-0.00055
-0.00092
-0.00116
-0.00131
-0.00156
-0.00122
-0.00092
-0.00046
0.00006
0.00015
0.00024
0.00031
0.00018
-0.00018
-0.00046
-0.00049
-0.00101
-0.00140
-0.00177
-0.00177
-0.00098
-0.00137
-0.00131
-0.00119
-0.00055
0.00015
-0.00009
-0.00021
-0.00049
-0.00070
-0.00082
-0.00119
-0.00116
-0.00137
-0.00113
-0.00082
-0.00073
-0.00070
-0.00110
-0.00174
-0.00174
-0.00113
-0.00052
-0.00018
-0.00024
-0.00037
-0.00067
-0.00095
-0.00110
-0.00092
-0.00067
-0.00095
-0.00150
-0.00168
-0.00153
-0.00131
-0.00113
-0.00079
-0.00040
-0.00034
-0.00037
-0.00040
-0.00027
-0.00018
-0.00015
-0.00009
-0.00006
-0.00012
-0.00049
-0.00089
-0.00085
-0.00089
-0.00128
-0.00180
-0.00183
-0.00153
-0.00104
-0.00082
-0.00061
-0.00012
0.00034
0.00079
0.00116
0.00092
0.00015
-0.00049
-0.00089
-0.00092
-0.00061
-0.00046
-0.00043
-0.00055
-0.00046
-0.00012
0.00003
-0.00034
-0.00101
-0.00137
-0.00125
-0.00058
0.00006
0.00064
0.00122
0.00143
0.00137
0.00104
0.00064
0.00015
-0.00040
-0.00092
-0.00076
-0.00018
0.00003
0.00000
-0.00009
-0.00021
-0.00018
-0.00009
0.00003
0.00000
0.00000
0.00000
0.00000
0.00000
0.00000
0.00000
0.00000
0.00000
0.00000
0.00000
0.00000
0.00000
0.00000
0.00000
0.00000
0.00000
0.00000
0.00000
0.00000
0.00000
0.00000
0.00000
0.00000
0.00000
0.00000
0.00000
0.00000
0.00000
0.00000
0.00000
0.00000
0.00000
0.00000
0.00000
0.00000
0.00000
0.00000
0.00000
0.00000
0.00000
0.00000
0.00000
0.00000
0.00000
0.00000
0.00000
0.00000
0.00000
0.00000
0.00000
0.00000
0.00000
0.00000
0.00000
0.00000
0.00000
0.00000
0.00000
0.00000
0.00000
0.00000
0.00000
0.00000
0.00000
0.00000
0.00000
0.00000
0.00000
0.00000
0.00000
0.00000
0.00000
0.00000
0.00000
0.00000
0.00000
0.00000
0.00000
0.00000
0.00000
0.00000
0.00000
0.00000
0.00000
0.00000
0.00000
0.00000
0.00000
0.00000
0.00000
0.00000
0.00000
0.00000
0.00000
0.00000
0.00000
0.00000
0.00000
0.00000
0.00000
0.00000
0.00000
0.00000
0.00000
0.00000
0.00000
0.00000
0.00000
0.00000
0.00000
0.00000
0.00000
0.00000
0.00000
0.00000
0.00000
0.00000
0.00000
0.00000
