-0.00021
-0.00018
-0.00018
-0.00018
-0.00018
-0.00018
-0.00021
-0.00021
-0.00018
-0.00021
-0.00021
-0.00021
-0.00021
-0.00021
-0.00021
-0.00021
-0.00021
-0.00024
-0.00024
-0.00024
-0.00024
-0.00021
-0.00021
-0.00024
-0.00021
-0.00021
-0.00021
-0.00021
-0.00021
-0.00024
-0.00021
-0.00024
-0.00024
-0.00021
-0.00040
-0.00015
-0.00024
-0.00024
-0.00021
-0.00027
-0.00021
-0.00024
-0.00024
-0.00024
-0.00024
-0.00024
-0.00021
-0.00024
-0.00024
-0.00024
-0.00024
-0.00024
-0.00024
-0.00024
-0.00024
-0.00024
-0.00024
-0.00024
-0.00024
-0.00024
-0.00024
-0.00018
-0.00027
-0.00031
-0.00021
-0.00031
-0.00027
-0.00024
-0.00024
-0.00024
-0.00027
-0.00021
-0.00021
-0.00021
-0.00021
-0.00024
-0.00027
-0.00024
-0.00024
-0.00027
-0.00024
-0.00024
-0.00027
-0.00027
-0.00024
-0.00031
-0.00031
-0.00027
-0.00027
-0.00027
-0.00024
-0.00018
-0.00024
-0.00024
-0.00027
-0.00031
-0.00031
-0.00031
-0.00031
-0.00031
-0.00031
-0.00027
-0.00027
-0.00027
-0.00027
-0.00027
-0.00027
-0.00027
-0.00027
-0.00031
-0.00027
-0.00031
-0.00031
-0.00027
-0.00031
-0.00031
-0.00027
-0.00027
-0.00031
-0.00031
-0.00027
-0.00031
-0.00034
-0.00031
-0.00027
-0.00027
-0.00027
-0.00027
-0.00027
-0.00031
-0.00031
-0.00031
-0.00031
-0.00031
-0.00031
-0.00031
-0.00024
-0.00024
-0.00027
-0.00027
-0.00027
-0.00031
-0.00034
-0.00027
-0.00027
-0.00034
-0.00031
-0.00024
-0.00027
-0.00027
-0.00027
-0.00024
-0.00027
-0.00031
-0.00027
-0.00027
-0.00027
-0.00027
-0.00027
-0.00024
-0.00027
-0.00027
-0.00027
-0.00027
-0.00031
-0.00027
-0.00027
-0.00027
-0.00024
-0.00027
-0.00027
-0.00031
-0.00031
-0.00027
-0.00027
-0.00027
-0.00027
-0.00027
-0.00021
-0.00031
-0.00018
-0.00043
0.00000
-0.00058
0.00000
-0.00076
0.00021
-0.00098
-0.00031
-0.03076
-0.08755
-0.03131
-0.00772
0.00208
0.05032
0.04993
0.04541
0.01685
0.00366
0.00272
0.01456
-0.00671
-0.04321
-0.02457
0.00076
0.00085
0.01468
0.01416
-0.00278
-0.00037
0.00220
-0.00186
0.01022
0.01065
-0.00357
-0.00098
0.00427
-0.00421
-0.00516
0.00037
-0.00342
-0.00217
0.00082
0.00110
0.00198
0.00592
0.00320
0.00079
0.00220
0.00186
-0.00006
0.00067
0.00220
0.00073
-0.00113
0.00067
0.00040
-0.00314
-0.00101
0.00037
-0.00110
-0.00031
0.00314
0.00217
0.00165
0.00226
0.00055
0.00046
0.00192
0.00009
-0.00128
-0.00165
-0.00201
-0.00189
0.00037
0.00146
-0.00027
-0.00012
0.00027
0.00107
0.00116
0.00079
0.00064
-0.00082
-0.00119
-0.00177
-0.00211
-0.00116
-0.00134
-0.00128
-0.00150
-0.00104
-0.00089
-0.00119
0.00055
0.00092
0.00024
0.00018
0.00021
0.00049
0.00034
0.00009
0.00000
-0.00061
-0.00006
-0.00064
-0.00113
-0.00098
-0.00165
-0.00232
-0.00125
-0.00110
-0.00165
-0.00055
0.00015
0.00073
0.00140
0.00119
0.00006
0.00000
-0.00064
-0.00165
-0.00171
-0.00171
-0.00177
-0.00113
-0.00079
-0.00079
-0.00067
-0.00092
-0.00156
-0.00055
-0.00015
-0.00040
-0.00046
-0.00058
-0.00113
-0.00052
-0.00027
-0.00067
-0.00021
-0.00046
-0.00122
-0.00125
-0.00125
-0.00131
-0.00052
0.00000
-0.00009
-0.00021
-0.00003
0.00000
0.00052
0.00052
0.00012
0.00000
-0.00018
-0.00052
-0.00040
-0.00049
-0.00107
-0.00131
-0.00101
-0.00043
-0.00009
-0.00064
-0.00131
-0.00107
-0.00089
-0.00037
0.00024
0.00079
0.00110
0.00073
0.00043
0.00024
-0.00018
-0.00027
-0.00043
-0.00049
-0.00040
-0.00034
-0.00015
0.00003
0.00049
0.00092
0.00104
0.00073
0.00012
-0.00024
-0.00061
-0.00085
-0.00082
-0.00058
0.00000
0.00024
0.00043
0.00089
0.00101
0.00085
0.00079
0.00070
0.00055
0.00024
0.00003
0.00000
0.00000
0.00000
0.00000
0.00000
0.00000
0.00000
0.00000
0.00000
0.00000
0.00000
0.00000
0.00000
0.00000
0.00000
0.00000
0.00000
0.00000
0.00000
0.00000
0.00000
0.00000
0.00000
0.00000
0.00000
0.00000
0.00000
0.00000
0.00000
0.00000
0.00000
0.00000
0.00000
0.00000
0.00000
0.00000
0.00000
0.00000
0.00000
0.00000
0.00000
0.00000
0.00000
0.00000
0.00000
0.00000
0.00000
0.00000
0.00000
0.00000
0.00000
0.00000
0.00000
0.00000
0.00000
0.00000
0.00000
0.00000
0.00000
0.00000
0.00000
0.00000
0.00000
0.00000
0.00000
0.00000
0.00000
0.00000
0.00000
0.00000
0.00000
0.00000
0.00000
0.00000
0.00000
0.00000
0.00000
0.00000
0.00000
0.00000
0.00000
0.00000
0.00000
0.00000
0.00000
0.00000
0.00000
0.00000
0.00000
0.00000
0.00000
0.00000
0.00000
0.00000
0.00000
0.00000
0.00000
0.00000
0.00000
0.00000
0.00000
0.00000
0.00000
0.00000
0.00000
0.00000
0.00000
0.00000
0.00000
0.00000
0.00000
0.00000
0.00000
0.00000
0.00000
0.00000
0.00000
0.00000
0.00000
0.00000
0.00000
0.00000
0.00000
0.00000
0.00000
0.00000
0.00000
