-0.00015
-0.00015
-0.00015
-0.00015
-0.00015
-0.00015
-0.00015
-0.00015
-0.00018
-0.00018
-0.00015
-0.00015
-0.00018
-0.00012
-0.00012
-0.00015
-0.00018
-0.00018
-0.00021
-0.00024
-0.00024
-0.00021
-0.00021
-0.00018
-0.00021
-0.00018
-0.00021
-0.00021
-0.00018
-0.00015
-0.00018
-0.00018
-0.00021
-0.00021
-0.00021
-0.00034
-0.00021
-0.00021
-0.00024
-0.00021
-0.00018
-0.00021
-0.00021
-0.00018
-0.00024
-0.00024
-0.00024
-0.00021
-0.00021
-0.00024
-0.00027
-0.00024
-0.00024
-0.00021
-0.00021
-0.00021
-0.00021
-0.00021
-0.00024
-0.00024
-0.00027
-0.00027
-0.00024
-0.00021
-0.00021
-0.00024
-0.00021
-0.00021
-0.00027
-0.00027
-0.00024
-0.00027
-0.00027
-0.00024
-0.00018
-0.00021
-0.00027
-0.00027
-0.00027
-0.00027
-0.00027
-0.00024
-0.00024
-0.00027
-0.00031
-0.00031
-0.00027
-0.00031
-0.00034
-0.00034
-0.00031
-0.00031
-0.00027
-0.00024
-0.00027
-0.00031
-0.00031
-0.00031
-0.00031
-0.00031
-0.00034
-0.00034
-0.00034
-0.00034
-0.00034
-0.00031
-0.00031
-0.00034
-0.00034
-0.00031
-0.00031
-0.00034
-0.00034
-0.00034
-0.00034
-0.00037
-0.00034
-0.00034
-0.00034
-0.00034
-0.00034
-0.00034
-0.00037
-0.00037
-0.00040
-0.00043
-0.00040
-0.00037
-0.00037
-0.00034
-0.00034
-0.00034
-0.00034
-0.00034
-0.00037
-0.00040
-0.00040
-0.00040
-0.00040
-0.00037
-0.00037
-0.00037
-0.00034
-0.00037
-0.00037
-0.00040
-0.00040
-0.00040
-0.00043
-0.00040
-0.00037
-0.00040
-0.00043
-0.00040
-0.00040
-0.00040
-0.00043
-0.00040
-0.00037
-0.00040
-0.00040
-0.00037
-0.00037
-0.00040
-0.00043
-0.00043
-0.00043
-0.00043
-0.00043
-0.00043
-0.00040
-0.00043
-0.00046
-0.00043
-0.00046
-0.00046
-0.00043
-0.00043
-0.00040
-0.00043
-0.00037
-0.00046
-0.00031
-0.00058
-0.00027
-0.00067
-0.00031
-0.00092
-0.00027
-0.00089
0.00000
-0.01392
-0.06033
-0.04938
-0.02362
0.00299
0.03140
0.04721
0.04041
0.02042
0.00900
0.00305
0.01086
-0.00299
-0.02911
-0.03214
-0.01224
0.00211
0.01443
0.01535
0.00482
0.00027
0.00113
-0.00012
0.00281
0.00540
0.00110
-0.00204
0.00061
-0.00052
-0.00076
0.00012
-0.00143
-0.00226
-0.00201
-0.00034
-0.00037
0.00012
0.00198
0.00443
0.00467
0.00412
0.00214
-0.00024
-0.00140
-0.00211
-0.00375
-0.00266
-0.00095
-0.00055
0.00098
0.00436
0.00427
0.00204
0.00162
0.00101
-0.00110
-0.00143
-0.00116
-0.00037
0.00079
0.00092
-0.00018
-0.00134
-0.00131
-0.00168
-0.00067
0.00037
0.00000
-0.00027
-0.00024
0.00006
0.00073
0.00082
0.00034
-0.00040
-0.00104
-0.00165
-0.00180
-0.00134
-0.00131
-0.00125
-0.00107
-0.00134
-0.00171
-0.00177
-0.00098
-0.00018
-0.00021
-0.00021
0.00021
0.00064
0.00064
0.00037
-0.00003
-0.00070
-0.00107
-0.00131
-0.00137
-0.00177
-0.00211
-0.00232
-0.00192
-0.00128
-0.00146
-0.00079
-0.00049
-0.00018
0.00046
0.00076
0.00018
-0.00061
-0.00125
-0.00159
-0.00156
-0.00186
-0.00204
-0.00140
-0.00107
-0.00079
-0.00089
-0.00104
-0.00131
-0.00085
-0.00046
-0.00055
-0.00061
-0.00082
-0.00110
-0.00098
-0.00104
-0.00116
-0.00107
-0.00110
-0.00131
-0.00128
-0.00137
-0.00143
-0.00107
-0.00049
-0.00031
-0.00043
-0.00031
-0.00037
-0.00015
-0.00003
0.00009
-0.00018
-0.00073
-0.00079
-0.00061
-0.00021
-0.00082
-0.00186
-0.00250
-0.00226
-0.00146
-0.00079
-0.00031
0.00000
0.00006
0.00043
0.00110
0.00116
0.00052
-0.00024
-0.00070
-0.00101
-0.00085
-0.00061
-0.00049
-0.00031
-0.00037
-0.00092
-0.00125
-0.00107
-0.00061
0.00000
0.00049
0.00055
0.00034
0.00000
0.00000
0.00000
0.00000
0.00000
0.00000
0.00000
0.00000
0.00000
0.00000
0.00000
0.00000
0.00000
0.00000
0.00000
0.00000
0.00000
0.00000
0.00000
0.00000
0.00000
0.00000
0.00000
0.00000
0.00000
0.00000
0.00000
0.00000
0.00000
0.00000
0.00000
0.00000
0.00000
0.00000
0.00000
0.00000
0.00000
0.00000
0.00000
0.00000
0.00000
0.00000
0.00000
0.00000
0.00000
0.00000
0.00000
0.00000
0.00000
0.00000
0.00000
0.00000
0.00000
0.00000
0.00000
0.00000
0.00000
0.00000
0.00000
0.00000
0.00000
0.00000
0.00000
0.00000
0.00000
0.00000
0.00000
0.00000
0.00000
0.00000
0.00000
0.00000
0.00000
0.00000
0.00000
0.00000
0.00000
0.00000
0.00000
0.00000
0.00000
0.00000
0.00000
0.00000
0.00000
0.00000
0.00000
0.00000
0.00000
0.00000
0.00000
0.00000
0.00000
0.00000
0.00000
0.00000
0.00000
0.00000
0.00000
0.00000
0.00000
0.00000
0.00000
0.00000
0.00000
0.00000
0.00000
0.00000
0.00000
0.00000
0.00000
0.00000
0.00000
0.00000
0.00000
0.00000
0.00000
0.00000
0.00000
0.00000
0.00000
0.00000
0.00000
0.00000
0.00000
0.00000
0.00000
0.00000
0.00000
0.00000
0.00000
0.00000
0.00000
0.00000
0.00000
0.00000
0.00000
0.00000
0.00000
0.00000
0.00000
