-0.00031
-0.00031
-0.00034
-0.00031
-0.00031
-0.00031
-0.00031
-0.00027
-0.00031
-0.00031
-0.00031
-0.00034
-0.00034
-0.00027
-0.00027
-0.00031
-0.00031
-0.00027
-0.00027
-0.00027
-0.00027
-0.00031
-0.00027
-0.00031
-0.00031
-0.00027
-0.00027
-0.00027
-0.00024
-0.00024
-0.00027
-0.00024
-0.00027
-0.00024
-0.00024
-0.00040
-0.00031
-0.00027
-0.00031
-0.00027
-0.00024
-0.00021
-0.00024
-0.00024
-0.00027
-0.00027
-0.00027
-0.00027
-0.00027
-0.00027
-0.00027
-0.00024
-0.00021
-0.00024
-0.00024
-0.00024
-0.00024
-0.00027
-0.00027
-0.00021
-0.00024
-0.00024
-0.00021
-0.00021
-0.00027
-0.00024
-0.00024
-0.00027
-0.00027
-0.00024
-0.00021
-0.00024
-0.00024
-0.00021
-0.00021
-0.00021
-0.00021
-0.00024
-0.00024
-0.00024
-0.00021
-0.00024
-0.00024
-0.00024
-0.00027
-0.00021
-0.00018
-0.00021
-0.00021
-0.00021
-0.00021
-0.00024
-0.00021
-0.00021
-0.00024
-0.00021
-0.00027
-0.00024
-0.00018
-0.00024
-0.00024
-0.00021
-0.00021
-0.00024
-0.00021
-0.00021
-0.00024
-0.00024
-0.00021
-0.00021
-0.00021
-0.00024
-0.00021
-0.00018
-0.00021
-0.00018
-0.00018
-0.00021
-0.00021
-0.00018
-0.00018
-0.00018
-0.00021
-0.00021
-0.00021
-0.00018
-0.00021
-0.00018
-0.00018
-0.00018
-0.00018
-0.00018
-0.00015
-0.00021
-0.00018
-0.00015
-0.00018
-0.00018
-0.00015
-0.00015
-0.00018
-0.00015
-0.00015
-0.00015
-0.00015
-0.00015
-0.00015
-0.00015
-0.00018
-0.00018
-0.00015
-0.00015
-0.00015
-0.00015
-0.00015
-0.00015
-0.00015
-0.00012
-0.00012
-0.00009
-0.00012
-0.00015
-0.00015
-0.00015
-0.00015
-0.00015
-0.00015
-0.00015
-0.00015
-0.00009
-0.00012
-0.00015
-0.00015
-0.00015
-0.00015
-0.00009
-0.00009
-0.00006
-0.00012
-0.00009
-0.00012
-0.00006
-0.00009
-0.00009
0.00000
-0.00024
0.00006
-0.00070
0.00058
-0.00131
-0.00323
-0.05280
-0.06284
-0.02866
-0.00577
0.02786
0.04742
0.05029
0.02512
0.01306
0.00284
0.01056
0.00522
-0.02408
-0.03717
-0.01859
-0.00125
0.01169
0.01886
0.00897
0.00037
0.00177
0.00110
0.00192
0.00583
0.00330
-0.00150
0.00003
0.00049
-0.00146
0.00079
-0.00012
-0.00116
-0.00204
-0.00040
0.00012
0.00012
0.00217
0.00473
0.00461
0.00433
0.00357
0.00128
-0.00128
-0.00275
-0.00385
-0.00281
0.00131
0.00189
0.00333
0.00397
0.00323
0.00122
0.00110
0.00021
-0.00043
-0.00107
-0.00122
0.00037
0.00275
0.00256
0.00095
-0.00055
-0.00153
-0.00162
-0.00079
0.00031
0.00058
0.00085
-0.00034
0.00000
0.00095
0.00110
0.00076
0.00012
-0.00040
-0.00034
-0.00058
-0.00098
-0.00119
-0.00104
-0.00085
-0.00101
-0.00116
-0.00174
-0.00113
-0.00018
0.00040
0.00107
0.00107
0.00095
0.00122
0.00119
0.00085
0.00000
-0.00046
-0.00104
-0.00153
-0.00171
-0.00153
-0.00165
-0.00143
-0.00180
-0.00085
-0.00046
-0.00046
0.00018
0.00027
0.00131
0.00128
0.00040
-0.00018
-0.00076
-0.00128
-0.00174
-0.00171
-0.00134
-0.00125
-0.00092
-0.00067
-0.00049
-0.00043
-0.00021
-0.00021
0.00003
-0.00027
-0.00076
-0.00113
-0.00092
-0.00052
-0.00027
-0.00037
-0.00064
-0.00092
-0.00095
-0.00092
-0.00104
-0.00101
-0.00058
-0.00009
0.00006
-0.00021
0.00000
0.00021
0.00061
0.00104
0.00067
0.00003
-0.00070
-0.00095
-0.00079
-0.00046
-0.00146
-0.00220
-0.00195
-0.00128
-0.00034
0.00034
0.00089
0.00067
0.00064
0.00116
0.00143
0.00104
0.00021
-0.00058
-0.00067
-0.00046
-0.00031
-0.00021
-0.00009
-0.00034
-0.00098
-0.00116
-0.00079
0.00000
0.00000
0.00000
0.00000
0.00000
0.00000
0.00000
0.00000
0.00000
0.00000
0.00000
0.00000
0.00000
0.00000
0.00000
0.00000
0.00000
0.00000
0.00000
0.00000
0.00000
0.00000
0.00000
0.00000
0.00000
0.00000
0.00000
0.00000
0.00000
0.00000
0.00000
0.00000
0.00000
0.00000
0.00000
0.00000
0.00000
0.00000
0.00000
0.00000
0.00000
0.00000
0.00000
0.00000
0.00000
0.00000
0.00000
0.00000
0.00000
0.00000
0.00000
0.00000
0.00000
0.00000
0.00000
0.00000
0.00000
0.00000
0.00000
0.00000
0.00000
0.00000
0.00000
0.00000
0.00000
0.00000
0.00000
0.00000
0.00000
0.00000
0.00000
0.00000
0.00000
0.00000
0.00000
0.00000
0.00000
0.00000
0.00000
0.00000
0.00000
0.00000
0.00000
0.00000
0.00000
0.00000
0.00000
0.00000
0.00000
0.00000
0.00000
0.00000
0.00000
0.00000
0.00000
0.00000
0.00000
0.00000
0.00000
0.00000
0.00000
0.00000
0.00000
0.00000
0.00000
0.00000
0.00000
0.00000
0.00000
0.00000
0.00000
0.00000
0.00000
0.00000
0.00000
0.00000
0.00000
0.00000
0.00000
0.00000
0.00000
0.00000
0.00000
0.00000
0.00000
0.00000
0.00000
0.00000
0.00000
0.00000
0.00000
0.00000
0.00000
0.00000
0.00000
0.00000
0.00000
0.00000
0.00000
0.00000
0.00000
0.00000
0.00000
0.00000
0.00000
0.00000
0.00000
