-0.00018
-0.00021
-0.00021
-0.00018
-0.00021
-0.00018
-0.00018
-0.00018
-0.00021
-0.00018
-0.00018
-0.00021
-0.00021
-0.00021
-0.00021
-0.00021
-0.00021
-0.00021
-0.00021
-0.00021
-0.00021
-0.00018
-0.00018
-0.00018
-0.00021
-0.00021
-0.00021
-0.00024
-0.00021
-0.00021
-0.00024
-0.00021
-0.00021
-0.00018
-0.00015
-0.00031
-0.00024
-0.00021
-0.00024
-0.00021
-0.00021
-0.00021
-0.00024
-0.00024
-0.00021
-0.00021
-0.00021
-0.00018
-0.00018
-0.00021
-0.00024
-0.00024
-0.00021
-0.00024
-0.00024
-0.00021
-0.00024
-0.00021
-0.00021
-0.00021
-0.00021
-0.00027
-0.00024
-0.00021
-0.00031
-0.00024
-0.00024
-0.00024
-0.00024
-0.00024
-0.00024
-0.00027
-0.00027
-0.00024
-0.00021
-0.00024
-0.00027
-0.00024
-0.00024
-0.00024
-0.00027
-0.00031
-0.00027
-0.00027
-0.00031
-0.00024
-0.00024
-0.00027
-0.00027
-0.00027
-0.00027
-0.00031
-0.00027
-0.00027
-0.00027
-0.00031
-0.00031
-0.00027
-0.00027
-0.00031
-0.00031
-0.00034
-0.00034
-0.00034
-0.00031
-0.00027
-0.00031
-0.00034
-0.00031
-0.00027
-0.00034
-0.00034
-0.00031
-0.00034
-0.00034
-0.00031
-0.00027
-0.00027
-0.00031
-0.00031
-0.00031
-0.00037
-0.00037
-0.00037
-0.00034
-0.00034
-0.00031
-0.00031
-0.00031
-0.00031
-0.00034
-0.00031
-0.00031
-0.00034
-0.00031
-0.00031
-0.00034
-0.00034
-0.00031
-0.00031
-0.00034
-0.00031
-0.00031
-0.00031
-0.00034
-0.00034
-0.00034
-0.00037
-0.00034
-0.00034
-0.00034
-0.00034
-0.00037
-0.00034
-0.00037
-0.00037
-0.00037
-0.00034
-0.00034
-0.00034
-0.00037
-0.00034
-0.00037
-0.00037
-0.00037
-0.00034
-0.00037
-0.00037
-0.00037
-0.00034
-0.00037
-0.00037
-0.00037
-0.00040
-0.00040
-0.00034
-0.00034
-0.00034
-0.00034
-0.00031
-0.00037
-0.00031
-0.00043
-0.00037
-0.00034
-0.00046
-0.00034
-0.00085
0.00015
-0.00134
-0.00540
-0.05905
-0.06256
-0.02679
-0.00330
0.03085
0.05002
0.05048
0.02328
0.01169
0.00229
0.01126
0.00339
-0.02762
-0.03824
-0.01724
-0.00058
0.01233
0.01892
0.00793
-0.00031
0.00159
0.00076
0.00214
0.00565
0.00229
-0.00204
0.00000
-0.00003
-0.00214
0.00037
-0.00046
-0.00143
-0.00235
-0.00061
-0.00021
-0.00024
0.00208
0.00485
0.00427
0.00357
0.00284
0.00064
-0.00214
-0.00317
-0.00446
-0.00244
0.00168
0.00272
0.00339
0.00311
0.00220
0.00003
0.00003
-0.00034
-0.00049
-0.00156
-0.00137
0.00052
0.00296
0.00229
0.00064
-0.00150
-0.00201
-0.00198
-0.00113
-0.00003
0.00034
0.00058
-0.00076
-0.00027
0.00064
0.00064
0.00034
-0.00021
-0.00089
-0.00058
-0.00070
-0.00122
-0.00159
-0.00150
-0.00137
-0.00140
-0.00153
-0.00208
-0.00146
-0.00055
0.00015
0.00085
0.00098
0.00079
0.00085
0.00085
0.00052
-0.00037
-0.00070
-0.00137
-0.00201
-0.00223
-0.00189
-0.00189
-0.00165
-0.00204
-0.00140
-0.00040
-0.00089
-0.00012
0.00009
0.00095
0.00110
0.00024
-0.00040
-0.00089
-0.00153
-0.00217
-0.00211
-0.00146
-0.00159
-0.00137
-0.00107
-0.00085
-0.00058
-0.00021
-0.00046
-0.00018
-0.00043
-0.00110
-0.00137
-0.00122
-0.00076
-0.00046
-0.00043
-0.00085
-0.00113
-0.00122
-0.00125
-0.00125
-0.00116
-0.00076
-0.00040
-0.00018
-0.00040
-0.00015
0.00000
0.00049
0.00092
0.00052
-0.00027
-0.00089
-0.00116
-0.00113
-0.00076
-0.00177
-0.00238
-0.00204
-0.00150
-0.00064
0.00021
0.00073
0.00052
0.00055
0.00092
0.00110
0.00089
0.00003
0.00000
0.00000
0.00000
0.00000
0.00000
0.00000
0.00000
0.00000
0.00000
0.00000
0.00000
0.00000
0.00000
0.00000
0.00000
0.00000
0.00000
0.00000
0.00000
0.00000
0.00000
0.00000
0.00000
0.00000
0.00000
0.00000
0.00000
0.00000
0.00000
0.00000
0.00000
0.00000
0.00000
0.00000
0.00000
0.00000
0.00000
0.00000
0.00000
0.00000
0.00000
0.00000
0.00000
0.00000
0.00000
0.00000
0.00000
0.00000
0.00000
0.00000
0.00000
0.00000
0.00000
0.00000
0.00000
0.00000
0.00000
0.00000
0.00000
0.00000
0.00000
0.00000
0.00000
0.00000
0.00000
0.00000
0.00000
0.00000
0.00000
0.00000
0.00000
0.00000
0.00000
0.00000
0.00000
0.00000
0.00000
0.00000
0.00000
0.00000
0.00000
0.00000
0.00000
0.00000
0.00000
0.00000
0.00000
0.00000
0.00000
0.00000
0.00000
0.00000
0.00000
0.00000
0.00000
0.00000
0.00000
0.00000
0.00000
0.00000
0.00000
0.00000
0.00000
0.00000
0.00000
0.00000
0.00000
0.00000
0.00000
0.00000
0.00000
0.00000
0.00000
0.00000
0.00000
0.00000
0.00000
0.00000
0.00000
0.00000
0.00000
0.00000
0.00000
0.00000
0.00000
0.00000
0.00000
0.00000
0.00000
0.00000
0.00000
0.00000
0.00000
0.00000
0.00000
0.00000
0.00000
0.00000
0.00000
0.00000
0.00000
0.00000
0.00000
0.00000
0.00000
0.00000
0.00000
0.00000
0.00000
0.00000
0.00000
0.00000
0.00000
0.00000
0.00000
0.00000
0.00000
