-0.00040
-0.00037
-0.00031
-0.00034
-0.00034
-0.00034
-0.00037
-0.00037
-0.00037
-0.00043
-0.00040
-0.00037
-0.00037
-0.00040
-0.00037
-0.00031
-0.00034
-0.00034
-0.00031
-0.00037
-0.00037
-0.00037
-0.00037
-0.00037
-0.00037
-0.00040
-0.00037
-0.00037
-0.00034
-0.00034
-0.00031
-0.00031
-0.00037
-0.00037
-0.00052
-0.00024
-0.00034
-0.00034
-0.00027
-0.00034
-0.00034
-0.00037
-0.00034
-0.00037
-0.00037
-0.00031
-0.00027
-0.00027
-0.00027
-0.00024
-0.00027
-0.00027
-0.00027
-0.00034
-0.00027
-0.00031
-0.00034
-0.00027
-0.00024
-0.00027
-0.00027
-0.00027
-0.00034
-0.00040
-0.00024
-0.00027
-0.00027
-0.00018
-0.00018
-0.00021
-0.00027
-0.00027
-0.00031
-0.00027
-0.00024
-0.00021
-0.00021
-0.00018
-0.00015
-0.00018
-0.00018
-0.00021
-0.00027
-0.00024
-0.00018
-0.00021
-0.00021
-0.00021
-0.00024
-0.00024
-0.00027
-0.00021
-0.00021
-0.00015
-0.00015
-0.00021
-0.00018
-0.00015
-0.00021
-0.00024
-0.00021
-0.00018
-0.00021
-0.00018
-0.00015
-0.00018
-0.00021
-0.00021
-0.00021
-0.00021
-0.00021
-0.00018
-0.00018
-0.00012
-0.00015
-0.00018
-0.00018
-0.00018
-0.00021
-0.00021
-0.00018
-0.00021
-0.00021
-0.00015
-0.00015
-0.00015
-0.00015
-0.00015
-0.00012
-0.00009
-0.00012
-0.00012
-0.00015
-0.00015
-0.00015
-0.00015
-0.00012
-0.00015
-0.00015
-0.00018
-0.00015
-0.00015
-0.00015
-0.00015
-0.00012
-0.00009
-0.00009
-0.00006
-0.00006
-0.00009
-0.00009
-0.00009
-0.00012
-0.00015
-0.00015
-0.00015
-0.00012
-0.00012
-0.00009
-0.00003
-0.00003
-0.00003
-0.00003
-0.00006
-0.00012
-0.00012
-0.00012
-0.00015
-0.00009
-0.00012
-0.00009
-0.00006
-0.00009
-0.00006
-0.00006
-0.00009
-0.00006
-0.00006
-0.00003
-0.00009
0.00003
-0.00015
0.00012
-0.00024
0.00000
-0.00031
0.00000
-0.00021
-0.00037
-0.02145
-0.08453
-0.04129
-0.00568
-0.00424
0.04633
0.04996
0.04749
0.02106
0.00479
0.00235
0.01334
-0.00058
-0.04028
-0.02872
-0.00043
0.00055
0.01266
0.01605
-0.00092
-0.00122
0.00293
-0.00186
0.00861
0.01212
-0.00214
-0.00192
0.00446
-0.00250
-0.00583
0.00046
-0.00266
-0.00232
0.00092
0.00146
0.00195
0.00577
0.00424
0.00092
0.00192
0.00208
0.00034
0.00000
0.00204
0.00171
-0.00049
0.00046
0.00162
-0.00226
-0.00153
0.00055
-0.00055
-0.00095
0.00290
0.00275
0.00159
0.00253
0.00128
0.00043
0.00198
0.00085
-0.00101
-0.00165
-0.00168
-0.00168
0.00000
0.00180
0.00015
-0.00003
0.00049
0.00113
0.00128
0.00098
0.00098
-0.00052
-0.00101
-0.00137
-0.00192
-0.00101
-0.00116
-0.00107
-0.00119
-0.00095
-0.00055
-0.00119
0.00037
0.00113
0.00046
0.00034
0.00040
0.00067
0.00058
0.00021
0.00031
-0.00034
0.00000
-0.00031
-0.00104
-0.00082
-0.00137
-0.00211
-0.00098
-0.00101
-0.00143
-0.00034
0.00012
0.00082
0.00150
0.00143
0.00034
0.00018
-0.00040
-0.00143
-0.00140
-0.00150
-0.00162
-0.00085
-0.00067
-0.00070
-0.00046
-0.00076
-0.00143
-0.00043
0.00000
-0.00021
-0.00018
-0.00031
-0.00089
-0.00046
-0.00012
-0.00055
-0.00009
-0.00021
-0.00107
-0.00113
-0.00107
-0.00113
-0.00046
0.00000
0.00003
-0.00009
0.00003
0.00015
0.00055
0.00073
0.00031
0.00018
0.00003
-0.00031
-0.00018
-0.00040
-0.00089
-0.00110
-0.00092
-0.00034
-0.00003
-0.00046
-0.00107
-0.00095
-0.00079
-0.00031
0.00027
0.00076
0.00119
0.00095
0.00064
0.00043
0.00006
-0.00012
-0.00027
-0.00027
-0.00024
-0.00021
-0.00009
0.00003
0.00052
0.00101
0.00116
0.00095
0.00037
-0.00012
-0.00049
-0.00079
-0.00082
-0.00058
0.00000
0.00037
0.00058
0.00098
0.00113
0.00101
0.00095
0.00079
0.00058
0.00024
0.00009
0.00000
-0.00021
-0.00012
0.00000
0.00000
0.00000
0.00000
0.00000
0.00000
0.00000
0.00000
0.00000
0.00000
0.00000
0.00000
0.00000
0.00000
0.00000
0.00000
0.00000
0.00000
0.00000
0.00000
0.00000
0.00000
0.00000
0.00000
0.00000
0.00000
0.00000
0.00000
0.00000
0.00000
0.00000
0.00000
0.00000
0.00000
0.00000
0.00000
0.00000
0.00000
0.00000
0.00000
0.00000
0.00000
0.00000
0.00000
0.00000
0.00000
0.00000
0.00000
0.00000
0.00000
0.00000
0.00000
0.00000
0.00000
0.00000
0.00000
0.00000
0.00000
0.00000
0.00000
0.00000
0.00000
0.00000
0.00000
0.00000
0.00000
0.00000
0.00000
0.00000
0.00000
0.00000
0.00000
0.00000
0.00000
0.00000
0.00000
0.00000
0.00000
0.00000
0.00000
0.00000
0.00000
0.00000
0.00000
0.00000
0.00000
0.00000
0.00000
0.00000
0.00000
0.00000
0.00000
0.00000
0.00000
0.00000
0.00000
0.00000
0.00000
0.00000
0.00000
0.00000
0.00000
0.00000
0.00000
0.00000
0.00000
0.00000
0.00000
0.00000
0.00000
0.00000
0.00000
0.00000
0.00000
0.00000
0.00000
0.00000
0.00000
0.00000
0.00000
0.00000
0.00000
0.00000
0.00000
