-0.00015
-0.00012
-0.00012
-0.00012
-0.00012
-0.00009
-0.00009
-0.00012
-0.00009
-0.00006
-0.00012
-0.00009
-0.00006
-0.00012
-0.00015
-0.00012
-0.00012
-0.00009
-0.00009
-0.00009
-0.00006
-0.00006
-0.00009
-0.00012
-0.00009
-0.00009
-0.00012
-0.00009
-0.00009
-0.00009
-0.00006
-0.00003
-0.00009
-0.00012
-0.00006
-0.00009
-0.00009
0.00000
0.00000
-0.00006
-0.00006
-0.00009
-0.00006
0.00000
0.00000
-0.00006
0.00000
-0.00003
-0.00006
-0.00006
-0.00003
-0.00003
-0.00003
0.00000
0.00000
-0.00003
0.00000
0.00000
0.00000
-0.00003
-0.00006
-0.00006
-0.00006
-0.00006
-0.00006
-0.00003
0.00000
0.00000
-0.00003
0.00000
0.00000
-0.00003
-0.00003
0.00000
0.00000
-0.00003
0.00000
0.00003
0.00000
-0.00006
-0.00003
-0.00003
-0.00003
0.00000
0.00000
0.00003
0.00000
0.00000
0.00000
0.00000
-0.00003
-0.00003
0.00000
0.00000
-0.00003
0.00000
0.00000
0.00000
0.00000
0.00000
0.00000
0.00000
0.00000
0.00000
0.00000
0.00000
0.00000
0.00000
0.00000
-0.00003
0.00000
0.00000
0.00000
0.00000
0.00000
0.00000
0.00000
0.00000
0.00000
0.00000
0.00000
0.00000
0.00003
0.00003
0.00003
0.00003
0.00000
0.00000
-0.00003
-0.00006
-0.00003
-0.00006
-0.00003
0.00000
0.00000
0.00000
0.00000
0.00000
0.00000
0.00000
0.00000
0.00000
-0.00003
-0.00003
0.00000
0.00000
0.00000
0.00000
0.00000
0.00000
-0.00003
-0.00003
0.00000
0.00000
0.00000
0.00003
0.00000
-0.00003
-0.00006
0.00000
0.00000
0.00000
0.00000
0.00000
-0.00003
-0.00003
0.00000
0.00000
0.00003
0.00003
0.00000
0.00000
-0.00003
-0.00006
0.00000
0.00003
0.00000
0.00000
0.00003
0.00000
-0.00012
0.00003
0.00000
-0.00003
0.00000
-0.00006
0.00000
0.00000
0.00000
0.00000
0.00009
-0.00009
-0.00012
0.00003
-0.00003
0.00037
-0.00037
-0.00235
-0.02353
-0.02432
-0.01373
-0.01193
-0.00061
0.00787
0.01648
0.01465
0.01422
0.00424
-0.00232
0.00266
-0.00366
-0.00687
-0.00262
0.00000
0.00314
0.00467
0.00137
-0.00317
0.00079
0.00168
-0.00037
0.00534
0.00632
0.00146
-0.00098
-0.00070
-0.00064
0.00195
0.00378
0.00296
0.00256
0.00272
0.00015
-0.00150
0.00067
0.00156
0.00137
0.00214
0.00201
0.00098
0.00070
0.00107
0.00101
0.00089
0.00122
0.00055
0.00009
0.00055
0.00076
0.00034
0.00082
0.00131
0.00098
0.00125
0.00159
0.00107
0.00043
0.00027
0.00046
0.00040
0.00021
-0.00006
-0.00015
0.00043
0.00055
0.00040
0.00046
0.00037
0.00018
0.00015
0.00052
0.00040
-0.00006
0.00000
0.00000
-0.00003
-0.00024
-0.00040
-0.00064
-0.00110
-0.00101
-0.00079
-0.00055
-0.00037
-0.00037
-0.00027
-0.00021
-0.00012
-0.00006
-0.00012
-0.00024
-0.00058
-0.00046
-0.00018
-0.00055
-0.00098
-0.00122
-0.00125
-0.00116
-0.00092
-0.00070
-0.00067
-0.00064
-0.00058
-0.00055
-0.00040
-0.00021
-0.00015
-0.00012
-0.00027
-0.00067
-0.00101
-0.00095
-0.00092
-0.00101
-0.00104
-0.00110
-0.00110
-0.00095
-0.00082
-0.00079
-0.00067
-0.00046
-0.00052
-0.00064
-0.00064
-0.00070
-0.00082
-0.00082
-0.00067
-0.00070
-0.00095
-0.00101
-0.00082
-0.00055
-0.00046
-0.00052
-0.00067
-0.00079
-0.00082
-0.00089
0.00000
0.00000
0.00000
0.00000
0.00000
0.00000
0.00000
0.00000
0.00000
0.00000
0.00000
0.00000
0.00000
0.00000
0.00000
0.00000
0.00000
0.00000
0.00000
0.00000
0.00000
0.00000
0.00000
0.00000
0.00000
0.00000
0.00000
0.00000
0.00000
0.00000
0.00000
0.00000
0.00000
0.00000
0.00000
0.00000
0.00000
0.00000
0.00000
0.00000
0.00000
0.00000
0.00000
0.00000
0.00000
0.00000
0.00000
0.00000
0.00000
0.00000
0.00000
0.00000
0.00000
0.00000
0.00000
0.00000
0.00000
0.00000
0.00000
0.00000
0.00000
0.00000
0.00000
0.00000
0.00000
0.00000
0.00000
0.00000
0.00000
0.00000
0.00000
0.00000
0.00000
0.00000
0.00000
0.00000
0.00000
0.00000
0.00000
0.00000
0.00000
0.00000
0.00000
0.00000
0.00000
0.00000
0.00000
0.00000
0.00000
0.00000
0.00000
0.00000
0.00000
0.00000
0.00000
0.00000
0.00000
0.00000
0.00000
0.00000
0.00000
0.00000
0.00000
0.00000
0.00000
0.00000
0.00000
0.00000
0.00000
0.00000
0.00000
0.00000
0.00000
0.00000
0.00000
0.00000
0.00000
0.00000
0.00000
0.00000
0.00000
0.00000
0.00000
0.00000
0.00000
0.00000
0.00000
0.00000
0.00000
0.00000
0.00000
0.00000
0.00000
0.00000
0.00000
0.00000
0.00000
0.00000
0.00000
0.00000
0.00000
0.00000
0.00000
0.00000
0.00000
0.00000
0.00000
0.00000
0.00000
0.00000
0.00000
0.00000
0.00000
0.00000
0.00000
0.00000
0.00000
0.00000
0.00000
0.00000
0.00000
0.00000
0.00000
0.00000
0.00000
0.00000
0.00000
0.00000
0.00000
0.00000
0.00000
