-0.00015
-0.00015
-0.00012
-0.00012
-0.00009
-0.00021
-0.00027
-0.00021
-0.00018
-0.00015
-0.00009
0.00000
-0.00018
-0.00024
-0.00015
-0.00024
-0.00034
-0.00012
-0.00006
-0.00018
-0.00009
-0.00009
-0.00027
-0.00031
-0.00021
-0.00015
-0.00015
-0.00003
-0.00012
-0.00027
-0.00031
-0.00034
-0.00031
-0.00012
-0.00006
-0.00012
-0.00012
-0.00009
-0.00018
-0.00027
-0.00015
-0.00015
-0.00027
-0.00018
-0.00009
-0.00012
-0.00012
-0.00015
-0.00018
-0.00034
-0.00040
-0.00021
-0.00031
-0.00003
0.00003
-0.00024
-0.00012
-0.00006
-0.00031
-0.00027
-0.00003
-0.00012
-0.00024
-0.00021
-0.00021
-0.00024
-0.00027
-0.00012
-0.00009
-0.00027
-0.00012
-0.00006
-0.00027
-0.00024
-0.00015
-0.00031
-0.00034
-0.00031
-0.00031
-0.00031
-0.00012
-0.00006
-0.00024
-0.00018
-0.00015
-0.00034
-0.00021
-0.00015
-0.00024
-0.00021
-0.00009
-0.00021
-0.00031
-0.00024
-0.00031
-0.00040
-0.00027
-0.00015
-0.00031
-0.00031
-0.00009
-0.00024
-0.00031
-0.00018
-0.00024
-0.00027
-0.00018
-0.00012
-0.00024
-0.00024
-0.00031
-0.00037
-0.00021
-0.00021
-0.00027
-0.00015
-0.00009
-0.00027
-0.00027
-0.00024
-0.00027
-0.00024
-0.00021
-0.00021
-0.00027
-0.00024
-0.00027
-0.00027
-0.00021
-0.00021
-0.00027
-0.00024
-0.00015
-0.00024
-0.00031
-0.00031
-0.00018
-0.00027
-0.00031
-0.00015
-0.00015
-0.00027
-0.00024
-0.00015
-0.00021
-0.00024
-0.00024
-0.00027
-0.00012
-0.00012
-0.00024
-0.00031
-0.00024
-0.00027
-0.00040
-0.00018
-0.00015
-0.00018
-0.00018
-0.00024
-0.00015
-0.00027
-0.00040
-0.00024
-0.00009
-0.00009
-0.00012
-0.00009
-0.00015
-0.00021
-0.00015
-0.00070
0.00052
-0.00183
0.00192
-0.00363
0.00516
-0.00803
0.00433
-0.15784
-0.16852
0.03552
-0.04803
0.03864
0.26056
0.17914
-0.03394
-0.05139
-0.04813
-0.05753
0.01505
-0.03107
-0.02246
0.08221
0.02051
-0.03250
0.02628
0.01907
-0.05118
0.01974
0.02588
-0.03790
0.01373
0.02194
-0.02023
0.01605
0.02216
-0.03119
-0.00687
0.01953
-0.01428
-0.01089
0.01559
0.00058
-0.00684
0.01480
0.01236
-0.00064
0.00415
0.00500
-0.00748
-0.00909
-0.00107
-0.00293
-0.00574
0.00461
0.00180
-0.00650
0.00110
0.00641
-0.00354
0.00192
0.01184
0.00098
-0.00562
0.00430
0.00168
-0.00400
0.00085
0.00287
-0.00327
-0.00409
-0.00113
-0.00354
-0.00195
0.00134
-0.00052
0.00034
0.00229
0.00055
-0.00302
0.00049
0.00214
-0.00293
-0.00256
0.00012
-0.00266
-0.00363
-0.00119
0.00076
-0.00143
-0.00174
-0.00174
-0.00223
-0.00061
0.00003
0.00015
0.00186
0.00089
-0.00125
-0.00204
-0.00052
-0.00211
-0.00259
-0.00061
-0.00201
-0.00314
-0.00201
-0.00153
-0.00162
-0.00058
0.00049
0.00018
-0.00046
-0.00064
-0.00049
0.00052
0.00040
0.00000
0.00027
-0.00021
-0.00168
-0.00220
-0.00153
-0.00192
-0.00342
-0.00241
-0.00113
-0.00174
-0.00171
-0.00006
0.00089
0.00037
0.00037
0.00027
-0.00067
-0.00131
-0.00168
-0.00113
-0.00046
-0.00104
-0.00180
-0.00174
-0.00174
-0.00220
-0.00143
0.00040
0.00076
0.00009
0.00021
0.00089
0.00070
0.00021
0.00049
0.00085
0.00015
-0.00070
-0.00085
-0.00055
0.00000
0.00000
0.00000
0.00000
0.00000
0.00000
0.00000
0.00000
0.00000
0.00000
0.00000
0.00000
0.00000
0.00000
0.00000
0.00000
0.00000
0.00000
0.00000
0.00000
0.00000
0.00000
0.00000
0.00000
0.00000
0.00000
0.00000
0.00000
0.00000
0.00000
0.00000
0.00000
0.00000
0.00000
0.00000
0.00000
0.00000
0.00000
0.00000
0.00000
0.00000
0.00000
0.00000
0.00000
0.00000
0.00000
0.00000
0.00000
0.00000
0.00000
0.00000
0.00000
0.00000
0.00000
0.00000
0.00000
0.00000
0.00000
0.00000
0.00000
0.00000
0.00000
0.00000
0.00000
0.00000
0.00000
0.00000
0.00000
0.00000
0.00000
0.00000
0.00000
0.00000
0.00000
0.00000
0.00000
0.00000
0.00000
0.00000
0.00000
0.00000
0.00000
0.00000
0.00000
0.00000
0.00000
0.00000
0.00000
0.00000
0.00000
0.00000
0.00000
0.00000
0.00000
0.00000
0.00000
0.00000
0.00000
0.00000
0.00000
0.00000
0.00000
0.00000
0.00000
0.00000
0.00000
0.00000
0.00000
0.00000
0.00000
0.00000
0.00000
0.00000
0.00000
0.00000
0.00000
0.00000
0.00000
0.00000
0.00000
0.00000
0.00000
0.00000
0.00000
0.00000
0.00000
0.00000
0.00000
0.00000
0.00000
0.00000
0.00000
0.00000
0.00000
0.00000
0.00000
0.00000
0.00000
0.00000
0.00000
0.00000
0.00000
0.00000
0.00000
0.00000
0.00000
0.00000
0.00000
0.00000
0.00000
0.00000
0.00000
0.00000
0.00000
0.00000
0.00000
0.00000
0.00000
0.00000
0.00000
0.00000
0.00000
0.00000
0.00000
0.00000
0.00000
0.00000
0.00000
0.00000
0.00000
0.00000
0.00000
0.00000
0.00000
0.00000
0.00000
0.00000
0.00000
0.00000
0.00000
0.00000
0.00000
0.00000
