-0.00006
-0.00003
-0.00009
-0.00009
-0.00006
-0.00012
-0.00009
-0.00006
-0.00009
-0.00012
-0.00018
-0.00015
-0.00012
-0.00012
-0.00009
-0.00003
-0.00006
-0.00009
-0.00006
-0.00012
-0.00012
-0.00015
-0.00024
-0.00018
-0.00012
-0.00009
-0.00006
-0.00006
-0.00012
-0.00015
-0.00015
-0.00012
-0.00009
-0.00003
-0.00006
-0.00012
-0.00018
-0.00015
-0.00018
-0.00018
-0.00009
-0.00018
-0.00018
-0.00012
-0.00012
-0.00015
-0.00012
-0.00009
-0.00012
-0.00015
-0.00015
-0.00018
-0.00021
-0.00021
-0.00018
-0.00018
-0.00018
-0.00012
-0.00012
-0.00015
-0.00018
-0.00015
-0.00031
-0.00024
-0.00018
-0.00021
-0.00012
-0.00012
-0.00018
-0.00021
-0.00024
-0.00031
-0.00021
-0.00018
-0.00018
-0.00015
-0.00015
-0.00015
-0.00021
-0.00021
-0.00024
-0.00024
-0.00027
-0.00027
-0.00021
-0.00021
-0.00024
-0.00024
-0.00015
-0.00015
-0.00021
-0.00018
-0.00018
-0.00027
-0.00031
-0.00024
-0.00027
-0.00031
-0.00024
-0.00024
-0.00024
-0.00021
-0.00024
-0.00027
-0.00027
-0.00031
-0.00031
-0.00024
-0.00027
-0.00031
-0.00024
-0.00024
-0.00031
-0.00031
-0.00024
-0.00024
-0.00031
-0.00027
-0.00034
-0.00037
-0.00034
-0.00034
-0.00037
-0.00031
-0.00024
-0.00034
-0.00031
-0.00027
-0.00034
-0.00037
-0.00031
-0.00027
-0.00031
-0.00031
-0.00034
-0.00037
-0.00037
-0.00034
-0.00034
-0.00031
-0.00027
-0.00031
-0.00031
-0.00034
-0.00034
-0.00037
-0.00034
-0.00037
-0.00037
-0.00037
-0.00034
-0.00034
-0.00031
-0.00031
-0.00034
-0.00031
-0.00034
-0.00040
-0.00037
-0.00034
-0.00027
-0.00027
-0.00031
-0.00031
-0.00031
-0.00040
-0.00043
-0.00037
-0.00037
-0.00040
-0.00034
-0.00031
-0.00031
-0.00031
-0.00027
-0.00027
-0.00027
-0.00031
-0.00034
-0.00043
-0.00031
-0.00055
-0.00006
-0.00079
0.00037
-0.00140
0.00107
-0.00272
0.00079
-0.03900
-0.05905
-0.02524
-0.04770
-0.02344
0.02109
0.05939
0.05106
0.04770
0.01987
0.01703
0.02084
-0.01257
-0.02145
-0.01941
-0.01260
-0.01230
-0.00037
0.01010
0.00677
0.01178
0.00211
-0.00839
0.00278
0.00143
-0.00180
0.00601
0.00665
-0.00101
-0.00281
-0.00153
-0.00003
-0.00015
-0.00101
-0.00174
-0.00107
0.00150
0.00192
0.00363
0.00342
0.00473
0.00226
-0.00098
-0.00150
-0.00171
-0.00287
-0.00189
-0.00146
-0.00110
0.00031
0.00208
0.00146
0.00156
0.00320
0.00269
0.00143
0.00168
0.00156
0.00098
0.00058
0.00027
-0.00079
-0.00192
-0.00174
-0.00180
-0.00116
-0.00031
-0.00018
0.00021
0.00049
0.00067
0.00012
0.00046
0.00067
-0.00009
-0.00073
-0.00067
-0.00089
-0.00128
-0.00128
-0.00092
-0.00107
-0.00119
-0.00159
-0.00134
-0.00079
-0.00061
-0.00024
0.00000
0.00024
-0.00009
-0.00027
-0.00015
-0.00067
-0.00095
-0.00092
-0.00113
-0.00125
-0.00134
-0.00116
-0.00146
-0.00140
-0.00113
-0.00079
-0.00061
-0.00055
-0.00034
-0.00003
0.00006
0.00031
0.00046
0.00037
-0.00003
-0.00073
-0.00110
-0.00146
-0.00201
-0.00214
-0.00198
-0.00186
-0.00171
-0.00119
-0.00070
-0.00040
0.00009
0.00034
0.00034
0.00009
-0.00043
-0.00067
-0.00076
-0.00101
-0.00131
-0.00143
-0.00143
-0.00143
-0.00122
-0.00076
-0.00040
-0.00024
-0.00024
-0.00006
0.00027
0.00046
0.00046
0.00037
-0.00006
0.00000
0.00000
0.00000
0.00000
0.00000
0.00000
0.00000
0.00000
0.00000
0.00000
0.00000
0.00000
0.00000
0.00000
0.00000
0.00000
0.00000
0.00000
0.00000
0.00000
0.00000
0.00000
0.00000
0.00000
0.00000
0.00000
0.00000
0.00000
0.00000
0.00000
0.00000
0.00000
0.00000
0.00000
0.00000
0.00000
0.00000
0.00000
0.00000
0.00000
0.00000
0.00000
0.00000
0.00000
0.00000
0.00000
0.00000
0.00000
0.00000
0.00000
0.00000
0.00000
0.00000
0.00000
0.00000
0.00000
0.00000
0.00000
0.00000
0.00000
0.00000
0.00000
0.00000
0.00000
0.00000
0.00000
0.00000
0.00000
0.00000
0.00000
0.00000
0.00000
0.00000
0.00000
0.00000
0.00000
0.00000
0.00000
0.00000
0.00000
0.00000
0.00000
0.00000
0.00000
0.00000
0.00000
0.00000
0.00000
0.00000
0.00000
0.00000
0.00000
0.00000
0.00000
0.00000
0.00000
0.00000
0.00000
0.00000
0.00000
0.00000
0.00000
0.00000
0.00000
0.00000
0.00000
0.00000
0.00000
0.00000
0.00000
0.00000
0.00000
0.00000
0.00000
0.00000
0.00000
0.00000
0.00000
0.00000
0.00000
0.00000
0.00000
0.00000
0.00000
0.00000
0.00000
0.00000
0.00000
0.00000
0.00000
0.00000
0.00000
0.00000
0.00000
0.00000
0.00000
0.00000
0.00000
0.00000
0.00000
0.00000
0.00000
0.00000
0.00000
0.00000
0.00000
0.00000
0.00000
0.00000
0.00000
0.00000
0.00000
0.00000
0.00000
0.00000
0.00000
0.00000
0.00000
0.00000
0.00000
0.00000
0.00000
0.00000
0.00000
0.00000
0.00000
0.00000
0.00000
0.00000
0.00000
0.00000
0.00000
0.00000
0.00000
0.00000
0.00000
