-0.00027
-0.00031
-0.00037
-0.00031
-0.00024
-0.00031
-0.00037
-0.00043
-0.00043
-0.00040
-0.00037
-0.00031
-0.00024
-0.00027
-0.00034
-0.00034
-0.00034
-0.00040
-0.00037
-0.00034
-0.00034
-0.00037
-0.00034
-0.00027
-0.00027
-0.00034
-0.00034
-0.00034
-0.00043
-0.00043
-0.00040
-0.00034
-0.00037
-0.00037
-0.00037
-0.00037
-0.00034
-0.00031
-0.00037
-0.00034
-0.00027
-0.00034
-0.00034
-0.00031
-0.00040
-0.00043
-0.00037
-0.00031
-0.00034
-0.00031
-0.00034
-0.00037
-0.00040
-0.00046
-0.00040
-0.00037
-0.00034
-0.00031
-0.00031
-0.00040
-0.00043
-0.00043
-0.00043
-0.00043
-0.00037
-0.00034
-0.00034
-0.00027
-0.00034
-0.00037
-0.00037
-0.00040
-0.00043
-0.00034
-0.00027
-0.00037
-0.00031
-0.00034
-0.00040
-0.00037
-0.00034
-0.00034
-0.00027
-0.00024
-0.00027
-0.00034
-0.00037
-0.00037
-0.00043
-0.00043
-0.00037
-0.00034
-0.00037
-0.00034
-0.00031
-0.00031
-0.00031
-0.00027
-0.00031
-0.00037
-0.00034
-0.00034
-0.00034
-0.00031
-0.00031
-0.00034
-0.00031
-0.00027
-0.00027
-0.00021
-0.00027
-0.00037
-0.00043
-0.00040
-0.00034
-0.00027
-0.00018
-0.00021
-0.00027
-0.00037
-0.00037
-0.00034
-0.00027
-0.00024
-0.00024
-0.00024
-0.00024
-0.00024
-0.00027
-0.00024
-0.00031
-0.00037
-0.00034
-0.00034
-0.00037
-0.00031
-0.00021
-0.00021
-0.00021
-0.00021
-0.00024
-0.00027
-0.00027
-0.00027
-0.00024
-0.00024
-0.00027
-0.00031
-0.00027
-0.00031
-0.00027
-0.00021
-0.00021
-0.00024
-0.00021
-0.00018
-0.00024
-0.00021
-0.00021
-0.00024
-0.00024
-0.00021
-0.00027
-0.00024
-0.00024
-0.00027
-0.00024
-0.00021
-0.00021
-0.00015
-0.00012
-0.00021
-0.00024
-0.00021
-0.00027
-0.00024
-0.00021
-0.00021
-0.00031
-0.00018
-0.00015
-0.00031
-0.00018
-0.00027
-0.00021
-0.00018
-0.00024
-0.00031
-0.00018
-0.00015
-0.00027
-0.00015
-0.00031
-0.00021
-0.00040
0.00000
-0.00024
-0.00015
-0.00494
-0.02042
-0.01712
-0.01282
-0.00873
-0.00067
0.00272
0.00546
0.00879
0.01016
0.00244
0.00229
0.00403
-0.00269
-0.00357
0.00000
-0.00223
-0.00079
0.00259
0.00058
0.00443
0.00537
0.00064
0.00076
0.00250
-0.00046
-0.00235
0.00168
0.00366
0.00378
0.00473
0.00281
0.00113
0.00046
-0.00153
-0.00177
0.00043
0.00159
0.00110
0.00107
0.00180
0.00177
0.00153
0.00122
0.00125
0.00095
0.00052
0.00052
0.00031
0.00034
0.00067
0.00040
0.00012
0.00073
0.00092
0.00064
0.00092
0.00076
0.00055
0.00058
0.00076
0.00064
0.00052
0.00043
0.00000
0.00000
0.00027
0.00015
0.00009
0.00027
0.00046
0.00034
0.00000
-0.00006
0.00006
0.00012
0.00000
-0.00009
-0.00012
-0.00046
-0.00085
-0.00082
-0.00061
-0.00055
-0.00061
-0.00055
-0.00049
-0.00052
-0.00037
-0.00024
-0.00027
-0.00031
-0.00015
-0.00003
-0.00027
-0.00055
-0.00064
-0.00079
-0.00101
-0.00101
-0.00095
-0.00079
-0.00076
-0.00076
-0.00076
-0.00095
-0.00082
-0.00040
0.00003
0.00000
-0.00024
-0.00040
-0.00049
-0.00058
-0.00064
-0.00067
-0.00076
-0.00085
-0.00079
-0.00076
-0.00092
-0.00110
-0.00095
-0.00064
-0.00052
-0.00058
-0.00058
-0.00061
-0.00064
-0.00037
-0.00015
-0.00027
-0.00073
-0.00098
-0.00079
-0.00064
-0.00061
-0.00058
-0.00046
0.00000
0.00000
0.00000
0.00000
0.00000
0.00000
0.00000
0.00000
0.00000
0.00000
0.00000
0.00000
0.00000
0.00000
0.00000
0.00000
0.00000
0.00000
0.00000
0.00000
0.00000
0.00000
0.00000
0.00000
0.00000
0.00000
0.00000
0.00000
0.00000
0.00000
0.00000
0.00000
0.00000
0.00000
0.00000
0.00000
0.00000
0.00000
0.00000
0.00000
0.00000
0.00000
0.00000
0.00000
0.00000
0.00000
0.00000
0.00000
0.00000
0.00000
0.00000
0.00000
0.00000
0.00000
0.00000
0.00000
0.00000
0.00000
0.00000
0.00000
0.00000
0.00000
0.00000
0.00000
0.00000
0.00000
0.00000
0.00000
0.00000
0.00000
0.00000
0.00000
0.00000
0.00000
0.00000
0.00000
0.00000
0.00000
0.00000
0.00000
0.00000
0.00000
0.00000
0.00000
0.00000
0.00000
0.00000
0.00000
0.00000
0.00000
0.00000
0.00000
0.00000
0.00000
0.00000
0.00000
0.00000
0.00000
0.00000
0.00000
0.00000
0.00000
0.00000
0.00000
0.00000
0.00000
0.00000
0.00000
0.00000
0.00000
0.00000
0.00000
0.00000
0.00000
0.00000
0.00000
0.00000
0.00000
0.00000
0.00000
0.00000
0.00000
0.00000
0.00000
0.00000
0.00000
0.00000
0.00000
0.00000
0.00000
0.00000
0.00000
0.00000
0.00000
0.00000
0.00000
0.00000
0.00000
0.00000
0.00000
0.00000
0.00000
0.00000
0.00000
0.00000
0.00000
0.00000
0.00000
0.00000
0.00000
0.00000
0.00000
0.00000
0.00000
0.00000
0.00000
0.00000
0.00000
0.00000
0.00000
0.00000
0.00000
0.00000
0.00000
0.00000
0.00000
0.00000
0.00000
0.00000
0.00000
0.00000
0.00000
0.00000
0.00000
0.00000
