-0.00027
-0.00027
-0.00024
-0.00021
-0.00012
-0.00015
-0.00021
-0.00024
-0.00024
-0.00021
-0.00021
-0.00018
-0.00015
-0.00009
-0.00015
-0.00021
-0.00021
-0.00024
-0.00027
-0.00027
-0.00024
-0.00021
-0.00021
-0.00021
-0.00018
-0.00012
-0.00012
-0.00015
-0.00018
-0.00024
-0.00024
-0.00024
-0.00021
-0.00024
-0.00024
-0.00024
-0.00027
-0.00021
-0.00015
-0.00009
-0.00003
-0.00009
-0.00012
-0.00021
-0.00027
-0.00027
-0.00027
-0.00027
-0.00024
-0.00021
-0.00015
-0.00012
-0.00015
-0.00012
-0.00012
-0.00021
-0.00015
-0.00015
-0.00009
-0.00015
-0.00009
-0.00006
-0.00021
-0.00018
-0.00018
-0.00015
-0.00018
-0.00021
-0.00018
-0.00012
-0.00009
-0.00009
-0.00006
-0.00006
-0.00012
-0.00015
-0.00015
-0.00012
-0.00012
-0.00012
-0.00009
-0.00009
-0.00018
-0.00021
-0.00015
-0.00015
-0.00018
-0.00012
-0.00006
-0.00006
-0.00009
-0.00009
-0.00015
-0.00018
-0.00021
-0.00021
-0.00015
-0.00009
-0.00012
-0.00012
-0.00012
-0.00015
-0.00015
-0.00009
-0.00003
-0.00006
-0.00006
-0.00003
-0.00009
-0.00015
-0.00009
-0.00006
-0.00009
-0.00006
-0.00003
-0.00003
-0.00006
-0.00003
-0.00006
-0.00009
-0.00009
-0.00012
-0.00012
-0.00012
-0.00009
-0.00009
-0.00006
0.00000
0.00000
0.00000
0.00000
-0.00006
-0.00009
-0.00006
-0.00006
-0.00012
-0.00006
-0.00006
-0.00006
-0.00006
-0.00003
-0.00003
-0.00009
-0.00006
-0.00003
-0.00003
-0.00003
-0.00006
0.00000
0.00000
0.00000
0.00000
0.00000
0.00000
-0.00006
-0.00003
0.00000
-0.00003
-0.00009
-0.00003
0.00000
0.00000
-0.00003
-0.00003
0.00000
0.00000
-0.00003
0.00000
0.00000
-0.00003
-0.00003
0.00000
0.00000
0.00003
0.00003
0.00003
0.00000
0.00009
-0.00021
0.00027
-0.00058
0.00073
-0.00125
0.00177
-0.00272
0.00076
-0.05264
-0.07101
-0.00482
-0.03275
-0.04141
0.01825
0.06345
0.04379
0.03284
0.01111
0.03540
0.04788
-0.00031
-0.02448
-0.01208
-0.01056
-0.02805
-0.00989
0.01141
0.00775
0.01562
0.01007
-0.00439
0.00604
0.00040
-0.01099
0.00327
0.01184
-0.00131
-0.00665
-0.00116
-0.00009
0.00021
0.00195
0.00040
-0.00055
0.00250
0.00330
0.00308
0.00354
0.00546
0.00171
0.00000
0.00095
-0.00101
-0.00320
-0.00079
-0.00159
-0.00327
-0.00113
0.00064
0.00018
0.00186
0.00400
0.00351
0.00211
0.00250
0.00262
0.00171
0.00116
0.00119
0.00021
-0.00140
-0.00235
-0.00223
-0.00113
-0.00003
0.00003
0.00000
0.00064
0.00122
0.00049
0.00076
0.00134
0.00049
-0.00058
-0.00049
-0.00076
-0.00134
-0.00143
-0.00095
-0.00073
-0.00070
-0.00122
-0.00125
-0.00052
-0.00006
-0.00012
0.00006
0.00043
0.00015
0.00000
0.00018
0.00000
-0.00021
-0.00049
-0.00104
-0.00137
-0.00150
-0.00159
-0.00159
-0.00089
-0.00043
-0.00021
-0.00034
-0.00046
-0.00012
0.00031
0.00043
0.00052
0.00067
0.00067
0.00021
-0.00031
-0.00058
-0.00089
-0.00153
-0.00192
-0.00171
-0.00162
-0.00171
-0.00125
-0.00052
-0.00015
0.00000
0.00018
0.00049
0.00058
0.00043
0.00012
-0.00027
-0.00082
-0.00143
-0.00159
-0.00134
-0.00116
-0.00101
-0.00058
-0.00012
-0.00006
0.00000
0.00052
0.00085
0.00076
0.00061
0.00055
0.00049
0.00003
0.00000
0.00000
0.00000
0.00000
0.00000
0.00000
0.00000
0.00000
0.00000
0.00000
0.00000
0.00000
0.00000
0.00000
0.00000
0.00000
0.00000
0.00000
0.00000
0.00000
0.00000
0.00000
0.00000
0.00000
0.00000
0.00000
0.00000
0.00000
0.00000
0.00000
0.00000
0.00000
0.00000
0.00000
0.00000
0.00000
0.00000
0.00000
0.00000
0.00000
0.00000
0.00000
0.00000
0.00000
0.00000
0.00000
0.00000
0.00000
0.00000
0.00000
0.00000
0.00000
0.00000
0.00000
0.00000
0.00000
0.00000
0.00000
0.00000
0.00000
0.00000
0.00000
0.00000
0.00000
0.00000
0.00000
0.00000
0.00000
0.00000
0.00000
0.00000
0.00000
0.00000
0.00000
0.00000
0.00000
0.00000
0.00000
0.00000
0.00000
0.00000
0.00000
0.00000
0.00000
0.00000
0.00000
0.00000
0.00000
0.00000
0.00000
0.00000
0.00000
0.00000
0.00000
0.00000
0.00000
0.00000
0.00000
0.00000
0.00000
0.00000
0.00000
0.00000
0.00000
0.00000
0.00000
0.00000
0.00000
0.00000
0.00000
0.00000
0.00000
0.00000
0.00000
0.00000
0.00000
0.00000
0.00000
0.00000
0.00000
0.00000
0.00000
0.00000
0.00000
0.00000
0.00000
0.00000
0.00000
0.00000
0.00000
0.00000
0.00000
0.00000
0.00000
0.00000
0.00000
0.00000
0.00000
0.00000
0.00000
0.00000
0.00000
0.00000
0.00000
0.00000
0.00000
0.00000
0.00000
0.00000
0.00000
0.00000
0.00000
0.00000
0.00000
0.00000
0.00000
0.00000
0.00000
0.00000
0.00000
0.00000
0.00000
0.00000
0.00000
0.00000
0.00000
0.00000
0.00000
0.00000
0.00000
0.00000
0.00000
0.00000
0.00000
0.00000
0.00000
0.00000
0.00000
