-0.00015
-0.00021
-0.00021
-0.00015
-0.00009
-0.00009
-0.00006
-0.00003
0.00000
-0.00003
-0.00009
-0.00015
-0.00012
-0.00015
-0.00015
-0.00009
-0.00012
-0.00009
-0.00009
-0.00009
-0.00003
0.00000
-0.00003
-0.00003
-0.00006
-0.00012
-0.00009
-0.00006
-0.00003
-0.00003
-0.00006
-0.00009
-0.00009
-0.00009
-0.00018
-0.00015
-0.00009
-0.00009
-0.00009
-0.00003
0.00000
-0.00006
-0.00006
-0.00006
-0.00009
-0.00006
-0.00009
-0.00015
-0.00009
-0.00003
-0.00009
-0.00009
-0.00003
-0.00012
-0.00012
-0.00003
0.00000
0.00000
-0.00003
-0.00003
-0.00006
-0.00009
-0.00012
-0.00009
-0.00006
-0.00006
-0.00006
-0.00003
0.00000
-0.00003
-0.00006
-0.00006
-0.00006
-0.00012
-0.00015
-0.00009
-0.00009
-0.00009
0.00000
-0.00003
0.00000
0.00003
-0.00006
-0.00009
-0.00012
-0.00021
-0.00021
-0.00012
-0.00009
-0.00006
0.00000
0.00000
0.00000
0.00000
-0.00003
-0.00012
-0.00015
-0.00012
-0.00009
-0.00003
-0.00003
-0.00006
-0.00003
-0.00006
-0.00015
-0.00009
-0.00009
-0.00006
0.00000
0.00000
0.00000
0.00000
-0.00003
-0.00006
-0.00003
-0.00012
-0.00018
-0.00021
-0.00018
-0.00015
-0.00006
0.00000
0.00000
0.00000
0.00000
-0.00006
-0.00009
-0.00009
-0.00006
-0.00006
-0.00006
-0.00006
-0.00006
-0.00009
-0.00009
-0.00012
-0.00012
-0.00009
-0.00009
-0.00009
-0.00006
-0.00003
0.00000
-0.00003
-0.00003
0.00000
-0.00003
-0.00006
-0.00006
-0.00009
-0.00009
-0.00006
-0.00006
-0.00006
-0.00006
-0.00006
-0.00003
-0.00006
-0.00006
0.00000
-0.00003
-0.00006
-0.00012
-0.00012
-0.00012
-0.00012
-0.00003
0.00000
-0.00003
0.00000
0.00000
-0.00006
-0.00015
-0.00012
-0.00009
-0.00012
0.00000
0.00003
0.00000
-0.00003
0.00000
0.00000
-0.00003
0.00000
-0.00012
0.00003
-0.00027
0.00021
-0.00073
0.00070
-0.00104
0.00003
-0.03104
-0.06018
-0.03674
-0.02243
-0.00955
0.02005
0.05209
0.04816
0.03992
0.01837
0.00598
0.00583
-0.00839
-0.02151
-0.02182
-0.00827
-0.00607
0.00134
0.01260
0.00754
0.00549
0.00287
-0.00336
0.00064
0.00629
0.00296
0.00073
0.00284
0.00027
-0.00342
-0.00131
0.00064
-0.00128
-0.00113
-0.00040
-0.00104
0.00125
0.00433
0.00415
0.00272
0.00278
0.00082
-0.00049
0.00125
0.00162
-0.00052
-0.00052
-0.00024
-0.00092
-0.00043
0.00101
0.00116
0.00134
0.00284
0.00278
0.00198
0.00232
0.00198
0.00070
-0.00003
-0.00009
-0.00052
-0.00067
-0.00052
-0.00104
-0.00116
-0.00034
0.00015
0.00024
0.00073
0.00122
0.00082
0.00061
0.00064
0.00040
-0.00024
-0.00043
-0.00049
-0.00076
-0.00082
-0.00101
-0.00107
-0.00079
-0.00089
-0.00095
-0.00070
-0.00015
0.00000
0.00003
0.00040
0.00021
-0.00015
-0.00034
-0.00034
-0.00034
-0.00046
-0.00073
-0.00125
-0.00143
-0.00116
-0.00128
-0.00113
-0.00076
-0.00055
-0.00040
-0.00024
-0.00012
0.00009
0.00040
0.00043
0.00024
0.00006
-0.00031
-0.00082
-0.00113
-0.00137
-0.00150
-0.00153
-0.00150
-0.00143
-0.00146
-0.00122
-0.00064
-0.00003
0.00040
0.00043
0.00027
-0.00006
-0.00043
-0.00061
-0.00085
-0.00110
-0.00137
-0.00156
-0.00150
-0.00134
-0.00113
-0.00067
-0.00024
-0.00006
0.00006
0.00034
0.00040
0.00018
0.00000
0.00000
0.00000
0.00000
0.00000
0.00000
0.00000
0.00000
0.00000
0.00000
0.00000
0.00000
0.00000
0.00000
0.00000
0.00000
0.00000
0.00000
0.00000
0.00000
0.00000
0.00000
0.00000
0.00000
0.00000
0.00000
0.00000
0.00000
0.00000
0.00000
0.00000
0.00000
0.00000
0.00000
0.00000
0.00000
0.00000
0.00000
0.00000
0.00000
0.00000
0.00000
0.00000
0.00000
0.00000
0.00000
0.00000
0.00000
0.00000
0.00000
0.00000
0.00000
0.00000
0.00000
0.00000
0.00000
0.00000
0.00000
0.00000
0.00000
0.00000
0.00000
0.00000
0.00000
0.00000
0.00000
0.00000
0.00000
0.00000
0.00000
0.00000
0.00000
0.00000
0.00000
0.00000
0.00000
0.00000
0.00000
0.00000
0.00000
0.00000
0.00000
0.00000
0.00000
0.00000
0.00000
0.00000
0.00000
0.00000
0.00000
0.00000
0.00000
0.00000
0.00000
0.00000
0.00000
0.00000
0.00000
0.00000
0.00000
0.00000
0.00000
0.00000
0.00000
0.00000
0.00000
0.00000
0.00000
0.00000
0.00000
0.00000
0.00000
0.00000
0.00000
0.00000
0.00000
0.00000
0.00000
0.00000
0.00000
0.00000
0.00000
0.00000
0.00000
0.00000
0.00000
0.00000
0.00000
0.00000
0.00000
0.00000
0.00000
0.00000
0.00000
0.00000
0.00000
0.00000
0.00000
0.00000
0.00000
0.00000
0.00000
0.00000
0.00000
0.00000
0.00000
0.00000
0.00000
0.00000
0.00000
0.00000
0.00000
0.00000
0.00000
0.00000
0.00000
0.00000
0.00000
0.00000
0.00000
0.00000
0.00000
0.00000
0.00000
0.00000
0.00000
0.00000
0.00000
0.00000
0.00000
0.00000
0.00000
0.00000
0.00000
0.00000
0.00000
