-0.00009
-0.00006
-0.00006
-0.00009
-0.00015
-0.00018
-0.00015
-0.00018
-0.00024
-0.00018
-0.00012
-0.00015
-0.00015
-0.00009
-0.00006
-0.00012
-0.00006
-0.00003
-0.00012
-0.00015
-0.00015
-0.00018
-0.00012
-0.00018
-0.00018
-0.00009
-0.00009
-0.00009
-0.00003
-0.00009
-0.00018
-0.00021
-0.00024
-0.00015
-0.00015
-0.00015
-0.00015
-0.00012
-0.00012
-0.00009
0.00000
0.00000
-0.00012
-0.00021
-0.00024
-0.00027
-0.00021
-0.00009
-0.00006
-0.00006
-0.00003
-0.00003
-0.00003
-0.00015
-0.00009
-0.00009
-0.00009
0.00000
-0.00003
0.00000
-0.00003
-0.00015
-0.00015
-0.00034
-0.00027
-0.00006
-0.00012
0.00000
0.00006
-0.00009
-0.00012
-0.00018
-0.00012
-0.00012
-0.00018
-0.00018
-0.00015
-0.00009
0.00000
-0.00003
-0.00009
-0.00006
-0.00006
-0.00012
-0.00006
-0.00003
-0.00015
-0.00021
-0.00018
-0.00012
-0.00009
0.00000
0.00000
-0.00012
-0.00021
-0.00024
-0.00024
-0.00015
-0.00012
-0.00009
0.00000
-0.00006
-0.00006
-0.00006
-0.00009
-0.00015
-0.00027
-0.00031
-0.00021
-0.00012
-0.00012
-0.00003
-0.00003
-0.00015
-0.00015
-0.00012
-0.00012
-0.00015
-0.00009
-0.00009
-0.00012
-0.00009
-0.00012
-0.00012
-0.00018
-0.00015
-0.00015
-0.00012
-0.00009
-0.00015
-0.00018
-0.00012
-0.00009
-0.00015
-0.00009
-0.00003
-0.00003
-0.00009
-0.00018
-0.00021
-0.00024
-0.00021
-0.00018
-0.00015
-0.00012
-0.00012
-0.00021
-0.00018
-0.00012
-0.00015
-0.00006
-0.00012
-0.00009
-0.00009
-0.00018
-0.00009
-0.00006
-0.00012
-0.00018
-0.00015
-0.00012
-0.00009
-0.00006
-0.00012
-0.00018
-0.00024
-0.00027
-0.00027
-0.00018
-0.00009
-0.00009
0.00000
0.00000
-0.00006
-0.00009
-0.00015
-0.00015
-0.00021
-0.00037
-0.00027
-0.00031
0.00000
-0.00034
0.00064
-0.00061
0.00070
-0.00165
0.00125
-0.00217
0.00189
-0.04001
-0.09424
-0.00839
-0.05591
-0.02737
0.10443
0.09378
0.07742
0.00754
-0.02643
-0.00827
-0.01163
-0.03766
-0.03400
0.01996
0.01642
-0.00967
0.01672
0.01385
-0.00928
0.00204
0.00037
-0.00299
0.01233
-0.00333
-0.01239
0.00812
0.00772
-0.00702
-0.00345
0.00565
-0.00134
-0.00085
0.00113
-0.00052
0.00079
0.00256
0.00372
0.00381
0.00247
0.00101
-0.00150
-0.00079
0.00031
-0.00131
-0.00116
0.00125
0.00198
0.00012
0.00122
0.00259
-0.00021
-0.00046
0.00391
0.00278
0.00012
0.00177
0.00098
-0.00021
-0.00006
-0.00040
-0.00040
-0.00104
-0.00079
-0.00137
-0.00104
0.00110
-0.00064
0.00031
0.00153
0.00067
0.00031
-0.00006
0.00092
-0.00061
-0.00128
0.00000
-0.00082
-0.00073
-0.00140
-0.00107
0.00003
-0.00098
-0.00101
-0.00177
-0.00140
-0.00073
-0.00061
0.00119
0.00119
0.00012
-0.00031
-0.00110
-0.00107
-0.00146
-0.00104
-0.00116
-0.00174
-0.00116
-0.00153
-0.00125
-0.00064
-0.00070
-0.00031
-0.00064
-0.00049
-0.00024
-0.00043
0.00006
-0.00006
0.00031
0.00024
-0.00052
-0.00098
-0.00162
-0.00183
-0.00204
-0.00201
-0.00150
-0.00156
-0.00153
-0.00107
-0.00052
0.00015
0.00037
0.00052
0.00027
-0.00055
-0.00119
-0.00156
-0.00119
-0.00113
-0.00150
-0.00146
-0.00153
-0.00134
-0.00113
-0.00070
-0.00009
-0.00012
0.00000
0.00031
0.00046
0.00000
-0.00052
-0.00070
0.00000
0.00000
0.00000
0.00000
0.00000
0.00000
0.00000
0.00000
0.00000
0.00000
0.00000
0.00000
0.00000
0.00000
0.00000
0.00000
0.00000
0.00000
0.00000
0.00000
0.00000
0.00000
0.00000
0.00000
0.00000
0.00000
0.00000
0.00000
0.00000
0.00000
0.00000
0.00000
0.00000
0.00000
0.00000
0.00000
0.00000
0.00000
0.00000
0.00000
0.00000
0.00000
0.00000
0.00000
0.00000
0.00000
0.00000
0.00000
0.00000
0.00000
0.00000
0.00000
0.00000
0.00000
0.00000
0.00000
0.00000
0.00000
0.00000
0.00000
0.00000
0.00000
0.00000
0.00000
0.00000
0.00000
0.00000
0.00000
0.00000
0.00000
0.00000
0.00000
0.00000
0.00000
0.00000
0.00000
0.00000
0.00000
0.00000
0.00000
0.00000
0.00000
0.00000
0.00000
0.00000
0.00000
0.00000
0.00000
0.00000
0.00000
0.00000
0.00000
0.00000
0.00000
0.00000
0.00000
0.00000
0.00000
0.00000
0.00000
0.00000
0.00000
0.00000
0.00000
0.00000
0.00000
0.00000
0.00000
0.00000
0.00000
0.00000
0.00000
0.00000
0.00000
0.00000
0.00000
0.00000
0.00000
0.00000
0.00000
0.00000
0.00000
0.00000
0.00000
0.00000
0.00000
0.00000
0.00000
0.00000
0.00000
0.00000
0.00000
0.00000
0.00000
0.00000
0.00000
0.00000
0.00000
0.00000
0.00000
0.00000
0.00000
0.00000
0.00000
0.00000
0.00000
0.00000
0.00000
0.00000
0.00000
0.00000
0.00000
0.00000
0.00000
0.00000
0.00000
0.00000
0.00000
0.00000
0.00000
0.00000
0.00000
0.00000
0.00000
0.00000
0.00000
0.00000
0.00000
0.00000
0.00000
0.00000
0.00000
0.00000
0.00000
0.00000
0.00000
