0.00003
0.00000
0.00003
0.00003
0.00000
0.00003
0.00003
0.00000
0.00006
0.00009
0.00000
0.00003
0.00000
0.00000
0.00006
0.00009
0.00009
0.00012
0.00009
0.00003
0.00003
0.00006
0.00003
0.00003
0.00003
0.00003
0.00003
0.00009
0.00012
0.00015
0.00012
0.00006
0.00009
0.00009
0.00009
0.00012
0.00009
0.00009
0.00012
0.00006
0.00003
0.00006
0.00003
0.00000
0.00009
0.00009
0.00012
0.00015
0.00015
0.00006
0.00006
0.00009
0.00012
0.00012
0.00009
0.00009
0.00009
0.00012
0.00009
0.00009
0.00012
0.00012
0.00012
0.00012
0.00009
0.00009
0.00006
0.00006
0.00012
0.00009
0.00006
0.00012
0.00015
0.00009
0.00006
0.00006
0.00006
0.00006
0.00006
0.00012
0.00018
0.00018
0.00015
0.00009
0.00012
0.00009
0.00003
0.00006
0.00012
0.00009
0.00006
0.00012
0.00012
0.00009
0.00015
0.00018
0.00015
0.00012
0.00012
0.00012
0.00012
0.00012
0.00009
0.00009
0.00009
0.00006
0.00009
0.00012
0.00009
0.00009
0.00015
0.00018
0.00015
0.00015
0.00015
0.00012
0.00012
0.00009
0.00012
0.00009
0.00006
0.00009
0.00009
0.00006
0.00015
0.00015
0.00009
0.00009
0.00009
0.00009
0.00006
0.00009
0.00006
0.00012
0.00012
0.00003
0.00009
0.00012
0.00003
0.00000
0.00006
0.00006
0.00006
0.00015
0.00018
0.00012
0.00015
0.00012
0.00006
0.00009
0.00003
0.00000
0.00003
0.00003
0.00003
0.00012
0.00012
0.00009
0.00009
0.00003
0.00000
0.00000
0.00000
0.00006
0.00006
0.00006
0.00003
0.00006
0.00003
0.00006
0.00006
0.00006
0.00003
0.00000
0.00000
0.00006
0.00003
0.00003
0.00003
0.00000
0.00000
0.00000
0.00003
0.00000
0.00006
-0.00009
0.00018
-0.00021
0.00024
-0.00073
0.00061
-0.00076
0.00000
-0.02673
-0.06226
-0.02914
-0.01740
-0.00986
0.01910
0.04556
0.04416
0.03574
0.01987
0.00055
0.00534
-0.00705
-0.02341
-0.01981
-0.00696
-0.00504
0.00446
0.01291
0.00513
0.00467
0.00525
-0.00369
0.00024
0.00760
0.00186
-0.00092
0.00262
-0.00058
-0.00330
-0.00031
-0.00046
-0.00134
0.00012
0.00000
-0.00177
0.00165
0.00449
0.00290
0.00241
0.00409
0.00302
0.00089
0.00125
0.00055
-0.00128
-0.00098
-0.00070
-0.00110
-0.00003
0.00128
0.00113
0.00131
0.00302
0.00287
0.00165
0.00156
0.00143
0.00055
0.00009
0.00021
-0.00006
-0.00043
-0.00064
-0.00128
-0.00116
0.00000
0.00037
0.00031
0.00040
0.00076
0.00055
0.00052
0.00085
0.00040
-0.00024
-0.00031
-0.00061
-0.00098
-0.00101
-0.00092
-0.00101
-0.00101
-0.00082
-0.00092
-0.00055
-0.00021
-0.00024
-0.00012
0.00006
0.00000
-0.00009
-0.00009
-0.00024
-0.00055
-0.00061
-0.00104
-0.00140
-0.00140
-0.00140
-0.00159
-0.00131
-0.00079
-0.00055
-0.00049
-0.00034
-0.00015
0.00000
0.00009
0.00003
0.00009
-0.00006
-0.00067
-0.00116
-0.00125
-0.00125
-0.00143
-0.00168
-0.00183
-0.00180
-0.00146
-0.00101
-0.00049
-0.00006
0.00012
0.00021
0.00018
-0.00018
-0.00067
-0.00095
-0.00116
-0.00140
-0.00168
-0.00183
-0.00171
-0.00131
-0.00089
-0.00055
-0.00015
0.00000
-0.00003
-0.00009
0.00000
0.00006
0.00000
0.00000
0.00000
0.00000
0.00000
0.00000
0.00000
0.00000
0.00000
0.00000
0.00000
0.00000
0.00000
0.00000
0.00000
0.00000
0.00000
0.00000
0.00000
0.00000
0.00000
0.00000
0.00000
0.00000
0.00000
0.00000
0.00000
0.00000
0.00000
0.00000
0.00000
0.00000
0.00000
0.00000
0.00000
0.00000
0.00000
0.00000
0.00000
0.00000
0.00000
0.00000
0.00000
0.00000
0.00000
0.00000
0.00000
0.00000
0.00000
0.00000
0.00000
0.00000
0.00000
0.00000
0.00000
0.00000
0.00000
0.00000
0.00000
0.00000
0.00000
0.00000
0.00000
0.00000
0.00000
0.00000
0.00000
0.00000
0.00000
0.00000
0.00000
0.00000
0.00000
0.00000
0.00000
0.00000
0.00000
0.00000
0.00000
0.00000
0.00000
0.00000
0.00000
0.00000
0.00000
0.00000
0.00000
0.00000
0.00000
0.00000
0.00000
0.00000
0.00000
0.00000
0.00000
0.00000
0.00000
0.00000
0.00000
0.00000
0.00000
0.00000
0.00000
0.00000
0.00000
0.00000
0.00000
0.00000
0.00000
0.00000
0.00000
0.00000
0.00000
0.00000
0.00000
0.00000
0.00000
0.00000
0.00000
0.00000
0.00000
0.00000
0.00000
0.00000
0.00000
0.00000
0.00000
0.00000
0.00000
0.00000
0.00000
0.00000
0.00000
0.00000
0.00000
0.00000
0.00000
0.00000
0.00000
0.00000
0.00000
0.00000
0.00000
0.00000
0.00000
0.00000
0.00000
0.00000
0.00000
0.00000
0.00000
0.00000
0.00000
0.00000
0.00000
0.00000
0.00000
0.00000
0.00000
0.00000
0.00000
0.00000
0.00000
0.00000
0.00000
0.00000
0.00000
0.00000
0.00000
0.00000
0.00000
0.00000
0.00000
0.00000
0.00000
