-0.00027
-0.00024
-0.00024
-0.00021
-0.00015
-0.00009
-0.00009
-0.00012
-0.00015
-0.00018
-0.00024
-0.00034
-0.00031
-0.00024
-0.00021
-0.00021
-0.00015
-0.00012
-0.00018
-0.00024
-0.00015
-0.00021
-0.00021
-0.00015
-0.00012
-0.00012
-0.00015
-0.00012
-0.00015
-0.00018
-0.00018
-0.00024
-0.00021
-0.00018
-0.00021
-0.00015
-0.00009
-0.00009
-0.00012
-0.00012
-0.00012
-0.00021
-0.00024
-0.00015
-0.00015
-0.00018
-0.00012
-0.00009
-0.00009
-0.00006
-0.00012
-0.00015
-0.00018
-0.00021
-0.00012
-0.00021
0.00000
0.00000
-0.00015
-0.00006
-0.00009
-0.00018
-0.00018
-0.00021
-0.00012
-0.00009
-0.00006
-0.00006
-0.00009
-0.00003
-0.00003
-0.00006
-0.00006
-0.00006
-0.00006
-0.00015
-0.00009
-0.00003
-0.00006
-0.00003
-0.00003
-0.00006
-0.00012
-0.00012
-0.00012
-0.00012
-0.00003
-0.00003
-0.00003
0.00000
-0.00003
-0.00009
-0.00006
-0.00009
-0.00009
-0.00009
-0.00009
-0.00006
-0.00009
-0.00003
0.00003
0.00000
-0.00003
0.00000
0.00000
0.00000
0.00000
0.00000
0.00000
-0.00003
0.00000
0.00000
-0.00006
-0.00006
-0.00009
-0.00009
0.00000
0.00000
0.00000
0.00000
0.00003
-0.00003
-0.00006
-0.00006
-0.00009
-0.00009
-0.00003
0.00000
0.00000
0.00000
0.00000
0.00000
0.00003
0.00000
-0.00006
-0.00003
0.00000
0.00003
0.00000
0.00006
0.00003
0.00000
-0.00003
-0.00006
0.00000
-0.00006
-0.00009
-0.00003
0.00000
-0.00009
-0.00006
0.00000
0.00000
0.00000
0.00000
0.00000
0.00003
0.00003
0.00000
0.00003
0.00009
0.00000
-0.00009
0.00000
0.00000
-0.00006
0.00000
0.00003
0.00000
0.00000
0.00000
-0.00003
0.00006
0.00000
-0.00006
0.00021
-0.00058
0.00089
-0.00162
0.00262
-0.00409
-0.00168
-0.09866
-0.07150
0.01440
-0.03601
-0.00864
0.06232
0.07730
0.02509
-0.02441
-0.03247
0.04950
0.05847
0.01834
-0.00665
0.01047
-0.00037
-0.03931
-0.01468
-0.00082
-0.00165
0.01596
0.00238
0.00479
0.01395
0.00031
-0.00455
0.00833
0.01193
-0.00668
-0.01025
-0.00183
-0.00006
-0.00180
0.00119
0.00012
-0.00046
0.00287
0.00479
0.00369
0.00232
0.00519
0.00034
-0.00037
0.00220
-0.00012
-0.00140
0.00177
-0.00168
-0.00574
-0.00284
0.00107
-0.00137
0.00128
0.00586
0.00394
0.00098
0.00229
0.00192
0.00043
0.00000
0.00082
-0.00031
-0.00180
-0.00153
-0.00186
-0.00031
0.00061
-0.00104
-0.00064
0.00082
0.00082
-0.00089
0.00021
0.00208
0.00018
-0.00125
-0.00015
-0.00092
-0.00153
-0.00201
-0.00113
-0.00082
-0.00143
-0.00189
-0.00146
-0.00040
0.00000
-0.00052
0.00082
0.00082
-0.00024
-0.00064
-0.00009
0.00000
-0.00076
-0.00085
-0.00089
-0.00162
-0.00180
-0.00189
-0.00140
-0.00089
-0.00101
-0.00037
-0.00027
-0.00040
-0.00027
0.00012
0.00058
0.00064
0.00067
0.00055
-0.00021
-0.00073
-0.00101
-0.00113
-0.00177
-0.00189
-0.00140
-0.00171
-0.00208
-0.00159
-0.00061
0.00000
0.00000
0.00006
0.00000
-0.00018
-0.00024
0.00000
0.00034
-0.00024
-0.00143
-0.00186
-0.00165
-0.00159
-0.00156
-0.00070
0.00003
-0.00006
-0.00006
0.00043
0.00092
0.00082
0.00061
0.00076
0.00073
0.00024
-0.00021
0.00000
0.00000
0.00000
0.00000
0.00000
0.00000
0.00000
0.00000
0.00000
0.00000
0.00000
0.00000
0.00000
0.00000
0.00000
0.00000
0.00000
0.00000
0.00000
0.00000
0.00000
0.00000
0.00000
0.00000
0.00000
0.00000
0.00000
0.00000
0.00000
0.00000
0.00000
0.00000
0.00000
0.00000
0.00000
0.00000
0.00000
0.00000
0.00000
0.00000
0.00000
0.00000
0.00000
0.00000
0.00000
0.00000
0.00000
0.00000
0.00000
0.00000
0.00000
0.00000
0.00000
0.00000
0.00000
0.00000
0.00000
0.00000
0.00000
0.00000
0.00000
0.00000
0.00000
0.00000
0.00000
0.00000
0.00000
0.00000
0.00000
0.00000
0.00000
0.00000
0.00000
0.00000
0.00000
0.00000
0.00000
0.00000
0.00000
0.00000
0.00000
0.00000
0.00000
0.00000
0.00000
0.00000
0.00000
0.00000
0.00000
0.00000
0.00000
0.00000
0.00000
0.00000
0.00000
0.00000
0.00000
0.00000
0.00000
0.00000
0.00000
0.00000
0.00000
0.00000
0.00000
0.00000
0.00000
0.00000
0.00000
0.00000
0.00000
0.00000
0.00000
0.00000
0.00000
0.00000
0.00000
0.00000
0.00000
0.00000
0.00000
0.00000
0.00000
0.00000
0.00000
0.00000
0.00000
0.00000
0.00000
0.00000
0.00000
0.00000
0.00000
0.00000
0.00000
0.00000
0.00000
0.00000
0.00000
0.00000
0.00000
0.00000
0.00000
0.00000
0.00000
0.00000
0.00000
0.00000
0.00000
0.00000
0.00000
0.00000
0.00000
0.00000
0.00000
0.00000
0.00000
0.00000
0.00000
0.00000
0.00000
0.00000
0.00000
0.00000
0.00000
0.00000
0.00000
0.00000
0.00000
0.00000
0.00000
0.00000
0.00000
0.00000
0.00000
0.00000
0.00000
0.00000
0.00000
0.00000
0.00000
