0.00003
0.00006
0.00000
0.00000
0.00006
0.00009
0.00000
-0.00003
0.00000
0.00000
-0.00003
0.00000
0.00000
0.00000
0.00003
0.00009
-0.00003
-0.00003
0.00000
-0.00006
0.00000
0.00003
0.00000
-0.00003
0.00000
-0.00006
-0.00018
-0.00009
0.00000
0.00000
0.00000
-0.00003
-0.00009
0.00000
-0.00006
-0.00015
-0.00009
0.00000
-0.00006
-0.00015
0.00000
0.00000
-0.00015
-0.00009
-0.00006
-0.00006
-0.00006
-0.00006
-0.00006
-0.00006
-0.00012
0.00000
-0.00024
-0.00012
0.00000
-0.00031
-0.00018
0.00000
-0.00006
-0.00018
-0.00009
0.00000
-0.00006
-0.00009
-0.00003
-0.00012
-0.00018
-0.00009
-0.00006
-0.00021
-0.00012
-0.00003
-0.00024
-0.00018
-0.00003
-0.00021
-0.00018
-0.00012
-0.00018
-0.00018
-0.00009
-0.00006
-0.00024
-0.00018
-0.00015
-0.00027
-0.00012
-0.00009
-0.00018
-0.00015
-0.00012
-0.00024
-0.00021
-0.00006
-0.00018
-0.00024
-0.00024
-0.00009
-0.00021
-0.00031
-0.00009
-0.00015
-0.00027
-0.00018
-0.00021
-0.00021
-0.00018
-0.00015
-0.00018
-0.00009
-0.00018
-0.00034
-0.00024
-0.00018
-0.00024
-0.00021
-0.00009
-0.00012
-0.00021
-0.00021
-0.00015
-0.00024
-0.00031
-0.00021
-0.00024
-0.00024
-0.00018
-0.00015
-0.00018
-0.00018
-0.00018
-0.00024
-0.00024
-0.00018
-0.00018
-0.00031
-0.00021
-0.00018
-0.00024
-0.00012
-0.00015
-0.00021
-0.00031
-0.00034
-0.00037
-0.00021
-0.00015
-0.00018
-0.00012
-0.00012
-0.00027
-0.00034
-0.00024
-0.00024
-0.00037
-0.00027
-0.00024
-0.00018
-0.00018
-0.00031
-0.00021
-0.00024
-0.00031
-0.00021
-0.00015
-0.00021
-0.00015
-0.00031
-0.00009
-0.00043
0.00024
-0.00122
0.00113
-0.00247
0.00275
-0.00464
0.00595
-0.00885
0.01111
-0.09937
-0.18121
0.03751
-0.03021
-0.02261
0.15948
0.17969
0.02203
-0.07297
-0.05020
-0.02036
0.02844
0.00266
-0.01993
0.06219
0.04010
-0.04425
-0.00778
0.02176
-0.02951
0.00003
0.02121
-0.00974
0.00528
0.00977
-0.01529
0.00293
0.02756
-0.00912
-0.01575
0.01477
-0.00165
-0.01147
0.00720
0.00766
-0.00812
0.00000
0.01089
0.00504
-0.00156
0.00394
-0.00177
-0.00696
-0.00226
-0.00043
-0.00351
0.00406
0.00369
-0.00467
-0.00369
0.00369
-0.00113
-0.00211
0.00818
0.00662
-0.00424
-0.00101
0.00247
-0.00076
-0.00168
0.00375
0.00104
-0.00525
-0.00208
-0.00168
-0.00244
0.00113
-0.00095
-0.00189
-0.00021
0.00104
-0.00278
-0.00162
0.00290
-0.00092
-0.00320
0.00073
-0.00085
-0.00290
-0.00284
-0.00009
-0.00055
-0.00217
-0.00195
-0.00272
-0.00143
-0.00034
-0.00104
0.00089
0.00092
-0.00079
-0.00168
-0.00092
-0.00089
-0.00253
-0.00098
-0.00067
-0.00229
-0.00241
-0.00235
-0.00195
-0.00116
-0.00058
0.00009
-0.00079
-0.00125
-0.00098
0.00012
0.00070
-0.00027
-0.00018
0.00015
-0.00085
-0.00153
-0.00134
-0.00089
-0.00244
-0.00320
-0.00189
-0.00192
-0.00223
-0.00128
-0.00009
0.00000
-0.00015
0.00012
-0.00031
-0.00073
-0.00104
-0.00125
-0.00073
-0.00085
-0.00153
-0.00171
-0.00162
-0.00186
-0.00189
-0.00043
0.00052
-0.00037
-0.00076
0.00006
0.00064
0.00034
0.00043
0.00098
0.00061
-0.00027
-0.00043
-0.00031
-0.00018
0.00000
0.00000
0.00000
0.00000
0.00000
0.00000
0.00000
0.00000
0.00000
0.00000
0.00000
0.00000
0.00000
0.00000
0.00000
0.00000
0.00000
0.00000
0.00000
0.00000
0.00000
0.00000
0.00000
0.00000
0.00000
0.00000
0.00000
0.00000
0.00000
0.00000
0.00000
0.00000
0.00000
0.00000
0.00000
0.00000
0.00000
0.00000
0.00000
0.00000
0.00000
0.00000
0.00000
0.00000
0.00000
0.00000
0.00000
0.00000
0.00000
0.00000
0.00000
0.00000
0.00000
0.00000
0.00000
0.00000
0.00000
0.00000
0.00000
0.00000
0.00000
0.00000
0.00000
0.00000
0.00000
0.00000
0.00000
0.00000
0.00000
0.00000
0.00000
0.00000
0.00000
0.00000
0.00000
0.00000
0.00000
0.00000
0.00000
0.00000
0.00000
0.00000
0.00000
0.00000
0.00000
0.00000
0.00000
0.00000
0.00000
0.00000
0.00000
0.00000
0.00000
0.00000
0.00000
0.00000
0.00000
0.00000
0.00000
0.00000
0.00000
0.00000
0.00000
0.00000
0.00000
0.00000
0.00000
0.00000
0.00000
0.00000
0.00000
0.00000
0.00000
0.00000
0.00000
0.00000
0.00000
0.00000
0.00000
0.00000
0.00000
0.00000
0.00000
0.00000
0.00000
0.00000
0.00000
0.00000
0.00000
0.00000
0.00000
0.00000
0.00000
0.00000
0.00000
0.00000
0.00000
0.00000
0.00000
0.00000
0.00000
0.00000
0.00000
0.00000
0.00000
0.00000
0.00000
0.00000
0.00000
0.00000
0.00000
0.00000
0.00000
0.00000
0.00000
0.00000
0.00000
0.00000
0.00000
0.00000
0.00000
0.00000
0.00000
0.00000
0.00000
0.00000
0.00000
0.00000
0.00000
0.00000
0.00000
0.00000
0.00000
0.00000
0.00000
0.00000
0.00000
0.00000
0.00000
0.00000
0.00000
0.00000
