-0.00031
-0.00024
-0.00021
-0.00024
-0.00021
-0.00021
-0.00027
-0.00027
-0.00021
-0.00021
-0.00021
-0.00021
-0.00027
-0.00031
-0.00024
-0.00027
-0.00027
-0.00024
-0.00027
-0.00027
-0.00027
-0.00024
-0.00027
-0.00031
-0.00031
-0.00034
-0.00034
-0.00031
-0.00027
-0.00027
-0.00024
-0.00031
-0.00034
-0.00027
-0.00031
-0.00034
-0.00031
-0.00027
-0.00031
-0.00031
-0.00024
-0.00027
-0.00034
-0.00037
-0.00037
-0.00031
-0.00034
-0.00034
-0.00031
-0.00031
-0.00031
-0.00031
-0.00037
-0.00040
-0.00037
-0.00037
-0.00037
-0.00034
-0.00040
-0.00037
-0.00031
-0.00031
-0.00034
-0.00034
-0.00031
-0.00037
-0.00037
-0.00037
-0.00040
-0.00037
-0.00037
-0.00034
-0.00034
-0.00037
-0.00040
-0.00037
-0.00037
-0.00043
-0.00037
-0.00031
-0.00037
-0.00034
-0.00031
-0.00037
-0.00046
-0.00046
-0.00040
-0.00043
-0.00040
-0.00037
-0.00037
-0.00034
-0.00031
-0.00034
-0.00040
-0.00040
-0.00040
-0.00040
-0.00037
-0.00037
-0.00040
-0.00037
-0.00037
-0.00040
-0.00037
-0.00034
-0.00040
-0.00043
-0.00040
-0.00040
-0.00043
-0.00043
-0.00043
-0.00040
-0.00037
-0.00040
-0.00037
-0.00034
-0.00037
-0.00037
-0.00040
-0.00043
-0.00043
-0.00043
-0.00046
-0.00040
-0.00040
-0.00043
-0.00037
-0.00034
-0.00037
-0.00043
-0.00043
-0.00040
-0.00043
-0.00040
-0.00034
-0.00037
-0.00040
-0.00040
-0.00040
-0.00043
-0.00046
-0.00040
-0.00034
-0.00034
-0.00037
-0.00031
-0.00031
-0.00037
-0.00037
-0.00037
-0.00040
-0.00040
-0.00037
-0.00037
-0.00034
-0.00037
-0.00037
-0.00034
-0.00034
-0.00034
-0.00037
-0.00037
-0.00040
-0.00046
-0.00043
-0.00031
-0.00031
-0.00040
-0.00037
-0.00037
-0.00043
-0.00040
-0.00031
-0.00034
-0.00037
-0.00040
-0.00037
-0.00043
-0.00027
-0.00031
-0.00046
-0.00040
-0.00046
-0.00040
-0.00040
-0.00034
-0.00034
-0.00024
-0.00031
-0.00034
-0.00049
-0.00046
-0.00046
-0.00037
-0.00058
-0.00043
-0.00034
-0.00034
-0.00470
-0.02567
-0.02322
-0.01721
-0.02432
-0.00586
0.02252
0.02515
0.02380
0.01288
-0.00046
0.00031
-0.00665
-0.01498
-0.00958
0.00366
0.00162
0.00290
0.00885
0.00394
0.00000
0.00171
-0.00180
0.00024
0.00409
-0.00171
-0.00259
0.00388
0.00287
0.00085
0.00323
0.00208
0.00021
0.00073
0.00024
-0.00089
0.00134
0.00229
0.00189
0.00293
0.00290
0.00034
-0.00079
-0.00027
-0.00021
-0.00034
0.00000
0.00037
0.00052
0.00043
0.00034
0.00024
0.00003
0.00085
0.00146
0.00070
0.00052
0.00116
0.00067
0.00018
0.00021
0.00046
0.00046
0.00018
-0.00006
-0.00037
0.00000
-0.00021
-0.00058
-0.00043
-0.00015
0.00000
0.00018
0.00043
0.00006
-0.00018
-0.00009
-0.00015
-0.00067
-0.00104
-0.00113
-0.00101
-0.00073
-0.00076
-0.00073
-0.00073
-0.00067
-0.00052
-0.00052
-0.00031
-0.00046
-0.00024
-0.00021
-0.00052
-0.00098
-0.00119
-0.00107
-0.00104
-0.00098
-0.00095
-0.00107
-0.00085
-0.00073
-0.00101
-0.00122
-0.00107
-0.00070
-0.00040
-0.00021
-0.00021
-0.00034
-0.00037
-0.00043
-0.00079
-0.00101
-0.00113
-0.00119
-0.00110
-0.00104
-0.00113
-0.00116
-0.00098
-0.00082
-0.00073
-0.00055
-0.00037
-0.00049
-0.00061
-0.00058
-0.00061
-0.00076
-0.00085
-0.00082
-0.00082
-0.00098
-0.00113
-0.00098
-0.00092
-0.00076
0.00000
0.00000
0.00000
0.00000
0.00000
0.00000
0.00000
0.00000
0.00000
0.00000
0.00000
0.00000
0.00000
0.00000
0.00000
0.00000
0.00000
0.00000
0.00000
0.00000
0.00000
0.00000
0.00000
0.00000
0.00000
0.00000
0.00000
0.00000
0.00000
0.00000
0.00000
0.00000
0.00000
0.00000
0.00000
0.00000
0.00000
0.00000
0.00000
0.00000
0.00000
0.00000
0.00000
0.00000
0.00000
0.00000
0.00000
0.00000
0.00000
0.00000
0.00000
0.00000
0.00000
0.00000
0.00000
0.00000
0.00000
0.00000
0.00000
0.00000
0.00000
0.00000
0.00000
0.00000
0.00000
0.00000
0.00000
0.00000
0.00000
0.00000
0.00000
0.00000
0.00000
0.00000
0.00000
0.00000
0.00000
0.00000
0.00000
0.00000
0.00000
0.00000
0.00000
0.00000
0.00000
0.00000
0.00000
0.00000
0.00000
0.00000
0.00000
0.00000
0.00000
0.00000
0.00000
0.00000
0.00000
0.00000
0.00000
0.00000
0.00000
0.00000
0.00000
0.00000
0.00000
0.00000
0.00000
0.00000
0.00000
0.00000
0.00000
0.00000
0.00000
0.00000
0.00000
0.00000
0.00000
0.00000
0.00000
0.00000
0.00000
0.00000
0.00000
0.00000
0.00000
0.00000
0.00000
0.00000
0.00000
0.00000
0.00000
0.00000
0.00000
0.00000
0.00000
0.00000
0.00000
0.00000
0.00000
0.00000
0.00000
0.00000
0.00000
0.00000
0.00000
0.00000
0.00000
0.00000
0.00000
0.00000
0.00000
0.00000
0.00000
0.00000
0.00000
0.00000
0.00000
0.00000
0.00000
0.00000
0.00000
0.00000
0.00000
0.00000
0.00000
0.00000
0.00000
0.00000
0.00000
0.00000
0.00000
0.00000
0.00000
