-0.00006
-0.00006
-0.00006
0.00000
0.00000
0.00000
0.00000
-0.00003
-0.00009
-0.00006
-0.00006
-0.00006
-0.00003
-0.00006
-0.00006
-0.00006
-0.00003
0.00000
-0.00006
0.00000
0.00000
0.00000
-0.00003
-0.00006
-0.00003
-0.00003
-0.00003
-0.00003
0.00000
0.00000
-0.00003
-0.00003
-0.00003
0.00000
-0.00003
-0.00003
0.00000
0.00000
-0.00003
0.00000
0.00003
-0.00003
-0.00003
0.00000
0.00000
-0.00003
0.00000
0.00000
-0.00003
0.00000
0.00000
-0.00003
0.00000
0.00000
0.00000
0.00000
0.00000
-0.00003
-0.00003
-0.00003
-0.00003
-0.00003
0.00000
-0.00003
0.00000
0.00003
0.00000
-0.00003
-0.00006
-0.00006
-0.00009
-0.00003
0.00000
0.00003
0.00000
0.00000
-0.00003
0.00000
0.00000
0.00000
0.00000
0.00003
0.00003
0.00000
-0.00003
0.00000
-0.00006
-0.00003
0.00000
0.00000
0.00000
0.00006
0.00003
-0.00003
0.00000
0.00000
0.00000
0.00000
0.00000
0.00000
0.00000
0.00000
0.00000
0.00000
0.00000
0.00000
-0.00003
0.00000
0.00006
0.00000
0.00000
0.00003
0.00000
0.00000
0.00000
0.00000
0.00000
0.00000
0.00003
0.00000
0.00000
0.00000
0.00000
0.00003
0.00000
0.00000
0.00000
0.00000
0.00000
0.00003
0.00000
-0.00003
0.00000
0.00000
0.00000
0.00000
0.00000
0.00000
0.00000
0.00000
0.00003
0.00003
0.00003
0.00003
0.00003
0.00000
0.00000
0.00000
0.00000
0.00000
0.00000
0.00003
0.00003
0.00000
0.00000
0.00000
0.00003
0.00000
0.00003
0.00003
0.00000
0.00000
0.00000
0.00000
0.00000
0.00000
0.00003
0.00000
0.00000
0.00000
0.00000
0.00000
-0.00003
0.00000
0.00003
0.00006
0.00009
0.00006
0.00000
0.00000
-0.00006
0.00003
-0.00015
0.00024
-0.00049
0.00058
-0.00098
0.00122
-0.00208
0.00146
-0.03204
-0.05820
-0.03333
-0.04227
-0.01639
0.01761
0.05579
0.05237
0.04749
0.02084
0.01291
0.01614
-0.01074
-0.01999
-0.02051
-0.01212
-0.00888
-0.00101
0.00961
0.00821
0.00977
0.00201
-0.00607
0.00238
0.00305
0.00113
0.00467
0.00504
0.00006
-0.00232
-0.00186
0.00027
-0.00024
-0.00125
-0.00082
-0.00076
0.00085
0.00217
0.00433
0.00412
0.00479
0.00186
-0.00143
-0.00180
-0.00079
-0.00174
-0.00031
0.00027
-0.00043
0.00015
0.00177
0.00150
0.00125
0.00284
0.00290
0.00159
0.00183
0.00208
0.00143
0.00064
0.00021
-0.00089
-0.00156
-0.00110
-0.00116
-0.00070
-0.00015
0.00000
0.00021
0.00052
0.00089
0.00027
0.00061
0.00082
0.00027
-0.00027
-0.00052
-0.00073
-0.00092
-0.00082
-0.00070
-0.00113
-0.00113
-0.00131
-0.00113
-0.00061
-0.00034
-0.00015
-0.00003
0.00034
0.00031
-0.00003
-0.00031
-0.00064
-0.00079
-0.00082
-0.00092
-0.00082
-0.00107
-0.00140
-0.00156
-0.00125
-0.00085
-0.00061
-0.00052
-0.00040
-0.00031
-0.00015
0.00015
0.00055
0.00049
0.00034
0.00000
-0.00064
-0.00116
-0.00153
-0.00186
-0.00208
-0.00192
-0.00174
-0.00150
-0.00107
-0.00061
-0.00021
0.00009
0.00021
0.00031
0.00006
-0.00034
-0.00067
-0.00092
-0.00107
-0.00122
-0.00137
-0.00140
-0.00140
-0.00122
-0.00085
-0.00052
-0.00043
-0.00037
-0.00003
0.00037
0.00046
0.00043
0.00015
0.00000
0.00000
0.00000
0.00000
0.00000
0.00000
0.00000
0.00000
0.00000
0.00000
0.00000
0.00000
0.00000
0.00000
0.00000
0.00000
0.00000
0.00000
0.00000
0.00000
0.00000
0.00000
0.00000
0.00000
0.00000
0.00000
0.00000
0.00000
0.00000
0.00000
0.00000
0.00000
0.00000
0.00000
0.00000
0.00000
0.00000
0.00000
0.00000
0.00000
0.00000
0.00000
0.00000
0.00000
0.00000
0.00000
0.00000
0.00000
0.00000
0.00000
0.00000
0.00000
0.00000
0.00000
0.00000
0.00000
0.00000
0.00000
0.00000
0.00000
0.00000
0.00000
0.00000
0.00000
0.00000
0.00000
0.00000
0.00000
0.00000
0.00000
0.00000
0.00000
0.00000
0.00000
0.00000
0.00000
0.00000
0.00000
0.00000
0.00000
0.00000
0.00000
0.00000
0.00000
0.00000
0.00000
0.00000
0.00000
0.00000
0.00000
0.00000
0.00000
0.00000
0.00000
0.00000
0.00000
0.00000
0.00000
0.00000
0.00000
0.00000
0.00000
0.00000
0.00000
0.00000
0.00000
0.00000
0.00000
0.00000
0.00000
0.00000
0.00000
0.00000
0.00000
0.00000
0.00000
0.00000
0.00000
0.00000
0.00000
0.00000
0.00000
0.00000
0.00000
0.00000
0.00000
0.00000
0.00000
0.00000
0.00000
0.00000
0.00000
0.00000
0.00000
0.00000
0.00000
0.00000
0.00000
0.00000
0.00000
0.00000
0.00000
0.00000
0.00000
0.00000
0.00000
0.00000
0.00000
0.00000
0.00000
0.00000
0.00000
0.00000
0.00000
0.00000
0.00000
0.00000
0.00000
0.00000
0.00000
0.00000
0.00000
0.00000
0.00000
0.00000
0.00000
0.00000
0.00000
0.00000
0.00000
0.00000
0.00000
0.00000
0.00000
0.00000
0.00000
