-0.00003
0.00000
0.00003
0.00003
0.00006
0.00006
0.00009
0.00003
0.00003
0.00006
0.00003
0.00000
0.00000
0.00006
0.00006
0.00009
0.00009
0.00009
0.00003
0.00000
-0.00003
-0.00003
0.00000
0.00000
0.00006
0.00012
0.00012
0.00012
0.00015
0.00015
0.00003
0.00003
0.00006
0.00006
0.00000
0.00000
0.00003
0.00009
0.00009
0.00009
0.00015
0.00006
0.00003
0.00003
0.00003
0.00009
0.00015
0.00009
0.00009
0.00015
0.00009
0.00009
0.00015
0.00015
0.00009
0.00003
0.00003
0.00009
0.00009
0.00012
0.00006
0.00012
0.00021
0.00000
0.00000
0.00009
0.00006
0.00000
0.00009
0.00009
0.00012
0.00018
0.00015
0.00012
0.00012
0.00006
0.00003
0.00003
0.00006
0.00006
0.00012
0.00009
0.00015
0.00015
0.00006
0.00009
0.00009
0.00000
0.00000
0.00006
0.00009
0.00009
0.00018
0.00015
0.00012
0.00012
0.00009
0.00006
0.00006
0.00009
0.00006
0.00009
0.00012
0.00009
0.00006
0.00009
0.00009
0.00000
0.00006
0.00009
0.00006
0.00006
0.00003
0.00006
0.00006
0.00012
0.00015
0.00012
0.00012
0.00003
-0.00003
0.00000
0.00000
0.00000
0.00003
0.00012
0.00009
0.00006
0.00006
0.00009
0.00009
0.00009
0.00006
0.00003
-0.00003
-0.00009
0.00000
0.00009
0.00012
0.00012
0.00012
0.00015
0.00009
0.00000
0.00000
0.00000
0.00000
0.00003
0.00003
0.00006
0.00003
0.00006
0.00003
0.00000
0.00000
-0.00003
0.00000
0.00003
0.00009
0.00006
0.00009
0.00015
0.00009
0.00003
0.00003
0.00006
0.00003
0.00000
0.00003
0.00006
0.00003
0.00006
0.00006
0.00006
0.00003
0.00003
0.00009
0.00000
0.00018
-0.00018
0.00024
-0.00040
0.00046
-0.00061
0.00076
-0.00092
0.00043
-0.02332
-0.07269
-0.02197
-0.02982
-0.04764
-0.00146
0.05466
0.05722
0.04266
0.03067
0.01672
0.04007
0.00314
-0.02179
-0.01974
-0.01187
-0.01794
-0.01147
0.01086
0.00885
0.01086
0.01248
-0.00598
-0.00153
0.00378
-0.00604
0.00006
0.01080
0.00287
-0.00443
-0.00201
0.00024
0.00064
0.00082
-0.00012
-0.00226
0.00186
0.00241
0.00266
0.00433
0.00427
0.00333
0.00082
-0.00058
-0.00104
-0.00177
-0.00177
-0.00162
-0.00272
-0.00247
-0.00006
0.00250
0.00150
0.00351
0.00452
0.00220
0.00192
0.00272
0.00180
0.00064
0.00049
-0.00015
-0.00180
-0.00143
-0.00183
-0.00162
-0.00015
-0.00037
-0.00037
0.00067
0.00150
0.00055
0.00003
0.00098
0.00073
-0.00027
-0.00092
-0.00101
-0.00125
-0.00128
-0.00107
-0.00076
-0.00085
-0.00131
-0.00143
-0.00073
-0.00055
-0.00052
-0.00055
0.00015
0.00034
0.00000
-0.00018
-0.00024
-0.00052
-0.00082
-0.00128
-0.00140
-0.00156
-0.00150
-0.00153
-0.00104
-0.00073
-0.00070
-0.00064
-0.00067
-0.00055
-0.00018
-0.00003
0.00015
0.00046
0.00034
0.00003
-0.00046
-0.00073
-0.00107
-0.00171
-0.00220
-0.00214
-0.00201
-0.00208
-0.00171
-0.00098
-0.00061
-0.00021
0.00006
0.00031
0.00049
0.00003
-0.00055
-0.00101
-0.00131
-0.00150
-0.00156
-0.00137
-0.00146
-0.00159
-0.00119
-0.00061
-0.00027
-0.00021
-0.00006
0.00003
0.00009
0.00027
0.00027
0.00015
0.00000
0.00000
0.00000
0.00000
0.00000
0.00000
0.00000
0.00000
0.00000
0.00000
0.00000
0.00000
0.00000
0.00000
0.00000
0.00000
0.00000
0.00000
0.00000
0.00000
0.00000
0.00000
0.00000
0.00000
0.00000
0.00000
0.00000
0.00000
0.00000
0.00000
0.00000
0.00000
0.00000
0.00000
0.00000
0.00000
0.00000
0.00000
0.00000
0.00000
0.00000
0.00000
0.00000
0.00000
0.00000
0.00000
0.00000
0.00000
0.00000
0.00000
0.00000
0.00000
0.00000
0.00000
0.00000
0.00000
0.00000
0.00000
0.00000
0.00000
0.00000
0.00000
0.00000
0.00000
0.00000
0.00000
0.00000
0.00000
0.00000
0.00000
0.00000
0.00000
0.00000
0.00000
0.00000
0.00000
0.00000
0.00000
0.00000
0.00000
0.00000
0.00000
0.00000
0.00000
0.00000
0.00000
0.00000
0.00000
0.00000
0.00000
0.00000
0.00000
0.00000
0.00000
0.00000
0.00000
0.00000
0.00000
0.00000
0.00000
0.00000
0.00000
0.00000
0.00000
0.00000
0.00000
0.00000
0.00000
0.00000
0.00000
0.00000
0.00000
0.00000
0.00000
0.00000
0.00000
0.00000
0.00000
0.00000
0.00000
0.00000
0.00000
0.00000
0.00000
0.00000
0.00000
0.00000
0.00000
0.00000
0.00000
0.00000
0.00000
0.00000
0.00000
0.00000
0.00000
0.00000
0.00000
0.00000
0.00000
0.00000
0.00000
0.00000
0.00000
0.00000
0.00000
0.00000
0.00000
0.00000
0.00000
0.00000
0.00000
0.00000
0.00000
0.00000
0.00000
0.00000
0.00000
0.00000
0.00000
0.00000
0.00000
0.00000
0.00000
0.00000
0.00000
0.00000
0.00000
0.00000
0.00000
0.00000
0.00000
0.00000
0.00000
0.00000
0.00000
0.00000
0.00000
