-0.00031
-0.00021
-0.00031
-0.00037
-0.00021
-0.00021
-0.00034
-0.00027
-0.00027
-0.00031
-0.00034
-0.00027
-0.00027
-0.00040
-0.00034
-0.00024
-0.00037
-0.00031
-0.00021
-0.00021
-0.00021
-0.00021
-0.00027
-0.00027
-0.00024
-0.00024
-0.00031
-0.00024
-0.00024
-0.00034
-0.00037
-0.00040
-0.00046
-0.00034
-0.00018
-0.00024
-0.00024
-0.00018
-0.00027
-0.00031
-0.00024
-0.00015
-0.00021
-0.00024
-0.00027
-0.00037
-0.00040
-0.00040
-0.00034
-0.00015
-0.00012
-0.00003
-0.00024
-0.00049
-0.00021
-0.00037
-0.00043
-0.00003
-0.00012
-0.00046
-0.00031
-0.00009
-0.00018
-0.00018
-0.00015
-0.00031
-0.00031
-0.00027
-0.00027
-0.00027
-0.00015
-0.00006
-0.00024
-0.00024
-0.00009
-0.00031
-0.00037
-0.00018
-0.00024
-0.00037
-0.00018
-0.00003
-0.00024
-0.00031
-0.00018
-0.00037
-0.00034
-0.00009
-0.00012
-0.00018
-0.00015
-0.00024
-0.00024
-0.00006
-0.00009
-0.00021
-0.00012
0.00000
-0.00021
-0.00046
-0.00015
-0.00003
-0.00021
-0.00012
0.00000
-0.00018
-0.00024
-0.00009
-0.00006
-0.00012
-0.00015
-0.00027
-0.00021
-0.00009
-0.00015
-0.00024
-0.00009
-0.00009
-0.00021
-0.00012
-0.00003
-0.00015
-0.00021
-0.00006
-0.00009
-0.00018
-0.00012
-0.00009
-0.00012
-0.00015
-0.00018
-0.00021
-0.00015
-0.00009
-0.00003
-0.00003
-0.00009
-0.00009
-0.00015
-0.00006
-0.00003
-0.00009
-0.00015
-0.00015
-0.00015
-0.00012
-0.00003
-0.00006
-0.00003
0.00000
-0.00006
-0.00012
-0.00015
-0.00006
-0.00012
-0.00015
-0.00009
-0.00003
0.00003
-0.00003
-0.00006
-0.00003
-0.00018
-0.00015
0.00000
-0.00006
0.00000
-0.00009
0.00000
-0.00031
0.00037
-0.00076
0.00092
-0.00137
0.00150
-0.00223
0.00259
-0.00354
0.00467
-0.05890
-0.21628
-0.05090
0.00656
-0.04041
0.17731
0.27481
0.05939
-0.06281
-0.03799
-0.06842
-0.03333
0.00577
-0.05585
0.03973
0.07495
-0.01898
-0.00424
0.03845
-0.02826
-0.02820
0.04422
-0.01068
-0.01938
0.03302
-0.00418
-0.01331
0.03253
-0.00882
-0.03275
0.01501
0.00433
-0.01886
0.00882
0.01416
-0.00644
0.00531
0.01785
0.00317
-0.00082
0.00693
-0.00299
-0.01047
-0.00406
0.00092
-0.00681
-0.00058
0.00620
-0.00220
-0.00461
0.00665
0.00180
-0.00314
0.00925
0.00870
-0.00467
-0.00034
0.00476
-0.00241
-0.00201
0.00388
-0.00070
-0.00485
-0.00150
-0.00174
-0.00345
0.00089
0.00119
-0.00006
0.00220
0.00296
-0.00134
-0.00180
0.00223
-0.00043
-0.00381
-0.00031
-0.00082
-0.00314
-0.00232
0.00061
0.00003
-0.00171
-0.00110
-0.00211
-0.00131
0.00061
0.00037
0.00146
0.00189
0.00031
-0.00159
-0.00122
-0.00070
-0.00287
-0.00140
-0.00076
-0.00235
-0.00214
-0.00122
-0.00150
-0.00098
0.00031
0.00095
0.00000
-0.00003
-0.00021
0.00021
0.00079
0.00043
0.00034
0.00043
-0.00055
-0.00165
-0.00171
-0.00125
-0.00253
-0.00302
-0.00137
-0.00119
-0.00159
-0.00052
0.00098
0.00098
0.00055
0.00076
0.00003
-0.00085
-0.00119
-0.00122
-0.00049
-0.00031
-0.00116
-0.00171
-0.00156
-0.00171
-0.00174
-0.00024
0.00116
0.00052
0.00006
0.00085
0.00125
0.00082
0.00067
0.00110
0.00073
-0.00003
-0.00055
-0.00064
-0.00061
0.00000
0.00000
0.00000
0.00000
0.00000
0.00000
0.00000
0.00000
0.00000
0.00000
0.00000
0.00000
0.00000
0.00000
0.00000
0.00000
0.00000
0.00000
0.00000
0.00000
0.00000
0.00000
0.00000
0.00000
0.00000
0.00000
0.00000
0.00000
0.00000
0.00000
0.00000
0.00000
0.00000
0.00000
0.00000
0.00000
0.00000
0.00000
0.00000
0.00000
0.00000
0.00000
0.00000
0.00000
0.00000
0.00000
0.00000
0.00000
0.00000
0.00000
0.00000
0.00000
0.00000
0.00000
0.00000
0.00000
0.00000
0.00000
0.00000
0.00000
0.00000
0.00000
0.00000
0.00000
0.00000
0.00000
0.00000
0.00000
0.00000
0.00000
0.00000
0.00000
0.00000
0.00000
0.00000
0.00000
0.00000
0.00000
0.00000
0.00000
0.00000
0.00000
0.00000
0.00000
0.00000
0.00000
0.00000
0.00000
0.00000
0.00000
0.00000
0.00000
0.00000
0.00000
0.00000
0.00000
0.00000
0.00000
0.00000
0.00000
0.00000
0.00000
0.00000
0.00000
0.00000
0.00000
0.00000
0.00000
0.00000
0.00000
0.00000
0.00000
0.00000
0.00000
0.00000
0.00000
0.00000
0.00000
0.00000
0.00000
0.00000
0.00000
0.00000
0.00000
0.00000
0.00000
0.00000
0.00000
0.00000
0.00000
0.00000
0.00000
0.00000
0.00000
0.00000
0.00000
0.00000
0.00000
0.00000
0.00000
0.00000
0.00000
0.00000
0.00000
0.00000
0.00000
0.00000
0.00000
0.00000
0.00000
0.00000
0.00000
0.00000
0.00000
0.00000
0.00000
0.00000
0.00000
0.00000
0.00000
0.00000
0.00000
0.00000
0.00000
0.00000
0.00000
0.00000
0.00000
0.00000
0.00000
0.00000
0.00000
0.00000
0.00000
0.00000
0.00000
0.00000
0.00000
0.00000
0.00000
0.00000
0.00000
