-0.00043
-0.00046
-0.00046
-0.00040
-0.00043
-0.00049
-0.00049
-0.00043
-0.00046
-0.00043
-0.00037
-0.00046
-0.00052
-0.00043
-0.00040
-0.00043
-0.00043
-0.00043
-0.00043
-0.00040
-0.00040
-0.00043
-0.00040
-0.00043
-0.00049
-0.00049
-0.00040
-0.00043
-0.00049
-0.00040
-0.00040
-0.00046
-0.00049
-0.00043
-0.00043
-0.00046
-0.00046
-0.00037
-0.00034
-0.00040
-0.00034
-0.00037
-0.00043
-0.00052
-0.00052
-0.00046
-0.00049
-0.00046
-0.00040
-0.00046
-0.00046
-0.00043
-0.00040
-0.00040
-0.00043
-0.00037
-0.00040
-0.00046
-0.00049
-0.00043
-0.00037
-0.00040
-0.00046
-0.00037
-0.00046
-0.00061
-0.00037
-0.00043
-0.00046
-0.00037
-0.00037
-0.00034
-0.00046
-0.00043
-0.00040
-0.00046
-0.00043
-0.00049
-0.00049
-0.00034
-0.00034
-0.00043
-0.00034
-0.00031
-0.00049
-0.00043
-0.00027
-0.00046
-0.00049
-0.00040
-0.00037
-0.00046
-0.00046
-0.00037
-0.00040
-0.00037
-0.00040
-0.00040
-0.00034
-0.00034
-0.00046
-0.00040
-0.00034
-0.00040
-0.00046
-0.00040
-0.00043
-0.00049
-0.00043
-0.00027
-0.00027
-0.00046
-0.00037
-0.00034
-0.00049
-0.00046
-0.00037
-0.00034
-0.00037
-0.00031
-0.00034
-0.00034
-0.00024
-0.00024
-0.00027
-0.00024
-0.00031
-0.00043
-0.00040
-0.00031
-0.00040
-0.00046
-0.00031
-0.00031
-0.00040
-0.00027
-0.00024
-0.00031
-0.00031
-0.00024
-0.00027
-0.00031
-0.00034
-0.00034
-0.00031
-0.00034
-0.00031
-0.00027
-0.00024
-0.00024
-0.00024
-0.00024
-0.00024
-0.00027
-0.00031
-0.00040
-0.00034
-0.00031
-0.00031
-0.00027
-0.00031
-0.00024
-0.00024
-0.00021
-0.00018
-0.00018
-0.00018
-0.00024
-0.00027
-0.00034
-0.00031
-0.00027
-0.00021
-0.00012
-0.00018
-0.00012
-0.00015
-0.00018
-0.00009
-0.00018
-0.00015
-0.00024
-0.00006
-0.00049
0.00000
-0.00070
0.00012
-0.00073
0.00006
-0.00015
0.00006
-0.01874
-0.08408
-0.02594
-0.03165
-0.05090
0.06802
0.09018
0.07458
0.02579
-0.02115
-0.00833
-0.00470
-0.02576
-0.03564
0.00519
0.01987
-0.00864
0.00729
0.01782
-0.00443
-0.00189
0.00266
-0.00436
0.00684
0.00217
-0.01169
0.00323
0.01025
-0.00272
-0.00443
0.00513
0.00131
-0.00162
0.00034
-0.00031
0.00043
0.00171
0.00232
0.00253
0.00272
0.00266
0.00110
0.00046
0.00055
-0.00092
-0.00137
0.00150
0.00256
0.00006
0.00061
0.00159
-0.00031
-0.00049
0.00339
0.00360
0.00058
0.00156
0.00110
0.00009
0.00089
-0.00015
0.00024
-0.00012
-0.00107
-0.00137
-0.00104
0.00125
-0.00018
-0.00012
0.00168
0.00098
0.00040
-0.00037
0.00064
0.00046
-0.00049
0.00058
0.00006
-0.00040
-0.00101
-0.00137
-0.00003
-0.00085
-0.00140
-0.00165
-0.00125
0.00015
0.00018
0.00125
0.00156
0.00021
-0.00018
-0.00070
-0.00046
-0.00095
-0.00110
-0.00070
-0.00119
-0.00070
-0.00085
-0.00119
-0.00076
-0.00089
-0.00037
-0.00009
0.00006
0.00018
-0.00012
0.00012
0.00012
0.00031
0.00058
0.00000
-0.00046
-0.00073
-0.00098
-0.00153
-0.00204
-0.00171
-0.00156
-0.00146
-0.00082
0.00006
0.00085
0.00076
0.00046
0.00021
-0.00040
-0.00076
-0.00092
-0.00067
-0.00064
-0.00113
-0.00107
-0.00089
-0.00079
-0.00076
-0.00055
0.00003
0.00009
0.00003
0.00031
0.00037
0.00018
0.00009
0.00009
0.00000
0.00000
0.00000
0.00000
0.00000
0.00000
0.00000
0.00000
0.00000
0.00000
0.00000
0.00000
0.00000
0.00000
0.00000
0.00000
0.00000
0.00000
0.00000
0.00000
0.00000
0.00000
0.00000
0.00000
0.00000
0.00000
0.00000
0.00000
0.00000
0.00000
0.00000
0.00000
0.00000
0.00000
0.00000
0.00000
0.00000
0.00000
0.00000
0.00000
0.00000
0.00000
0.00000
0.00000
0.00000
0.00000
0.00000
0.00000
0.00000
0.00000
0.00000
0.00000
0.00000
0.00000
0.00000
0.00000
0.00000
0.00000
0.00000
0.00000
0.00000
0.00000
0.00000
0.00000
0.00000
0.00000
0.00000
0.00000
0.00000
0.00000
0.00000
0.00000
0.00000
0.00000
0.00000
0.00000
0.00000
0.00000
0.00000
0.00000
0.00000
0.00000
0.00000
0.00000
0.00000
0.00000
0.00000
0.00000
0.00000
0.00000
0.00000
0.00000
0.00000
0.00000
0.00000
0.00000
0.00000
0.00000
0.00000
0.00000
0.00000
0.00000
0.00000
0.00000
0.00000
0.00000
0.00000
0.00000
0.00000
0.00000
0.00000
0.00000
0.00000
0.00000
0.00000
0.00000
0.00000
0.00000
0.00000
0.00000
0.00000
0.00000
0.00000
0.00000
0.00000
0.00000
0.00000
0.00000
0.00000
0.00000
0.00000
0.00000
0.00000
0.00000
0.00000
0.00000
0.00000
0.00000
0.00000
0.00000
0.00000
0.00000
0.00000
0.00000
0.00000
0.00000
0.00000
0.00000
0.00000
0.00000
0.00000
0.00000
0.00000
0.00000
0.00000
0.00000
0.00000
0.00000
0.00000
0.00000
0.00000
0.00000
0.00000
0.00000
0.00000
0.00000
0.00000
0.00000
0.00000
0.00000
0.00000
0.00000
0.00000
0.00000
0.00000
