-0.00015
-0.00018
-0.00006
-0.00009
-0.00012
-0.00009
-0.00009
-0.00006
-0.00003
0.00000
-0.00003
-0.00012
-0.00018
-0.00021
-0.00024
-0.00024
-0.00015
-0.00006
-0.00006
-0.00003
0.00000
-0.00006
-0.00015
-0.00012
-0.00006
-0.00003
-0.00006
-0.00009
-0.00021
-0.00024
-0.00024
-0.00021
-0.00012
0.00000
0.00000
-0.00003
-0.00006
-0.00006
-0.00021
-0.00027
-0.00012
-0.00012
-0.00015
-0.00012
-0.00012
-0.00012
-0.00012
-0.00006
-0.00006
-0.00012
-0.00018
-0.00024
-0.00018
-0.00012
-0.00012
-0.00012
-0.00009
-0.00018
-0.00024
-0.00021
-0.00021
-0.00015
-0.00006
0.00000
-0.00006
-0.00015
-0.00018
-0.00027
-0.00021
-0.00021
-0.00027
-0.00015
-0.00012
-0.00012
-0.00018
-0.00024
-0.00015
-0.00015
-0.00015
-0.00009
-0.00009
-0.00012
-0.00009
-0.00012
-0.00018
-0.00021
-0.00027
-0.00034
-0.00024
-0.00012
-0.00012
-0.00006
-0.00003
-0.00015
-0.00021
-0.00018
-0.00021
-0.00024
-0.00021
-0.00015
-0.00015
-0.00012
-0.00009
-0.00015
-0.00015
-0.00018
-0.00021
-0.00024
-0.00015
-0.00018
-0.00018
-0.00012
-0.00009
-0.00018
-0.00021
-0.00018
-0.00024
-0.00018
-0.00015
-0.00015
-0.00015
-0.00012
-0.00012
-0.00009
-0.00006
-0.00018
-0.00021
-0.00015
-0.00015
-0.00018
-0.00018
-0.00012
-0.00012
-0.00015
-0.00015
-0.00021
-0.00027
-0.00024
-0.00015
-0.00015
-0.00012
-0.00012
-0.00012
-0.00012
-0.00012
-0.00012
-0.00021
-0.00024
-0.00015
-0.00018
-0.00015
-0.00012
-0.00015
-0.00015
-0.00015
-0.00018
-0.00018
-0.00018
-0.00015
-0.00015
-0.00018
-0.00015
-0.00018
-0.00012
-0.00009
-0.00009
-0.00012
-0.00015
-0.00009
-0.00018
-0.00024
-0.00021
-0.00018
-0.00015
-0.00015
-0.00012
-0.00015
-0.00015
-0.00015
-0.00015
-0.00018
-0.00012
-0.00021
-0.00021
-0.00015
-0.00021
-0.00037
-0.00003
-0.00043
0.00027
-0.00085
0.00079
-0.00143
-0.00015
-0.03653
-0.05011
-0.01385
-0.04327
-0.01181
0.05777
0.05762
0.04349
0.00995
-0.00775
0.00400
-0.00180
-0.02319
-0.01968
0.00793
0.00232
-0.00595
0.01050
0.00421
-0.00632
0.00143
-0.00156
-0.00153
0.00760
-0.00131
-0.00330
0.00940
0.00613
-0.00244
0.00098
0.00266
-0.00244
-0.00290
-0.00220
-0.00269
-0.00003
0.00287
0.00443
0.00513
0.00397
0.00284
0.00165
0.00119
0.00098
-0.00095
-0.00162
0.00079
0.00031
-0.00119
0.00024
0.00024
-0.00156
0.00058
0.00360
0.00253
0.00229
0.00250
0.00037
0.00024
0.00006
-0.00055
-0.00009
-0.00067
-0.00095
-0.00082
-0.00006
-0.00021
-0.00104
0.00031
0.00073
0.00058
0.00067
0.00064
0.00098
0.00015
-0.00018
-0.00009
-0.00095
-0.00131
-0.00177
-0.00128
-0.00076
-0.00095
-0.00070
-0.00067
-0.00043
-0.00040
-0.00046
0.00034
0.00021
-0.00031
-0.00052
-0.00073
-0.00079
-0.00079
-0.00052
-0.00092
-0.00143
-0.00140
-0.00165
-0.00150
-0.00095
-0.00061
-0.00024
-0.00049
-0.00061
-0.00046
-0.00021
0.00015
0.00021
0.00024
-0.00009
-0.00089
-0.00143
-0.00177
-0.00189
-0.00183
-0.00140
-0.00082
-0.00092
-0.00110
-0.00089
-0.00058
-0.00031
-0.00009
0.00000
-0.00040
-0.00092
-0.00101
-0.00079
-0.00061
-0.00085
-0.00110
-0.00104
-0.00113
-0.00113
-0.00116
-0.00092
-0.00052
-0.00031
0.00000
0.00012
0.00000
0.00000
0.00000
0.00000
0.00000
0.00000
0.00000
0.00000
0.00000
0.00000
0.00000
0.00000
0.00000
0.00000
0.00000
0.00000
0.00000
0.00000
0.00000
0.00000
0.00000
0.00000
0.00000
0.00000
0.00000
0.00000
0.00000
0.00000
0.00000
0.00000
0.00000
0.00000
0.00000
0.00000
0.00000
0.00000
0.00000
0.00000
0.00000
0.00000
0.00000
0.00000
0.00000
0.00000
0.00000
0.00000
0.00000
0.00000
0.00000
0.00000
0.00000
0.00000
0.00000
0.00000
0.00000
0.00000
0.00000
0.00000
0.00000
0.00000
0.00000
0.00000
0.00000
0.00000
0.00000
0.00000
0.00000
0.00000
0.00000
0.00000
0.00000
0.00000
0.00000
0.00000
0.00000
0.00000
0.00000
0.00000
0.00000
0.00000
0.00000
0.00000
0.00000
0.00000
0.00000
0.00000
0.00000
0.00000
0.00000
0.00000
0.00000
0.00000
0.00000
0.00000
0.00000
0.00000
0.00000
0.00000
0.00000
0.00000
0.00000
0.00000
0.00000
0.00000
0.00000
0.00000
0.00000
0.00000
0.00000
0.00000
0.00000
0.00000
0.00000
0.00000
0.00000
0.00000
0.00000
0.00000
0.00000
0.00000
0.00000
0.00000
0.00000
0.00000
0.00000
0.00000
0.00000
0.00000
0.00000
0.00000
0.00000
0.00000
0.00000
0.00000
0.00000
0.00000
0.00000
0.00000
0.00000
0.00000
0.00000
0.00000
0.00000
0.00000
0.00000
0.00000
0.00000
0.00000
0.00000
0.00000
0.00000
0.00000
0.00000
0.00000
0.00000
0.00000
0.00000
0.00000
0.00000
0.00000
0.00000
0.00000
0.00000
0.00000
0.00000
0.00000
0.00000
0.00000
0.00000
0.00000
0.00000
0.00000
0.00000
0.00000
0.00000
0.00000
