0.00012
0.00012
0.00000
-0.00009
0.00003
0.00015
0.00009
0.00015
0.00015
0.00012
0.00009
0.00009
0.00000
0.00003
0.00012
0.00015
0.00015
0.00024
0.00015
-0.00003
0.00000
0.00003
0.00000
0.00006
0.00015
0.00015
0.00009
0.00018
0.00021
0.00018
0.00015
0.00006
0.00000
0.00012
0.00012
0.00009
0.00018
0.00021
0.00012
0.00003
0.00000
0.00000
0.00006
0.00018
0.00027
0.00034
0.00021
0.00018
0.00012
0.00015
0.00009
0.00018
-0.00003
-0.00009
0.00018
-0.00006
0.00009
0.00037
0.00018
0.00009
0.00021
0.00021
0.00018
0.00031
0.00009
0.00003
0.00015
0.00021
0.00024
0.00012
0.00012
0.00018
0.00000
0.00006
0.00031
0.00009
0.00006
0.00018
0.00018
0.00009
0.00027
0.00024
0.00003
0.00012
0.00015
0.00006
0.00024
0.00027
0.00012
0.00012
0.00015
0.00003
0.00015
0.00037
0.00024
0.00015
0.00024
0.00024
0.00006
-0.00009
0.00015
0.00024
0.00006
0.00015
0.00031
0.00018
0.00006
0.00018
0.00018
0.00018
0.00018
0.00003
0.00006
0.00021
0.00015
0.00009
0.00031
0.00034
0.00015
0.00009
0.00012
0.00003
0.00000
0.00012
0.00012
0.00021
0.00027
0.00021
0.00015
0.00015
0.00015
0.00009
0.00015
0.00021
0.00021
0.00012
0.00015
0.00009
-0.00003
0.00009
0.00015
0.00018
0.00015
0.00018
0.00018
0.00021
0.00027
0.00015
0.00021
0.00021
0.00006
0.00000
0.00003
0.00006
0.00000
0.00012
0.00018
0.00015
0.00021
0.00006
0.00018
0.00024
0.00012
0.00012
0.00024
0.00009
0.00006
0.00000
0.00018
-0.00012
0.00064
-0.00067
0.00143
-0.00168
0.00247
-0.00323
0.00458
-0.00589
0.00806
-0.08649
-0.21561
0.00269
-0.00931
-0.02917
0.20322
0.23331
0.01947
-0.06689
-0.03616
-0.06262
0.00507
-0.00415
-0.04248
0.06070
0.05170
-0.03482
0.00256
0.03812
-0.03674
-0.00821
0.04019
-0.02353
-0.01117
0.02682
-0.01099
0.00070
0.03174
-0.01578
-0.01981
0.02097
-0.00226
-0.01938
0.00909
0.00912
-0.00986
0.00549
0.01712
0.00409
0.00089
0.00754
-0.00150
-0.00946
-0.00336
-0.00055
-0.00650
0.00177
0.00470
-0.00577
-0.00262
0.00739
-0.00027
-0.00223
0.01096
0.00690
-0.00598
0.00134
0.00467
-0.00284
-0.00162
0.00360
-0.00015
-0.00461
-0.00140
-0.00232
-0.00311
0.00107
-0.00003
-0.00015
0.00201
0.00198
-0.00241
-0.00134
0.00302
-0.00098
-0.00342
0.00024
-0.00119
-0.00369
-0.00220
0.00095
-0.00037
-0.00208
-0.00143
-0.00232
-0.00113
0.00034
0.00015
0.00156
0.00162
-0.00064
-0.00235
-0.00085
-0.00085
-0.00284
-0.00070
-0.00067
-0.00287
-0.00259
-0.00153
-0.00162
-0.00104
0.00021
0.00055
-0.00027
-0.00061
-0.00079
0.00024
0.00092
0.00018
0.00034
0.00037
-0.00116
-0.00220
-0.00162
-0.00134
-0.00302
-0.00314
-0.00143
-0.00153
-0.00198
-0.00079
0.00067
0.00052
0.00027
0.00040
-0.00015
-0.00095
-0.00146
-0.00146
-0.00073
-0.00098
-0.00183
-0.00186
-0.00156
-0.00189
-0.00198
-0.00040
0.00067
-0.00003
-0.00003
0.00085
0.00098
0.00031
0.00031
0.00070
0.00027
-0.00046
-0.00095
-0.00082
-0.00061
0.00000
0.00000
0.00000
0.00000
0.00000
0.00000
0.00000
0.00000
0.00000
0.00000
0.00000
0.00000
0.00000
0.00000
0.00000
0.00000
0.00000
0.00000
0.00000
0.00000
0.00000
0.00000
0.00000
0.00000
0.00000
0.00000
0.00000
0.00000
0.00000
0.00000
0.00000
0.00000
0.00000
0.00000
0.00000
0.00000
0.00000
0.00000
0.00000
0.00000
0.00000
0.00000
0.00000
0.00000
0.00000
0.00000
0.00000
0.00000
0.00000
0.00000
0.00000
0.00000
0.00000
0.00000
0.00000
0.00000
0.00000
0.00000
0.00000
0.00000
0.00000
0.00000
0.00000
0.00000
0.00000
0.00000
0.00000
0.00000
0.00000
0.00000
0.00000
0.00000
0.00000
0.00000
0.00000
0.00000
0.00000
0.00000
0.00000
0.00000
0.00000
0.00000
0.00000
0.00000
0.00000
0.00000
0.00000
0.00000
0.00000
0.00000
0.00000
0.00000
0.00000
0.00000
0.00000
0.00000
0.00000
0.00000
0.00000
0.00000
0.00000
0.00000
0.00000
0.00000
0.00000
0.00000
0.00000
0.00000
0.00000
0.00000
0.00000
0.00000
0.00000
0.00000
0.00000
0.00000
0.00000
0.00000
0.00000
0.00000
0.00000
0.00000
0.00000
0.00000
0.00000
0.00000
0.00000
0.00000
0.00000
0.00000
0.00000
0.00000
0.00000
0.00000
0.00000
0.00000
0.00000
0.00000
0.00000
0.00000
0.00000
0.00000
0.00000
0.00000
0.00000
0.00000
0.00000
0.00000
0.00000
0.00000
0.00000
0.00000
0.00000
0.00000
0.00000
0.00000
0.00000
0.00000
0.00000
0.00000
0.00000
0.00000
0.00000
0.00000
0.00000
0.00000
0.00000
0.00000
0.00000
0.00000
0.00000
0.00000
0.00000
0.00000
0.00000
0.00000
0.00000
0.00000
0.00000
0.00000
0.00000
0.00000
