-0.00021
-0.00021
-0.00018
-0.00021
-0.00018
-0.00018
-0.00024
-0.00024
-0.00021
-0.00021
-0.00024
-0.00021
-0.00021
-0.00021
-0.00021
-0.00018
-0.00021
-0.00024
-0.00024
-0.00031
-0.00024
-0.00024
-0.00031
-0.00027
-0.00021
-0.00024
-0.00024
-0.00021
-0.00024
-0.00027
-0.00027
-0.00027
-0.00027
-0.00024
-0.00027
-0.00027
-0.00027
-0.00027
-0.00024
-0.00027
-0.00027
-0.00034
-0.00031
-0.00024
-0.00027
-0.00024
-0.00024
-0.00027
-0.00027
-0.00034
-0.00031
-0.00027
-0.00027
-0.00024
-0.00024
-0.00027
-0.00031
-0.00034
-0.00027
-0.00031
-0.00027
-0.00031
-0.00031
-0.00027
-0.00037
-0.00031
-0.00031
-0.00031
-0.00031
-0.00024
-0.00027
-0.00024
-0.00024
-0.00027
-0.00031
-0.00031
-0.00027
-0.00027
-0.00027
-0.00021
-0.00027
-0.00034
-0.00031
-0.00031
-0.00034
-0.00024
-0.00027
-0.00034
-0.00031
-0.00024
-0.00031
-0.00031
-0.00024
-0.00024
-0.00027
-0.00027
-0.00027
-0.00031
-0.00024
-0.00027
-0.00031
-0.00024
-0.00024
-0.00031
-0.00031
-0.00031
-0.00027
-0.00031
-0.00027
-0.00024
-0.00024
-0.00024
-0.00024
-0.00027
-0.00027
-0.00027
-0.00034
-0.00031
-0.00027
-0.00027
-0.00027
-0.00027
-0.00024
-0.00027
-0.00024
-0.00024
-0.00024
-0.00027
-0.00027
-0.00027
-0.00027
-0.00027
-0.00027
-0.00027
-0.00027
-0.00027
-0.00027
-0.00027
-0.00027
-0.00031
-0.00027
-0.00027
-0.00024
-0.00021
-0.00027
-0.00024
-0.00024
-0.00031
-0.00031
-0.00031
-0.00027
-0.00024
-0.00027
-0.00027
-0.00024
-0.00027
-0.00027
-0.00021
-0.00024
-0.00021
-0.00024
-0.00027
-0.00027
-0.00027
-0.00027
-0.00031
-0.00031
-0.00027
-0.00034
-0.00031
-0.00021
-0.00027
-0.00024
-0.00021
-0.00027
-0.00027
-0.00027
-0.00024
-0.00034
-0.00015
-0.00049
0.00003
-0.00076
0.00040
-0.00134
0.00098
-0.00244
0.00082
-0.03345
-0.06586
-0.01990
-0.04337
-0.03705
0.01266
0.05978
0.05209
0.04694
0.02487
0.01773
0.02979
-0.00751
-0.02228
-0.01944
-0.01276
-0.01590
-0.00424
0.01111
0.00699
0.01172
0.00717
-0.00906
0.00092
0.00244
-0.00485
0.00412
0.00931
0.00006
-0.00388
-0.00156
0.00012
0.00021
-0.00021
-0.00150
-0.00168
0.00177
0.00165
0.00357
0.00366
0.00415
0.00296
-0.00040
-0.00119
-0.00101
-0.00278
-0.00214
-0.00208
-0.00266
-0.00107
0.00201
0.00211
0.00143
0.00360
0.00339
0.00171
0.00189
0.00201
0.00089
0.00037
0.00027
-0.00067
-0.00159
-0.00180
-0.00195
-0.00122
-0.00046
-0.00034
0.00009
0.00082
0.00095
0.00000
0.00024
0.00092
0.00024
-0.00079
-0.00092
-0.00085
-0.00113
-0.00128
-0.00104
-0.00098
-0.00104
-0.00137
-0.00150
-0.00085
-0.00067
-0.00061
-0.00018
0.00052
0.00021
-0.00034
-0.00024
-0.00034
-0.00092
-0.00107
-0.00125
-0.00125
-0.00146
-0.00137
-0.00122
-0.00107
-0.00101
-0.00089
-0.00076
-0.00055
-0.00049
-0.00009
0.00012
0.00031
0.00043
0.00037
0.00015
-0.00046
-0.00092
-0.00134
-0.00192
-0.00223
-0.00211
-0.00198
-0.00189
-0.00146
-0.00079
-0.00037
0.00000
0.00031
0.00055
0.00034
-0.00031
-0.00082
-0.00098
-0.00104
-0.00128
-0.00146
-0.00140
-0.00146
-0.00137
-0.00082
-0.00034
-0.00021
-0.00027
-0.00015
0.00009
0.00034
0.00043
0.00043
0.00021
0.00000
0.00000
0.00000
0.00000
0.00000
0.00000
0.00000
0.00000
0.00000
0.00000
0.00000
0.00000
0.00000
0.00000
0.00000
0.00000
0.00000
0.00000
0.00000
0.00000
0.00000
0.00000
0.00000
0.00000
0.00000
0.00000
0.00000
0.00000
0.00000
0.00000
0.00000
0.00000
0.00000
0.00000
0.00000
0.00000
0.00000
0.00000
0.00000
0.00000
0.00000
0.00000
0.00000
0.00000
0.00000
0.00000
0.00000
0.00000
0.00000
0.00000
0.00000
0.00000
0.00000
0.00000
0.00000
0.00000
0.00000
0.00000
0.00000
0.00000
0.00000
0.00000
0.00000
0.00000
0.00000
0.00000
0.00000
0.00000
0.00000
0.00000
0.00000
0.00000
0.00000
0.00000
0.00000
0.00000
0.00000
0.00000
0.00000
0.00000
0.00000
0.00000
0.00000
0.00000
0.00000
0.00000
0.00000
0.00000
0.00000
0.00000
0.00000
0.00000
0.00000
0.00000
0.00000
0.00000
0.00000
0.00000
0.00000
0.00000
0.00000
0.00000
0.00000
0.00000
0.00000
0.00000
0.00000
0.00000
0.00000
0.00000
0.00000
0.00000
0.00000
0.00000
0.00000
0.00000
0.00000
0.00000
0.00000
0.00000
0.00000
0.00000
0.00000
0.00000
0.00000
0.00000
0.00000
0.00000
0.00000
0.00000
0.00000
0.00000
0.00000
0.00000
0.00000
0.00000
0.00000
0.00000
0.00000
0.00000
0.00000
0.00000
0.00000
0.00000
0.00000
0.00000
0.00000
0.00000
0.00000
0.00000
0.00000
0.00000
0.00000
0.00000
0.00000
0.00000
0.00000
0.00000
0.00000
0.00000
0.00000
0.00000
0.00000
0.00000
0.00000
0.00000
0.00000
0.00000
0.00000
0.00000
0.00000
0.00000
0.00000
0.00000
0.00000
0.00000
0.00000
