-0.00043
-0.00043
-0.00037
-0.00031
-0.00031
-0.00034
-0.00031
-0.00037
-0.00040
-0.00034
-0.00031
-0.00037
-0.00034
-0.00034
-0.00037
-0.00040
-0.00040
-0.00043
-0.00040
-0.00037
-0.00040
-0.00037
-0.00031
-0.00034
-0.00034
-0.00031
-0.00037
-0.00046
-0.00046
-0.00040
-0.00040
-0.00034
-0.00034
-0.00031
-0.00034
-0.00037
-0.00043
-0.00046
-0.00040
-0.00037
-0.00037
-0.00037
-0.00037
-0.00037
-0.00034
-0.00027
-0.00031
-0.00037
-0.00040
-0.00037
-0.00034
-0.00031
-0.00031
-0.00027
-0.00034
-0.00034
-0.00031
-0.00031
-0.00034
-0.00034
-0.00037
-0.00043
-0.00040
-0.00040
-0.00040
-0.00031
-0.00031
-0.00031
-0.00031
-0.00034
-0.00031
-0.00031
-0.00027
-0.00034
-0.00034
-0.00037
-0.00043
-0.00040
-0.00034
-0.00034
-0.00034
-0.00027
-0.00034
-0.00034
-0.00040
-0.00040
-0.00037
-0.00037
-0.00037
-0.00034
-0.00037
-0.00043
-0.00040
-0.00040
-0.00043
-0.00037
-0.00034
-0.00034
-0.00037
-0.00034
-0.00034
-0.00037
-0.00034
-0.00034
-0.00037
-0.00037
-0.00040
-0.00040
-0.00034
-0.00037
-0.00037
-0.00034
-0.00037
-0.00040
-0.00037
-0.00034
-0.00034
-0.00031
-0.00034
-0.00037
-0.00040
-0.00040
-0.00040
-0.00040
-0.00037
-0.00031
-0.00031
-0.00027
-0.00024
-0.00027
-0.00034
-0.00031
-0.00031
-0.00034
-0.00034
-0.00040
-0.00040
-0.00034
-0.00031
-0.00031
-0.00031
-0.00031
-0.00034
-0.00034
-0.00031
-0.00027
-0.00021
-0.00021
-0.00024
-0.00027
-0.00034
-0.00040
-0.00037
-0.00031
-0.00034
-0.00027
-0.00021
-0.00024
-0.00027
-0.00027
-0.00031
-0.00027
-0.00027
-0.00027
-0.00027
-0.00024
-0.00031
-0.00031
-0.00024
-0.00027
-0.00034
-0.00027
-0.00021
-0.00024
-0.00027
-0.00021
-0.00027
-0.00031
-0.00043
-0.00027
-0.00031
-0.00034
-0.00018
-0.00024
-0.00021
-0.00031
-0.00037
-0.00031
-0.00021
-0.00027
-0.00027
-0.00021
-0.00018
-0.00027
-0.00024
-0.00021
-0.00024
-0.00034
0.00000
-0.00052
-0.00116
-0.01117
-0.01459
-0.01117
-0.01151
-0.00974
-0.00467
0.00098
0.00348
0.00668
0.00427
0.00165
0.00360
0.00125
0.00171
0.00443
0.00394
0.00476
0.00314
0.00046
-0.00168
-0.00128
-0.00284
-0.00363
0.00137
0.00586
0.00610
0.00558
0.00458
0.00305
0.00174
-0.00046
-0.00116
-0.00070
-0.00031
0.00037
0.00034
0.00082
0.00122
0.00061
0.00128
0.00217
0.00189
0.00128
0.00146
0.00116
0.00092
0.00110
0.00055
0.00009
0.00012
0.00012
0.00000
0.00003
0.00003
0.00027
0.00107
0.00146
0.00125
0.00098
0.00104
0.00113
0.00076
0.00031
0.00006
0.00003
-0.00006
0.00000
0.00031
0.00021
-0.00003
-0.00015
-0.00006
0.00003
0.00003
0.00012
0.00009
-0.00021
-0.00040
-0.00024
-0.00012
-0.00021
-0.00049
-0.00061
-0.00082
-0.00089
-0.00058
-0.00043
-0.00067
-0.00076
-0.00027
0.00006
-0.00012
-0.00046
-0.00049
-0.00034
-0.00040
-0.00067
-0.00079
-0.00070
-0.00079
-0.00092
-0.00095
-0.00107
-0.00107
-0.00070
-0.00031
-0.00024
-0.00049
-0.00061
-0.00061
-0.00049
-0.00040
-0.00037
-0.00037
-0.00037
-0.00046
-0.00061
-0.00076
-0.00095
-0.00092
-0.00089
-0.00092
-0.00095
-0.00085
-0.00076
-0.00073
-0.00043
-0.00006
-0.00009
-0.00043
-0.00049
-0.00043
-0.00055
-0.00082
-0.00082
-0.00079
-0.00076
-0.00067
0.00000
0.00000
0.00000
0.00000
0.00000
0.00000
0.00000
0.00000
0.00000
0.00000
0.00000
0.00000
0.00000
0.00000
0.00000
0.00000
0.00000
0.00000
0.00000
0.00000
0.00000
0.00000
0.00000
0.00000
0.00000
0.00000
0.00000
0.00000
0.00000
0.00000
0.00000
0.00000
0.00000
0.00000
0.00000
0.00000
0.00000
0.00000
0.00000
0.00000
0.00000
0.00000
0.00000
0.00000
0.00000
0.00000
0.00000
0.00000
0.00000
0.00000
0.00000
0.00000
0.00000
0.00000
0.00000
0.00000
0.00000
0.00000
0.00000
0.00000
0.00000
0.00000
0.00000
0.00000
0.00000
0.00000
0.00000
0.00000
0.00000
0.00000
0.00000
0.00000
0.00000
0.00000
0.00000
0.00000
0.00000
0.00000
0.00000
0.00000
0.00000
0.00000
0.00000
0.00000
0.00000
0.00000
0.00000
0.00000
0.00000
0.00000
0.00000
0.00000
0.00000
0.00000
0.00000
0.00000
0.00000
0.00000
0.00000
0.00000
0.00000
0.00000
0.00000
0.00000
0.00000
0.00000
0.00000
0.00000
0.00000
0.00000
0.00000
0.00000
0.00000
0.00000
0.00000
0.00000
0.00000
0.00000
0.00000
0.00000
0.00000
0.00000
0.00000
0.00000
0.00000
0.00000
0.00000
0.00000
0.00000
0.00000
0.00000
0.00000
0.00000
0.00000
0.00000
0.00000
0.00000
0.00000
0.00000
0.00000
0.00000
0.00000
0.00000
0.00000
0.00000
0.00000
0.00000
0.00000
0.00000
0.00000
0.00000
0.00000
0.00000
0.00000
0.00000
0.00000
0.00000
0.00000
0.00000
0.00000
0.00000
0.00000
0.00000
0.00000
0.00000
0.00000
0.00000
0.00000
0.00000
0.00000
0.00000
0.00000
0.00000
