0.00003
0.00009
0.00009
0.00000
0.00003
0.00006
0.00006
0.00006
0.00006
0.00009
0.00009
0.00009
0.00003
0.00000
0.00003
0.00003
0.00003
0.00003
0.00012
0.00012
0.00006
0.00009
0.00006
0.00000
0.00003
0.00006
0.00006
0.00012
0.00015
0.00006
0.00003
0.00009
0.00006
0.00006
0.00009
0.00006
0.00000
0.00006
0.00012
0.00012
0.00012
0.00009
0.00006
0.00006
0.00009
0.00000
0.00000
0.00003
0.00006
0.00009
0.00012
0.00009
0.00006
0.00006
0.00009
0.00012
0.00012
0.00012
0.00006
0.00006
0.00006
0.00006
0.00006
0.00006
0.00009
0.00012
0.00009
0.00009
0.00015
0.00006
0.00006
0.00009
0.00006
0.00006
0.00012
0.00012
0.00009
0.00009
0.00009
0.00009
0.00012
0.00015
0.00012
0.00006
0.00006
0.00003
0.00000
0.00006
0.00009
0.00006
0.00009
0.00012
0.00015
0.00012
0.00006
0.00009
0.00012
0.00006
0.00003
0.00003
0.00003
0.00006
0.00006
0.00006
0.00009
0.00012
0.00003
0.00006
0.00012
0.00006
0.00006
0.00012
0.00009
0.00003
0.00006
0.00006
0.00006
0.00006
0.00006
0.00000
0.00003
0.00006
0.00003
0.00006
0.00009
0.00006
0.00006
0.00009
0.00006
0.00006
0.00006
0.00003
0.00000
0.00003
0.00000
0.00000
0.00000
0.00000
0.00000
0.00006
0.00006
0.00006
0.00003
0.00000
0.00003
0.00000
-0.00003
0.00000
0.00003
0.00003
0.00000
0.00000
0.00003
0.00003
0.00000
0.00003
0.00003
0.00000
0.00000
0.00003
0.00000
-0.00003
-0.00003
-0.00006
-0.00003
-0.00006
-0.00006
0.00000
0.00000
0.00003
0.00000
0.00000
-0.00003
-0.00006
0.00000
0.00000
-0.00003
-0.00003
-0.00003
-0.00006
-0.00006
-0.00006
-0.00003
-0.00006
0.00000
-0.00024
0.00012
-0.00049
0.00012
-0.00079
0.00070
-0.00076
0.00027
-0.02344
-0.06140
-0.02670
-0.01685
-0.00992
0.01669
0.04111
0.04175
0.03384
0.02121
-0.00137
0.00458
-0.00659
-0.02313
-0.01917
-0.00665
-0.00375
0.00516
0.01199
0.00461
0.00500
0.00595
-0.00397
-0.00049
0.00766
0.00156
-0.00201
0.00204
-0.00061
-0.00336
-0.00037
0.00031
-0.00104
-0.00003
0.00012
-0.00192
0.00162
0.00412
0.00281
0.00336
0.00516
0.00299
0.00046
0.00079
-0.00009
-0.00189
-0.00110
-0.00046
-0.00095
0.00000
0.00113
0.00122
0.00171
0.00275
0.00235
0.00119
0.00134
0.00140
0.00061
0.00027
0.00021
-0.00006
-0.00079
-0.00098
-0.00125
-0.00085
0.00027
0.00024
0.00000
0.00018
0.00082
0.00058
0.00034
0.00076
0.00027
-0.00034
-0.00058
-0.00092
-0.00101
-0.00101
-0.00092
-0.00104
-0.00089
-0.00073
-0.00101
-0.00061
-0.00043
-0.00055
-0.00046
-0.00015
0.00003
-0.00009
-0.00018
-0.00027
-0.00061
-0.00064
-0.00113
-0.00140
-0.00150
-0.00159
-0.00165
-0.00128
-0.00079
-0.00070
-0.00064
-0.00043
-0.00040
-0.00027
0.00000
0.00000
-0.00003
-0.00034
-0.00082
-0.00113
-0.00116
-0.00131
-0.00168
-0.00198
-0.00195
-0.00171
-0.00131
-0.00101
-0.00064
-0.00027
0.00000
0.00012
-0.00009
-0.00043
-0.00079
-0.00107
-0.00128
-0.00159
-0.00186
-0.00186
-0.00159
-0.00122
-0.00095
-0.00058
-0.00031
-0.00034
-0.00034
-0.00027
-0.00015
-0.00018
0.00000
0.00000
0.00000
0.00000
0.00000
0.00000
0.00000
0.00000
0.00000
0.00000
0.00000
0.00000
0.00000
0.00000
0.00000
0.00000
0.00000
0.00000
0.00000
0.00000
0.00000
0.00000
0.00000
0.00000
0.00000
0.00000
0.00000
0.00000
0.00000
0.00000
0.00000
0.00000
0.00000
0.00000
0.00000
0.00000
0.00000
0.00000
0.00000
0.00000
0.00000
0.00000
0.00000
0.00000
0.00000
0.00000
0.00000
0.00000
0.00000
0.00000
0.00000
0.00000
0.00000
0.00000
0.00000
0.00000
0.00000
0.00000
0.00000
0.00000
0.00000
0.00000
0.00000
0.00000
0.00000
0.00000
0.00000
0.00000
0.00000
0.00000
0.00000
0.00000
0.00000
0.00000
0.00000
0.00000
0.00000
0.00000
0.00000
0.00000
0.00000
0.00000
0.00000
0.00000
0.00000
0.00000
0.00000
0.00000
0.00000
0.00000
0.00000
0.00000
0.00000
0.00000
0.00000
0.00000
0.00000
0.00000
0.00000
0.00000
0.00000
0.00000
0.00000
0.00000
0.00000
0.00000
0.00000
0.00000
0.00000
0.00000
0.00000
0.00000
0.00000
0.00000
0.00000
0.00000
0.00000
0.00000
0.00000
0.00000
0.00000
0.00000
0.00000
0.00000
0.00000
0.00000
0.00000
0.00000
0.00000
0.00000
0.00000
0.00000
0.00000
0.00000
0.00000
0.00000
0.00000
0.00000
0.00000
0.00000
0.00000
0.00000
0.00000
0.00000
0.00000
0.00000
0.00000
0.00000
0.00000
0.00000
0.00000
0.00000
0.00000
0.00000
0.00000
0.00000
0.00000
0.00000
0.00000
0.00000
0.00000
0.00000
0.00000
0.00000
0.00000
0.00000
0.00000
0.00000
0.00000
0.00000
0.00000
0.00000
0.00000
0.00000
0.00000
