-0.00024
-0.00027
-0.00027
-0.00024
-0.00021
-0.00024
-0.00024
-0.00027
-0.00034
-0.00031
-0.00037
-0.00037
-0.00037
-0.00034
-0.00034
-0.00037
-0.00027
-0.00018
-0.00018
-0.00015
-0.00021
-0.00021
-0.00024
-0.00037
-0.00034
-0.00037
-0.00034
-0.00031
-0.00027
-0.00027
-0.00034
-0.00024
-0.00027
-0.00021
-0.00043
-0.00018
-0.00027
-0.00034
-0.00027
-0.00034
-0.00021
-0.00031
-0.00034
-0.00031
-0.00031
-0.00031
-0.00031
-0.00027
-0.00024
-0.00024
-0.00021
-0.00024
-0.00024
-0.00031
-0.00034
-0.00034
-0.00027
-0.00031
-0.00031
-0.00027
-0.00024
-0.00021
-0.00021
-0.00034
-0.00015
-0.00037
-0.00027
-0.00031
-0.00034
-0.00021
-0.00037
-0.00018
-0.00027
-0.00027
-0.00024
-0.00034
-0.00031
-0.00031
-0.00024
-0.00027
-0.00027
-0.00024
-0.00024
-0.00027
-0.00027
-0.00031
-0.00031
-0.00027
-0.00027
-0.00021
-0.00027
-0.00021
-0.00021
-0.00034
-0.00027
-0.00031
-0.00027
-0.00031
-0.00031
-0.00024
-0.00031
-0.00021
-0.00021
-0.00024
-0.00018
-0.00027
-0.00027
-0.00027
-0.00027
-0.00034
-0.00034
-0.00024
-0.00024
-0.00021
-0.00021
-0.00018
-0.00027
-0.00027
-0.00024
-0.00024
-0.00021
-0.00024
-0.00024
-0.00027
-0.00021
-0.00024
-0.00024
-0.00021
-0.00024
-0.00031
-0.00031
-0.00027
-0.00027
-0.00024
-0.00024
-0.00021
-0.00015
-0.00018
-0.00018
-0.00024
-0.00027
-0.00024
-0.00024
-0.00024
-0.00021
-0.00021
-0.00027
-0.00024
-0.00027
-0.00024
-0.00031
-0.00024
-0.00021
-0.00031
-0.00018
-0.00027
-0.00021
-0.00027
-0.00024
-0.00021
-0.00027
-0.00024
-0.00031
-0.00024
-0.00031
-0.00031
-0.00024
-0.00027
-0.00018
-0.00024
-0.00021
-0.00018
-0.00024
-0.00024
-0.00031
-0.00027
-0.00027
-0.00034
-0.00021
-0.00031
-0.00012
-0.00031
-0.00021
-0.00006
-0.00082
0.00079
-0.00247
0.00330
-0.00589
-0.00235
-0.10184
-0.03738
-0.02170
-0.02936
0.05826
0.02097
0.12762
0.02859
0.02383
0.00797
-0.03275
-0.01926
-0.05258
-0.01974
-0.00424
-0.00308
0.01611
0.02451
0.02036
0.01157
-0.00702
-0.00946
-0.00180
-0.00638
0.00150
-0.00143
0.00330
0.00739
-0.00336
-0.00623
-0.00348
0.00308
-0.00095
0.00153
0.00558
0.00107
0.00397
0.00317
0.00131
0.00119
0.00269
-0.00226
-0.00345
-0.00113
0.00104
-0.00195
-0.00049
0.00027
0.00128
0.00162
0.00317
0.00122
0.00128
0.00284
0.00110
0.00012
0.00156
0.00098
-0.00125
-0.00128
0.00186
-0.00082
-0.00159
-0.00211
-0.00229
0.00098
0.00067
0.00092
0.00046
0.00012
0.00116
-0.00095
0.00125
-0.00009
-0.00089
-0.00037
-0.00180
-0.00073
-0.00137
-0.00140
0.00073
-0.00110
-0.00031
-0.00113
-0.00119
-0.00021
-0.00067
0.00055
-0.00061
-0.00031
0.00058
-0.00058
0.00027
-0.00101
-0.00131
-0.00110
-0.00186
-0.00116
-0.00201
-0.00137
-0.00079
-0.00073
0.00015
-0.00024
-0.00037
-0.00009
-0.00046
0.00052
0.00018
0.00006
-0.00024
-0.00085
-0.00079
-0.00153
-0.00159
-0.00174
-0.00211
-0.00134
-0.00137
-0.00122
-0.00134
-0.00107
0.00027
0.00067
0.00119
0.00076
-0.00046
-0.00113
-0.00146
-0.00110
-0.00122
-0.00146
-0.00131
-0.00116
-0.00098
-0.00134
-0.00113
0.00000
0.00049
0.00043
0.00003
-0.00009
0.00009
-0.00018
-0.00003
0.00000
0.00000
0.00000
0.00000
0.00000
0.00000
0.00000
0.00000
0.00000
0.00000
0.00000
0.00000
0.00000
0.00000
0.00000
0.00000
0.00000
0.00000
0.00000
0.00000
0.00000
0.00000
0.00000
0.00000
0.00000
0.00000
0.00000
0.00000
0.00000
0.00000
0.00000
0.00000
0.00000
0.00000
0.00000
0.00000
0.00000
0.00000
0.00000
0.00000
0.00000
0.00000
0.00000
0.00000
0.00000
0.00000
0.00000
0.00000
0.00000
0.00000
0.00000
0.00000
0.00000
0.00000
0.00000
0.00000
0.00000
0.00000
0.00000
0.00000
0.00000
0.00000
0.00000
0.00000
0.00000
0.00000
0.00000
0.00000
0.00000
0.00000
0.00000
0.00000
0.00000
0.00000
0.00000
0.00000
0.00000
0.00000
0.00000
0.00000
0.00000
0.00000
0.00000
0.00000
0.00000
0.00000
0.00000
0.00000
0.00000
0.00000
0.00000
0.00000
0.00000
0.00000
0.00000
0.00000
0.00000
0.00000
0.00000
0.00000
0.00000
0.00000
0.00000
0.00000
0.00000
0.00000
0.00000
0.00000
0.00000
0.00000
0.00000
0.00000
0.00000
0.00000
0.00000
0.00000
0.00000
0.00000
0.00000
0.00000
0.00000
0.00000
0.00000
0.00000
0.00000
0.00000
0.00000
0.00000
0.00000
0.00000
0.00000
0.00000
0.00000
0.00000
0.00000
0.00000
0.00000
0.00000
0.00000
0.00000
0.00000
0.00000
0.00000
0.00000
0.00000
0.00000
0.00000
0.00000
0.00000
0.00000
0.00000
0.00000
0.00000
0.00000
0.00000
0.00000
0.00000
0.00000
0.00000
0.00000
0.00000
0.00000
0.00000
0.00000
0.00000
0.00000
0.00000
0.00000
0.00000
0.00000
0.00000
0.00000
0.00000
0.00000
0.00000
0.00000
0.00000
