0.00003
0.00006
0.00006
0.00006
0.00006
0.00009
0.00006
0.00003
0.00006
0.00006
0.00009
0.00009
0.00006
0.00006
0.00006
0.00000
0.00000
0.00006
0.00006
0.00006
0.00003
0.00009
0.00009
0.00006
0.00003
0.00003
0.00006
0.00003
0.00006
0.00006
0.00006
0.00003
0.00003
0.00012
-0.00003
0.00015
0.00009
0.00006
0.00012
0.00003
0.00009
0.00006
0.00006
0.00003
0.00006
0.00003
0.00003
0.00000
0.00003
0.00006
0.00006
0.00003
0.00003
0.00006
0.00003
0.00006
0.00003
0.00003
0.00003
0.00006
0.00003
0.00003
0.00003
0.00003
0.00003
0.00003
0.00003
0.00003
0.00003
0.00000
0.00003
0.00000
0.00000
0.00003
0.00000
0.00003
0.00000
0.00000
0.00000
0.00000
0.00003
0.00003
0.00000
0.00003
0.00003
0.00000
0.00000
0.00003
0.00000
0.00000
0.00003
0.00003
0.00000
0.00000
0.00000
0.00000
0.00000
0.00000
0.00000
0.00000
0.00000
0.00000
0.00000
0.00000
0.00000
0.00000
0.00000
0.00000
-0.00003
-0.00003
-0.00003
-0.00006
-0.00003
0.00000
0.00000
0.00000
0.00000
0.00000
0.00000
-0.00003
-0.00003
-0.00003
-0.00003
-0.00003
-0.00003
-0.00003
-0.00003
-0.00003
-0.00003
-0.00003
-0.00009
-0.00009
-0.00009
-0.00006
-0.00006
-0.00006
-0.00009
-0.00006
-0.00006
-0.00006
-0.00006
-0.00009
-0.00009
-0.00009
-0.00006
-0.00009
-0.00006
-0.00006
-0.00009
-0.00006
-0.00006
-0.00006
-0.00009
-0.00009
-0.00012
-0.00009
-0.00009
-0.00015
-0.00009
-0.00015
-0.00012
-0.00012
-0.00012
-0.00009
-0.00012
-0.00009
-0.00009
-0.00009
-0.00009
-0.00012
-0.00009
-0.00012
-0.00012
-0.00015
-0.00009
-0.00012
-0.00015
-0.00012
-0.00012
-0.00009
-0.00021
-0.00024
-0.00018
-0.00024
-0.00018
-0.00006
-0.00006
-0.00006
-0.00009
-0.00009
-0.00024
-0.00006
-0.00046
0.00000
-0.00061
0.00034
-0.00092
0.00021
-0.01529
-0.03180
-0.01715
-0.02148
-0.00647
0.00037
0.01709
0.03699
0.02292
0.01999
0.00586
-0.00299
-0.01077
-0.01938
-0.01270
-0.01031
-0.00433
0.00305
0.00681
0.01117
0.01019
0.00436
0.00159
-0.00037
-0.00122
-0.00003
0.00000
-0.00018
-0.00085
-0.00085
-0.00098
0.00104
0.00281
0.00153
0.00314
0.00339
0.00235
0.00241
0.00150
0.00009
0.00027
0.00128
0.00073
-0.00024
-0.00049
-0.00104
-0.00104
-0.00034
0.00024
0.00092
0.00125
0.00089
0.00049
0.00110
0.00137
0.00125
0.00128
0.00110
0.00064
-0.00015
-0.00034
-0.00021
-0.00098
-0.00137
-0.00046
0.00079
0.00070
0.00000
0.00018
0.00046
0.00058
-0.00043
-0.00113
-0.00046
0.00034
0.00040
-0.00006
-0.00055
-0.00079
-0.00116
-0.00092
-0.00079
-0.00098
-0.00073
-0.00098
-0.00055
-0.00024
-0.00040
-0.00070
-0.00095
-0.00043
-0.00031
-0.00015
-0.00015
-0.00064
-0.00098
-0.00137
-0.00143
-0.00134
-0.00134
-0.00119
-0.00092
-0.00052
-0.00018
-0.00034
-0.00082
-0.00131
-0.00122
-0.00067
-0.00018
0.00000
-0.00027
-0.00067
-0.00085
-0.00064
-0.00085
-0.00159
-0.00211
-0.00180
-0.00119
-0.00101
-0.00122
-0.00110
-0.00034
0.00006
-0.00009
-0.00043
-0.00058
-0.00082
-0.00122
-0.00143
-0.00116
-0.00079
-0.00079
-0.00116
-0.00107
-0.00092
-0.00095
-0.00104
-0.00095
-0.00055
-0.00052
0.00000
0.00000
0.00000
0.00000
0.00000
0.00000
0.00000
0.00000
0.00000
0.00000
0.00000
0.00000
0.00000
0.00000
0.00000
0.00000
0.00000
0.00000
0.00000
0.00000
0.00000
0.00000
0.00000
0.00000
0.00000
0.00000
0.00000
0.00000
0.00000
0.00000
0.00000
0.00000
0.00000
0.00000
0.00000
0.00000
0.00000
0.00000
0.00000
0.00000
0.00000
0.00000
0.00000
0.00000
0.00000
0.00000
0.00000
0.00000
0.00000
0.00000
0.00000
0.00000
0.00000
0.00000
0.00000
0.00000
0.00000
0.00000
0.00000
0.00000
0.00000
0.00000
0.00000
0.00000
0.00000
0.00000
0.00000
0.00000
0.00000
0.00000
0.00000
0.00000
0.00000
0.00000
0.00000
0.00000
0.00000
0.00000
0.00000
0.00000
0.00000
0.00000
0.00000
0.00000
0.00000
0.00000
0.00000
0.00000
0.00000
0.00000
0.00000
0.00000
0.00000
0.00000
0.00000
0.00000
0.00000
0.00000
0.00000
0.00000
0.00000
0.00000
0.00000
0.00000
0.00000
0.00000
0.00000
0.00000
0.00000
0.00000
0.00000
0.00000
0.00000
0.00000
0.00000
0.00000
0.00000
0.00000
0.00000
0.00000
0.00000
0.00000
0.00000
0.00000
0.00000
0.00000
0.00000
0.00000
0.00000
0.00000
0.00000
0.00000
0.00000
0.00000
0.00000
0.00000
0.00000
0.00000
0.00000
0.00000
0.00000
0.00000
0.00000
0.00000
0.00000
0.00000
0.00000
0.00000
0.00000
0.00000
0.00000
0.00000
0.00000
0.00000
0.00000
0.00000
0.00000
0.00000
0.00000
0.00000
0.00000
0.00000
0.00000
0.00000
0.00000
0.00000
0.00000
0.00000
0.00000
0.00000
0.00000
0.00000
