-0.00015
-0.00015
-0.00018
-0.00015
-0.00015
-0.00012
-0.00012
-0.00006
-0.00009
-0.00012
-0.00012
-0.00015
-0.00018
-0.00012
-0.00012
-0.00015
-0.00009
-0.00012
-0.00012
-0.00012
-0.00015
-0.00015
-0.00015
-0.00009
-0.00009
-0.00015
-0.00006
-0.00009
-0.00018
-0.00015
-0.00015
-0.00015
-0.00018
-0.00021
-0.00037
-0.00006
-0.00006
-0.00018
-0.00024
-0.00012
-0.00006
-0.00012
-0.00006
-0.00003
0.00000
-0.00012
-0.00012
-0.00012
-0.00015
-0.00018
-0.00015
-0.00043
0.00006
-0.00003
-0.00015
0.00003
-0.00006
0.00000
-0.00006
-0.00012
-0.00009
-0.00012
-0.00018
-0.00015
-0.00012
-0.00009
-0.00006
-0.00012
-0.00018
-0.00003
-0.00003
-0.00018
-0.00006
-0.00006
-0.00009
-0.00009
-0.00012
-0.00009
-0.00018
-0.00006
-0.00015
-0.00021
-0.00012
-0.00012
-0.00009
-0.00009
-0.00015
-0.00006
-0.00003
-0.00009
-0.00006
-0.00006
-0.00009
-0.00009
-0.00018
-0.00018
-0.00012
-0.00021
-0.00021
-0.00006
-0.00012
-0.00006
-0.00012
-0.00009
-0.00006
-0.00006
-0.00012
-0.00009
-0.00003
-0.00012
-0.00012
-0.00006
-0.00006
-0.00009
-0.00009
-0.00009
-0.00009
-0.00012
-0.00012
-0.00009
-0.00018
-0.00015
-0.00015
-0.00012
-0.00006
-0.00009
-0.00006
-0.00006
-0.00006
-0.00003
-0.00012
-0.00015
-0.00012
-0.00018
-0.00024
-0.00009
-0.00012
-0.00009
-0.00009
-0.00009
-0.00003
-0.00009
-0.00015
-0.00012
0.00000
-0.00009
-0.00015
-0.00009
-0.00015
-0.00018
-0.00021
-0.00015
-0.00012
-0.00015
-0.00006
-0.00006
0.00000
-0.00015
-0.00021
-0.00006
-0.00021
-0.00024
-0.00021
-0.00024
-0.00012
-0.00021
-0.00009
-0.00006
0.00000
-0.00024
-0.00027
0.00052
-0.00150
0.00232
-0.00446
0.00668
-0.01071
0.00693
-0.16623
-0.05609
0.07510
-0.04736
0.02280
0.00385
0.07166
0.09268
0.01889
-0.02896
0.02374
-0.00729
-0.04608
-0.01639
0.04877
0.01013
-0.00977
-0.00845
0.00681
0.02692
0.00790
-0.03488
-0.00815
0.02438
0.00443
0.00470
0.00592
0.00372
-0.01047
-0.00989
-0.00513
0.00815
0.00214
-0.00568
0.00339
0.00439
0.00604
0.00635
-0.00278
-0.00098
0.00800
-0.00076
-0.00174
-0.00119
-0.00467
-0.00574
0.00369
-0.00034
-0.00223
0.00012
0.00284
-0.00156
0.00412
0.00604
-0.00043
-0.00140
0.00146
0.00134
0.00159
-0.00186
-0.00137
-0.00061
-0.00107
-0.00171
-0.00220
0.00079
-0.00055
-0.00308
-0.00058
0.00073
0.00189
-0.00259
-0.00095
0.00250
-0.00009
-0.00131
-0.00159
-0.00140
-0.00061
-0.00290
-0.00076
-0.00238
-0.00162
-0.00150
-0.00076
0.00079
-0.00098
-0.00177
0.00067
0.00012
-0.00046
-0.00177
-0.00031
-0.00006
-0.00107
-0.00107
-0.00253
-0.00186
-0.00107
-0.00153
-0.00122
-0.00137
-0.00064
-0.00012
-0.00113
-0.00018
0.00000
0.00040
-0.00055
-0.00049
0.00067
0.00031
-0.00101
-0.00162
-0.00095
-0.00015
-0.00192
-0.00247
-0.00211
-0.00204
-0.00137
-0.00092
-0.00003
0.00012
-0.00031
-0.00031
-0.00006
0.00000
-0.00089
-0.00113
-0.00037
-0.00082
-0.00174
-0.00208
-0.00150
-0.00113
-0.00150
-0.00055
0.00049
0.00043
-0.00006
-0.00009
0.00052
0.00046
0.00015
0.00027
0.00052
0.00055
-0.00003
0.00000
0.00000
0.00000
0.00000
0.00000
0.00000
0.00000
0.00000
0.00000
0.00000
0.00000
0.00000
0.00000
0.00000
0.00000
0.00000
0.00000
0.00000
0.00000
0.00000
0.00000
0.00000
0.00000
0.00000
0.00000
0.00000
0.00000
0.00000
0.00000
0.00000
0.00000
0.00000
0.00000
0.00000
0.00000
0.00000
0.00000
0.00000
0.00000
0.00000
0.00000
0.00000
0.00000
0.00000
0.00000
0.00000
0.00000
0.00000
0.00000
0.00000
0.00000
0.00000
0.00000
0.00000
0.00000
0.00000
0.00000
0.00000
0.00000
0.00000
0.00000
0.00000
0.00000
0.00000
0.00000
0.00000
0.00000
0.00000
0.00000
0.00000
0.00000
0.00000
0.00000
0.00000
0.00000
0.00000
0.00000
0.00000
0.00000
0.00000
0.00000
0.00000
0.00000
0.00000
0.00000
0.00000
0.00000
0.00000
0.00000
0.00000
0.00000
0.00000
0.00000
0.00000
0.00000
0.00000
0.00000
0.00000
0.00000
0.00000
0.00000
0.00000
0.00000
0.00000
0.00000
0.00000
0.00000
0.00000
0.00000
0.00000
0.00000
0.00000
0.00000
0.00000
0.00000
0.00000
0.00000
0.00000
0.00000
0.00000
0.00000
0.00000
0.00000
0.00000
0.00000
0.00000
0.00000
0.00000
0.00000
0.00000
0.00000
0.00000
0.00000
0.00000
0.00000
0.00000
0.00000
0.00000
0.00000
0.00000
0.00000
0.00000
0.00000
0.00000
0.00000
0.00000
0.00000
0.00000
0.00000
0.00000
0.00000
0.00000
0.00000
0.00000
0.00000
0.00000
0.00000
0.00000
0.00000
0.00000
0.00000
0.00000
0.00000
0.00000
0.00000
0.00000
0.00000
0.00000
0.00000
0.00000
0.00000
0.00000
0.00000
0.00000
0.00000
0.00000
0.00000
0.00000
0.00000
0.00000
0.00000
0.00000
0.00000
0.00000
0.00000
