-0.00031
-0.00027
-0.00031
-0.00031
-0.00034
-0.00034
-0.00034
-0.00034
-0.00034
-0.00037
-0.00037
-0.00034
-0.00034
-0.00034
-0.00024
-0.00027
-0.00034
-0.00034
-0.00034
-0.00034
-0.00037
-0.00031
-0.00031
-0.00031
-0.00037
-0.00034
-0.00034
-0.00034
-0.00031
-0.00034
-0.00031
-0.00031
-0.00031
-0.00027
-0.00046
-0.00024
-0.00027
-0.00031
-0.00034
-0.00037
-0.00034
-0.00034
-0.00034
-0.00037
-0.00034
-0.00034
-0.00031
-0.00034
-0.00031
-0.00024
-0.00027
-0.00031
-0.00031
-0.00034
-0.00034
-0.00034
-0.00034
-0.00031
-0.00037
-0.00037
-0.00034
-0.00034
-0.00034
-0.00027
-0.00040
-0.00027
-0.00027
-0.00034
-0.00024
-0.00040
-0.00024
-0.00040
-0.00034
-0.00031
-0.00037
-0.00031
-0.00037
-0.00034
-0.00031
-0.00027
-0.00027
-0.00031
-0.00027
-0.00031
-0.00037
-0.00037
-0.00031
-0.00034
-0.00034
-0.00034
-0.00027
-0.00031
-0.00031
-0.00031
-0.00034
-0.00031
-0.00031
-0.00027
-0.00024
-0.00027
-0.00031
-0.00037
-0.00037
-0.00037
-0.00037
-0.00034
-0.00031
-0.00027
-0.00027
-0.00024
-0.00027
-0.00034
-0.00031
-0.00034
-0.00031
-0.00037
-0.00031
-0.00034
-0.00037
-0.00031
-0.00031
-0.00031
-0.00031
-0.00034
-0.00037
-0.00031
-0.00027
-0.00031
-0.00031
-0.00027
-0.00031
-0.00034
-0.00031
-0.00031
-0.00031
-0.00031
-0.00031
-0.00027
-0.00024
-0.00024
-0.00024
-0.00027
-0.00031
-0.00034
-0.00031
-0.00027
-0.00027
-0.00034
-0.00027
-0.00031
-0.00027
-0.00027
-0.00031
-0.00024
-0.00031
-0.00024
-0.00031
-0.00027
-0.00031
-0.00031
-0.00024
-0.00027
-0.00021
-0.00024
-0.00027
-0.00027
-0.00031
-0.00031
-0.00037
-0.00031
-0.00027
-0.00027
-0.00021
-0.00027
-0.00024
-0.00024
-0.00027
-0.00024
-0.00027
-0.00031
-0.00027
-0.00043
-0.00006
-0.00067
0.00037
-0.00143
0.00128
-0.00272
0.00314
-0.00507
0.00418
-0.05826
-0.07199
-0.00201
-0.04852
0.03854
0.01465
0.08200
0.07358
0.00833
0.02283
-0.02490
-0.01059
-0.03781
-0.03024
-0.00330
-0.00653
0.00403
0.01831
0.01831
0.01703
0.00082
-0.01236
-0.00409
-0.00299
-0.00134
0.00089
0.00168
0.00647
-0.00131
-0.00391
-0.00345
0.00217
0.00262
-0.00226
0.00391
0.00226
0.00153
0.00262
0.00229
0.00119
0.00104
0.00018
-0.00058
-0.00073
0.00131
-0.00192
-0.00104
0.00092
0.00024
0.00165
0.00223
0.00089
0.00018
0.00201
0.00189
0.00125
0.00113
0.00009
0.00055
-0.00006
0.00070
0.00040
-0.00186
-0.00186
-0.00189
0.00043
0.00021
0.00046
0.00146
-0.00012
0.00085
-0.00055
-0.00015
0.00095
-0.00040
-0.00027
-0.00110
-0.00046
-0.00018
-0.00162
0.00009
-0.00104
-0.00101
-0.00085
-0.00165
0.00018
-0.00061
0.00000
0.00009
0.00009
0.00092
-0.00027
-0.00027
-0.00079
-0.00156
-0.00079
-0.00150
-0.00107
-0.00137
-0.00150
-0.00058
-0.00052
-0.00027
-0.00018
-0.00073
-0.00003
-0.00018
0.00034
0.00018
-0.00006
0.00027
-0.00049
-0.00058
-0.00125
-0.00146
-0.00092
-0.00146
-0.00153
-0.00162
-0.00159
-0.00119
-0.00101
0.00024
0.00073
0.00085
0.00058
-0.00024
-0.00076
-0.00128
-0.00116
-0.00073
-0.00073
-0.00089
-0.00134
-0.00134
-0.00110
-0.00082
-0.00006
0.00021
0.00021
0.00018
0.00006
0.00027
0.00006
0.00009
0.00000
0.00000
0.00000
0.00000
0.00000
0.00000
0.00000
0.00000
0.00000
0.00000
0.00000
0.00000
0.00000
0.00000
0.00000
0.00000
0.00000
0.00000
0.00000
0.00000
0.00000
0.00000
0.00000
0.00000
0.00000
0.00000
0.00000
0.00000
0.00000
0.00000
0.00000
0.00000
0.00000
0.00000
0.00000
0.00000
0.00000
0.00000
0.00000
0.00000
0.00000
0.00000
0.00000
0.00000
0.00000
0.00000
0.00000
0.00000
0.00000
0.00000
0.00000
0.00000
0.00000
0.00000
0.00000
0.00000
0.00000
0.00000
0.00000
0.00000
0.00000
0.00000
0.00000
0.00000
0.00000
0.00000
0.00000
0.00000
0.00000
0.00000
0.00000
0.00000
0.00000
0.00000
0.00000
0.00000
0.00000
0.00000
0.00000
0.00000
0.00000
0.00000
0.00000
0.00000
0.00000
0.00000
0.00000
0.00000
0.00000
0.00000
0.00000
0.00000
0.00000
0.00000
0.00000
0.00000
0.00000
0.00000
0.00000
0.00000
0.00000
0.00000
0.00000
0.00000
0.00000
0.00000
0.00000
0.00000
0.00000
0.00000
0.00000
0.00000
0.00000
0.00000
0.00000
0.00000
0.00000
0.00000
0.00000
0.00000
0.00000
0.00000
0.00000
0.00000
0.00000
0.00000
0.00000
0.00000
0.00000
0.00000
0.00000
0.00000
0.00000
0.00000
0.00000
0.00000
0.00000
0.00000
0.00000
0.00000
0.00000
0.00000
0.00000
0.00000
0.00000
0.00000
0.00000
0.00000
0.00000
0.00000
0.00000
0.00000
0.00000
0.00000
0.00000
0.00000
0.00000
0.00000
0.00000
0.00000
0.00000
0.00000
0.00000
0.00000
0.00000
0.00000
0.00000
0.00000
0.00000
0.00000
0.00000
0.00000
0.00000
0.00000
0.00000
0.00000
