0.00000
0.00000
-0.00006
-0.00015
-0.00012
-0.00006
-0.00003
0.00000
0.00000
0.00000
0.00006
0.00000
-0.00003
-0.00003
-0.00003
-0.00012
-0.00012
-0.00015
-0.00009
0.00000
-0.00003
-0.00003
-0.00003
-0.00003
-0.00003
-0.00009
-0.00006
-0.00003
0.00000
0.00000
0.00000
0.00000
0.00006
0.00000
-0.00021
0.00003
0.00000
-0.00006
-0.00006
-0.00006
0.00003
0.00000
0.00000
0.00000
0.00006
0.00003
0.00003
0.00000
0.00000
-0.00006
0.00000
-0.00024
-0.00012
0.00012
-0.00006
0.00003
0.00000
0.00000
0.00003
0.00003
-0.00006
0.00000
0.00000
0.00000
0.00000
0.00000
0.00012
0.00003
-0.00003
0.00006
0.00009
0.00000
0.00000
0.00006
0.00000
0.00000
-0.00003
-0.00006
-0.00006
-0.00003
-0.00006
-0.00009
0.00000
0.00003
0.00000
0.00003
0.00000
0.00000
0.00009
0.00003
0.00003
0.00003
0.00000
-0.00006
-0.00015
-0.00009
0.00006
0.00000
-0.00006
0.00009
0.00009
0.00003
0.00000
0.00000
0.00000
0.00000
-0.00006
-0.00006
0.00000
0.00000
-0.00003
0.00000
0.00009
0.00006
0.00000
0.00003
0.00000
0.00000
-0.00003
-0.00003
-0.00003
-0.00012
-0.00009
-0.00009
0.00000
0.00000
0.00000
0.00000
0.00000
0.00003
0.00000
0.00000
0.00000
0.00000
-0.00009
0.00000
0.00000
-0.00009
0.00000
-0.00003
0.00000
0.00000
0.00000
-0.00003
-0.00003
-0.00009
-0.00012
-0.00003
0.00000
0.00000
0.00000
0.00000
0.00006
0.00000
0.00000
0.00000
-0.00009
-0.00012
-0.00018
-0.00006
-0.00006
-0.00003
0.00000
-0.00006
-0.00009
0.00000
-0.00009
0.00012
-0.00021
0.00040
-0.00085
0.00140
-0.00226
0.00308
-0.00467
0.00623
-0.00906
0.01196
-0.08533
-0.12631
0.06644
-0.01935
-0.00580
0.00403
0.02710
0.05920
0.06271
-0.01797
0.00223
0.02859
-0.02771
-0.01089
0.02777
0.03094
-0.02170
-0.00494
-0.00574
0.00610
0.01678
-0.01547
-0.02567
0.02295
0.01932
0.00366
0.00809
0.00558
-0.01321
-0.00900
-0.00665
-0.00336
0.00375
0.00208
0.00241
0.00375
0.00888
0.00494
0.00262
-0.00308
0.00311
-0.00336
-0.00317
-0.00064
-0.00064
-0.00320
0.00220
0.00214
-0.00067
-0.00037
0.00156
-0.00031
-0.00037
0.00372
0.00058
-0.00058
0.00186
0.00198
0.00006
-0.00034
0.00046
0.00064
-0.00101
-0.00092
-0.00333
-0.00183
0.00018
-0.00195
-0.00082
0.00107
0.00095
-0.00204
-0.00082
0.00211
0.00092
-0.00125
-0.00128
-0.00220
-0.00073
-0.00180
-0.00146
-0.00095
-0.00198
-0.00223
-0.00168
0.00058
-0.00009
-0.00192
-0.00101
0.00012
-0.00055
-0.00110
-0.00101
0.00043
-0.00037
-0.00082
-0.00217
-0.00195
-0.00128
-0.00119
-0.00171
-0.00140
-0.00140
-0.00061
-0.00101
-0.00055
-0.00034
-0.00027
-0.00034
-0.00040
0.00027
0.00031
-0.00085
-0.00143
-0.00055
-0.00024
-0.00146
-0.00262
-0.00211
-0.00204
-0.00195
-0.00174
-0.00082
-0.00034
-0.00058
-0.00067
-0.00015
0.00006
-0.00046
-0.00104
-0.00070
-0.00061
-0.00128
-0.00186
-0.00189
-0.00159
-0.00165
-0.00110
-0.00012
0.00000
-0.00021
-0.00037
0.00003
0.00031
0.00021
0.00024
0.00024
0.00000
-0.00015
-0.00024
0.00000
0.00000
0.00000
0.00000
0.00000
0.00000
0.00000
0.00000
0.00000
0.00000
0.00000
0.00000
0.00000
0.00000
0.00000
0.00000
0.00000
0.00000
0.00000
0.00000
0.00000
0.00000
0.00000
0.00000
0.00000
0.00000
0.00000
0.00000
0.00000
0.00000
0.00000
0.00000
0.00000
0.00000
0.00000
0.00000
0.00000
0.00000
0.00000
0.00000
0.00000
0.00000
0.00000
0.00000
0.00000
0.00000
0.00000
0.00000
0.00000
0.00000
0.00000
0.00000
0.00000
0.00000
0.00000
0.00000
0.00000
0.00000
0.00000
0.00000
0.00000
0.00000
0.00000
0.00000
0.00000
0.00000
0.00000
0.00000
0.00000
0.00000
0.00000
0.00000
0.00000
0.00000
0.00000
0.00000
0.00000
0.00000
0.00000
0.00000
0.00000
0.00000
0.00000
0.00000
0.00000
0.00000
0.00000
0.00000
0.00000
0.00000
0.00000
0.00000
0.00000
0.00000
0.00000
0.00000
0.00000
0.00000
0.00000
0.00000
0.00000
0.00000
0.00000
0.00000
0.00000
0.00000
0.00000
0.00000
0.00000
0.00000
0.00000
0.00000
0.00000
0.00000
0.00000
0.00000
0.00000
0.00000
0.00000
0.00000
0.00000
0.00000
0.00000
0.00000
0.00000
0.00000
0.00000
0.00000
0.00000
0.00000
0.00000
0.00000
0.00000
0.00000
0.00000
0.00000
0.00000
0.00000
0.00000
0.00000
0.00000
0.00000
0.00000
0.00000
0.00000
0.00000
0.00000
0.00000
0.00000
0.00000
0.00000
0.00000
0.00000
0.00000
0.00000
0.00000
0.00000
0.00000
0.00000
0.00000
0.00000
0.00000
0.00000
0.00000
0.00000
0.00000
0.00000
0.00000
0.00000
0.00000
0.00000
0.00000
0.00000
0.00000
0.00000
0.00000
0.00000
0.00000
0.00000
0.00000
0.00000
0.00000
0.00000
0.00000
