-0.00009
-0.00006
-0.00006
-0.00009
-0.00006
-0.00003
-0.00003
-0.00006
-0.00006
-0.00003
-0.00006
-0.00009
-0.00006
-0.00006
-0.00006
-0.00006
-0.00003
-0.00003
-0.00003
-0.00006
-0.00006
-0.00006
-0.00009
-0.00009
-0.00009
-0.00006
-0.00003
-0.00006
-0.00006
-0.00003
-0.00003
-0.00003
-0.00003
0.00000
-0.00021
0.00000
-0.00003
-0.00009
-0.00006
-0.00012
-0.00006
-0.00003
-0.00003
-0.00003
-0.00003
-0.00006
-0.00006
-0.00009
-0.00003
-0.00006
-0.00006
-0.00006
-0.00006
-0.00006
-0.00009
-0.00003
-0.00003
-0.00006
-0.00009
-0.00006
-0.00003
-0.00003
-0.00006
-0.00006
-0.00006
-0.00006
-0.00006
-0.00006
-0.00006
-0.00003
-0.00006
-0.00012
-0.00009
-0.00003
-0.00006
-0.00009
-0.00006
-0.00003
-0.00003
-0.00006
-0.00006
-0.00003
-0.00006
-0.00009
-0.00012
-0.00009
-0.00006
-0.00009
-0.00009
-0.00006
-0.00003
-0.00006
-0.00006
-0.00003
-0.00006
-0.00009
-0.00012
-0.00009
-0.00009
-0.00012
-0.00009
-0.00009
-0.00012
-0.00009
-0.00006
-0.00003
-0.00009
-0.00012
-0.00009
-0.00012
-0.00015
-0.00015
-0.00012
-0.00015
-0.00015
-0.00015
-0.00012
-0.00012
-0.00015
-0.00012
-0.00012
-0.00012
-0.00012
-0.00015
-0.00015
-0.00015
-0.00012
-0.00018
-0.00015
-0.00015
-0.00015
-0.00015
-0.00018
-0.00018
-0.00012
-0.00015
-0.00018
-0.00015
-0.00012
-0.00018
-0.00015
-0.00018
-0.00015
-0.00018
-0.00018
-0.00018
-0.00018
-0.00015
-0.00024
-0.00018
-0.00018
-0.00018
-0.00015
-0.00015
-0.00015
-0.00012
-0.00018
-0.00018
-0.00018
-0.00021
-0.00018
-0.00018
-0.00021
-0.00021
-0.00018
-0.00021
-0.00027
-0.00018
-0.00024
-0.00021
-0.00018
-0.00021
-0.00015
-0.00018
-0.00021
-0.00021
-0.00018
-0.00021
-0.00024
-0.00027
-0.00034
-0.00027
-0.00034
-0.00027
-0.00015
-0.00012
-0.00018
-0.00018
-0.00018
-0.00024
-0.00018
-0.00024
-0.00024
-0.00018
-0.00021
-0.00027
-0.00024
-0.00024
-0.00031
-0.00049
-0.00052
-0.00064
-0.00055
-0.00241
-0.01309
-0.02179
-0.01889
-0.01053
-0.01205
-0.00964
-0.00510
0.01437
0.03287
0.02170
0.01498
0.00668
-0.00244
-0.00677
-0.00723
-0.00610
-0.00626
-0.00418
-0.00345
0.00305
0.01056
0.00592
0.00043
0.00204
0.00281
0.00302
0.00366
0.00119
0.00024
0.00171
-0.00101
-0.00262
-0.00076
-0.00122
-0.00119
0.00174
0.00293
0.00165
0.00137
0.00079
0.00089
0.00201
0.00195
0.00110
0.00073
-0.00034
-0.00177
-0.00189
-0.00098
0.00031
0.00098
0.00058
0.00031
0.00092
0.00143
0.00070
0.00003
0.00043
0.00174
0.00137
0.00021
-0.00024
-0.00034
-0.00067
-0.00119
-0.00098
-0.00089
-0.00064
0.00000
0.00070
0.00076
0.00027
-0.00064
-0.00058
-0.00024
-0.00040
-0.00034
-0.00043
-0.00095
-0.00089
-0.00061
-0.00073
-0.00137
-0.00159
-0.00107
-0.00064
-0.00055
-0.00085
-0.00049
-0.00021
-0.00055
-0.00073
-0.00085
-0.00076
-0.00058
-0.00052
-0.00089
-0.00131
-0.00119
-0.00131
-0.00165
-0.00186
-0.00153
-0.00064
-0.00040
-0.00085
-0.00092
-0.00027
0.00009
-0.00034
-0.00092
-0.00107
-0.00061
-0.00037
-0.00095
-0.00134
-0.00119
-0.00101
-0.00137
-0.00159
-0.00125
-0.00104
-0.00137
-0.00159
-0.00089
0.00006
0.00012
-0.00034
-0.00052
-0.00055
-0.00107
-0.00156
-0.00134
-0.00110
-0.00131
-0.00134
-0.00131
0.00000
0.00000
0.00000
0.00000
0.00000
0.00000
0.00000
0.00000
0.00000
0.00000
0.00000
0.00000
0.00000
0.00000
0.00000
0.00000
0.00000
0.00000
0.00000
0.00000
0.00000
0.00000
0.00000
0.00000
0.00000
0.00000
0.00000
0.00000
0.00000
0.00000
0.00000
0.00000
0.00000
0.00000
0.00000
0.00000
0.00000
0.00000
0.00000
0.00000
0.00000
0.00000
0.00000
0.00000
0.00000
0.00000
0.00000
0.00000
0.00000
0.00000
0.00000
0.00000
0.00000
0.00000
0.00000
0.00000
0.00000
0.00000
0.00000
0.00000
0.00000
0.00000
0.00000
0.00000
0.00000
0.00000
0.00000
0.00000
0.00000
0.00000
0.00000
0.00000
0.00000
0.00000
0.00000
0.00000
0.00000
0.00000
0.00000
0.00000
0.00000
0.00000
0.00000
0.00000
0.00000
0.00000
0.00000
0.00000
0.00000
0.00000
0.00000
0.00000
0.00000
0.00000
0.00000
0.00000
0.00000
0.00000
0.00000
0.00000
0.00000
0.00000
0.00000
0.00000
0.00000
0.00000
0.00000
0.00000
0.00000
0.00000
0.00000
0.00000
0.00000
0.00000
0.00000
0.00000
0.00000
0.00000
0.00000
0.00000
0.00000
0.00000
0.00000
0.00000
0.00000
0.00000
0.00000
0.00000
0.00000
0.00000
0.00000
0.00000
0.00000
0.00000
0.00000
0.00000
0.00000
0.00000
0.00000
0.00000
0.00000
0.00000
0.00000
0.00000
0.00000
0.00000
0.00000
0.00000
0.00000
0.00000
0.00000
0.00000
0.00000
0.00000
0.00000
0.00000
0.00000
0.00000
0.00000
0.00000
0.00000
0.00000
0.00000
0.00000
0.00000
0.00000
0.00000
0.00000
0.00000
0.00000
0.00000
