0.00000
0.00000
0.00000
0.00000
-0.00003
-0.00003
0.00000
-0.00003
-0.00003
0.00000
0.00000
-0.00006
-0.00006
-0.00003
-0.00006
-0.00009
-0.00003
-0.00003
0.00000
0.00003
0.00000
0.00006
0.00003
0.00000
0.00000
-0.00003
-0.00006
-0.00006
-0.00006
-0.00006
-0.00003
0.00000
0.00000
0.00006
-0.00012
0.00006
0.00000
-0.00003
0.00000
-0.00003
-0.00003
-0.00003
-0.00003
0.00003
0.00003
0.00000
0.00000
-0.00003
-0.00006
-0.00006
-0.00006
-0.00003
0.00000
-0.00003
0.00000
0.00000
-0.00003
-0.00003
0.00000
0.00000
0.00000
-0.00003
-0.00003
-0.00003
-0.00006
-0.00006
-0.00006
0.00000
0.00000
-0.00003
0.00000
-0.00006
0.00000
-0.00009
-0.00003
-0.00003
-0.00006
0.00000
-0.00003
0.00000
0.00003
0.00003
0.00000
-0.00009
-0.00006
-0.00006
-0.00003
0.00000
0.00000
0.00000
0.00000
-0.00003
-0.00006
-0.00009
-0.00009
-0.00009
-0.00009
-0.00003
-0.00006
-0.00006
0.00000
0.00000
0.00000
-0.00003
0.00000
-0.00003
-0.00006
0.00000
-0.00003
-0.00003
-0.00003
-0.00006
-0.00006
-0.00003
-0.00003
-0.00009
-0.00006
-0.00006
-0.00006
-0.00006
-0.00006
0.00000
-0.00003
-0.00006
-0.00006
-0.00006
-0.00006
-0.00006
-0.00006
-0.00009
-0.00006
-0.00006
-0.00009
-0.00006
0.00000
-0.00003
-0.00006
-0.00006
-0.00006
-0.00003
-0.00006
-0.00006
-0.00009
-0.00009
-0.00009
-0.00006
-0.00003
-0.00003
-0.00006
-0.00009
-0.00012
-0.00012
-0.00012
-0.00006
-0.00003
-0.00003
-0.00006
-0.00003
-0.00009
-0.00009
-0.00006
-0.00012
-0.00006
-0.00009
-0.00009
-0.00009
-0.00012
-0.00015
-0.00015
-0.00012
-0.00015
-0.00009
-0.00003
-0.00003
-0.00006
-0.00015
-0.00012
-0.00018
-0.00021
-0.00018
-0.00018
-0.00012
-0.00018
-0.00015
-0.00006
-0.00021
0.00000
-0.00018
0.00021
-0.00037
0.00012
-0.00061
0.00009
-0.00043
-0.00018
-0.01193
-0.04846
-0.01611
-0.02728
-0.00961
0.00989
0.01617
0.05762
0.02231
0.01764
0.00882
0.00064
-0.00784
-0.02209
-0.01208
-0.01181
-0.00940
0.00198
0.00507
0.01178
0.00925
-0.00333
-0.00183
0.00409
0.00098
0.00226
0.00159
0.00204
0.00253
0.00034
-0.00305
-0.00217
0.00024
-0.00385
-0.00104
0.00302
0.00296
0.00345
0.00385
0.00406
0.00360
0.00290
0.00113
-0.00162
-0.00125
-0.00046
-0.00214
-0.00159
-0.00012
-0.00034
-0.00049
0.00140
0.00186
0.00168
0.00189
0.00104
0.00085
0.00195
0.00150
-0.00018
-0.00043
0.00015
-0.00079
-0.00110
-0.00143
-0.00146
-0.00058
-0.00055
0.00049
0.00131
0.00116
0.00031
-0.00040
0.00067
0.00055
-0.00046
-0.00125
-0.00162
-0.00076
-0.00076
-0.00064
-0.00052
-0.00128
-0.00104
-0.00137
-0.00067
-0.00040
-0.00027
0.00009
-0.00058
-0.00052
-0.00040
-0.00049
-0.00046
-0.00107
-0.00092
-0.00101
-0.00116
-0.00134
-0.00150
-0.00113
-0.00137
-0.00174
-0.00098
-0.00027
-0.00006
-0.00037
-0.00061
-0.00015
-0.00009
-0.00049
-0.00128
-0.00137
-0.00082
-0.00079
-0.00101
-0.00134
-0.00140
-0.00113
-0.00156
-0.00192
-0.00195
-0.00122
-0.00052
-0.00031
0.00006
0.00009
-0.00034
-0.00092
-0.00110
-0.00085
-0.00116
-0.00153
-0.00159
-0.00156
-0.00134
-0.00128
-0.00092
-0.00046
-0.00027
-0.00018
-0.00046
0.00000
0.00000
0.00000
0.00000
0.00000
0.00000
0.00000
0.00000
0.00000
0.00000
0.00000
0.00000
0.00000
0.00000
0.00000
0.00000
0.00000
0.00000
0.00000
0.00000
0.00000
0.00000
0.00000
0.00000
0.00000
0.00000
0.00000
0.00000
0.00000
0.00000
0.00000
0.00000
0.00000
0.00000
0.00000
0.00000
0.00000
0.00000
0.00000
0.00000
0.00000
0.00000
0.00000
0.00000
0.00000
0.00000
0.00000
0.00000
0.00000
0.00000
0.00000
0.00000
0.00000
0.00000
0.00000
0.00000
0.00000
0.00000
0.00000
0.00000
0.00000
0.00000
0.00000
0.00000
0.00000
0.00000
0.00000
0.00000
0.00000
0.00000
0.00000
0.00000
0.00000
0.00000
0.00000
0.00000
0.00000
0.00000
0.00000
0.00000
0.00000
0.00000
0.00000
0.00000
0.00000
0.00000
0.00000
0.00000
0.00000
0.00000
0.00000
0.00000
0.00000
0.00000
0.00000
0.00000
0.00000
0.00000
0.00000
0.00000
0.00000
0.00000
0.00000
0.00000
0.00000
0.00000
0.00000
0.00000
0.00000
0.00000
0.00000
0.00000
0.00000
0.00000
0.00000
0.00000
0.00000
0.00000
0.00000
0.00000
0.00000
0.00000
0.00000
0.00000
0.00000
0.00000
0.00000
0.00000
0.00000
0.00000
0.00000
0.00000
0.00000
0.00000
0.00000
0.00000
0.00000
0.00000
0.00000
0.00000
0.00000
0.00000
0.00000
0.00000
0.00000
0.00000
0.00000
0.00000
0.00000
0.00000
0.00000
0.00000
0.00000
0.00000
0.00000
0.00000
0.00000
0.00000
0.00000
0.00000
0.00000
0.00000
0.00000
0.00000
0.00000
0.00000
0.00000
0.00000
0.00000
0.00000
0.00000
0.00000
0.00000
0.00000
0.00000
