-0.00031
-0.00027
-0.00031
-0.00031
-0.00027
-0.00027
-0.00037
-0.00034
-0.00027
-0.00031
-0.00031
-0.00034
-0.00027
-0.00027
-0.00031
-0.00027
-0.00024
-0.00031
-0.00034
-0.00034
-0.00031
-0.00027
-0.00024
-0.00024
-0.00027
-0.00031
-0.00027
-0.00027
-0.00027
-0.00034
-0.00034
-0.00034
-0.00031
-0.00031
-0.00049
-0.00021
-0.00031
-0.00037
-0.00024
-0.00031
-0.00031
-0.00034
-0.00031
-0.00027
-0.00031
-0.00031
-0.00027
-0.00027
-0.00027
-0.00027
-0.00027
-0.00031
-0.00031
-0.00031
-0.00027
-0.00024
-0.00027
-0.00031
-0.00027
-0.00024
-0.00027
-0.00027
-0.00031
-0.00034
-0.00031
-0.00027
-0.00027
-0.00031
-0.00024
-0.00024
-0.00031
-0.00027
-0.00021
-0.00027
-0.00027
-0.00024
-0.00024
-0.00018
-0.00027
-0.00027
-0.00021
-0.00027
-0.00031
-0.00031
-0.00024
-0.00024
-0.00021
-0.00021
-0.00021
-0.00018
-0.00018
-0.00021
-0.00021
-0.00021
-0.00021
-0.00021
-0.00021
-0.00024
-0.00021
-0.00021
-0.00021
-0.00018
-0.00015
-0.00012
-0.00012
-0.00018
-0.00024
-0.00021
-0.00024
-0.00024
-0.00021
-0.00021
-0.00018
-0.00015
-0.00012
-0.00015
-0.00015
-0.00012
-0.00018
-0.00018
-0.00018
-0.00018
-0.00018
-0.00015
-0.00015
-0.00009
-0.00012
-0.00009
-0.00006
-0.00006
-0.00006
-0.00015
-0.00018
-0.00018
-0.00021
-0.00018
-0.00015
-0.00015
-0.00015
-0.00009
-0.00006
-0.00006
-0.00009
-0.00012
-0.00009
-0.00012
-0.00015
-0.00012
-0.00012
-0.00009
-0.00009
-0.00006
-0.00009
-0.00012
-0.00012
-0.00009
-0.00012
-0.00012
-0.00015
-0.00012
-0.00009
-0.00009
-0.00006
-0.00006
-0.00009
-0.00012
-0.00012
-0.00006
-0.00006
-0.00006
-0.00006
-0.00009
-0.00006
-0.00009
-0.00009
-0.00012
-0.00015
-0.00018
-0.00009
-0.00015
-0.00021
-0.00009
-0.00009
-0.00003
0.00006
0.00000
-0.00003
-0.00003
-0.00006
-0.00006
-0.00006
-0.00006
-0.00021
0.00003
-0.00037
0.00015
-0.00055
0.00058
-0.00095
0.00021
-0.01688
-0.02881
-0.01349
-0.01974
-0.00293
-0.00006
0.01318
0.02820
0.02194
0.01538
0.00217
-0.00183
-0.01126
-0.01501
-0.00647
-0.00558
0.00012
0.00644
0.00537
0.00967
0.00955
0.00067
-0.00238
-0.00064
-0.00189
-0.00183
0.00098
0.00229
0.00302
0.00433
0.00159
0.00186
0.00305
0.00046
-0.00015
0.00061
0.00034
0.00000
0.00189
0.00241
0.00208
0.00159
0.00070
0.00000
0.00037
-0.00046
-0.00070
0.00095
0.00150
0.00052
0.00009
0.00027
0.00082
0.00156
0.00171
0.00131
0.00131
0.00107
0.00070
0.00006
0.00000
0.00034
0.00046
0.00034
-0.00012
0.00006
0.00015
-0.00003
0.00043
0.00003
0.00000
0.00000
0.00037
0.00119
0.00046
0.00012
-0.00043
-0.00040
-0.00034
-0.00076
-0.00058
-0.00058
-0.00052
-0.00034
-0.00015
-0.00009
-0.00085
-0.00098
-0.00046
0.00009
0.00058
0.00049
0.00000
-0.00055
-0.00104
-0.00079
-0.00076
-0.00055
-0.00073
-0.00092
-0.00046
-0.00015
-0.00021
-0.00082
-0.00137
-0.00085
-0.00012
0.00012
-0.00009
-0.00027
-0.00003
0.00006
-0.00003
-0.00037
-0.00070
-0.00089
-0.00110
-0.00116
-0.00119
-0.00098
-0.00061
-0.00058
-0.00058
-0.00015
0.00015
0.00000
-0.00055
-0.00067
-0.00043
-0.00027
-0.00040
-0.00052
-0.00043
-0.00070
-0.00107
-0.00098
-0.00070
-0.00064
-0.00064
-0.00040
-0.00043
0.00000
0.00000
0.00000
0.00000
0.00000
0.00000
0.00000
0.00000
0.00000
0.00000
0.00000
0.00000
0.00000
0.00000
0.00000
0.00000
0.00000
0.00000
0.00000
0.00000
0.00000
0.00000
0.00000
0.00000
0.00000
0.00000
0.00000
0.00000
0.00000
0.00000
0.00000
0.00000
0.00000
0.00000
0.00000
0.00000
0.00000
0.00000
0.00000
0.00000
0.00000
0.00000
0.00000
0.00000
0.00000
0.00000
0.00000
0.00000
0.00000
0.00000
0.00000
0.00000
0.00000
0.00000
0.00000
0.00000
0.00000
0.00000
0.00000
0.00000
0.00000
0.00000
0.00000
0.00000
0.00000
0.00000
0.00000
0.00000
0.00000
0.00000
0.00000
0.00000
0.00000
0.00000
0.00000
0.00000
0.00000
0.00000
0.00000
0.00000
0.00000
0.00000
0.00000
0.00000
0.00000
0.00000
0.00000
0.00000
0.00000
0.00000
0.00000
0.00000
0.00000
0.00000
0.00000
0.00000
0.00000
0.00000
0.00000
0.00000
0.00000
0.00000
0.00000
0.00000
0.00000
0.00000
0.00000
0.00000
0.00000
0.00000
0.00000
0.00000
0.00000
0.00000
0.00000
0.00000
0.00000
0.00000
0.00000
0.00000
0.00000
0.00000
0.00000
0.00000
0.00000
0.00000
0.00000
0.00000
0.00000
0.00000
0.00000
0.00000
0.00000
0.00000
0.00000
0.00000
0.00000
0.00000
0.00000
0.00000
0.00000
0.00000
0.00000
0.00000
0.00000
0.00000
0.00000
0.00000
0.00000
0.00000
0.00000
0.00000
0.00000
0.00000
0.00000
0.00000
0.00000
0.00000
0.00000
0.00000
0.00000
0.00000
0.00000
0.00000
0.00000
0.00000
0.00000
0.00000
0.00000
0.00000
0.00000
