-0.00018
-0.00015
-0.00015
-0.00012
-0.00012
-0.00015
-0.00009
-0.00006
-0.00009
-0.00009
-0.00009
-0.00012
-0.00015
-0.00018
-0.00015
-0.00009
-0.00012
-0.00009
-0.00009
-0.00003
-0.00006
-0.00009
-0.00006
-0.00006
-0.00009
-0.00012
-0.00009
-0.00012
-0.00012
-0.00012
-0.00009
-0.00003
-0.00006
0.00000
-0.00018
0.00006
-0.00003
-0.00009
-0.00006
-0.00012
-0.00006
-0.00012
-0.00006
-0.00006
-0.00003
-0.00006
-0.00003
-0.00003
-0.00003
0.00000
0.00000
0.00000
0.00000
0.00000
-0.00003
-0.00006
-0.00006
-0.00006
-0.00009
-0.00009
0.00000
0.00000
0.00003
0.00000
0.00003
0.00003
0.00000
-0.00009
0.00000
0.00000
-0.00003
0.00000
0.00000
0.00009
0.00000
0.00000
0.00006
0.00000
0.00000
0.00000
0.00003
0.00003
0.00003
0.00003
0.00003
0.00003
0.00000
0.00000
0.00003
0.00000
0.00000
0.00003
0.00003
0.00003
0.00003
0.00003
0.00003
0.00003
0.00009
0.00006
0.00006
0.00009
0.00006
0.00006
0.00003
0.00000
0.00003
0.00003
0.00009
0.00009
0.00009
0.00006
0.00012
0.00012
0.00009
0.00012
0.00009
0.00006
0.00003
0.00009
0.00009
0.00006
0.00009
0.00009
0.00006
0.00006
0.00009
0.00009
0.00009
0.00012
0.00012
0.00015
0.00012
0.00009
0.00006
0.00012
0.00006
0.00009
0.00009
0.00009
0.00012
0.00012
0.00012
0.00012
0.00012
0.00009
0.00006
0.00012
0.00015
0.00012
0.00012
0.00015
0.00009
0.00012
0.00012
0.00015
0.00015
0.00009
0.00009
0.00006
0.00009
0.00009
0.00012
0.00015
0.00015
0.00018
0.00012
0.00012
0.00012
0.00009
0.00012
0.00006
0.00009
0.00009
0.00009
0.00009
0.00009
0.00015
0.00012
0.00009
0.00012
0.00009
0.00009
0.00009
0.00000
0.00015
-0.00009
0.00034
-0.00046
0.00113
-0.00134
0.00244
-0.00308
0.00134
-0.05038
-0.04294
-0.01047
-0.03397
0.02286
0.00763
0.06525
0.05051
0.01065
0.01562
-0.00879
-0.00388
-0.02463
-0.01788
-0.00607
-0.01154
0.00241
0.01086
0.01151
0.01273
-0.00159
-0.00885
0.00140
0.00085
0.00095
0.00186
0.00082
0.00406
0.00290
0.00018
-0.00275
0.00125
0.00000
-0.00272
0.00250
0.00079
0.00085
0.00287
0.00381
0.00250
0.00385
0.00369
0.00049
-0.00015
0.00107
-0.00137
-0.00119
-0.00006
-0.00052
-0.00015
0.00159
0.00079
0.00089
0.00244
0.00214
0.00162
0.00192
0.00162
0.00079
0.00015
0.00073
-0.00018
-0.00122
-0.00137
-0.00104
0.00067
-0.00003
0.00003
0.00085
0.00018
0.00082
0.00003
0.00116
0.00137
0.00015
0.00000
-0.00061
-0.00012
-0.00089
-0.00235
-0.00049
-0.00034
-0.00006
-0.00046
-0.00119
-0.00055
-0.00040
0.00082
0.00064
-0.00003
0.00000
-0.00079
-0.00021
-0.00031
-0.00089
-0.00070
-0.00116
-0.00067
-0.00095
-0.00116
-0.00085
-0.00079
-0.00024
-0.00046
-0.00089
-0.00021
0.00000
0.00049
0.00015
-0.00015
0.00000
-0.00015
-0.00034
-0.00116
-0.00153
-0.00125
-0.00137
-0.00113
-0.00101
-0.00101
-0.00095
-0.00098
-0.00040
-0.00024
-0.00015
0.00000
0.00015
0.00012
-0.00055
-0.00101
-0.00098
-0.00079
-0.00095
-0.00140
-0.00131
-0.00101
-0.00095
-0.00076
-0.00027
0.00040
0.00064
0.00000
0.00000
0.00000
0.00000
0.00000
0.00000
0.00000
0.00000
0.00000
0.00000
0.00000
0.00000
0.00000
0.00000
0.00000
0.00000
0.00000
0.00000
0.00000
0.00000
0.00000
0.00000
0.00000
0.00000
0.00000
0.00000
0.00000
0.00000
0.00000
0.00000
0.00000
0.00000
0.00000
0.00000
0.00000
0.00000
0.00000
0.00000
0.00000
0.00000
0.00000
0.00000
0.00000
0.00000
0.00000
0.00000
0.00000
0.00000
0.00000
0.00000
0.00000
0.00000
0.00000
0.00000
0.00000
0.00000
0.00000
0.00000
0.00000
0.00000
0.00000
0.00000
0.00000
0.00000
0.00000
0.00000
0.00000
0.00000
0.00000
0.00000
0.00000
0.00000
0.00000
0.00000
0.00000
0.00000
0.00000
0.00000
0.00000
0.00000
0.00000
0.00000
0.00000
0.00000
0.00000
0.00000
0.00000
0.00000
0.00000
0.00000
0.00000
0.00000
0.00000
0.00000
0.00000
0.00000
0.00000
0.00000
0.00000
0.00000
0.00000
0.00000
0.00000
0.00000
0.00000
0.00000
0.00000
0.00000
0.00000
0.00000
0.00000
0.00000
0.00000
0.00000
0.00000
0.00000
0.00000
0.00000
0.00000
0.00000
0.00000
0.00000
0.00000
0.00000
0.00000
0.00000
0.00000
0.00000
0.00000
0.00000
0.00000
0.00000
0.00000
0.00000
0.00000
0.00000
0.00000
0.00000
0.00000
0.00000
0.00000
0.00000
0.00000
0.00000
0.00000
0.00000
0.00000
0.00000
0.00000
0.00000
0.00000
0.00000
0.00000
0.00000
0.00000
0.00000
0.00000
0.00000
0.00000
0.00000
0.00000
0.00000
0.00000
0.00000
0.00000
0.00000
0.00000
0.00000
0.00000
0.00000
0.00000
0.00000
0.00000
0.00000
0.00000
0.00000
0.00000
