-0.00018
-0.00015
-0.00018
-0.00021
-0.00021
-0.00021
-0.00021
-0.00024
-0.00021
-0.00021
-0.00018
-0.00021
-0.00018
-0.00018
-0.00021
-0.00024
-0.00024
-0.00024
-0.00021
-0.00021
-0.00018
-0.00021
-0.00021
-0.00021
-0.00021
-0.00021
-0.00018
-0.00015
-0.00015
-0.00015
-0.00018
-0.00018
-0.00021
-0.00021
-0.00040
-0.00012
-0.00018
-0.00024
-0.00018
-0.00018
-0.00015
-0.00021
-0.00015
-0.00015
-0.00015
-0.00021
-0.00021
-0.00018
-0.00018
-0.00018
-0.00018
-0.00018
-0.00018
-0.00018
-0.00015
-0.00012
-0.00018
-0.00024
-0.00018
-0.00021
-0.00018
-0.00021
-0.00024
-0.00018
-0.00021
-0.00021
-0.00021
-0.00021
-0.00018
-0.00021
-0.00018
-0.00015
-0.00021
-0.00015
-0.00018
-0.00021
-0.00021
-0.00021
-0.00018
-0.00021
-0.00021
-0.00015
-0.00015
-0.00018
-0.00012
-0.00012
-0.00015
-0.00015
-0.00012
-0.00018
-0.00018
-0.00018
-0.00021
-0.00021
-0.00018
-0.00018
-0.00021
-0.00018
-0.00015
-0.00015
-0.00012
-0.00015
-0.00015
-0.00012
-0.00018
-0.00021
-0.00015
-0.00015
-0.00018
-0.00021
-0.00015
-0.00012
-0.00015
-0.00015
-0.00015
-0.00015
-0.00018
-0.00021
-0.00015
-0.00015
-0.00015
-0.00015
-0.00012
-0.00009
-0.00015
-0.00018
-0.00015
-0.00015
-0.00015
-0.00018
-0.00012
-0.00009
-0.00009
-0.00009
-0.00009
-0.00015
-0.00021
-0.00021
-0.00018
-0.00018
-0.00015
-0.00015
-0.00015
-0.00012
-0.00012
-0.00012
-0.00009
-0.00009
-0.00012
-0.00015
-0.00012
-0.00009
-0.00012
-0.00012
-0.00012
-0.00015
-0.00012
-0.00018
-0.00015
-0.00012
-0.00012
-0.00012
-0.00012
-0.00009
-0.00012
-0.00012
-0.00015
-0.00015
-0.00012
-0.00015
-0.00015
-0.00015
-0.00015
-0.00015
-0.00015
-0.00012
-0.00009
-0.00012
-0.00009
-0.00012
-0.00006
-0.00015
-0.00021
-0.00012
-0.00024
-0.00012
-0.00009
0.00006
-0.00018
0.00000
-0.00027
0.00000
-0.00034
-0.00006
-0.00015
-0.00043
-0.00797
-0.04010
-0.01974
-0.02374
-0.01297
0.00598
0.01007
0.04742
0.02664
0.01877
0.01346
0.00119
-0.00623
-0.01999
-0.01529
-0.01260
-0.01038
0.00064
0.00510
0.01123
0.00961
0.00015
0.00064
0.00467
0.00180
0.00125
0.00046
0.00061
0.00232
0.00064
-0.00314
-0.00363
-0.00012
-0.00119
0.00079
0.00427
0.00314
0.00385
0.00473
0.00342
0.00256
0.00204
-0.00012
-0.00134
-0.00040
-0.00089
-0.00140
-0.00061
-0.00104
-0.00049
0.00140
0.00223
0.00159
0.00119
0.00119
0.00174
0.00189
0.00128
0.00101
0.00070
-0.00043
0.00003
-0.00024
-0.00079
-0.00128
-0.00153
-0.00043
0.00082
0.00226
0.00095
-0.00003
0.00055
0.00034
0.00079
-0.00040
-0.00079
-0.00049
-0.00055
0.00015
-0.00043
-0.00082
-0.00076
-0.00110
-0.00055
-0.00076
-0.00052
-0.00021
-0.00003
0.00012
-0.00037
-0.00012
-0.00012
-0.00058
-0.00034
-0.00043
-0.00040
-0.00082
-0.00089
-0.00079
-0.00116
-0.00143
-0.00153
-0.00095
0.00000
-0.00003
-0.00015
-0.00009
-0.00009
0.00003
-0.00064
-0.00095
-0.00064
-0.00009
0.00000
-0.00089
-0.00095
-0.00070
-0.00085
-0.00125
-0.00201
-0.00162
-0.00101
-0.00058
-0.00027
-0.00021
0.00012
0.00024
-0.00003
-0.00046
-0.00070
-0.00070
-0.00085
-0.00116
-0.00134
-0.00113
-0.00079
-0.00089
-0.00085
-0.00034
0.00000
-0.00018
-0.00064
-0.00082
0.00000
0.00000
0.00000
0.00000
0.00000
0.00000
0.00000
0.00000
0.00000
0.00000
0.00000
0.00000
0.00000
0.00000
0.00000
0.00000
0.00000
0.00000
0.00000
0.00000
0.00000
0.00000
0.00000
0.00000
0.00000
0.00000
0.00000
0.00000
0.00000
0.00000
0.00000
0.00000
0.00000
0.00000
0.00000
0.00000
0.00000
0.00000
0.00000
0.00000
0.00000
0.00000
0.00000
0.00000
0.00000
0.00000
0.00000
0.00000
0.00000
0.00000
0.00000
0.00000
0.00000
0.00000
0.00000
0.00000
0.00000
0.00000
0.00000
0.00000
0.00000
0.00000
0.00000
0.00000
0.00000
0.00000
0.00000
0.00000
0.00000
0.00000
0.00000
0.00000
0.00000
0.00000
0.00000
0.00000
0.00000
0.00000
0.00000
0.00000
0.00000
0.00000
0.00000
0.00000
0.00000
0.00000
0.00000
0.00000
0.00000
0.00000
0.00000
0.00000
0.00000
0.00000
0.00000
0.00000
0.00000
0.00000
0.00000
0.00000
0.00000
0.00000
0.00000
0.00000
0.00000
0.00000
0.00000
0.00000
0.00000
0.00000
0.00000
0.00000
0.00000
0.00000
0.00000
0.00000
0.00000
0.00000
0.00000
0.00000
0.00000
0.00000
0.00000
0.00000
0.00000
0.00000
0.00000
0.00000
0.00000
0.00000
0.00000
0.00000
0.00000
0.00000
0.00000
0.00000
0.00000
0.00000
0.00000
0.00000
0.00000
0.00000
0.00000
0.00000
0.00000
0.00000
0.00000
0.00000
0.00000
0.00000
0.00000
0.00000
0.00000
0.00000
0.00000
0.00000
0.00000
0.00000
0.00000
0.00000
0.00000
0.00000
0.00000
0.00000
0.00000
0.00000
0.00000
0.00000
0.00000
0.00000
0.00000
0.00000
0.00000
