-0.00012
-0.00015
-0.00012
-0.00021
-0.00021
-0.00018
-0.00018
-0.00021
-0.00021
-0.00021
-0.00024
-0.00018
-0.00018
-0.00015
-0.00015
-0.00015
-0.00015
-0.00018
-0.00015
-0.00018
-0.00024
-0.00031
-0.00034
-0.00034
-0.00027
-0.00024
-0.00018
-0.00015
-0.00018
-0.00012
-0.00015
-0.00015
-0.00024
-0.00024
-0.00043
-0.00015
-0.00018
-0.00024
-0.00015
-0.00024
-0.00021
-0.00027
-0.00027
-0.00027
-0.00034
-0.00034
-0.00027
-0.00024
-0.00024
-0.00024
-0.00021
-0.00024
-0.00027
-0.00027
-0.00024
-0.00027
-0.00024
-0.00021
-0.00024
-0.00024
-0.00024
-0.00024
-0.00031
-0.00031
-0.00027
-0.00027
-0.00034
-0.00021
-0.00031
-0.00024
-0.00031
-0.00031
-0.00021
-0.00037
-0.00024
-0.00024
-0.00021
-0.00024
-0.00027
-0.00027
-0.00031
-0.00031
-0.00037
-0.00037
-0.00031
-0.00027
-0.00027
-0.00024
-0.00024
-0.00024
-0.00031
-0.00027
-0.00027
-0.00037
-0.00031
-0.00031
-0.00031
-0.00027
-0.00024
-0.00021
-0.00027
-0.00024
-0.00015
-0.00024
-0.00027
-0.00037
-0.00040
-0.00037
-0.00037
-0.00034
-0.00024
-0.00015
-0.00021
-0.00018
-0.00018
-0.00018
-0.00031
-0.00037
-0.00034
-0.00037
-0.00034
-0.00024
-0.00021
-0.00027
-0.00031
-0.00024
-0.00024
-0.00027
-0.00034
-0.00031
-0.00031
-0.00034
-0.00027
-0.00024
-0.00021
-0.00027
-0.00024
-0.00024
-0.00027
-0.00031
-0.00037
-0.00040
-0.00043
-0.00037
-0.00031
-0.00027
-0.00021
-0.00015
-0.00018
-0.00024
-0.00027
-0.00027
-0.00027
-0.00034
-0.00034
-0.00027
-0.00031
-0.00034
-0.00034
-0.00031
-0.00034
-0.00037
-0.00034
-0.00034
-0.00031
-0.00027
-0.00021
-0.00018
-0.00024
-0.00021
-0.00027
-0.00021
-0.00031
-0.00027
-0.00024
-0.00037
-0.00034
-0.00034
-0.00034
-0.00031
-0.00037
-0.00024
-0.00031
-0.00009
-0.00040
-0.00027
-0.00046
-0.00067
0.00000
-0.00116
0.00137
-0.00284
-0.00607
-0.07239
-0.02655
-0.02240
-0.02103
0.03030
0.01544
0.08813
0.03217
0.01468
0.00525
-0.01294
-0.01105
-0.03293
-0.01309
-0.00537
-0.00931
0.00769
0.01373
0.01526
0.01132
-0.00754
-0.00995
0.00061
-0.00076
0.00134
0.00128
0.00153
0.00241
0.00058
-0.00146
-0.00140
0.00293
-0.00156
-0.00211
0.00336
0.00131
0.00098
0.00177
0.00174
0.00208
0.00311
0.00198
-0.00015
-0.00070
0.00098
-0.00168
-0.00064
-0.00018
0.00018
-0.00006
0.00061
0.00064
0.00104
0.00244
0.00146
0.00052
0.00168
0.00189
0.00027
-0.00092
0.00095
-0.00058
-0.00183
-0.00189
-0.00146
0.00082
0.00027
0.00040
0.00000
0.00003
0.00073
-0.00110
0.00079
0.00085
0.00015
-0.00031
-0.00131
-0.00003
-0.00089
-0.00192
-0.00125
-0.00146
-0.00027
-0.00095
-0.00085
-0.00064
-0.00073
0.00052
0.00046
0.00027
-0.00006
-0.00116
-0.00040
-0.00079
-0.00101
-0.00113
-0.00137
-0.00082
-0.00143
-0.00116
-0.00085
-0.00104
-0.00055
-0.00055
-0.00049
-0.00037
-0.00052
0.00027
0.00034
0.00012
-0.00040
-0.00076
-0.00046
-0.00095
-0.00119
-0.00168
-0.00214
-0.00156
-0.00125
-0.00101
-0.00110
-0.00079
0.00006
0.00006
-0.00003
-0.00037
-0.00058
-0.00043
-0.00067
-0.00070
-0.00110
-0.00137
-0.00134
-0.00131
-0.00113
-0.00116
-0.00095
-0.00043
-0.00027
0.00000
0.00037
0.00040
0.00000
0.00000
0.00000
0.00000
0.00000
0.00000
0.00000
0.00000
0.00000
0.00000
0.00000
0.00000
0.00000
0.00000
0.00000
0.00000
0.00000
0.00000
0.00000
0.00000
0.00000
0.00000
0.00000
0.00000
0.00000
0.00000
0.00000
0.00000
0.00000
0.00000
0.00000
0.00000
0.00000
0.00000
0.00000
0.00000
0.00000
0.00000
0.00000
0.00000
0.00000
0.00000
0.00000
0.00000
0.00000
0.00000
0.00000
0.00000
0.00000
0.00000
0.00000
0.00000
0.00000
0.00000
0.00000
0.00000
0.00000
0.00000
0.00000
0.00000
0.00000
0.00000
0.00000
0.00000
0.00000
0.00000
0.00000
0.00000
0.00000
0.00000
0.00000
0.00000
0.00000
0.00000
0.00000
0.00000
0.00000
0.00000
0.00000
0.00000
0.00000
0.00000
0.00000
0.00000
0.00000
0.00000
0.00000
0.00000
0.00000
0.00000
0.00000
0.00000
0.00000
0.00000
0.00000
0.00000
0.00000
0.00000
0.00000
0.00000
0.00000
0.00000
0.00000
0.00000
0.00000
0.00000
0.00000
0.00000
0.00000
0.00000
0.00000
0.00000
0.00000
0.00000
0.00000
0.00000
0.00000
0.00000
0.00000
0.00000
0.00000
0.00000
0.00000
0.00000
0.00000
0.00000
0.00000
0.00000
0.00000
0.00000
0.00000
0.00000
0.00000
0.00000
0.00000
0.00000
0.00000
0.00000
0.00000
0.00000
0.00000
0.00000
0.00000
0.00000
0.00000
0.00000
0.00000
0.00000
0.00000
0.00000
0.00000
0.00000
0.00000
0.00000
0.00000
0.00000
0.00000
0.00000
0.00000
0.00000
0.00000
0.00000
0.00000
0.00000
0.00000
0.00000
0.00000
0.00000
0.00000
0.00000
0.00000
0.00000
0.00000
0.00000
0.00000
0.00000
0.00000
