-0.00018
-0.00015
-0.00015
-0.00018
-0.00021
-0.00018
-0.00021
-0.00021
-0.00018
-0.00015
-0.00018
-0.00021
-0.00018
-0.00018
-0.00021
-0.00024
-0.00021
-0.00018
-0.00018
-0.00021
-0.00021
-0.00018
-0.00018
-0.00018
-0.00018
-0.00018
-0.00018
-0.00018
-0.00015
-0.00015
-0.00018
-0.00018
-0.00021
-0.00021
-0.00024
-0.00021
-0.00018
-0.00018
-0.00015
-0.00018
-0.00015
-0.00018
-0.00021
-0.00018
-0.00018
-0.00018
-0.00018
-0.00018
-0.00018
-0.00018
-0.00018
-0.00018
-0.00018
-0.00015
-0.00018
-0.00018
-0.00021
-0.00021
-0.00021
-0.00021
-0.00018
-0.00015
-0.00015
-0.00021
-0.00015
-0.00018
-0.00018
-0.00018
-0.00021
-0.00021
-0.00018
-0.00018
-0.00018
-0.00015
-0.00015
-0.00018
-0.00018
-0.00015
-0.00012
-0.00018
-0.00018
-0.00018
-0.00021
-0.00021
-0.00021
-0.00018
-0.00018
-0.00018
-0.00018
-0.00015
-0.00018
-0.00018
-0.00015
-0.00018
-0.00018
-0.00021
-0.00015
-0.00015
-0.00021
-0.00021
-0.00015
-0.00018
-0.00021
-0.00021
-0.00018
-0.00018
-0.00021
-0.00018
-0.00015
-0.00018
-0.00018
-0.00015
-0.00015
-0.00015
-0.00018
-0.00018
-0.00015
-0.00018
-0.00021
-0.00018
-0.00015
-0.00018
-0.00021
-0.00018
-0.00018
-0.00018
-0.00018
-0.00012
-0.00015
-0.00015
-0.00015
-0.00018
-0.00021
-0.00021
-0.00018
-0.00018
-0.00015
-0.00015
-0.00018
-0.00015
-0.00018
-0.00015
-0.00012
-0.00015
-0.00015
-0.00015
-0.00015
-0.00018
-0.00018
-0.00015
-0.00015
-0.00018
-0.00018
-0.00015
-0.00018
-0.00021
-0.00015
-0.00012
-0.00015
-0.00012
-0.00012
-0.00015
-0.00018
-0.00018
-0.00018
-0.00018
-0.00018
-0.00015
-0.00009
-0.00012
-0.00018
-0.00018
-0.00015
-0.00015
-0.00015
-0.00015
-0.00012
-0.00015
-0.00012
-0.00015
-0.00006
-0.00021
-0.00009
-0.00027
-0.00024
-0.00015
-0.00049
0.00046
-0.00043
-0.01135
-0.07980
-0.07776
-0.00583
0.02533
0.04453
0.03992
0.03687
0.03152
0.02316
-0.00549
-0.02435
-0.01511
-0.01471
-0.00595
0.01215
0.00464
-0.00668
-0.00119
0.00009
0.00348
0.01288
0.00314
-0.00357
0.00458
0.00528
0.00000
0.00287
0.00348
-0.00241
-0.00159
-0.00156
-0.00528
-0.00275
0.00052
-0.00027
0.00116
0.00500
0.00543
0.00549
0.00705
0.00458
-0.00046
-0.00290
-0.00381
-0.00519
-0.00241
0.00146
0.00095
0.00073
0.00153
0.00137
0.00140
0.00333
0.00381
0.00177
0.00092
0.00015
-0.00049
-0.00009
-0.00003
-0.00027
-0.00061
-0.00043
-0.00092
-0.00085
0.00000
-0.00009
0.00015
0.00061
0.00101
0.00092
0.00021
0.00070
0.00061
-0.00015
-0.00082
-0.00241
-0.00284
-0.00195
-0.00125
-0.00064
-0.00061
-0.00024
-0.00006
0.00015
0.00076
0.00049
0.00000
-0.00040
-0.00085
-0.00089
-0.00092
-0.00076
-0.00067
-0.00061
-0.00073
-0.00119
-0.00137
-0.00122
-0.00122
-0.00146
-0.00101
-0.00040
0.00006
0.00085
0.00076
0.00034
0.00015
-0.00031
-0.00134
-0.00180
-0.00168
-0.00168
-0.00150
-0.00119
-0.00076
-0.00049
-0.00046
-0.00073
-0.00104
-0.00101
-0.00092
-0.00085
-0.00070
-0.00064
-0.00058
-0.00043
-0.00046
-0.00058
-0.00061
-0.00070
-0.00089
-0.00113
-0.00128
-0.00134
-0.00134
-0.00137
-0.00101
-0.00043
0.00000
0.00009
0.00012
0.00037
0.00043
0.00034
0.00021
0.00000
0.00000
0.00000
0.00000
0.00000
0.00000
0.00000
0.00000
0.00000
0.00000
0.00000
0.00000
0.00000
0.00000
0.00000
0.00000
0.00000
0.00000
0.00000
0.00000
0.00000
0.00000
0.00000
0.00000
0.00000
0.00000
0.00000
0.00000
0.00000
0.00000
0.00000
0.00000
0.00000
0.00000
0.00000
0.00000
0.00000
0.00000
0.00000
0.00000
0.00000
0.00000
0.00000
0.00000
0.00000
0.00000
0.00000
0.00000
0.00000
0.00000
0.00000
0.00000
0.00000
0.00000
0.00000
0.00000
0.00000
0.00000
0.00000
0.00000
0.00000
0.00000
0.00000
0.00000
0.00000
0.00000
0.00000
0.00000
0.00000
0.00000
0.00000
0.00000
0.00000
0.00000
0.00000
0.00000
0.00000
0.00000
0.00000
0.00000
0.00000
0.00000
0.00000
0.00000
0.00000
0.00000
0.00000
0.00000
0.00000
0.00000
0.00000
0.00000
0.00000
0.00000
0.00000
0.00000
0.00000
0.00000
0.00000
0.00000
0.00000
0.00000
0.00000
0.00000
0.00000
0.00000
0.00000
0.00000
0.00000
0.00000
0.00000
0.00000
0.00000
0.00000
0.00000
0.00000
0.00000
0.00000
0.00000
0.00000
0.00000
0.00000
0.00000
0.00000
0.00000
0.00000
0.00000
0.00000
0.00000
0.00000
0.00000
0.00000
0.00000
0.00000
0.00000
0.00000
0.00000
0.00000
0.00000
0.00000
0.00000
0.00000
0.00000
0.00000
0.00000
0.00000
0.00000
0.00000
0.00000
0.00000
0.00000
0.00000
0.00000
0.00000
0.00000
0.00000
0.00000
0.00000
0.00000
0.00000
0.00000
0.00000
0.00000
0.00000
0.00000
0.00000
0.00000
0.00000
0.00000
0.00000
0.00000
0.00000
0.00000
0.00000
0.00000
0.00000
