-0.00031
-0.00031
-0.00027
-0.00027
-0.00024
-0.00027
-0.00031
-0.00034
-0.00037
-0.00034
-0.00034
-0.00034
-0.00027
-0.00027
-0.00031
-0.00031
-0.00031
-0.00031
-0.00031
-0.00031
-0.00034
-0.00031
-0.00027
-0.00027
-0.00024
-0.00027
-0.00034
-0.00034
-0.00027
-0.00034
-0.00024
-0.00027
-0.00027
-0.00031
-0.00067
0.00009
-0.00031
-0.00034
-0.00031
-0.00034
-0.00034
-0.00037
-0.00024
-0.00027
-0.00031
-0.00027
-0.00027
-0.00031
-0.00027
-0.00031
-0.00031
-0.00021
-0.00021
-0.00027
-0.00024
-0.00027
-0.00031
-0.00031
-0.00027
-0.00031
-0.00031
-0.00024
-0.00031
-0.00031
-0.00024
-0.00021
-0.00021
-0.00027
-0.00027
-0.00024
-0.00027
-0.00027
-0.00024
-0.00024
-0.00024
-0.00027
-0.00024
-0.00024
-0.00024
-0.00024
-0.00021
-0.00021
-0.00027
-0.00031
-0.00024
-0.00024
-0.00031
-0.00024
-0.00021
-0.00024
-0.00024
-0.00024
-0.00024
-0.00027
-0.00024
-0.00027
-0.00027
-0.00024
-0.00024
-0.00021
-0.00021
-0.00021
-0.00024
-0.00021
-0.00021
-0.00031
-0.00027
-0.00024
-0.00027
-0.00024
-0.00018
-0.00018
-0.00021
-0.00021
-0.00018
-0.00018
-0.00024
-0.00027
-0.00024
-0.00021
-0.00021
-0.00021
-0.00018
-0.00024
-0.00024
-0.00021
-0.00018
-0.00021
-0.00018
-0.00018
-0.00018
-0.00015
-0.00015
-0.00015
-0.00018
-0.00018
-0.00018
-0.00021
-0.00024
-0.00024
-0.00018
-0.00018
-0.00015
-0.00015
-0.00015
-0.00015
-0.00018
-0.00021
-0.00021
-0.00021
-0.00021
-0.00018
-0.00018
-0.00015
-0.00018
-0.00015
-0.00015
-0.00015
-0.00015
-0.00015
-0.00015
-0.00018
-0.00021
-0.00015
-0.00015
-0.00018
-0.00018
-0.00015
-0.00021
-0.00027
-0.00021
-0.00018
-0.00018
-0.00012
-0.00015
-0.00018
-0.00018
-0.00018
-0.00018
-0.00021
-0.00012
-0.00027
0.00009
-0.00067
0.00024
-0.00101
0.00095
-0.00162
-0.00055
-0.05463
-0.10251
-0.03720
0.02155
0.05209
0.04660
0.03842
0.03445
0.03085
0.00537
-0.02762
-0.02310
-0.01257
-0.00742
0.00687
0.00882
-0.00586
-0.00534
0.00089
0.00290
0.01114
0.01010
-0.00375
-0.00009
0.00488
0.00067
0.00043
0.00479
-0.00296
-0.00562
-0.00031
0.00146
0.00281
0.00681
0.00467
-0.00259
-0.00113
0.00034
-0.00204
-0.00040
0.00464
0.00446
0.00204
0.00085
-0.00226
-0.00403
0.00034
0.00153
-0.00031
-0.00058
0.00095
0.00067
0.00107
0.00336
0.00311
0.00250
0.00281
0.00098
-0.00089
-0.00177
-0.00171
-0.00101
0.00000
0.00021
-0.00079
-0.00055
0.00064
0.00089
0.00000
-0.00018
-0.00006
-0.00064
-0.00012
0.00055
0.00034
-0.00040
-0.00159
-0.00171
-0.00095
-0.00037
-0.00040
-0.00079
-0.00052
-0.00067
-0.00089
-0.00027
-0.00003
-0.00031
-0.00012
-0.00037
-0.00085
-0.00107
-0.00076
-0.00122
-0.00116
0.00012
0.00006
-0.00003
-0.00018
-0.00104
-0.00174
-0.00180
-0.00174
-0.00137
-0.00085
-0.00003
0.00049
0.00119
0.00113
0.00070
-0.00018
-0.00137
-0.00211
-0.00250
-0.00214
-0.00146
-0.00098
-0.00085
-0.00046
-0.00064
-0.00134
-0.00116
-0.00079
-0.00052
-0.00021
-0.00009
-0.00024
-0.00043
-0.00055
-0.00095
-0.00076
-0.00064
-0.00122
-0.00143
-0.00140
-0.00140
-0.00122
-0.00095
-0.00046
-0.00006
0.00003
0.00000
0.00012
0.00040
0.00040
0.00043
0.00043
0.00015
-0.00027
-0.00070
-0.00085
-0.00095
-0.00110
-0.00131
-0.00180
-0.00208
-0.00174
-0.00058
0.00040
0.00073
0.00079
0.00061
0.00064
0.00073
0.00043
0.00003
-0.00024
-0.00034
-0.00037
-0.00034
-0.00043
-0.00046
-0.00006
0.00034
0.00058
-0.00003
-0.00122
-0.00186
-0.00143
-0.00037
0.00046
0.00104
0.00159
0.00195
0.00204
0.00171
0.00092
0.00000
-0.00064
-0.00092
-0.00095
-0.00058
0.00009
0.00070
0.00092
0.00107
0.00092
0.00058
0.00031
0.00018
-0.00021
-0.00040
-0.00015
0.00034
0.00073
0.00076
0.00092
0.00055
-0.00006
0.00000
0.00000
0.00000
0.00000
0.00000
0.00000
0.00000
0.00000
0.00000
0.00000
0.00000
0.00000
0.00000
0.00000
0.00000
0.00000
0.00000
0.00000
0.00000
0.00000
0.00000
0.00000
0.00000
0.00000
0.00000
0.00000
0.00000
0.00000
0.00000
0.00000
0.00000
0.00000
0.00000
0.00000
0.00000
0.00000
0.00000
0.00000
0.00000
0.00000
0.00000
0.00000
0.00000
0.00000
0.00000
0.00000
0.00000
0.00000
0.00000
0.00000
0.00000
0.00000
0.00000
0.00000
0.00000
0.00000
0.00000
0.00000
0.00000
0.00000
0.00000
0.00000
0.00000
0.00000
0.00000
0.00000
0.00000
0.00000
0.00000
0.00000
0.00000
0.00000
0.00000
0.00000
0.00000
0.00000
0.00000
0.00000
0.00000
0.00000
0.00000
0.00000
0.00000
0.00000
0.00000
0.00000
0.00000
0.00000
0.00000
0.00000
0.00000
0.00000
0.00000
0.00000
0.00000
0.00000
0.00000
0.00000
0.00000
0.00000
0.00000
0.00000
0.00000
0.00000
0.00000
0.00000
0.00000
0.00000
0.00000
0.00000
0.00000
0.00000
0.00000
0.00000
