-0.00015
-0.00015
-0.00015
-0.00015
-0.00015
-0.00018
-0.00018
-0.00018
-0.00018
-0.00018
-0.00018
-0.00018
-0.00018
-0.00018
-0.00018
-0.00015
-0.00018
-0.00021
-0.00018
-0.00018
-0.00021
-0.00021
-0.00015
-0.00018
-0.00018
-0.00015
-0.00015
-0.00015
-0.00015
-0.00015
-0.00018
-0.00015
-0.00015
-0.00015
-0.00018
-0.00018
-0.00018
-0.00018
-0.00015
-0.00021
-0.00018
-0.00018
-0.00015
-0.00018
-0.00015
-0.00012
-0.00015
-0.00015
-0.00015
-0.00015
-0.00018
-0.00015
-0.00012
-0.00009
-0.00012
-0.00015
-0.00015
-0.00018
-0.00018
-0.00015
-0.00015
-0.00009
-0.00012
-0.00021
-0.00012
-0.00012
-0.00015
-0.00012
-0.00009
-0.00015
-0.00015
-0.00012
-0.00015
-0.00018
-0.00015
-0.00012
-0.00012
-0.00012
-0.00009
-0.00009
-0.00012
-0.00012
-0.00012
-0.00015
-0.00012
-0.00012
-0.00012
-0.00009
-0.00009
-0.00012
-0.00009
-0.00006
-0.00012
-0.00012
-0.00006
-0.00009
-0.00009
-0.00009
-0.00009
-0.00009
-0.00009
-0.00009
-0.00012
-0.00012
-0.00006
-0.00006
-0.00006
-0.00009
-0.00009
-0.00009
-0.00009
-0.00006
-0.00009
-0.00006
-0.00006
-0.00006
-0.00003
-0.00006
-0.00009
-0.00009
-0.00003
-0.00006
-0.00009
-0.00006
-0.00003
-0.00006
-0.00006
-0.00003
-0.00003
-0.00003
-0.00003
-0.00003
-0.00006
-0.00006
-0.00006
-0.00006
-0.00003
-0.00003
-0.00003
-0.00003
-0.00003
-0.00006
-0.00006
0.00000
0.00000
-0.00003
-0.00003
-0.00003
-0.00006
-0.00006
-0.00003
-0.00003
-0.00003
-0.00006
-0.00003
-0.00003
-0.00003
0.00000
0.00000
0.00000
0.00000
0.00000
-0.00003
-0.00006
-0.00003
-0.00003
-0.00003
-0.00003
0.00000
-0.00003
-0.00006
-0.00003
-0.00003
-0.00003
0.00000
0.00000
0.00000
0.00000
0.00000
-0.00003
0.00000
-0.00006
0.00000
-0.00012
-0.00018
0.00000
-0.00046
0.00070
-0.00049
-0.01028
-0.07956
-0.07990
-0.00519
0.02490
0.04480
0.04050
0.03702
0.03238
0.02362
-0.00470
-0.02457
-0.01468
-0.01477
-0.00659
0.01251
0.00519
-0.00665
-0.00085
0.00006
0.00308
0.01312
0.00342
-0.00381
0.00491
0.00607
0.00015
0.00308
0.00366
-0.00253
-0.00171
-0.00174
-0.00549
-0.00415
-0.00067
0.00131
0.00494
0.00772
0.00708
0.00571
0.00436
0.00208
-0.00076
-0.00455
-0.00558
-0.00345
-0.00092
0.00220
0.00272
0.00116
0.00009
0.00153
0.00217
0.00290
0.00409
0.00266
0.00055
-0.00021
-0.00009
0.00000
0.00000
0.00018
-0.00067
-0.00064
-0.00058
-0.00073
-0.00006
0.00034
0.00046
0.00067
0.00113
0.00104
0.00024
0.00040
0.00052
-0.00003
-0.00104
-0.00247
-0.00238
-0.00156
-0.00073
0.00000
-0.00024
0.00003
-0.00006
-0.00006
0.00061
0.00052
0.00009
-0.00040
-0.00076
-0.00085
-0.00098
-0.00049
-0.00037
-0.00055
-0.00052
-0.00098
-0.00125
-0.00113
-0.00125
-0.00153
-0.00079
-0.00024
0.00027
0.00113
0.00092
0.00052
0.00012
-0.00043
-0.00150
-0.00183
-0.00156
-0.00150
-0.00113
-0.00092
-0.00055
-0.00027
-0.00043
-0.00073
-0.00104
-0.00098
-0.00098
-0.00085
-0.00058
-0.00049
-0.00037
-0.00012
-0.00024
-0.00046
-0.00067
-0.00082
-0.00089
-0.00119
-0.00131
-0.00113
-0.00104
-0.00107
-0.00076
-0.00027
0.00000
0.00000
0.00000
0.00000
0.00000
0.00000
0.00000
0.00000
0.00000
0.00000
0.00000
0.00000
0.00000
0.00000
0.00000
0.00000
0.00000
0.00000
0.00000
0.00000
0.00000
0.00000
0.00000
0.00000
0.00000
0.00000
0.00000
0.00000
0.00000
0.00000
0.00000
0.00000
0.00000
0.00000
0.00000
0.00000
0.00000
0.00000
0.00000
0.00000
0.00000
0.00000
0.00000
0.00000
0.00000
0.00000
0.00000
0.00000
0.00000
0.00000
0.00000
0.00000
0.00000
0.00000
0.00000
0.00000
0.00000
0.00000
0.00000
0.00000
0.00000
0.00000
0.00000
0.00000
0.00000
0.00000
0.00000
0.00000
0.00000
0.00000
0.00000
0.00000
0.00000
0.00000
0.00000
0.00000
0.00000
0.00000
0.00000
0.00000
0.00000
0.00000
0.00000
0.00000
0.00000
0.00000
0.00000
0.00000
0.00000
0.00000
0.00000
0.00000
0.00000
0.00000
0.00000
0.00000
0.00000
0.00000
0.00000
0.00000
0.00000
0.00000
0.00000
0.00000
0.00000
0.00000
0.00000
0.00000
0.00000
0.00000
0.00000
0.00000
0.00000
0.00000
0.00000
0.00000
0.00000
0.00000
0.00000
0.00000
0.00000
0.00000
0.00000
0.00000
0.00000
0.00000
0.00000
0.00000
0.00000
0.00000
0.00000
0.00000
0.00000
0.00000
0.00000
0.00000
0.00000
0.00000
0.00000
0.00000
0.00000
0.00000
0.00000
0.00000
0.00000
0.00000
0.00000
0.00000
0.00000
0.00000
0.00000
0.00000
0.00000
0.00000
0.00000
0.00000
0.00000
0.00000
0.00000
0.00000
0.00000
0.00000
0.00000
0.00000
0.00000
0.00000
0.00000
0.00000
0.00000
0.00000
0.00000
0.00000
0.00000
0.00000
0.00000
0.00000
0.00000
0.00000
0.00000
0.00000
0.00000
0.00000
0.00000
