-0.00009
-0.00012
-0.00012
-0.00009
-0.00009
-0.00012
-0.00015
-0.00012
-0.00012
-0.00012
-0.00012
-0.00012
-0.00009
-0.00009
-0.00009
-0.00012
-0.00012
-0.00012
-0.00015
-0.00015
-0.00012
-0.00009
-0.00006
-0.00009
-0.00006
-0.00006
-0.00006
-0.00009
-0.00012
-0.00015
-0.00006
-0.00012
-0.00006
-0.00009
-0.00046
0.00027
-0.00009
-0.00006
-0.00006
-0.00012
-0.00003
-0.00009
-0.00009
-0.00009
-0.00009
-0.00009
-0.00009
-0.00009
-0.00006
-0.00006
-0.00006
-0.00006
-0.00006
-0.00006
-0.00009
-0.00009
-0.00006
-0.00006
-0.00012
-0.00006
-0.00006
-0.00003
-0.00009
-0.00006
-0.00003
-0.00006
-0.00006
-0.00006
-0.00006
-0.00006
0.00000
-0.00003
-0.00003
-0.00003
-0.00003
-0.00006
-0.00003
0.00000
0.00000
0.00000
0.00000
0.00000
-0.00003
-0.00003
-0.00003
-0.00003
-0.00003
0.00000
0.00000
0.00000
0.00000
0.00000
-0.00003
0.00000
0.00000
0.00000
0.00000
0.00000
0.00000
0.00000
0.00000
0.00000
-0.00003
0.00000
0.00000
0.00000
0.00000
0.00000
0.00000
0.00000
0.00000
0.00003
0.00003
0.00000
0.00000
0.00000
0.00000
0.00000
0.00000
0.00000
0.00000
0.00000
0.00000
0.00000
0.00003
0.00000
0.00000
0.00003
0.00000
0.00000
0.00000
0.00000
0.00000
0.00000
0.00000
0.00006
0.00003
0.00003
0.00006
0.00003
0.00000
0.00000
0.00000
0.00000
0.00000
0.00000
0.00000
0.00003
0.00003
0.00000
0.00000
0.00003
0.00000
0.00000
0.00003
0.00003
0.00000
0.00003
0.00006
0.00000
0.00000
0.00003
0.00003
0.00000
0.00000
0.00003
0.00000
0.00003
0.00003
0.00000
0.00000
0.00000
0.00000
0.00003
0.00003
0.00000
0.00000
0.00003
0.00000
-0.00003
0.00003
-0.00009
0.00027
-0.00049
0.00046
-0.00079
0.00113
-0.00140
-0.00021
-0.05304
-0.10071
-0.03860
0.02008
0.05228
0.04657
0.03857
0.03406
0.03107
0.00604
-0.02661
-0.02307
-0.01288
-0.00729
0.00674
0.00879
-0.00543
-0.00494
0.00104
0.00330
0.01114
0.01038
-0.00354
-0.00018
0.00464
0.00095
0.00064
0.00549
0.00009
-0.00497
-0.00366
-0.00287
0.00177
0.00732
0.00790
0.00150
-0.00018
0.00061
-0.00092
-0.00186
0.00143
0.00330
0.00244
0.00150
-0.00006
-0.00275
-0.00067
0.00122
0.00018
-0.00076
0.00110
0.00113
0.00128
0.00314
0.00345
0.00214
0.00269
0.00171
-0.00034
-0.00134
-0.00156
-0.00122
-0.00027
0.00043
-0.00073
-0.00049
0.00067
0.00122
0.00055
0.00009
0.00015
-0.00043
-0.00009
0.00049
0.00037
-0.00021
-0.00137
-0.00162
-0.00110
-0.00052
-0.00024
-0.00064
-0.00031
-0.00049
-0.00058
-0.00009
0.00015
0.00000
-0.00012
-0.00031
-0.00073
-0.00128
-0.00067
-0.00040
-0.00067
-0.00101
-0.00046
-0.00064
-0.00104
0.00000
0.00009
-0.00113
-0.00134
-0.00082
-0.00085
-0.00061
0.00000
0.00049
0.00119
0.00119
-0.00012
-0.00076
-0.00156
-0.00284
-0.00247
-0.00107
-0.00089
-0.00092
0.00000
-0.00009
-0.00085
-0.00101
-0.00110
-0.00070
-0.00046
-0.00031
-0.00037
-0.00024
-0.00027
-0.00049
-0.00027
-0.00043
-0.00098
-0.00146
-0.00137
-0.00131
-0.00131
-0.00110
-0.00052
0.00000
0.00024
0.00040
0.00043
0.00049
0.00046
0.00034
0.00027
0.00018
-0.00018
-0.00061
-0.00064
-0.00070
-0.00101
-0.00122
-0.00162
-0.00198
-0.00180
-0.00073
0.00034
0.00073
0.00085
0.00064
0.00061
0.00076
0.00058
0.00018
-0.00015
-0.00024
-0.00031
-0.00024
-0.00031
-0.00043
-0.00015
0.00024
0.00055
0.00009
-0.00082
-0.00153
-0.00137
-0.00049
0.00034
0.00095
0.00146
0.00186
0.00189
0.00177
0.00119
0.00037
-0.00034
-0.00076
-0.00098
-0.00067
0.00000
0.00052
0.00079
0.00098
0.00095
0.00092
0.00098
0.00076
0.00015
-0.00034
-0.00076
-0.00079
-0.00046
0.00015
0.00049
0.00064
0.00104
0.00085
0.00040
0.00003
0.00000
0.00000
0.00000
0.00000
0.00000
0.00000
0.00000
0.00000
0.00000
0.00000
0.00000
0.00000
0.00000
0.00000
0.00000
0.00000
0.00000
0.00000
0.00000
0.00000
0.00000
0.00000
0.00000
0.00000
0.00000
0.00000
0.00000
0.00000
0.00000
0.00000
0.00000
0.00000
0.00000
0.00000
0.00000
0.00000
0.00000
0.00000
0.00000
0.00000
0.00000
0.00000
0.00000
0.00000
0.00000
0.00000
0.00000
0.00000
0.00000
0.00000
0.00000
0.00000
0.00000
0.00000
0.00000
0.00000
0.00000
0.00000
0.00000
0.00000
0.00000
0.00000
0.00000
0.00000
0.00000
0.00000
0.00000
0.00000
0.00000
0.00000
0.00000
0.00000
0.00000
0.00000
0.00000
0.00000
0.00000
0.00000
0.00000
0.00000
0.00000
0.00000
0.00000
0.00000
0.00000
0.00000
0.00000
0.00000
0.00000
0.00000
0.00000
0.00000
0.00000
0.00000
0.00000
0.00000
0.00000
0.00000
0.00000
0.00000
0.00000
0.00000
0.00000
0.00000
0.00000
0.00000
0.00000
0.00000
0.00000
0.00000
0.00000
