-0.00021
-0.00021
-0.00021
-0.00021
-0.00018
-0.00018
-0.00018
-0.00021
-0.00015
-0.00018
-0.00021
-0.00015
-0.00012
-0.00015
-0.00018
-0.00015
-0.00018
-0.00021
-0.00018
-0.00018
-0.00021
-0.00018
-0.00015
-0.00015
-0.00015
-0.00015
-0.00015
-0.00012
-0.00012
-0.00012
-0.00012
-0.00012
-0.00012
-0.00015
-0.00018
-0.00018
-0.00015
-0.00012
-0.00009
-0.00012
-0.00009
-0.00012
-0.00015
-0.00015
-0.00012
-0.00009
-0.00009
-0.00006
-0.00009
-0.00009
-0.00012
-0.00012
-0.00012
-0.00012
-0.00009
-0.00006
-0.00009
-0.00009
-0.00009
-0.00006
-0.00006
0.00000
-0.00006
-0.00012
-0.00003
-0.00009
-0.00012
-0.00009
-0.00009
-0.00006
-0.00006
-0.00003
-0.00003
-0.00003
-0.00003
-0.00006
-0.00006
-0.00006
-0.00003
-0.00003
-0.00006
-0.00003
-0.00003
-0.00006
-0.00003
-0.00003
-0.00003
-0.00003
0.00000
0.00000
0.00000
0.00000
0.00000
0.00000
0.00000
-0.00003
0.00000
0.00000
-0.00003
0.00000
0.00000
0.00000
0.00000
0.00000
0.00000
0.00000
0.00000
0.00000
0.00003
0.00000
0.00000
0.00000
0.00000
0.00000
0.00000
0.00000
0.00000
0.00000
0.00000
0.00000
0.00003
0.00000
-0.00003
0.00000
0.00000
0.00000
0.00003
0.00006
0.00003
0.00000
0.00000
0.00000
0.00000
0.00000
0.00000
0.00003
0.00006
0.00003
0.00003
0.00006
0.00003
0.00006
0.00006
0.00003
0.00006
0.00006
0.00003
0.00003
0.00006
0.00006
0.00003
0.00003
0.00006
0.00000
0.00003
0.00006
0.00006
0.00006
0.00006
0.00009
0.00009
0.00006
0.00006
0.00006
0.00009
0.00009
0.00006
0.00006
0.00009
0.00000
0.00000
0.00003
0.00006
0.00009
0.00009
0.00006
0.00009
0.00009
0.00012
0.00006
0.00018
-0.00003
0.00024
-0.00024
0.00027
-0.00043
0.00043
-0.00015
0.00058
-0.02658
-0.09695
-0.05814
0.00980
0.03299
0.04715
0.03857
0.03717
0.03098
0.01779
-0.01477
-0.02386
-0.01212
-0.01495
-0.00009
0.01389
0.00015
-0.00623
0.00073
-0.00018
0.00674
0.01263
-0.00085
-0.00226
0.00729
0.00443
0.00018
0.00470
0.00223
-0.00360
-0.00415
-0.00674
-0.00549
0.00308
0.00714
0.00668
0.00723
0.00522
0.00183
0.00107
-0.00031
-0.00122
-0.00082
-0.00168
-0.00134
-0.00058
0.00076
0.00134
0.00049
0.00043
0.00107
0.00229
0.00293
0.00372
0.00348
0.00146
0.00040
0.00034
0.00070
0.00015
-0.00040
-0.00034
-0.00046
-0.00009
-0.00064
-0.00046
0.00046
0.00061
0.00116
0.00101
0.00076
0.00037
-0.00034
0.00034
0.00027
-0.00024
-0.00131
-0.00220
-0.00128
-0.00049
0.00009
0.00006
0.00006
0.00031
-0.00034
0.00000
0.00037
0.00009
-0.00003
-0.00055
-0.00082
-0.00082
-0.00058
-0.00021
-0.00021
-0.00021
-0.00018
-0.00064
-0.00113
-0.00098
-0.00092
-0.00110
-0.00027
0.00009
0.00021
0.00061
0.00024
0.00000
-0.00006
-0.00037
-0.00122
-0.00110
-0.00089
-0.00110
-0.00079
-0.00073
-0.00055
-0.00034
-0.00040
-0.00095
-0.00131
-0.00107
-0.00098
-0.00058
-0.00018
-0.00018
0.00000
0.00000
-0.00034
-0.00052
-0.00064
-0.00064
-0.00073
-0.00116
-0.00122
-0.00113
-0.00116
-0.00113
-0.00058
-0.00003
0.00024
0.00027
0.00027
0.00052
0.00061
0.00040
0.00021
0.00018
-0.00009
-0.00058
-0.00070
-0.00113
-0.00201
-0.00232
-0.00192
-0.00098
-0.00027
0.00012
0.00070
0.00116
0.00134
0.00113
0.00049
0.00009
0.00003
0.00000
0.00000
0.00000
0.00000
0.00000
0.00000
0.00000
0.00000
0.00000
0.00000
0.00000
0.00000
0.00000
0.00000
0.00000
0.00000
0.00000
0.00000
0.00000
0.00000
0.00000
0.00000
0.00000
0.00000
0.00000
0.00000
0.00000
0.00000
0.00000
0.00000
0.00000
0.00000
0.00000
0.00000
0.00000
0.00000
0.00000
0.00000
0.00000
0.00000
0.00000
0.00000
0.00000
0.00000
0.00000
0.00000
0.00000
0.00000
0.00000
0.00000
0.00000
0.00000
0.00000
0.00000
0.00000
0.00000
0.00000
0.00000
0.00000
0.00000
0.00000
0.00000
0.00000
0.00000
0.00000
0.00000
0.00000
0.00000
0.00000
0.00000
0.00000
0.00000
0.00000
0.00000
0.00000
0.00000
0.00000
0.00000
0.00000
0.00000
0.00000
0.00000
0.00000
0.00000
0.00000
0.00000
0.00000
0.00000
0.00000
0.00000
0.00000
0.00000
0.00000
0.00000
0.00000
0.00000
0.00000
0.00000
0.00000
0.00000
0.00000
0.00000
0.00000
0.00000
0.00000
0.00000
0.00000
0.00000
0.00000
0.00000
0.00000
0.00000
0.00000
0.00000
0.00000
0.00000
0.00000
0.00000
0.00000
0.00000
0.00000
0.00000
0.00000
0.00000
0.00000
0.00000
0.00000
0.00000
0.00000
0.00000
0.00000
0.00000
0.00000
0.00000
0.00000
0.00000
0.00000
0.00000
0.00000
0.00000
0.00000
0.00000
0.00000
0.00000
0.00000
0.00000
0.00000
0.00000
0.00000
0.00000
0.00000
0.00000
0.00000
0.00000
0.00000
0.00000
0.00000
0.00000
