-0.00021
-0.00021
-0.00018
-0.00018
-0.00018
-0.00015
-0.00018
-0.00018
-0.00021
-0.00024
-0.00024
-0.00021
-0.00021
-0.00024
-0.00018
-0.00021
-0.00027
-0.00021
-0.00021
-0.00024
-0.00024
-0.00018
-0.00018
-0.00021
-0.00024
-0.00021
-0.00021
-0.00021
-0.00021
-0.00018
-0.00018
-0.00018
-0.00021
-0.00021
-0.00027
-0.00031
-0.00027
-0.00021
-0.00024
-0.00027
-0.00018
-0.00021
-0.00027
-0.00024
-0.00021
-0.00024
-0.00024
-0.00027
-0.00027
-0.00021
-0.00024
-0.00024
-0.00021
-0.00021
-0.00021
-0.00024
-0.00027
-0.00027
-0.00034
-0.00031
-0.00027
-0.00027
-0.00027
-0.00034
-0.00024
-0.00027
-0.00031
-0.00027
-0.00031
-0.00031
-0.00027
-0.00024
-0.00027
-0.00031
-0.00031
-0.00031
-0.00027
-0.00027
-0.00027
-0.00031
-0.00034
-0.00034
-0.00031
-0.00034
-0.00034
-0.00031
-0.00034
-0.00031
-0.00031
-0.00031
-0.00031
-0.00031
-0.00031
-0.00034
-0.00034
-0.00034
-0.00034
-0.00031
-0.00031
-0.00034
-0.00031
-0.00034
-0.00037
-0.00037
-0.00034
-0.00034
-0.00034
-0.00034
-0.00034
-0.00034
-0.00037
-0.00034
-0.00034
-0.00034
-0.00034
-0.00031
-0.00034
-0.00037
-0.00034
-0.00034
-0.00034
-0.00034
-0.00034
-0.00037
-0.00037
-0.00037
-0.00037
-0.00034
-0.00031
-0.00031
-0.00031
-0.00031
-0.00034
-0.00037
-0.00037
-0.00037
-0.00034
-0.00034
-0.00031
-0.00031
-0.00037
-0.00034
-0.00034
-0.00034
-0.00034
-0.00031
-0.00031
-0.00031
-0.00034
-0.00031
-0.00034
-0.00037
-0.00037
-0.00034
-0.00034
-0.00037
-0.00031
-0.00027
-0.00027
-0.00027
-0.00027
-0.00031
-0.00037
-0.00037
-0.00037
-0.00034
-0.00031
-0.00027
-0.00021
-0.00024
-0.00037
-0.00037
-0.00031
-0.00031
-0.00031
-0.00031
-0.00024
-0.00031
-0.00027
-0.00034
-0.00027
-0.00037
-0.00027
-0.00037
-0.00046
-0.00021
-0.00076
0.00049
-0.00085
-0.00940
-0.07666
-0.08130
-0.00833
0.02356
0.04385
0.04028
0.03671
0.03189
0.02386
-0.00366
-0.02457
-0.01566
-0.01492
-0.00726
0.01175
0.00549
-0.00662
-0.00153
-0.00006
0.00262
0.01260
0.00372
-0.00400
0.00409
0.00565
0.00003
0.00259
0.00360
-0.00247
-0.00201
-0.00180
-0.00534
-0.00339
-0.00064
-0.00024
0.00253
0.00641
0.00595
0.00589
0.00598
0.00296
-0.00076
-0.00330
-0.00534
-0.00497
-0.00165
0.00156
0.00162
0.00134
0.00064
0.00082
0.00177
0.00299
0.00348
0.00226
0.00085
-0.00031
-0.00043
-0.00003
-0.00027
-0.00021
-0.00055
-0.00067
-0.00095
-0.00082
-0.00031
-0.00018
0.00009
0.00043
0.00089
0.00098
0.00024
0.00046
0.00043
-0.00018
-0.00104
-0.00262
-0.00272
-0.00183
-0.00119
-0.00040
-0.00049
-0.00021
-0.00018
-0.00006
0.00058
0.00040
0.00000
-0.00043
-0.00089
-0.00095
-0.00101
-0.00067
-0.00058
-0.00067
-0.00073
-0.00110
-0.00128
-0.00119
-0.00131
-0.00165
-0.00107
-0.00049
0.00003
0.00095
0.00082
0.00046
0.00006
-0.00046
-0.00137
-0.00180
-0.00159
-0.00159
-0.00131
-0.00113
-0.00079
-0.00046
-0.00043
-0.00073
-0.00104
-0.00110
-0.00098
-0.00076
-0.00061
-0.00055
-0.00049
-0.00027
-0.00034
-0.00061
-0.00067
-0.00070
-0.00079
-0.00110
-0.00131
-0.00122
-0.00122
-0.00122
-0.00079
-0.00024
0.00009
0.00012
0.00015
0.00040
0.00046
0.00037
0.00027
0.00006
0.00000
0.00000
0.00000
0.00000
0.00000
0.00000
0.00000
0.00000
0.00000
0.00000
0.00000
0.00000
0.00000
0.00000
0.00000
0.00000
0.00000
0.00000
0.00000
0.00000
0.00000
0.00000
0.00000
0.00000
0.00000
0.00000
0.00000
0.00000
0.00000
0.00000
0.00000
0.00000
0.00000
0.00000
0.00000
0.00000
0.00000
0.00000
0.00000
0.00000
0.00000
0.00000
0.00000
0.00000
0.00000
0.00000
0.00000
0.00000
0.00000
0.00000
0.00000
0.00000
0.00000
0.00000
0.00000
0.00000
0.00000
0.00000
0.00000
0.00000
0.00000
0.00000
0.00000
0.00000
0.00000
0.00000
0.00000
0.00000
0.00000
0.00000
0.00000
0.00000
0.00000
0.00000
0.00000
0.00000
0.00000
0.00000
0.00000
0.00000
0.00000
0.00000
0.00000
0.00000
0.00000
0.00000
0.00000
0.00000
0.00000
0.00000
0.00000
0.00000
0.00000
0.00000
0.00000
0.00000
0.00000
0.00000
0.00000
0.00000
0.00000
0.00000
0.00000
0.00000
0.00000
0.00000
0.00000
0.00000
0.00000
0.00000
0.00000
0.00000
0.00000
0.00000
0.00000
0.00000
0.00000
0.00000
0.00000
0.00000
0.00000
0.00000
0.00000
0.00000
0.00000
0.00000
0.00000
0.00000
0.00000
0.00000
0.00000
0.00000
0.00000
0.00000
0.00000
0.00000
0.00000
0.00000
0.00000
0.00000
0.00000
0.00000
0.00000
0.00000
0.00000
0.00000
0.00000
0.00000
0.00000
0.00000
0.00000
0.00000
0.00000
0.00000
0.00000
0.00000
0.00000
0.00000
0.00000
0.00000
0.00000
0.00000
0.00000
0.00000
0.00000
0.00000
0.00000
0.00000
0.00000
0.00000
0.00000
0.00000
0.00000
0.00000
0.00000
