-0.00018
-0.00018
-0.00018
-0.00018
-0.00018
-0.00015
-0.00018
-0.00018
-0.00015
-0.00018
-0.00018
-0.00018
-0.00018
-0.00018
-0.00018
-0.00018
-0.00018
-0.00015
-0.00015
-0.00018
-0.00015
-0.00012
-0.00015
-0.00018
-0.00015
-0.00015
-0.00015
-0.00012
-0.00009
-0.00012
-0.00012
-0.00018
-0.00015
-0.00024
-0.00061
0.00012
-0.00021
-0.00012
-0.00006
-0.00012
-0.00006
-0.00015
-0.00018
-0.00018
-0.00012
-0.00015
-0.00015
-0.00009
-0.00009
-0.00012
-0.00015
-0.00012
-0.00015
-0.00015
-0.00012
-0.00015
-0.00018
-0.00018
-0.00018
-0.00015
-0.00012
-0.00012
-0.00024
-0.00021
-0.00018
-0.00018
-0.00015
-0.00012
-0.00015
-0.00012
-0.00009
-0.00012
-0.00015
-0.00015
-0.00012
-0.00012
-0.00015
-0.00012
-0.00015
-0.00018
-0.00015
-0.00015
-0.00018
-0.00018
-0.00015
-0.00015
-0.00015
-0.00015
-0.00015
-0.00018
-0.00012
-0.00012
-0.00018
-0.00018
-0.00015
-0.00018
-0.00015
-0.00018
-0.00015
-0.00012
-0.00012
-0.00015
-0.00021
-0.00021
-0.00018
-0.00015
-0.00015
-0.00012
-0.00012
-0.00018
-0.00018
-0.00021
-0.00021
-0.00021
-0.00018
-0.00015
-0.00015
-0.00018
-0.00021
-0.00021
-0.00021
-0.00021
-0.00018
-0.00015
-0.00015
-0.00021
-0.00021
-0.00021
-0.00018
-0.00015
-0.00015
-0.00018
-0.00021
-0.00018
-0.00021
-0.00021
-0.00021
-0.00021
-0.00021
-0.00021
-0.00018
-0.00021
-0.00021
-0.00021
-0.00021
-0.00024
-0.00021
-0.00015
-0.00018
-0.00021
-0.00021
-0.00021
-0.00024
-0.00024
-0.00021
-0.00015
-0.00018
-0.00021
-0.00021
-0.00024
-0.00027
-0.00021
-0.00018
-0.00018
-0.00015
-0.00015
-0.00021
-0.00018
-0.00018
-0.00027
-0.00027
-0.00024
-0.00024
-0.00021
-0.00018
-0.00015
-0.00018
-0.00018
-0.00015
-0.00024
-0.00015
-0.00031
0.00000
-0.00079
0.00021
-0.00101
0.00092
-0.00162
-0.00018
-0.05087
-0.09903
-0.04141
0.01712
0.05170
0.04648
0.03848
0.03345
0.03104
0.00677
-0.02588
-0.02344
-0.01367
-0.00772
0.00598
0.00842
-0.00500
-0.00467
0.00092
0.00323
0.01077
0.01025
-0.00369
-0.00085
0.00421
0.00067
0.00082
0.00494
0.00180
-0.00259
-0.00476
-0.00732
-0.00208
0.00638
0.00839
0.00562
0.00259
0.00079
-0.00043
-0.00183
-0.00122
0.00061
0.00146
0.00119
0.00079
-0.00089
-0.00058
0.00003
-0.00009
-0.00098
0.00055
0.00125
0.00153
0.00299
0.00314
0.00192
0.00177
0.00159
0.00015
-0.00119
-0.00171
-0.00162
-0.00079
0.00003
-0.00070
-0.00061
0.00043
0.00095
0.00073
0.00009
0.00015
-0.00052
-0.00027
0.00027
0.00006
-0.00034
-0.00146
-0.00180
-0.00150
-0.00092
-0.00034
-0.00067
-0.00040
-0.00046
-0.00061
-0.00021
0.00003
0.00000
-0.00031
-0.00055
-0.00104
-0.00128
-0.00107
-0.00064
-0.00043
-0.00046
-0.00119
-0.00171
-0.00116
-0.00150
-0.00021
0.00043
-0.00079
-0.00085
-0.00037
-0.00052
-0.00061
-0.00043
-0.00027
0.00055
0.00046
-0.00073
-0.00189
-0.00211
-0.00259
-0.00168
-0.00070
-0.00095
-0.00076
-0.00037
-0.00085
-0.00113
-0.00079
-0.00089
-0.00079
-0.00058
-0.00076
-0.00095
-0.00067
-0.00067
-0.00064
-0.00024
-0.00067
-0.00128
-0.00140
-0.00143
-0.00153
-0.00159
-0.00098
-0.00046
-0.00009
0.00021
0.00034
0.00049
0.00046
0.00015
0.00000
-0.00018
-0.00043
-0.00085
-0.00095
-0.00085
-0.00095
-0.00125
-0.00189
-0.00229
-0.00214
-0.00116
0.00000
0.00058
0.00073
0.00055
0.00043
0.00055
0.00043
0.00003
-0.00037
-0.00046
-0.00043
-0.00037
-0.00043
-0.00067
-0.00052
-0.00006
0.00021
-0.00012
0.00000
0.00000
0.00000
0.00000
0.00000
0.00000
0.00000
0.00000
0.00000
0.00000
0.00000
0.00000
0.00000
0.00000
0.00000
0.00000
0.00000
0.00000
0.00000
0.00000
0.00000
0.00000
0.00000
0.00000
0.00000
0.00000
0.00000
0.00000
0.00000
0.00000
0.00000
0.00000
0.00000
0.00000
0.00000
0.00000
0.00000
0.00000
0.00000
0.00000
0.00000
0.00000
0.00000
0.00000
0.00000
0.00000
0.00000
0.00000
0.00000
0.00000
0.00000
0.00000
0.00000
0.00000
0.00000
0.00000
0.00000
0.00000
0.00000
0.00000
0.00000
0.00000
0.00000
0.00000
0.00000
0.00000
0.00000
0.00000
0.00000
0.00000
0.00000
0.00000
0.00000
0.00000
0.00000
0.00000
0.00000
0.00000
0.00000
0.00000
0.00000
0.00000
0.00000
0.00000
0.00000
0.00000
0.00000
0.00000
0.00000
0.00000
0.00000
0.00000
0.00000
0.00000
0.00000
0.00000
0.00000
0.00000
0.00000
0.00000
0.00000
0.00000
0.00000
0.00000
0.00000
0.00000
0.00000
0.00000
0.00000
0.00000
0.00000
0.00000
0.00000
0.00000
0.00000
0.00000
0.00000
0.00000
0.00000
0.00000
0.00000
0.00000
0.00000
0.00000
0.00000
0.00000
0.00000
0.00000
0.00000
0.00000
0.00000
0.00000
0.00000
0.00000
0.00000
0.00000
0.00000
0.00000
0.00000
0.00000
0.00000
0.00000
0.00000
0.00000
0.00000
0.00000
0.00000
