-0.00009
-0.00006
-0.00003
-0.00006
-0.00009
-0.00012
-0.00015
-0.00015
-0.00012
-0.00009
-0.00012
-0.00012
-0.00009
-0.00009
-0.00009
-0.00009
-0.00006
-0.00006
-0.00009
-0.00012
-0.00012
-0.00012
-0.00015
-0.00009
-0.00009
-0.00012
-0.00006
-0.00003
-0.00009
-0.00006
-0.00006
-0.00012
-0.00009
-0.00006
-0.00012
-0.00009
-0.00003
-0.00009
-0.00012
-0.00006
-0.00003
-0.00009
-0.00006
-0.00003
-0.00009
-0.00009
-0.00006
-0.00009
0.00000
-0.00003
-0.00006
-0.00006
-0.00006
-0.00009
-0.00009
-0.00009
-0.00009
-0.00006
-0.00006
-0.00009
0.00000
-0.00006
-0.00015
-0.00006
-0.00006
-0.00009
-0.00009
-0.00003
-0.00006
-0.00012
-0.00006
-0.00006
-0.00003
-0.00003
-0.00003
-0.00006
-0.00006
-0.00009
-0.00009
-0.00009
-0.00006
-0.00009
-0.00009
-0.00003
-0.00003
-0.00009
-0.00009
-0.00006
-0.00006
-0.00009
-0.00003
-0.00003
-0.00006
-0.00006
-0.00003
-0.00006
-0.00009
-0.00009
-0.00006
-0.00006
-0.00006
-0.00006
-0.00006
-0.00003
0.00000
-0.00006
-0.00009
-0.00006
-0.00009
-0.00009
-0.00006
-0.00006
-0.00009
-0.00003
-0.00003
-0.00003
-0.00006
-0.00006
-0.00006
-0.00009
-0.00009
-0.00012
-0.00009
-0.00006
-0.00006
-0.00003
-0.00003
-0.00003
-0.00009
-0.00009
-0.00006
-0.00006
-0.00006
-0.00003
-0.00003
-0.00006
-0.00006
-0.00009
-0.00009
-0.00003
0.00000
0.00000
0.00000
0.00000
-0.00003
-0.00006
-0.00006
-0.00006
-0.00006
-0.00009
-0.00006
-0.00003
-0.00006
-0.00003
0.00000
0.00000
-0.00003
-0.00003
0.00000
0.00000
0.00000
-0.00003
-0.00006
-0.00003
-0.00003
-0.00009
-0.00009
-0.00003
-0.00006
-0.00006
-0.00003
0.00000
0.00000
0.00000
-0.00003
-0.00003
-0.00009
-0.00006
-0.00012
0.00003
-0.00021
0.00018
-0.00027
0.00006
-0.00037
0.00024
-0.00040
0.00043
-0.02267
-0.10080
-0.07297
0.00577
0.04373
0.05411
0.04053
0.03757
0.03336
0.02106
-0.01877
-0.02942
-0.01480
-0.01007
0.00058
0.01260
-0.00089
-0.00830
-0.00098
0.00159
0.00708
0.01416
0.00092
-0.00327
0.00543
0.00299
-0.00082
0.00333
-0.00107
-0.00650
0.00159
0.00427
0.00162
0.00461
0.00464
-0.00287
-0.00171
0.00140
-0.00195
-0.00058
0.00583
0.00522
0.00223
0.00055
-0.00229
-0.00439
-0.00012
0.00226
0.00009
-0.00070
0.00037
0.00119
0.00110
0.00287
0.00348
0.00287
0.00320
0.00211
-0.00034
-0.00177
-0.00226
-0.00137
-0.00040
0.00052
0.00006
-0.00043
0.00058
0.00095
0.00012
-0.00046
-0.00024
-0.00043
-0.00018
0.00079
0.00073
0.00018
-0.00098
-0.00192
-0.00137
-0.00052
-0.00006
-0.00055
-0.00079
-0.00043
-0.00076
-0.00043
0.00003
-0.00015
-0.00012
-0.00027
-0.00052
-0.00089
-0.00104
-0.00125
-0.00128
0.00006
0.00034
0.00049
0.00000
-0.00146
-0.00171
-0.00131
-0.00180
-0.00131
-0.00040
-0.00058
0.00037
0.00092
0.00092
0.00052
0.00049
-0.00049
-0.00137
-0.00153
-0.00226
-0.00223
-0.00146
-0.00131
-0.00104
-0.00046
-0.00067
-0.00113
-0.00052
-0.00037
-0.00043
0.00000
-0.00003
-0.00055
-0.00058
-0.00076
-0.00116
-0.00067
-0.00058
-0.00119
-0.00122
-0.00116
-0.00146
-0.00134
-0.00061
-0.00027
-0.00006
0.00015
0.00012
0.00021
0.00055
0.00058
0.00043
0.00024
-0.00009
-0.00040
-0.00067
-0.00089
-0.00110
-0.00125
-0.00162
-0.00198
-0.00204
-0.00131
0.00000
0.00067
0.00079
0.00082
0.00061
0.00055
0.00055
0.00021
-0.00015
-0.00024
-0.00015
-0.00027
-0.00034
-0.00046
-0.00037
0.00003
0.00000
0.00000
0.00000
0.00000
0.00000
0.00000
0.00000
0.00000
0.00000
0.00000
0.00000
0.00000
0.00000
0.00000
0.00000
0.00000
0.00000
0.00000
0.00000
0.00000
0.00000
0.00000
0.00000
0.00000
0.00000
0.00000
0.00000
0.00000
0.00000
0.00000
0.00000
0.00000
0.00000
0.00000
0.00000
0.00000
0.00000
0.00000
0.00000
0.00000
0.00000
0.00000
0.00000
0.00000
0.00000
0.00000
0.00000
0.00000
0.00000
0.00000
0.00000
0.00000
0.00000
0.00000
0.00000
0.00000
0.00000
0.00000
0.00000
0.00000
0.00000
0.00000
0.00000
0.00000
0.00000
0.00000
0.00000
0.00000
0.00000
0.00000
0.00000
0.00000
0.00000
0.00000
0.00000
0.00000
0.00000
0.00000
0.00000
0.00000
0.00000
0.00000
0.00000
0.00000
0.00000
0.00000
0.00000
0.00000
0.00000
0.00000
0.00000
0.00000
0.00000
0.00000
0.00000
0.00000
0.00000
0.00000
0.00000
0.00000
0.00000
0.00000
0.00000
0.00000
0.00000
0.00000
0.00000
0.00000
0.00000
0.00000
0.00000
0.00000
0.00000
0.00000
0.00000
0.00000
0.00000
0.00000
0.00000
0.00000
0.00000
0.00000
0.00000
0.00000
0.00000
0.00000
0.00000
0.00000
0.00000
0.00000
0.00000
0.00000
0.00000
0.00000
0.00000
0.00000
0.00000
0.00000
0.00000
0.00000
0.00000
0.00000
0.00000
0.00000
0.00000
0.00000
0.00000
0.00000
0.00000
0.00000
