-0.00037
-0.00031
-0.00031
-0.00031
-0.00031
-0.00031
-0.00027
-0.00034
-0.00034
-0.00031
-0.00031
-0.00031
-0.00027
-0.00027
-0.00031
-0.00031
-0.00031
-0.00031
-0.00034
-0.00034
-0.00034
-0.00031
-0.00027
-0.00031
-0.00034
-0.00031
-0.00031
-0.00027
-0.00027
-0.00027
-0.00027
-0.00031
-0.00031
-0.00031
-0.00034
-0.00031
-0.00031
-0.00027
-0.00027
-0.00031
-0.00027
-0.00031
-0.00031
-0.00031
-0.00034
-0.00031
-0.00027
-0.00027
-0.00027
-0.00027
-0.00031
-0.00027
-0.00027
-0.00027
-0.00027
-0.00024
-0.00027
-0.00031
-0.00027
-0.00027
-0.00031
-0.00027
-0.00021
-0.00031
-0.00031
-0.00024
-0.00024
-0.00027
-0.00031
-0.00031
-0.00031
-0.00027
-0.00027
-0.00027
-0.00024
-0.00027
-0.00031
-0.00027
-0.00024
-0.00024
-0.00024
-0.00024
-0.00021
-0.00024
-0.00027
-0.00027
-0.00027
-0.00031
-0.00027
-0.00024
-0.00024
-0.00021
-0.00021
-0.00024
-0.00024
-0.00021
-0.00021
-0.00021
-0.00021
-0.00024
-0.00024
-0.00021
-0.00024
-0.00027
-0.00027
-0.00021
-0.00024
-0.00021
-0.00021
-0.00021
-0.00024
-0.00021
-0.00018
-0.00021
-0.00021
-0.00021
-0.00021
-0.00021
-0.00021
-0.00024
-0.00024
-0.00024
-0.00021
-0.00021
-0.00021
-0.00021
-0.00021
-0.00018
-0.00015
-0.00018
-0.00021
-0.00021
-0.00021
-0.00021
-0.00018
-0.00021
-0.00018
-0.00018
-0.00015
-0.00018
-0.00018
-0.00015
-0.00015
-0.00015
-0.00018
-0.00018
-0.00018
-0.00018
-0.00015
-0.00015
-0.00015
-0.00018
-0.00015
-0.00015
-0.00015
-0.00015
-0.00018
-0.00015
-0.00015
-0.00015
-0.00012
-0.00015
-0.00015
-0.00015
-0.00012
-0.00012
-0.00015
-0.00015
-0.00015
-0.00012
-0.00012
-0.00012
-0.00015
-0.00009
-0.00009
-0.00012
-0.00012
-0.00012
-0.00009
-0.00009
-0.00006
0.00000
-0.00012
-0.00012
-0.00049
0.00012
-0.00082
0.00092
-0.00092
-0.00174
-0.05145
-0.08694
-0.03348
0.01526
0.04123
0.04114
0.03799
0.03116
0.02719
0.00626
-0.02069
-0.01999
-0.01373
-0.00943
0.00583
0.00873
-0.00385
-0.00336
0.00201
0.00266
0.01035
0.00861
-0.00284
-0.00012
0.00470
0.00125
0.00153
0.00491
0.00070
-0.00110
0.00000
-0.00378
-0.00513
-0.00021
0.00128
0.00134
0.00369
0.00397
0.00241
0.00278
0.00366
0.00186
-0.00015
-0.00049
0.00000
0.00018
0.00150
0.00107
-0.00116
-0.00198
0.00040
0.00226
0.00317
0.00397
0.00287
0.00076
0.00043
0.00076
0.00037
0.00000
0.00015
-0.00040
-0.00070
-0.00031
-0.00046
-0.00037
0.00012
0.00043
0.00055
0.00092
0.00134
0.00082
0.00101
0.00131
0.00046
-0.00052
-0.00150
-0.00201
-0.00211
-0.00140
-0.00058
-0.00079
-0.00082
-0.00061
0.00009
0.00101
0.00113
0.00070
0.00024
-0.00012
-0.00027
-0.00031
-0.00027
-0.00043
-0.00064
-0.00067
-0.00095
-0.00128
-0.00137
-0.00119
-0.00104
-0.00082
-0.00024
0.00018
0.00076
0.00119
0.00092
0.00049
0.00006
-0.00061
-0.00146
-0.00153
-0.00146
-0.00137
-0.00107
-0.00049
-0.00009
0.00003
0.00000
-0.00049
-0.00095
-0.00107
-0.00095
-0.00064
-0.00052
-0.00031
-0.00003
0.00012
-0.00003
-0.00049
-0.00076
-0.00079
-0.00089
-0.00092
-0.00085
-0.00101
-0.00113
-0.00085
-0.00024
0.00027
0.00046
0.00037
0.00034
0.00043
0.00043
0.00037
0.00027
0.00003
-0.00018
-0.00034
-0.00031
-0.00082
-0.00183
-0.00211
-0.00168
-0.00082
-0.00015
0.00015
0.00079
0.00104
0.00116
0.00125
0.00095
0.00061
0.00027
0.00003
0.00000
0.00000
0.00000
0.00000
0.00000
0.00000
0.00000
0.00000
0.00000
0.00000
0.00000
0.00000
0.00000
0.00000
0.00000
0.00000
0.00000
0.00000
0.00000
0.00000
0.00000
0.00000
0.00000
0.00000
0.00000
0.00000
0.00000
0.00000
0.00000
0.00000
0.00000
0.00000
0.00000
0.00000
0.00000
0.00000
0.00000
0.00000
0.00000
0.00000
0.00000
0.00000
0.00000
0.00000
0.00000
0.00000
0.00000
0.00000
0.00000
0.00000
0.00000
0.00000
0.00000
0.00000
0.00000
0.00000
0.00000
0.00000
0.00000
0.00000
0.00000
0.00000
0.00000
0.00000
0.00000
0.00000
0.00000
0.00000
0.00000
0.00000
0.00000
0.00000
0.00000
0.00000
0.00000
0.00000
0.00000
0.00000
0.00000
0.00000
0.00000
0.00000
0.00000
0.00000
0.00000
0.00000
0.00000
0.00000
0.00000
0.00000
0.00000
0.00000
0.00000
0.00000
0.00000
0.00000
0.00000
0.00000
0.00000
0.00000
0.00000
0.00000
0.00000
0.00000
0.00000
0.00000
0.00000
0.00000
0.00000
0.00000
0.00000
0.00000
0.00000
0.00000
0.00000
0.00000
0.00000
0.00000
0.00000
0.00000
0.00000
0.00000
0.00000
0.00000
0.00000
0.00000
0.00000
0.00000
0.00000
0.00000
0.00000
0.00000
0.00000
0.00000
0.00000
0.00000
0.00000
0.00000
0.00000
0.00000
0.00000
0.00000
0.00000
0.00000
0.00000
0.00000
0.00000
0.00000
0.00000
0.00000
0.00000
0.00000
0.00000
0.00000
0.00000
0.00000
