-0.00015
-0.00012
-0.00012
-0.00012
-0.00009
-0.00009
-0.00012
-0.00015
-0.00015
-0.00015
-0.00015
-0.00012
-0.00015
-0.00012
-0.00009
-0.00009
-0.00009
-0.00012
-0.00012
-0.00012
-0.00012
-0.00012
-0.00012
-0.00009
-0.00009
-0.00009
-0.00012
-0.00012
-0.00009
-0.00012
-0.00012
-0.00012
-0.00012
-0.00012
-0.00018
-0.00009
-0.00012
-0.00012
-0.00009
-0.00012
-0.00012
-0.00012
-0.00009
-0.00015
-0.00015
-0.00015
-0.00012
-0.00012
-0.00012
-0.00012
-0.00012
-0.00012
-0.00012
-0.00015
-0.00012
-0.00015
-0.00015
-0.00015
-0.00012
-0.00015
-0.00012
-0.00012
-0.00012
-0.00009
-0.00018
-0.00015
-0.00012
-0.00012
-0.00015
-0.00015
-0.00015
-0.00015
-0.00012
-0.00012
-0.00012
-0.00012
-0.00012
-0.00009
-0.00012
-0.00012
-0.00012
-0.00015
-0.00012
-0.00012
-0.00012
-0.00012
-0.00015
-0.00015
-0.00015
-0.00012
-0.00012
-0.00012
-0.00009
-0.00012
-0.00012
-0.00012
-0.00009
-0.00012
-0.00012
-0.00012
-0.00015
-0.00012
-0.00009
-0.00012
-0.00012
-0.00009
-0.00006
-0.00009
-0.00009
-0.00006
-0.00012
-0.00012
-0.00009
-0.00009
-0.00009
-0.00009
-0.00009
-0.00009
-0.00009
-0.00006
-0.00009
-0.00006
-0.00006
-0.00009
-0.00009
-0.00009
-0.00009
-0.00009
-0.00006
-0.00006
-0.00003
-0.00006
-0.00006
-0.00009
-0.00009
-0.00006
-0.00006
-0.00006
-0.00006
-0.00006
-0.00009
-0.00009
-0.00006
-0.00006
-0.00009
-0.00006
-0.00006
-0.00006
-0.00006
-0.00006
-0.00003
-0.00006
-0.00006
-0.00006
-0.00006
-0.00006
-0.00009
-0.00006
-0.00003
-0.00006
-0.00003
-0.00003
-0.00003
-0.00003
-0.00003
-0.00006
-0.00006
-0.00003
-0.00006
0.00000
0.00000
-0.00003
-0.00006
-0.00006
-0.00003
-0.00003
-0.00006
-0.00006
-0.00006
-0.00003
-0.00006
-0.00003
-0.00006
0.00000
0.00000
-0.00040
0.00027
-0.00070
0.00098
-0.00113
-0.00311
-0.06436
-0.08914
-0.03137
0.02304
0.05377
0.04327
0.03915
0.03107
0.02985
-0.00089
-0.02542
-0.02078
-0.01450
-0.00626
0.00766
0.00531
-0.00418
-0.00208
0.00125
0.00482
0.01346
0.00656
-0.00507
0.00092
0.00369
0.00055
0.00259
0.00464
0.00131
0.00122
-0.00070
-0.00577
-0.00711
-0.00381
-0.00171
0.00439
0.00995
0.01068
0.00748
0.00378
0.00082
-0.00327
-0.00610
-0.00513
-0.00244
0.00061
0.00415
0.00439
0.00064
-0.00195
-0.00046
0.00046
0.00281
0.00433
0.00327
0.00174
0.00098
0.00052
0.00021
0.00046
-0.00015
-0.00153
-0.00122
-0.00101
-0.00101
-0.00061
0.00009
0.00058
0.00101
0.00125
0.00134
0.00076
0.00058
0.00043
-0.00031
-0.00140
-0.00235
-0.00211
-0.00153
-0.00082
-0.00018
-0.00006
0.00000
-0.00015
-0.00003
0.00021
0.00049
0.00027
-0.00034
-0.00076
-0.00092
-0.00079
-0.00049
-0.00040
-0.00024
-0.00058
-0.00098
-0.00119
-0.00159
-0.00140
-0.00104
-0.00125
-0.00113
-0.00012
0.00046
0.00079
0.00153
0.00159
0.00070
-0.00034
-0.00146
-0.00229
-0.00256
-0.00220
-0.00180
-0.00058
-0.00049
-0.00049
0.00015
-0.00021
-0.00064
-0.00076
-0.00085
-0.00110
-0.00089
-0.00034
-0.00052
-0.00018
-0.00003
-0.00015
-0.00034
-0.00089
-0.00128
-0.00125
-0.00101
-0.00089
-0.00104
-0.00098
-0.00076
-0.00018
0.00031
0.00055
0.00070
0.00061
0.00055
0.00040
0.00003
-0.00037
-0.00073
-0.00076
-0.00046
-0.00043
-0.00067
-0.00134
-0.00195
-0.00183
-0.00107
-0.00009
0.00037
0.00067
0.00092
0.00095
0.00095
0.00076
0.00040
0.00003
-0.00021
-0.00034
-0.00031
-0.00018
-0.00012
-0.00009
-0.00034
-0.00073
-0.00079
-0.00034
0.00012
0.00000
0.00000
0.00000
0.00000
0.00000
0.00000
0.00000
0.00000
0.00000
0.00000
0.00000
0.00000
0.00000
0.00000
0.00000
0.00000
0.00000
0.00000
0.00000
0.00000
0.00000
0.00000
0.00000
0.00000
0.00000
0.00000
0.00000
0.00000
0.00000
0.00000
0.00000
0.00000
0.00000
0.00000
0.00000
0.00000
0.00000
0.00000
0.00000
0.00000
0.00000
0.00000
0.00000
0.00000
0.00000
0.00000
0.00000
0.00000
0.00000
0.00000
0.00000
0.00000
0.00000
0.00000
0.00000
0.00000
0.00000
0.00000
0.00000
0.00000
0.00000
0.00000
0.00000
0.00000
0.00000
0.00000
0.00000
0.00000
0.00000
0.00000
0.00000
0.00000
0.00000
0.00000
0.00000
0.00000
0.00000
0.00000
0.00000
0.00000
0.00000
0.00000
0.00000
0.00000
0.00000
0.00000
0.00000
0.00000
0.00000
0.00000
0.00000
0.00000
0.00000
0.00000
0.00000
0.00000
0.00000
0.00000
0.00000
0.00000
0.00000
0.00000
0.00000
0.00000
0.00000
0.00000
0.00000
0.00000
0.00000
0.00000
0.00000
0.00000
0.00000
0.00000
0.00000
0.00000
0.00000
0.00000
0.00000
0.00000
0.00000
0.00000
0.00000
0.00000
0.00000
0.00000
0.00000
0.00000
0.00000
0.00000
0.00000
0.00000
0.00000
0.00000
0.00000
0.00000
0.00000
0.00000
0.00000
0.00000
0.00000
0.00000
0.00000
0.00000
