0.00003
0.00003
0.00003
0.00006
0.00006
0.00006
0.00006
0.00009
0.00009
0.00006
0.00006
0.00006
0.00009
0.00006
0.00006
0.00006
0.00006
0.00009
0.00009
0.00009
0.00009
0.00009
0.00006
0.00003
0.00006
0.00009
0.00009
0.00012
0.00012
0.00009
0.00009
0.00009
0.00006
0.00006
0.00003
0.00009
0.00009
0.00012
0.00009
0.00006
0.00012
0.00006
0.00003
0.00006
0.00009
0.00006
0.00009
0.00009
0.00009
0.00006
0.00006
0.00009
0.00009
0.00009
0.00009
0.00009
0.00009
0.00006
0.00006
0.00009
0.00012
0.00006
0.00000
0.00009
0.00006
0.00006
0.00009
0.00006
0.00009
0.00009
0.00009
0.00006
0.00006
0.00006
0.00006
0.00006
0.00006
0.00009
0.00006
0.00006
0.00006
0.00006
0.00003
0.00003
0.00006
0.00006
0.00006
0.00003
0.00006
0.00006
0.00006
0.00000
0.00003
0.00006
0.00003
0.00003
0.00003
0.00003
0.00003
0.00009
0.00009
0.00006
0.00003
0.00003
0.00003
0.00000
0.00003
0.00003
0.00000
0.00000
0.00003
0.00003
0.00006
0.00003
0.00006
0.00006
0.00006
0.00003
0.00000
0.00000
0.00000
0.00000
0.00000
0.00003
0.00000
0.00003
0.00003
0.00003
0.00000
0.00000
0.00000
0.00000
0.00003
0.00003
0.00003
0.00003
0.00000
0.00000
0.00000
0.00000
0.00000
0.00000
0.00000
0.00003
0.00000
0.00000
0.00000
0.00000
0.00000
0.00000
0.00000
0.00000
0.00000
-0.00003
0.00000
0.00000
0.00000
0.00000
0.00000
0.00000
0.00000
0.00000
0.00000
0.00000
-0.00003
-0.00003
0.00000
0.00000
0.00000
-0.00003
-0.00003
0.00000
-0.00003
-0.00003
-0.00006
-0.00006
-0.00006
-0.00003
-0.00009
0.00003
-0.00018
0.00018
-0.00040
0.00018
-0.00052
0.00043
-0.00061
0.00061
-0.02994
-0.10440
-0.06039
0.01370
0.04001
0.05045
0.03879
0.03812
0.03250
0.01691
-0.01923
-0.02649
-0.01181
-0.01260
0.00064
0.01312
-0.00113
-0.00751
0.00021
0.00031
0.00739
0.01306
-0.00128
-0.00259
0.00726
0.00351
-0.00031
0.00211
-0.00189
-0.00394
0.00253
0.00107
0.00000
0.00327
0.00232
0.00000
0.00183
0.00137
-0.00119
0.00128
0.00415
0.00363
0.00183
-0.00119
-0.00305
-0.00232
0.00031
0.00104
-0.00009
-0.00089
0.00003
0.00220
0.00226
0.00323
0.00360
0.00272
0.00223
0.00085
-0.00052
-0.00165
-0.00180
-0.00073
-0.00018
0.00018
-0.00043
-0.00043
0.00037
0.00052
0.00024
-0.00034
0.00000
-0.00009
-0.00012
0.00049
0.00046
-0.00034
-0.00174
-0.00192
-0.00095
-0.00027
-0.00006
-0.00082
-0.00046
-0.00031
-0.00101
-0.00037
-0.00012
-0.00024
-0.00040
-0.00095
-0.00079
-0.00085
-0.00049
-0.00018
-0.00037
0.00009
-0.00049
-0.00125
-0.00143
-0.00156
-0.00140
-0.00131
-0.00107
-0.00040
-0.00052
-0.00024
0.00040
0.00049
0.00031
0.00024
-0.00049
-0.00122
-0.00159
-0.00195
-0.00195
-0.00122
-0.00125
-0.00122
-0.00037
-0.00076
-0.00140
-0.00140
-0.00095
-0.00067
-0.00043
-0.00012
-0.00027
-0.00034
-0.00073
-0.00110
-0.00098
-0.00082
-0.00098
-0.00113
-0.00122
-0.00143
-0.00162
-0.00153
-0.00082
-0.00037
-0.00012
0.00006
0.00003
0.00015
0.00040
0.00052
0.00034
0.00000
-0.00037
-0.00061
-0.00085
-0.00119
-0.00183
-0.00247
-0.00256
-0.00198
-0.00095
-0.00012
0.00034
0.00079
0.00110
0.00104
0.00073
0.00012
0.00000
0.00000
0.00000
0.00000
0.00000
0.00000
0.00000
0.00000
0.00000
0.00000
0.00000
0.00000
0.00000
0.00000
0.00000
0.00000
0.00000
0.00000
0.00000
0.00000
0.00000
0.00000
0.00000
0.00000
0.00000
0.00000
0.00000
0.00000
0.00000
0.00000
0.00000
0.00000
0.00000
0.00000
0.00000
0.00000
0.00000
0.00000
0.00000
0.00000
0.00000
0.00000
0.00000
0.00000
0.00000
0.00000
0.00000
0.00000
0.00000
0.00000
0.00000
0.00000
0.00000
0.00000
0.00000
0.00000
0.00000
0.00000
0.00000
0.00000
0.00000
0.00000
0.00000
0.00000
0.00000
0.00000
0.00000
0.00000
0.00000
0.00000
0.00000
0.00000
0.00000
0.00000
0.00000
0.00000
0.00000
0.00000
0.00000
0.00000
0.00000
0.00000
0.00000
0.00000
0.00000
0.00000
0.00000
0.00000
0.00000
0.00000
0.00000
0.00000
0.00000
0.00000
0.00000
0.00000
0.00000
0.00000
0.00000
0.00000
0.00000
0.00000
0.00000
0.00000
0.00000
0.00000
0.00000
0.00000
0.00000
0.00000
0.00000
0.00000
0.00000
0.00000
0.00000
0.00000
0.00000
0.00000
0.00000
0.00000
0.00000
0.00000
0.00000
0.00000
0.00000
0.00000
0.00000
0.00000
0.00000
0.00000
0.00000
0.00000
0.00000
0.00000
0.00000
0.00000
0.00000
0.00000
0.00000
0.00000
0.00000
0.00000
0.00000
0.00000
0.00000
0.00000
0.00000
0.00000
0.00000
0.00000
0.00000
0.00000
0.00000
0.00000
0.00000
0.00000
0.00000
0.00000
0.00000
0.00000
