-0.00003
0.00000
0.00000
-0.00003
-0.00003
0.00000
-0.00006
-0.00006
-0.00003
-0.00003
-0.00003
0.00000
0.00000
0.00000
0.00000
-0.00003
-0.00003
0.00000
-0.00003
-0.00003
0.00000
0.00000
-0.00003
-0.00003
-0.00003
0.00000
0.00000
0.00003
0.00003
0.00000
0.00000
0.00000
0.00000
0.00000
-0.00006
-0.00003
0.00000
0.00000
0.00000
0.00000
0.00000
-0.00003
0.00000
0.00000
0.00000
0.00000
0.00000
0.00000
0.00000
0.00000
0.00000
0.00000
0.00000
0.00000
0.00000
0.00000
0.00000
0.00000
0.00000
0.00000
0.00000
0.00003
0.00003
0.00000
0.00003
0.00003
0.00000
0.00000
0.00000
0.00000
0.00000
0.00000
0.00000
0.00003
0.00003
0.00000
0.00000
0.00003
0.00003
0.00000
0.00000
0.00003
0.00000
0.00000
0.00000
0.00003
0.00000
0.00000
0.00003
0.00003
0.00000
0.00003
0.00006
0.00003
0.00003
0.00003
0.00006
0.00003
0.00000
0.00000
0.00006
0.00006
0.00000
0.00003
0.00003
0.00003
0.00000
0.00003
0.00003
0.00003
0.00000
0.00006
0.00009
0.00006
0.00003
0.00006
0.00003
0.00003
0.00003
0.00003
0.00006
0.00003
0.00000
0.00003
0.00003
0.00003
0.00003
0.00006
0.00006
0.00003
0.00003
0.00006
0.00000
0.00000
0.00000
0.00003
0.00003
0.00003
0.00003
0.00003
0.00003
0.00003
0.00003
0.00003
0.00003
0.00003
0.00000
0.00000
0.00000
0.00000
0.00000
0.00000
0.00000
0.00000
0.00003
0.00000
0.00003
0.00003
0.00000
0.00000
0.00003
0.00003
0.00000
0.00000
0.00000
0.00000
0.00000
0.00000
0.00003
0.00003
0.00000
0.00000
0.00003
0.00003
0.00003
0.00000
0.00000
0.00000
0.00000
0.00000
0.00009
0.00000
0.00006
-0.00003
-0.00009
0.00003
-0.00040
0.00073
-0.00040
-0.00998
-0.07819
-0.07965
-0.00665
0.02475
0.04462
0.04037
0.03714
0.03210
0.02377
-0.00436
-0.02429
-0.01498
-0.01459
-0.00641
0.01230
0.00540
-0.00641
-0.00107
0.00018
0.00317
0.01303
0.00366
-0.00351
0.00473
0.00580
0.00021
0.00299
0.00378
-0.00232
-0.00156
-0.00131
-0.00510
-0.00259
0.00046
-0.00024
0.00162
0.00571
0.00586
0.00589
0.00720
0.00439
-0.00040
-0.00269
-0.00403
-0.00519
-0.00208
0.00165
0.00128
0.00125
0.00168
0.00140
0.00168
0.00345
0.00391
0.00201
0.00113
0.00018
-0.00040
0.00006
0.00003
-0.00009
-0.00040
-0.00031
-0.00076
-0.00073
0.00006
0.00003
0.00034
0.00076
0.00110
0.00107
0.00034
0.00073
0.00064
-0.00006
-0.00067
-0.00226
-0.00266
-0.00174
-0.00113
-0.00049
-0.00052
-0.00015
0.00000
0.00018
0.00082
0.00061
0.00009
-0.00031
-0.00076
-0.00076
-0.00082
-0.00067
-0.00058
-0.00052
-0.00064
-0.00110
-0.00125
-0.00110
-0.00116
-0.00137
-0.00092
-0.00037
0.00015
0.00095
0.00085
0.00049
0.00027
-0.00021
-0.00125
-0.00174
-0.00156
-0.00156
-0.00137
-0.00113
-0.00070
-0.00043
-0.00043
-0.00067
-0.00098
-0.00095
-0.00082
-0.00070
-0.00058
-0.00052
-0.00049
-0.00034
-0.00040
-0.00055
-0.00061
-0.00067
-0.00082
-0.00104
-0.00122
-0.00128
-0.00125
-0.00125
-0.00089
-0.00034
0.00003
0.00012
0.00012
0.00040
0.00046
0.00037
0.00024
0.00003
0.00000
0.00000
0.00000
0.00000
0.00000
0.00000
0.00000
0.00000
0.00000
0.00000
0.00000
0.00000
0.00000
0.00000
0.00000
0.00000
0.00000
0.00000
0.00000
0.00000
0.00000
0.00000
0.00000
0.00000
0.00000
0.00000
0.00000
0.00000
0.00000
0.00000
0.00000
0.00000
0.00000
0.00000
0.00000
0.00000
0.00000
0.00000
0.00000
0.00000
0.00000
0.00000
0.00000
0.00000
0.00000
0.00000
0.00000
0.00000
0.00000
0.00000
0.00000
0.00000
0.00000
0.00000
0.00000
0.00000
0.00000
0.00000
0.00000
0.00000
0.00000
0.00000
0.00000
0.00000
0.00000
0.00000
0.00000
0.00000
0.00000
0.00000
0.00000
0.00000
0.00000
0.00000
0.00000
0.00000
0.00000
0.00000
0.00000
0.00000
0.00000
0.00000
0.00000
0.00000
0.00000
0.00000
0.00000
0.00000
0.00000
0.00000
0.00000
0.00000
0.00000
0.00000
0.00000
0.00000
0.00000
0.00000
0.00000
0.00000
0.00000
0.00000
0.00000
0.00000
0.00000
0.00000
0.00000
0.00000
0.00000
0.00000
0.00000
0.00000
0.00000
0.00000
0.00000
0.00000
0.00000
0.00000
0.00000
0.00000
0.00000
0.00000
0.00000
0.00000
0.00000
0.00000
0.00000
0.00000
0.00000
0.00000
0.00000
0.00000
0.00000
0.00000
0.00000
0.00000
0.00000
0.00000
0.00000
0.00000
0.00000
0.00000
0.00000
0.00000
0.00000
0.00000
0.00000
0.00000
0.00000
0.00000
0.00000
0.00000
0.00000
0.00000
0.00000
0.00000
0.00000
0.00000
0.00000
0.00000
0.00000
0.00000
0.00000
0.00000
0.00000
0.00000
0.00000
0.00000
0.00000
0.00000
0.00000
0.00000
0.00000
0.00000
0.00000
