0.00009
0.00009
0.00009
0.00006
0.00003
0.00009
0.00009
0.00006
0.00012
0.00012
0.00006
0.00003
0.00009
0.00009
0.00006
0.00009
0.00012
0.00009
0.00009
0.00009
0.00003
0.00006
0.00006
0.00006
0.00009
0.00012
0.00012
0.00012
0.00015
0.00006
0.00006
0.00006
0.00012
0.00000
-0.00031
0.00049
0.00003
0.00006
0.00015
0.00006
0.00009
0.00006
0.00006
0.00003
0.00006
0.00009
0.00009
0.00009
0.00009
0.00009
0.00009
0.00012
0.00009
0.00006
0.00006
0.00006
0.00003
0.00006
0.00006
0.00006
0.00009
0.00012
0.00006
0.00003
0.00009
0.00006
0.00003
0.00003
0.00003
0.00003
0.00006
0.00009
0.00006
0.00009
0.00009
0.00006
0.00003
0.00006
0.00006
0.00003
0.00006
0.00009
0.00003
0.00003
0.00006
0.00003
0.00000
0.00003
0.00003
0.00003
0.00006
0.00006
0.00003
0.00003
0.00006
0.00006
0.00006
0.00003
0.00000
0.00000
0.00003
0.00003
0.00000
0.00000
0.00000
0.00003
0.00000
0.00000
0.00000
0.00003
0.00000
0.00000
0.00003
0.00000
0.00000
0.00000
0.00000
0.00000
0.00000
0.00000
0.00000
0.00000
0.00000
0.00000
0.00000
0.00000
0.00000
0.00000
0.00003
0.00000
0.00000
0.00000
0.00000
-0.00003
-0.00003
-0.00003
0.00000
0.00003
0.00000
0.00000
0.00000
-0.00003
-0.00006
-0.00006
-0.00006
-0.00006
-0.00006
-0.00003
0.00000
0.00000
-0.00003
-0.00003
-0.00003
-0.00009
-0.00012
-0.00009
-0.00003
-0.00003
0.00000
0.00000
-0.00003
-0.00006
-0.00006
-0.00003
-0.00006
-0.00006
-0.00006
-0.00003
-0.00006
-0.00012
-0.00015
-0.00012
-0.00009
-0.00009
-0.00006
-0.00003
-0.00006
-0.00009
-0.00006
-0.00015
-0.00003
-0.00024
0.00021
-0.00058
0.00027
-0.00085
0.00082
-0.00131
0.00092
-0.03738
-0.09729
-0.05356
0.00836
0.04810
0.04855
0.03879
0.03415
0.03140
0.01324
-0.02231
-0.02490
-0.01511
-0.00900
0.00351
0.00964
-0.00308
-0.00522
0.00031
0.00278
0.00934
0.01181
-0.00211
-0.00232
0.00403
0.00131
0.00034
0.00461
0.00278
-0.00031
-0.00308
-0.00833
-0.00681
0.00305
0.00772
0.00732
0.00641
0.00250
0.00034
-0.00104
-0.00165
-0.00159
0.00006
0.00043
0.00092
0.00049
0.00043
0.00000
-0.00055
-0.00125
0.00009
0.00128
0.00168
0.00293
0.00323
0.00198
0.00128
0.00143
0.00073
-0.00046
-0.00143
-0.00171
-0.00128
-0.00027
-0.00076
-0.00079
0.00009
0.00067
0.00085
0.00046
0.00040
-0.00018
-0.00040
0.00012
-0.00006
-0.00037
-0.00140
-0.00204
-0.00174
-0.00125
-0.00046
-0.00058
-0.00046
-0.00037
-0.00061
-0.00024
0.00003
0.00009
-0.00031
-0.00067
-0.00101
-0.00143
-0.00098
-0.00082
-0.00067
-0.00027
-0.00089
-0.00153
-0.00241
-0.00101
-0.00165
-0.00037
0.00064
-0.00018
-0.00018
-0.00040
0.00009
-0.00079
-0.00082
-0.00024
-0.00055
-0.00034
-0.00128
-0.00244
-0.00208
-0.00177
-0.00104
-0.00058
-0.00037
-0.00101
-0.00113
-0.00092
-0.00119
-0.00082
-0.00058
-0.00052
-0.00058
-0.00073
-0.00098
-0.00116
-0.00076
-0.00073
-0.00079
-0.00092
-0.00110
-0.00113
-0.00128
-0.00156
-0.00143
-0.00070
-0.00024
0.00003
0.00024
0.00052
0.00049
0.00024
0.00015
-0.00015
-0.00058
-0.00101
-0.00098
-0.00092
-0.00095
-0.00104
-0.00153
-0.00208
-0.00208
-0.00134
-0.00037
0.00018
0.00055
0.00049
0.00055
0.00064
0.00055
0.00024
-0.00021
-0.00052
-0.00052
-0.00031
-0.00034
-0.00052
-0.00046
-0.00021
0.00003
0.00000
0.00000
0.00000
0.00000
0.00000
0.00000
0.00000
0.00000
0.00000
0.00000
0.00000
0.00000
0.00000
0.00000
0.00000
0.00000
0.00000
0.00000
0.00000
0.00000
0.00000
0.00000
0.00000
0.00000
0.00000
0.00000
0.00000
0.00000
0.00000
0.00000
0.00000
0.00000
0.00000
0.00000
0.00000
0.00000
0.00000
0.00000
0.00000
0.00000
0.00000
0.00000
0.00000
0.00000
0.00000
0.00000
0.00000
0.00000
0.00000
0.00000
0.00000
0.00000
0.00000
0.00000
0.00000
0.00000
0.00000
0.00000
0.00000
0.00000
0.00000
0.00000
0.00000
0.00000
0.00000
0.00000
0.00000
0.00000
0.00000
0.00000
0.00000
0.00000
0.00000
0.00000
0.00000
0.00000
0.00000
0.00000
0.00000
0.00000
0.00000
0.00000
0.00000
0.00000
0.00000
0.00000
0.00000
0.00000
0.00000
0.00000
0.00000
0.00000
0.00000
0.00000
0.00000
0.00000
0.00000
0.00000
0.00000
0.00000
0.00000
0.00000
0.00000
0.00000
0.00000
0.00000
0.00000
0.00000
0.00000
0.00000
0.00000
0.00000
0.00000
0.00000
0.00000
0.00000
0.00000
0.00000
0.00000
0.00000
0.00000
0.00000
0.00000
0.00000
0.00000
0.00000
0.00000
0.00000
0.00000
0.00000
0.00000
0.00000
0.00000
0.00000
0.00000
0.00000
0.00000
0.00000
0.00000
0.00000
0.00000
0.00000
0.00000
0.00000
0.00000
0.00000
0.00000
0.00000
