-0.00037
-0.00034
-0.00031
-0.00034
-0.00034
-0.00031
-0.00034
-0.00037
-0.00034
-0.00040
-0.00040
-0.00037
-0.00034
-0.00031
-0.00034
-0.00034
-0.00037
-0.00037
-0.00040
-0.00040
-0.00040
-0.00040
-0.00040
-0.00040
-0.00034
-0.00034
-0.00034
-0.00034
-0.00037
-0.00037
-0.00037
-0.00037
-0.00037
-0.00037
-0.00034
-0.00049
-0.00040
-0.00037
-0.00040
-0.00040
-0.00037
-0.00040
-0.00040
-0.00037
-0.00037
-0.00037
-0.00040
-0.00040
-0.00040
-0.00040
-0.00043
-0.00043
-0.00040
-0.00043
-0.00040
-0.00040
-0.00043
-0.00043
-0.00040
-0.00040
-0.00040
-0.00034
-0.00040
-0.00046
-0.00037
-0.00043
-0.00043
-0.00043
-0.00043
-0.00046
-0.00043
-0.00040
-0.00037
-0.00037
-0.00040
-0.00040
-0.00040
-0.00040
-0.00043
-0.00043
-0.00040
-0.00040
-0.00043
-0.00040
-0.00040
-0.00043
-0.00046
-0.00043
-0.00043
-0.00043
-0.00040
-0.00040
-0.00040
-0.00037
-0.00037
-0.00040
-0.00040
-0.00037
-0.00043
-0.00046
-0.00043
-0.00046
-0.00046
-0.00043
-0.00040
-0.00043
-0.00043
-0.00040
-0.00037
-0.00040
-0.00037
-0.00040
-0.00040
-0.00040
-0.00040
-0.00040
-0.00037
-0.00037
-0.00040
-0.00040
-0.00040
-0.00043
-0.00040
-0.00040
-0.00040
-0.00037
-0.00037
-0.00034
-0.00034
-0.00037
-0.00037
-0.00037
-0.00043
-0.00040
-0.00040
-0.00040
-0.00037
-0.00037
-0.00037
-0.00037
-0.00037
-0.00037
-0.00037
-0.00037
-0.00037
-0.00040
-0.00037
-0.00037
-0.00037
-0.00037
-0.00040
-0.00040
-0.00037
-0.00040
-0.00040
-0.00040
-0.00037
-0.00037
-0.00037
-0.00034
-0.00034
-0.00034
-0.00031
-0.00031
-0.00034
-0.00037
-0.00037
-0.00037
-0.00037
-0.00037
-0.00037
-0.00040
-0.00037
-0.00034
-0.00034
-0.00034
-0.00034
-0.00040
-0.00037
-0.00040
-0.00024
-0.00046
-0.00012
-0.00061
-0.00012
-0.00076
-0.00006
-0.00076
-0.00018
-0.02356
-0.07788
-0.03946
-0.00977
0.00128
0.04123
0.04776
0.04297
0.01892
0.00623
0.00232
0.01233
-0.00476
-0.03769
-0.02649
-0.00220
0.00146
0.01218
0.01282
-0.00085
0.00073
0.00385
-0.00098
0.00858
0.01007
-0.00241
-0.00244
0.00189
-0.00369
-0.00455
0.00043
-0.00375
-0.00433
-0.00015
0.00198
0.00378
0.00803
0.00745
0.00391
0.00241
0.00101
-0.00180
-0.00354
-0.00317
-0.00250
-0.00244
0.00034
0.00250
0.00156
0.00186
0.00180
-0.00006
-0.00089
0.00241
0.00250
0.00027
0.00058
0.00095
0.00113
0.00168
0.00064
-0.00095
-0.00235
-0.00220
-0.00204
0.00024
0.00201
0.00015
-0.00037
0.00003
0.00085
0.00107
0.00061
0.00070
-0.00034
-0.00140
-0.00156
-0.00162
-0.00143
-0.00168
-0.00107
-0.00021
-0.00009
0.00012
-0.00012
0.00043
0.00082
0.00006
-0.00049
-0.00070
-0.00064
-0.00082
-0.00082
-0.00070
-0.00107
-0.00058
-0.00098
-0.00140
-0.00101
-0.00089
-0.00095
-0.00104
-0.00003
0.00027
0.00031
0.00006
-0.00012
0.00055
0.00055
-0.00034
-0.00082
-0.00085
-0.00125
-0.00189
-0.00134
-0.00076
-0.00058
-0.00073
-0.00070
-0.00055
-0.00079
-0.00125
-0.00113
-0.00034
-0.00015
-0.00040
-0.00049
-0.00037
-0.00040
-0.00015
-0.00009
-0.00027
-0.00073
-0.00128
-0.00137
-0.00107
-0.00079
-0.00073
-0.00034
-0.00024
-0.00034
-0.00021
0.00015
0.00052
0.00049
0.00043
0.00037
0.00021
-0.00006
-0.00052
-0.00058
-0.00043
-0.00070
-0.00092
-0.00095
-0.00092
-0.00092
-0.00101
-0.00070
-0.00031
0.00009
0.00000
0.00000
0.00000
0.00000
0.00000
0.00000
0.00000
0.00000
0.00000
0.00000
0.00000
0.00000
0.00000
0.00000
0.00000
0.00000
0.00000
0.00000
0.00000
0.00000
0.00000
0.00000
0.00000
0.00000
0.00000
0.00000
0.00000
0.00000
0.00000
0.00000
0.00000
0.00000
0.00000
0.00000
0.00000
0.00000
0.00000
0.00000
0.00000
0.00000
0.00000
0.00000
0.00000
0.00000
0.00000
0.00000
0.00000
0.00000
0.00000
0.00000
0.00000
0.00000
0.00000
0.00000
0.00000
0.00000
0.00000
0.00000
0.00000
0.00000
0.00000
0.00000
0.00000
0.00000
0.00000
0.00000
0.00000
0.00000
0.00000
0.00000
0.00000
0.00000
0.00000
0.00000
0.00000
0.00000
0.00000
0.00000
0.00000
0.00000
0.00000
0.00000
0.00000
0.00000
0.00000
0.00000
0.00000
0.00000
0.00000
0.00000
0.00000
0.00000
0.00000
0.00000
0.00000
0.00000
0.00000
0.00000
0.00000
0.00000
0.00000
0.00000
0.00000
0.00000
0.00000
0.00000
0.00000
0.00000
0.00000
0.00000
0.00000
0.00000
0.00000
0.00000
0.00000
0.00000
0.00000
0.00000
0.00000
0.00000
0.00000
0.00000
0.00000
0.00000
0.00000
0.00000
0.00000
0.00000
0.00000
0.00000
0.00000
0.00000
0.00000
0.00000
0.00000
0.00000
0.00000
0.00000
0.00000
0.00000
0.00000
0.00000
0.00000
0.00000
0.00000
0.00000
0.00000
0.00000
0.00000
0.00000
0.00000
0.00000
0.00000
0.00000
0.00000
0.00000
0.00000
0.00000
0.00000
0.00000
0.00000
0.00000
