-0.00024
-0.00018
-0.00018
-0.00021
-0.00021
-0.00018
-0.00021
-0.00024
-0.00021
-0.00021
-0.00024
-0.00021
-0.00021
-0.00021
-0.00021
-0.00021
-0.00021
-0.00021
-0.00021
-0.00021
-0.00021
-0.00018
-0.00021
-0.00021
-0.00018
-0.00018
-0.00021
-0.00021
-0.00021
-0.00021
-0.00021
-0.00021
-0.00024
-0.00021
-0.00018
-0.00034
-0.00021
-0.00021
-0.00024
-0.00021
-0.00021
-0.00024
-0.00024
-0.00021
-0.00021
-0.00021
-0.00021
-0.00018
-0.00018
-0.00021
-0.00021
-0.00021
-0.00024
-0.00021
-0.00021
-0.00024
-0.00024
-0.00024
-0.00021
-0.00024
-0.00021
-0.00018
-0.00021
-0.00024
-0.00015
-0.00021
-0.00021
-0.00021
-0.00024
-0.00021
-0.00021
-0.00021
-0.00021
-0.00021
-0.00018
-0.00021
-0.00021
-0.00018
-0.00018
-0.00021
-0.00018
-0.00018
-0.00021
-0.00024
-0.00021
-0.00024
-0.00024
-0.00024
-0.00024
-0.00021
-0.00021
-0.00021
-0.00021
-0.00021
-0.00021
-0.00024
-0.00018
-0.00018
-0.00021
-0.00021
-0.00021
-0.00021
-0.00021
-0.00021
-0.00021
-0.00021
-0.00024
-0.00021
-0.00018
-0.00024
-0.00021
-0.00018
-0.00021
-0.00018
-0.00021
-0.00021
-0.00021
-0.00018
-0.00021
-0.00021
-0.00024
-0.00024
-0.00024
-0.00021
-0.00021
-0.00018
-0.00018
-0.00018
-0.00018
-0.00018
-0.00018
-0.00021
-0.00021
-0.00021
-0.00024
-0.00021
-0.00018
-0.00021
-0.00021
-0.00021
-0.00018
-0.00018
-0.00021
-0.00018
-0.00015
-0.00021
-0.00018
-0.00018
-0.00018
-0.00018
-0.00021
-0.00018
-0.00018
-0.00018
-0.00021
-0.00018
-0.00015
-0.00021
-0.00018
-0.00012
-0.00015
-0.00018
-0.00018
-0.00012
-0.00015
-0.00018
-0.00018
-0.00015
-0.00015
-0.00018
-0.00018
-0.00015
-0.00018
-0.00018
-0.00015
-0.00015
-0.00018
-0.00018
-0.00015
-0.00021
-0.00006
-0.00031
0.00003
-0.00052
0.00006
-0.00070
0.00027
-0.00082
0.00000
-0.02826
-0.07852
-0.03448
-0.00974
0.00470
0.04318
0.04797
0.04160
0.01733
0.00577
0.00302
0.01288
-0.00760
-0.03851
-0.02411
-0.00122
0.00201
0.01324
0.01184
-0.00137
0.00137
0.00369
-0.00052
0.00934
0.00919
-0.00275
-0.00165
0.00201
-0.00415
-0.00488
-0.00195
-0.00458
-0.00125
0.00262
0.00391
0.00699
0.00885
0.00369
0.00101
0.00024
-0.00131
-0.00159
-0.00162
-0.00287
-0.00204
-0.00018
0.00150
0.00238
0.00214
0.00085
0.00000
-0.00018
-0.00015
0.00247
0.00250
0.00070
0.00040
0.00092
0.00150
0.00134
0.00037
-0.00098
-0.00244
-0.00214
-0.00174
0.00046
0.00153
0.00012
-0.00003
0.00009
0.00095
0.00076
0.00000
0.00024
-0.00064
-0.00110
-0.00140
-0.00165
-0.00116
-0.00153
-0.00092
-0.00024
0.00000
0.00018
-0.00043
0.00015
0.00049
-0.00018
-0.00076
-0.00092
-0.00067
-0.00089
-0.00107
-0.00098
-0.00067
-0.00037
-0.00107
-0.00140
-0.00107
-0.00076
-0.00089
-0.00113
-0.00021
-0.00018
-0.00021
-0.00027
-0.00034
0.00046
0.00046
-0.00018
-0.00070
-0.00082
-0.00122
-0.00186
-0.00153
-0.00110
-0.00089
-0.00079
-0.00089
-0.00104
-0.00104
-0.00143
-0.00119
-0.00034
-0.00018
-0.00040
-0.00052
-0.00046
-0.00046
-0.00018
-0.00027
-0.00070
-0.00110
-0.00150
-0.00159
-0.00119
-0.00092
-0.00082
-0.00037
-0.00024
-0.00037
-0.00031
-0.00003
0.00018
0.00021
0.00024
0.00031
0.00009
-0.00024
-0.00067
-0.00064
-0.00055
-0.00076
-0.00098
-0.00104
-0.00107
-0.00116
-0.00125
-0.00089
-0.00049
-0.00006
0.00049
0.00073
0.00070
0.00055
0.00031
0.00000
-0.00015
-0.00024
-0.00037
-0.00018
-0.00009
-0.00037
-0.00058
-0.00055
-0.00027
0.00006
0.00000
0.00000
0.00000
0.00000
0.00000
0.00000
0.00000
0.00000
0.00000
0.00000
0.00000
0.00000
0.00000
0.00000
0.00000
0.00000
0.00000
0.00000
0.00000
0.00000
0.00000
0.00000
0.00000
0.00000
0.00000
0.00000
0.00000
0.00000
0.00000
0.00000
0.00000
0.00000
0.00000
0.00000
0.00000
0.00000
0.00000
0.00000
0.00000
0.00000
0.00000
0.00000
0.00000
0.00000
0.00000
0.00000
0.00000
0.00000
0.00000
0.00000
0.00000
0.00000
0.00000
0.00000
0.00000
0.00000
0.00000
0.00000
0.00000
0.00000
0.00000
0.00000
0.00000
0.00000
0.00000
0.00000
0.00000
0.00000
0.00000
0.00000
0.00000
0.00000
0.00000
0.00000
0.00000
0.00000
0.00000
0.00000
0.00000
0.00000
0.00000
0.00000
0.00000
0.00000
0.00000
0.00000
0.00000
0.00000
0.00000
0.00000
0.00000
0.00000
0.00000
0.00000
0.00000
0.00000
0.00000
0.00000
0.00000
0.00000
0.00000
0.00000
0.00000
0.00000
0.00000
0.00000
0.00000
0.00000
0.00000
0.00000
0.00000
0.00000
0.00000
0.00000
0.00000
0.00000
0.00000
0.00000
0.00000
0.00000
0.00000
0.00000
0.00000
0.00000
0.00000
0.00000
0.00000
0.00000
0.00000
0.00000
0.00000
0.00000
0.00000
0.00000
0.00000
0.00000
0.00000
0.00000
0.00000
0.00000
0.00000
0.00000
0.00000
0.00000
0.00000
0.00000
