-0.00015
-0.00015
-0.00015
-0.00015
-0.00015
-0.00015
-0.00012
-0.00012
-0.00012
-0.00012
-0.00012
-0.00015
-0.00015
-0.00012
-0.00015
-0.00015
-0.00012
-0.00012
-0.00015
-0.00015
-0.00018
-0.00015
-0.00015
-0.00015
-0.00012
-0.00009
-0.00012
-0.00012
-0.00009
-0.00012
-0.00012
-0.00015
-0.00009
-0.00015
-0.00037
0.00003
-0.00021
-0.00015
-0.00012
-0.00012
-0.00009
-0.00012
-0.00015
-0.00015
-0.00012
-0.00015
-0.00015
-0.00015
-0.00015
-0.00015
-0.00015
-0.00012
-0.00012
-0.00015
-0.00015
-0.00015
-0.00018
-0.00015
-0.00015
-0.00018
-0.00018
-0.00015
-0.00012
-0.00018
-0.00015
-0.00012
-0.00015
-0.00018
-0.00018
-0.00018
-0.00021
-0.00021
-0.00018
-0.00015
-0.00015
-0.00018
-0.00018
-0.00018
-0.00018
-0.00015
-0.00018
-0.00018
-0.00018
-0.00021
-0.00018
-0.00018
-0.00021
-0.00021
-0.00021
-0.00018
-0.00021
-0.00018
-0.00018
-0.00018
-0.00018
-0.00018
-0.00018
-0.00018
-0.00018
-0.00021
-0.00018
-0.00021
-0.00021
-0.00021
-0.00021
-0.00021
-0.00021
-0.00024
-0.00021
-0.00024
-0.00021
-0.00018
-0.00021
-0.00021
-0.00018
-0.00018
-0.00021
-0.00021
-0.00021
-0.00021
-0.00024
-0.00024
-0.00024
-0.00024
-0.00024
-0.00021
-0.00018
-0.00021
-0.00018
-0.00018
-0.00021
-0.00024
-0.00024
-0.00024
-0.00024
-0.00027
-0.00021
-0.00018
-0.00018
-0.00018
-0.00015
-0.00015
-0.00018
-0.00021
-0.00021
-0.00024
-0.00024
-0.00024
-0.00018
-0.00018
-0.00021
-0.00021
-0.00018
-0.00018
-0.00021
-0.00018
-0.00018
-0.00021
-0.00021
-0.00018
-0.00018
-0.00018
-0.00021
-0.00018
-0.00018
-0.00021
-0.00021
-0.00021
-0.00021
-0.00021
-0.00021
-0.00021
-0.00018
-0.00024
-0.00021
-0.00015
-0.00018
-0.00021
-0.00021
-0.00018
-0.00018
-0.00021
-0.00024
-0.00009
-0.00046
0.00000
-0.00082
0.00049
-0.00125
-0.00266
-0.04843
-0.06693
-0.02609
-0.00803
0.02258
0.04575
0.04797
0.03012
0.01263
0.00195
0.00916
0.00800
-0.02087
-0.03796
-0.01807
-0.00027
0.00708
0.01651
0.00903
0.00067
0.00244
0.00092
0.00110
0.00839
0.00421
-0.00305
-0.00064
0.00058
-0.00278
-0.00052
0.00046
-0.00177
-0.00150
-0.00034
-0.00043
0.00021
0.00122
0.00235
0.00412
0.00485
0.00513
0.00339
0.00055
-0.00110
-0.00266
-0.00296
-0.00104
-0.00055
-0.00137
-0.00024
0.00128
0.00128
0.00186
0.00311
0.00208
0.00046
0.00034
0.00082
0.00159
0.00119
0.00000
-0.00180
-0.00250
-0.00214
-0.00122
0.00052
0.00098
0.00012
-0.00031
0.00003
0.00073
0.00089
0.00085
0.00067
0.00000
-0.00049
-0.00165
-0.00256
-0.00250
-0.00208
-0.00122
-0.00098
-0.00070
-0.00052
0.00000
0.00107
0.00110
0.00037
-0.00031
-0.00058
-0.00064
-0.00095
-0.00113
-0.00137
-0.00146
-0.00122
-0.00119
-0.00104
-0.00092
-0.00073
-0.00055
-0.00095
-0.00143
-0.00104
-0.00012
-0.00046
-0.00034
0.00058
0.00067
0.00049
-0.00043
-0.00159
-0.00165
-0.00186
-0.00211
-0.00137
-0.00082
-0.00101
-0.00073
-0.00070
-0.00128
-0.00119
-0.00061
-0.00073
-0.00067
-0.00049
-0.00070
-0.00046
-0.00027
-0.00046
-0.00058
-0.00085
-0.00146
-0.00162
-0.00140
-0.00137
-0.00125
-0.00070
-0.00034
-0.00031
-0.00040
-0.00040
0.00000
0.00000
0.00000
0.00000
0.00000
0.00000
0.00000
0.00000
0.00000
0.00000
0.00000
0.00000
0.00000
0.00000
0.00000
0.00000
0.00000
0.00000
0.00000
0.00000
0.00000
0.00000
0.00000
0.00000
0.00000
0.00000
0.00000
0.00000
0.00000
0.00000
0.00000
0.00000
0.00000
0.00000
0.00000
0.00000
0.00000
0.00000
0.00000
0.00000
0.00000
0.00000
0.00000
0.00000
0.00000
0.00000
0.00000
0.00000
0.00000
0.00000
0.00000
0.00000
0.00000
0.00000
0.00000
0.00000
0.00000
0.00000
0.00000
0.00000
0.00000
0.00000
0.00000
0.00000
0.00000
0.00000
0.00000
0.00000
0.00000
0.00000
0.00000
0.00000
0.00000
0.00000
0.00000
0.00000
0.00000
0.00000
0.00000
0.00000
0.00000
0.00000
0.00000
0.00000
0.00000
0.00000
0.00000
0.00000
0.00000
0.00000
0.00000
0.00000
0.00000
0.00000
0.00000
0.00000
0.00000
0.00000
0.00000
0.00000
0.00000
0.00000
0.00000
0.00000
0.00000
0.00000
0.00000
0.00000
0.00000
0.00000
0.00000
0.00000
0.00000
0.00000
0.00000
0.00000
0.00000
0.00000
0.00000
0.00000
0.00000
0.00000
0.00000
0.00000
0.00000
0.00000
0.00000
0.00000
0.00000
0.00000
0.00000
0.00000
0.00000
0.00000
0.00000
0.00000
0.00000
0.00000
0.00000
0.00000
0.00000
0.00000
0.00000
0.00000
0.00000
0.00000
0.00000
0.00000
0.00000
0.00000
0.00000
0.00000
0.00000
0.00000
0.00000
0.00000
0.00000
0.00000
0.00000
0.00000
0.00000
0.00000
0.00000
0.00000
0.00000
0.00000
0.00000
0.00000
0.00000
0.00000
0.00000
0.00000
0.00000
0.00000
0.00000
0.00000
0.00000
0.00000
0.00000
0.00000
