-0.00043
-0.00043
-0.00043
-0.00043
-0.00043
-0.00046
-0.00043
-0.00040
-0.00043
-0.00043
-0.00037
-0.00037
-0.00040
-0.00040
-0.00040
-0.00040
-0.00043
-0.00043
-0.00040
-0.00043
-0.00037
-0.00040
-0.00040
-0.00040
-0.00040
-0.00037
-0.00034
-0.00034
-0.00037
-0.00034
-0.00037
-0.00037
-0.00037
-0.00034
-0.00031
-0.00049
-0.00034
-0.00034
-0.00037
-0.00037
-0.00037
-0.00037
-0.00034
-0.00037
-0.00034
-0.00034
-0.00034
-0.00034
-0.00031
-0.00031
-0.00034
-0.00031
-0.00031
-0.00034
-0.00034
-0.00031
-0.00031
-0.00027
-0.00034
-0.00031
-0.00024
-0.00034
-0.00037
-0.00024
-0.00034
-0.00031
-0.00031
-0.00031
-0.00027
-0.00027
-0.00024
-0.00024
-0.00024
-0.00027
-0.00031
-0.00027
-0.00024
-0.00027
-0.00027
-0.00021
-0.00024
-0.00024
-0.00018
-0.00021
-0.00024
-0.00024
-0.00027
-0.00027
-0.00024
-0.00021
-0.00021
-0.00021
-0.00018
-0.00018
-0.00018
-0.00018
-0.00024
-0.00024
-0.00021
-0.00024
-0.00018
-0.00018
-0.00015
-0.00018
-0.00021
-0.00021
-0.00018
-0.00021
-0.00018
-0.00012
-0.00018
-0.00015
-0.00009
-0.00015
-0.00018
-0.00015
-0.00018
-0.00018
-0.00012
-0.00015
-0.00015
-0.00015
-0.00015
-0.00015
-0.00012
-0.00012
-0.00012
-0.00012
-0.00012
-0.00012
-0.00015
-0.00015
-0.00012
-0.00015
-0.00015
-0.00009
-0.00012
-0.00012
-0.00009
-0.00009
-0.00012
-0.00012
-0.00009
-0.00012
-0.00012
-0.00006
-0.00006
-0.00009
-0.00006
-0.00009
-0.00009
-0.00009
-0.00012
-0.00009
-0.00006
-0.00006
-0.00009
-0.00009
-0.00003
-0.00006
-0.00012
-0.00006
-0.00006
-0.00009
-0.00006
-0.00006
-0.00006
-0.00006
-0.00009
-0.00006
-0.00009
-0.00009
-0.00003
-0.00003
-0.00003
-0.00003
-0.00003
-0.00003
-0.00003
0.00000
-0.00018
0.00012
-0.00040
0.00037
-0.00082
0.00098
-0.00150
-0.00217
-0.05557
-0.08319
-0.01453
-0.00992
0.02213
0.05679
0.05188
0.03668
0.01065
0.00253
0.00790
0.01474
-0.02319
-0.04498
-0.01520
0.00183
0.00452
0.01855
0.00842
-0.00427
0.00354
0.00171
0.00098
0.01364
0.00647
-0.00476
0.00043
-0.00061
-0.00885
-0.00128
0.00156
-0.00107
0.00552
0.00494
0.00174
0.00342
0.00333
-0.00092
0.00156
0.00247
-0.00104
-0.00079
0.00058
-0.00070
0.00000
0.00085
0.00089
-0.00015
0.00012
0.00043
0.00140
0.00076
0.00070
0.00287
0.00281
0.00174
0.00101
0.00082
0.00183
0.00101
-0.00034
-0.00168
-0.00229
-0.00131
-0.00070
0.00140
0.00159
0.00037
0.00012
-0.00021
0.00064
0.00067
0.00049
0.00021
-0.00006
-0.00031
-0.00131
-0.00107
-0.00031
-0.00055
-0.00034
-0.00061
-0.00018
-0.00024
-0.00037
0.00055
0.00082
0.00031
-0.00055
-0.00110
-0.00058
-0.00012
-0.00009
-0.00046
-0.00024
0.00003
-0.00058
-0.00095
-0.00104
-0.00089
-0.00040
-0.00037
-0.00092
-0.00027
-0.00015
-0.00027
0.00034
0.00085
0.00064
0.00046
0.00006
-0.00034
-0.00027
-0.00116
-0.00195
-0.00143
-0.00092
-0.00101
-0.00079
-0.00119
-0.00153
-0.00055
0.00012
0.00003
0.00037
0.00018
-0.00024
-0.00018
-0.00006
-0.00031
-0.00015
-0.00037
-0.00098
-0.00119
-0.00134
-0.00156
-0.00098
-0.00024
0.00000
0.00000
-0.00003
-0.00006
0.00027
0.00076
0.00089
0.00082
0.00037
0.00003
0.00012
0.00012
-0.00018
-0.00085
-0.00137
-0.00131
-0.00131
-0.00110
-0.00101
-0.00070
-0.00024
0.00024
0.00092
0.00104
0.00092
0.00098
0.00067
0.00027
-0.00012
-0.00049
-0.00034
0.00009
0.00037
0.00009
0.00000
-0.00009
0.00009
0.00015
-0.00015
0.00000
0.00000
0.00000
0.00000
0.00000
0.00000
0.00000
0.00000
0.00000
0.00000
0.00000
0.00000
0.00000
0.00000
0.00000
0.00000
0.00000
0.00000
0.00000
0.00000
0.00000
0.00000
0.00000
0.00000
0.00000
0.00000
0.00000
0.00000
0.00000
0.00000
0.00000
0.00000
0.00000
0.00000
0.00000
0.00000
0.00000
0.00000
0.00000
0.00000
0.00000
0.00000
0.00000
0.00000
0.00000
0.00000
0.00000
0.00000
0.00000
0.00000
0.00000
0.00000
0.00000
0.00000
0.00000
0.00000
0.00000
0.00000
0.00000
0.00000
0.00000
0.00000
0.00000
0.00000
0.00000
0.00000
0.00000
0.00000
0.00000
0.00000
0.00000
0.00000
0.00000
0.00000
0.00000
0.00000
0.00000
0.00000
0.00000
0.00000
0.00000
0.00000
0.00000
0.00000
0.00000
0.00000
0.00000
0.00000
0.00000
0.00000
0.00000
0.00000
0.00000
0.00000
0.00000
0.00000
0.00000
0.00000
0.00000
0.00000
0.00000
0.00000
0.00000
0.00000
0.00000
0.00000
0.00000
0.00000
0.00000
0.00000
0.00000
0.00000
0.00000
0.00000
0.00000
0.00000
0.00000
0.00000
0.00000
0.00000
0.00000
0.00000
0.00000
0.00000
0.00000
0.00000
0.00000
0.00000
0.00000
0.00000
0.00000
0.00000
0.00000
0.00000
0.00000
0.00000
0.00000
0.00000
0.00000
0.00000
0.00000
0.00000
0.00000
0.00000
0.00000
0.00000
0.00000
