-0.00015
-0.00015
-0.00015
-0.00015
-0.00015
-0.00015
-0.00018
-0.00012
-0.00012
-0.00015
-0.00015
-0.00015
-0.00015
-0.00015
-0.00018
-0.00015
-0.00015
-0.00015
-0.00015
-0.00015
-0.00018
-0.00018
-0.00018
-0.00018
-0.00021
-0.00018
-0.00018
-0.00018
-0.00018
-0.00018
-0.00018
-0.00018
-0.00021
-0.00018
-0.00015
-0.00031
-0.00021
-0.00018
-0.00021
-0.00021
-0.00021
-0.00024
-0.00021
-0.00021
-0.00021
-0.00021
-0.00018
-0.00018
-0.00021
-0.00021
-0.00021
-0.00021
-0.00024
-0.00021
-0.00024
-0.00024
-0.00021
-0.00021
-0.00021
-0.00021
-0.00021
-0.00021
-0.00031
-0.00021
-0.00024
-0.00027
-0.00021
-0.00024
-0.00024
-0.00027
-0.00027
-0.00024
-0.00024
-0.00027
-0.00027
-0.00027
-0.00024
-0.00024
-0.00024
-0.00027
-0.00024
-0.00027
-0.00031
-0.00024
-0.00024
-0.00031
-0.00027
-0.00027
-0.00027
-0.00027
-0.00024
-0.00024
-0.00027
-0.00024
-0.00027
-0.00027
-0.00024
-0.00027
-0.00027
-0.00027
-0.00027
-0.00027
-0.00024
-0.00024
-0.00031
-0.00031
-0.00024
-0.00027
-0.00031
-0.00027
-0.00027
-0.00027
-0.00024
-0.00024
-0.00024
-0.00021
-0.00024
-0.00024
-0.00024
-0.00024
-0.00031
-0.00031
-0.00027
-0.00031
-0.00027
-0.00027
-0.00024
-0.00024
-0.00024
-0.00024
-0.00024
-0.00027
-0.00031
-0.00031
-0.00027
-0.00027
-0.00027
-0.00027
-0.00027
-0.00027
-0.00027
-0.00031
-0.00031
-0.00031
-0.00031
-0.00031
-0.00027
-0.00027
-0.00027
-0.00027
-0.00027
-0.00027
-0.00034
-0.00034
-0.00034
-0.00031
-0.00031
-0.00031
-0.00024
-0.00027
-0.00031
-0.00031
-0.00031
-0.00031
-0.00034
-0.00034
-0.00034
-0.00027
-0.00031
-0.00031
-0.00027
-0.00031
-0.00031
-0.00031
-0.00031
-0.00027
-0.00031
-0.00027
-0.00027
-0.00021
-0.00037
-0.00024
-0.00031
-0.00031
-0.00021
-0.00064
0.00018
-0.00110
-0.01151
-0.07834
-0.06528
-0.00732
-0.00595
0.03952
0.05936
0.04987
0.02505
0.00763
0.00131
0.01398
0.00571
-0.03784
-0.04025
-0.00763
0.00146
0.00943
0.01846
0.00235
-0.00253
0.00516
0.00000
0.00470
0.01242
0.00180
-0.00574
-0.00134
-0.00482
-0.00568
0.00388
0.00363
0.00400
0.00415
-0.00082
-0.00296
-0.00024
0.00116
0.00095
0.00272
0.00162
0.00021
0.00101
0.00137
0.00061
-0.00085
-0.00143
-0.00061
-0.00079
-0.00040
0.00046
0.00095
0.00040
0.00122
0.00235
0.00192
0.00143
0.00098
0.00101
0.00150
0.00009
-0.00125
-0.00259
-0.00247
-0.00143
0.00003
0.00150
0.00089
-0.00027
-0.00125
-0.00095
0.00031
0.00049
0.00058
0.00000
-0.00098
-0.00137
-0.00125
-0.00052
-0.00027
-0.00055
-0.00064
-0.00101
-0.00113
-0.00113
-0.00031
0.00015
-0.00040
-0.00070
-0.00183
-0.00122
0.00058
0.00079
0.00006
-0.00003
-0.00006
-0.00113
-0.00198
-0.00192
-0.00189
-0.00192
-0.00192
-0.00128
-0.00064
-0.00043
0.00009
0.00012
0.00061
0.00101
0.00003
-0.00021
-0.00049
-0.00076
-0.00116
-0.00180
-0.00238
-0.00208
-0.00128
-0.00137
-0.00146
-0.00137
-0.00137
-0.00070
0.00018
0.00006
-0.00031
-0.00037
-0.00079
-0.00061
-0.00009
-0.00027
-0.00079
-0.00095
-0.00131
-0.00168
-0.00180
-0.00174
-0.00146
-0.00055
0.00000
-0.00024
-0.00015
0.00000
0.00000
0.00000
0.00000
0.00000
0.00000
0.00000
0.00000
0.00000
0.00000
0.00000
0.00000
0.00000
0.00000
0.00000
0.00000
0.00000
0.00000
0.00000
0.00000
0.00000
0.00000
0.00000
0.00000
0.00000
0.00000
0.00000
0.00000
0.00000
0.00000
0.00000
0.00000
0.00000
0.00000
0.00000
0.00000
0.00000
0.00000
0.00000
0.00000
0.00000
0.00000
0.00000
0.00000
0.00000
0.00000
0.00000
0.00000
0.00000
0.00000
0.00000
0.00000
0.00000
0.00000
0.00000
0.00000
0.00000
0.00000
0.00000
0.00000
0.00000
0.00000
0.00000
0.00000
0.00000
0.00000
0.00000
0.00000
0.00000
0.00000
0.00000
0.00000
0.00000
0.00000
0.00000
0.00000
0.00000
0.00000
0.00000
0.00000
0.00000
0.00000
0.00000
0.00000
0.00000
0.00000
0.00000
0.00000
0.00000
0.00000
0.00000
0.00000
0.00000
0.00000
0.00000
0.00000
0.00000
0.00000
0.00000
0.00000
0.00000
0.00000
0.00000
0.00000
0.00000
0.00000
0.00000
0.00000
0.00000
0.00000
0.00000
0.00000
0.00000
0.00000
0.00000
0.00000
0.00000
0.00000
0.00000
0.00000
0.00000
0.00000
0.00000
0.00000
0.00000
0.00000
0.00000
0.00000
0.00000
0.00000
0.00000
0.00000
0.00000
0.00000
0.00000
0.00000
0.00000
0.00000
0.00000
0.00000
0.00000
0.00000
0.00000
0.00000
0.00000
0.00000
0.00000
0.00000
0.00000
0.00000
0.00000
0.00000
0.00000
0.00000
0.00000
0.00000
0.00000
0.00000
0.00000
0.00000
0.00000
0.00000
0.00000
0.00000
0.00000
0.00000
0.00000
0.00000
0.00000
0.00000
0.00000
0.00000
0.00000
0.00000
0.00000
0.00000
0.00000
0.00000
0.00000
0.00000
0.00000
0.00000
