-0.00015
-0.00015
-0.00012
-0.00012
-0.00012
-0.00012
-0.00015
-0.00015
-0.00015
-0.00018
-0.00018
-0.00015
-0.00012
-0.00012
-0.00012
-0.00012
-0.00015
-0.00015
-0.00018
-0.00018
-0.00015
-0.00018
-0.00018
-0.00018
-0.00015
-0.00015
-0.00015
-0.00012
-0.00012
-0.00012
-0.00012
-0.00009
-0.00009
-0.00012
-0.00009
-0.00021
-0.00021
-0.00021
-0.00018
-0.00018
-0.00018
-0.00015
-0.00012
-0.00009
-0.00015
-0.00012
-0.00009
-0.00012
-0.00015
-0.00012
-0.00012
-0.00015
-0.00015
-0.00012
-0.00012
-0.00015
-0.00018
-0.00018
-0.00012
-0.00015
-0.00015
-0.00009
-0.00009
-0.00012
-0.00018
-0.00012
-0.00015
-0.00015
-0.00018
-0.00021
-0.00015
-0.00015
-0.00015
-0.00012
-0.00012
-0.00015
-0.00015
-0.00018
-0.00018
-0.00012
-0.00015
-0.00018
-0.00018
-0.00018
-0.00018
-0.00018
-0.00018
-0.00021
-0.00018
-0.00018
-0.00015
-0.00012
-0.00012
-0.00015
-0.00018
-0.00018
-0.00021
-0.00018
-0.00018
-0.00018
-0.00018
-0.00018
-0.00018
-0.00018
-0.00015
-0.00018
-0.00021
-0.00021
-0.00015
-0.00015
-0.00018
-0.00018
-0.00018
-0.00021
-0.00021
-0.00021
-0.00018
-0.00018
-0.00018
-0.00015
-0.00018
-0.00021
-0.00021
-0.00024
-0.00021
-0.00021
-0.00021
-0.00018
-0.00015
-0.00018
-0.00018
-0.00018
-0.00018
-0.00021
-0.00018
-0.00021
-0.00024
-0.00021
-0.00021
-0.00021
-0.00021
-0.00021
-0.00021
-0.00018
-0.00018
-0.00018
-0.00021
-0.00018
-0.00018
-0.00021
-0.00021
-0.00021
-0.00018
-0.00021
-0.00021
-0.00021
-0.00024
-0.00021
-0.00021
-0.00018
-0.00018
-0.00018
-0.00018
-0.00015
-0.00018
-0.00021
-0.00021
-0.00021
-0.00021
-0.00021
-0.00024
-0.00024
-0.00021
-0.00021
-0.00018
-0.00015
-0.00015
-0.00015
-0.00018
-0.00015
-0.00021
-0.00009
-0.00034
0.00000
-0.00043
0.00003
-0.00067
0.00015
-0.00079
0.00043
-0.01831
-0.07120
-0.04901
-0.01691
0.00519
0.03839
0.05225
0.03967
0.02048
0.00894
0.00546
0.01379
-0.00470
-0.03586
-0.03314
-0.00772
0.00156
0.01337
0.01492
0.00406
0.00168
0.00482
-0.00040
0.00415
0.00757
0.00018
-0.00153
0.00098
-0.00195
-0.00308
0.00037
-0.00095
-0.00320
-0.00290
-0.00159
0.00098
0.00537
0.00864
0.00879
0.00467
0.00125
-0.00107
-0.00293
-0.00272
-0.00229
-0.00348
-0.00101
0.00140
0.00153
0.00171
0.00217
0.00073
-0.00027
0.00156
0.00223
0.00165
0.00104
0.00031
0.00125
0.00235
0.00098
-0.00134
-0.00241
-0.00241
-0.00208
-0.00009
0.00110
0.00085
0.00046
0.00003
0.00037
0.00116
0.00116
0.00031
-0.00098
-0.00146
-0.00131
-0.00107
-0.00131
-0.00153
-0.00089
-0.00052
-0.00031
-0.00031
-0.00027
0.00024
0.00058
0.00015
-0.00024
-0.00027
-0.00037
-0.00067
-0.00061
-0.00064
-0.00095
-0.00092
-0.00095
-0.00110
-0.00092
-0.00092
-0.00092
-0.00101
-0.00159
-0.00232
-0.00070
0.00024
-0.00012
0.00122
0.00146
0.00085
0.00027
-0.00067
-0.00168
-0.00220
-0.00247
-0.00262
-0.00110
-0.00092
-0.00119
-0.00034
-0.00031
-0.00064
-0.00037
-0.00021
-0.00089
-0.00052
-0.00052
-0.00092
-0.00043
-0.00015
-0.00043
-0.00061
-0.00095
-0.00171
-0.00168
-0.00134
-0.00113
-0.00089
-0.00037
-0.00027
-0.00021
-0.00012
-0.00003
0.00000
0.00000
0.00000
0.00000
0.00000
0.00000
0.00000
0.00000
0.00000
0.00000
0.00000
0.00000
0.00000
0.00000
0.00000
0.00000
0.00000
0.00000
0.00000
0.00000
0.00000
0.00000
0.00000
0.00000
0.00000
0.00000
0.00000
0.00000
0.00000
0.00000
0.00000
0.00000
0.00000
0.00000
0.00000
0.00000
0.00000
0.00000
0.00000
0.00000
0.00000
0.00000
0.00000
0.00000
0.00000
0.00000
0.00000
0.00000
0.00000
0.00000
0.00000
0.00000
0.00000
0.00000
0.00000
0.00000
0.00000
0.00000
0.00000
0.00000
0.00000
0.00000
0.00000
0.00000
0.00000
0.00000
0.00000
0.00000
0.00000
0.00000
0.00000
0.00000
0.00000
0.00000
0.00000
0.00000
0.00000
0.00000
0.00000
0.00000
0.00000
0.00000
0.00000
0.00000
0.00000
0.00000
0.00000
0.00000
0.00000
0.00000
0.00000
0.00000
0.00000
0.00000
0.00000
0.00000
0.00000
0.00000
0.00000
0.00000
0.00000
0.00000
0.00000
0.00000
0.00000
0.00000
0.00000
0.00000
0.00000
0.00000
0.00000
0.00000
0.00000
0.00000
0.00000
0.00000
0.00000
0.00000
0.00000
0.00000
0.00000
0.00000
0.00000
0.00000
0.00000
0.00000
0.00000
0.00000
0.00000
0.00000
0.00000
0.00000
0.00000
0.00000
0.00000
0.00000
0.00000
0.00000
0.00000
0.00000
0.00000
0.00000
0.00000
0.00000
0.00000
0.00000
0.00000
0.00000
0.00000
0.00000
0.00000
0.00000
0.00000
0.00000
0.00000
0.00000
0.00000
0.00000
0.00000
0.00000
0.00000
0.00000
0.00000
0.00000
0.00000
0.00000
0.00000
0.00000
0.00000
0.00000
0.00000
0.00000
0.00000
0.00000
0.00000
0.00000
0.00000
0.00000
0.00000
