-0.00049
-0.00049
-0.00049
-0.00049
-0.00046
-0.00049
-0.00052
-0.00049
-0.00049
-0.00052
-0.00052
-0.00049
-0.00046
-0.00049
-0.00049
-0.00046
-0.00052
-0.00049
-0.00052
-0.00052
-0.00049
-0.00052
-0.00052
-0.00046
-0.00046
-0.00046
-0.00046
-0.00043
-0.00046
-0.00046
-0.00049
-0.00049
-0.00052
-0.00049
-0.00043
-0.00058
-0.00046
-0.00043
-0.00046
-0.00046
-0.00046
-0.00049
-0.00046
-0.00046
-0.00049
-0.00046
-0.00046
-0.00046
-0.00046
-0.00043
-0.00043
-0.00043
-0.00046
-0.00043
-0.00043
-0.00046
-0.00046
-0.00046
-0.00046
-0.00046
-0.00037
-0.00043
-0.00049
-0.00040
-0.00046
-0.00043
-0.00043
-0.00046
-0.00043
-0.00046
-0.00043
-0.00040
-0.00037
-0.00040
-0.00043
-0.00043
-0.00040
-0.00043
-0.00043
-0.00043
-0.00040
-0.00043
-0.00043
-0.00040
-0.00043
-0.00043
-0.00046
-0.00043
-0.00043
-0.00043
-0.00040
-0.00043
-0.00043
-0.00040
-0.00043
-0.00040
-0.00043
-0.00046
-0.00043
-0.00043
-0.00040
-0.00043
-0.00043
-0.00037
-0.00040
-0.00040
-0.00037
-0.00037
-0.00040
-0.00037
-0.00037
-0.00040
-0.00040
-0.00037
-0.00037
-0.00037
-0.00034
-0.00037
-0.00037
-0.00034
-0.00037
-0.00040
-0.00037
-0.00034
-0.00037
-0.00034
-0.00031
-0.00031
-0.00031
-0.00031
-0.00031
-0.00034
-0.00034
-0.00034
-0.00027
-0.00024
-0.00027
-0.00027
-0.00027
-0.00027
-0.00031
-0.00034
-0.00027
-0.00024
-0.00031
-0.00027
-0.00021
-0.00024
-0.00024
-0.00024
-0.00024
-0.00021
-0.00027
-0.00027
-0.00021
-0.00018
-0.00027
-0.00024
-0.00018
-0.00021
-0.00024
-0.00021
-0.00018
-0.00024
-0.00024
-0.00021
-0.00021
-0.00018
-0.00024
-0.00024
-0.00021
-0.00021
-0.00021
-0.00018
-0.00018
-0.00018
-0.00024
-0.00018
-0.00024
-0.00012
-0.00034
0.00003
-0.00043
0.00006
-0.00061
0.00024
-0.00070
-0.00018
-0.02814
-0.08856
-0.03693
-0.00638
0.00140
0.05057
0.05237
0.04575
0.01804
0.00439
0.00330
0.01575
-0.00549
-0.04413
-0.02753
-0.00009
0.00131
0.01431
0.01508
-0.00266
-0.00012
0.00360
-0.00137
0.01007
0.01169
-0.00314
-0.00159
0.00470
-0.00537
-0.00821
-0.00061
-0.00360
-0.00140
0.00385
0.00607
0.00638
0.00739
0.00461
0.00064
-0.00061
-0.00006
-0.00180
-0.00269
-0.00168
-0.00085
-0.00067
0.00168
0.00272
0.00046
0.00046
0.00143
0.00040
-0.00027
0.00272
0.00311
0.00116
0.00110
0.00082
0.00098
0.00159
0.00058
-0.00101
-0.00220
-0.00165
-0.00165
0.00040
0.00183
0.00055
0.00006
-0.00006
0.00131
0.00113
0.00031
0.00043
-0.00064
-0.00064
-0.00095
-0.00159
-0.00079
-0.00089
-0.00055
-0.00043
-0.00018
0.00037
-0.00027
0.00031
0.00095
0.00031
-0.00018
-0.00061
-0.00061
-0.00082
-0.00058
-0.00079
-0.00082
0.00015
-0.00046
-0.00076
-0.00085
-0.00079
-0.00043
-0.00015
-0.00064
-0.00012
-0.00006
-0.00021
0.00027
0.00021
0.00067
0.00043
0.00000
-0.00049
-0.00049
-0.00098
-0.00171
-0.00125
-0.00079
-0.00092
-0.00055
-0.00079
-0.00125
-0.00098
-0.00021
-0.00003
0.00018
0.00021
-0.00018
-0.00031
-0.00015
-0.00024
-0.00006
0.00000
-0.00067
-0.00113
-0.00116
-0.00125
-0.00104
-0.00043
0.00003
0.00006
-0.00012
-0.00012
0.00006
0.00058
0.00085
0.00082
0.00058
0.00031
0.00021
0.00024
0.00006
-0.00049
-0.00107
-0.00107
-0.00089
-0.00092
-0.00113
-0.00107
-0.00055
0.00000
0.00064
0.00116
0.00110
0.00104
0.00095
0.00052
0.00015
-0.00009
-0.00015
0.00006
0.00034
0.00027
0.00006
0.00000
0.00000
0.00000
0.00000
0.00000
0.00000
0.00000
0.00000
0.00000
0.00000
0.00000
0.00000
0.00000
0.00000
0.00000
0.00000
0.00000
0.00000
0.00000
0.00000
0.00000
0.00000
0.00000
0.00000
0.00000
0.00000
0.00000
0.00000
0.00000
0.00000
0.00000
0.00000
0.00000
0.00000
0.00000
0.00000
0.00000
0.00000
0.00000
0.00000
0.00000
0.00000
0.00000
0.00000
0.00000
0.00000
0.00000
0.00000
0.00000
0.00000
0.00000
0.00000
0.00000
0.00000
0.00000
0.00000
0.00000
0.00000
0.00000
0.00000
0.00000
0.00000
0.00000
0.00000
0.00000
0.00000
0.00000
0.00000
0.00000
0.00000
0.00000
0.00000
0.00000
0.00000
0.00000
0.00000
0.00000
0.00000
0.00000
0.00000
0.00000
0.00000
0.00000
0.00000
0.00000
0.00000
0.00000
0.00000
0.00000
0.00000
0.00000
0.00000
0.00000
0.00000
0.00000
0.00000
0.00000
0.00000
0.00000
0.00000
0.00000
0.00000
0.00000
0.00000
0.00000
0.00000
0.00000
0.00000
0.00000
0.00000
0.00000
0.00000
0.00000
0.00000
0.00000
0.00000
0.00000
0.00000
0.00000
0.00000
0.00000
0.00000
0.00000
0.00000
0.00000
0.00000
0.00000
0.00000
0.00000
0.00000
0.00000
0.00000
0.00000
0.00000
0.00000
0.00000
0.00000
0.00000
0.00000
0.00000
0.00000
0.00000
0.00000
0.00000
0.00000
0.00000
0.00000
0.00000
0.00000
0.00000
0.00000
