-0.00037
-0.00040
-0.00043
-0.00043
-0.00040
-0.00040
-0.00043
-0.00040
-0.00040
-0.00040
-0.00040
-0.00040
-0.00040
-0.00043
-0.00046
-0.00040
-0.00040
-0.00043
-0.00040
-0.00040
-0.00040
-0.00043
-0.00043
-0.00040
-0.00043
-0.00043
-0.00040
-0.00034
-0.00037
-0.00040
-0.00040
-0.00037
-0.00040
-0.00040
-0.00037
-0.00052
-0.00043
-0.00040
-0.00034
-0.00034
-0.00037
-0.00043
-0.00037
-0.00037
-0.00040
-0.00037
-0.00034
-0.00031
-0.00037
-0.00040
-0.00034
-0.00037
-0.00037
-0.00040
-0.00037
-0.00037
-0.00037
-0.00034
-0.00031
-0.00034
-0.00031
-0.00034
-0.00040
-0.00034
-0.00037
-0.00037
-0.00034
-0.00037
-0.00037
-0.00037
-0.00034
-0.00031
-0.00031
-0.00031
-0.00031
-0.00034
-0.00034
-0.00031
-0.00034
-0.00034
-0.00034
-0.00037
-0.00037
-0.00031
-0.00031
-0.00034
-0.00034
-0.00031
-0.00031
-0.00031
-0.00027
-0.00031
-0.00031
-0.00031
-0.00031
-0.00031
-0.00031
-0.00034
-0.00031
-0.00031
-0.00034
-0.00031
-0.00031
-0.00027
-0.00031
-0.00034
-0.00027
-0.00027
-0.00034
-0.00031
-0.00027
-0.00031
-0.00031
-0.00027
-0.00027
-0.00027
-0.00027
-0.00031
-0.00031
-0.00031
-0.00034
-0.00034
-0.00027
-0.00027
-0.00031
-0.00027
-0.00024
-0.00027
-0.00027
-0.00027
-0.00027
-0.00027
-0.00027
-0.00027
-0.00024
-0.00024
-0.00024
-0.00024
-0.00027
-0.00024
-0.00021
-0.00021
-0.00021
-0.00021
-0.00024
-0.00021
-0.00021
-0.00021
-0.00021
-0.00021
-0.00021
-0.00021
-0.00021
-0.00018
-0.00018
-0.00015
-0.00018
-0.00018
-0.00015
-0.00018
-0.00018
-0.00018
-0.00018
-0.00021
-0.00018
-0.00018
-0.00018
-0.00015
-0.00018
-0.00018
-0.00015
-0.00015
-0.00012
-0.00015
-0.00015
-0.00012
-0.00018
-0.00012
-0.00018
-0.00009
-0.00031
0.00000
-0.00031
0.00000
-0.00040
0.00000
-0.00034
-0.00015
-0.02026
-0.08029
-0.04715
-0.00800
-0.00037
0.04370
0.05194
0.04517
0.02106
0.00586
0.00269
0.01413
-0.00159
-0.03928
-0.03174
-0.00296
0.00183
0.01205
0.01508
0.00003
0.00027
0.00455
-0.00037
0.00723
0.01105
-0.00098
-0.00558
-0.00015
-0.00351
-0.00372
0.00302
0.00262
0.00424
0.00220
0.00058
-0.00040
0.00031
0.00192
0.00214
0.00150
0.00089
0.00082
0.00107
0.00073
0.00034
-0.00085
-0.00098
0.00043
0.00024
0.00037
0.00137
0.00107
-0.00021
0.00208
0.00357
0.00183
0.00092
0.00095
0.00125
0.00150
0.00043
-0.00104
-0.00223
-0.00140
-0.00119
0.00018
0.00177
0.00089
-0.00003
-0.00058
0.00006
0.00064
0.00031
0.00067
0.00049
-0.00006
-0.00079
-0.00128
-0.00049
-0.00067
-0.00089
-0.00073
-0.00027
-0.00012
-0.00061
0.00027
0.00076
-0.00018
-0.00027
-0.00055
-0.00006
-0.00009
-0.00031
0.00000
-0.00064
-0.00049
-0.00085
-0.00134
-0.00092
-0.00098
-0.00064
-0.00009
-0.00082
-0.00040
-0.00055
-0.00034
0.00046
0.00076
0.00085
0.00070
0.00031
-0.00015
-0.00064
-0.00131
-0.00204
-0.00165
-0.00092
-0.00095
-0.00067
-0.00085
-0.00128
-0.00082
-0.00031
-0.00021
0.00027
0.00012
-0.00034
-0.00043
-0.00021
-0.00034
-0.00009
-0.00015
-0.00064
-0.00095
-0.00128
-0.00146
-0.00095
-0.00043
-0.00027
-0.00015
-0.00009
0.00000
0.00021
0.00064
0.00070
0.00070
0.00046
0.00015
0.00012
0.00006
-0.00031
-0.00064
-0.00085
-0.00101
-0.00134
-0.00140
-0.00113
-0.00067
-0.00015
0.00015
0.00067
0.00092
0.00085
0.00098
0.00082
0.00046
0.00006
-0.00040
-0.00046
0.00000
0.00037
0.00021
0.00000
-0.00015
-0.00018
0.00000
0.00000
0.00000
0.00000
0.00000
0.00000
0.00000
0.00000
0.00000
0.00000
0.00000
0.00000
0.00000
0.00000
0.00000
0.00000
0.00000
0.00000
0.00000
0.00000
0.00000
0.00000
0.00000
0.00000
0.00000
0.00000
0.00000
0.00000
0.00000
0.00000
0.00000
0.00000
0.00000
0.00000
0.00000
0.00000
0.00000
0.00000
0.00000
0.00000
0.00000
0.00000
0.00000
0.00000
0.00000
0.00000
0.00000
0.00000
0.00000
0.00000
0.00000
0.00000
0.00000
0.00000
0.00000
0.00000
0.00000
0.00000
0.00000
0.00000
0.00000
0.00000
0.00000
0.00000
0.00000
0.00000
0.00000
0.00000
0.00000
0.00000
0.00000
0.00000
0.00000
0.00000
0.00000
0.00000
0.00000
0.00000
0.00000
0.00000
0.00000
0.00000
0.00000
0.00000
0.00000
0.00000
0.00000
0.00000
0.00000
0.00000
0.00000
0.00000
0.00000
0.00000
0.00000
0.00000
0.00000
0.00000
0.00000
0.00000
0.00000
0.00000
0.00000
0.00000
0.00000
0.00000
0.00000
0.00000
0.00000
0.00000
0.00000
0.00000
0.00000
0.00000
0.00000
0.00000
0.00000
0.00000
0.00000
0.00000
0.00000
0.00000
0.00000
0.00000
0.00000
0.00000
0.00000
0.00000
0.00000
0.00000
0.00000
0.00000
0.00000
0.00000
0.00000
0.00000
0.00000
0.00000
0.00000
0.00000
0.00000
0.00000
0.00000
0.00000
0.00000
0.00000
0.00000
0.00000
0.00000
