-0.00027
-0.00031
-0.00027
-0.00027
-0.00031
-0.00031
-0.00027
-0.00027
-0.00027
-0.00031
-0.00031
-0.00031
-0.00027
-0.00031
-0.00031
-0.00031
-0.00031
-0.00031
-0.00031
-0.00031
-0.00031
-0.00031
-0.00031
-0.00031
-0.00031
-0.00027
-0.00031
-0.00031
-0.00031
-0.00027
-0.00031
-0.00031
-0.00031
-0.00031
-0.00024
-0.00040
-0.00031
-0.00027
-0.00031
-0.00031
-0.00027
-0.00027
-0.00031
-0.00031
-0.00034
-0.00031
-0.00031
-0.00031
-0.00031
-0.00027
-0.00027
-0.00027
-0.00027
-0.00027
-0.00027
-0.00027
-0.00031
-0.00031
-0.00031
-0.00031
-0.00027
-0.00031
-0.00027
-0.00031
-0.00031
-0.00024
-0.00031
-0.00031
-0.00027
-0.00031
-0.00031
-0.00027
-0.00027
-0.00027
-0.00027
-0.00024
-0.00027
-0.00027
-0.00027
-0.00024
-0.00027
-0.00027
-0.00027
-0.00027
-0.00027
-0.00027
-0.00027
-0.00027
-0.00031
-0.00031
-0.00027
-0.00027
-0.00027
-0.00027
-0.00024
-0.00024
-0.00027
-0.00024
-0.00024
-0.00027
-0.00027
-0.00027
-0.00027
-0.00027
-0.00027
-0.00024
-0.00024
-0.00027
-0.00024
-0.00021
-0.00024
-0.00024
-0.00024
-0.00021
-0.00024
-0.00027
-0.00027
-0.00024
-0.00024
-0.00027
-0.00024
-0.00021
-0.00024
-0.00027
-0.00021
-0.00021
-0.00024
-0.00024
-0.00021
-0.00021
-0.00024
-0.00024
-0.00024
-0.00024
-0.00024
-0.00024
-0.00021
-0.00021
-0.00024
-0.00024
-0.00021
-0.00021
-0.00024
-0.00021
-0.00021
-0.00021
-0.00024
-0.00021
-0.00021
-0.00021
-0.00018
-0.00021
-0.00021
-0.00018
-0.00018
-0.00021
-0.00021
-0.00021
-0.00021
-0.00018
-0.00018
-0.00018
-0.00018
-0.00018
-0.00018
-0.00018
-0.00018
-0.00018
-0.00021
-0.00015
-0.00018
-0.00018
-0.00018
-0.00018
-0.00015
-0.00018
-0.00018
-0.00015
-0.00015
-0.00015
-0.00018
-0.00006
-0.00024
0.00000
-0.00046
0.00003
-0.00070
0.00027
-0.00082
0.00027
-0.02277
-0.06699
-0.04071
-0.01343
0.00534
0.03543
0.04651
0.03848
0.01828
0.00580
0.00363
0.01163
-0.00626
-0.03262
-0.02664
-0.00409
0.00259
0.01163
0.01321
0.00266
0.00128
0.00266
0.00024
0.00638
0.00793
-0.00171
-0.00256
0.00162
-0.00192
-0.00226
0.00034
-0.00110
-0.00150
0.00012
0.00015
0.00046
0.00256
0.00278
0.00336
0.00327
0.00195
0.00015
-0.00037
0.00000
0.00085
0.00073
0.00037
0.00040
0.00015
-0.00015
0.00015
0.00055
0.00012
0.00119
0.00183
0.00125
0.00143
0.00153
0.00140
0.00104
0.00037
-0.00107
-0.00247
-0.00186
-0.00101
0.00049
0.00119
0.00031
-0.00003
0.00012
0.00064
0.00092
0.00098
0.00110
0.00031
-0.00085
-0.00150
-0.00150
-0.00153
-0.00177
-0.00137
-0.00116
-0.00128
-0.00082
-0.00018
0.00070
0.00082
0.00034
0.00034
0.00027
-0.00009
-0.00049
-0.00067
-0.00095
-0.00140
-0.00131
-0.00125
-0.00110
-0.00098
-0.00079
-0.00076
-0.00085
-0.00073
-0.00027
-0.00015
-0.00034
0.00000
0.00092
0.00104
0.00037
-0.00076
-0.00131
-0.00134
-0.00174
-0.00186
-0.00131
-0.00070
-0.00034
-0.00018
-0.00046
-0.00101
-0.00116
-0.00082
-0.00046
-0.00049
-0.00070
-0.00067
-0.00037
-0.00027
-0.00037
-0.00037
-0.00046
-0.00073
-0.00104
-0.00128
-0.00134
-0.00113
-0.00082
-0.00040
-0.00012
-0.00009
-0.00009
0.00003
0.00000
0.00000
0.00000
0.00000
0.00000
0.00000
0.00000
0.00000
0.00000
0.00000
0.00000
0.00000
0.00000
0.00000
0.00000
0.00000
0.00000
0.00000
0.00000
0.00000
0.00000
0.00000
0.00000
0.00000
0.00000
0.00000
0.00000
0.00000
0.00000
0.00000
0.00000
0.00000
0.00000
0.00000
0.00000
0.00000
0.00000
0.00000
0.00000
0.00000
0.00000
0.00000
0.00000
0.00000
0.00000
0.00000
0.00000
0.00000
0.00000
0.00000
0.00000
0.00000
0.00000
0.00000
0.00000
0.00000
0.00000
0.00000
0.00000
0.00000
0.00000
0.00000
0.00000
0.00000
0.00000
0.00000
0.00000
0.00000
0.00000
0.00000
0.00000
0.00000
0.00000
0.00000
0.00000
0.00000
0.00000
0.00000
0.00000
0.00000
0.00000
0.00000
0.00000
0.00000
0.00000
0.00000
0.00000
0.00000
0.00000
0.00000
0.00000
0.00000
0.00000
0.00000
0.00000
0.00000
0.00000
0.00000
0.00000
0.00000
0.00000
0.00000
0.00000
0.00000
0.00000
0.00000
0.00000
0.00000
0.00000
0.00000
0.00000
0.00000
0.00000
0.00000
0.00000
0.00000
0.00000
0.00000
0.00000
0.00000
0.00000
0.00000
0.00000
0.00000
0.00000
0.00000
0.00000
0.00000
0.00000
0.00000
0.00000
0.00000
0.00000
0.00000
0.00000
0.00000
0.00000
0.00000
0.00000
0.00000
0.00000
0.00000
0.00000
0.00000
0.00000
0.00000
0.00000
0.00000
0.00000
0.00000
0.00000
0.00000
0.00000
0.00000
0.00000
0.00000
0.00000
0.00000
0.00000
0.00000
0.00000
0.00000
0.00000
0.00000
0.00000
0.00000
0.00000
0.00000
0.00000
0.00000
0.00000
0.00000
0.00000
0.00000
0.00000
0.00000
0.00000
0.00000
0.00000
