-0.00015
-0.00015
-0.00018
-0.00018
-0.00018
-0.00018
-0.00021
-0.00018
-0.00021
-0.00021
-0.00018
-0.00018
-0.00018
-0.00018
-0.00018
-0.00018
-0.00018
-0.00021
-0.00018
-0.00021
-0.00021
-0.00024
-0.00024
-0.00021
-0.00021
-0.00018
-0.00015
-0.00015
-0.00021
-0.00018
-0.00018
-0.00021
-0.00024
-0.00021
-0.00015
-0.00034
-0.00021
-0.00018
-0.00021
-0.00021
-0.00021
-0.00024
-0.00021
-0.00021
-0.00021
-0.00018
-0.00021
-0.00024
-0.00021
-0.00021
-0.00021
-0.00024
-0.00024
-0.00021
-0.00021
-0.00021
-0.00021
-0.00021
-0.00021
-0.00024
-0.00018
-0.00021
-0.00031
-0.00021
-0.00024
-0.00024
-0.00024
-0.00021
-0.00021
-0.00024
-0.00021
-0.00015
-0.00018
-0.00021
-0.00021
-0.00021
-0.00021
-0.00024
-0.00021
-0.00024
-0.00027
-0.00027
-0.00024
-0.00018
-0.00024
-0.00027
-0.00021
-0.00021
-0.00027
-0.00024
-0.00021
-0.00024
-0.00027
-0.00024
-0.00024
-0.00027
-0.00027
-0.00027
-0.00021
-0.00021
-0.00027
-0.00024
-0.00021
-0.00024
-0.00031
-0.00031
-0.00024
-0.00027
-0.00031
-0.00027
-0.00021
-0.00024
-0.00027
-0.00024
-0.00024
-0.00024
-0.00027
-0.00027
-0.00027
-0.00031
-0.00034
-0.00031
-0.00031
-0.00031
-0.00031
-0.00027
-0.00027
-0.00027
-0.00027
-0.00027
-0.00031
-0.00031
-0.00031
-0.00034
-0.00034
-0.00031
-0.00034
-0.00034
-0.00031
-0.00027
-0.00027
-0.00027
-0.00027
-0.00024
-0.00027
-0.00031
-0.00024
-0.00031
-0.00027
-0.00031
-0.00027
-0.00031
-0.00031
-0.00031
-0.00031
-0.00031
-0.00031
-0.00027
-0.00027
-0.00031
-0.00031
-0.00031
-0.00027
-0.00034
-0.00031
-0.00027
-0.00027
-0.00027
-0.00031
-0.00031
-0.00027
-0.00034
-0.00031
-0.00027
-0.00027
-0.00024
-0.00034
-0.00024
-0.00031
-0.00021
-0.00046
-0.00009
-0.00049
-0.00009
-0.00067
0.00003
-0.00073
-0.00009
-0.02386
-0.08243
-0.04422
-0.00830
0.00204
0.04572
0.05286
0.04373
0.01974
0.00525
0.00290
0.01480
-0.00439
-0.04095
-0.03101
-0.00281
0.00192
0.01294
0.01437
-0.00043
0.00073
0.00415
-0.00049
0.00745
0.01028
-0.00171
-0.00616
-0.00064
-0.00381
-0.00281
0.00351
0.00299
0.00409
0.00125
-0.00052
-0.00156
-0.00018
0.00201
0.00226
0.00146
0.00079
0.00073
0.00104
0.00089
0.00006
-0.00156
-0.00159
-0.00012
-0.00015
0.00006
0.00113
0.00110
-0.00015
0.00174
0.00320
0.00150
0.00043
0.00058
0.00095
0.00101
0.00012
-0.00131
-0.00269
-0.00162
-0.00119
-0.00003
0.00143
0.00052
-0.00058
-0.00110
-0.00018
0.00043
0.00003
0.00034
0.00006
-0.00046
-0.00113
-0.00137
-0.00070
-0.00089
-0.00119
-0.00116
-0.00064
-0.00061
-0.00101
0.00009
0.00043
0.00006
-0.00174
-0.00092
0.00031
-0.00067
-0.00015
-0.00027
-0.00049
-0.00079
-0.00140
-0.00198
-0.00131
-0.00089
-0.00125
-0.00070
-0.00070
-0.00067
-0.00073
-0.00070
0.00009
0.00058
0.00049
0.00012
0.00015
-0.00021
-0.00082
-0.00165
-0.00229
-0.00189
-0.00140
-0.00125
-0.00104
-0.00119
-0.00156
-0.00104
-0.00046
-0.00040
0.00009
-0.00006
-0.00076
-0.00061
-0.00021
-0.00052
-0.00049
-0.00031
-0.00089
-0.00134
-0.00143
-0.00171
-0.00125
-0.00064
-0.00043
-0.00043
-0.00018
-0.00006
-0.00003
0.00043
0.00055
0.00046
0.00027
0.00000
0.00000
0.00000
0.00000
0.00000
0.00000
0.00000
0.00000
0.00000
0.00000
0.00000
0.00000
0.00000
0.00000
0.00000
0.00000
0.00000
0.00000
0.00000
0.00000
0.00000
0.00000
0.00000
0.00000
0.00000
0.00000
0.00000
0.00000
0.00000
0.00000
0.00000
0.00000
0.00000
0.00000
0.00000
0.00000
0.00000
0.00000
0.00000
0.00000
0.00000
0.00000
0.00000
0.00000
0.00000
0.00000
0.00000
0.00000
0.00000
0.00000
0.00000
0.00000
0.00000
0.00000
0.00000
0.00000
0.00000
0.00000
0.00000
0.00000
0.00000
0.00000
0.00000
0.00000
0.00000
0.00000
0.00000
0.00000
0.00000
0.00000
0.00000
0.00000
0.00000
0.00000
0.00000
0.00000
0.00000
0.00000
0.00000
0.00000
0.00000
0.00000
0.00000
0.00000
0.00000
0.00000
0.00000
0.00000
0.00000
0.00000
0.00000
0.00000
0.00000
0.00000
0.00000
0.00000
0.00000
0.00000
0.00000
0.00000
0.00000
0.00000
0.00000
0.00000
0.00000
0.00000
0.00000
0.00000
0.00000
0.00000
0.00000
0.00000
0.00000
0.00000
0.00000
0.00000
0.00000
0.00000
0.00000
0.00000
0.00000
0.00000
0.00000
0.00000
0.00000
0.00000
0.00000
0.00000
0.00000
0.00000
0.00000
0.00000
0.00000
0.00000
0.00000
0.00000
0.00000
0.00000
0.00000
0.00000
0.00000
0.00000
0.00000
0.00000
0.00000
0.00000
0.00000
0.00000
0.00000
0.00000
0.00000
0.00000
0.00000
0.00000
0.00000
0.00000
0.00000
0.00000
0.00000
0.00000
0.00000
0.00000
0.00000
0.00000
0.00000
0.00000
0.00000
0.00000
0.00000
0.00000
0.00000
0.00000
0.00000
0.00000
0.00000
0.00000
0.00000
