-0.00015
-0.00018
-0.00015
-0.00018
-0.00015
-0.00021
-0.00018
-0.00009
-0.00012
-0.00018
-0.00012
-0.00006
-0.00012
-0.00015
-0.00012
-0.00018
-0.00021
-0.00021
-0.00021
-0.00015
-0.00018
-0.00021
-0.00018
-0.00015
-0.00015
-0.00009
-0.00009
-0.00009
-0.00012
-0.00015
-0.00021
-0.00021
-0.00018
-0.00018
-0.00015
-0.00024
-0.00021
-0.00012
-0.00015
-0.00012
-0.00012
-0.00021
-0.00021
-0.00018
-0.00021
-0.00021
-0.00015
-0.00018
-0.00018
-0.00015
-0.00015
-0.00015
-0.00015
-0.00018
-0.00021
-0.00021
-0.00015
-0.00018
-0.00015
-0.00012
-0.00012
-0.00012
-0.00021
-0.00015
-0.00021
-0.00024
-0.00018
-0.00018
-0.00018
-0.00018
-0.00015
-0.00015
-0.00012
-0.00015
-0.00015
-0.00018
-0.00018
-0.00018
-0.00018
-0.00021
-0.00021
-0.00021
-0.00021
-0.00012
-0.00012
-0.00015
-0.00015
-0.00021
-0.00027
-0.00024
-0.00018
-0.00024
-0.00024
-0.00021
-0.00021
-0.00015
-0.00012
-0.00018
-0.00018
-0.00021
-0.00024
-0.00031
-0.00024
-0.00024
-0.00027
-0.00031
-0.00031
-0.00012
-0.00015
-0.00024
-0.00018
-0.00015
-0.00024
-0.00027
-0.00024
-0.00018
-0.00024
-0.00027
-0.00024
-0.00021
-0.00024
-0.00034
-0.00027
-0.00024
-0.00024
-0.00027
-0.00024
-0.00021
-0.00024
-0.00027
-0.00024
-0.00024
-0.00031
-0.00031
-0.00027
-0.00034
-0.00031
-0.00027
-0.00031
-0.00027
-0.00027
-0.00027
-0.00027
-0.00021
-0.00027
-0.00031
-0.00024
-0.00024
-0.00027
-0.00031
-0.00031
-0.00031
-0.00037
-0.00037
-0.00034
-0.00027
-0.00027
-0.00027
-0.00021
-0.00024
-0.00031
-0.00031
-0.00031
-0.00037
-0.00037
-0.00034
-0.00034
-0.00021
-0.00021
-0.00031
-0.00027
-0.00034
-0.00037
-0.00034
-0.00034
-0.00034
-0.00031
-0.00024
-0.00027
-0.00024
-0.00034
-0.00027
-0.00034
-0.00040
-0.00024
-0.00070
0.00015
-0.00113
-0.00815
-0.07031
-0.06699
-0.01450
-0.00458
0.03442
0.05670
0.05008
0.02560
0.00989
0.00146
0.01352
0.00562
-0.03387
-0.04123
-0.01141
0.00098
0.00958
0.01804
0.00482
-0.00110
0.00476
0.00089
0.00339
0.01065
0.00229
-0.00458
0.00125
-0.00073
-0.00510
-0.00134
-0.00433
-0.00510
-0.00034
0.00409
0.00525
0.00891
0.00723
0.00223
0.00104
-0.00034
-0.00278
-0.00272
-0.00247
-0.00226
-0.00134
0.00085
0.00293
0.00192
0.00055
0.00021
-0.00015
-0.00079
0.00098
0.00284
0.00220
0.00104
0.00049
0.00070
0.00153
0.00116
-0.00061
-0.00269
-0.00269
-0.00201
-0.00061
0.00119
0.00073
0.00000
-0.00003
0.00049
0.00092
0.00055
0.00015
-0.00079
-0.00162
-0.00162
-0.00131
-0.00073
-0.00104
-0.00122
-0.00061
-0.00027
-0.00037
-0.00052
0.00000
0.00024
-0.00006
-0.00043
-0.00070
-0.00058
-0.00064
-0.00082
-0.00070
-0.00076
-0.00067
-0.00037
-0.00098
-0.00104
-0.00189
-0.00171
-0.00024
-0.00116
-0.00018
-0.00082
-0.00006
0.00003
-0.00070
0.00049
-0.00058
-0.00018
0.00009
0.00000
0.00000
0.00000
0.00000
0.00000
0.00000
0.00000
0.00000
0.00000
0.00000
0.00000
0.00000
0.00000
0.00000
0.00000
0.00000
0.00000
0.00000
0.00000
0.00000
0.00000
0.00000
0.00000
0.00000
0.00000
0.00000
0.00000
0.00000
0.00000
0.00000
0.00000
0.00000
0.00000
0.00000
0.00000
0.00000
0.00000
0.00000
0.00000
0.00000
0.00000
0.00000
0.00000
0.00000
0.00000
0.00000
0.00000
0.00000
0.00000
0.00000
0.00000
0.00000
0.00000
0.00000
0.00000
0.00000
0.00000
0.00000
0.00000
0.00000
0.00000
0.00000
0.00000
0.00000
0.00000
0.00000
0.00000
0.00000
0.00000
0.00000
0.00000
0.00000
0.00000
0.00000
0.00000
0.00000
0.00000
0.00000
0.00000
0.00000
0.00000
0.00000
0.00000
0.00000
0.00000
0.00000
0.00000
0.00000
0.00000
0.00000
0.00000
0.00000
0.00000
0.00000
0.00000
0.00000
0.00000
0.00000
0.00000
0.00000
0.00000
0.00000
0.00000
0.00000
0.00000
0.00000
0.00000
0.00000
0.00000
0.00000
0.00000
0.00000
0.00000
0.00000
0.00000
0.00000
0.00000
0.00000
0.00000
0.00000
0.00000
0.00000
0.00000
0.00000
0.00000
0.00000
0.00000
0.00000
0.00000
0.00000
0.00000
0.00000
0.00000
0.00000
0.00000
0.00000
0.00000
0.00000
0.00000
0.00000
0.00000
0.00000
0.00000
0.00000
0.00000
0.00000
0.00000
0.00000
0.00000
0.00000
0.00000
0.00000
0.00000
0.00000
0.00000
0.00000
0.00000
0.00000
0.00000
0.00000
0.00000
0.00000
0.00000
0.00000
0.00000
0.00000
0.00000
0.00000
0.00000
0.00000
0.00000
0.00000
0.00000
0.00000
0.00000
0.00000
0.00000
0.00000
0.00000
0.00000
0.00000
0.00000
0.00000
0.00000
0.00000
0.00000
0.00000
0.00000
0.00000
0.00000
0.00000
0.00000
0.00000
0.00000
0.00000
0.00000
0.00000
0.00000
0.00000
0.00000
0.00000
0.00000
0.00000
0.00000
0.00000
0.00000
0.00000
0.00000
0.00000
0.00000
0.00000
0.00000
