-0.00021
-0.00021
-0.00021
-0.00018
-0.00021
-0.00024
-0.00024
-0.00021
-0.00024
-0.00021
-0.00018
-0.00018
-0.00021
-0.00018
-0.00018
-0.00018
-0.00021
-0.00021
-0.00018
-0.00021
-0.00021
-0.00018
-0.00024
-0.00024
-0.00021
-0.00018
-0.00018
-0.00018
-0.00015
-0.00015
-0.00018
-0.00018
-0.00021
-0.00018
-0.00018
-0.00034
-0.00018
-0.00015
-0.00018
-0.00018
-0.00018
-0.00018
-0.00021
-0.00018
-0.00018
-0.00018
-0.00018
-0.00015
-0.00015
-0.00015
-0.00018
-0.00018
-0.00015
-0.00018
-0.00021
-0.00021
-0.00021
-0.00021
-0.00018
-0.00015
-0.00015
-0.00012
-0.00015
-0.00018
-0.00009
-0.00018
-0.00015
-0.00015
-0.00015
-0.00018
-0.00015
-0.00012
-0.00012
-0.00012
-0.00012
-0.00012
-0.00012
-0.00012
-0.00012
-0.00015
-0.00012
-0.00009
-0.00012
-0.00012
-0.00009
-0.00009
-0.00012
-0.00015
-0.00015
-0.00015
-0.00012
-0.00012
-0.00015
-0.00009
-0.00009
-0.00012
-0.00006
-0.00009
-0.00012
-0.00012
-0.00009
-0.00009
-0.00012
-0.00009
-0.00006
-0.00012
-0.00012
-0.00009
-0.00009
-0.00012
-0.00009
-0.00006
-0.00009
-0.00009
-0.00006
-0.00009
-0.00009
-0.00009
-0.00012
-0.00006
-0.00006
-0.00009
-0.00006
-0.00006
-0.00006
-0.00006
-0.00003
-0.00003
-0.00009
-0.00006
-0.00006
-0.00009
-0.00009
-0.00009
-0.00006
-0.00003
-0.00003
-0.00003
-0.00003
-0.00006
-0.00006
-0.00006
-0.00006
-0.00006
-0.00006
-0.00003
0.00000
-0.00003
0.00000
0.00000
-0.00003
-0.00006
-0.00006
-0.00003
-0.00006
-0.00003
0.00000
0.00000
0.00000
0.00000
0.00000
0.00000
0.00000
0.00000
0.00000
0.00000
-0.00006
-0.00003
0.00000
0.00000
-0.00003
-0.00003
0.00000
0.00000
-0.00003
0.00000
0.00000
-0.00006
0.00000
0.00000
0.00006
-0.00012
0.00024
-0.00037
0.00034
-0.00067
0.00067
-0.00101
-0.00012
-0.03546
-0.07852
-0.02795
-0.00989
0.01007
0.04553
0.04855
0.03961
0.01532
0.00507
0.00409
0.01324
-0.01208
-0.03943
-0.02084
-0.00024
0.00296
0.01477
0.01059
-0.00183
0.00241
0.00342
0.00000
0.01041
0.00806
-0.00302
-0.00079
0.00195
-0.00537
-0.00540
-0.00174
-0.00290
0.00058
0.00394
0.00583
0.00708
0.00650
0.00262
0.00000
-0.00098
-0.00021
-0.00052
-0.00183
-0.00220
-0.00055
0.00012
0.00192
0.00284
0.00128
0.00024
0.00058
-0.00006
0.00012
0.00311
0.00262
0.00049
0.00085
0.00125
0.00146
0.00159
0.00061
-0.00113
-0.00226
-0.00192
-0.00153
0.00082
0.00162
0.00031
0.00000
0.00040
0.00125
0.00043
0.00000
0.00037
-0.00046
-0.00070
-0.00125
-0.00131
-0.00082
-0.00119
-0.00058
-0.00012
0.00027
0.00018
-0.00046
0.00040
0.00058
-0.00015
-0.00064
-0.00067
-0.00070
-0.00107
-0.00046
-0.00055
-0.00049
-0.00015
-0.00092
-0.00095
-0.00098
-0.00092
-0.00092
-0.00076
-0.00018
-0.00043
-0.00009
0.00003
0.00003
0.00079
0.00073
0.00015
-0.00034
-0.00064
-0.00125
-0.00186
-0.00146
-0.00107
-0.00085
-0.00073
-0.00067
-0.00079
-0.00089
-0.00116
-0.00085
-0.00015
-0.00006
-0.00031
-0.00049
-0.00046
-0.00031
-0.00003
-0.00012
-0.00052
-0.00098
-0.00134
-0.00137
-0.00107
-0.00076
-0.00058
-0.00024
-0.00021
-0.00031
-0.00015
0.00012
0.00043
0.00040
0.00034
0.00043
0.00018
-0.00021
-0.00058
-0.00058
-0.00052
-0.00070
-0.00089
-0.00104
-0.00113
-0.00113
-0.00107
-0.00058
-0.00018
0.00021
0.00076
0.00079
0.00073
0.00058
0.00037
0.00009
-0.00015
-0.00027
-0.00027
0.00000
0.00000
0.00000
0.00000
0.00000
0.00000
0.00000
0.00000
0.00000
0.00000
0.00000
0.00000
0.00000
0.00000
0.00000
0.00000
0.00000
0.00000
0.00000
0.00000
0.00000
0.00000
0.00000
0.00000
0.00000
0.00000
0.00000
0.00000
0.00000
0.00000
0.00000
0.00000
0.00000
0.00000
0.00000
0.00000
0.00000
0.00000
0.00000
0.00000
0.00000
0.00000
0.00000
0.00000
0.00000
0.00000
0.00000
0.00000
0.00000
0.00000
0.00000
0.00000
0.00000
0.00000
0.00000
0.00000
0.00000
0.00000
0.00000
0.00000
0.00000
0.00000
0.00000
0.00000
0.00000
0.00000
0.00000
0.00000
0.00000
0.00000
0.00000
0.00000
0.00000
0.00000
0.00000
0.00000
0.00000
0.00000
0.00000
0.00000
0.00000
0.00000
0.00000
0.00000
0.00000
0.00000
0.00000
0.00000
0.00000
0.00000
0.00000
0.00000
0.00000
0.00000
0.00000
0.00000
0.00000
0.00000
0.00000
0.00000
0.00000
0.00000
0.00000
0.00000
0.00000
0.00000
0.00000
0.00000
0.00000
0.00000
0.00000
0.00000
0.00000
0.00000
0.00000
0.00000
0.00000
0.00000
0.00000
0.00000
0.00000
0.00000
0.00000
0.00000
0.00000
0.00000
0.00000
0.00000
0.00000
0.00000
0.00000
0.00000
0.00000
0.00000
0.00000
0.00000
0.00000
0.00000
0.00000
0.00000
0.00000
0.00000
0.00000
0.00000
0.00000
0.00000
0.00000
0.00000
0.00000
0.00000
0.00000
0.00000
0.00000
