-0.00024
-0.00027
-0.00024
-0.00024
-0.00027
-0.00027
-0.00027
-0.00027
-0.00031
-0.00024
-0.00018
-0.00021
-0.00024
-0.00021
-0.00024
-0.00031
-0.00037
-0.00031
-0.00024
-0.00027
-0.00031
-0.00021
-0.00018
-0.00027
-0.00031
-0.00027
-0.00034
-0.00034
-0.00031
-0.00021
-0.00024
-0.00021
-0.00021
-0.00021
-0.00015
-0.00037
-0.00034
-0.00031
-0.00031
-0.00034
-0.00031
-0.00024
-0.00024
-0.00027
-0.00031
-0.00024
-0.00024
-0.00031
-0.00027
-0.00031
-0.00027
-0.00034
-0.00031
-0.00027
-0.00031
-0.00031
-0.00031
-0.00034
-0.00024
-0.00024
-0.00027
-0.00031
-0.00024
-0.00021
-0.00034
-0.00027
-0.00031
-0.00037
-0.00037
-0.00034
-0.00031
-0.00034
-0.00034
-0.00034
-0.00027
-0.00027
-0.00031
-0.00034
-0.00024
-0.00024
-0.00027
-0.00027
-0.00031
-0.00027
-0.00031
-0.00031
-0.00027
-0.00031
-0.00034
-0.00034
-0.00027
-0.00024
-0.00024
-0.00021
-0.00027
-0.00034
-0.00031
-0.00031
-0.00027
-0.00034
-0.00034
-0.00031
-0.00034
-0.00031
-0.00024
-0.00027
-0.00031
-0.00024
-0.00027
-0.00018
-0.00024
-0.00034
-0.00034
-0.00037
-0.00037
-0.00034
-0.00031
-0.00027
-0.00024
-0.00027
-0.00027
-0.00024
-0.00031
-0.00034
-0.00031
-0.00031
-0.00027
-0.00027
-0.00024
-0.00024
-0.00031
-0.00031
-0.00031
-0.00031
-0.00034
-0.00031
-0.00024
-0.00027
-0.00021
-0.00021
-0.00021
-0.00024
-0.00024
-0.00027
-0.00027
-0.00031
-0.00031
-0.00034
-0.00024
-0.00024
-0.00027
-0.00027
-0.00024
-0.00031
-0.00031
-0.00024
-0.00031
-0.00024
-0.00024
-0.00021
-0.00024
-0.00024
-0.00027
-0.00031
-0.00031
-0.00031
-0.00031
-0.00027
-0.00027
-0.00024
-0.00015
-0.00021
-0.00027
-0.00031
-0.00027
-0.00027
-0.00034
-0.00031
-0.00024
-0.00024
-0.00027
-0.00024
-0.00024
-0.00027
-0.00031
-0.00043
-0.00015
-0.00070
0.00021
-0.00101
-0.00345
-0.04440
-0.06134
-0.02353
-0.00842
0.01804
0.04071
0.04346
0.02835
0.01181
0.00266
0.00714
0.00729
-0.01816
-0.03308
-0.01492
0.00000
0.00504
0.01428
0.00800
0.00040
0.00284
0.00146
0.00174
0.00851
0.00336
-0.00375
0.00012
0.00046
-0.00336
-0.00104
0.00000
-0.00168
-0.00049
0.00064
-0.00018
0.00134
0.00269
0.00278
0.00403
0.00259
0.00031
-0.00073
-0.00037
0.00000
0.00092
0.00101
0.00095
0.00058
0.00024
0.00000
0.00034
0.00018
0.00015
0.00101
0.00128
0.00137
0.00125
0.00113
0.00113
0.00073
-0.00027
-0.00171
-0.00204
-0.00131
-0.00015
0.00079
0.00058
0.00021
0.00021
0.00012
0.00040
0.00073
0.00116
0.00064
-0.00089
-0.00146
-0.00143
-0.00113
-0.00137
-0.00168
-0.00110
-0.00116
-0.00119
-0.00076
-0.00003
0.00052
0.00024
0.00021
0.00043
0.00009
-0.00031
-0.00052
-0.00067
-0.00113
-0.00156
-0.00131
-0.00125
-0.00122
-0.00119
-0.00116
-0.00101
-0.00040
-0.00037
-0.00052
-0.00027
-0.00006
0.00067
0.00101
0.00012
-0.00089
-0.00122
-0.00140
-0.00159
-0.00156
-0.00140
-0.00089
-0.00031
-0.00040
-0.00058
-0.00092
-0.00140
-0.00137
-0.00079
-0.00089
-0.00085
-0.00055
-0.00043
-0.00034
-0.00027
-0.00046
-0.00043
-0.00040
-0.00101
-0.00162
-0.00162
-0.00140
-0.00113
-0.00067
-0.00037
-0.00024
-0.00009
-0.00006
0.00000
0.00000
0.00000
0.00000
0.00000
0.00000
0.00000
0.00000
0.00000
0.00000
0.00000
0.00000
0.00000
0.00000
0.00000
0.00000
0.00000
0.00000
0.00000
0.00000
0.00000
0.00000
0.00000
0.00000
0.00000
0.00000
0.00000
0.00000
0.00000
0.00000
0.00000
0.00000
0.00000
0.00000
0.00000
0.00000
0.00000
0.00000
0.00000
0.00000
0.00000
0.00000
0.00000
0.00000
0.00000
0.00000
0.00000
0.00000
0.00000
0.00000
0.00000
0.00000
0.00000
0.00000
0.00000
0.00000
0.00000
0.00000
0.00000
0.00000
0.00000
0.00000
0.00000
0.00000
0.00000
0.00000
0.00000
0.00000
0.00000
0.00000
0.00000
0.00000
0.00000
0.00000
0.00000
0.00000
0.00000
0.00000
0.00000
0.00000
0.00000
0.00000
0.00000
0.00000
0.00000
0.00000
0.00000
0.00000
0.00000
0.00000
0.00000
0.00000
0.00000
0.00000
0.00000
0.00000
0.00000
0.00000
0.00000
0.00000
0.00000
0.00000
0.00000
0.00000
0.00000
0.00000
0.00000
0.00000
0.00000
0.00000
0.00000
0.00000
0.00000
0.00000
0.00000
0.00000
0.00000
0.00000
0.00000
0.00000
0.00000
0.00000
0.00000
0.00000
0.00000
0.00000
0.00000
0.00000
0.00000
0.00000
0.00000
0.00000
0.00000
0.00000
0.00000
0.00000
0.00000
0.00000
0.00000
0.00000
0.00000
0.00000
0.00000
0.00000
0.00000
0.00000
0.00000
0.00000
0.00000
0.00000
0.00000
0.00000
0.00000
0.00000
0.00000
0.00000
0.00000
0.00000
0.00000
0.00000
0.00000
0.00000
0.00000
0.00000
0.00000
0.00000
0.00000
0.00000
0.00000
0.00000
0.00000
0.00000
0.00000
0.00000
0.00000
0.00000
0.00000
0.00000
0.00000
