-0.00009
-0.00009
-0.00006
-0.00015
-0.00012
-0.00006
-0.00006
-0.00006
-0.00009
-0.00009
-0.00009
-0.00009
-0.00012
-0.00009
-0.00006
-0.00006
-0.00009
-0.00006
-0.00006
-0.00012
-0.00015
-0.00009
-0.00006
-0.00003
-0.00012
-0.00009
-0.00012
-0.00015
-0.00018
-0.00009
-0.00003
-0.00009
-0.00009
-0.00003
-0.00006
-0.00006
-0.00012
-0.00015
-0.00012
-0.00018
-0.00015
-0.00009
-0.00009
-0.00009
-0.00009
-0.00006
-0.00009
-0.00009
-0.00009
-0.00006
-0.00009
0.00000
-0.00012
-0.00024
0.00003
-0.00024
-0.00018
-0.00003
-0.00012
-0.00018
-0.00018
-0.00006
-0.00012
-0.00009
-0.00009
-0.00015
-0.00015
-0.00012
-0.00006
-0.00006
-0.00003
-0.00003
-0.00018
-0.00027
-0.00015
-0.00021
-0.00018
-0.00006
-0.00003
-0.00009
-0.00006
0.00000
-0.00018
-0.00018
-0.00015
-0.00024
-0.00015
-0.00009
-0.00015
-0.00006
-0.00006
-0.00009
-0.00018
-0.00009
-0.00012
-0.00018
-0.00015
-0.00009
-0.00006
-0.00021
-0.00015
-0.00012
-0.00021
-0.00018
-0.00012
-0.00012
-0.00015
-0.00009
-0.00015
-0.00012
-0.00006
-0.00012
-0.00015
-0.00009
-0.00012
-0.00021
-0.00015
-0.00009
-0.00015
-0.00018
-0.00009
-0.00009
-0.00018
-0.00009
-0.00015
-0.00018
-0.00018
-0.00012
-0.00015
-0.00018
-0.00015
-0.00018
-0.00012
-0.00009
-0.00009
-0.00015
-0.00015
-0.00012
-0.00018
-0.00012
-0.00015
-0.00012
-0.00015
-0.00018
-0.00012
-0.00009
-0.00009
-0.00018
-0.00009
-0.00009
-0.00021
-0.00015
-0.00012
-0.00012
-0.00018
-0.00012
-0.00015
-0.00018
-0.00006
-0.00018
-0.00015
-0.00009
-0.00018
-0.00018
-0.00009
-0.00012
-0.00012
-0.00015
0.00003
-0.00031
0.00021
-0.00070
0.00064
-0.00116
0.00101
-0.00140
0.00125
-0.00143
0.00122
-0.03622
-0.16483
-0.00970
0.00076
-0.02768
0.09964
0.09650
0.01840
-0.05673
-0.00360
0.01166
0.04395
0.03247
-0.01584
0.02356
0.02701
-0.04892
-0.02512
0.02792
0.00003
0.00113
0.01813
-0.00626
-0.01056
0.00513
-0.00531
0.00220
0.02341
-0.00436
-0.02057
0.00891
0.00836
-0.00623
-0.00095
0.00549
-0.00281
0.00043
0.01001
0.00717
0.00232
0.00366
-0.00055
-0.00510
-0.00073
0.00000
-0.00293
-0.00052
0.00208
-0.00531
-0.00540
0.00238
0.00232
-0.00085
0.00549
0.00525
-0.00275
0.00012
0.00394
0.00095
-0.00015
0.00037
0.00009
-0.00150
-0.00052
-0.00150
-0.00189
0.00168
-0.00131
-0.00217
-0.00061
-0.00021
-0.00089
-0.00146
0.00220
0.00113
-0.00174
-0.00095
-0.00128
-0.00156
-0.00192
-0.00095
0.00003
-0.00192
-0.00143
-0.00186
-0.00107
0.00006
-0.00113
-0.00040
0.00031
-0.00015
-0.00031
-0.00043
0.00037
-0.00110
-0.00089
-0.00067
-0.00232
-0.00235
-0.00247
-0.00262
-0.00189
-0.00150
-0.00070
-0.00079
-0.00082
-0.00024
0.00031
0.00122
0.00070
0.00095
0.00104
-0.00031
-0.00095
-0.00113
-0.00085
-0.00140
-0.00223
-0.00174
-0.00241
-0.00253
-0.00180
-0.00104
-0.00003
0.00003
0.00009
-0.00034
-0.00082
-0.00107
-0.00098
-0.00003
-0.00012
-0.00089
-0.00116
-0.00134
-0.00140
-0.00137
-0.00082
-0.00015
-0.00055
-0.00067
-0.00031
0.00031
0.00058
0.00043
0.00076
0.00070
0.00021
-0.00015
-0.00027
-0.00012
-0.00031
-0.00058
-0.00064
-0.00067
-0.00092
-0.00104
-0.00052
-0.00012
-0.00021
0.00000
0.00034
0.00037
0.00018
0.00009
0.00027
0.00040
0.00015
-0.00006
-0.00024
-0.00037
-0.00043
-0.00024
0.00009
0.00021
0.00015
0.00018
0.00064
0.00070
0.00070
0.00067
0.00043
0.00012
-0.00009
-0.00006
-0.00006
-0.00018
-0.00031
-0.00012
-0.00018
-0.00021
0.00000
0.00000
0.00000
0.00000
0.00000
0.00000
0.00000
0.00000
0.00000
0.00000
0.00000
0.00000
0.00000
0.00000
0.00000
0.00000
0.00000
0.00000
0.00000
0.00000
0.00000
0.00000
0.00000
0.00000
0.00000
0.00000
0.00000
0.00000
0.00000
0.00000
0.00000
0.00000
0.00000
0.00000
0.00000
0.00000
0.00000
0.00000
0.00000
0.00000
0.00000
0.00000
0.00000
0.00000
0.00000
0.00000
0.00000
0.00000
0.00000
0.00000
0.00000
0.00000
0.00000
0.00000
0.00000
0.00000
0.00000
0.00000
0.00000
0.00000
0.00000
0.00000
0.00000
0.00000
0.00000
0.00000
0.00000
0.00000
0.00000
0.00000
0.00000
0.00000
0.00000
0.00000
0.00000
0.00000
0.00000
0.00000
0.00000
0.00000
0.00000
0.00000
0.00000
0.00000
0.00000
0.00000
0.00000
0.00000
0.00000
0.00000
0.00000
0.00000
0.00000
0.00000
0.00000
0.00000
0.00000
0.00000
0.00000
0.00000
0.00000
0.00000
0.00000
0.00000
0.00000
0.00000
0.00000
0.00000
0.00000
0.00000
0.00000
0.00000
0.00000
0.00000
0.00000
0.00000
0.00000
0.00000
0.00000
0.00000
0.00000
0.00000
0.00000
0.00000
0.00000
0.00000
0.00000
0.00000
0.00000
0.00000
0.00000
0.00000
0.00000
0.00000
0.00000
0.00000
0.00000
0.00000
0.00000
0.00000
0.00000
0.00000
