0.00003
0.00006
0.00003
0.00000
0.00003
0.00003
0.00000
0.00000
0.00009
0.00012
0.00006
0.00009
0.00000
0.00000
0.00000
0.00000
0.00003
0.00015
0.00009
0.00003
0.00009
0.00006
0.00000
0.00000
0.00003
0.00006
0.00009
0.00012
0.00006
0.00009
0.00003
0.00003
0.00012
0.00015
0.00009
0.00006
0.00009
0.00006
0.00003
0.00000
0.00006
0.00009
0.00003
0.00009
0.00015
0.00012
0.00003
0.00006
0.00006
0.00003
0.00006
0.00021
-0.00012
0.00018
0.00018
-0.00009
0.00012
0.00015
0.00003
-0.00006
0.00024
0.00009
0.00003
0.00015
0.00012
0.00009
0.00006
0.00015
0.00000
0.00000
0.00012
0.00006
-0.00003
0.00012
0.00012
0.00000
0.00009
0.00012
0.00006
0.00003
0.00021
0.00009
-0.00003
0.00003
0.00003
0.00000
0.00009
0.00012
0.00006
0.00006
0.00006
0.00003
0.00006
0.00006
0.00000
0.00003
0.00009
0.00015
-0.00003
0.00003
0.00021
0.00000
-0.00003
0.00003
0.00003
-0.00006
0.00009
0.00015
0.00006
0.00009
0.00006
0.00000
0.00009
0.00012
0.00000
0.00006
0.00015
0.00003
0.00000
0.00009
0.00012
0.00000
0.00009
0.00012
0.00000
0.00006
0.00006
0.00006
0.00003
0.00006
0.00003
0.00003
0.00003
0.00006
0.00000
-0.00006
0.00006
0.00000
0.00000
0.00003
0.00006
0.00003
0.00000
0.00006
0.00003
0.00009
0.00000
0.00003
0.00009
0.00000
0.00000
-0.00003
0.00003
0.00000
0.00000
0.00006
0.00000
0.00003
-0.00003
-0.00009
0.00003
-0.00003
0.00000
0.00003
0.00006
-0.00003
-0.00003
0.00000
-0.00003
0.00000
0.00006
-0.00049
0.00101
-0.00198
0.00314
-0.00507
0.00784
-0.01175
0.00900
-0.18091
-0.13562
0.05530
-0.04083
0.10321
0.17493
0.10101
-0.08310
-0.01703
-0.00995
-0.01889
0.02725
-0.01794
0.02765
0.04391
-0.02316
-0.05963
0.03381
0.02579
-0.03043
0.02994
0.02676
-0.03214
0.00461
0.01480
-0.01099
0.01257
0.00336
-0.03287
0.00238
0.02115
-0.00732
-0.00516
0.01764
0.00089
-0.01691
0.01041
0.01245
0.00366
0.00339
0.00488
-0.00638
-0.00635
-0.00070
-0.00040
0.00043
0.00659
-0.00171
-0.00745
-0.00040
0.00211
-0.00360
0.00153
0.00952
-0.00024
-0.00339
0.00488
0.00327
-0.00232
-0.00110
0.00183
-0.00183
-0.00388
-0.00049
-0.00131
0.00024
0.00113
-0.00128
-0.00058
0.00009
-0.00061
-0.00427
0.00168
0.00339
-0.00186
-0.00177
-0.00061
-0.00269
-0.00314
-0.00113
0.00082
-0.00171
-0.00211
-0.00253
-0.00146
0.00040
-0.00058
-0.00006
0.00104
0.00015
-0.00101
-0.00089
0.00021
-0.00113
-0.00162
0.00000
-0.00180
-0.00299
-0.00348
-0.00290
-0.00241
-0.00211
-0.00113
-0.00027
-0.00031
0.00018
0.00058
0.00192
0.00107
0.00018
0.00052
-0.00018
-0.00113
-0.00180
-0.00119
-0.00143
-0.00284
-0.00259
-0.00256
-0.00290
-0.00189
-0.00058
0.00058
0.00073
0.00082
0.00021
-0.00076
-0.00150
-0.00223
-0.00128
-0.00076
-0.00119
-0.00119
-0.00125
-0.00131
-0.00146
-0.00098
0.00018
0.00006
-0.00070
-0.00058
0.00018
0.00049
0.00024
0.00073
0.00101
0.00040
-0.00031
-0.00043
-0.00012
-0.00052
-0.00131
-0.00143
-0.00110
-0.00110
-0.00128
-0.00058
0.00015
0.00009
0.00015
0.00079
0.00089
0.00031
-0.00012
-0.00021
-0.00018
-0.00043
-0.00061
-0.00055
-0.00070
-0.00073
-0.00040
0.00015
0.00037
0.00040
0.00024
0.00061
0.00067
0.00034
0.00055
0.00052
0.00000
-0.00058
-0.00043
-0.00031
-0.00043
-0.00055
-0.00046
-0.00034
-0.00070
-0.00064
-0.00079
0.00000
0.00000
0.00000
0.00000
0.00000
0.00000
0.00000
0.00000
0.00000
0.00000
0.00000
0.00000
0.00000
0.00000
0.00000
0.00000
0.00000
0.00000
0.00000
0.00000
0.00000
0.00000
0.00000
0.00000
0.00000
0.00000
0.00000
0.00000
0.00000
0.00000
0.00000
0.00000
0.00000
0.00000
0.00000
0.00000
0.00000
0.00000
0.00000
0.00000
0.00000
0.00000
0.00000
0.00000
0.00000
0.00000
0.00000
0.00000
0.00000
0.00000
0.00000
0.00000
0.00000
0.00000
0.00000
0.00000
0.00000
0.00000
0.00000
0.00000
0.00000
0.00000
0.00000
0.00000
0.00000
0.00000
0.00000
0.00000
0.00000
0.00000
0.00000
0.00000
0.00000
0.00000
0.00000
0.00000
0.00000
0.00000
0.00000
0.00000
0.00000
0.00000
0.00000
0.00000
0.00000
0.00000
0.00000
0.00000
0.00000
0.00000
0.00000
0.00000
0.00000
0.00000
0.00000
0.00000
0.00000
0.00000
0.00000
0.00000
0.00000
0.00000
0.00000
0.00000
0.00000
0.00000
0.00000
0.00000
0.00000
0.00000
0.00000
0.00000
0.00000
0.00000
0.00000
0.00000
0.00000
0.00000
0.00000
0.00000
0.00000
0.00000
0.00000
0.00000
0.00000
0.00000
0.00000
0.00000
0.00000
0.00000
0.00000
0.00000
0.00000
0.00000
0.00000
0.00000
0.00000
0.00000
0.00000
0.00000
0.00000
