-0.00006
-0.00006
-0.00009
-0.00006
-0.00003
-0.00006
-0.00009
-0.00006
-0.00003
-0.00006
-0.00009
-0.00012
-0.00012
-0.00012
-0.00009
-0.00003
0.00000
-0.00003
-0.00012
-0.00015
-0.00018
-0.00018
-0.00012
-0.00006
-0.00009
-0.00006
-0.00003
-0.00012
-0.00018
-0.00015
-0.00009
-0.00006
-0.00006
0.00000
0.00000
-0.00006
-0.00009
-0.00015
-0.00015
-0.00015
-0.00015
-0.00015
-0.00015
-0.00018
-0.00021
-0.00018
-0.00009
-0.00009
-0.00009
-0.00009
-0.00018
-0.00024
-0.00024
-0.00021
-0.00021
-0.00018
-0.00012
-0.00012
-0.00012
-0.00021
-0.00021
-0.00018
-0.00015
-0.00018
-0.00018
-0.00015
-0.00018
-0.00018
-0.00018
-0.00021
-0.00024
-0.00024
-0.00024
-0.00018
-0.00018
-0.00031
-0.00024
-0.00021
-0.00024
-0.00024
-0.00021
-0.00024
-0.00024
-0.00024
-0.00024
-0.00024
-0.00027
-0.00024
-0.00027
-0.00024
-0.00024
-0.00024
-0.00021
-0.00021
-0.00021
-0.00031
-0.00031
-0.00031
-0.00031
-0.00031
-0.00024
-0.00024
-0.00027
-0.00024
-0.00027
-0.00027
-0.00027
-0.00027
-0.00024
-0.00027
-0.00027
-0.00027
-0.00031
-0.00027
-0.00027
-0.00027
-0.00024
-0.00024
-0.00024
-0.00024
-0.00021
-0.00024
-0.00031
-0.00031
-0.00031
-0.00034
-0.00034
-0.00031
-0.00021
-0.00018
-0.00021
-0.00027
-0.00031
-0.00037
-0.00037
-0.00037
-0.00034
-0.00031
-0.00031
-0.00027
-0.00024
-0.00027
-0.00027
-0.00027
-0.00034
-0.00037
-0.00034
-0.00034
-0.00027
-0.00024
-0.00027
-0.00031
-0.00027
-0.00024
-0.00027
-0.00027
-0.00021
-0.00021
-0.00027
-0.00027
-0.00034
-0.00037
-0.00037
-0.00034
-0.00031
-0.00031
-0.00031
-0.00034
-0.00031
-0.00031
-0.00037
-0.00037
-0.00031
-0.00024
-0.00021
-0.00015
-0.00018
-0.00021
-0.00027
-0.00031
-0.00037
-0.00024
-0.00052
-0.00015
-0.00073
0.00000
-0.00116
0.00037
-0.00140
0.00070
-0.02316
-0.05701
-0.03281
-0.03967
-0.02939
0.00623
0.03668
0.05969
0.05783
0.03616
0.01974
0.00842
-0.01218
-0.02625
-0.01819
-0.00928
-0.01410
-0.00098
0.01010
0.00916
0.00986
0.00284
-0.00388
0.00000
0.00043
-0.00287
0.00076
0.00342
-0.00073
-0.00089
0.00208
-0.00006
-0.00052
-0.00052
-0.00143
-0.00122
-0.00024
0.00143
0.00247
0.00269
0.00317
0.00168
0.00085
0.00061
0.00024
-0.00027
0.00000
-0.00052
-0.00189
-0.00134
0.00018
0.00055
0.00131
0.00275
0.00165
0.00085
0.00168
0.00143
0.00159
0.00092
0.00003
0.00018
0.00009
-0.00098
-0.00208
-0.00150
-0.00110
-0.00140
-0.00058
-0.00003
0.00018
0.00015
0.00006
0.00070
0.00064
0.00000
-0.00024
-0.00067
-0.00101
-0.00168
-0.00165
-0.00140
-0.00143
-0.00113
-0.00098
-0.00052
-0.00037
-0.00052
-0.00031
-0.00009
-0.00006
-0.00003
-0.00006
-0.00018
-0.00082
-0.00110
-0.00113
-0.00137
-0.00156
-0.00192
-0.00229
-0.00214
-0.00186
-0.00122
-0.00070
-0.00052
-0.00024
0.00027
0.00070
0.00049
0.00052
0.00064
0.00018
-0.00043
-0.00092
-0.00140
-0.00214
-0.00253
-0.00253
-0.00253
-0.00229
-0.00189
-0.00134
-0.00058
-0.00003
0.00034
0.00067
0.00055
-0.00009
-0.00076
-0.00110
-0.00134
-0.00153
-0.00150
-0.00134
-0.00125
-0.00125
-0.00110
-0.00082
-0.00076
-0.00064
-0.00046
-0.00012
0.00009
0.00024
0.00046
0.00046
0.00015
-0.00018
-0.00034
-0.00040
-0.00067
-0.00095
-0.00110
-0.00119
-0.00131
-0.00122
-0.00082
-0.00049
-0.00021
0.00009
0.00031
0.00031
0.00024
0.00009
-0.00003
-0.00024
-0.00055
-0.00064
-0.00067
-0.00070
-0.00058
-0.00043
-0.00027
-0.00006
0.00009
0.00037
0.00052
0.00061
0.00058
0.00049
0.00034
0.00000
0.00000
0.00000
0.00000
0.00000
0.00000
0.00000
0.00000
0.00000
0.00000
0.00000
0.00000
0.00000
0.00000
0.00000
0.00000
0.00000
0.00000
0.00000
0.00000
0.00000
0.00000
0.00000
0.00000
0.00000
0.00000
0.00000
0.00000
0.00000
0.00000
0.00000
0.00000
0.00000
0.00000
0.00000
0.00000
0.00000
0.00000
0.00000
0.00000
0.00000
0.00000
0.00000
0.00000
0.00000
0.00000
0.00000
0.00000
0.00000
0.00000
0.00000
0.00000
0.00000
0.00000
0.00000
0.00000
0.00000
0.00000
0.00000
0.00000
0.00000
0.00000
0.00000
0.00000
0.00000
0.00000
0.00000
0.00000
0.00000
0.00000
0.00000
0.00000
0.00000
0.00000
0.00000
0.00000
0.00000
0.00000
0.00000
0.00000
0.00000
0.00000
0.00000
0.00000
0.00000
0.00000
0.00000
0.00000
0.00000
0.00000
0.00000
0.00000
0.00000
0.00000
0.00000
0.00000
0.00000
0.00000
0.00000
0.00000
0.00000
0.00000
0.00000
0.00000
0.00000
0.00000
0.00000
0.00000
0.00000
0.00000
0.00000
0.00000
0.00000
0.00000
0.00000
0.00000
0.00000
0.00000
0.00000
0.00000
0.00000
0.00000
0.00000
0.00000
0.00000
0.00000
0.00000
0.00000
0.00000
0.00000
0.00000
0.00000
0.00000
0.00000
0.00000
0.00000
0.00000
0.00000
0.00000
0.00000
