-0.00018
-0.00021
-0.00021
-0.00018
-0.00018
-0.00018
-0.00018
-0.00021
-0.00018
-0.00018
-0.00018
-0.00024
-0.00024
-0.00021
-0.00031
-0.00024
-0.00015
-0.00024
-0.00021
-0.00009
-0.00018
-0.00018
-0.00015
-0.00018
-0.00027
-0.00021
-0.00024
-0.00027
-0.00021
-0.00018
-0.00021
-0.00021
-0.00018
-0.00024
-0.00018
-0.00018
-0.00021
-0.00012
-0.00018
-0.00021
-0.00018
-0.00024
-0.00018
-0.00015
-0.00024
-0.00024
-0.00018
-0.00021
-0.00021
-0.00021
-0.00015
-0.00018
-0.00015
-0.00012
-0.00034
-0.00015
-0.00015
-0.00037
-0.00009
-0.00006
-0.00037
-0.00024
-0.00009
-0.00018
-0.00018
-0.00015
-0.00015
-0.00018
-0.00018
-0.00009
-0.00015
-0.00018
-0.00015
-0.00024
-0.00031
-0.00012
-0.00018
-0.00027
-0.00012
-0.00012
-0.00027
-0.00024
0.00000
-0.00012
-0.00024
-0.00012
-0.00012
-0.00024
-0.00012
-0.00012
-0.00018
-0.00015
-0.00015
-0.00021
-0.00015
-0.00012
-0.00021
-0.00015
-0.00006
-0.00015
-0.00031
-0.00018
-0.00009
-0.00024
-0.00021
-0.00003
-0.00012
-0.00021
-0.00012
-0.00012
-0.00021
-0.00018
-0.00018
-0.00024
-0.00012
-0.00015
-0.00018
-0.00009
-0.00003
-0.00015
-0.00018
-0.00012
-0.00015
-0.00027
-0.00015
-0.00009
-0.00021
-0.00018
-0.00006
-0.00012
-0.00018
-0.00012
-0.00015
-0.00015
-0.00009
-0.00006
-0.00015
-0.00024
-0.00012
-0.00018
-0.00021
-0.00003
-0.00009
-0.00018
-0.00012
-0.00015
-0.00015
-0.00012
-0.00015
-0.00009
-0.00003
-0.00009
-0.00012
-0.00009
-0.00012
-0.00018
-0.00021
-0.00012
-0.00012
-0.00012
-0.00009
-0.00012
-0.00012
-0.00015
-0.00015
-0.00003
-0.00009
-0.00009
-0.00012
-0.00003
-0.00024
0.00009
-0.00043
0.00015
-0.00037
-0.00006
0.00000
-0.00049
0.00098
-0.00177
-0.01910
-0.19431
-0.15378
0.00635
0.00000
0.15320
0.28622
0.09137
-0.05408
-0.01492
-0.07025
-0.06473
-0.01443
-0.02985
0.00735
0.05502
-0.01529
-0.02148
0.05511
0.01193
-0.02206
0.04614
0.01303
-0.04587
0.00684
0.00562
-0.01962
0.01953
0.00449
-0.02847
0.00790
0.01416
-0.01453
-0.00137
0.01334
-0.00906
-0.00504
0.01910
0.01373
0.00391
0.00809
0.00443
-0.00931
-0.00970
-0.00305
-0.00494
-0.00287
0.00366
-0.00192
-0.00455
0.00317
0.00385
-0.00095
0.00641
0.01074
-0.00119
-0.00269
0.00510
-0.00055
-0.00549
-0.00073
0.00027
-0.00424
-0.00302
0.00034
-0.00052
0.00177
0.00253
-0.00009
0.00031
0.00131
-0.00137
-0.00165
0.00229
0.00174
-0.00223
-0.00201
-0.00146
-0.00415
-0.00418
-0.00098
0.00073
-0.00064
-0.00092
-0.00085
-0.00070
0.00034
0.00070
0.00058
0.00168
0.00058
-0.00156
-0.00137
-0.00027
-0.00143
-0.00156
-0.00055
-0.00217
-0.00339
-0.00259
-0.00290
-0.00256
-0.00073
0.00046
0.00089
0.00113
0.00131
0.00150
0.00186
0.00110
0.00024
0.00012
-0.00082
-0.00223
-0.00217
-0.00156
-0.00192
-0.00272
-0.00241
-0.00214
-0.00226
-0.00113
0.00067
0.00195
0.00223
0.00186
0.00067
-0.00085
-0.00226
-0.00284
-0.00211
-0.00150
-0.00146
-0.00107
-0.00055
-0.00058
-0.00064
-0.00024
0.00043
0.00055
0.00021
0.00046
0.00095
0.00079
0.00058
0.00092
0.00098
0.00024
-0.00046
-0.00061
-0.00061
-0.00092
-0.00125
-0.00113
-0.00085
-0.00082
-0.00052
0.00034
0.00092
0.00082
0.00082
0.00104
0.00095
0.00055
0.00009
-0.00018
-0.00034
-0.00061
-0.00061
-0.00034
-0.00027
-0.00018
0.00018
0.00058
0.00085
0.00116
0.00113
0.00119
0.00116
0.00079
0.00061
0.00040
-0.00021
-0.00055
-0.00052
-0.00040
-0.00037
-0.00018
-0.00003
0.00000
-0.00040
0.00000
0.00000
0.00000
0.00000
0.00000
0.00000
0.00000
0.00000
0.00000
0.00000
0.00000
0.00000
0.00000
0.00000
0.00000
0.00000
0.00000
0.00000
0.00000
0.00000
0.00000
0.00000
0.00000
0.00000
0.00000
0.00000
0.00000
0.00000
0.00000
0.00000
0.00000
0.00000
0.00000
0.00000
0.00000
0.00000
0.00000
0.00000
0.00000
0.00000
0.00000
0.00000
0.00000
0.00000
0.00000
0.00000
0.00000
0.00000
0.00000
0.00000
0.00000
0.00000
0.00000
0.00000
0.00000
0.00000
0.00000
0.00000
0.00000
0.00000
0.00000
0.00000
0.00000
0.00000
0.00000
0.00000
0.00000
0.00000
0.00000
0.00000
0.00000
0.00000
0.00000
0.00000
0.00000
0.00000
0.00000
0.00000
0.00000
0.00000
0.00000
0.00000
0.00000
0.00000
0.00000
0.00000
0.00000
0.00000
0.00000
0.00000
0.00000
0.00000
0.00000
0.00000
0.00000
0.00000
0.00000
0.00000
0.00000
0.00000
0.00000
0.00000
0.00000
0.00000
0.00000
0.00000
0.00000
0.00000
0.00000
0.00000
0.00000
0.00000
0.00000
0.00000
0.00000
0.00000
0.00000
0.00000
0.00000
0.00000
0.00000
0.00000
0.00000
0.00000
0.00000
0.00000
0.00000
0.00000
0.00000
0.00000
0.00000
0.00000
0.00000
0.00000
0.00000
0.00000
0.00000
0.00000
0.00000
0.00000
0.00000
