-0.00021
-0.00024
-0.00024
-0.00021
-0.00024
-0.00034
-0.00034
-0.00031
-0.00021
-0.00018
-0.00021
-0.00024
-0.00031
-0.00034
-0.00034
-0.00027
-0.00024
-0.00024
-0.00027
-0.00031
-0.00034
-0.00034
-0.00037
-0.00034
-0.00031
-0.00034
-0.00037
-0.00027
-0.00021
-0.00024
-0.00024
-0.00021
-0.00024
-0.00031
-0.00034
-0.00034
-0.00037
-0.00031
-0.00037
-0.00034
-0.00027
-0.00034
-0.00031
-0.00031
-0.00034
-0.00034
-0.00027
-0.00027
-0.00027
-0.00031
-0.00034
-0.00027
-0.00031
-0.00031
-0.00031
-0.00027
-0.00034
-0.00031
-0.00027
-0.00027
-0.00031
-0.00024
-0.00034
-0.00034
-0.00031
-0.00040
-0.00037
-0.00031
-0.00037
-0.00043
-0.00040
-0.00037
-0.00040
-0.00034
-0.00027
-0.00027
-0.00027
-0.00027
-0.00034
-0.00037
-0.00037
-0.00034
-0.00037
-0.00034
-0.00031
-0.00034
-0.00034
-0.00031
-0.00034
-0.00040
-0.00040
-0.00040
-0.00043
-0.00043
-0.00037
-0.00037
-0.00037
-0.00040
-0.00037
-0.00031
-0.00034
-0.00034
-0.00034
-0.00031
-0.00034
-0.00046
-0.00043
-0.00037
-0.00040
-0.00046
-0.00037
-0.00037
-0.00040
-0.00040
-0.00034
-0.00034
-0.00037
-0.00034
-0.00027
-0.00034
-0.00037
-0.00040
-0.00043
-0.00049
-0.00049
-0.00043
-0.00037
-0.00034
-0.00031
-0.00037
-0.00034
-0.00040
-0.00043
-0.00043
-0.00040
-0.00037
-0.00037
-0.00037
-0.00037
-0.00043
-0.00046
-0.00043
-0.00040
-0.00040
-0.00034
-0.00034
-0.00037
-0.00040
-0.00046
-0.00040
-0.00037
-0.00037
-0.00034
-0.00034
-0.00040
-0.00040
-0.00040
-0.00040
-0.00040
-0.00043
-0.00043
-0.00037
-0.00037
-0.00037
-0.00037
-0.00031
-0.00040
-0.00043
-0.00037
-0.00040
-0.00040
-0.00037
-0.00037
-0.00031
-0.00037
-0.00034
-0.00024
-0.00031
-0.00034
-0.00043
-0.00031
-0.00061
-0.00024
-0.00085
0.00003
-0.00128
0.00055
-0.00198
0.00037
-0.03299
-0.05878
-0.02310
-0.04404
-0.03152
0.01352
0.03622
0.05603
0.05463
0.04007
0.02847
0.00885
-0.01263
-0.02640
-0.01691
-0.01089
-0.01971
-0.00034
0.01135
0.00827
0.01053
0.00381
-0.00113
0.00177
0.00052
-0.00275
0.00070
0.00320
-0.00290
-0.00360
0.00247
0.00049
-0.00168
-0.00043
0.00000
-0.00058
0.00043
0.00320
0.00323
0.00262
0.00385
0.00137
-0.00003
-0.00070
-0.00223
-0.00262
-0.00082
0.00046
-0.00070
-0.00018
0.00168
0.00046
0.00061
0.00348
0.00302
0.00089
0.00186
0.00174
0.00015
0.00034
-0.00006
-0.00037
-0.00006
-0.00021
-0.00159
-0.00156
-0.00049
-0.00110
-0.00067
0.00000
0.00009
0.00031
0.00031
0.00073
0.00043
-0.00021
-0.00012
-0.00058
-0.00085
-0.00162
-0.00171
-0.00125
-0.00156
-0.00116
-0.00082
-0.00031
0.00006
-0.00037
0.00000
0.00000
-0.00018
-0.00021
-0.00034
-0.00018
-0.00052
-0.00064
-0.00089
-0.00131
-0.00131
-0.00159
-0.00192
-0.00198
-0.00204
-0.00137
-0.00073
-0.00024
0.00006
0.00037
0.00089
0.00095
0.00089
0.00061
0.00000
-0.00040
-0.00085
-0.00119
-0.00159
-0.00217
-0.00226
-0.00250
-0.00226
-0.00165
-0.00113
-0.00043
0.00000
0.00049
0.00076
0.00058
0.00012
-0.00040
-0.00073
-0.00116
-0.00150
-0.00134
-0.00113
-0.00107
-0.00101
-0.00079
-0.00055
-0.00046
-0.00037
-0.00015
0.00012
0.00037
0.00055
0.00067
0.00073
0.00055
0.00018
-0.00015
-0.00043
-0.00061
-0.00064
-0.00070
-0.00085
-0.00089
-0.00085
-0.00064
-0.00027
0.00006
0.00031
0.00046
0.00055
0.00055
0.00040
0.00024
0.00012
-0.00012
-0.00031
-0.00040
-0.00034
-0.00018
-0.00009
0.00003
0.00024
0.00040
0.00052
0.00073
0.00095
0.00092
0.00070
0.00049
0.00031
-0.00006
0.00000
0.00000
0.00000
0.00000
0.00000
0.00000
0.00000
0.00000
0.00000
0.00000
0.00000
0.00000
0.00000
0.00000
0.00000
0.00000
0.00000
0.00000
0.00000
0.00000
0.00000
0.00000
0.00000
0.00000
0.00000
0.00000
0.00000
0.00000
0.00000
0.00000
0.00000
0.00000
0.00000
0.00000
0.00000
0.00000
0.00000
0.00000
0.00000
0.00000
0.00000
0.00000
0.00000
0.00000
0.00000
0.00000
0.00000
0.00000
0.00000
0.00000
0.00000
0.00000
0.00000
0.00000
0.00000
0.00000
0.00000
0.00000
0.00000
0.00000
0.00000
0.00000
0.00000
0.00000
0.00000
0.00000
0.00000
0.00000
0.00000
0.00000
0.00000
0.00000
0.00000
0.00000
0.00000
0.00000
0.00000
0.00000
0.00000
0.00000
0.00000
0.00000
0.00000
0.00000
0.00000
0.00000
0.00000
0.00000
0.00000
0.00000
0.00000
0.00000
0.00000
0.00000
0.00000
0.00000
0.00000
0.00000
0.00000
0.00000
0.00000
0.00000
0.00000
0.00000
0.00000
0.00000
0.00000
0.00000
0.00000
0.00000
0.00000
0.00000
0.00000
0.00000
0.00000
0.00000
0.00000
0.00000
0.00000
0.00000
0.00000
0.00000
0.00000
0.00000
0.00000
0.00000
0.00000
0.00000
0.00000
0.00000
0.00000
0.00000
0.00000
0.00000
0.00000
0.00000
0.00000
0.00000
0.00000
