-0.00006
-0.00015
-0.00012
-0.00015
-0.00021
-0.00018
-0.00012
-0.00015
-0.00021
-0.00018
-0.00018
-0.00018
-0.00015
-0.00015
-0.00015
-0.00012
-0.00015
-0.00015
-0.00012
-0.00015
-0.00015
-0.00012
-0.00018
-0.00024
-0.00024
-0.00024
-0.00021
-0.00015
-0.00012
-0.00012
-0.00015
-0.00015
-0.00018
-0.00018
-0.00018
-0.00024
-0.00021
-0.00018
-0.00021
-0.00024
-0.00021
-0.00021
-0.00012
-0.00012
-0.00018
-0.00015
-0.00021
-0.00024
-0.00018
-0.00018
-0.00018
-0.00018
-0.00018
-0.00012
-0.00021
-0.00021
-0.00027
-0.00031
-0.00015
-0.00021
-0.00018
-0.00012
-0.00015
-0.00015
-0.00024
-0.00021
-0.00015
-0.00021
-0.00018
-0.00015
-0.00015
-0.00021
-0.00021
-0.00024
-0.00024
-0.00018
-0.00021
-0.00024
-0.00018
-0.00021
-0.00027
-0.00024
-0.00015
-0.00015
-0.00015
-0.00009
-0.00012
-0.00018
-0.00015
-0.00018
-0.00021
-0.00018
-0.00024
-0.00024
-0.00021
-0.00024
-0.00027
-0.00024
-0.00021
-0.00027
-0.00024
-0.00015
-0.00015
-0.00024
-0.00018
-0.00015
-0.00021
-0.00021
-0.00021
-0.00024
-0.00024
-0.00027
-0.00027
-0.00021
-0.00018
-0.00018
-0.00018
-0.00015
-0.00018
-0.00021
-0.00015
-0.00018
-0.00024
-0.00031
-0.00027
-0.00021
-0.00024
-0.00021
-0.00018
-0.00018
-0.00021
-0.00021
-0.00021
-0.00024
-0.00021
-0.00021
-0.00024
-0.00018
-0.00015
-0.00027
-0.00027
-0.00018
-0.00024
-0.00024
-0.00024
-0.00024
-0.00024
-0.00024
-0.00021
-0.00018
-0.00015
-0.00018
-0.00018
-0.00018
-0.00018
-0.00018
-0.00027
-0.00024
-0.00021
-0.00021
-0.00024
-0.00024
-0.00021
-0.00031
-0.00031
-0.00021
-0.00018
-0.00024
-0.00018
-0.00015
-0.00018
-0.00031
-0.00021
-0.00034
-0.00012
-0.00043
0.00003
-0.00049
0.00003
-0.00049
-0.00009
-0.00015
-0.00055
-0.01593
-0.09134
-0.03973
-0.00049
-0.03644
0.00577
0.03491
0.04037
0.01178
0.00000
0.04932
0.05621
0.02277
-0.00952
-0.00684
0.01004
-0.02625
-0.03485
-0.00250
0.01013
0.00677
0.00238
0.00247
0.00671
0.00232
-0.00128
0.00461
0.00980
0.00433
-0.00851
-0.00381
0.00473
0.00095
-0.00409
-0.00195
0.00000
-0.00381
-0.00049
0.00583
0.00461
0.00348
0.00351
0.00146
0.00018
0.00006
-0.00015
-0.00061
-0.00073
-0.00229
-0.00363
-0.00201
-0.00070
-0.00159
0.00058
0.00302
0.00189
0.00131
0.00403
0.00607
0.00339
-0.00049
-0.00067
-0.00119
-0.00269
-0.00211
-0.00131
-0.00052
-0.00076
-0.00146
-0.00076
-0.00018
0.00003
-0.00064
0.00067
0.00159
-0.00049
-0.00049
0.00021
-0.00024
-0.00143
-0.00223
-0.00122
-0.00174
-0.00247
-0.00229
-0.00137
-0.00003
-0.00037
-0.00018
0.00061
0.00018
0.00003
-0.00034
0.00000
-0.00049
-0.00128
-0.00089
-0.00128
-0.00177
-0.00204
-0.00232
-0.00189
-0.00208
-0.00153
-0.00092
-0.00089
-0.00034
0.00027
0.00089
0.00079
0.00064
0.00095
0.00043
-0.00015
-0.00046
-0.00064
-0.00107
-0.00201
-0.00217
-0.00238
-0.00269
-0.00220
-0.00153
-0.00070
-0.00040
-0.00040
0.00006
0.00015
0.00000
-0.00009
-0.00006
-0.00031
-0.00107
-0.00137
-0.00137
-0.00137
-0.00153
-0.00140
-0.00061
-0.00040
-0.00055
-0.00043
-0.00006
0.00024
0.00040
0.00085
0.00119
0.00089
0.00037
0.00003
-0.00015
-0.00052
-0.00104
-0.00122
-0.00110
-0.00110
-0.00116
-0.00082
-0.00027
-0.00009
0.00000
0.00031
0.00064
0.00070
0.00046
0.00037
0.00037
0.00006
-0.00021
-0.00031
-0.00043
-0.00064
-0.00067
-0.00031
0.00009
0.00024
0.00024
0.00049
0.00067
0.00073
0.00079
0.00079
0.00073
0.00037
0.00009
0.00000
0.00000
0.00000
0.00000
0.00000
0.00000
0.00000
0.00000
0.00000
0.00000
0.00000
0.00000
0.00000
0.00000
0.00000
0.00000
0.00000
0.00000
0.00000
0.00000
0.00000
0.00000
0.00000
0.00000
0.00000
0.00000
0.00000
0.00000
0.00000
0.00000
0.00000
0.00000
0.00000
0.00000
0.00000
0.00000
0.00000
0.00000
0.00000
0.00000
0.00000
0.00000
0.00000
0.00000
0.00000
0.00000
0.00000
0.00000
0.00000
0.00000
0.00000
0.00000
0.00000
0.00000
0.00000
0.00000
0.00000
0.00000
0.00000
0.00000
0.00000
0.00000
0.00000
0.00000
0.00000
0.00000
0.00000
0.00000
0.00000
0.00000
0.00000
0.00000
0.00000
0.00000
0.00000
0.00000
0.00000
0.00000
0.00000
0.00000
0.00000
0.00000
0.00000
0.00000
0.00000
0.00000
0.00000
0.00000
0.00000
0.00000
0.00000
0.00000
0.00000
0.00000
0.00000
0.00000
0.00000
0.00000
0.00000
0.00000
0.00000
0.00000
0.00000
0.00000
0.00000
0.00000
0.00000
0.00000
0.00000
0.00000
0.00000
0.00000
0.00000
0.00000
0.00000
0.00000
0.00000
0.00000
0.00000
0.00000
0.00000
0.00000
0.00000
0.00000
0.00000
0.00000
0.00000
0.00000
0.00000
0.00000
0.00000
0.00000
0.00000
0.00000
0.00000
0.00000
0.00000
0.00000
0.00000
0.00000
0.00000
0.00000
0.00000
0.00000
