0.00006
0.00024
0.00018
0.00009
0.00018
0.00015
0.00003
0.00012
0.00015
0.00012
0.00006
0.00018
0.00009
0.00009
0.00015
0.00009
0.00012
0.00027
0.00021
0.00006
0.00018
0.00009
-0.00003
0.00006
0.00018
0.00015
0.00006
0.00012
0.00012
0.00006
0.00000
0.00003
0.00015
0.00021
0.00009
0.00012
0.00018
0.00003
-0.00006
0.00000
0.00003
0.00006
0.00012
0.00021
0.00015
0.00003
0.00000
-0.00003
0.00000
0.00006
0.00000
0.00018
0.00006
-0.00015
0.00021
0.00003
0.00000
0.00012
-0.00009
-0.00021
-0.00003
0.00006
0.00003
0.00018
0.00018
0.00009
0.00000
0.00000
0.00003
-0.00003
0.00006
0.00006
0.00000
-0.00003
0.00006
-0.00006
-0.00009
0.00000
-0.00006
-0.00003
0.00003
0.00006
-0.00009
-0.00012
-0.00003
-0.00012
-0.00006
0.00000
-0.00009
-0.00006
0.00000
-0.00006
-0.00006
0.00000
-0.00006
-0.00018
-0.00009
-0.00003
-0.00012
-0.00018
0.00000
0.00003
-0.00009
0.00000
0.00000
-0.00009
-0.00018
-0.00012
-0.00018
-0.00018
-0.00012
-0.00018
-0.00012
-0.00003
-0.00009
-0.00012
0.00000
-0.00006
-0.00021
-0.00012
-0.00009
-0.00015
-0.00018
-0.00006
-0.00012
-0.00009
-0.00003
-0.00015
-0.00015
-0.00012
-0.00018
-0.00021
-0.00012
-0.00015
-0.00015
-0.00015
-0.00024
-0.00018
-0.00024
-0.00015
-0.00012
-0.00012
-0.00012
-0.00015
-0.00018
-0.00021
-0.00021
-0.00024
-0.00009
-0.00006
-0.00012
-0.00012
-0.00015
-0.00021
-0.00027
-0.00021
-0.00024
-0.00018
-0.00015
-0.00027
-0.00015
-0.00015
-0.00031
-0.00021
-0.00006
-0.00021
-0.00024
-0.00031
-0.00009
-0.00034
0.00031
-0.00092
0.00089
-0.00156
0.00146
-0.00247
0.00253
-0.00369
0.00427
-0.07431
-0.24121
-0.04047
0.01566
0.02734
0.22247
0.19083
0.00537
-0.04633
-0.01001
-0.08008
-0.00720
-0.00983
-0.02011
0.04178
0.02457
-0.04578
-0.00043
0.05441
-0.02573
0.00122
0.05045
-0.02594
-0.01785
0.02957
-0.00159
0.00067
0.01837
-0.02411
-0.02667
0.01605
-0.00418
-0.01547
0.01169
0.00854
-0.01089
0.00739
0.01913
0.00757
0.00568
0.00720
-0.00174
-0.01114
-0.00629
-0.00433
-0.00452
0.00082
0.00238
-0.00446
-0.00171
0.00330
0.00116
-0.00046
0.00928
0.00656
-0.00415
0.00082
0.00348
-0.00320
-0.00391
-0.00003
-0.00162
-0.00519
-0.00204
-0.00104
-0.00107
0.00235
0.00101
-0.00034
0.00089
0.00037
-0.00211
-0.00018
0.00317
-0.00104
-0.00351
-0.00189
-0.00284
-0.00458
-0.00293
-0.00079
-0.00067
-0.00192
-0.00128
-0.00107
0.00009
0.00012
-0.00012
0.00058
0.00079
-0.00089
-0.00156
-0.00079
-0.00122
-0.00244
-0.00134
-0.00113
-0.00284
-0.00330
-0.00293
-0.00305
-0.00253
-0.00134
-0.00031
0.00024
0.00012
0.00067
0.00146
0.00168
0.00064
0.00037
-0.00021
-0.00177
-0.00269
-0.00229
-0.00198
-0.00266
-0.00299
-0.00229
-0.00247
-0.00250
-0.00104
0.00064
0.00140
0.00128
0.00098
-0.00015
-0.00150
-0.00262
-0.00278
-0.00189
-0.00171
-0.00180
-0.00156
-0.00122
-0.00113
-0.00089
-0.00012
0.00040
-0.00012
-0.00052
-0.00006
0.00049
0.00058
0.00064
0.00089
0.00043
-0.00046
-0.00098
-0.00079
-0.00079
-0.00134
-0.00150
-0.00122
-0.00098
-0.00110
-0.00073
0.00006
0.00031
0.00034
0.00061
0.00079
0.00043
0.00000
-0.00021
-0.00037
-0.00064
-0.00095
-0.00076
-0.00067
-0.00076
-0.00052
0.00012
0.00049
0.00064
0.00070
0.00064
0.00101
0.00070
0.00049
0.00040
-0.00015
-0.00082
-0.00076
-0.00040
-0.00049
-0.00064
-0.00073
-0.00055
-0.00058
-0.00040
-0.00064
0.00000
0.00000
0.00000
0.00000
0.00000
0.00000
0.00000
0.00000
0.00000
0.00000
0.00000
0.00000
0.00000
0.00000
0.00000
0.00000
0.00000
0.00000
0.00000
0.00000
0.00000
0.00000
0.00000
0.00000
0.00000
0.00000
0.00000
0.00000
0.00000
0.00000
0.00000
0.00000
0.00000
0.00000
0.00000
0.00000
0.00000
0.00000
0.00000
0.00000
0.00000
0.00000
0.00000
0.00000
0.00000
0.00000
0.00000
0.00000
0.00000
0.00000
0.00000
0.00000
0.00000
0.00000
0.00000
0.00000
0.00000
0.00000
0.00000
0.00000
0.00000
0.00000
0.00000
0.00000
0.00000
0.00000
0.00000
0.00000
0.00000
0.00000
0.00000
0.00000
0.00000
0.00000
0.00000
0.00000
0.00000
0.00000
0.00000
0.00000
0.00000
0.00000
0.00000
0.00000
0.00000
0.00000
0.00000
0.00000
0.00000
0.00000
0.00000
0.00000
0.00000
0.00000
0.00000
0.00000
0.00000
0.00000
0.00000
0.00000
0.00000
0.00000
0.00000
0.00000
0.00000
0.00000
0.00000
0.00000
0.00000
0.00000
0.00000
0.00000
0.00000
0.00000
0.00000
0.00000
0.00000
0.00000
0.00000
0.00000
0.00000
0.00000
0.00000
0.00000
0.00000
0.00000
0.00000
0.00000
0.00000
0.00000
0.00000
0.00000
0.00000
0.00000
0.00000
0.00000
0.00000
0.00000
0.00000
0.00000
0.00000
