-0.00037
-0.00043
-0.00031
-0.00031
-0.00024
-0.00018
-0.00021
-0.00024
-0.00034
-0.00040
-0.00037
-0.00027
-0.00031
-0.00024
-0.00018
-0.00027
-0.00034
-0.00031
-0.00034
-0.00037
-0.00031
-0.00031
-0.00031
-0.00031
-0.00034
-0.00034
-0.00027
-0.00021
-0.00024
-0.00031
-0.00031
-0.00027
-0.00034
-0.00034
-0.00031
-0.00037
-0.00046
-0.00037
-0.00037
-0.00031
-0.00018
-0.00021
-0.00024
-0.00024
-0.00034
-0.00046
-0.00040
-0.00031
-0.00034
-0.00021
-0.00021
-0.00027
-0.00040
-0.00040
-0.00040
-0.00037
-0.00024
-0.00024
-0.00021
-0.00012
-0.00015
-0.00027
-0.00031
-0.00031
-0.00037
-0.00037
-0.00037
-0.00034
-0.00034
-0.00037
-0.00037
-0.00031
-0.00031
-0.00021
-0.00021
-0.00027
-0.00027
-0.00027
-0.00034
-0.00037
-0.00034
-0.00031
-0.00031
-0.00024
-0.00021
-0.00024
-0.00021
-0.00024
-0.00031
-0.00027
-0.00024
-0.00024
-0.00024
-0.00021
-0.00021
-0.00027
-0.00027
-0.00027
-0.00031
-0.00034
-0.00031
-0.00031
-0.00031
-0.00024
-0.00018
-0.00015
-0.00018
-0.00018
-0.00012
-0.00018
-0.00027
-0.00027
-0.00027
-0.00021
-0.00024
-0.00021
-0.00021
-0.00027
-0.00034
-0.00031
-0.00027
-0.00031
-0.00027
-0.00018
-0.00015
-0.00018
-0.00015
-0.00024
-0.00027
-0.00027
-0.00027
-0.00027
-0.00024
-0.00018
-0.00018
-0.00021
-0.00021
-0.00021
-0.00024
-0.00024
-0.00021
-0.00021
-0.00024
-0.00021
-0.00027
-0.00031
-0.00031
-0.00031
-0.00024
-0.00021
-0.00018
-0.00015
-0.00018
-0.00015
-0.00018
-0.00027
-0.00027
-0.00027
-0.00034
-0.00034
-0.00024
-0.00021
-0.00018
-0.00015
-0.00021
-0.00024
-0.00021
-0.00031
-0.00027
-0.00015
-0.00024
-0.00027
-0.00021
-0.00021
-0.00024
-0.00021
-0.00024
-0.00031
-0.00021
-0.00027
-0.00021
-0.00012
-0.00024
-0.00021
-0.00021
-0.00021
-0.00031
-0.00031
-0.00031
-0.00012
-0.00021
-0.00015
-0.00037
-0.00009
-0.00037
-0.00012
-0.00037
-0.00027
-0.00699
-0.02759
-0.02249
-0.01401
-0.01178
-0.00089
0.01526
0.02301
0.02261
0.01703
0.00443
0.00000
-0.00668
-0.01312
-0.01321
-0.00662
-0.00174
-0.00009
0.00275
0.00357
0.00076
-0.00198
-0.00363
0.00061
0.00766
0.00876
0.00549
0.00623
0.00568
0.00180
-0.00098
-0.00113
-0.00085
-0.00064
0.00082
0.00076
0.00049
0.00122
0.00122
0.00107
0.00275
0.00250
0.00095
0.00140
0.00146
0.00055
0.00006
0.00046
-0.00031
-0.00055
-0.00015
0.00009
0.00037
0.00055
0.00183
0.00198
0.00165
0.00192
0.00143
0.00082
0.00034
0.00024
-0.00024
-0.00046
-0.00049
-0.00070
-0.00027
0.00037
0.00064
0.00064
0.00076
0.00061
0.00037
0.00049
0.00058
0.00052
0.00015
-0.00031
-0.00046
-0.00040
-0.00067
-0.00085
-0.00082
-0.00076
-0.00092
-0.00076
-0.00046
-0.00018
-0.00015
-0.00003
0.00015
0.00003
-0.00012
0.00000
-0.00003
-0.00040
-0.00082
-0.00095
-0.00098
-0.00122
-0.00134
-0.00116
-0.00098
-0.00092
-0.00073
-0.00061
-0.00052
-0.00031
0.00027
0.00067
0.00043
0.00000
-0.00037
-0.00055
-0.00076
-0.00092
-0.00119
-0.00153
-0.00156
-0.00140
-0.00104
-0.00073
-0.00055
-0.00018
0.00012
0.00018
0.00009
-0.00009
-0.00049
-0.00085
-0.00089
-0.00067
-0.00070
-0.00092
-0.00089
-0.00070
-0.00070
-0.00070
-0.00043
-0.00027
-0.00046
-0.00040
-0.00021
-0.00015
-0.00021
-0.00009
0.00012
0.00018
-0.00003
-0.00034
-0.00037
-0.00037
-0.00055
-0.00058
-0.00052
-0.00043
-0.00040
-0.00018
0.00006
0.00015
0.00021
0.00015
0.00015
0.00015
0.00009
0.00006
0.00006
-0.00003
-0.00018
-0.00021
-0.00018
-0.00015
-0.00006
-0.00012
-0.00012
0.00006
0.00034
0.00043
0.00034
0.00037
0.00027
-0.00034
0.00000
0.00000
0.00000
0.00000
0.00000
0.00000
0.00000
0.00000
0.00000
0.00000
0.00000
0.00000
0.00000
0.00000
0.00000
0.00000
0.00000
0.00000
0.00000
0.00000
0.00000
0.00000
0.00000
0.00000
0.00000
0.00000
0.00000
0.00000
0.00000
0.00000
0.00000
0.00000
0.00000
0.00000
0.00000
0.00000
0.00000
0.00000
0.00000
0.00000
0.00000
0.00000
0.00000
0.00000
0.00000
0.00000
0.00000
0.00000
0.00000
0.00000
0.00000
0.00000
0.00000
0.00000
0.00000
0.00000
0.00000
0.00000
0.00000
0.00000
0.00000
0.00000
0.00000
0.00000
0.00000
0.00000
0.00000
0.00000
0.00000
0.00000
0.00000
0.00000
0.00000
0.00000
0.00000
0.00000
0.00000
0.00000
0.00000
0.00000
0.00000
0.00000
0.00000
0.00000
0.00000
0.00000
0.00000
0.00000
0.00000
0.00000
0.00000
0.00000
0.00000
0.00000
0.00000
0.00000
0.00000
0.00000
0.00000
0.00000
0.00000
0.00000
0.00000
0.00000
0.00000
0.00000
0.00000
0.00000
0.00000
0.00000
0.00000
0.00000
0.00000
0.00000
0.00000
0.00000
0.00000
0.00000
0.00000
0.00000
0.00000
0.00000
0.00000
0.00000
0.00000
0.00000
0.00000
0.00000
0.00000
0.00000
0.00000
0.00000
