-0.00021
-0.00021
-0.00021
-0.00018
-0.00015
-0.00018
-0.00015
-0.00015
-0.00018
-0.00021
-0.00024
-0.00027
-0.00024
-0.00021
-0.00024
-0.00018
-0.00018
-0.00021
-0.00024
-0.00024
-0.00024
-0.00024
-0.00021
-0.00018
-0.00021
-0.00021
-0.00024
-0.00024
-0.00024
-0.00021
-0.00021
-0.00027
-0.00031
-0.00027
-0.00031
-0.00031
-0.00027
-0.00021
-0.00021
-0.00027
-0.00031
-0.00031
-0.00027
-0.00031
-0.00034
-0.00024
-0.00021
-0.00031
-0.00027
-0.00027
-0.00034
-0.00034
-0.00027
-0.00024
-0.00031
-0.00034
-0.00037
-0.00034
-0.00034
-0.00031
-0.00024
-0.00021
-0.00024
-0.00031
-0.00031
-0.00031
-0.00034
-0.00037
-0.00034
-0.00031
-0.00031
-0.00027
-0.00024
-0.00027
-0.00031
-0.00031
-0.00031
-0.00037
-0.00043
-0.00037
-0.00034
-0.00037
-0.00034
-0.00034
-0.00034
-0.00031
-0.00037
-0.00037
-0.00034
-0.00034
-0.00034
-0.00037
-0.00034
-0.00034
-0.00034
-0.00034
-0.00034
-0.00040
-0.00043
-0.00043
-0.00046
-0.00040
-0.00034
-0.00034
-0.00037
-0.00037
-0.00040
-0.00046
-0.00043
-0.00040
-0.00037
-0.00037
-0.00034
-0.00034
-0.00040
-0.00046
-0.00046
-0.00043
-0.00043
-0.00043
-0.00040
-0.00034
-0.00034
-0.00034
-0.00034
-0.00040
-0.00046
-0.00052
-0.00049
-0.00040
-0.00037
-0.00040
-0.00031
-0.00034
-0.00043
-0.00040
-0.00043
-0.00046
-0.00046
-0.00043
-0.00037
-0.00034
-0.00037
-0.00037
-0.00043
-0.00049
-0.00049
-0.00049
-0.00043
-0.00040
-0.00040
-0.00037
-0.00037
-0.00037
-0.00037
-0.00034
-0.00034
-0.00040
-0.00043
-0.00043
-0.00046
-0.00040
-0.00037
-0.00040
-0.00037
-0.00037
-0.00040
-0.00040
-0.00040
-0.00040
-0.00040
-0.00040
-0.00037
-0.00037
-0.00034
-0.00040
-0.00031
-0.00040
-0.00031
-0.00027
-0.00043
-0.00034
-0.00043
-0.00037
-0.00037
-0.00040
-0.00037
-0.00027
-0.00031
-0.00034
-0.00037
-0.00040
-0.00040
-0.00043
-0.00040
-0.00037
-0.00034
-0.00046
-0.00046
-0.00037
-0.00034
-0.00229
-0.01395
-0.01620
-0.01129
-0.00946
-0.00378
0.00317
0.00659
0.00735
0.00708
-0.00461
-0.00961
-0.00479
-0.01038
-0.00870
0.00732
0.01285
0.01007
0.00562
0.00208
0.00403
0.00656
0.00095
-0.00162
0.00363
0.00269
-0.00208
-0.00052
0.00140
0.00034
0.00183
0.00214
0.00128
0.00235
0.00119
-0.00058
0.00125
0.00183
-0.00082
-0.00104
0.00116
0.00183
0.00177
0.00174
0.00107
0.00052
0.00043
-0.00006
-0.00052
0.00009
0.00021
0.00034
0.00070
0.00067
0.00046
0.00055
0.00049
0.00058
0.00076
0.00052
0.00012
0.00003
0.00027
0.00067
0.00052
-0.00009
0.00009
0.00064
0.00064
0.00037
0.00009
-0.00037
-0.00085
-0.00064
-0.00037
-0.00027
-0.00009
-0.00015
-0.00037
-0.00058
-0.00073
-0.00085
-0.00085
-0.00061
-0.00052
-0.00043
-0.00055
-0.00079
-0.00070
-0.00046
-0.00052
-0.00073
-0.00073
-0.00061
-0.00070
-0.00079
-0.00058
-0.00055
-0.00073
-0.00101
-0.00119
-0.00116
-0.00116
-0.00104
-0.00085
-0.00079
-0.00082
-0.00089
-0.00058
-0.00046
-0.00058
-0.00067
-0.00070
-0.00070
-0.00079
-0.00076
-0.00070
-0.00076
-0.00064
-0.00052
-0.00055
-0.00058
-0.00067
-0.00089
-0.00110
-0.00104
-0.00076
-0.00073
-0.00095
-0.00104
-0.00092
-0.00082
-0.00076
-0.00055
-0.00037
-0.00058
-0.00079
-0.00085
-0.00076
-0.00079
-0.00079
-0.00067
-0.00067
-0.00061
-0.00046
-0.00024
-0.00027
-0.00040
-0.00037
-0.00034
-0.00024
-0.00018
-0.00015
-0.00015
-0.00027
-0.00027
-0.00021
-0.00021
-0.00021
-0.00027
-0.00027
-0.00024
-0.00031
-0.00037
-0.00027
-0.00009
-0.00009
-0.00006
-0.00003
-0.00006
-0.00006
0.00000
0.00003
-0.00006
-0.00006
0.00000
0.00000
-0.00012
-0.00024
0.00000
0.00000
0.00000
0.00000
0.00000
0.00000
0.00000
0.00000
0.00000
0.00000
0.00000
0.00000
0.00000
0.00000
0.00000
0.00000
0.00000
0.00000
0.00000
0.00000
0.00000
0.00000
0.00000
0.00000
0.00000
0.00000
0.00000
0.00000
0.00000
0.00000
0.00000
0.00000
0.00000
0.00000
0.00000
0.00000
0.00000
0.00000
0.00000
0.00000
0.00000
0.00000
0.00000
0.00000
0.00000
0.00000
0.00000
0.00000
0.00000
0.00000
0.00000
0.00000
0.00000
0.00000
0.00000
0.00000
0.00000
0.00000
0.00000
0.00000
0.00000
0.00000
0.00000
0.00000
0.00000
0.00000
0.00000
0.00000
0.00000
0.00000
0.00000
0.00000
0.00000
0.00000
0.00000
0.00000
0.00000
0.00000
0.00000
0.00000
0.00000
0.00000
0.00000
0.00000
0.00000
0.00000
0.00000
0.00000
0.00000
0.00000
0.00000
0.00000
0.00000
0.00000
0.00000
0.00000
0.00000
0.00000
0.00000
0.00000
0.00000
0.00000
0.00000
0.00000
0.00000
0.00000
0.00000
0.00000
0.00000
0.00000
0.00000
0.00000
0.00000
0.00000
0.00000
0.00000
0.00000
0.00000
0.00000
0.00000
0.00000
0.00000
0.00000
0.00000
0.00000
0.00000
0.00000
0.00000
0.00000
0.00000
0.00000
0.00000
