0.00000
0.00000
0.00000
0.00009
0.00009
0.00012
0.00012
0.00009
0.00006
0.00000
-0.00003
0.00000
0.00003
0.00000
-0.00003
0.00000
0.00000
-0.00003
0.00000
0.00003
0.00006
0.00009
0.00006
0.00006
0.00006
0.00006
0.00003
0.00003
0.00006
0.00000
-0.00003
0.00006
0.00000
0.00000
0.00003
0.00006
0.00006
0.00003
0.00006
0.00000
-0.00003
0.00000
-0.00003
-0.00006
0.00000
0.00003
0.00006
0.00012
0.00009
0.00003
0.00003
0.00003
0.00000
0.00000
0.00003
0.00000
0.00003
0.00012
0.00003
-0.00003
0.00000
0.00000
0.00006
0.00012
0.00018
0.00009
0.00000
0.00003
-0.00021
-0.00012
0.00000
-0.00003
0.00006
0.00009
0.00018
0.00006
0.00000
0.00000
0.00003
0.00000
0.00000
0.00003
0.00003
0.00000
0.00000
0.00000
0.00006
0.00012
0.00006
0.00009
0.00009
0.00000
0.00000
0.00000
0.00006
0.00003
-0.00003
0.00000
0.00000
-0.00003
-0.00003
0.00000
0.00000
-0.00003
0.00003
0.00009
0.00006
0.00003
-0.00009
-0.00015
-0.00012
-0.00003
0.00000
0.00018
0.00012
0.00000
0.00003
0.00003
0.00000
-0.00003
-0.00003
0.00000
0.00006
0.00000
-0.00006
-0.00006
-0.00006
-0.00012
-0.00012
-0.00006
-0.00006
0.00000
0.00003
0.00003
0.00003
-0.00003
-0.00009
-0.00003
0.00000
-0.00003
-0.00006
-0.00006
-0.00006
-0.00006
-0.00003
-0.00006
-0.00012
-0.00003
-0.00003
-0.00009
0.00000
0.00000
-0.00006
-0.00012
-0.00009
-0.00006
-0.00009
-0.00012
-0.00015
-0.00012
-0.00009
-0.00009
-0.00003
-0.00006
-0.00006
-0.00006
-0.00012
-0.00015
-0.00009
-0.00012
-0.00018
-0.00015
-0.00015
-0.00009
-0.00006
-0.00018
-0.00012
-0.00012
-0.00018
-0.00015
-0.00012
0.00000
-0.00012
0.00009
-0.00031
0.00000
-0.00061
-0.00012
-0.00070
-0.00003
0.00040
-0.00070
-0.01678
-0.08426
-0.02615
-0.04495
-0.04117
0.08276
0.09341
0.07401
0.00342
-0.00961
-0.00839
-0.01569
-0.02682
-0.02728
0.00977
0.01425
-0.00861
0.00720
0.01788
-0.00574
-0.00443
0.00632
0.00055
0.00388
0.00076
-0.00546
0.00247
0.00555
-0.00485
-0.00879
0.00247
0.00012
-0.00281
0.00131
0.00400
0.00064
0.00085
0.00586
0.00507
0.00388
0.00504
0.00247
-0.00217
-0.00241
-0.00342
-0.00293
-0.00024
0.00125
-0.00070
0.00027
0.00180
0.00125
0.00101
0.00473
0.00363
-0.00006
0.00076
0.00104
0.00043
0.00009
-0.00031
0.00082
-0.00116
-0.00232
-0.00119
-0.00052
0.00009
-0.00089
0.00024
0.00052
0.00037
0.00043
-0.00082
0.00140
0.00119
-0.00076
-0.00031
-0.00101
-0.00223
-0.00211
-0.00110
-0.00018
-0.00128
-0.00061
-0.00085
-0.00043
0.00034
-0.00061
-0.00006
0.00034
-0.00040
-0.00076
-0.00107
-0.00079
-0.00153
-0.00119
-0.00067
-0.00125
-0.00134
-0.00186
-0.00208
-0.00162
-0.00131
-0.00061
-0.00037
-0.00049
-0.00015
0.00003
0.00046
-0.00009
-0.00037
-0.00040
-0.00085
-0.00082
-0.00104
-0.00150
-0.00214
-0.00269
-0.00229
-0.00226
-0.00204
-0.00116
-0.00018
0.00052
0.00024
0.00000
-0.00031
-0.00092
-0.00128
-0.00153
-0.00134
-0.00159
-0.00183
-0.00140
-0.00110
-0.00095
-0.00098
-0.00070
-0.00024
-0.00046
-0.00070
-0.00058
-0.00031
-0.00024
-0.00018
0.00021
0.00003
-0.00070
-0.00098
-0.00076
-0.00043
-0.00070
-0.00125
-0.00146
-0.00137
-0.00128
-0.00101
-0.00037
-0.00003
-0.00015
-0.00009
0.00006
0.00000
-0.00031
-0.00055
-0.00058
-0.00061
-0.00070
-0.00058
-0.00055
-0.00058
-0.00055
-0.00034
-0.00009
-0.00009
-0.00003
0.00012
0.00034
0.00009
-0.00012
-0.00009
0.00000
0.00000
0.00000
0.00000
0.00000
0.00000
0.00000
0.00000
0.00000
0.00000
0.00000
0.00000
0.00000
0.00000
0.00000
0.00000
0.00000
0.00000
0.00000
0.00000
0.00000
0.00000
0.00000
0.00000
0.00000
0.00000
0.00000
0.00000
0.00000
0.00000
0.00000
0.00000
0.00000
0.00000
0.00000
0.00000
0.00000
0.00000
0.00000
0.00000
0.00000
0.00000
0.00000
0.00000
0.00000
0.00000
0.00000
0.00000
0.00000
0.00000
0.00000
0.00000
0.00000
0.00000
0.00000
0.00000
0.00000
0.00000
0.00000
0.00000
0.00000
0.00000
0.00000
0.00000
0.00000
0.00000
0.00000
0.00000
0.00000
0.00000
0.00000
0.00000
0.00000
0.00000
0.00000
0.00000
0.00000
0.00000
0.00000
0.00000
0.00000
0.00000
0.00000
0.00000
0.00000
0.00000
0.00000
0.00000
0.00000
0.00000
0.00000
0.00000
0.00000
0.00000
0.00000
0.00000
0.00000
0.00000
0.00000
0.00000
0.00000
0.00000
0.00000
0.00000
0.00000
0.00000
0.00000
0.00000
0.00000
0.00000
0.00000
0.00000
0.00000
0.00000
0.00000
0.00000
0.00000
0.00000
0.00000
0.00000
0.00000
0.00000
0.00000
0.00000
0.00000
0.00000
0.00000
0.00000
0.00000
0.00000
0.00000
0.00000
0.00000
0.00000
0.00000
0.00000
0.00000
0.00000
0.00000
