-0.00021
-0.00024
-0.00018
-0.00018
-0.00024
-0.00024
-0.00027
-0.00024
-0.00018
-0.00024
-0.00021
-0.00021
-0.00027
-0.00031
-0.00027
-0.00024
-0.00024
-0.00024
-0.00027
-0.00027
-0.00027
-0.00027
-0.00027
-0.00021
-0.00024
-0.00031
-0.00027
-0.00027
-0.00031
-0.00031
-0.00027
-0.00031
-0.00034
-0.00031
-0.00034
-0.00034
-0.00027
-0.00027
-0.00027
-0.00027
-0.00027
-0.00034
-0.00034
-0.00037
-0.00040
-0.00034
-0.00034
-0.00031
-0.00024
-0.00024
-0.00034
-0.00034
-0.00027
-0.00031
-0.00034
-0.00034
-0.00037
-0.00040
-0.00040
-0.00037
-0.00040
-0.00040
-0.00034
-0.00034
-0.00034
-0.00034
-0.00040
-0.00040
-0.00037
-0.00031
-0.00031
-0.00031
-0.00034
-0.00040
-0.00043
-0.00040
-0.00040
-0.00040
-0.00034
-0.00031
-0.00034
-0.00037
-0.00037
-0.00037
-0.00040
-0.00040
-0.00037
-0.00034
-0.00037
-0.00037
-0.00037
-0.00037
-0.00037
-0.00040
-0.00034
-0.00031
-0.00037
-0.00040
-0.00040
-0.00043
-0.00043
-0.00037
-0.00031
-0.00031
-0.00031
-0.00034
-0.00040
-0.00043
-0.00040
-0.00037
-0.00040
-0.00037
-0.00034
-0.00040
-0.00046
-0.00040
-0.00034
-0.00034
-0.00040
-0.00037
-0.00037
-0.00040
-0.00037
-0.00034
-0.00034
-0.00034
-0.00040
-0.00040
-0.00037
-0.00040
-0.00040
-0.00040
-0.00040
-0.00037
-0.00034
-0.00037
-0.00040
-0.00037
-0.00037
-0.00037
-0.00037
-0.00037
-0.00043
-0.00040
-0.00037
-0.00040
-0.00040
-0.00040
-0.00037
-0.00034
-0.00034
-0.00040
-0.00040
-0.00037
-0.00034
-0.00034
-0.00027
-0.00031
-0.00043
-0.00043
-0.00040
-0.00040
-0.00046
-0.00043
-0.00034
-0.00037
-0.00040
-0.00034
-0.00034
-0.00037
-0.00040
-0.00037
-0.00037
-0.00040
-0.00040
-0.00037
-0.00031
-0.00046
-0.00034
-0.00031
-0.00055
-0.00040
-0.00037
-0.00027
-0.00034
-0.00040
-0.00037
-0.00031
-0.00037
-0.00043
-0.00037
-0.00031
-0.00049
-0.00043
-0.00031
-0.00037
-0.00037
-0.00046
-0.00058
-0.00076
-0.00012
-0.00018
-0.00009
-0.00476
-0.01364
-0.01184
-0.00919
-0.00916
-0.00702
-0.00430
-0.00891
-0.00403
-0.00211
-0.00571
0.00931
0.01920
0.01688
0.00906
-0.00098
-0.00604
-0.00351
0.00000
0.00021
0.00436
0.00769
0.00317
0.00122
0.00226
-0.00110
-0.00214
0.00079
0.00134
0.00235
0.00272
0.00043
0.00101
0.00284
0.00153
-0.00055
-0.00040
-0.00104
-0.00125
0.00067
0.00208
0.00208
0.00226
0.00198
0.00137
0.00079
-0.00009
-0.00034
-0.00015
-0.00031
-0.00082
-0.00021
0.00034
0.00027
0.00076
0.00061
0.00082
0.00079
0.00027
0.00064
0.00140
0.00128
0.00055
0.00040
-0.00006
-0.00046
-0.00006
0.00021
0.00012
-0.00027
-0.00073
-0.00076
-0.00021
-0.00015
-0.00037
0.00000
0.00006
-0.00034
-0.00052
-0.00037
-0.00055
-0.00082
-0.00067
-0.00061
-0.00095
-0.00113
-0.00089
-0.00046
-0.00055
-0.00079
-0.00082
-0.00073
-0.00058
-0.00043
-0.00018
-0.00031
-0.00064
-0.00085
-0.00113
-0.00134
-0.00137
-0.00104
-0.00079
-0.00092
-0.00113
-0.00122
-0.00113
-0.00095
-0.00064
-0.00049
-0.00055
-0.00064
-0.00052
-0.00024
-0.00024
-0.00034
-0.00040
-0.00055
-0.00079
-0.00082
-0.00092
-0.00125
-0.00159
-0.00143
-0.00082
-0.00073
-0.00101
-0.00098
-0.00070
-0.00061
-0.00058
-0.00024
-0.00024
-0.00061
-0.00092
-0.00092
-0.00092
-0.00101
-0.00085
-0.00061
-0.00070
-0.00082
-0.00067
-0.00046
-0.00043
-0.00040
-0.00021
-0.00012
-0.00015
-0.00009
0.00003
0.00006
-0.00012
-0.00037
-0.00031
-0.00018
-0.00034
-0.00058
-0.00058
-0.00049
-0.00040
-0.00040
-0.00031
-0.00012
0.00003
0.00000
-0.00006
0.00000
0.00006
0.00006
-0.00003
-0.00003
0.00000
-0.00012
-0.00034
-0.00043
-0.00037
-0.00055
0.00000
0.00000
0.00000
0.00000
0.00000
0.00000
0.00000
0.00000
0.00000
0.00000
0.00000
0.00000
0.00000
0.00000
0.00000
0.00000
0.00000
0.00000
0.00000
0.00000
0.00000
0.00000
0.00000
0.00000
0.00000
0.00000
0.00000
0.00000
0.00000
0.00000
0.00000
0.00000
0.00000
0.00000
0.00000
0.00000
0.00000
0.00000
0.00000
0.00000
0.00000
0.00000
0.00000
0.00000
0.00000
0.00000
0.00000
0.00000
0.00000
0.00000
0.00000
0.00000
0.00000
0.00000
0.00000
0.00000
0.00000
0.00000
0.00000
0.00000
0.00000
0.00000
0.00000
0.00000
0.00000
0.00000
0.00000
0.00000
0.00000
0.00000
0.00000
0.00000
0.00000
0.00000
0.00000
0.00000
0.00000
0.00000
0.00000
0.00000
0.00000
0.00000
0.00000
0.00000
0.00000
0.00000
0.00000
0.00000
0.00000
0.00000
0.00000
0.00000
0.00000
0.00000
0.00000
0.00000
0.00000
0.00000
0.00000
0.00000
0.00000
0.00000
0.00000
0.00000
0.00000
0.00000
0.00000
0.00000
0.00000
0.00000
0.00000
0.00000
0.00000
0.00000
0.00000
0.00000
0.00000
0.00000
0.00000
0.00000
0.00000
0.00000
0.00000
0.00000
0.00000
0.00000
0.00000
0.00000
0.00000
0.00000
0.00000
