0.00000
0.00000
-0.00012
-0.00012
0.00000
-0.00006
-0.00003
-0.00006
-0.00003
-0.00009
-0.00006
-0.00003
-0.00006
0.00000
-0.00003
0.00000
0.00000
0.00000
-0.00009
-0.00009
-0.00006
-0.00012
-0.00006
-0.00006
-0.00003
-0.00012
-0.00012
-0.00003
-0.00009
-0.00009
-0.00012
-0.00006
-0.00006
-0.00012
-0.00012
-0.00006
-0.00009
-0.00012
-0.00006
-0.00009
-0.00009
-0.00012
-0.00009
-0.00012
-0.00015
-0.00015
-0.00015
-0.00012
-0.00012
-0.00018
-0.00006
-0.00009
-0.00034
0.00006
-0.00021
-0.00027
-0.00006
-0.00003
-0.00024
-0.00024
-0.00003
-0.00021
-0.00021
-0.00018
-0.00012
-0.00015
-0.00012
-0.00003
-0.00015
-0.00018
-0.00015
-0.00027
-0.00031
-0.00012
-0.00015
-0.00021
-0.00006
-0.00006
-0.00031
-0.00027
-0.00003
-0.00027
-0.00031
-0.00006
-0.00012
-0.00018
-0.00003
-0.00015
-0.00024
-0.00018
-0.00021
-0.00031
-0.00012
-0.00009
-0.00027
-0.00015
-0.00003
-0.00015
-0.00034
-0.00009
-0.00009
-0.00027
-0.00027
-0.00021
-0.00024
-0.00034
-0.00015
-0.00009
-0.00012
-0.00021
-0.00031
-0.00031
-0.00024
-0.00021
-0.00024
-0.00012
-0.00006
-0.00021
-0.00027
-0.00021
-0.00021
-0.00034
-0.00018
-0.00018
-0.00018
-0.00012
-0.00012
-0.00015
-0.00021
-0.00018
-0.00027
-0.00024
-0.00012
-0.00012
-0.00021
-0.00024
-0.00012
-0.00031
-0.00027
-0.00027
-0.00024
-0.00031
-0.00024
-0.00015
-0.00015
-0.00012
-0.00027
-0.00015
-0.00012
-0.00021
-0.00018
-0.00021
-0.00018
-0.00034
-0.00034
-0.00021
-0.00018
-0.00012
-0.00034
-0.00027
-0.00024
-0.00040
-0.00031
-0.00012
-0.00018
-0.00027
-0.00034
-0.00009
-0.00052
0.00009
-0.00085
0.00043
-0.00098
0.00012
-0.00037
-0.00089
0.00189
-0.00391
-0.02170
-0.21805
-0.03964
0.02478
-0.02585
0.13580
0.15628
0.04648
-0.09781
0.00998
-0.02237
0.01108
0.01837
-0.01273
0.03906
0.03290
-0.04828
-0.04108
0.04907
0.00037
-0.01843
0.03949
0.00391
-0.02591
0.01532
0.00360
-0.00900
0.01645
-0.00790
-0.03085
0.01196
0.01382
-0.00800
0.00546
0.01675
-0.00827
-0.00967
0.01212
0.00748
0.00113
0.00385
0.00125
-0.00793
-0.00235
0.00082
-0.00012
0.00208
0.00540
-0.00500
-0.00684
-0.00046
0.00040
-0.00397
0.00485
0.00800
-0.00262
-0.00110
0.00525
0.00201
-0.00244
-0.00009
0.00125
-0.00378
-0.00217
-0.00049
-0.00171
0.00183
-0.00046
-0.00162
-0.00046
-0.00006
-0.00278
-0.00330
0.00339
0.00143
-0.00177
-0.00146
-0.00140
-0.00220
-0.00266
-0.00092
0.00061
-0.00229
-0.00247
-0.00262
-0.00076
-0.00009
-0.00070
0.00043
0.00073
-0.00003
-0.00089
-0.00101
0.00037
-0.00140
-0.00085
-0.00031
-0.00238
-0.00333
-0.00336
-0.00256
-0.00235
-0.00186
-0.00070
-0.00034
-0.00034
0.00015
0.00076
0.00177
0.00058
0.00052
0.00058
-0.00034
-0.00110
-0.00150
-0.00101
-0.00174
-0.00287
-0.00235
-0.00253
-0.00253
-0.00153
-0.00031
0.00067
0.00061
0.00070
-0.00015
-0.00104
-0.00162
-0.00177
-0.00076
-0.00067
-0.00101
-0.00101
-0.00110
-0.00119
-0.00134
-0.00058
0.00027
-0.00018
-0.00058
-0.00034
0.00031
0.00043
0.00040
0.00104
0.00110
0.00046
-0.00018
-0.00027
-0.00006
-0.00064
-0.00125
-0.00107
-0.00082
-0.00098
-0.00104
-0.00024
0.00027
0.00012
0.00040
0.00098
0.00089
0.00031
-0.00003
0.00000
0.00003
-0.00031
-0.00034
-0.00034
-0.00052
-0.00046
-0.00003
0.00034
0.00052
0.00055
0.00040
0.00085
0.00073
0.00055
0.00064
0.00058
0.00003
-0.00027
-0.00006
-0.00015
-0.00021
-0.00027
-0.00012
-0.00031
-0.00055
-0.00027
0.00000
0.00000
0.00000
0.00000
0.00000
0.00000
0.00000
0.00000
0.00000
0.00000
0.00000
0.00000
0.00000
0.00000
0.00000
0.00000
0.00000
0.00000
0.00000
0.00000
0.00000
0.00000
0.00000
0.00000
0.00000
0.00000
0.00000
0.00000
0.00000
0.00000
0.00000
0.00000
0.00000
0.00000
0.00000
0.00000
0.00000
0.00000
0.00000
0.00000
0.00000
0.00000
0.00000
0.00000
0.00000
0.00000
0.00000
0.00000
0.00000
0.00000
0.00000
0.00000
0.00000
0.00000
0.00000
0.00000
0.00000
0.00000
0.00000
0.00000
0.00000
0.00000
0.00000
0.00000
0.00000
0.00000
0.00000
0.00000
0.00000
0.00000
0.00000
0.00000
0.00000
0.00000
0.00000
0.00000
0.00000
0.00000
0.00000
0.00000
0.00000
0.00000
0.00000
0.00000
0.00000
0.00000
0.00000
0.00000
0.00000
0.00000
0.00000
0.00000
0.00000
0.00000
0.00000
0.00000
0.00000
0.00000
0.00000
0.00000
0.00000
0.00000
0.00000
0.00000
0.00000
0.00000
0.00000
0.00000
0.00000
0.00000
0.00000
0.00000
0.00000
0.00000
0.00000
0.00000
0.00000
0.00000
0.00000
0.00000
0.00000
0.00000
0.00000
0.00000
0.00000
0.00000
0.00000
0.00000
0.00000
0.00000
0.00000
0.00000
0.00000
0.00000
0.00000
0.00000
0.00000
0.00000
0.00000
0.00000
0.00000
0.00000
