-0.00034
-0.00024
-0.00031
-0.00037
-0.00034
-0.00031
-0.00034
-0.00034
-0.00034
-0.00034
-0.00031
-0.00034
-0.00027
-0.00024
-0.00031
-0.00034
-0.00031
-0.00034
-0.00040
-0.00037
-0.00034
-0.00034
-0.00031
-0.00024
-0.00027
-0.00024
-0.00024
-0.00031
-0.00031
-0.00034
-0.00034
-0.00027
-0.00027
-0.00027
-0.00027
-0.00031
-0.00031
-0.00027
-0.00031
-0.00031
-0.00021
-0.00027
-0.00027
-0.00018
-0.00021
-0.00034
-0.00031
-0.00027
-0.00034
-0.00027
-0.00021
-0.00024
-0.00031
-0.00027
-0.00024
-0.00027
-0.00018
-0.00015
-0.00021
-0.00024
-0.00031
-0.00037
-0.00034
-0.00027
-0.00024
-0.00018
-0.00015
-0.00018
-0.00027
-0.00024
-0.00021
-0.00018
-0.00018
-0.00018
-0.00018
-0.00031
-0.00031
-0.00021
-0.00018
-0.00021
-0.00018
-0.00018
-0.00021
-0.00018
-0.00024
-0.00024
-0.00018
-0.00018
-0.00018
-0.00012
-0.00012
-0.00021
-0.00021
-0.00021
-0.00027
-0.00027
-0.00018
-0.00015
-0.00012
-0.00012
-0.00018
-0.00024
-0.00024
-0.00021
-0.00018
-0.00018
-0.00021
-0.00021
-0.00015
-0.00015
-0.00018
-0.00018
-0.00021
-0.00018
-0.00012
-0.00015
-0.00018
-0.00021
-0.00021
-0.00018
-0.00012
-0.00018
-0.00021
-0.00015
-0.00015
-0.00018
-0.00015
-0.00012
-0.00018
-0.00012
-0.00012
-0.00018
-0.00018
-0.00018
-0.00015
-0.00015
-0.00015
-0.00015
-0.00015
-0.00015
-0.00015
-0.00015
-0.00012
-0.00009
-0.00012
-0.00015
-0.00015
-0.00018
-0.00015
-0.00015
-0.00015
-0.00015
-0.00012
-0.00012
-0.00012
-0.00009
-0.00009
-0.00012
-0.00015
-0.00012
-0.00012
-0.00012
-0.00012
-0.00015
-0.00015
-0.00012
-0.00009
-0.00012
-0.00006
-0.00003
-0.00012
-0.00009
-0.00009
-0.00015
-0.00012
-0.00006
-0.00009
-0.00009
-0.00015
-0.00009
-0.00003
-0.00018
-0.00015
-0.00015
-0.00009
-0.00009
-0.00006
-0.00003
0.00000
0.00000
0.00003
-0.00009
-0.00003
-0.00012
0.00000
-0.00031
0.00024
-0.00061
-0.00070
-0.01468
-0.02521
-0.01520
-0.01233
-0.00681
0.00446
0.01675
0.01978
0.01938
0.00818
-0.00125
-0.00253
-0.00851
-0.01160
-0.00769
-0.00507
-0.00421
0.00104
0.00253
0.00104
0.00351
0.00394
0.00385
0.00751
0.00842
0.00555
0.00372
0.00186
-0.00006
-0.00024
-0.00046
-0.00034
0.00125
0.00186
0.00073
0.00003
0.00067
0.00143
0.00180
0.00208
0.00226
0.00171
0.00146
0.00137
0.00137
0.00076
0.00052
-0.00012
-0.00064
-0.00021
-0.00015
0.00024
0.00076
0.00198
0.00241
0.00153
0.00165
0.00156
0.00113
0.00043
0.00006
0.00000
-0.00012
-0.00018
-0.00046
-0.00015
0.00037
0.00061
0.00098
0.00116
0.00101
0.00040
0.00034
0.00058
0.00024
-0.00012
-0.00027
-0.00031
-0.00027
-0.00052
-0.00064
-0.00070
-0.00076
-0.00085
-0.00061
-0.00018
-0.00018
-0.00018
-0.00006
0.00000
-0.00006
-0.00003
0.00009
-0.00003
-0.00058
-0.00092
-0.00089
-0.00082
-0.00095
-0.00116
-0.00104
-0.00079
-0.00079
-0.00082
-0.00079
-0.00064
-0.00040
0.00015
0.00058
0.00031
-0.00009
-0.00043
-0.00052
-0.00061
-0.00092
-0.00116
-0.00128
-0.00134
-0.00122
-0.00098
-0.00073
-0.00058
-0.00027
0.00000
0.00012
0.00006
-0.00024
-0.00061
-0.00073
-0.00064
-0.00064
-0.00092
-0.00101
-0.00079
-0.00070
-0.00070
-0.00073
-0.00055
-0.00046
-0.00052
-0.00037
-0.00024
-0.00034
-0.00034
-0.00006
0.00009
0.00000
-0.00012
-0.00031
-0.00043
-0.00037
-0.00037
-0.00046
-0.00058
-0.00052
-0.00037
-0.00018
-0.00003
0.00003
0.00015
0.00021
0.00021
0.00009
0.00003
0.00003
-0.00003
-0.00018
-0.00021
-0.00021
-0.00021
-0.00018
-0.00021
-0.00015
0.00000
0.00018
0.00031
0.00040
0.00046
0.00043
0.00021
-0.00043
0.00000
0.00000
0.00000
0.00000
0.00000
0.00000
0.00000
0.00000
0.00000
0.00000
0.00000
0.00000
0.00000
0.00000
0.00000
0.00000
0.00000
0.00000
0.00000
0.00000
0.00000
0.00000
0.00000
0.00000
0.00000
0.00000
0.00000
0.00000
0.00000
0.00000
0.00000
0.00000
0.00000
0.00000
0.00000
0.00000
0.00000
0.00000
0.00000
0.00000
0.00000
0.00000
0.00000
0.00000
0.00000
0.00000
0.00000
0.00000
0.00000
0.00000
0.00000
0.00000
0.00000
0.00000
0.00000
0.00000
0.00000
0.00000
0.00000
0.00000
0.00000
0.00000
0.00000
0.00000
0.00000
0.00000
0.00000
0.00000
0.00000
0.00000
0.00000
0.00000
0.00000
0.00000
0.00000
0.00000
0.00000
0.00000
0.00000
0.00000
0.00000
0.00000
0.00000
0.00000
0.00000
0.00000
0.00000
0.00000
0.00000
0.00000
0.00000
0.00000
0.00000
0.00000
0.00000
0.00000
0.00000
0.00000
0.00000
0.00000
0.00000
0.00000
0.00000
0.00000
0.00000
0.00000
0.00000
0.00000
0.00000
0.00000
0.00000
0.00000
0.00000
0.00000
0.00000
0.00000
0.00000
0.00000
0.00000
0.00000
0.00000
0.00000
0.00000
0.00000
0.00000
0.00000
0.00000
0.00000
0.00000
0.00000
0.00000
0.00000
