0.00000
-0.00003
0.00003
0.00009
0.00000
0.00003
0.00009
0.00000
-0.00003
0.00000
0.00000
0.00000
0.00000
0.00003
-0.00006
-0.00003
0.00000
-0.00003
0.00003
0.00009
0.00000
0.00000
0.00009
0.00000
-0.00006
0.00000
0.00000
-0.00006
0.00000
0.00006
0.00000
0.00000
0.00000
0.00000
0.00000
0.00000
0.00000
0.00003
0.00006
0.00000
0.00000
0.00000
0.00003
0.00000
0.00000
0.00003
0.00000
0.00000
0.00000
0.00000
0.00000
0.00000
0.00006
0.00012
-0.00012
0.00003
0.00000
-0.00018
0.00006
0.00003
-0.00012
0.00000
0.00012
0.00000
0.00006
0.00003
0.00003
0.00000
0.00000
0.00000
-0.00003
0.00000
0.00000
-0.00003
-0.00006
0.00003
0.00000
-0.00009
0.00000
0.00003
-0.00006
0.00000
0.00015
0.00003
-0.00006
0.00000
0.00000
-0.00006
0.00000
0.00000
0.00000
0.00000
0.00000
0.00000
0.00003
0.00003
-0.00003
0.00000
0.00006
0.00003
-0.00015
-0.00003
0.00012
-0.00006
-0.00006
0.00009
0.00003
-0.00006
0.00003
0.00003
-0.00003
-0.00003
0.00000
-0.00003
0.00000
0.00000
0.00000
0.00006
0.00006
-0.00006
-0.00003
0.00000
0.00000
-0.00009
-0.00003
0.00000
-0.00003
-0.00003
0.00000
0.00000
-0.00006
-0.00003
0.00000
0.00000
0.00000
0.00000
-0.00003
-0.00006
0.00000
-0.00009
-0.00006
0.00000
-0.00006
-0.00006
-0.00003
-0.00003
0.00000
0.00000
0.00000
0.00000
0.00006
-0.00003
-0.00009
-0.00006
-0.00003
-0.00009
-0.00003
0.00000
-0.00006
0.00000
-0.00003
-0.00006
-0.00003
-0.00012
-0.00012
0.00003
0.00000
-0.00006
-0.00006
0.00006
-0.00018
0.00018
-0.00043
0.00027
-0.00046
0.00009
-0.00015
-0.00024
0.00067
-0.00116
-0.02545
-0.20691
-0.13892
0.01807
0.00217
0.16901
0.26373
0.07297
-0.05270
-0.01141
-0.07419
-0.05249
-0.00726
-0.03128
0.01587
0.05002
-0.02051
-0.02493
0.05600
0.00360
-0.02301
0.05203
0.00830
-0.03592
0.01489
0.00244
-0.01797
0.01804
-0.00278
-0.03177
0.01068
0.01147
-0.01520
0.00204
0.01385
-0.00943
-0.00275
0.01965
0.01144
0.00433
0.00809
0.00272
-0.01007
-0.00809
-0.00351
-0.00537
-0.00183
0.00360
-0.00266
-0.00427
0.00302
0.00311
-0.00082
0.00705
0.01004
-0.00174
-0.00198
0.00452
-0.00122
-0.00525
-0.00107
-0.00058
-0.00455
-0.00284
0.00018
-0.00076
0.00180
0.00226
-0.00031
0.00046
0.00140
-0.00165
-0.00186
0.00244
0.00089
-0.00293
-0.00198
-0.00177
-0.00446
-0.00409
-0.00116
0.00012
-0.00073
-0.00104
-0.00125
-0.00067
0.00015
0.00018
0.00040
0.00140
0.00031
-0.00186
-0.00150
-0.00079
-0.00189
-0.00162
-0.00082
-0.00232
-0.00354
-0.00293
-0.00311
-0.00299
-0.00116
0.00006
0.00055
0.00073
0.00089
0.00134
0.00177
0.00095
0.00000
-0.00031
-0.00122
-0.00266
-0.00250
-0.00180
-0.00226
-0.00296
-0.00262
-0.00241
-0.00253
-0.00131
0.00040
0.00146
0.00180
0.00143
0.00034
-0.00110
-0.00256
-0.00314
-0.00232
-0.00171
-0.00189
-0.00153
-0.00101
-0.00092
-0.00089
-0.00046
0.00018
0.00009
-0.00031
0.00012
0.00076
0.00058
0.00034
0.00061
0.00049
-0.00021
-0.00092
-0.00104
-0.00095
-0.00116
-0.00156
-0.00146
-0.00116
-0.00125
-0.00098
0.00003
0.00061
0.00037
0.00037
0.00070
0.00061
0.00015
-0.00018
-0.00049
-0.00076
-0.00104
-0.00098
-0.00079
-0.00085
-0.00064
-0.00009
0.00027
0.00055
0.00076
0.00067
0.00089
0.00082
0.00037
0.00021
-0.00009
-0.00079
-0.00098
-0.00076
-0.00082
-0.00079
-0.00061
-0.00052
-0.00043
-0.00070
0.00000
0.00000
0.00000
0.00000
0.00000
0.00000
0.00000
0.00000
0.00000
0.00000
0.00000
0.00000
0.00000
0.00000
0.00000
0.00000
0.00000
0.00000
0.00000
0.00000
0.00000
0.00000
0.00000
0.00000
0.00000
0.00000
0.00000
0.00000
0.00000
0.00000
0.00000
0.00000
0.00000
0.00000
0.00000
0.00000
0.00000
0.00000
0.00000
0.00000
0.00000
0.00000
0.00000
0.00000
0.00000
0.00000
0.00000
0.00000
0.00000
0.00000
0.00000
0.00000
0.00000
0.00000
0.00000
0.00000
0.00000
0.00000
0.00000
0.00000
0.00000
0.00000
0.00000
0.00000
0.00000
0.00000
0.00000
0.00000
0.00000
0.00000
0.00000
0.00000
0.00000
0.00000
0.00000
0.00000
0.00000
0.00000
0.00000
0.00000
0.00000
0.00000
0.00000
0.00000
0.00000
0.00000
0.00000
0.00000
0.00000
0.00000
0.00000
0.00000
0.00000
0.00000
0.00000
0.00000
0.00000
0.00000
0.00000
0.00000
0.00000
0.00000
0.00000
0.00000
0.00000
0.00000
0.00000
0.00000
0.00000
0.00000
0.00000
0.00000
0.00000
0.00000
0.00000
0.00000
0.00000
0.00000
0.00000
0.00000
0.00000
0.00000
0.00000
0.00000
0.00000
0.00000
0.00000
0.00000
0.00000
0.00000
0.00000
0.00000
0.00000
0.00000
0.00000
0.00000
0.00000
0.00000
0.00000
0.00000
0.00000
