-0.00015
-0.00018
-0.00024
-0.00018
-0.00015
-0.00018
-0.00021
-0.00018
-0.00021
-0.00018
-0.00024
-0.00024
-0.00015
-0.00021
-0.00024
-0.00021
-0.00018
-0.00018
-0.00015
-0.00018
-0.00018
-0.00021
-0.00027
-0.00018
-0.00024
-0.00024
-0.00021
-0.00018
-0.00015
-0.00021
-0.00018
-0.00015
-0.00018
-0.00015
-0.00046
-0.00009
-0.00015
-0.00027
-0.00021
-0.00018
-0.00021
-0.00024
-0.00024
-0.00018
-0.00021
-0.00021
-0.00018
-0.00015
-0.00021
-0.00009
-0.00034
-0.00034
0.00000
-0.00037
-0.00021
-0.00031
-0.00021
-0.00012
-0.00034
-0.00018
-0.00015
-0.00021
-0.00024
-0.00021
-0.00021
-0.00018
-0.00015
-0.00024
-0.00018
-0.00012
-0.00027
-0.00024
-0.00012
-0.00027
-0.00024
-0.00024
-0.00018
-0.00021
-0.00024
-0.00015
-0.00024
-0.00021
-0.00018
-0.00021
-0.00018
-0.00024
-0.00024
-0.00015
-0.00021
-0.00021
-0.00024
-0.00018
-0.00015
-0.00027
-0.00027
-0.00012
-0.00015
-0.00034
-0.00018
-0.00018
-0.00021
-0.00021
-0.00021
-0.00012
-0.00021
-0.00024
-0.00024
-0.00018
-0.00021
-0.00027
-0.00024
-0.00018
-0.00018
-0.00024
-0.00018
-0.00015
-0.00015
-0.00024
-0.00018
-0.00018
-0.00024
-0.00018
-0.00024
-0.00018
-0.00018
-0.00021
-0.00021
-0.00018
-0.00015
-0.00021
-0.00024
-0.00018
-0.00012
-0.00027
-0.00018
-0.00015
-0.00024
-0.00021
-0.00027
-0.00015
-0.00018
-0.00024
-0.00018
-0.00018
-0.00015
-0.00024
-0.00015
-0.00012
-0.00015
-0.00018
-0.00021
-0.00012
-0.00021
-0.00024
-0.00021
-0.00015
-0.00012
-0.00034
-0.00018
-0.00012
-0.00018
-0.00018
-0.00021
-0.00018
-0.00009
-0.00031
0.00000
-0.00052
0.00043
-0.00128
0.00143
-0.00250
0.00287
-0.00418
0.00482
-0.00647
0.00809
-0.07025
-0.19046
0.06870
0.00186
-0.01346
0.02579
0.04422
0.13275
0.01526
-0.02551
0.00470
0.03723
-0.03201
-0.07263
0.01202
0.04266
0.00290
-0.00479
0.01144
0.01773
0.00723
-0.02615
-0.01535
0.02652
0.01071
-0.00909
-0.00345
0.01468
0.00482
-0.01169
-0.00949
0.00293
0.00778
-0.00378
0.00208
0.00232
-0.00024
0.00250
0.00409
-0.00113
0.00525
0.00351
-0.00174
-0.00143
-0.00085
-0.00244
0.00156
0.00238
-0.00165
-0.00369
0.00043
0.00089
-0.00259
0.00308
0.00397
-0.00143
-0.00015
0.00360
0.00595
0.00070
-0.00281
0.00003
-0.00214
-0.00241
-0.00369
-0.00095
0.00284
-0.00259
-0.00253
-0.00208
0.00110
0.00168
-0.00220
0.00299
0.00262
-0.00150
-0.00241
-0.00204
0.00070
-0.00275
-0.00232
-0.00140
-0.00296
-0.00110
-0.00183
0.00089
0.00101
-0.00204
-0.00015
0.00125
0.00067
-0.00104
-0.00159
0.00040
-0.00128
-0.00092
-0.00140
-0.00204
-0.00113
-0.00198
-0.00201
-0.00177
-0.00211
-0.00055
-0.00107
-0.00021
0.00116
0.00168
0.00122
-0.00082
0.00046
0.00101
-0.00046
-0.00128
-0.00125
0.00003
-0.00122
-0.00293
-0.00195
-0.00195
-0.00229
-0.00247
-0.00064
0.00150
0.00101
0.00018
0.00003
0.00034
-0.00034
-0.00146
-0.00079
-0.00046
-0.00140
-0.00229
-0.00168
-0.00037
-0.00055
-0.00064
0.00009
0.00024
0.00006
-0.00037
0.00046
0.00116
0.00061
0.00046
0.00085
0.00092
0.00015
-0.00021
0.00000
-0.00067
-0.00168
-0.00134
-0.00018
-0.00021
-0.00095
-0.00061
0.00031
0.00049
0.00015
0.00055
0.00134
0.00116
0.00000
-0.00049
-0.00031
-0.00040
-0.00027
-0.00009
0.00018
0.00000
-0.00043
-0.00027
0.00046
0.00089
0.00092
0.00101
0.00073
0.00070
0.00043
0.00027
0.00040
0.00052
0.00027
-0.00046
-0.00089
-0.00049
0.00006
-0.00009
-0.00040
0.00009
0.00000
0.00000
0.00000
0.00000
0.00000
0.00000
0.00000
0.00000
0.00000
0.00000
0.00000
0.00000
0.00000
0.00000
0.00000
0.00000
0.00000
0.00000
0.00000
0.00000
0.00000
0.00000
0.00000
0.00000
0.00000
0.00000
0.00000
0.00000
0.00000
0.00000
0.00000
0.00000
0.00000
0.00000
0.00000
0.00000
0.00000
0.00000
0.00000
0.00000
0.00000
0.00000
0.00000
0.00000
0.00000
0.00000
0.00000
0.00000
0.00000
0.00000
0.00000
0.00000
0.00000
0.00000
0.00000
0.00000
0.00000
0.00000
0.00000
0.00000
0.00000
0.00000
0.00000
0.00000
0.00000
0.00000
0.00000
0.00000
0.00000
0.00000
0.00000
0.00000
0.00000
0.00000
0.00000
0.00000
0.00000
0.00000
0.00000
0.00000
0.00000
0.00000
0.00000
0.00000
0.00000
0.00000
0.00000
0.00000
0.00000
0.00000
0.00000
0.00000
0.00000
0.00000
0.00000
0.00000
0.00000
0.00000
0.00000
0.00000
0.00000
0.00000
0.00000
0.00000
0.00000
0.00000
0.00000
0.00000
0.00000
0.00000
0.00000
0.00000
0.00000
0.00000
0.00000
0.00000
0.00000
0.00000
0.00000
0.00000
0.00000
0.00000
0.00000
0.00000
0.00000
0.00000
0.00000
0.00000
0.00000
0.00000
0.00000
0.00000
0.00000
0.00000
0.00000
0.00000
0.00000
0.00000
0.00000
0.00000
0.00000
0.00000
0.00000
