-0.00027
-0.00027
-0.00024
-0.00027
-0.00034
-0.00040
-0.00037
-0.00040
-0.00043
-0.00040
-0.00037
-0.00027
-0.00034
-0.00034
-0.00027
-0.00021
-0.00031
-0.00040
-0.00037
-0.00034
-0.00034
-0.00037
-0.00037
-0.00034
-0.00034
-0.00031
-0.00034
-0.00034
-0.00027
-0.00043
-0.00040
-0.00027
-0.00031
-0.00027
-0.00058
-0.00021
-0.00018
-0.00031
-0.00027
-0.00031
-0.00024
-0.00037
-0.00040
-0.00031
-0.00034
-0.00043
-0.00040
-0.00031
-0.00034
-0.00027
-0.00043
-0.00027
-0.00043
-0.00046
-0.00015
-0.00040
-0.00037
-0.00031
-0.00034
-0.00031
-0.00027
-0.00037
-0.00031
-0.00031
-0.00037
-0.00027
-0.00024
-0.00021
-0.00024
-0.00027
-0.00027
-0.00031
-0.00040
-0.00031
-0.00031
-0.00043
-0.00043
-0.00031
-0.00024
-0.00037
-0.00037
-0.00031
-0.00034
-0.00034
-0.00027
-0.00027
-0.00021
-0.00027
-0.00031
-0.00018
-0.00021
-0.00037
-0.00043
-0.00037
-0.00027
-0.00031
-0.00034
-0.00027
-0.00024
-0.00024
-0.00021
-0.00018
-0.00018
-0.00024
-0.00024
-0.00027
-0.00024
-0.00024
-0.00031
-0.00027
-0.00024
-0.00027
-0.00024
-0.00018
-0.00024
-0.00021
-0.00015
-0.00024
-0.00024
-0.00024
-0.00027
-0.00031
-0.00034
-0.00034
-0.00034
-0.00024
-0.00024
-0.00024
-0.00018
-0.00021
-0.00024
-0.00024
-0.00027
-0.00024
-0.00015
-0.00024
-0.00015
-0.00009
-0.00018
-0.00018
-0.00027
-0.00031
-0.00031
-0.00031
-0.00031
-0.00024
-0.00021
-0.00024
-0.00024
-0.00015
-0.00021
-0.00027
-0.00024
-0.00021
-0.00027
-0.00031
-0.00024
-0.00021
-0.00021
-0.00031
-0.00027
-0.00018
-0.00021
-0.00021
-0.00021
-0.00021
-0.00012
-0.00024
-0.00012
-0.00043
0.00012
-0.00085
0.00070
-0.00165
0.00165
-0.00269
0.00302
-0.00449
0.00555
-0.04602
-0.11557
0.02896
-0.00082
-0.01483
0.00061
-0.00079
0.02979
0.05304
0.00034
0.00751
0.04288
-0.00140
0.00134
0.01712
0.02350
-0.01688
-0.00681
-0.01346
-0.00748
0.01117
-0.00589
-0.02054
0.01639
0.01865
0.00311
0.00745
0.00479
-0.00565
-0.00342
-0.00232
-0.00580
0.00180
-0.00082
-0.00159
-0.00061
0.00369
0.00275
0.00568
0.00275
0.00412
0.00226
0.00079
-0.00061
-0.00211
-0.00360
-0.00214
-0.00092
-0.00195
-0.00003
0.00162
0.00116
-0.00098
0.00323
0.00299
0.00021
0.00003
0.00085
0.00180
0.00098
-0.00192
-0.00003
0.00003
-0.00024
-0.00073
-0.00092
0.00089
-0.00101
-0.00146
-0.00131
0.00027
-0.00006
-0.00146
0.00058
0.00116
-0.00061
-0.00089
-0.00125
-0.00061
-0.00037
-0.00092
-0.00113
-0.00177
-0.00143
-0.00177
-0.00067
0.00006
-0.00095
-0.00089
0.00027
-0.00021
-0.00018
-0.00092
-0.00037
-0.00043
-0.00006
-0.00079
-0.00165
-0.00125
-0.00113
-0.00153
-0.00119
-0.00171
-0.00110
-0.00119
-0.00107
-0.00006
0.00049
0.00040
-0.00043
0.00012
0.00119
0.00110
0.00018
-0.00018
-0.00006
-0.00064
-0.00189
-0.00208
-0.00238
-0.00244
-0.00198
-0.00104
-0.00024
-0.00040
-0.00052
0.00015
0.00061
0.00009
-0.00055
-0.00031
0.00009
-0.00037
-0.00122
-0.00174
-0.00146
-0.00122
-0.00082
-0.00006
0.00003
-0.00015
-0.00021
0.00006
0.00058
0.00076
0.00073
0.00058
0.00046
0.00034
0.00021
0.00018
-0.00018
-0.00052
-0.00037
-0.00015
-0.00040
-0.00085
-0.00089
-0.00055
-0.00034
-0.00015
0.00018
0.00058
0.00076
0.00073
0.00052
0.00015
-0.00009
0.00003
0.00031
0.00003
-0.00037
-0.00043
-0.00003
0.00037
0.00034
0.00037
0.00052
0.00046
0.00064
0.00073
0.00058
0.00040
0.00067
0.00079
0.00043
-0.00009
-0.00034
-0.00015
-0.00015
-0.00024
-0.00031
0.00000
0.00000
0.00000
0.00000
0.00000
0.00000
0.00000
0.00000
0.00000
0.00000
0.00000
0.00000
0.00000
0.00000
0.00000
0.00000
0.00000
0.00000
0.00000
0.00000
0.00000
0.00000
0.00000
0.00000
0.00000
0.00000
0.00000
0.00000
0.00000
0.00000
0.00000
0.00000
0.00000
0.00000
0.00000
0.00000
0.00000
0.00000
0.00000
0.00000
0.00000
0.00000
0.00000
0.00000
0.00000
0.00000
0.00000
0.00000
0.00000
0.00000
0.00000
0.00000
0.00000
0.00000
0.00000
0.00000
0.00000
0.00000
0.00000
0.00000
0.00000
0.00000
0.00000
0.00000
0.00000
0.00000
0.00000
0.00000
0.00000
0.00000
0.00000
0.00000
0.00000
0.00000
0.00000
0.00000
0.00000
0.00000
0.00000
0.00000
0.00000
0.00000
0.00000
0.00000
0.00000
0.00000
0.00000
0.00000
0.00000
0.00000
0.00000
0.00000
0.00000
0.00000
0.00000
0.00000
0.00000
0.00000
0.00000
0.00000
0.00000
0.00000
0.00000
0.00000
0.00000
0.00000
0.00000
0.00000
0.00000
0.00000
0.00000
0.00000
0.00000
0.00000
0.00000
0.00000
0.00000
0.00000
0.00000
0.00000
0.00000
0.00000
0.00000
0.00000
0.00000
0.00000
0.00000
0.00000
0.00000
0.00000
0.00000
0.00000
0.00000
0.00000
0.00000
0.00000
0.00000
0.00000
0.00000
0.00000
0.00000
