-0.00003
-0.00009
-0.00012
-0.00009
-0.00012
-0.00012
-0.00009
-0.00009
-0.00009
-0.00012
-0.00009
-0.00009
-0.00009
-0.00006
-0.00009
-0.00009
-0.00009
-0.00012
-0.00009
-0.00009
-0.00009
-0.00009
-0.00009
-0.00009
-0.00006
-0.00006
-0.00006
-0.00006
-0.00009
-0.00009
-0.00006
-0.00009
-0.00012
-0.00006
-0.00031
0.00000
-0.00006
-0.00006
-0.00003
-0.00009
-0.00006
-0.00009
-0.00009
-0.00009
-0.00009
-0.00009
-0.00006
-0.00009
-0.00009
-0.00006
-0.00009
-0.00009
-0.00012
-0.00009
-0.00006
-0.00006
-0.00009
-0.00012
-0.00009
-0.00006
-0.00009
-0.00009
-0.00009
-0.00012
-0.00009
-0.00009
-0.00009
-0.00009
-0.00009
-0.00009
-0.00009
-0.00009
-0.00006
-0.00009
-0.00009
-0.00015
-0.00015
-0.00012
-0.00012
-0.00015
-0.00012
-0.00009
-0.00012
-0.00012
-0.00012
-0.00009
-0.00012
-0.00012
-0.00012
-0.00015
-0.00012
-0.00009
-0.00012
-0.00015
-0.00015
-0.00015
-0.00012
-0.00015
-0.00012
-0.00009
-0.00015
-0.00012
-0.00012
-0.00015
-0.00015
-0.00015
-0.00018
-0.00018
-0.00015
-0.00015
-0.00021
-0.00021
-0.00018
-0.00018
-0.00018
-0.00018
-0.00018
-0.00015
-0.00018
-0.00021
-0.00018
-0.00018
-0.00021
-0.00018
-0.00021
-0.00021
-0.00021
-0.00021
-0.00021
-0.00021
-0.00021
-0.00018
-0.00018
-0.00021
-0.00021
-0.00021
-0.00021
-0.00021
-0.00021
-0.00021
-0.00024
-0.00024
-0.00021
-0.00021
-0.00018
-0.00021
-0.00018
-0.00021
-0.00024
-0.00021
-0.00018
-0.00021
-0.00027
-0.00021
-0.00021
-0.00024
-0.00024
-0.00024
-0.00024
-0.00024
-0.00024
-0.00021
-0.00024
-0.00027
-0.00024
-0.00024
-0.00021
-0.00021
-0.00021
-0.00024
-0.00024
-0.00024
-0.00021
-0.00021
-0.00021
-0.00024
-0.00021
-0.00024
-0.00024
-0.00031
-0.00034
-0.00024
-0.00034
-0.00021
-0.00021
-0.00018
-0.00021
-0.00018
-0.00021
-0.00024
-0.00021
-0.00024
-0.00024
-0.00021
-0.00021
-0.00021
-0.00034
-0.00027
-0.00040
-0.00012
-0.00052
-0.00082
-0.00934
-0.01575
-0.00900
-0.00577
-0.00488
-0.00342
0.00006
0.00620
0.00677
0.00735
0.00778
-0.00082
-0.01120
-0.01413
-0.01407
-0.00830
0.00015
0.00754
0.01596
0.01581
0.01248
0.00790
0.00394
-0.00061
-0.00388
-0.00317
-0.00421
-0.00391
0.00043
0.00208
0.00412
0.00500
0.00180
-0.00055
0.00037
0.00079
0.00043
0.00153
0.00055
-0.00006
0.00082
0.00058
0.00079
0.00110
0.00049
-0.00052
-0.00027
0.00037
0.00040
0.00055
0.00037
0.00049
0.00082
0.00098
0.00082
0.00064
0.00095
0.00070
-0.00006
-0.00055
-0.00009
-0.00003
-0.00055
-0.00049
0.00031
0.00055
0.00067
0.00055
0.00052
0.00058
0.00006
-0.00055
-0.00079
-0.00040
-0.00034
-0.00052
-0.00037
-0.00052
-0.00067
-0.00079
-0.00070
-0.00052
-0.00040
-0.00058
-0.00058
-0.00027
-0.00024
-0.00055
-0.00098
-0.00101
-0.00076
-0.00067
-0.00079
-0.00092
-0.00079
-0.00079
-0.00092
-0.00092
-0.00073
-0.00058
-0.00079
-0.00101
-0.00110
-0.00092
-0.00089
-0.00085
-0.00089
-0.00092
-0.00076
-0.00064
-0.00073
-0.00085
-0.00082
-0.00058
-0.00052
-0.00079
-0.00113
-0.00110
-0.00067
-0.00046
-0.00061
-0.00058
-0.00037
-0.00043
-0.00095
-0.00131
-0.00101
-0.00082
-0.00092
-0.00119
-0.00116
-0.00107
-0.00107
-0.00076
-0.00037
-0.00046
-0.00095
-0.00098
-0.00070
-0.00070
-0.00092
-0.00073
-0.00034
-0.00018
-0.00046
-0.00064
-0.00064
-0.00067
-0.00067
-0.00052
-0.00024
-0.00021
-0.00040
-0.00049
-0.00031
-0.00018
-0.00031
-0.00058
-0.00052
-0.00021
-0.00003
-0.00018
-0.00043
-0.00052
-0.00046
-0.00034
-0.00027
-0.00015
-0.00018
-0.00034
-0.00052
-0.00046
-0.00009
0.00003
-0.00003
-0.00021
-0.00027
-0.00018
0.00000
0.00000
0.00000
0.00000
0.00000
0.00000
0.00000
0.00000
0.00000
0.00000
0.00000
0.00000
0.00000
0.00000
0.00000
0.00000
0.00000
0.00000
0.00000
0.00000
0.00000
0.00000
0.00000
0.00000
0.00000
0.00000
0.00000
0.00000
0.00000
0.00000
0.00000
0.00000
0.00000
0.00000
0.00000
0.00000
0.00000
0.00000
0.00000
0.00000
0.00000
0.00000
0.00000
0.00000
0.00000
0.00000
0.00000
0.00000
0.00000
0.00000
0.00000
0.00000
0.00000
0.00000
0.00000
0.00000
0.00000
0.00000
0.00000
0.00000
0.00000
0.00000
0.00000
0.00000
0.00000
0.00000
0.00000
0.00000
0.00000
0.00000
0.00000
0.00000
0.00000
0.00000
0.00000
0.00000
0.00000
0.00000
0.00000
0.00000
0.00000
0.00000
0.00000
0.00000
0.00000
0.00000
0.00000
0.00000
0.00000
0.00000
0.00000
0.00000
0.00000
0.00000
0.00000
0.00000
0.00000
0.00000
0.00000
0.00000
0.00000
0.00000
0.00000
0.00000
0.00000
0.00000
0.00000
0.00000
0.00000
0.00000
0.00000
0.00000
0.00000
0.00000
0.00000
0.00000
0.00000
0.00000
0.00000
0.00000
0.00000
0.00000
0.00000
0.00000
0.00000
0.00000
0.00000
0.00000
0.00000
0.00000
0.00000
0.00000
