-0.00009
-0.00009
-0.00003
-0.00006
-0.00009
-0.00009
-0.00006
-0.00003
-0.00009
0.00000
-0.00006
-0.00006
-0.00006
-0.00009
-0.00012
-0.00009
-0.00012
-0.00009
-0.00003
-0.00006
-0.00009
-0.00009
-0.00009
-0.00012
-0.00012
-0.00012
-0.00009
-0.00012
-0.00012
-0.00012
-0.00012
-0.00012
-0.00015
-0.00009
-0.00034
0.00000
-0.00006
-0.00018
-0.00012
-0.00012
-0.00015
-0.00015
-0.00015
-0.00012
-0.00015
-0.00015
-0.00018
-0.00012
-0.00021
-0.00009
-0.00031
-0.00021
0.00000
-0.00031
-0.00015
-0.00018
-0.00015
-0.00015
-0.00027
-0.00018
-0.00012
-0.00021
-0.00021
-0.00021
-0.00015
-0.00012
-0.00015
-0.00018
-0.00009
-0.00009
-0.00027
-0.00027
-0.00012
-0.00024
-0.00027
-0.00027
-0.00018
-0.00015
-0.00018
-0.00015
-0.00021
-0.00018
-0.00021
-0.00024
-0.00018
-0.00021
-0.00027
-0.00018
-0.00021
-0.00021
-0.00027
-0.00021
-0.00018
-0.00027
-0.00031
-0.00015
-0.00018
-0.00034
-0.00018
-0.00018
-0.00024
-0.00024
-0.00027
-0.00024
-0.00021
-0.00027
-0.00027
-0.00021
-0.00021
-0.00027
-0.00024
-0.00021
-0.00027
-0.00034
-0.00027
-0.00024
-0.00024
-0.00027
-0.00024
-0.00021
-0.00031
-0.00027
-0.00031
-0.00024
-0.00024
-0.00031
-0.00027
-0.00027
-0.00024
-0.00031
-0.00031
-0.00027
-0.00024
-0.00037
-0.00031
-0.00024
-0.00031
-0.00031
-0.00040
-0.00027
-0.00027
-0.00034
-0.00034
-0.00031
-0.00024
-0.00034
-0.00034
-0.00027
-0.00034
-0.00034
-0.00037
-0.00031
-0.00034
-0.00034
-0.00034
-0.00031
-0.00024
-0.00043
-0.00037
-0.00037
-0.00040
-0.00037
-0.00040
-0.00040
-0.00027
-0.00043
-0.00018
-0.00067
0.00021
-0.00137
0.00116
-0.00266
0.00266
-0.00446
0.00497
-0.00745
0.00919
-0.06860
-0.16006
0.06763
-0.00629
-0.01620
0.01871
0.02728
0.08740
0.02542
-0.02835
0.01874
0.03802
-0.02145
-0.04828
0.01974
0.04788
-0.00461
-0.00211
-0.00375
0.00784
0.00061
-0.02625
-0.01709
0.02927
0.01462
-0.00775
0.00244
0.01776
0.00510
-0.01315
-0.01495
-0.00134
0.00409
-0.00244
0.00320
0.00439
0.00284
0.00409
0.00217
-0.00220
0.00555
-0.00116
-0.00369
0.00021
0.00198
-0.00244
0.00183
0.00085
-0.00302
-0.00189
-0.00006
-0.00299
-0.00406
0.00278
0.00342
0.00128
0.00244
0.00363
0.00388
-0.00018
-0.00259
0.00049
-0.00266
-0.00351
-0.00412
-0.00134
0.00314
-0.00189
-0.00357
-0.00165
0.00159
0.00040
-0.00186
0.00201
0.00095
-0.00177
-0.00168
-0.00180
0.00073
-0.00235
-0.00391
-0.00131
-0.00143
-0.00134
-0.00211
-0.00018
-0.00015
-0.00204
-0.00052
0.00040
0.00027
-0.00061
-0.00189
0.00031
-0.00085
-0.00113
-0.00192
-0.00223
-0.00177
-0.00208
-0.00204
-0.00162
-0.00171
-0.00064
-0.00159
-0.00107
0.00040
0.00098
0.00061
-0.00085
0.00000
0.00055
-0.00049
-0.00107
-0.00061
0.00009
-0.00122
-0.00275
-0.00180
-0.00195
-0.00250
-0.00278
-0.00134
0.00061
0.00021
-0.00046
-0.00012
0.00021
-0.00034
-0.00153
-0.00095
-0.00031
-0.00098
-0.00189
-0.00174
-0.00067
-0.00098
-0.00125
-0.00040
-0.00009
-0.00034
-0.00073
0.00003
0.00113
0.00095
0.00058
0.00052
0.00046
0.00000
-0.00027
-0.00024
-0.00085
-0.00150
-0.00104
-0.00031
-0.00027
-0.00092
-0.00079
-0.00015
0.00003
0.00006
0.00031
0.00073
0.00067
-0.00003
-0.00037
-0.00024
-0.00021
-0.00015
-0.00009
0.00012
-0.00021
-0.00067
-0.00049
0.00027
0.00079
0.00067
0.00043
0.00040
0.00089
0.00064
0.00006
0.00000
0.00046
0.00052
-0.00003
-0.00073
-0.00061
-0.00012
-0.00027
-0.00058
-0.00012
0.00027
0.00000
0.00000
0.00000
0.00000
0.00000
0.00000
0.00000
0.00000
0.00000
0.00000
0.00000
0.00000
0.00000
0.00000
0.00000
0.00000
0.00000
0.00000
0.00000
0.00000
0.00000
0.00000
0.00000
0.00000
0.00000
0.00000
0.00000
0.00000
0.00000
0.00000
0.00000
0.00000
0.00000
0.00000
0.00000
0.00000
0.00000
0.00000
0.00000
0.00000
0.00000
0.00000
0.00000
0.00000
0.00000
0.00000
0.00000
0.00000
0.00000
0.00000
0.00000
0.00000
0.00000
0.00000
0.00000
0.00000
0.00000
0.00000
0.00000
0.00000
0.00000
0.00000
0.00000
0.00000
0.00000
0.00000
0.00000
0.00000
0.00000
0.00000
0.00000
0.00000
0.00000
0.00000
0.00000
0.00000
0.00000
0.00000
0.00000
0.00000
0.00000
0.00000
0.00000
0.00000
0.00000
0.00000
0.00000
0.00000
0.00000
0.00000
0.00000
0.00000
0.00000
0.00000
0.00000
0.00000
0.00000
0.00000
0.00000
0.00000
0.00000
0.00000
0.00000
0.00000
0.00000
0.00000
0.00000
0.00000
0.00000
0.00000
0.00000
0.00000
0.00000
0.00000
0.00000
0.00000
0.00000
0.00000
0.00000
0.00000
0.00000
0.00000
0.00000
0.00000
0.00000
0.00000
0.00000
0.00000
0.00000
0.00000
0.00000
0.00000
0.00000
0.00000
0.00000
0.00000
0.00000
0.00000
0.00000
0.00000
0.00000
0.00000
