-0.00040
-0.00040
-0.00043
-0.00043
-0.00046
-0.00049
-0.00052
-0.00049
-0.00043
-0.00037
-0.00037
-0.00034
-0.00031
-0.00034
-0.00034
-0.00034
-0.00040
-0.00040
-0.00043
-0.00043
-0.00040
-0.00040
-0.00037
-0.00040
-0.00040
-0.00043
-0.00043
-0.00037
-0.00040
-0.00046
-0.00040
-0.00034
-0.00034
-0.00034
-0.00055
-0.00027
-0.00043
-0.00049
-0.00049
-0.00055
-0.00046
-0.00052
-0.00046
-0.00040
-0.00040
-0.00040
-0.00040
-0.00040
-0.00043
-0.00046
-0.00049
-0.00049
-0.00049
-0.00049
-0.00046
-0.00040
-0.00040
-0.00043
-0.00046
-0.00043
-0.00043
-0.00043
-0.00040
-0.00034
-0.00027
-0.00024
-0.00027
-0.00034
-0.00034
-0.00046
-0.00049
-0.00049
-0.00055
-0.00052
-0.00052
-0.00049
-0.00043
-0.00040
-0.00040
-0.00037
-0.00037
-0.00037
-0.00037
-0.00034
-0.00037
-0.00037
-0.00040
-0.00040
-0.00034
-0.00034
-0.00037
-0.00034
-0.00034
-0.00037
-0.00037
-0.00037
-0.00040
-0.00040
-0.00037
-0.00034
-0.00037
-0.00034
-0.00037
-0.00034
-0.00031
-0.00034
-0.00034
-0.00031
-0.00031
-0.00031
-0.00027
-0.00021
-0.00021
-0.00024
-0.00021
-0.00021
-0.00021
-0.00027
-0.00037
-0.00037
-0.00037
-0.00040
-0.00037
-0.00031
-0.00031
-0.00037
-0.00034
-0.00027
-0.00024
-0.00024
-0.00024
-0.00024
-0.00024
-0.00021
-0.00021
-0.00024
-0.00027
-0.00024
-0.00021
-0.00027
-0.00027
-0.00031
-0.00024
-0.00018
-0.00015
-0.00015
-0.00012
-0.00009
-0.00012
-0.00018
-0.00015
-0.00018
-0.00024
-0.00024
-0.00021
-0.00018
-0.00018
-0.00024
-0.00021
-0.00018
-0.00021
-0.00024
-0.00015
-0.00009
-0.00009
-0.00012
-0.00012
-0.00015
-0.00021
-0.00031
-0.00027
-0.00024
-0.00018
-0.00015
-0.00015
-0.00006
-0.00006
-0.00012
-0.00015
-0.00018
-0.00021
-0.00024
-0.00024
-0.00027
-0.00009
-0.00027
-0.00009
-0.00040
-0.00003
-0.00055
-0.00009
-0.00034
-0.00006
-0.00983
-0.04779
-0.03012
-0.01111
-0.01038
-0.00162
0.00317
0.02368
0.03061
0.03345
0.03360
0.02484
0.00000
-0.02194
-0.02066
-0.00888
-0.00504
-0.00620
-0.00269
0.00092
0.00311
0.00601
0.00464
0.00357
0.00064
-0.00134
-0.00064
0.00296
0.00497
0.00119
-0.00082
-0.00211
-0.00418
-0.00537
-0.00253
0.00000
0.00171
0.00525
0.00739
0.00641
0.00491
0.00323
0.00082
-0.00067
-0.00168
-0.00153
-0.00192
-0.00134
-0.00018
-0.00055
0.00101
0.00186
0.00015
0.00085
0.00208
0.00150
0.00110
0.00244
0.00302
0.00186
0.00070
-0.00034
-0.00104
-0.00073
-0.00085
-0.00140
-0.00073
-0.00049
0.00000
0.00058
0.00092
0.00092
0.00031
0.00055
0.00061
0.00027
-0.00018
-0.00046
-0.00021
-0.00049
-0.00107
-0.00119
-0.00140
-0.00119
-0.00070
0.00000
0.00040
0.00012
-0.00015
0.00006
0.00037
0.00034
-0.00012
-0.00021
-0.00052
-0.00061
-0.00046
-0.00064
-0.00082
-0.00128
-0.00153
-0.00140
-0.00134
-0.00098
-0.00073
-0.00021
0.00024
0.00040
0.00052
0.00046
0.00049
0.00049
0.00009
-0.00034
-0.00058
-0.00061
-0.00079
-0.00140
-0.00165
-0.00165
-0.00168
-0.00143
-0.00085
-0.00012
0.00006
0.00000
0.00012
0.00043
0.00031
-0.00031
-0.00073
-0.00098
-0.00113
-0.00122
-0.00113
-0.00082
-0.00067
-0.00046
-0.00021
-0.00012
-0.00012
-0.00003
0.00009
0.00043
0.00055
0.00058
0.00037
-0.00006
-0.00018
0.00000
0.00003
-0.00046
-0.00079
-0.00067
-0.00049
-0.00037
-0.00037
-0.00034
-0.00027
-0.00024
0.00000
0.00046
0.00064
0.00046
0.00009
0.00012
0.00024
0.00003
-0.00024
-0.00034
-0.00034
-0.00034
-0.00037
-0.00018
0.00031
0.00067
0.00061
0.00043
0.00040
0.00046
0.00058
0.00052
0.00034
0.00012
0.00000
0.00000
0.00000
0.00000
0.00000
0.00000
0.00000
0.00000
0.00000
0.00000
0.00000
0.00000
0.00000
0.00000
0.00000
0.00000
0.00000
0.00000
0.00000
0.00000
0.00000
0.00000
0.00000
0.00000
0.00000
0.00000
0.00000
0.00000
0.00000
0.00000
0.00000
0.00000
0.00000
0.00000
0.00000
0.00000
0.00000
0.00000
0.00000
0.00000
0.00000
0.00000
0.00000
0.00000
0.00000
0.00000
0.00000
0.00000
0.00000
0.00000
0.00000
0.00000
0.00000
0.00000
0.00000
0.00000
0.00000
0.00000
0.00000
0.00000
0.00000
0.00000
0.00000
0.00000
0.00000
0.00000
0.00000
0.00000
0.00000
0.00000
0.00000
0.00000
0.00000
0.00000
0.00000
0.00000
0.00000
0.00000
0.00000
0.00000
0.00000
0.00000
0.00000
0.00000
0.00000
0.00000
0.00000
0.00000
0.00000
0.00000
0.00000
0.00000
0.00000
0.00000
0.00000
0.00000
0.00000
0.00000
0.00000
0.00000
0.00000
0.00000
0.00000
0.00000
0.00000
0.00000
0.00000
0.00000
0.00000
0.00000
0.00000
0.00000
0.00000
0.00000
0.00000
0.00000
0.00000
0.00000
0.00000
0.00000
0.00000
0.00000
0.00000
0.00000
0.00000
0.00000
0.00000
0.00000
0.00000
0.00000
0.00000
0.00000
0.00000
0.00000
0.00000
