-0.00009
-0.00006
-0.00003
-0.00006
-0.00009
-0.00009
-0.00012
-0.00015
-0.00015
-0.00012
-0.00012
-0.00015
-0.00012
-0.00015
-0.00015
-0.00015
-0.00012
-0.00012
-0.00012
-0.00009
-0.00006
-0.00009
-0.00009
-0.00012
-0.00012
-0.00009
-0.00012
-0.00012
-0.00012
-0.00012
-0.00012
-0.00009
-0.00012
-0.00015
-0.00040
-0.00003
-0.00015
-0.00018
-0.00015
-0.00021
-0.00012
-0.00018
-0.00015
-0.00012
-0.00012
-0.00018
-0.00015
-0.00015
-0.00018
-0.00018
-0.00021
-0.00018
-0.00018
-0.00015
-0.00021
-0.00018
-0.00018
-0.00021
-0.00021
-0.00021
-0.00021
-0.00015
-0.00018
-0.00015
-0.00012
-0.00021
-0.00018
-0.00021
-0.00024
-0.00021
-0.00031
-0.00031
-0.00024
-0.00021
-0.00021
-0.00021
-0.00018
-0.00015
-0.00021
-0.00018
-0.00018
-0.00024
-0.00027
-0.00027
-0.00027
-0.00031
-0.00031
-0.00024
-0.00024
-0.00024
-0.00024
-0.00021
-0.00027
-0.00031
-0.00027
-0.00031
-0.00034
-0.00034
-0.00034
-0.00027
-0.00027
-0.00027
-0.00021
-0.00015
-0.00018
-0.00027
-0.00021
-0.00018
-0.00024
-0.00031
-0.00031
-0.00034
-0.00040
-0.00040
-0.00037
-0.00031
-0.00027
-0.00024
-0.00024
-0.00021
-0.00021
-0.00027
-0.00027
-0.00031
-0.00031
-0.00034
-0.00034
-0.00037
-0.00037
-0.00037
-0.00034
-0.00034
-0.00034
-0.00024
-0.00021
-0.00024
-0.00024
-0.00031
-0.00034
-0.00037
-0.00037
-0.00034
-0.00034
-0.00034
-0.00031
-0.00037
-0.00037
-0.00034
-0.00034
-0.00034
-0.00034
-0.00027
-0.00024
-0.00024
-0.00031
-0.00034
-0.00027
-0.00034
-0.00034
-0.00027
-0.00031
-0.00037
-0.00037
-0.00031
-0.00034
-0.00037
-0.00037
-0.00034
-0.00031
-0.00031
-0.00027
-0.00027
-0.00034
-0.00034
-0.00037
-0.00043
-0.00037
-0.00034
-0.00034
-0.00040
-0.00018
-0.00043
0.00000
-0.00073
0.00031
-0.00113
0.00064
-0.00189
0.00104
-0.02182
-0.05487
-0.01254
-0.02768
-0.02280
-0.00549
0.00217
0.03391
0.03897
0.03415
0.03519
0.04086
0.01041
-0.02017
-0.02127
-0.01379
-0.01862
-0.00668
-0.00415
0.00031
0.01245
0.00586
0.00058
0.01163
0.00668
-0.00626
-0.00497
-0.00070
-0.00067
0.00058
0.00082
-0.00317
0.00064
0.00064
-0.00134
-0.00043
0.00214
0.00104
0.00162
0.00174
0.00156
0.00128
0.00128
0.00012
-0.00095
0.00000
-0.00046
-0.00089
-0.00061
-0.00018
0.00052
0.00003
-0.00092
0.00214
0.00266
0.00128
0.00073
0.00122
0.00192
0.00110
0.00003
-0.00061
-0.00116
-0.00092
-0.00177
-0.00113
0.00076
-0.00031
-0.00140
-0.00122
0.00015
0.00037
-0.00064
0.00006
0.00046
0.00043
0.00000
-0.00089
-0.00037
-0.00098
-0.00171
-0.00159
-0.00134
-0.00113
-0.00195
-0.00122
-0.00037
-0.00027
-0.00018
-0.00009
0.00000
0.00003
-0.00058
-0.00076
-0.00079
-0.00031
-0.00073
-0.00134
-0.00119
-0.00128
-0.00143
-0.00171
-0.00214
-0.00192
-0.00156
-0.00122
-0.00067
0.00009
0.00061
0.00015
0.00018
0.00046
0.00034
0.00012
-0.00018
-0.00061
-0.00134
-0.00226
-0.00244
-0.00223
-0.00211
-0.00220
-0.00183
-0.00095
-0.00037
0.00006
0.00037
0.00027
-0.00003
-0.00043
-0.00052
-0.00073
-0.00143
-0.00192
-0.00171
-0.00110
-0.00104
-0.00116
-0.00098
-0.00079
-0.00049
-0.00040
-0.00012
0.00015
0.00031
0.00012
0.00006
0.00031
0.00024
0.00003
-0.00024
-0.00037
-0.00064
-0.00107
-0.00140
-0.00137
-0.00116
-0.00107
-0.00079
-0.00031
0.00006
0.00012
0.00009
0.00003
-0.00003
-0.00009
0.00000
0.00009
0.00006
-0.00021
-0.00049
-0.00076
-0.00082
-0.00067
-0.00043
-0.00015
0.00000
0.00027
0.00055
0.00070
0.00067
0.00040
0.00015
0.00003
-0.00009
0.00000
0.00000
0.00000
0.00000
0.00000
0.00000
0.00000
0.00000
0.00000
0.00000
0.00000
0.00000
0.00000
0.00000
0.00000
0.00000
0.00000
0.00000
0.00000
0.00000
0.00000
0.00000
0.00000
0.00000
0.00000
0.00000
0.00000
0.00000
0.00000
0.00000
0.00000
0.00000
0.00000
0.00000
0.00000
0.00000
0.00000
0.00000
0.00000
0.00000
0.00000
0.00000
0.00000
0.00000
0.00000
0.00000
0.00000
0.00000
0.00000
0.00000
0.00000
0.00000
0.00000
0.00000
0.00000
0.00000
0.00000
0.00000
0.00000
0.00000
0.00000
0.00000
0.00000
0.00000
0.00000
0.00000
0.00000
0.00000
0.00000
0.00000
0.00000
0.00000
0.00000
0.00000
0.00000
0.00000
0.00000
0.00000
0.00000
0.00000
0.00000
0.00000
0.00000
0.00000
0.00000
0.00000
0.00000
0.00000
0.00000
0.00000
0.00000
0.00000
0.00000
0.00000
0.00000
0.00000
0.00000
0.00000
0.00000
0.00000
0.00000
0.00000
0.00000
0.00000
0.00000
0.00000
0.00000
0.00000
0.00000
0.00000
0.00000
0.00000
0.00000
0.00000
0.00000
0.00000
0.00000
0.00000
0.00000
0.00000
0.00000
0.00000
0.00000
0.00000
0.00000
0.00000
0.00000
0.00000
0.00000
0.00000
0.00000
0.00000
0.00000
0.00000
0.00000
0.00000
0.00000
0.00000
