0.00000
0.00000
-0.00003
0.00000
0.00000
-0.00003
-0.00003
-0.00003
-0.00003
-0.00003
-0.00003
0.00000
0.00003
0.00000
0.00003
0.00000
0.00000
-0.00003
-0.00009
-0.00006
-0.00009
-0.00003
-0.00006
0.00000
-0.00003
-0.00003
-0.00003
0.00000
-0.00003
-0.00006
-0.00009
-0.00012
-0.00009
-0.00006
-0.00031
0.00006
0.00000
-0.00006
-0.00009
-0.00009
0.00000
-0.00015
-0.00015
-0.00012
-0.00015
-0.00024
-0.00015
-0.00015
-0.00015
-0.00006
-0.00009
-0.00009
-0.00015
-0.00009
-0.00012
-0.00021
-0.00003
-0.00021
-0.00021
0.00000
-0.00021
-0.00009
-0.00012
-0.00015
-0.00015
-0.00018
-0.00003
-0.00018
-0.00024
-0.00015
-0.00018
-0.00027
-0.00015
-0.00009
-0.00009
-0.00018
-0.00015
-0.00018
-0.00024
-0.00021
-0.00024
-0.00018
-0.00015
-0.00015
-0.00021
-0.00021
-0.00012
-0.00027
-0.00024
-0.00015
-0.00012
-0.00012
-0.00006
-0.00006
-0.00009
-0.00021
-0.00027
-0.00034
-0.00034
-0.00021
-0.00031
-0.00018
-0.00006
-0.00018
-0.00024
-0.00012
-0.00015
-0.00027
-0.00024
-0.00015
-0.00027
-0.00037
-0.00027
-0.00031
-0.00031
-0.00034
-0.00037
-0.00034
-0.00027
-0.00024
-0.00021
-0.00015
-0.00015
-0.00018
-0.00021
-0.00018
-0.00024
-0.00034
-0.00031
-0.00031
-0.00024
-0.00027
-0.00027
-0.00027
-0.00037
-0.00037
-0.00027
-0.00018
-0.00015
-0.00018
-0.00031
-0.00024
-0.00021
-0.00031
-0.00034
-0.00034
-0.00034
-0.00040
-0.00034
-0.00021
-0.00024
-0.00021
-0.00024
-0.00024
-0.00027
-0.00031
-0.00031
-0.00031
-0.00024
-0.00031
-0.00027
-0.00024
-0.00027
-0.00027
-0.00040
-0.00034
-0.00031
-0.00034
-0.00024
-0.00021
-0.00018
-0.00021
-0.00027
-0.00006
-0.00043
0.00003
-0.00095
0.00052
-0.00162
0.00122
-0.00253
0.00235
-0.00369
0.00290
-0.06461
-0.17703
-0.02243
-0.01208
0.03894
0.12210
0.12003
0.09387
-0.02176
0.01849
-0.01758
-0.04587
-0.05460
-0.06415
-0.01727
0.02121
0.01935
0.04929
0.05164
-0.00702
-0.02344
-0.00629
0.00165
-0.01215
-0.00159
0.00223
0.00085
0.01263
0.00186
-0.01456
-0.00131
0.00192
-0.00461
-0.00003
0.01065
0.00034
-0.00269
0.00864
0.00626
0.00092
0.00247
-0.00064
-0.00552
-0.00388
-0.00208
-0.00372
-0.00400
0.00153
0.00085
0.00070
0.00342
0.00211
-0.00153
0.00336
0.00482
-0.00104
0.00006
0.00333
0.00201
-0.00183
-0.00079
-0.00104
-0.00558
-0.00415
-0.00079
0.00140
0.00186
-0.00012
0.00012
-0.00055
0.00085
0.00098
-0.00043
0.00201
0.00003
-0.00363
-0.00250
-0.00140
-0.00217
-0.00351
-0.00128
-0.00034
-0.00171
0.00003
-0.00116
-0.00009
0.00095
-0.00027
0.00021
-0.00076
-0.00082
-0.00079
-0.00067
-0.00064
-0.00241
-0.00104
-0.00085
-0.00217
-0.00226
-0.00281
-0.00211
-0.00153
-0.00146
-0.00052
-0.00040
0.00040
0.00128
0.00156
0.00183
0.00018
-0.00027
-0.00095
-0.00171
-0.00183
-0.00241
-0.00208
-0.00217
-0.00192
-0.00143
-0.00278
-0.00281
-0.00165
0.00018
0.00171
0.00128
0.00089
-0.00027
-0.00125
-0.00174
-0.00180
-0.00119
-0.00168
-0.00211
-0.00186
-0.00150
-0.00113
-0.00095
0.00003
0.00085
0.00040
-0.00009
-0.00052
-0.00031
0.00000
0.00021
0.00079
0.00055
-0.00015
-0.00082
-0.00095
-0.00073
-0.00125
-0.00204
-0.00211
-0.00131
-0.00040
0.00015
0.00031
-0.00012
-0.00040
0.00021
0.00098
0.00098
0.00018
-0.00073
-0.00110
-0.00122
-0.00113
-0.00052
-0.00006
-0.00006
-0.00055
-0.00070
-0.00034
0.00012
0.00058
0.00085
0.00107
0.00061
-0.00006
-0.00046
-0.00024
-0.00021
-0.00049
-0.00064
-0.00058
-0.00049
0.00000
0.00000
0.00000
0.00000
0.00000
0.00000
0.00000
0.00000
0.00000
0.00000
0.00000
0.00000
0.00000
0.00000
0.00000
0.00000
0.00000
0.00000
0.00000
0.00000
0.00000
0.00000
0.00000
0.00000
0.00000
0.00000
0.00000
0.00000
0.00000
0.00000
0.00000
0.00000
0.00000
0.00000
0.00000
0.00000
0.00000
0.00000
0.00000
0.00000
0.00000
0.00000
0.00000
0.00000
0.00000
0.00000
0.00000
0.00000
0.00000
0.00000
0.00000
0.00000
0.00000
0.00000
0.00000
0.00000
0.00000
0.00000
0.00000
0.00000
0.00000
0.00000
0.00000
0.00000
0.00000
0.00000
0.00000
0.00000
0.00000
0.00000
0.00000
0.00000
0.00000
0.00000
0.00000
0.00000
0.00000
0.00000
0.00000
0.00000
0.00000
0.00000
0.00000
0.00000
0.00000
0.00000
0.00000
0.00000
0.00000
0.00000
0.00000
0.00000
0.00000
0.00000
0.00000
0.00000
0.00000
0.00000
0.00000
0.00000
0.00000
0.00000
0.00000
0.00000
0.00000
0.00000
0.00000
0.00000
0.00000
0.00000
0.00000
0.00000
0.00000
0.00000
0.00000
0.00000
0.00000
0.00000
0.00000
0.00000
0.00000
0.00000
0.00000
0.00000
0.00000
0.00000
0.00000
0.00000
0.00000
0.00000
0.00000
0.00000
0.00000
0.00000
0.00000
0.00000
0.00000
0.00000
0.00000
0.00000
0.00000
