-0.00006
-0.00006
-0.00012
-0.00015
-0.00012
-0.00009
-0.00012
-0.00009
-0.00006
-0.00012
-0.00009
-0.00003
-0.00003
-0.00012
-0.00006
-0.00012
-0.00009
-0.00015
-0.00018
-0.00015
-0.00009
-0.00012
-0.00012
-0.00003
-0.00003
-0.00015
-0.00018
-0.00009
-0.00009
-0.00012
-0.00015
-0.00015
-0.00009
-0.00009
-0.00040
0.00000
-0.00003
-0.00018
-0.00015
-0.00018
-0.00015
-0.00012
-0.00015
-0.00012
-0.00012
-0.00015
-0.00015
-0.00018
-0.00015
-0.00012
-0.00018
-0.00021
-0.00018
-0.00015
-0.00012
-0.00027
-0.00015
-0.00009
-0.00021
-0.00018
-0.00024
-0.00012
-0.00012
-0.00021
-0.00024
-0.00021
-0.00021
-0.00015
-0.00015
-0.00018
-0.00015
-0.00015
-0.00021
-0.00015
-0.00021
-0.00024
-0.00021
-0.00024
-0.00027
-0.00021
-0.00018
-0.00018
-0.00021
-0.00021
-0.00021
-0.00024
-0.00024
-0.00024
-0.00024
-0.00024
-0.00024
-0.00024
-0.00021
-0.00024
-0.00024
-0.00027
-0.00024
-0.00021
-0.00027
-0.00024
-0.00024
-0.00031
-0.00027
-0.00024
-0.00031
-0.00027
-0.00021
-0.00024
-0.00027
-0.00024
-0.00024
-0.00027
-0.00027
-0.00027
-0.00024
-0.00027
-0.00034
-0.00027
-0.00027
-0.00031
-0.00031
-0.00031
-0.00034
-0.00031
-0.00031
-0.00034
-0.00031
-0.00031
-0.00031
-0.00034
-0.00031
-0.00027
-0.00027
-0.00034
-0.00037
-0.00034
-0.00027
-0.00031
-0.00037
-0.00027
-0.00031
-0.00031
-0.00034
-0.00034
-0.00027
-0.00037
-0.00043
-0.00037
-0.00027
-0.00034
-0.00037
-0.00031
-0.00031
-0.00027
-0.00031
-0.00034
-0.00031
-0.00037
-0.00040
-0.00040
-0.00034
-0.00037
-0.00046
-0.00037
-0.00034
-0.00037
-0.00034
-0.00037
-0.00037
-0.00034
-0.00037
-0.00027
-0.00040
-0.00021
-0.00073
0.00012
-0.00134
0.00107
-0.00250
0.00275
-0.00482
0.00443
-0.05896
-0.07028
0.02173
-0.01544
-0.01004
-0.02975
-0.00186
0.04385
0.04382
0.01013
0.02164
0.04333
0.01672
0.00629
-0.00061
-0.00092
-0.02072
-0.01379
-0.01593
0.00241
0.01160
-0.00638
-0.00720
0.01700
0.01776
0.00513
-0.00375
-0.00616
-0.00186
0.00165
-0.00171
-0.00311
0.00003
-0.00085
0.00015
-0.00146
0.00186
0.00275
0.00174
-0.00064
0.00424
0.00241
0.00137
0.00018
-0.00052
-0.00003
0.00061
-0.00168
-0.00385
-0.00162
-0.00006
-0.00165
-0.00204
0.00116
0.00153
0.00076
0.00052
0.00284
0.00372
0.00195
0.00073
0.00049
-0.00070
-0.00064
-0.00247
-0.00290
-0.00061
-0.00198
-0.00238
-0.00116
0.00067
-0.00024
-0.00024
0.00082
0.00046
0.00003
-0.00110
-0.00165
0.00012
-0.00067
-0.00204
-0.00229
-0.00195
-0.00168
-0.00165
-0.00082
-0.00107
-0.00125
-0.00058
0.00000
0.00012
-0.00024
-0.00089
-0.00043
-0.00049
-0.00046
-0.00140
-0.00195
-0.00143
-0.00134
-0.00174
-0.00244
-0.00244
-0.00131
-0.00119
-0.00101
-0.00064
0.00000
0.00024
0.00003
0.00058
0.00095
0.00043
-0.00070
-0.00085
-0.00058
-0.00113
-0.00226
-0.00275
-0.00272
-0.00220
-0.00183
-0.00143
-0.00095
-0.00089
-0.00064
0.00000
0.00043
0.00009
-0.00049
-0.00079
-0.00079
-0.00107
-0.00159
-0.00183
-0.00159
-0.00143
-0.00119
-0.00070
-0.00049
-0.00049
-0.00049
0.00000
0.00043
0.00040
0.00024
0.00015
0.00015
0.00000
-0.00009
-0.00027
-0.00064
-0.00095
-0.00095
-0.00089
-0.00104
-0.00119
-0.00098
-0.00064
-0.00031
-0.00031
-0.00012
0.00027
0.00058
0.00046
-0.00012
-0.00055
-0.00046
-0.00003
0.00000
-0.00027
-0.00070
-0.00092
-0.00064
-0.00006
0.00012
0.00012
0.00012
0.00012
0.00043
0.00058
0.00043
0.00024
0.00024
0.00009
-0.00003
0.00000
0.00000
0.00000
0.00000
0.00000
0.00000
0.00000
0.00000
0.00000
0.00000
0.00000
0.00000
0.00000
0.00000
0.00000
0.00000
0.00000
0.00000
0.00000
0.00000
0.00000
0.00000
0.00000
0.00000
0.00000
0.00000
0.00000
0.00000
0.00000
0.00000
0.00000
0.00000
0.00000
0.00000
0.00000
0.00000
0.00000
0.00000
0.00000
0.00000
0.00000
0.00000
0.00000
0.00000
0.00000
0.00000
0.00000
0.00000
0.00000
0.00000
0.00000
0.00000
0.00000
0.00000
0.00000
0.00000
0.00000
0.00000
0.00000
0.00000
0.00000
0.00000
0.00000
0.00000
0.00000
0.00000
0.00000
0.00000
0.00000
0.00000
0.00000
0.00000
0.00000
0.00000
0.00000
0.00000
0.00000
0.00000
0.00000
0.00000
0.00000
0.00000
0.00000
0.00000
0.00000
0.00000
0.00000
0.00000
0.00000
0.00000
0.00000
0.00000
0.00000
0.00000
0.00000
0.00000
0.00000
0.00000
0.00000
0.00000
0.00000
0.00000
0.00000
0.00000
0.00000
0.00000
0.00000
0.00000
0.00000
0.00000
0.00000
0.00000
0.00000
0.00000
0.00000
0.00000
0.00000
0.00000
0.00000
0.00000
0.00000
0.00000
0.00000
0.00000
0.00000
0.00000
0.00000
0.00000
0.00000
0.00000
0.00000
0.00000
0.00000
0.00000
0.00000
0.00000
0.00000
0.00000
0.00000
0.00000
0.00000
0.00000
0.00000
0.00000
