-0.00018
-0.00015
-0.00015
-0.00015
-0.00021
-0.00021
-0.00018
-0.00012
-0.00015
-0.00012
-0.00018
-0.00018
-0.00015
-0.00021
-0.00021
-0.00021
-0.00021
-0.00024
-0.00021
-0.00021
-0.00018
-0.00012
-0.00018
-0.00015
-0.00021
-0.00021
-0.00018
-0.00018
-0.00021
-0.00024
-0.00021
-0.00018
-0.00021
-0.00018
-0.00037
-0.00006
-0.00015
-0.00021
-0.00015
-0.00021
-0.00021
-0.00031
-0.00027
-0.00027
-0.00024
-0.00024
-0.00018
-0.00021
-0.00021
-0.00021
-0.00021
-0.00024
-0.00021
-0.00037
-0.00018
-0.00015
-0.00027
-0.00018
-0.00024
-0.00024
-0.00024
-0.00024
-0.00024
-0.00024
-0.00031
-0.00021
-0.00021
-0.00024
-0.00021
-0.00021
-0.00027
-0.00018
-0.00018
-0.00031
-0.00027
-0.00027
-0.00031
-0.00027
-0.00027
-0.00027
-0.00027
-0.00024
-0.00024
-0.00021
-0.00018
-0.00021
-0.00024
-0.00021
-0.00027
-0.00031
-0.00027
-0.00031
-0.00031
-0.00031
-0.00027
-0.00021
-0.00024
-0.00027
-0.00018
-0.00027
-0.00024
-0.00021
-0.00031
-0.00031
-0.00027
-0.00027
-0.00027
-0.00024
-0.00027
-0.00024
-0.00018
-0.00027
-0.00031
-0.00021
-0.00021
-0.00027
-0.00027
-0.00027
-0.00024
-0.00024
-0.00027
-0.00024
-0.00027
-0.00027
-0.00024
-0.00024
-0.00024
-0.00027
-0.00031
-0.00027
-0.00024
-0.00027
-0.00027
-0.00027
-0.00027
-0.00024
-0.00031
-0.00027
-0.00031
-0.00034
-0.00031
-0.00031
-0.00024
-0.00021
-0.00024
-0.00027
-0.00024
-0.00021
-0.00024
-0.00027
-0.00024
-0.00021
-0.00024
-0.00031
-0.00027
-0.00027
-0.00031
-0.00034
-0.00024
-0.00027
-0.00034
-0.00027
-0.00031
-0.00024
-0.00027
-0.00037
-0.00031
-0.00021
-0.00027
-0.00021
-0.00027
-0.00006
-0.00058
0.00046
-0.00143
0.00153
-0.00308
0.00391
-0.00641
0.00623
-0.07990
-0.07309
0.03632
-0.01993
-0.00305
-0.01245
0.00031
0.04123
0.04669
-0.00656
0.02664
0.03171
0.00595
0.00674
0.01749
0.00504
-0.01929
-0.00726
-0.01740
0.00055
0.01147
-0.01230
-0.01157
0.02216
0.01334
0.00522
0.00574
-0.00342
-0.00516
0.00058
-0.00345
-0.00348
0.00150
-0.00183
-0.00174
0.00024
0.00366
0.00470
0.00449
0.00064
0.00406
0.00153
0.00052
-0.00095
-0.00238
-0.00378
-0.00012
-0.00040
-0.00061
0.00043
0.00116
-0.00198
0.00000
0.00375
0.00085
-0.00095
0.00055
0.00256
0.00180
-0.00058
-0.00082
0.00092
0.00113
-0.00003
-0.00235
-0.00110
0.00092
-0.00165
-0.00241
-0.00082
0.00046
-0.00107
-0.00085
0.00082
0.00095
-0.00031
-0.00125
-0.00150
0.00058
-0.00082
-0.00153
-0.00165
-0.00162
-0.00183
-0.00171
-0.00040
-0.00049
-0.00119
-0.00046
0.00003
-0.00021
-0.00058
-0.00070
-0.00003
-0.00021
-0.00049
-0.00140
-0.00153
-0.00125
-0.00131
-0.00159
-0.00165
-0.00198
-0.00137
-0.00156
-0.00082
0.00009
0.00040
-0.00021
-0.00037
0.00079
0.00156
0.00061
-0.00055
-0.00061
-0.00003
-0.00085
-0.00235
-0.00247
-0.00238
-0.00208
-0.00195
-0.00137
-0.00052
-0.00037
-0.00037
-0.00003
0.00027
0.00000
-0.00027
0.00003
-0.00021
-0.00107
-0.00192
-0.00201
-0.00134
-0.00092
-0.00052
-0.00034
-0.00037
-0.00031
-0.00015
0.00018
0.00055
0.00061
0.00061
0.00058
0.00024
0.00009
0.00006
0.00009
-0.00037
-0.00076
-0.00061
-0.00043
-0.00055
-0.00098
-0.00107
-0.00064
-0.00018
0.00000
0.00012
0.00058
0.00089
0.00052
0.00012
0.00000
0.00006
-0.00006
-0.00034
-0.00021
-0.00003
-0.00012
-0.00034
-0.00006
0.00012
0.00043
0.00058
0.00049
0.00055
0.00061
0.00052
0.00055
0.00085
0.00070
0.00006
-0.00046
-0.00040
-0.00003
0.00000
0.00000
0.00000
0.00000
0.00000
0.00000
0.00000
0.00000
0.00000
0.00000
0.00000
0.00000
0.00000
0.00000
0.00000
0.00000
0.00000
0.00000
0.00000
0.00000
0.00000
0.00000
0.00000
0.00000
0.00000
0.00000
0.00000
0.00000
0.00000
0.00000
0.00000
0.00000
0.00000
0.00000
0.00000
0.00000
0.00000
0.00000
0.00000
0.00000
0.00000
0.00000
0.00000
0.00000
0.00000
0.00000
0.00000
0.00000
0.00000
0.00000
0.00000
0.00000
0.00000
0.00000
0.00000
0.00000
0.00000
0.00000
0.00000
0.00000
0.00000
0.00000
0.00000
0.00000
0.00000
0.00000
0.00000
0.00000
0.00000
0.00000
0.00000
0.00000
0.00000
0.00000
0.00000
0.00000
0.00000
0.00000
0.00000
0.00000
0.00000
0.00000
0.00000
0.00000
0.00000
0.00000
0.00000
0.00000
0.00000
0.00000
0.00000
0.00000
0.00000
0.00000
0.00000
0.00000
0.00000
0.00000
0.00000
0.00000
0.00000
0.00000
0.00000
0.00000
0.00000
0.00000
0.00000
0.00000
0.00000
0.00000
0.00000
0.00000
0.00000
0.00000
0.00000
0.00000
0.00000
0.00000
0.00000
0.00000
0.00000
0.00000
0.00000
0.00000
0.00000
0.00000
0.00000
0.00000
0.00000
0.00000
0.00000
0.00000
0.00000
0.00000
0.00000
0.00000
0.00000
0.00000
0.00000
0.00000
0.00000
0.00000
0.00000
