-0.00003
-0.00009
-0.00006
-0.00012
-0.00009
-0.00012
-0.00015
-0.00018
-0.00009
-0.00006
-0.00015
-0.00003
0.00000
-0.00012
-0.00015
-0.00009
-0.00009
-0.00009
-0.00012
-0.00015
-0.00009
-0.00006
-0.00006
-0.00006
-0.00003
-0.00009
-0.00018
-0.00006
-0.00009
-0.00012
-0.00006
-0.00012
-0.00015
0.00000
-0.00034
0.00003
0.00003
-0.00012
-0.00006
-0.00006
-0.00003
-0.00009
-0.00009
-0.00012
-0.00009
-0.00012
-0.00009
-0.00006
0.00000
0.00003
-0.00024
0.00000
-0.00006
-0.00021
-0.00009
-0.00012
0.00000
0.00000
-0.00006
0.00000
0.00000
-0.00009
-0.00006
-0.00009
-0.00009
-0.00006
-0.00009
-0.00009
0.00000
-0.00003
-0.00015
-0.00006
-0.00006
-0.00015
-0.00015
-0.00009
0.00000
-0.00006
0.00000
0.00000
-0.00003
0.00000
-0.00003
-0.00009
-0.00006
-0.00018
-0.00015
-0.00006
-0.00006
-0.00009
-0.00006
0.00003
0.00000
-0.00015
-0.00012
0.00000
-0.00012
-0.00009
0.00000
-0.00006
-0.00003
0.00000
0.00000
-0.00003
-0.00009
-0.00018
-0.00009
-0.00003
-0.00009
-0.00009
-0.00003
0.00000
-0.00003
-0.00006
-0.00003
0.00000
-0.00006
-0.00012
-0.00006
-0.00012
-0.00006
-0.00003
-0.00009
-0.00006
-0.00009
-0.00015
-0.00012
-0.00006
-0.00009
-0.00009
-0.00006
0.00000
-0.00003
-0.00006
0.00000
-0.00012
-0.00012
-0.00012
-0.00015
-0.00006
-0.00009
-0.00009
-0.00009
-0.00003
-0.00003
-0.00009
-0.00006
-0.00003
-0.00006
-0.00009
-0.00003
-0.00003
-0.00009
-0.00009
-0.00012
-0.00003
-0.00009
-0.00015
-0.00009
-0.00015
-0.00009
-0.00009
-0.00012
0.00000
0.00000
0.00000
-0.00006
0.00003
-0.00006
-0.00031
0.00043
-0.00134
0.00201
-0.00366
0.00565
-0.00882
0.00616
-0.13647
-0.05539
0.06235
-0.03799
0.01108
0.00525
0.04581
0.05350
0.00983
-0.01981
0.04758
0.01404
-0.02692
-0.01816
0.04730
0.01904
-0.01251
-0.00061
-0.00742
0.00400
-0.00739
-0.02438
0.00360
0.02927
0.00165
-0.00449
0.01273
0.01434
-0.00507
-0.01056
-0.00879
-0.00012
-0.00064
0.00076
0.00269
0.00427
0.00299
0.00308
0.00143
0.00259
0.00580
-0.00259
-0.00040
0.00110
0.00027
-0.00305
0.00150
-0.00183
-0.00269
-0.00171
0.00031
-0.00381
0.00125
0.00568
0.00269
0.00128
0.00339
0.00317
0.00192
-0.00232
-0.00250
0.00000
-0.00107
-0.00330
-0.00311
0.00189
0.00122
-0.00229
-0.00192
0.00000
0.00168
-0.00143
-0.00104
0.00241
0.00089
-0.00174
-0.00186
-0.00079
-0.00009
-0.00330
-0.00180
-0.00153
-0.00024
-0.00116
-0.00189
-0.00003
-0.00049
-0.00156
0.00000
0.00021
0.00006
-0.00107
-0.00055
-0.00006
-0.00076
-0.00095
-0.00217
-0.00174
-0.00128
-0.00174
-0.00180
-0.00168
-0.00125
-0.00070
-0.00153
-0.00046
0.00031
0.00110
-0.00009
-0.00067
0.00034
0.00061
-0.00046
-0.00092
-0.00031
0.00003
-0.00153
-0.00232
-0.00201
-0.00247
-0.00247
-0.00195
-0.00049
0.00009
-0.00058
-0.00049
0.00009
0.00009
-0.00073
-0.00095
-0.00027
-0.00052
-0.00131
-0.00177
-0.00128
-0.00073
-0.00131
-0.00113
-0.00061
-0.00040
-0.00034
-0.00018
0.00064
0.00092
0.00067
0.00043
0.00043
0.00027
-0.00009
-0.00037
-0.00055
-0.00113
-0.00116
-0.00058
-0.00031
-0.00052
-0.00082
-0.00061
-0.00031
-0.00024
-0.00003
0.00027
0.00037
0.00009
-0.00012
0.00003
0.00000
-0.00003
-0.00009
-0.00024
-0.00021
-0.00046
-0.00058
-0.00043
0.00018
0.00052
0.00073
0.00043
0.00027
0.00046
0.00027
0.00000
0.00018
0.00058
0.00027
-0.00043
-0.00085
-0.00034
-0.00015
-0.00046
-0.00055
-0.00009
-0.00012
0.00000
0.00000
0.00000
0.00000
0.00000
0.00000
0.00000
0.00000
0.00000
0.00000
0.00000
0.00000
0.00000
0.00000
0.00000
0.00000
0.00000
0.00000
0.00000
0.00000
0.00000
0.00000
0.00000
0.00000
0.00000
0.00000
0.00000
0.00000
0.00000
0.00000
0.00000
0.00000
0.00000
0.00000
0.00000
0.00000
0.00000
0.00000
0.00000
0.00000
0.00000
0.00000
0.00000
0.00000
0.00000
0.00000
0.00000
0.00000
0.00000
0.00000
0.00000
0.00000
0.00000
0.00000
0.00000
0.00000
0.00000
0.00000
0.00000
0.00000
0.00000
0.00000
0.00000
0.00000
0.00000
0.00000
0.00000
0.00000
0.00000
0.00000
0.00000
0.00000
0.00000
0.00000
0.00000
0.00000
0.00000
0.00000
0.00000
0.00000
0.00000
0.00000
0.00000
0.00000
0.00000
0.00000
0.00000
0.00000
0.00000
0.00000
0.00000
0.00000
0.00000
0.00000
0.00000
0.00000
0.00000
0.00000
0.00000
0.00000
0.00000
0.00000
0.00000
0.00000
0.00000
0.00000
0.00000
0.00000
0.00000
0.00000
0.00000
0.00000
0.00000
0.00000
0.00000
0.00000
0.00000
0.00000
0.00000
0.00000
0.00000
0.00000
0.00000
0.00000
0.00000
0.00000
0.00000
0.00000
0.00000
0.00000
0.00000
0.00000
0.00000
0.00000
0.00000
0.00000
0.00000
0.00000
0.00000
0.00000
0.00000
0.00000
