-0.00018
-0.00018
-0.00021
-0.00018
-0.00021
-0.00015
-0.00018
-0.00015
-0.00012
-0.00015
-0.00018
-0.00024
-0.00031
-0.00034
-0.00027
-0.00027
-0.00021
-0.00018
-0.00015
-0.00012
-0.00018
-0.00021
-0.00034
-0.00031
-0.00031
-0.00031
-0.00021
-0.00018
-0.00012
-0.00024
-0.00031
-0.00018
-0.00021
-0.00027
-0.00055
-0.00018
-0.00021
-0.00031
-0.00034
-0.00027
-0.00018
-0.00027
-0.00027
-0.00024
-0.00018
-0.00018
-0.00027
-0.00027
-0.00024
-0.00024
-0.00031
-0.00061
-0.00015
-0.00031
-0.00043
-0.00027
-0.00027
-0.00012
-0.00034
-0.00031
-0.00018
-0.00024
-0.00037
-0.00040
-0.00034
-0.00031
-0.00024
-0.00034
-0.00031
-0.00018
-0.00027
-0.00040
-0.00024
-0.00021
-0.00040
-0.00043
-0.00037
-0.00027
-0.00043
-0.00034
-0.00034
-0.00034
-0.00027
-0.00031
-0.00031
-0.00024
-0.00031
-0.00031
-0.00027
-0.00031
-0.00037
-0.00040
-0.00027
-0.00027
-0.00043
-0.00037
-0.00024
-0.00034
-0.00037
-0.00031
-0.00034
-0.00034
-0.00040
-0.00037
-0.00037
-0.00031
-0.00027
-0.00031
-0.00031
-0.00037
-0.00037
-0.00034
-0.00034
-0.00037
-0.00037
-0.00031
-0.00027
-0.00034
-0.00031
-0.00031
-0.00040
-0.00040
-0.00037
-0.00037
-0.00031
-0.00034
-0.00037
-0.00037
-0.00037
-0.00037
-0.00040
-0.00037
-0.00027
-0.00034
-0.00040
-0.00027
-0.00037
-0.00031
-0.00040
-0.00040
-0.00031
-0.00043
-0.00037
-0.00034
-0.00027
-0.00034
-0.00034
-0.00027
-0.00031
-0.00034
-0.00043
-0.00034
-0.00034
-0.00043
-0.00037
-0.00040
-0.00024
-0.00040
-0.00043
-0.00031
-0.00040
-0.00037
-0.00037
-0.00034
-0.00024
-0.00034
-0.00027
-0.00043
-0.00018
-0.00046
-0.00034
0.00006
-0.00153
0.00168
-0.00418
0.00598
-0.01001
0.00085
-0.18622
-0.06174
0.07645
-0.04001
0.03119
0.01627
0.13095
0.07550
-0.01709
-0.01773
0.02536
0.00711
-0.07837
-0.03644
0.03476
0.02460
-0.00903
0.01117
0.02109
0.01642
-0.00671
-0.03000
0.00922
0.01849
-0.00085
-0.01096
0.00455
0.01337
-0.00528
-0.00851
-0.00406
0.00766
0.00049
-0.00415
0.00308
-0.00201
0.00073
0.00659
0.00198
0.00107
0.00836
0.00076
-0.00287
-0.00281
-0.00284
-0.00201
0.00262
-0.00043
-0.00369
-0.00128
0.00284
-0.00150
0.00031
0.00565
0.00119
-0.00232
0.00101
0.00455
0.00342
-0.00278
-0.00098
-0.00107
-0.00327
-0.00284
-0.00296
0.00235
0.00064
-0.00378
-0.00226
-0.00049
0.00226
-0.00159
0.00003
0.00385
0.00055
-0.00211
-0.00327
-0.00119
-0.00049
-0.00354
-0.00143
-0.00296
-0.00223
-0.00159
-0.00052
0.00168
-0.00043
-0.00107
0.00061
0.00049
-0.00009
-0.00198
-0.00070
-0.00076
-0.00137
-0.00070
-0.00208
-0.00211
-0.00189
-0.00214
-0.00177
-0.00232
-0.00150
-0.00067
-0.00095
0.00079
0.00162
0.00159
-0.00015
-0.00064
0.00098
0.00034
-0.00131
-0.00186
-0.00082
-0.00046
-0.00287
-0.00281
-0.00183
-0.00238
-0.00278
-0.00186
0.00104
0.00183
0.00061
-0.00009
0.00006
0.00027
-0.00131
-0.00165
-0.00095
-0.00116
-0.00189
-0.00238
-0.00116
-0.00037
-0.00058
-0.00012
0.00015
0.00021
-0.00003
-0.00006
0.00061
0.00064
0.00061
0.00073
0.00067
0.00012
-0.00024
0.00006
-0.00024
-0.00162
-0.00198
-0.00079
-0.00003
-0.00061
-0.00089
0.00006
0.00061
0.00024
0.00021
0.00110
0.00153
0.00049
-0.00055
-0.00052
-0.00043
-0.00040
-0.00027
-0.00012
0.00003
-0.00015
-0.00015
0.00024
0.00073
0.00073
0.00098
0.00089
0.00073
0.00061
0.00024
0.00021
0.00034
0.00046
-0.00003
-0.00070
-0.00095
-0.00034
0.00000
-0.00021
-0.00006
0.00052
0.00000
0.00000
0.00000
0.00000
0.00000
0.00000
0.00000
0.00000
0.00000
0.00000
0.00000
0.00000
0.00000
0.00000
0.00000
0.00000
0.00000
0.00000
0.00000
0.00000
0.00000
0.00000
0.00000
0.00000
0.00000
0.00000
0.00000
0.00000
0.00000
0.00000
0.00000
0.00000
0.00000
0.00000
0.00000
0.00000
0.00000
0.00000
0.00000
0.00000
0.00000
0.00000
0.00000
0.00000
0.00000
0.00000
0.00000
0.00000
0.00000
0.00000
0.00000
0.00000
0.00000
0.00000
0.00000
0.00000
0.00000
0.00000
0.00000
0.00000
0.00000
0.00000
0.00000
0.00000
0.00000
0.00000
0.00000
0.00000
0.00000
0.00000
0.00000
0.00000
0.00000
0.00000
0.00000
0.00000
0.00000
0.00000
0.00000
0.00000
0.00000
0.00000
0.00000
0.00000
0.00000
0.00000
0.00000
0.00000
0.00000
0.00000
0.00000
0.00000
0.00000
0.00000
0.00000
0.00000
0.00000
0.00000
0.00000
0.00000
0.00000
0.00000
0.00000
0.00000
0.00000
0.00000
0.00000
0.00000
0.00000
0.00000
0.00000
0.00000
0.00000
0.00000
0.00000
0.00000
0.00000
0.00000
0.00000
0.00000
0.00000
0.00000
0.00000
0.00000
0.00000
0.00000
0.00000
0.00000
0.00000
0.00000
0.00000
0.00000
0.00000
0.00000
0.00000
0.00000
0.00000
0.00000
0.00000
0.00000
0.00000
0.00000
