-0.00031
-0.00037
-0.00037
-0.00037
-0.00040
-0.00037
-0.00031
-0.00031
-0.00027
-0.00027
-0.00024
-0.00027
-0.00034
-0.00034
-0.00034
-0.00043
-0.00034
-0.00031
-0.00034
-0.00031
-0.00034
-0.00024
-0.00024
-0.00031
-0.00031
-0.00021
-0.00021
-0.00037
-0.00034
-0.00031
-0.00031
-0.00031
-0.00037
-0.00024
-0.00049
-0.00021
-0.00031
-0.00024
-0.00027
-0.00040
-0.00024
-0.00027
-0.00027
-0.00027
-0.00031
-0.00027
-0.00021
-0.00034
-0.00024
-0.00024
-0.00018
-0.00034
-0.00034
-0.00009
-0.00027
-0.00027
-0.00031
-0.00027
-0.00024
-0.00027
-0.00034
-0.00027
-0.00024
-0.00018
-0.00021
-0.00024
-0.00012
-0.00021
-0.00027
-0.00024
-0.00018
-0.00027
-0.00031
-0.00021
-0.00027
-0.00018
-0.00021
-0.00024
-0.00021
-0.00024
-0.00024
-0.00021
-0.00015
-0.00018
-0.00021
-0.00021
-0.00015
-0.00024
-0.00021
-0.00021
-0.00015
-0.00018
-0.00018
-0.00021
-0.00018
-0.00021
-0.00015
-0.00018
-0.00024
-0.00018
-0.00021
-0.00021
-0.00018
-0.00012
-0.00015
-0.00015
-0.00012
-0.00018
-0.00012
-0.00015
-0.00021
-0.00018
-0.00015
-0.00015
-0.00018
-0.00012
-0.00015
-0.00015
-0.00015
-0.00012
-0.00015
-0.00021
-0.00015
-0.00021
-0.00015
-0.00009
-0.00012
-0.00012
-0.00012
-0.00015
-0.00012
-0.00015
-0.00015
-0.00012
-0.00024
-0.00015
-0.00009
-0.00015
-0.00012
-0.00015
-0.00018
-0.00018
-0.00012
-0.00015
-0.00018
-0.00009
-0.00009
-0.00009
-0.00009
-0.00012
-0.00012
-0.00009
-0.00006
-0.00009
-0.00009
-0.00015
-0.00015
-0.00009
-0.00021
-0.00015
-0.00012
-0.00009
-0.00009
-0.00003
-0.00006
0.00000
-0.00012
0.00000
-0.00034
0.00018
-0.00085
0.00073
-0.00143
0.00146
-0.00214
0.00241
-0.00302
0.00381
-0.03653
-0.13138
0.02502
0.00897
-0.02011
0.00586
0.00558
0.03360
0.05066
0.00018
0.00076
0.04724
-0.00574
-0.00894
0.01614
0.03622
-0.01367
-0.00662
-0.00958
-0.00787
0.00800
-0.00540
-0.02359
0.01599
0.01990
0.00055
0.00763
0.01068
-0.00281
-0.00653
-0.00385
-0.00616
0.00229
-0.00095
-0.00046
-0.00040
0.00470
0.00223
0.00455
0.00330
0.00522
0.00281
0.00000
0.00027
-0.00104
-0.00330
-0.00235
-0.00073
-0.00250
-0.00104
0.00031
0.00131
-0.00021
0.00485
0.00302
0.00076
0.00107
0.00238
0.00076
-0.00027
-0.00104
-0.00009
-0.00034
-0.00110
-0.00183
-0.00006
0.00211
-0.00101
-0.00186
-0.00067
0.00076
-0.00034
-0.00150
0.00098
0.00165
-0.00079
-0.00134
-0.00107
-0.00018
-0.00110
-0.00192
-0.00018
-0.00113
-0.00153
-0.00238
-0.00040
0.00040
-0.00076
-0.00085
0.00046
-0.00003
-0.00027
-0.00085
0.00000
-0.00052
-0.00040
-0.00095
-0.00122
-0.00101
-0.00128
-0.00159
-0.00131
-0.00143
-0.00107
-0.00119
-0.00101
0.00000
0.00049
0.00040
-0.00046
0.00024
0.00104
0.00067
-0.00012
0.00000
0.00037
-0.00024
-0.00195
-0.00208
-0.00189
-0.00235
-0.00226
-0.00140
-0.00003
0.00000
-0.00076
-0.00027
0.00064
0.00037
-0.00055
-0.00058
-0.00006
-0.00031
-0.00107
-0.00153
-0.00116
-0.00110
-0.00131
-0.00058
0.00000
0.00015
0.00000
0.00018
0.00064
0.00089
0.00082
0.00070
0.00049
0.00021
0.00009
0.00003
-0.00027
-0.00076
-0.00052
-0.00006
-0.00015
-0.00070
-0.00076
-0.00040
-0.00018
-0.00015
0.00000
0.00043
0.00076
0.00058
0.00037
0.00031
0.00000
-0.00003
0.00009
0.00027
-0.00003
-0.00058
-0.00046
0.00015
0.00067
0.00058
0.00049
0.00021
0.00040
0.00067
0.00067
0.00043
0.00064
0.00073
0.00046
-0.00018
-0.00037
0.00000
-0.00012
-0.00049
-0.00021
-0.00003
0.00000
0.00000
0.00000
0.00000
0.00000
0.00000
0.00000
0.00000
0.00000
0.00000
0.00000
0.00000
0.00000
0.00000
0.00000
0.00000
0.00000
0.00000
0.00000
0.00000
0.00000
0.00000
0.00000
0.00000
0.00000
0.00000
0.00000
0.00000
0.00000
0.00000
0.00000
0.00000
0.00000
0.00000
0.00000
0.00000
0.00000
0.00000
0.00000
0.00000
0.00000
0.00000
0.00000
0.00000
0.00000
0.00000
0.00000
0.00000
0.00000
0.00000
0.00000
0.00000
0.00000
0.00000
0.00000
0.00000
0.00000
0.00000
0.00000
0.00000
0.00000
0.00000
0.00000
0.00000
0.00000
0.00000
0.00000
0.00000
0.00000
0.00000
0.00000
0.00000
0.00000
0.00000
0.00000
0.00000
0.00000
0.00000
0.00000
0.00000
0.00000
0.00000
0.00000
0.00000
0.00000
0.00000
0.00000
0.00000
0.00000
0.00000
0.00000
0.00000
0.00000
0.00000
0.00000
0.00000
0.00000
0.00000
0.00000
0.00000
0.00000
0.00000
0.00000
0.00000
0.00000
0.00000
0.00000
0.00000
0.00000
0.00000
0.00000
0.00000
0.00000
0.00000
0.00000
0.00000
0.00000
0.00000
0.00000
0.00000
0.00000
0.00000
0.00000
0.00000
0.00000
0.00000
0.00000
0.00000
0.00000
0.00000
0.00000
0.00000
0.00000
0.00000
0.00000
0.00000
0.00000
0.00000
0.00000
0.00000
0.00000
