-0.00024
-0.00027
-0.00027
-0.00037
-0.00034
-0.00024
-0.00031
-0.00027
-0.00021
-0.00015
-0.00021
-0.00027
-0.00024
-0.00027
-0.00027
-0.00031
-0.00024
-0.00031
-0.00024
-0.00031
-0.00024
-0.00021
-0.00018
-0.00024
-0.00021
-0.00018
-0.00031
-0.00027
-0.00024
-0.00024
-0.00031
-0.00027
-0.00018
-0.00024
-0.00049
-0.00012
-0.00024
-0.00027
-0.00027
-0.00031
-0.00021
-0.00021
-0.00027
-0.00024
-0.00018
-0.00018
-0.00027
-0.00021
-0.00015
-0.00021
-0.00018
-0.00024
-0.00018
-0.00024
-0.00021
-0.00018
-0.00018
-0.00024
-0.00012
-0.00027
-0.00027
-0.00009
-0.00034
-0.00015
-0.00031
-0.00015
-0.00024
-0.00024
-0.00006
-0.00024
-0.00018
-0.00015
-0.00015
-0.00018
-0.00018
-0.00018
-0.00021
-0.00021
-0.00015
-0.00021
-0.00021
-0.00009
-0.00021
-0.00015
-0.00018
-0.00012
-0.00018
-0.00015
-0.00003
-0.00021
-0.00012
-0.00015
-0.00018
-0.00015
-0.00021
-0.00018
-0.00018
-0.00021
-0.00015
-0.00018
-0.00009
-0.00018
-0.00015
-0.00012
-0.00006
-0.00009
-0.00021
-0.00009
-0.00015
-0.00018
-0.00018
-0.00012
-0.00006
-0.00015
-0.00006
-0.00003
-0.00006
-0.00012
-0.00015
-0.00018
-0.00015
-0.00018
-0.00015
-0.00009
-0.00009
-0.00012
-0.00015
-0.00012
-0.00012
-0.00015
-0.00009
-0.00012
-0.00009
-0.00012
-0.00006
-0.00006
-0.00015
-0.00015
-0.00015
-0.00012
-0.00015
-0.00015
-0.00024
-0.00015
-0.00012
-0.00012
-0.00003
-0.00012
-0.00006
-0.00015
-0.00015
-0.00018
-0.00018
-0.00012
-0.00018
-0.00006
-0.00009
-0.00006
-0.00006
-0.00009
-0.00006
-0.00018
-0.00012
-0.00018
-0.00015
-0.00003
-0.00015
-0.00009
-0.00018
-0.00018
-0.00012
-0.00012
-0.00006
-0.00009
-0.00015
0.00000
-0.00037
0.00021
-0.00079
0.00085
-0.00150
0.00153
-0.00208
0.00201
-0.00226
0.00177
-0.04437
-0.15790
0.00073
-0.05368
0.03635
0.10205
0.09912
0.09198
-0.03043
0.04974
-0.02170
-0.02322
-0.04898
-0.05515
-0.01852
-0.00400
0.00452
0.04498
0.05157
0.00006
-0.01498
-0.00488
0.00540
-0.00665
-0.00330
-0.00070
-0.00189
0.01086
-0.00204
-0.01035
0.00272
0.00348
-0.00415
-0.00305
0.00851
0.00104
-0.00125
0.00754
0.00381
0.00134
0.00320
-0.00015
-0.00491
-0.00058
-0.00012
-0.00317
-0.00391
0.00217
0.00012
0.00140
0.00314
0.00204
-0.00012
0.00409
0.00357
0.00034
0.00186
0.00250
0.00067
-0.00165
-0.00037
-0.00034
-0.00430
-0.00177
-0.00137
0.00046
0.00180
0.00061
0.00278
-0.00015
-0.00031
0.00000
-0.00061
0.00211
-0.00122
-0.00201
-0.00092
-0.00049
-0.00098
-0.00281
-0.00027
0.00012
-0.00247
-0.00037
-0.00137
0.00015
0.00061
0.00046
0.00119
0.00000
-0.00021
-0.00067
-0.00085
-0.00018
-0.00198
-0.00055
-0.00107
-0.00192
-0.00165
-0.00211
-0.00125
-0.00085
-0.00122
-0.00073
-0.00092
0.00040
0.00119
0.00122
0.00177
0.00052
0.00061
-0.00049
-0.00131
-0.00122
-0.00183
-0.00171
-0.00208
-0.00186
-0.00137
-0.00253
-0.00238
-0.00177
-0.00015
0.00140
0.00162
0.00177
0.00046
-0.00067
-0.00134
-0.00146
-0.00104
-0.00174
-0.00198
-0.00156
-0.00104
-0.00082
-0.00098
-0.00003
0.00076
0.00043
0.00018
-0.00024
-0.00021
-0.00018
0.00015
0.00098
0.00082
0.00018
-0.00055
-0.00067
-0.00034
-0.00079
-0.00153
-0.00168
-0.00125
-0.00055
0.00006
0.00043
-0.00006
-0.00043
0.00027
0.00119
0.00134
0.00049
-0.00049
-0.00089
-0.00092
-0.00076
-0.00027
0.00000
0.00000
-0.00027
-0.00034
-0.00015
0.00009
0.00049
0.00089
0.00122
0.00070
0.00015
-0.00003
0.00018
0.00021
-0.00009
-0.00027
-0.00058
0.00000
0.00000
0.00000
0.00000
0.00000
0.00000
0.00000
0.00000
0.00000
0.00000
0.00000
0.00000
0.00000
0.00000
0.00000
0.00000
0.00000
0.00000
0.00000
0.00000
0.00000
0.00000
0.00000
0.00000
0.00000
0.00000
0.00000
0.00000
0.00000
0.00000
0.00000
0.00000
0.00000
0.00000
0.00000
0.00000
0.00000
0.00000
0.00000
0.00000
0.00000
0.00000
0.00000
0.00000
0.00000
0.00000
0.00000
0.00000
0.00000
0.00000
0.00000
0.00000
0.00000
0.00000
0.00000
0.00000
0.00000
0.00000
0.00000
0.00000
0.00000
0.00000
0.00000
0.00000
0.00000
0.00000
0.00000
0.00000
0.00000
0.00000
0.00000
0.00000
0.00000
0.00000
0.00000
0.00000
0.00000
0.00000
0.00000
0.00000
0.00000
0.00000
0.00000
0.00000
0.00000
0.00000
0.00000
0.00000
0.00000
0.00000
0.00000
0.00000
0.00000
0.00000
0.00000
0.00000
0.00000
0.00000
0.00000
0.00000
0.00000
0.00000
0.00000
0.00000
0.00000
0.00000
0.00000
0.00000
0.00000
0.00000
0.00000
0.00000
0.00000
0.00000
0.00000
0.00000
0.00000
0.00000
0.00000
0.00000
0.00000
0.00000
0.00000
0.00000
0.00000
0.00000
0.00000
0.00000
0.00000
0.00000
0.00000
0.00000
0.00000
0.00000
0.00000
0.00000
0.00000
0.00000
0.00000
0.00000
