-0.00024
-0.00027
-0.00027
-0.00021
-0.00021
-0.00024
-0.00021
-0.00018
-0.00018
-0.00021
-0.00021
-0.00024
-0.00021
-0.00027
-0.00034
-0.00031
-0.00024
-0.00027
-0.00024
-0.00021
-0.00021
-0.00024
-0.00024
-0.00021
-0.00021
-0.00024
-0.00021
-0.00021
-0.00024
-0.00027
-0.00027
-0.00024
-0.00027
-0.00021
-0.00043
-0.00009
-0.00021
-0.00024
-0.00018
-0.00027
-0.00018
-0.00027
-0.00027
-0.00027
-0.00021
-0.00018
-0.00021
-0.00024
-0.00018
-0.00018
-0.00012
-0.00015
-0.00015
-0.00021
-0.00024
-0.00024
-0.00024
-0.00024
-0.00018
-0.00015
-0.00018
-0.00018
-0.00021
-0.00024
-0.00018
-0.00024
-0.00024
-0.00015
-0.00012
-0.00018
-0.00024
-0.00021
-0.00024
-0.00027
-0.00027
-0.00031
-0.00027
-0.00021
-0.00021
-0.00021
-0.00018
-0.00024
-0.00024
-0.00024
-0.00021
-0.00018
-0.00021
-0.00024
-0.00021
-0.00018
-0.00015
-0.00015
-0.00015
-0.00012
-0.00015
-0.00015
-0.00018
-0.00015
-0.00018
-0.00024
-0.00024
-0.00024
-0.00024
-0.00024
-0.00018
-0.00021
-0.00021
-0.00018
-0.00015
-0.00015
-0.00012
-0.00015
-0.00018
-0.00024
-0.00031
-0.00024
-0.00027
-0.00027
-0.00024
-0.00021
-0.00021
-0.00018
-0.00015
-0.00015
-0.00018
-0.00021
-0.00021
-0.00021
-0.00021
-0.00027
-0.00024
-0.00021
-0.00027
-0.00024
-0.00021
-0.00021
-0.00018
-0.00021
-0.00024
-0.00027
-0.00027
-0.00024
-0.00018
-0.00015
-0.00018
-0.00021
-0.00018
-0.00021
-0.00027
-0.00024
-0.00024
-0.00024
-0.00024
-0.00024
-0.00021
-0.00024
-0.00024
-0.00024
-0.00021
-0.00021
-0.00021
-0.00015
-0.00018
-0.00021
-0.00021
-0.00021
-0.00021
-0.00024
-0.00021
-0.00021
-0.00024
-0.00024
-0.00024
-0.00024
-0.00021
-0.00018
-0.00018
-0.00015
-0.00021
-0.00031
-0.00018
-0.00027
-0.00031
-0.00024
-0.00018
-0.00021
-0.00024
-0.00021
-0.00024
-0.00021
-0.00021
-0.00021
-0.00018
-0.00021
-0.00024
-0.00021
-0.00024
-0.00034
-0.00034
-0.00037
-0.00061
-0.00024
0.00000
0.00055
-0.00076
-0.00183
-0.01569
-0.02682
-0.02341
-0.01947
-0.00427
0.00507
0.01550
0.01297
0.01495
0.01862
0.00900
0.00259
-0.00568
-0.01065
-0.00858
-0.00342
0.00159
0.00781
0.00986
0.00577
0.00323
0.00375
0.00159
-0.00143
-0.00095
-0.00113
-0.00024
0.00165
0.00076
0.00079
0.00250
0.00195
0.00027
0.00055
0.00076
-0.00031
0.00031
0.00137
0.00101
0.00156
0.00195
0.00052
0.00031
0.00052
0.00095
0.00113
0.00024
-0.00046
-0.00076
-0.00070
-0.00061
0.00034
0.00137
0.00150
0.00143
0.00150
0.00134
0.00125
0.00064
-0.00021
-0.00006
-0.00012
-0.00049
-0.00049
-0.00021
0.00009
0.00024
0.00012
-0.00031
-0.00006
0.00024
0.00015
0.00012
0.00015
-0.00009
-0.00043
-0.00058
-0.00024
-0.00024
-0.00061
-0.00085
-0.00085
-0.00052
-0.00058
-0.00098
-0.00082
-0.00052
-0.00037
-0.00049
-0.00064
-0.00012
0.00009
0.00000
-0.00058
-0.00089
-0.00052
-0.00034
-0.00085
-0.00156
-0.00159
-0.00076
-0.00043
-0.00095
-0.00156
-0.00137
-0.00052
-0.00021
-0.00021
-0.00015
0.00021
0.00037
-0.00003
-0.00034
-0.00031
-0.00027
-0.00082
-0.00156
-0.00122
-0.00061
-0.00085
-0.00171
-0.00159
-0.00024
0.00018
-0.00049
-0.00104
-0.00073
-0.00034
-0.00040
-0.00031
-0.00037
-0.00082
-0.00119
-0.00107
-0.00067
-0.00070
-0.00079
-0.00052
-0.00021
-0.00024
-0.00018
-0.00015
-0.00040
-0.00070
-0.00058
-0.00012
0.00018
0.00012
-0.00006
-0.00003
0.00000
-0.00018
-0.00064
-0.00082
-0.00052
-0.00024
-0.00012
-0.00015
-0.00009
-0.00003
-0.00021
-0.00024
0.00006
0.00021
-0.00006
-0.00034
-0.00015
0.00018
0.00031
0.00003
0.00000
0.00000
0.00000
0.00000
0.00000
0.00000
0.00000
0.00000
0.00000
0.00000
0.00000
0.00000
0.00000
0.00000
0.00000
0.00000
0.00000
0.00000
0.00000
0.00000
0.00000
0.00000
0.00000
0.00000
0.00000
0.00000
0.00000
0.00000
0.00000
0.00000
0.00000
0.00000
0.00000
0.00000
0.00000
0.00000
0.00000
0.00000
0.00000
0.00000
0.00000
0.00000
0.00000
0.00000
0.00000
0.00000
0.00000
0.00000
0.00000
0.00000
0.00000
0.00000
0.00000
0.00000
0.00000
0.00000
0.00000
0.00000
0.00000
0.00000
0.00000
0.00000
0.00000
0.00000
0.00000
0.00000
0.00000
0.00000
0.00000
0.00000
0.00000
0.00000
0.00000
0.00000
0.00000
0.00000
0.00000
0.00000
0.00000
0.00000
0.00000
0.00000
0.00000
0.00000
0.00000
0.00000
0.00000
0.00000
0.00000
0.00000
0.00000
0.00000
0.00000
0.00000
0.00000
0.00000
0.00000
0.00000
0.00000
0.00000
0.00000
0.00000
0.00000
0.00000
0.00000
0.00000
0.00000
0.00000
0.00000
0.00000
0.00000
0.00000
0.00000
0.00000
0.00000
0.00000
0.00000
0.00000
0.00000
0.00000
0.00000
0.00000
0.00000
0.00000
0.00000
0.00000
0.00000
0.00000
0.00000
0.00000
0.00000
0.00000
0.00000
0.00000
0.00000
0.00000
