0.00000
0.00000
-0.00006
0.00000
0.00000
-0.00006
0.00000
0.00000
0.00003
0.00000
0.00000
-0.00006
-0.00003
-0.00006
-0.00009
-0.00006
-0.00006
-0.00003
-0.00006
0.00000
-0.00003
-0.00006
-0.00006
-0.00006
-0.00006
-0.00006
-0.00003
-0.00006
-0.00006
-0.00009
-0.00006
-0.00006
-0.00003
0.00000
-0.00024
0.00006
-0.00003
-0.00009
-0.00006
-0.00012
-0.00009
-0.00012
-0.00006
-0.00006
-0.00003
-0.00006
-0.00006
-0.00012
-0.00009
-0.00012
-0.00012
-0.00012
-0.00009
-0.00009
-0.00009
-0.00003
-0.00006
-0.00006
-0.00009
-0.00009
-0.00009
-0.00009
-0.00009
-0.00006
-0.00006
-0.00009
-0.00009
-0.00012
-0.00006
-0.00015
-0.00015
-0.00012
-0.00018
-0.00012
-0.00012
-0.00006
-0.00006
-0.00006
-0.00006
-0.00009
-0.00012
-0.00018
-0.00015
-0.00015
-0.00015
-0.00015
-0.00009
-0.00009
-0.00009
-0.00009
-0.00009
-0.00015
-0.00021
-0.00015
-0.00018
-0.00015
-0.00018
-0.00018
-0.00018
-0.00015
-0.00012
-0.00012
-0.00009
-0.00012
-0.00018
-0.00018
-0.00015
-0.00012
-0.00012
-0.00015
-0.00015
-0.00015
-0.00012
-0.00012
-0.00015
-0.00015
-0.00015
-0.00015
-0.00012
-0.00012
-0.00018
-0.00018
-0.00018
-0.00018
-0.00018
-0.00015
-0.00018
-0.00021
-0.00021
-0.00021
-0.00021
-0.00018
-0.00015
-0.00018
-0.00015
-0.00015
-0.00021
-0.00021
-0.00021
-0.00021
-0.00024
-0.00021
-0.00018
-0.00015
-0.00012
-0.00012
-0.00015
-0.00018
-0.00021
-0.00024
-0.00027
-0.00021
-0.00021
-0.00015
-0.00015
-0.00012
-0.00018
-0.00024
-0.00024
-0.00027
-0.00024
-0.00027
-0.00024
-0.00021
-0.00021
-0.00021
-0.00021
-0.00021
-0.00024
-0.00027
-0.00027
-0.00027
-0.00024
-0.00027
-0.00024
-0.00021
-0.00027
-0.00021
-0.00024
-0.00027
-0.00024
-0.00027
-0.00024
-0.00037
-0.00031
-0.00031
-0.00052
-0.00006
-0.00076
0.00055
-0.00150
0.00159
-0.00278
-0.00009
-0.04626
-0.04642
-0.01620
-0.03064
0.02551
0.02908
0.05899
0.02359
0.01202
0.01886
-0.00580
-0.00931
-0.02625
-0.01959
-0.00824
-0.00446
0.00381
0.01962
0.01392
0.00021
-0.00638
-0.00177
0.00052
-0.00372
-0.00122
-0.00168
0.00223
0.00479
-0.00046
-0.00156
-0.00027
-0.00058
-0.00201
0.00134
0.00479
0.00238
0.00354
0.00430
0.00247
0.00122
0.00238
-0.00006
-0.00140
-0.00119
-0.00104
-0.00235
-0.00104
0.00040
0.00027
0.00125
0.00146
0.00046
-0.00012
0.00201
0.00262
0.00101
0.00171
0.00122
-0.00006
-0.00006
0.00061
-0.00110
-0.00244
-0.00089
-0.00150
-0.00067
0.00018
0.00000
0.00043
-0.00015
-0.00037
-0.00015
0.00174
0.00125
-0.00067
-0.00055
-0.00101
-0.00122
-0.00156
-0.00177
-0.00073
-0.00073
-0.00073
-0.00043
-0.00021
-0.00009
-0.00064
-0.00046
-0.00070
-0.00104
-0.00040
-0.00034
-0.00046
-0.00082
-0.00110
-0.00064
-0.00104
-0.00140
-0.00189
-0.00189
-0.00137
-0.00116
-0.00101
-0.00104
-0.00107
-0.00037
-0.00012
0.00024
0.00034
0.00021
0.00000
-0.00067
-0.00116
-0.00168
-0.00183
-0.00171
-0.00159
-0.00116
-0.00131
-0.00168
-0.00162
-0.00128
-0.00049
0.00000
0.00006
0.00006
-0.00046
-0.00092
-0.00134
-0.00125
-0.00101
-0.00116
-0.00134
-0.00143
-0.00110
-0.00095
-0.00104
-0.00079
-0.00027
0.00006
-0.00012
-0.00064
-0.00049
-0.00024
-0.00024
-0.00037
-0.00037
-0.00031
-0.00070
-0.00098
-0.00089
-0.00073
-0.00073
-0.00092
-0.00095
-0.00067
-0.00037
-0.00034
-0.00055
-0.00055
-0.00024
0.00000
0.00003
-0.00018
-0.00034
-0.00040
-0.00055
-0.00055
-0.00043
-0.00034
-0.00043
-0.00043
-0.00018
-0.00006
-0.00018
-0.00021
0.00018
0.00049
0.00037
-0.00006
0.00000
0.00000
0.00000
0.00000
0.00000
0.00000
0.00000
0.00000
0.00000
0.00000
0.00000
0.00000
0.00000
0.00000
0.00000
0.00000
0.00000
0.00000
0.00000
0.00000
0.00000
0.00000
0.00000
0.00000
0.00000
0.00000
0.00000
0.00000
0.00000
0.00000
0.00000
0.00000
0.00000
0.00000
0.00000
0.00000
0.00000
0.00000
0.00000
0.00000
0.00000
0.00000
0.00000
0.00000
0.00000
0.00000
0.00000
0.00000
0.00000
0.00000
0.00000
0.00000
0.00000
0.00000
0.00000
0.00000
0.00000
0.00000
0.00000
0.00000
0.00000
0.00000
0.00000
0.00000
0.00000
0.00000
0.00000
0.00000
0.00000
0.00000
0.00000
0.00000
0.00000
0.00000
0.00000
0.00000
0.00000
0.00000
0.00000
0.00000
0.00000
0.00000
0.00000
0.00000
0.00000
0.00000
0.00000
0.00000
0.00000
0.00000
0.00000
0.00000
0.00000
0.00000
0.00000
0.00000
0.00000
0.00000
0.00000
0.00000
0.00000
0.00000
0.00000
0.00000
0.00000
0.00000
0.00000
0.00000
0.00000
0.00000
0.00000
0.00000
0.00000
0.00000
0.00000
0.00000
0.00000
0.00000
0.00000
0.00000
0.00000
0.00000
0.00000
0.00000
0.00000
0.00000
0.00000
0.00000
0.00000
0.00000
0.00000
0.00000
0.00000
0.00000
0.00000
0.00000
0.00000
0.00000
