-0.00034
-0.00034
-0.00046
-0.00049
-0.00040
-0.00046
-0.00046
-0.00043
-0.00043
-0.00031
-0.00040
-0.00046
-0.00040
-0.00043
-0.00046
-0.00037
-0.00034
-0.00043
-0.00037
-0.00043
-0.00046
-0.00043
-0.00046
-0.00043
-0.00043
-0.00040
-0.00043
-0.00040
-0.00037
-0.00046
-0.00052
-0.00046
-0.00049
-0.00043
-0.00070
-0.00034
-0.00027
-0.00034
-0.00031
-0.00037
-0.00034
-0.00037
-0.00040
-0.00043
-0.00046
-0.00043
-0.00043
-0.00040
-0.00040
-0.00024
-0.00046
-0.00052
-0.00027
-0.00055
-0.00046
-0.00046
-0.00043
-0.00040
-0.00043
-0.00043
-0.00040
-0.00046
-0.00040
-0.00037
-0.00043
-0.00034
-0.00034
-0.00037
-0.00034
-0.00027
-0.00043
-0.00049
-0.00037
-0.00043
-0.00046
-0.00040
-0.00031
-0.00040
-0.00043
-0.00040
-0.00043
-0.00040
-0.00037
-0.00037
-0.00031
-0.00031
-0.00043
-0.00034
-0.00031
-0.00037
-0.00049
-0.00040
-0.00027
-0.00034
-0.00034
-0.00024
-0.00031
-0.00034
-0.00034
-0.00046
-0.00043
-0.00040
-0.00040
-0.00037
-0.00034
-0.00034
-0.00034
-0.00031
-0.00034
-0.00034
-0.00034
-0.00027
-0.00027
-0.00031
-0.00034
-0.00031
-0.00031
-0.00031
-0.00031
-0.00034
-0.00037
-0.00031
-0.00034
-0.00034
-0.00031
-0.00034
-0.00031
-0.00027
-0.00024
-0.00024
-0.00027
-0.00021
-0.00024
-0.00037
-0.00031
-0.00034
-0.00040
-0.00034
-0.00031
-0.00024
-0.00027
-0.00027
-0.00024
-0.00021
-0.00027
-0.00031
-0.00027
-0.00021
-0.00021
-0.00027
-0.00021
-0.00024
-0.00027
-0.00024
-0.00027
-0.00024
-0.00015
-0.00027
-0.00027
-0.00021
-0.00024
-0.00024
-0.00024
-0.00027
-0.00009
-0.00027
-0.00006
-0.00040
0.00027
-0.00098
0.00095
-0.00189
0.00201
-0.00323
0.00351
-0.00522
0.00635
-0.05078
-0.13828
0.04190
0.00186
-0.01810
0.00897
0.01550
0.04642
0.04178
-0.01279
0.01175
0.04565
-0.01141
-0.02109
0.01535
0.04462
-0.01294
-0.00275
-0.00842
-0.00446
0.00299
-0.01254
-0.01895
0.02203
0.01773
-0.00546
0.00555
0.01559
0.00146
-0.00769
-0.00879
-0.00522
0.00098
-0.00089
0.00125
0.00134
0.00482
0.00150
0.00415
0.00110
0.00687
0.00165
-0.00128
0.00027
0.00064
-0.00327
-0.00153
-0.00037
-0.00345
-0.00137
-0.00024
-0.00110
-0.00095
0.00519
0.00430
0.00085
0.00195
0.00336
0.00174
-0.00095
-0.00345
0.00101
-0.00079
-0.00229
-0.00281
-0.00058
0.00302
-0.00098
-0.00229
-0.00076
0.00131
-0.00009
-0.00229
0.00159
0.00241
-0.00113
-0.00189
-0.00146
0.00000
-0.00150
-0.00269
-0.00085
-0.00043
-0.00067
-0.00247
-0.00070
0.00055
-0.00101
-0.00101
0.00052
0.00006
-0.00009
-0.00110
0.00018
-0.00052
-0.00067
-0.00153
-0.00180
-0.00095
-0.00107
-0.00183
-0.00131
-0.00159
-0.00058
-0.00116
-0.00113
0.00018
0.00070
0.00058
-0.00052
0.00006
0.00098
0.00027
-0.00064
-0.00024
0.00049
-0.00021
-0.00211
-0.00198
-0.00201
-0.00211
-0.00217
-0.00122
0.00000
-0.00003
-0.00049
-0.00015
0.00046
0.00015
-0.00064
-0.00046
-0.00009
-0.00055
-0.00113
-0.00131
-0.00073
-0.00085
-0.00119
-0.00067
-0.00018
0.00000
0.00000
0.00034
0.00092
0.00095
0.00079
0.00079
0.00061
0.00031
0.00006
0.00006
-0.00046
-0.00098
-0.00055
0.00003
-0.00003
-0.00061
-0.00061
-0.00021
-0.00003
0.00000
0.00024
0.00052
0.00067
0.00043
0.00031
0.00037
0.00024
0.00015
0.00003
0.00012
0.00000
-0.00037
-0.00037
0.00018
0.00073
0.00095
0.00070
0.00040
0.00055
0.00073
0.00055
0.00034
0.00064
0.00061
0.00031
-0.00031
-0.00043
0.00000
0.00000
-0.00043
-0.00021
0.00012
0.00000
0.00000
0.00000
0.00000
0.00000
0.00000
0.00000
0.00000
0.00000
0.00000
0.00000
0.00000
0.00000
0.00000
0.00000
0.00000
0.00000
0.00000
0.00000
0.00000
0.00000
0.00000
0.00000
0.00000
0.00000
0.00000
0.00000
0.00000
0.00000
0.00000
0.00000
0.00000
0.00000
0.00000
0.00000
0.00000
0.00000
0.00000
0.00000
0.00000
0.00000
0.00000
0.00000
0.00000
0.00000
0.00000
0.00000
0.00000
0.00000
0.00000
0.00000
0.00000
0.00000
0.00000
0.00000
0.00000
0.00000
0.00000
0.00000
0.00000
0.00000
0.00000
0.00000
0.00000
0.00000
0.00000
0.00000
0.00000
0.00000
0.00000
0.00000
0.00000
0.00000
0.00000
0.00000
0.00000
0.00000
0.00000
0.00000
0.00000
0.00000
0.00000
0.00000
0.00000
0.00000
0.00000
0.00000
0.00000
0.00000
0.00000
0.00000
0.00000
0.00000
0.00000
0.00000
0.00000
0.00000
0.00000
0.00000
0.00000
0.00000
0.00000
0.00000
0.00000
0.00000
0.00000
0.00000
0.00000
0.00000
0.00000
0.00000
0.00000
0.00000
0.00000
0.00000
0.00000
0.00000
0.00000
0.00000
0.00000
0.00000
0.00000
0.00000
0.00000
0.00000
0.00000
0.00000
0.00000
0.00000
0.00000
0.00000
0.00000
0.00000
0.00000
0.00000
0.00000
0.00000
0.00000
0.00000
0.00000
0.00000
0.00000
