-0.00006
-0.00009
-0.00003
0.00000
0.00000
0.00000
0.00000
0.00000
0.00000
-0.00006
-0.00012
-0.00009
-0.00006
0.00000
-0.00006
0.00000
0.00000
0.00000
0.00006
0.00000
0.00000
0.00000
0.00000
0.00000
0.00000
0.00000
-0.00003
0.00000
0.00000
-0.00006
0.00000
0.00000
-0.00003
0.00006
-0.00021
0.00015
0.00006
-0.00003
0.00000
-0.00003
0.00000
-0.00006
0.00000
0.00000
0.00000
0.00003
0.00003
0.00000
0.00000
0.00009
-0.00021
0.00015
0.00015
-0.00009
0.00009
-0.00006
0.00003
0.00000
-0.00006
0.00006
0.00003
0.00000
0.00003
0.00009
0.00003
0.00003
0.00006
0.00000
0.00009
0.00012
0.00000
0.00012
0.00009
0.00000
0.00003
0.00000
0.00000
-0.00003
0.00003
0.00006
0.00003
0.00015
0.00012
0.00006
0.00012
0.00000
0.00009
0.00009
0.00003
0.00006
0.00003
0.00015
0.00015
0.00006
0.00003
0.00012
0.00003
0.00000
0.00018
0.00009
0.00009
0.00009
0.00012
0.00015
0.00012
0.00006
0.00012
0.00018
0.00012
0.00009
0.00012
0.00012
0.00009
0.00006
0.00012
0.00012
0.00012
0.00009
0.00018
0.00012
0.00012
0.00015
0.00009
0.00015
0.00009
0.00012
0.00015
0.00015
0.00018
0.00009
0.00009
0.00018
0.00018
0.00006
0.00018
0.00018
0.00021
0.00012
0.00009
0.00024
0.00012
0.00006
0.00009
0.00021
0.00021
0.00009
0.00018
0.00018
0.00018
0.00012
0.00012
0.00018
0.00012
0.00018
0.00015
0.00027
0.00018
0.00000
0.00015
0.00009
0.00009
0.00006
0.00009
0.00024
0.00021
0.00018
0.00024
0.00009
0.00037
-0.00058
0.00137
-0.00211
0.00381
-0.00552
0.00867
-0.01230
0.01346
-0.15195
-0.09818
0.09396
-0.04764
0.02411
0.00815
0.08337
0.09595
-0.01654
-0.01682
0.02795
0.02356
-0.05640
-0.04440
0.04483
0.02609
-0.00244
-0.00256
0.01096
0.01532
-0.00735
-0.03235
0.00525
0.02954
0.00119
-0.00842
0.00531
0.01773
-0.00415
-0.01453
-0.00784
0.00766
0.00467
-0.00415
0.00555
0.00275
0.00116
0.00491
-0.00037
0.00034
0.00629
-0.00119
-0.00223
0.00067
0.00089
-0.00204
0.00348
0.00116
-0.00229
-0.00247
0.00177
-0.00284
-0.00104
0.00458
0.00137
-0.00085
0.00275
0.00519
0.00500
-0.00156
-0.00156
0.00021
-0.00192
-0.00351
-0.00363
0.00153
0.00113
-0.00266
-0.00229
-0.00180
0.00330
-0.00058
-0.00058
0.00427
0.00031
-0.00238
-0.00171
-0.00040
0.00000
-0.00320
-0.00143
-0.00232
-0.00140
-0.00137
-0.00150
0.00168
-0.00046
-0.00208
0.00110
0.00076
0.00021
-0.00143
-0.00046
0.00009
-0.00137
-0.00079
-0.00211
-0.00146
-0.00113
-0.00235
-0.00165
-0.00183
-0.00153
-0.00040
-0.00113
0.00015
0.00104
0.00180
0.00024
-0.00079
0.00082
0.00049
-0.00082
-0.00131
-0.00070
0.00018
-0.00189
-0.00275
-0.00195
-0.00220
-0.00235
-0.00214
0.00000
0.00116
0.00043
0.00015
0.00009
0.00009
-0.00092
-0.00128
-0.00037
-0.00095
-0.00174
-0.00195
-0.00107
-0.00049
-0.00119
-0.00067
0.00018
0.00006
-0.00040
-0.00043
0.00079
0.00104
0.00049
0.00064
0.00082
0.00058
-0.00012
-0.00021
-0.00021
-0.00113
-0.00159
-0.00095
-0.00015
-0.00046
-0.00113
-0.00049
0.00024
0.00031
0.00027
0.00067
0.00116
0.00061
-0.00031
-0.00043
-0.00049
-0.00046
-0.00018
0.00012
0.00021
-0.00043
-0.00070
-0.00027
0.00055
0.00089
0.00095
0.00067
0.00037
0.00058
0.00049
0.00040
0.00027
0.00024
-0.00003
-0.00067
-0.00089
-0.00031
-0.00003
-0.00052
-0.00052
0.00012
0.00024
0.00000
0.00000
0.00000
0.00000
0.00000
0.00000
0.00000
0.00000
0.00000
0.00000
0.00000
0.00000
0.00000
0.00000
0.00000
0.00000
0.00000
0.00000
0.00000
0.00000
0.00000
0.00000
0.00000
0.00000
0.00000
0.00000
0.00000
0.00000
0.00000
0.00000
0.00000
0.00000
0.00000
0.00000
0.00000
0.00000
0.00000
0.00000
0.00000
0.00000
0.00000
0.00000
0.00000
0.00000
0.00000
0.00000
0.00000
0.00000
0.00000
0.00000
0.00000
0.00000
0.00000
0.00000
0.00000
0.00000
0.00000
0.00000
0.00000
0.00000
0.00000
0.00000
0.00000
0.00000
0.00000
0.00000
0.00000
0.00000
0.00000
0.00000
0.00000
0.00000
0.00000
0.00000
0.00000
0.00000
0.00000
0.00000
0.00000
0.00000
0.00000
0.00000
0.00000
0.00000
0.00000
0.00000
0.00000
0.00000
0.00000
0.00000
0.00000
0.00000
0.00000
0.00000
0.00000
0.00000
0.00000
0.00000
0.00000
0.00000
0.00000
0.00000
0.00000
0.00000
0.00000
0.00000
0.00000
0.00000
0.00000
0.00000
0.00000
0.00000
0.00000
0.00000
0.00000
0.00000
0.00000
0.00000
0.00000
0.00000
0.00000
0.00000
0.00000
0.00000
0.00000
0.00000
0.00000
0.00000
0.00000
0.00000
0.00000
0.00000
0.00000
0.00000
0.00000
0.00000
0.00000
0.00000
0.00000
0.00000
0.00000
0.00000
