-0.00015
-0.00015
-0.00015
-0.00015
-0.00012
-0.00012
-0.00012
-0.00015
-0.00012
-0.00012
-0.00018
-0.00018
-0.00021
-0.00024
-0.00021
-0.00018
-0.00015
-0.00012
-0.00009
-0.00012
-0.00018
-0.00015
-0.00018
-0.00018
-0.00018
-0.00021
-0.00021
-0.00018
-0.00012
-0.00015
-0.00012
-0.00015
-0.00018
-0.00012
-0.00040
-0.00006
-0.00015
-0.00024
-0.00015
-0.00021
-0.00012
-0.00015
-0.00015
-0.00018
-0.00021
-0.00021
-0.00018
-0.00024
-0.00027
-0.00021
-0.00021
-0.00024
-0.00024
-0.00021
-0.00021
-0.00021
-0.00015
-0.00015
-0.00021
-0.00024
-0.00027
-0.00027
-0.00027
-0.00021
-0.00024
-0.00021
-0.00021
-0.00024
-0.00027
-0.00024
-0.00021
-0.00031
-0.00027
-0.00024
-0.00027
-0.00024
-0.00021
-0.00021
-0.00027
-0.00027
-0.00027
-0.00024
-0.00021
-0.00021
-0.00021
-0.00024
-0.00021
-0.00021
-0.00021
-0.00024
-0.00027
-0.00027
-0.00027
-0.00027
-0.00024
-0.00021
-0.00021
-0.00021
-0.00021
-0.00021
-0.00024
-0.00031
-0.00027
-0.00027
-0.00027
-0.00027
-0.00021
-0.00021
-0.00027
-0.00024
-0.00024
-0.00024
-0.00027
-0.00027
-0.00031
-0.00031
-0.00021
-0.00024
-0.00027
-0.00024
-0.00024
-0.00027
-0.00027
-0.00027
-0.00027
-0.00034
-0.00034
-0.00031
-0.00024
-0.00021
-0.00024
-0.00024
-0.00024
-0.00027
-0.00027
-0.00027
-0.00034
-0.00037
-0.00034
-0.00031
-0.00034
-0.00031
-0.00027
-0.00031
-0.00034
-0.00031
-0.00024
-0.00024
-0.00027
-0.00034
-0.00034
-0.00037
-0.00034
-0.00034
-0.00031
-0.00024
-0.00027
-0.00024
-0.00024
-0.00027
-0.00034
-0.00034
-0.00031
-0.00031
-0.00027
-0.00031
-0.00027
-0.00024
-0.00031
-0.00027
-0.00027
-0.00031
-0.00027
-0.00027
-0.00027
-0.00031
-0.00027
-0.00021
-0.00027
-0.00024
-0.00021
-0.00024
-0.00021
-0.00027
-0.00031
-0.00034
-0.00024
-0.00052
-0.00015
-0.00052
-0.00003
-0.00079
0.00027
-0.00092
0.00046
-0.01505
-0.04575
-0.01950
-0.00797
-0.00677
-0.00168
0.00510
0.02200
0.02417
0.03125
0.02798
0.01453
-0.00525
-0.02054
-0.01514
-0.00339
-0.00525
-0.00903
-0.00345
0.00012
0.00244
0.00708
0.00421
0.00189
0.00281
0.00253
-0.00079
0.00125
-0.00006
-0.00552
-0.00406
-0.00146
0.00061
0.00275
0.00497
0.00314
0.00360
0.00577
0.00330
-0.00021
-0.00027
-0.00064
-0.00110
0.00021
0.00089
0.00037
0.00027
-0.00021
-0.00037
-0.00012
0.00015
-0.00021
-0.00061
0.00122
0.00198
0.00125
0.00150
0.00262
0.00235
0.00012
-0.00070
-0.00012
-0.00064
-0.00104
-0.00143
-0.00082
0.00049
0.00000
-0.00061
-0.00009
0.00070
0.00034
-0.00031
0.00021
0.00031
-0.00012
-0.00027
-0.00018
-0.00009
-0.00098
-0.00134
-0.00110
-0.00095
-0.00070
-0.00095
-0.00049
-0.00012
-0.00037
-0.00046
-0.00037
-0.00006
-0.00024
-0.00073
-0.00064
-0.00061
-0.00040
-0.00095
-0.00162
-0.00156
-0.00113
-0.00104
-0.00137
-0.00140
-0.00101
-0.00082
-0.00070
-0.00027
-0.00006
-0.00009
-0.00018
-0.00006
-0.00003
-0.00027
-0.00067
-0.00076
-0.00076
-0.00116
-0.00156
-0.00171
-0.00198
-0.00198
-0.00140
-0.00070
-0.00040
-0.00055
-0.00058
-0.00034
-0.00009
-0.00024
-0.00058
-0.00073
-0.00101
-0.00134
-0.00122
-0.00092
-0.00079
-0.00101
-0.00104
-0.00064
-0.00027
-0.00034
-0.00058
-0.00031
-0.00003
-0.00006
-0.00018
-0.00024
-0.00037
-0.00046
-0.00034
-0.00021
-0.00024
-0.00073
-0.00107
-0.00092
-0.00064
-0.00064
-0.00067
-0.00052
-0.00037
-0.00021
-0.00003
0.00003
0.00000
-0.00012
-0.00015
-0.00012
-0.00012
-0.00021
-0.00049
-0.00058
-0.00052
-0.00034
-0.00003
0.00009
0.00000
-0.00015
-0.00006
0.00006
0.00012
0.00009
0.00003
-0.00018
0.00000
0.00000
0.00000
0.00000
0.00000
0.00000
0.00000
0.00000
0.00000
0.00000
0.00000
0.00000
0.00000
0.00000
0.00000
0.00000
0.00000
0.00000
0.00000
0.00000
0.00000
0.00000
0.00000
0.00000
0.00000
0.00000
0.00000
0.00000
0.00000
0.00000
0.00000
0.00000
0.00000
0.00000
0.00000
0.00000
0.00000
0.00000
0.00000
0.00000
0.00000
0.00000
0.00000
0.00000
0.00000
0.00000
0.00000
0.00000
0.00000
0.00000
0.00000
0.00000
0.00000
0.00000
0.00000
0.00000
0.00000
0.00000
0.00000
0.00000
0.00000
0.00000
0.00000
0.00000
0.00000
0.00000
0.00000
0.00000
0.00000
0.00000
0.00000
0.00000
0.00000
0.00000
0.00000
0.00000
0.00000
0.00000
0.00000
0.00000
0.00000
0.00000
0.00000
0.00000
0.00000
0.00000
0.00000
0.00000
0.00000
0.00000
0.00000
0.00000
0.00000
0.00000
0.00000
0.00000
0.00000
0.00000
0.00000
0.00000
0.00000
0.00000
0.00000
0.00000
0.00000
0.00000
0.00000
0.00000
0.00000
0.00000
0.00000
0.00000
0.00000
0.00000
0.00000
0.00000
0.00000
0.00000
0.00000
0.00000
0.00000
0.00000
0.00000
0.00000
0.00000
0.00000
0.00000
0.00000
0.00000
0.00000
0.00000
0.00000
0.00000
0.00000
