-0.00055
-0.00055
-0.00046
-0.00049
-0.00052
-0.00055
-0.00055
-0.00055
-0.00058
-0.00061
-0.00055
-0.00055
-0.00052
-0.00052
-0.00052
-0.00052
-0.00058
-0.00058
-0.00058
-0.00058
-0.00058
-0.00058
-0.00049
-0.00046
-0.00052
-0.00055
-0.00052
-0.00055
-0.00058
-0.00058
-0.00058
-0.00058
-0.00061
-0.00055
-0.00076
-0.00040
-0.00046
-0.00052
-0.00043
-0.00049
-0.00049
-0.00055
-0.00052
-0.00052
-0.00055
-0.00055
-0.00049
-0.00049
-0.00052
-0.00049
-0.00049
-0.00052
-0.00055
-0.00055
-0.00052
-0.00052
-0.00052
-0.00052
-0.00049
-0.00049
-0.00049
-0.00046
-0.00043
-0.00046
-0.00046
-0.00046
-0.00046
-0.00049
-0.00046
-0.00046
-0.00052
-0.00049
-0.00046
-0.00043
-0.00043
-0.00046
-0.00046
-0.00049
-0.00049
-0.00049
-0.00046
-0.00043
-0.00049
-0.00049
-0.00043
-0.00040
-0.00043
-0.00043
-0.00040
-0.00043
-0.00046
-0.00043
-0.00040
-0.00043
-0.00043
-0.00046
-0.00046
-0.00049
-0.00046
-0.00046
-0.00043
-0.00040
-0.00040
-0.00043
-0.00040
-0.00040
-0.00037
-0.00040
-0.00040
-0.00043
-0.00043
-0.00040
-0.00043
-0.00046
-0.00043
-0.00037
-0.00040
-0.00040
-0.00034
-0.00034
-0.00037
-0.00037
-0.00040
-0.00046
-0.00046
-0.00043
-0.00040
-0.00034
-0.00031
-0.00034
-0.00031
-0.00031
-0.00037
-0.00037
-0.00034
-0.00040
-0.00043
-0.00037
-0.00034
-0.00034
-0.00037
-0.00034
-0.00031
-0.00031
-0.00034
-0.00031
-0.00034
-0.00037
-0.00034
-0.00031
-0.00031
-0.00037
-0.00034
-0.00031
-0.00031
-0.00034
-0.00034
-0.00027
-0.00034
-0.00034
-0.00031
-0.00024
-0.00027
-0.00024
-0.00021
-0.00024
-0.00027
-0.00031
-0.00031
-0.00034
-0.00031
-0.00037
-0.00031
-0.00027
-0.00034
-0.00027
-0.00024
-0.00027
-0.00027
-0.00024
-0.00024
-0.00031
-0.00037
-0.00037
-0.00034
-0.00040
-0.00027
-0.00009
-0.00012
-0.00027
0.00000
-0.00052
0.00021
-0.00116
0.00092
-0.00211
-0.00076
-0.03619
-0.03485
-0.01639
-0.02481
0.01367
0.01895
0.04474
0.02063
0.01462
0.01675
-0.00323
-0.00598
-0.01752
-0.01416
-0.00705
-0.00638
-0.00159
0.01031
0.00970
0.00009
-0.00320
0.00003
0.00024
-0.00122
0.00211
0.00247
0.00342
0.00305
-0.00183
-0.00186
0.00165
0.00259
0.00143
0.00244
0.00302
0.00024
0.00174
0.00293
0.00183
0.00089
0.00128
-0.00012
-0.00049
0.00052
0.00076
-0.00061
0.00009
0.00031
0.00000
0.00006
0.00134
0.00131
0.00034
0.00177
0.00159
0.00119
0.00180
0.00180
0.00067
0.00009
0.00085
-0.00119
-0.00208
-0.00082
-0.00067
-0.00003
0.00037
0.00031
0.00070
0.00098
0.00079
0.00024
0.00082
0.00015
-0.00092
-0.00024
-0.00003
-0.00024
-0.00034
-0.00073
-0.00015
-0.00040
-0.00043
-0.00070
-0.00101
-0.00070
-0.00055
0.00021
0.00015
0.00000
0.00012
-0.00012
-0.00006
-0.00040
-0.00079
-0.00085
-0.00116
-0.00095
-0.00085
-0.00104
-0.00134
-0.00137
-0.00085
-0.00034
-0.00031
-0.00003
0.00012
0.00064
0.00049
-0.00018
-0.00061
-0.00070
-0.00034
-0.00040
-0.00076
-0.00089
-0.00101
-0.00104
-0.00146
-0.00137
-0.00085
-0.00070
-0.00055
-0.00027
0.00031
0.00043
-0.00003
-0.00043
-0.00055
-0.00046
-0.00061
-0.00092
-0.00107
-0.00119
-0.00095
-0.00061
-0.00040
-0.00021
-0.00021
-0.00015
-0.00012
-0.00015
-0.00009
-0.00009
0.00000
-0.00006
-0.00012
-0.00003
0.00009
0.00012
-0.00012
-0.00052
-0.00067
-0.00058
-0.00055
-0.00064
-0.00037
-0.00003
-0.00003
-0.00006
0.00012
0.00046
0.00052
0.00024
0.00009
0.00006
-0.00009
-0.00021
-0.00015
0.00006
0.00027
0.00000
-0.00031
-0.00031
0.00015
0.00070
0.00064
0.00015
-0.00006
0.00003
0.00018
-0.00034
0.00000
0.00000
0.00000
0.00000
0.00000
0.00000
0.00000
0.00000
0.00000
0.00000
0.00000
0.00000
0.00000
0.00000
0.00000
0.00000
0.00000
0.00000
0.00000
0.00000
0.00000
0.00000
0.00000
0.00000
0.00000
0.00000
0.00000
0.00000
0.00000
0.00000
0.00000
0.00000
0.00000
0.00000
0.00000
0.00000
0.00000
0.00000
0.00000
0.00000
0.00000
0.00000
0.00000
0.00000
0.00000
0.00000
0.00000
0.00000
0.00000
0.00000
0.00000
0.00000
0.00000
0.00000
0.00000
0.00000
0.00000
0.00000
0.00000
0.00000
0.00000
0.00000
0.00000
0.00000
0.00000
0.00000
0.00000
0.00000
0.00000
0.00000
0.00000
0.00000
0.00000
0.00000
0.00000
0.00000
0.00000
0.00000
0.00000
0.00000
0.00000
0.00000
0.00000
0.00000
0.00000
0.00000
0.00000
0.00000
0.00000
0.00000
0.00000
0.00000
0.00000
0.00000
0.00000
0.00000
0.00000
0.00000
0.00000
0.00000
0.00000
0.00000
0.00000
0.00000
0.00000
0.00000
0.00000
0.00000
0.00000
0.00000
0.00000
0.00000
0.00000
0.00000
0.00000
0.00000
0.00000
0.00000
0.00000
0.00000
0.00000
0.00000
0.00000
0.00000
0.00000
0.00000
0.00000
0.00000
0.00000
0.00000
0.00000
0.00000
0.00000
