-0.00027
-0.00024
-0.00027
-0.00031
-0.00024
-0.00024
-0.00024
-0.00027
-0.00024
-0.00024
-0.00031
-0.00027
-0.00027
-0.00031
-0.00034
-0.00031
-0.00027
-0.00027
-0.00024
-0.00024
-0.00027
-0.00031
-0.00031
-0.00034
-0.00034
-0.00034
-0.00031
-0.00031
-0.00027
-0.00027
-0.00031
-0.00027
-0.00031
-0.00027
-0.00049
-0.00018
-0.00031
-0.00037
-0.00031
-0.00040
-0.00037
-0.00034
-0.00031
-0.00034
-0.00031
-0.00034
-0.00034
-0.00037
-0.00034
-0.00034
-0.00040
-0.00037
-0.00037
-0.00037
-0.00040
-0.00040
-0.00037
-0.00040
-0.00040
-0.00037
-0.00034
-0.00031
-0.00034
-0.00034
-0.00034
-0.00037
-0.00040
-0.00037
-0.00037
-0.00040
-0.00037
-0.00034
-0.00034
-0.00037
-0.00034
-0.00034
-0.00040
-0.00043
-0.00040
-0.00043
-0.00040
-0.00040
-0.00037
-0.00034
-0.00037
-0.00037
-0.00040
-0.00043
-0.00043
-0.00046
-0.00043
-0.00040
-0.00043
-0.00037
-0.00037
-0.00034
-0.00040
-0.00040
-0.00043
-0.00043
-0.00043
-0.00043
-0.00043
-0.00040
-0.00040
-0.00037
-0.00037
-0.00040
-0.00040
-0.00040
-0.00043
-0.00043
-0.00043
-0.00040
-0.00043
-0.00046
-0.00040
-0.00040
-0.00043
-0.00043
-0.00040
-0.00043
-0.00046
-0.00046
-0.00046
-0.00046
-0.00049
-0.00046
-0.00043
-0.00046
-0.00049
-0.00046
-0.00043
-0.00043
-0.00046
-0.00043
-0.00040
-0.00043
-0.00043
-0.00043
-0.00043
-0.00046
-0.00049
-0.00052
-0.00049
-0.00046
-0.00046
-0.00043
-0.00040
-0.00043
-0.00043
-0.00043
-0.00043
-0.00046
-0.00049
-0.00046
-0.00046
-0.00043
-0.00043
-0.00043
-0.00043
-0.00043
-0.00043
-0.00046
-0.00046
-0.00040
-0.00040
-0.00040
-0.00046
-0.00043
-0.00040
-0.00046
-0.00049
-0.00046
-0.00046
-0.00046
-0.00043
-0.00037
-0.00040
-0.00049
-0.00040
-0.00049
-0.00043
-0.00037
-0.00040
-0.00040
-0.00037
-0.00037
-0.00040
-0.00034
-0.00040
-0.00040
-0.00034
-0.00040
-0.00046
-0.00052
-0.00037
-0.00061
-0.00034
-0.00061
-0.00034
-0.00049
0.00003
-0.00629
-0.02252
-0.01730
-0.02203
-0.01190
-0.00128
0.00903
0.01923
0.00732
0.01181
0.00867
0.00421
-0.00272
-0.00858
-0.00665
-0.00555
-0.00308
0.00208
0.00641
0.00772
0.00470
0.00360
0.00607
0.00345
-0.00052
-0.00067
-0.00027
0.00116
0.00037
-0.00177
-0.00192
0.00040
0.00119
0.00085
0.00177
0.00156
0.00082
0.00128
0.00183
0.00128
0.00104
0.00052
-0.00009
0.00037
0.00000
-0.00095
-0.00092
0.00015
0.00122
0.00146
0.00018
-0.00082
-0.00073
0.00003
0.00095
0.00104
0.00082
0.00089
0.00113
0.00061
0.00015
0.00043
-0.00052
-0.00156
-0.00110
-0.00006
0.00009
0.00000
0.00000
0.00009
0.00009
-0.00012
-0.00058
0.00006
0.00043
-0.00031
-0.00058
-0.00076
-0.00098
-0.00116
-0.00076
-0.00064
-0.00095
-0.00067
-0.00067
-0.00031
-0.00055
-0.00107
-0.00092
-0.00073
-0.00073
-0.00085
-0.00061
-0.00031
-0.00043
-0.00070
-0.00104
-0.00092
-0.00064
-0.00101
-0.00168
-0.00195
-0.00146
-0.00058
-0.00046
-0.00101
-0.00122
-0.00079
-0.00024
-0.00021
-0.00027
-0.00037
-0.00037
-0.00052
-0.00064
-0.00064
-0.00085
-0.00116
-0.00150
-0.00156
-0.00098
-0.00067
-0.00089
-0.00116
-0.00061
0.00012
-0.00006
-0.00082
-0.00125
-0.00113
-0.00101
-0.00079
-0.00052
-0.00061
-0.00107
-0.00125
-0.00089
-0.00064
-0.00082
-0.00076
-0.00027
-0.00003
-0.00018
-0.00024
-0.00015
-0.00021
-0.00049
-0.00058
-0.00021
-0.00003
-0.00018
-0.00043
-0.00043
-0.00037
-0.00046
-0.00061
-0.00061
-0.00037
-0.00021
-0.00021
0.00000
0.00024
0.00012
-0.00031
-0.00046
-0.00009
0.00006
-0.00021
-0.00061
-0.00046
0.00000
0.00027
0.00006
-0.00015
-0.00031
-0.00024
-0.00015
0.00000
0.00000
0.00000
0.00000
0.00000
0.00000
0.00000
0.00000
0.00000
0.00000
0.00000
0.00000
0.00000
0.00000
0.00000
0.00000
0.00000
0.00000
0.00000
0.00000
0.00000
0.00000
0.00000
0.00000
0.00000
0.00000
0.00000
0.00000
0.00000
0.00000
0.00000
0.00000
0.00000
0.00000
0.00000
0.00000
0.00000
0.00000
0.00000
0.00000
0.00000
0.00000
0.00000
0.00000
0.00000
0.00000
0.00000
0.00000
0.00000
0.00000
0.00000
0.00000
0.00000
0.00000
0.00000
0.00000
0.00000
0.00000
0.00000
0.00000
0.00000
0.00000
0.00000
0.00000
0.00000
0.00000
0.00000
0.00000
0.00000
0.00000
0.00000
0.00000
0.00000
0.00000
0.00000
0.00000
0.00000
0.00000
0.00000
0.00000
0.00000
0.00000
0.00000
0.00000
0.00000
0.00000
0.00000
0.00000
0.00000
0.00000
0.00000
0.00000
0.00000
0.00000
0.00000
0.00000
0.00000
0.00000
0.00000
0.00000
0.00000
0.00000
0.00000
0.00000
0.00000
0.00000
0.00000
0.00000
0.00000
0.00000
0.00000
0.00000
0.00000
0.00000
0.00000
0.00000
0.00000
0.00000
0.00000
0.00000
0.00000
0.00000
0.00000
0.00000
0.00000
0.00000
0.00000
0.00000
0.00000
0.00000
0.00000
0.00000
