-0.00006
-0.00009
-0.00009
-0.00009
-0.00012
-0.00009
-0.00009
-0.00006
-0.00003
0.00000
0.00000
-0.00003
-0.00006
-0.00006
-0.00003
0.00000
-0.00003
0.00000
0.00000
0.00000
-0.00003
-0.00003
0.00000
0.00000
0.00000
0.00000
0.00003
0.00000
0.00000
0.00000
-0.00003
0.00000
-0.00003
0.00003
-0.00015
0.00015
0.00009
0.00003
0.00009
0.00000
0.00003
-0.00003
0.00000
0.00000
0.00000
0.00003
0.00003
0.00003
0.00003
0.00003
0.00003
0.00003
0.00003
0.00000
-0.00003
0.00000
0.00003
0.00000
0.00003
0.00009
0.00009
0.00006
0.00009
0.00009
0.00003
0.00000
0.00006
0.00000
0.00000
0.00006
0.00000
0.00003
0.00003
0.00006
0.00006
0.00006
0.00006
0.00006
0.00003
0.00003
0.00003
0.00003
0.00006
0.00006
0.00003
0.00009
0.00012
0.00009
0.00009
0.00006
0.00003
0.00003
0.00003
0.00009
0.00009
0.00009
0.00009
0.00009
0.00009
0.00009
0.00009
0.00009
0.00006
0.00009
0.00009
0.00009
0.00009
0.00012
0.00015
0.00006
0.00009
0.00015
0.00018
0.00015
0.00009
0.00015
0.00012
0.00009
0.00009
0.00012
0.00012
0.00012
0.00012
0.00015
0.00015
0.00015
0.00012
0.00015
0.00012
0.00009
0.00012
0.00018
0.00015
0.00015
0.00018
0.00018
0.00015
0.00015
0.00015
0.00012
0.00006
0.00006
0.00012
0.00012
0.00012
0.00015
0.00021
0.00018
0.00015
0.00018
0.00015
0.00012
0.00003
0.00006
0.00009
0.00009
0.00012
0.00018
0.00024
0.00018
0.00018
0.00018
0.00015
0.00012
0.00012
0.00012
0.00012
0.00012
0.00012
0.00015
0.00015
0.00012
0.00012
0.00015
0.00012
0.00012
0.00015
0.00015
0.00018
0.00015
0.00015
0.00015
0.00012
0.00015
0.00012
0.00015
0.00003
0.00031
-0.00015
0.00049
-0.00058
0.00104
-0.00113
0.00064
-0.02780
-0.04630
-0.01324
-0.01077
-0.00421
-0.00104
0.01218
0.02762
0.02939
0.03418
0.02884
0.01257
-0.01196
-0.02304
-0.01346
-0.00357
-0.00513
-0.00571
-0.00165
0.00101
0.00491
0.00684
0.00424
0.00186
0.00037
0.00079
0.00208
0.00455
0.00192
-0.00195
-0.00354
-0.00394
-0.00430
-0.00226
0.00330
0.00354
0.00488
0.00766
0.00690
0.00342
0.00204
0.00061
-0.00131
-0.00116
-0.00031
-0.00153
-0.00052
0.00098
-0.00024
0.00049
0.00174
0.00027
0.00006
0.00189
0.00192
0.00122
0.00220
0.00293
0.00253
0.00107
-0.00034
-0.00049
-0.00058
-0.00064
-0.00137
-0.00092
0.00018
0.00027
0.00024
0.00037
0.00119
0.00073
0.00009
0.00061
0.00058
-0.00006
-0.00021
-0.00003
0.00006
-0.00082
-0.00116
-0.00113
-0.00107
-0.00055
-0.00031
0.00021
0.00012
-0.00027
0.00000
0.00034
0.00027
-0.00006
-0.00034
-0.00043
-0.00061
-0.00034
-0.00043
-0.00101
-0.00156
-0.00150
-0.00107
-0.00116
-0.00119
-0.00079
-0.00034
-0.00003
0.00012
0.00043
0.00037
0.00018
0.00027
0.00015
-0.00003
-0.00046
-0.00067
-0.00067
-0.00116
-0.00156
-0.00153
-0.00168
-0.00165
-0.00122
-0.00055
-0.00009
-0.00012
-0.00009
0.00018
0.00027
-0.00015
-0.00061
-0.00079
-0.00101
-0.00119
-0.00119
-0.00098
-0.00070
-0.00055
-0.00052
-0.00049
-0.00034
-0.00012
-0.00012
0.00000
0.00024
0.00031
0.00012
-0.00021
-0.00018
-0.00006
-0.00012
-0.00043
-0.00067
-0.00067
-0.00076
-0.00085
-0.00061
-0.00052
-0.00061
-0.00052
-0.00015
0.00021
0.00034
0.00021
0.00003
0.00003
0.00000
-0.00012
-0.00027
-0.00027
-0.00040
-0.00049
-0.00055
-0.00040
0.00003
0.00034
0.00027
0.00006
0.00003
0.00012
0.00027
0.00034
0.00024
0.00000
0.00000
0.00000
0.00000
0.00000
0.00000
0.00000
0.00000
0.00000
0.00000
0.00000
0.00000
0.00000
0.00000
0.00000
0.00000
0.00000
0.00000
0.00000
0.00000
0.00000
0.00000
0.00000
0.00000
0.00000
0.00000
0.00000
0.00000
0.00000
0.00000
0.00000
0.00000
0.00000
0.00000
0.00000
0.00000
0.00000
0.00000
0.00000
0.00000
0.00000
0.00000
0.00000
0.00000
0.00000
0.00000
0.00000
0.00000
0.00000
0.00000
0.00000
0.00000
0.00000
0.00000
0.00000
0.00000
0.00000
0.00000
0.00000
0.00000
0.00000
0.00000
0.00000
0.00000
0.00000
0.00000
0.00000
0.00000
0.00000
0.00000
0.00000
0.00000
0.00000
0.00000
0.00000
0.00000
0.00000
0.00000
0.00000
0.00000
0.00000
0.00000
0.00000
0.00000
0.00000
0.00000
0.00000
0.00000
0.00000
0.00000
0.00000
0.00000
0.00000
0.00000
0.00000
0.00000
0.00000
0.00000
0.00000
0.00000
0.00000
0.00000
0.00000
0.00000
0.00000
0.00000
0.00000
0.00000
0.00000
0.00000
0.00000
0.00000
0.00000
0.00000
0.00000
0.00000
0.00000
0.00000
0.00000
0.00000
0.00000
0.00000
0.00000
0.00000
0.00000
0.00000
0.00000
0.00000
0.00000
0.00000
0.00000
0.00000
0.00000
0.00000
0.00000
0.00000
