-0.00021
-0.00018
-0.00015
-0.00015
-0.00015
-0.00018
-0.00021
-0.00021
-0.00024
-0.00027
-0.00024
-0.00021
-0.00024
-0.00021
-0.00015
-0.00018
-0.00021
-0.00024
-0.00018
-0.00021
-0.00024
-0.00024
-0.00018
-0.00021
-0.00021
-0.00018
-0.00021
-0.00021
-0.00018
-0.00018
-0.00015
-0.00015
-0.00018
-0.00015
-0.00037
-0.00012
-0.00021
-0.00021
-0.00015
-0.00027
-0.00021
-0.00015
-0.00015
-0.00018
-0.00018
-0.00012
-0.00012
-0.00018
-0.00015
-0.00018
-0.00018
-0.00018
-0.00021
-0.00021
-0.00018
-0.00024
-0.00021
-0.00015
-0.00015
-0.00015
-0.00018
-0.00009
-0.00012
-0.00012
-0.00012
-0.00018
-0.00021
-0.00021
-0.00018
-0.00021
-0.00018
-0.00012
-0.00006
-0.00012
-0.00009
-0.00006
-0.00012
-0.00015
-0.00012
-0.00015
-0.00018
-0.00018
-0.00018
-0.00018
-0.00015
-0.00015
-0.00018
-0.00012
-0.00018
-0.00018
-0.00015
-0.00015
-0.00015
-0.00018
-0.00012
-0.00018
-0.00015
-0.00009
-0.00015
-0.00021
-0.00015
-0.00012
-0.00015
-0.00018
-0.00015
-0.00009
-0.00018
-0.00015
-0.00009
-0.00012
-0.00012
-0.00012
-0.00015
-0.00018
-0.00015
-0.00015
-0.00012
-0.00012
-0.00018
-0.00015
-0.00009
-0.00012
-0.00018
-0.00015
-0.00012
-0.00015
-0.00018
-0.00015
-0.00015
-0.00018
-0.00018
-0.00018
-0.00012
-0.00009
-0.00012
-0.00009
-0.00009
-0.00012
-0.00015
-0.00012
-0.00012
-0.00015
-0.00015
-0.00015
-0.00012
-0.00015
-0.00012
-0.00012
-0.00015
-0.00006
-0.00006
-0.00006
-0.00009
-0.00006
-0.00012
-0.00018
-0.00015
-0.00015
-0.00012
-0.00015
-0.00015
-0.00009
-0.00006
-0.00009
-0.00012
-0.00006
-0.00009
-0.00012
-0.00006
-0.00003
-0.00009
-0.00015
-0.00015
-0.00009
-0.00012
-0.00012
-0.00009
0.00003
-0.00015
0.00006
-0.00012
-0.00003
-0.00006
-0.00043
0.00037
-0.00134
-0.00668
-0.06064
-0.02570
-0.00113
-0.03732
-0.02039
-0.00180
0.01910
0.04059
0.04193
0.02258
0.04733
0.03259
-0.00421
-0.01752
-0.01074
-0.01880
-0.01996
-0.00385
-0.00610
0.00797
0.01410
-0.00165
0.00446
0.01767
0.00153
-0.00662
-0.00085
-0.00177
-0.00171
0.00217
-0.00186
-0.00208
0.00064
-0.00095
-0.00311
0.00122
0.00375
0.00299
0.00299
0.00357
0.00391
0.00137
0.00089
-0.00021
-0.00134
-0.00302
-0.00259
-0.00345
-0.00192
0.00153
0.00162
0.00015
0.00281
0.00400
0.00232
0.00223
0.00278
0.00162
0.00092
-0.00061
-0.00119
0.00006
-0.00043
-0.00183
-0.00223
-0.00015
0.00031
-0.00027
-0.00012
0.00037
0.00058
-0.00067
-0.00021
0.00064
0.00006
-0.00006
-0.00006
-0.00043
-0.00046
-0.00107
-0.00137
-0.00171
-0.00140
-0.00116
-0.00061
-0.00021
-0.00073
-0.00082
0.00024
0.00043
0.00006
-0.00006
0.00012
-0.00024
-0.00073
-0.00113
-0.00137
-0.00098
-0.00079
-0.00122
-0.00146
-0.00131
-0.00134
-0.00122
-0.00140
-0.00089
0.00003
0.00052
0.00027
0.00040
0.00101
0.00070
-0.00021
-0.00061
-0.00034
-0.00031
-0.00125
-0.00201
-0.00201
-0.00204
-0.00208
-0.00186
-0.00116
-0.00070
-0.00046
-0.00009
0.00052
0.00095
0.00049
-0.00037
-0.00089
-0.00119
-0.00122
-0.00140
-0.00150
-0.00125
-0.00089
-0.00043
-0.00043
-0.00034
-0.00018
-0.00018
-0.00012
0.00003
0.00040
0.00064
0.00070
0.00043
0.00015
0.00003
0.00000
-0.00034
-0.00079
-0.00082
-0.00082
-0.00089
-0.00104
-0.00089
-0.00052
-0.00024
0.00015
0.00064
0.00089
0.00055
0.00000
-0.00012
-0.00003
0.00006
0.00003
-0.00009
-0.00027
-0.00046
-0.00049
-0.00034
0.00003
0.00021
0.00031
0.00031
0.00049
0.00082
0.00085
0.00055
0.00027
0.00018
0.00015
-0.00006
0.00000
0.00000
0.00000
0.00000
0.00000
0.00000
0.00000
0.00000
0.00000
0.00000
0.00000
0.00000
0.00000
0.00000
0.00000
0.00000
0.00000
0.00000
0.00000
0.00000
0.00000
0.00000
0.00000
0.00000
0.00000
0.00000
0.00000
0.00000
0.00000
0.00000
0.00000
0.00000
0.00000
0.00000
0.00000
0.00000
0.00000
0.00000
0.00000
0.00000
0.00000
0.00000
0.00000
0.00000
0.00000
0.00000
0.00000
0.00000
0.00000
0.00000
0.00000
0.00000
0.00000
0.00000
0.00000
0.00000
0.00000
0.00000
0.00000
0.00000
0.00000
0.00000
0.00000
0.00000
0.00000
0.00000
0.00000
0.00000
0.00000
0.00000
0.00000
0.00000
0.00000
0.00000
0.00000
0.00000
0.00000
0.00000
0.00000
0.00000
0.00000
0.00000
0.00000
0.00000
0.00000
0.00000
0.00000
0.00000
0.00000
0.00000
0.00000
0.00000
0.00000
0.00000
0.00000
0.00000
0.00000
0.00000
0.00000
0.00000
0.00000
0.00000
0.00000
0.00000
0.00000
0.00000
0.00000
0.00000
0.00000
0.00000
0.00000
0.00000
0.00000
0.00000
0.00000
0.00000
0.00000
0.00000
0.00000
0.00000
0.00000
0.00000
0.00000
0.00000
0.00000
0.00000
0.00000
0.00000
0.00000
0.00000
0.00000
0.00000
0.00000
0.00000
0.00000
0.00000
0.00000
0.00000
0.00000
