-0.00006
-0.00006
0.00000
-0.00009
-0.00012
-0.00006
-0.00006
-0.00006
-0.00003
-0.00009
-0.00009
-0.00006
-0.00003
-0.00006
-0.00006
-0.00006
-0.00009
-0.00009
-0.00009
-0.00012
-0.00009
-0.00006
-0.00006
-0.00003
-0.00006
-0.00006
-0.00006
-0.00006
-0.00006
-0.00003
-0.00009
-0.00012
-0.00012
-0.00012
-0.00012
-0.00009
-0.00009
-0.00009
-0.00009
-0.00009
-0.00006
-0.00009
-0.00009
-0.00009
-0.00009
-0.00009
-0.00012
-0.00009
-0.00006
-0.00009
-0.00009
-0.00012
-0.00015
-0.00015
-0.00009
-0.00009
-0.00012
-0.00012
-0.00012
-0.00012
-0.00012
-0.00015
-0.00015
-0.00012
-0.00015
-0.00012
-0.00003
0.00000
-0.00006
-0.00009
-0.00012
-0.00015
-0.00021
-0.00015
-0.00006
-0.00015
-0.00018
-0.00015
-0.00015
-0.00015
-0.00015
-0.00009
-0.00009
-0.00015
-0.00012
-0.00012
-0.00009
-0.00009
-0.00012
-0.00012
-0.00012
-0.00015
-0.00018
-0.00012
-0.00015
-0.00018
-0.00018
-0.00015
-0.00018
-0.00015
-0.00012
-0.00012
-0.00015
-0.00018
-0.00015
-0.00018
-0.00021
-0.00018
-0.00015
-0.00012
-0.00018
-0.00015
-0.00009
-0.00006
-0.00012
-0.00018
-0.00012
-0.00018
-0.00027
-0.00021
-0.00015
-0.00018
-0.00021
-0.00018
-0.00015
-0.00015
-0.00012
-0.00015
-0.00015
-0.00015
-0.00021
-0.00021
-0.00015
-0.00015
-0.00018
-0.00012
-0.00015
-0.00021
-0.00018
-0.00021
-0.00021
-0.00021
-0.00021
-0.00015
-0.00018
-0.00018
-0.00015
-0.00018
-0.00018
-0.00024
-0.00024
-0.00021
-0.00024
-0.00018
-0.00015
-0.00018
-0.00018
-0.00015
-0.00018
-0.00021
-0.00024
-0.00024
-0.00024
-0.00024
-0.00021
-0.00021
-0.00021
-0.00024
-0.00024
-0.00024
-0.00024
-0.00021
-0.00024
-0.00018
-0.00024
-0.00027
-0.00021
-0.00024
-0.00024
-0.00027
-0.00024
-0.00024
-0.00031
-0.00027
-0.00034
-0.00024
-0.00024
-0.00034
-0.00024
-0.00021
-0.00024
-0.00040
-0.00018
-0.00052
-0.00003
-0.00082
0.00024
-0.00104
-0.00052
-0.02518
-0.04056
-0.01553
-0.03589
-0.01660
0.03885
0.04306
0.03809
0.01367
0.00128
0.00641
-0.00296
-0.01886
-0.01804
0.00256
-0.00055
-0.00656
0.00580
0.00348
-0.00409
0.00131
0.00073
0.00024
0.00656
0.00137
-0.00098
0.00708
0.00504
-0.00204
-0.00186
-0.00098
-0.00272
-0.00085
0.00107
0.00055
0.00110
0.00211
0.00287
0.00381
0.00351
0.00192
0.00018
0.00052
0.00024
-0.00067
0.00064
0.00040
-0.00089
-0.00034
-0.00043
-0.00058
0.00006
0.00101
0.00195
0.00232
0.00104
0.00052
0.00116
0.00082
-0.00015
0.00015
0.00024
-0.00098
-0.00128
-0.00146
-0.00107
0.00015
0.00018
0.00040
0.00058
0.00046
-0.00006
0.00012
0.00049
-0.00040
-0.00040
-0.00006
-0.00061
-0.00092
-0.00122
-0.00119
-0.00092
-0.00107
-0.00104
-0.00107
-0.00079
-0.00052
-0.00052
0.00000
-0.00012
-0.00034
-0.00043
-0.00070
-0.00061
-0.00073
-0.00076
-0.00107
-0.00131
-0.00134
-0.00180
-0.00177
-0.00150
-0.00125
-0.00089
-0.00076
-0.00040
-0.00012
-0.00006
-0.00021
-0.00070
-0.00082
-0.00085
-0.00092
-0.00076
-0.00070
-0.00079
-0.00119
-0.00168
-0.00189
-0.00189
-0.00156
-0.00113
-0.00070
-0.00040
-0.00040
-0.00034
-0.00037
-0.00046
-0.00061
-0.00082
-0.00085
-0.00107
-0.00137
-0.00156
-0.00140
-0.00107
-0.00089
-0.00067
-0.00052
-0.00073
-0.00089
-0.00049
0.00000
0.00012
0.00000
-0.00021
-0.00043
-0.00058
-0.00052
-0.00040
-0.00046
0.00000
0.00000
0.00000
0.00000
0.00000
0.00000
0.00000
0.00000
0.00000
0.00000
0.00000
0.00000
0.00000
0.00000
0.00000
0.00000
0.00000
0.00000
0.00000
0.00000
0.00000
0.00000
0.00000
0.00000
0.00000
0.00000
0.00000
0.00000
0.00000
0.00000
0.00000
0.00000
0.00000
0.00000
0.00000
0.00000
0.00000
0.00000
0.00000
0.00000
0.00000
0.00000
0.00000
0.00000
0.00000
0.00000
0.00000
0.00000
0.00000
0.00000
0.00000
0.00000
0.00000
0.00000
0.00000
0.00000
0.00000
0.00000
0.00000
0.00000
0.00000
0.00000
0.00000
0.00000
0.00000
0.00000
0.00000
0.00000
0.00000
0.00000
0.00000
0.00000
0.00000
0.00000
0.00000
0.00000
0.00000
0.00000
0.00000
0.00000
0.00000
0.00000
0.00000
0.00000
0.00000
0.00000
0.00000
0.00000
0.00000
0.00000
0.00000
0.00000
0.00000
0.00000
0.00000
0.00000
0.00000
0.00000
0.00000
0.00000
0.00000
0.00000
0.00000
0.00000
0.00000
0.00000
0.00000
0.00000
0.00000
0.00000
0.00000
0.00000
0.00000
0.00000
0.00000
0.00000
0.00000
0.00000
0.00000
0.00000
0.00000
0.00000
0.00000
0.00000
0.00000
0.00000
0.00000
0.00000
0.00000
0.00000
0.00000
0.00000
0.00000
0.00000
0.00000
0.00000
0.00000
0.00000
0.00000
0.00000
0.00000
0.00000
0.00000
0.00000
0.00000
0.00000
0.00000
0.00000
0.00000
0.00000
0.00000
0.00000
0.00000
0.00000
0.00000
0.00000
0.00000
0.00000
0.00000
0.00000
0.00000
0.00000
