-0.00037
-0.00040
-0.00043
-0.00043
-0.00043
-0.00040
-0.00040
-0.00040
-0.00040
-0.00040
-0.00043
-0.00046
-0.00043
-0.00040
-0.00043
-0.00043
-0.00043
-0.00040
-0.00040
-0.00040
-0.00037
-0.00037
-0.00040
-0.00043
-0.00040
-0.00037
-0.00043
-0.00040
-0.00037
-0.00040
-0.00043
-0.00040
-0.00037
-0.00037
-0.00040
-0.00037
-0.00037
-0.00037
-0.00037
-0.00040
-0.00037
-0.00040
-0.00040
-0.00037
-0.00037
-0.00037
-0.00037
-0.00034
-0.00031
-0.00037
-0.00037
-0.00034
-0.00034
-0.00037
-0.00034
-0.00034
-0.00037
-0.00037
-0.00034
-0.00034
-0.00037
-0.00034
-0.00034
-0.00034
-0.00031
-0.00031
-0.00034
-0.00031
-0.00031
-0.00034
-0.00031
-0.00031
-0.00031
-0.00031
-0.00027
-0.00034
-0.00034
-0.00031
-0.00034
-0.00031
-0.00027
-0.00027
-0.00031
-0.00031
-0.00031
-0.00031
-0.00031
-0.00027
-0.00024
-0.00031
-0.00031
-0.00027
-0.00027
-0.00031
-0.00031
-0.00031
-0.00031
-0.00031
-0.00031
-0.00031
-0.00027
-0.00027
-0.00027
-0.00027
-0.00027
-0.00031
-0.00031
-0.00027
-0.00027
-0.00027
-0.00024
-0.00027
-0.00027
-0.00031
-0.00027
-0.00027
-0.00027
-0.00027
-0.00027
-0.00021
-0.00024
-0.00027
-0.00024
-0.00024
-0.00027
-0.00027
-0.00024
-0.00024
-0.00024
-0.00024
-0.00021
-0.00024
-0.00024
-0.00021
-0.00021
-0.00024
-0.00021
-0.00021
-0.00024
-0.00021
-0.00021
-0.00021
-0.00024
-0.00021
-0.00021
-0.00021
-0.00021
-0.00021
-0.00018
-0.00018
-0.00018
-0.00018
-0.00018
-0.00018
-0.00018
-0.00018
-0.00018
-0.00018
-0.00021
-0.00018
-0.00015
-0.00015
-0.00018
-0.00015
-0.00015
-0.00018
-0.00015
-0.00015
-0.00012
-0.00012
-0.00015
-0.00015
-0.00012
-0.00015
-0.00012
-0.00015
-0.00012
-0.00018
-0.00012
-0.00018
-0.00015
-0.00003
-0.00027
-0.00009
-0.00015
-0.00012
-0.00006
-0.00015
-0.00012
-0.00006
-0.00006
-0.00009
-0.00009
-0.00003
-0.00012
-0.00009
-0.00009
-0.00015
-0.00018
-0.00024
-0.00037
-0.00034
0.00006
0.00021
-0.00095
-0.00931
-0.01254
-0.01468
-0.01404
-0.01172
-0.01221
-0.00439
0.00034
0.00378
0.00998
0.01706
0.02008
0.01434
0.00214
-0.00357
-0.00354
-0.00372
-0.00583
-0.00443
-0.00040
0.00134
0.00348
0.00522
0.00626
0.00595
0.00436
0.00299
0.00262
0.00107
-0.00143
-0.00107
0.00113
0.00092
-0.00003
0.00000
0.00031
0.00150
0.00183
0.00119
0.00168
0.00195
0.00140
0.00146
0.00226
0.00134
0.00012
0.00043
0.00000
0.00003
0.00027
0.00006
-0.00003
0.00043
0.00079
0.00089
0.00101
0.00128
0.00177
0.00189
0.00162
0.00119
0.00067
0.00031
0.00009
0.00006
-0.00006
-0.00012
-0.00018
-0.00031
-0.00015
0.00024
0.00058
0.00058
0.00031
0.00000
0.00000
0.00003
0.00000
-0.00009
-0.00024
-0.00040
-0.00070
-0.00064
-0.00049
-0.00067
-0.00089
-0.00061
-0.00009
-0.00003
-0.00024
-0.00027
-0.00003
0.00006
-0.00015
-0.00031
-0.00031
-0.00034
-0.00058
-0.00092
-0.00119
-0.00134
-0.00110
-0.00061
-0.00031
-0.00040
-0.00055
-0.00055
-0.00046
-0.00037
-0.00040
-0.00021
-0.00018
-0.00015
-0.00027
-0.00040
-0.00037
-0.00037
-0.00040
-0.00067
-0.00095
-0.00113
-0.00131
-0.00131
-0.00085
-0.00031
-0.00006
-0.00024
-0.00024
-0.00003
-0.00015
-0.00040
-0.00046
-0.00043
-0.00064
-0.00076
-0.00067
-0.00079
-0.00110
-0.00101
-0.00055
-0.00037
-0.00027
-0.00009
0.00000
-0.00009
-0.00015
-0.00006
0.00009
0.00012
0.00006
-0.00009
0.00000
0.00000
0.00000
0.00000
0.00000
0.00000
0.00000
0.00000
0.00000
0.00000
0.00000
0.00000
0.00000
0.00000
0.00000
0.00000
0.00000
0.00000
0.00000
0.00000
0.00000
0.00000
0.00000
0.00000
0.00000
0.00000
0.00000
0.00000
0.00000
0.00000
0.00000
0.00000
0.00000
0.00000
0.00000
0.00000
0.00000
0.00000
0.00000
0.00000
0.00000
0.00000
0.00000
0.00000
0.00000
0.00000
0.00000
0.00000
0.00000
0.00000
0.00000
0.00000
0.00000
0.00000
0.00000
0.00000
0.00000
0.00000
0.00000
0.00000
0.00000
0.00000
0.00000
0.00000
0.00000
0.00000
0.00000
0.00000
0.00000
0.00000
0.00000
0.00000
0.00000
0.00000
0.00000
0.00000
0.00000
0.00000
0.00000
0.00000
0.00000
0.00000
0.00000
0.00000
0.00000
0.00000
0.00000
0.00000
0.00000
0.00000
0.00000
0.00000
0.00000
0.00000
0.00000
0.00000
0.00000
0.00000
0.00000
0.00000
0.00000
0.00000
0.00000
0.00000
0.00000
0.00000
0.00000
0.00000
0.00000
0.00000
0.00000
0.00000
0.00000
0.00000
0.00000
0.00000
0.00000
0.00000
0.00000
0.00000
0.00000
0.00000
0.00000
0.00000
0.00000
0.00000
0.00000
0.00000
0.00000
0.00000
0.00000
0.00000
0.00000
0.00000
0.00000
0.00000
0.00000
0.00000
0.00000
0.00000
0.00000
0.00000
0.00000
0.00000
0.00000
0.00000
0.00000
0.00000
0.00000
0.00000
0.00000
0.00000
0.00000
0.00000
0.00000
0.00000
