0.00000
0.00000
0.00003
0.00003
0.00003
0.00003
0.00000
0.00000
0.00000
-0.00003
0.00000
0.00000
0.00000
-0.00003
-0.00009
-0.00003
0.00003
0.00000
0.00000
0.00003
-0.00003
-0.00006
-0.00006
-0.00009
-0.00003
-0.00003
-0.00003
-0.00003
-0.00003
0.00000
0.00000
0.00000
-0.00012
-0.00015
-0.00009
-0.00012
-0.00009
0.00000
-0.00003
-0.00006
-0.00003
-0.00012
-0.00006
-0.00006
-0.00012
-0.00012
-0.00012
-0.00015
-0.00015
-0.00012
-0.00006
0.00000
0.00003
0.00000
-0.00027
0.00000
-0.00018
-0.00040
-0.00003
-0.00003
-0.00018
-0.00009
0.00000
-0.00012
-0.00012
-0.00012
-0.00009
-0.00015
-0.00018
-0.00009
-0.00015
-0.00012
0.00000
-0.00012
-0.00024
-0.00009
-0.00018
-0.00034
-0.00018
-0.00009
-0.00021
-0.00015
0.00006
-0.00009
-0.00027
-0.00015
-0.00024
-0.00034
-0.00015
-0.00009
-0.00018
-0.00012
-0.00021
-0.00034
-0.00024
-0.00015
-0.00024
-0.00021
-0.00003
-0.00006
-0.00034
-0.00021
-0.00012
-0.00034
-0.00031
-0.00012
-0.00021
-0.00027
-0.00012
-0.00015
-0.00027
-0.00021
-0.00021
-0.00024
-0.00021
-0.00021
-0.00031
-0.00021
-0.00012
-0.00027
-0.00037
-0.00021
-0.00018
-0.00034
-0.00027
-0.00018
-0.00031
-0.00027
-0.00021
-0.00021
-0.00024
-0.00027
-0.00031
-0.00024
-0.00015
-0.00018
-0.00027
-0.00034
-0.00018
-0.00031
-0.00027
-0.00024
-0.00027
-0.00031
-0.00037
-0.00031
-0.00024
-0.00015
-0.00024
-0.00027
-0.00015
-0.00027
-0.00034
-0.00031
-0.00024
-0.00034
-0.00031
-0.00021
-0.00031
-0.00021
-0.00031
-0.00034
-0.00027
-0.00037
-0.00037
-0.00021
-0.00015
-0.00021
-0.00043
-0.00027
-0.00052
-0.00009
-0.00076
0.00009
-0.00058
-0.00040
0.00006
-0.00150
0.00208
-0.00397
-0.01883
-0.21173
-0.08636
0.04031
-0.05740
0.13477
0.24100
0.08328
-0.07776
-0.03036
-0.04929
-0.01758
0.01660
-0.03665
0.02805
0.06097
-0.01959
-0.03534
0.04306
0.00049
-0.03049
0.03717
0.00214
-0.03104
0.02243
0.00192
-0.01703
0.02676
0.01059
-0.03122
0.00427
0.00952
-0.01810
-0.00116
0.01682
-0.00320
-0.00513
0.01706
0.00714
-0.00375
0.00385
0.00412
-0.00668
-0.00327
0.00153
-0.00443
-0.00232
0.00436
-0.00491
-0.00729
0.00235
0.00198
-0.00397
0.00638
0.01108
-0.00238
-0.00293
0.00439
0.00049
-0.00305
0.00204
0.00201
-0.00464
-0.00388
-0.00156
-0.00397
0.00027
0.00122
-0.00150
-0.00006
0.00168
-0.00119
-0.00320
0.00256
0.00150
-0.00351
-0.00113
-0.00018
-0.00369
-0.00381
-0.00134
-0.00031
-0.00183
-0.00140
-0.00211
-0.00156
0.00009
-0.00070
0.00046
0.00229
0.00046
-0.00186
-0.00165
-0.00064
-0.00262
-0.00217
-0.00061
-0.00223
-0.00293
-0.00262
-0.00241
-0.00183
-0.00064
0.00018
0.00009
-0.00052
-0.00104
-0.00067
0.00092
0.00092
0.00034
0.00018
-0.00073
-0.00195
-0.00226
-0.00110
-0.00134
-0.00281
-0.00235
-0.00204
-0.00256
-0.00165
0.00000
0.00070
0.00052
0.00082
0.00003
-0.00125
-0.00156
-0.00159
-0.00116
-0.00107
-0.00168
-0.00189
-0.00134
-0.00119
-0.00156
-0.00085
0.00043
0.00021
-0.00037
0.00006
0.00058
0.00015
-0.00009
0.00061
0.00095
0.00027
-0.00040
-0.00070
-0.00058
-0.00079
-0.00125
-0.00131
-0.00101
-0.00116
-0.00131
-0.00027
0.00055
0.00000
-0.00021
0.00043
0.00089
0.00049
0.00031
0.00000
0.00000
0.00000
0.00000
0.00000
0.00000
0.00000
0.00000
0.00000
0.00000
0.00000
0.00000
0.00000
0.00000
0.00000
0.00000
0.00000
0.00000
0.00000
0.00000
0.00000
0.00000
0.00000
0.00000
0.00000
0.00000
0.00000
0.00000
0.00000
0.00000
0.00000
0.00000
0.00000
0.00000
0.00000
0.00000
0.00000
0.00000
0.00000
0.00000
0.00000
0.00000
0.00000
0.00000
0.00000
0.00000
0.00000
0.00000
0.00000
0.00000
0.00000
0.00000
0.00000
0.00000
0.00000
0.00000
0.00000
0.00000
0.00000
0.00000
0.00000
0.00000
0.00000
0.00000
0.00000
0.00000
0.00000
0.00000
0.00000
0.00000
0.00000
0.00000
0.00000
0.00000
0.00000
0.00000
0.00000
0.00000
0.00000
0.00000
0.00000
0.00000
0.00000
0.00000
0.00000
0.00000
0.00000
0.00000
0.00000
0.00000
0.00000
0.00000
0.00000
0.00000
0.00000
0.00000
0.00000
0.00000
0.00000
0.00000
0.00000
0.00000
0.00000
0.00000
0.00000
0.00000
0.00000
0.00000
0.00000
0.00000
0.00000
0.00000
0.00000
0.00000
0.00000
0.00000
0.00000
0.00000
0.00000
0.00000
0.00000
0.00000
0.00000
0.00000
0.00000
0.00000
0.00000
0.00000
0.00000
0.00000
0.00000
0.00000
0.00000
0.00000
0.00000
0.00000
0.00000
0.00000
0.00000
0.00000
0.00000
0.00000
0.00000
0.00000
0.00000
0.00000
0.00000
0.00000
0.00000
0.00000
0.00000
0.00000
0.00000
0.00000
0.00000
0.00000
0.00000
0.00000
0.00000
0.00000
0.00000
0.00000
0.00000
0.00000
0.00000
0.00000
0.00000
