0.00009
0.00003
0.00003
0.00006
0.00009
0.00000
0.00000
0.00003
0.00000
-0.00006
0.00000
0.00000
-0.00003
0.00006
0.00003
0.00000
0.00003
0.00000
0.00000
0.00006
0.00000
-0.00006
0.00000
0.00003
0.00000
0.00000
0.00006
0.00000
0.00000
0.00006
0.00003
0.00003
0.00006
0.00000
0.00000
-0.00003
-0.00006
0.00000
0.00000
0.00000
0.00000
-0.00006
0.00000
0.00006
0.00003
0.00006
0.00006
-0.00003
-0.00009
0.00000
0.00000
-0.00006
0.00000
0.00006
-0.00021
0.00000
0.00009
-0.00012
0.00009
0.00009
0.00003
-0.00003
-0.00006
-0.00006
-0.00015
-0.00015
-0.00015
-0.00009
0.00000
0.00003
0.00003
-0.00003
-0.00006
-0.00003
-0.00015
-0.00006
0.00000
-0.00012
-0.00009
0.00000
-0.00006
-0.00018
-0.00003
0.00000
-0.00015
-0.00009
-0.00003
-0.00009
-0.00003
-0.00003
-0.00003
-0.00003
-0.00009
-0.00018
-0.00015
-0.00003
-0.00006
-0.00021
-0.00006
-0.00006
-0.00031
-0.00024
0.00000
-0.00003
-0.00012
-0.00006
-0.00003
-0.00015
-0.00015
-0.00015
-0.00018
-0.00015
-0.00018
-0.00018
-0.00006
-0.00006
-0.00021
-0.00018
-0.00009
-0.00018
-0.00018
-0.00009
-0.00006
-0.00018
-0.00021
-0.00015
-0.00021
-0.00015
-0.00012
-0.00018
-0.00021
-0.00018
-0.00015
-0.00012
-0.00006
-0.00009
-0.00015
-0.00027
-0.00015
-0.00018
-0.00021
-0.00021
-0.00024
-0.00024
-0.00040
-0.00034
-0.00018
-0.00009
-0.00015
-0.00018
-0.00009
-0.00015
-0.00027
-0.00027
-0.00021
-0.00021
-0.00034
-0.00027
-0.00015
-0.00012
-0.00021
-0.00031
-0.00009
-0.00015
-0.00027
-0.00018
-0.00012
-0.00018
-0.00027
-0.00034
-0.00024
-0.00037
-0.00012
-0.00082
0.00079
-0.00195
0.00232
-0.00421
0.00574
-0.00897
0.00803
-0.12772
-0.12738
0.04913
-0.05280
0.02301
0.14676
0.11823
-0.02002
-0.07269
-0.01978
0.00842
0.04138
0.00543
-0.00641
0.05777
0.01089
-0.05585
0.00681
0.01752
-0.02283
0.00937
0.01056
-0.00974
0.00476
0.00537
-0.01105
0.01398
0.02094
-0.02100
-0.01224
0.01389
-0.00281
-0.00601
0.00882
0.00546
-0.00385
0.00488
0.00684
0.00009
-0.00012
0.00464
-0.00290
-0.00586
-0.00128
-0.00021
-0.00183
0.00229
0.00079
-0.00473
-0.00186
0.00278
-0.00214
0.00079
0.00885
0.00223
-0.00464
0.00119
0.00339
-0.00012
-0.00085
0.00250
-0.00140
-0.00461
-0.00177
-0.00189
-0.00015
0.00122
-0.00104
-0.00064
-0.00052
-0.00061
-0.00345
-0.00061
0.00293
-0.00134
-0.00223
0.00003
-0.00171
-0.00247
-0.00208
0.00043
-0.00085
-0.00235
-0.00214
-0.00259
-0.00076
-0.00070
-0.00116
0.00095
0.00006
-0.00101
-0.00137
-0.00015
-0.00046
-0.00214
-0.00058
-0.00113
-0.00256
-0.00229
-0.00266
-0.00232
-0.00177
-0.00104
-0.00024
-0.00076
-0.00076
-0.00101
0.00000
0.00073
-0.00006
0.00012
-0.00018
-0.00116
-0.00137
-0.00085
-0.00040
-0.00198
-0.00253
-0.00220
-0.00275
-0.00229
-0.00113
-0.00015
-0.00024
-0.00049
-0.00031
-0.00079
-0.00104
-0.00122
-0.00098
-0.00046
-0.00095
-0.00150
-0.00131
-0.00125
-0.00171
-0.00186
-0.00076
-0.00012
-0.00073
-0.00067
-0.00003
0.00021
-0.00006
0.00015
0.00085
0.00061
-0.00009
-0.00064
-0.00052
-0.00024
-0.00067
-0.00101
-0.00089
-0.00104
-0.00159
-0.00131
-0.00021
-0.00006
-0.00055
-0.00027
0.00040
0.00037
0.00009
0.00000
0.00000
0.00000
0.00000
0.00000
0.00000
0.00000
0.00000
0.00000
0.00000
0.00000
0.00000
0.00000
0.00000
0.00000
0.00000
0.00000
0.00000
0.00000
0.00000
0.00000
0.00000
0.00000
0.00000
0.00000
0.00000
0.00000
0.00000
0.00000
0.00000
0.00000
0.00000
0.00000
0.00000
0.00000
0.00000
0.00000
0.00000
0.00000
0.00000
0.00000
0.00000
0.00000
0.00000
0.00000
0.00000
0.00000
0.00000
0.00000
0.00000
0.00000
0.00000
0.00000
0.00000
0.00000
0.00000
0.00000
0.00000
0.00000
0.00000
0.00000
0.00000
0.00000
0.00000
0.00000
0.00000
0.00000
0.00000
0.00000
0.00000
0.00000
0.00000
0.00000
0.00000
0.00000
0.00000
0.00000
0.00000
0.00000
0.00000
0.00000
0.00000
0.00000
0.00000
0.00000
0.00000
0.00000
0.00000
0.00000
0.00000
0.00000
0.00000
0.00000
0.00000
0.00000
0.00000
0.00000
0.00000
0.00000
0.00000
0.00000
0.00000
0.00000
0.00000
0.00000
0.00000
0.00000
0.00000
0.00000
0.00000
0.00000
0.00000
0.00000
0.00000
0.00000
0.00000
0.00000
0.00000
0.00000
0.00000
0.00000
0.00000
0.00000
0.00000
0.00000
0.00000
0.00000
0.00000
0.00000
0.00000
0.00000
0.00000
0.00000
0.00000
0.00000
0.00000
0.00000
0.00000
0.00000
0.00000
0.00000
0.00000
0.00000
0.00000
0.00000
0.00000
0.00000
0.00000
0.00000
0.00000
0.00000
0.00000
0.00000
0.00000
0.00000
0.00000
0.00000
0.00000
0.00000
0.00000
0.00000
0.00000
0.00000
0.00000
0.00000
0.00000
0.00000
