-0.00034
-0.00034
-0.00043
-0.00043
-0.00040
-0.00034
-0.00034
-0.00040
-0.00043
-0.00043
-0.00040
-0.00037
-0.00034
-0.00027
-0.00024
-0.00031
-0.00034
-0.00031
-0.00040
-0.00043
-0.00043
-0.00043
-0.00049
-0.00034
-0.00021
-0.00031
-0.00037
-0.00037
-0.00049
-0.00052
-0.00046
-0.00034
-0.00027
-0.00021
-0.00027
-0.00040
-0.00055
-0.00058
-0.00052
-0.00043
-0.00034
-0.00027
-0.00024
-0.00031
-0.00034
-0.00040
-0.00049
-0.00049
-0.00052
-0.00049
-0.00040
-0.00040
-0.00043
-0.00040
-0.00040
-0.00037
-0.00037
-0.00021
-0.00052
-0.00043
-0.00046
-0.00064
-0.00046
-0.00027
-0.00037
-0.00061
-0.00037
-0.00037
-0.00043
-0.00034
-0.00024
-0.00040
-0.00049
-0.00040
-0.00046
-0.00055
-0.00037
-0.00027
-0.00046
-0.00040
-0.00027
-0.00049
-0.00043
-0.00031
-0.00043
-0.00055
-0.00034
-0.00034
-0.00052
-0.00043
-0.00031
-0.00040
-0.00037
-0.00027
-0.00034
-0.00043
-0.00037
-0.00037
-0.00043
-0.00037
-0.00046
-0.00055
-0.00034
-0.00024
-0.00043
-0.00037
-0.00021
-0.00040
-0.00046
-0.00037
-0.00034
-0.00043
-0.00034
-0.00024
-0.00034
-0.00040
-0.00040
-0.00046
-0.00046
-0.00040
-0.00043
-0.00034
-0.00024
-0.00027
-0.00037
-0.00034
-0.00031
-0.00043
-0.00034
-0.00031
-0.00040
-0.00034
-0.00024
-0.00031
-0.00031
-0.00021
-0.00031
-0.00040
-0.00031
-0.00027
-0.00037
-0.00037
-0.00027
-0.00037
-0.00037
-0.00037
-0.00027
-0.00018
-0.00031
-0.00031
-0.00024
-0.00024
-0.00040
-0.00031
-0.00021
-0.00027
-0.00024
-0.00024
-0.00024
-0.00024
-0.00031
-0.00031
-0.00027
-0.00024
-0.00040
-0.00037
-0.00015
-0.00024
-0.00031
-0.00009
-0.00003
-0.00021
-0.00024
-0.00040
-0.00034
-0.00046
0.00003
-0.00082
0.00110
-0.00201
0.00275
-0.00473
0.00641
-0.01010
0.00940
-0.12784
-0.16571
-0.02216
-0.05655
0.06830
0.23434
0.24911
-0.02179
-0.06506
-0.04288
-0.06006
-0.03876
-0.03751
-0.01566
0.05594
0.04791
-0.02563
0.02847
0.02603
-0.03918
-0.00876
0.02847
-0.01981
-0.01096
0.01840
-0.00345
0.00790
0.02670
-0.02115
-0.02002
0.01306
-0.00592
-0.01474
0.01315
0.00885
-0.00934
0.01260
0.01654
0.00198
-0.00037
0.00726
-0.00632
-0.00900
-0.00546
-0.00351
-0.00500
0.00372
0.00220
-0.00381
-0.00079
0.00504
-0.00067
0.00192
0.01093
0.00461
-0.00458
0.00137
0.00299
-0.00317
-0.00128
0.00336
-0.00162
-0.00537
-0.00150
-0.00211
-0.00098
0.00204
0.00076
0.00046
0.00110
0.00134
-0.00284
0.00046
0.00275
-0.00140
-0.00235
0.00034
-0.00217
-0.00400
-0.00232
0.00079
-0.00140
-0.00146
-0.00134
-0.00156
0.00006
0.00082
0.00119
0.00235
0.00174
-0.00079
-0.00226
-0.00122
-0.00192
-0.00302
-0.00107
-0.00146
-0.00232
-0.00180
-0.00089
-0.00125
-0.00049
0.00055
0.00046
-0.00043
-0.00003
-0.00015
0.00076
0.00076
0.00021
0.00018
-0.00012
-0.00113
-0.00180
-0.00107
-0.00110
-0.00256
-0.00250
-0.00150
-0.00171
-0.00177
-0.00034
0.00119
0.00107
0.00110
0.00107
-0.00009
-0.00119
-0.00168
-0.00156
-0.00122
-0.00146
-0.00177
-0.00128
-0.00067
-0.00095
-0.00095
0.00043
0.00082
0.00000
0.00018
0.00101
0.00104
0.00031
0.00052
0.00101
0.00061
-0.00018
-0.00049
-0.00037
-0.00067
-0.00122
-0.00116
-0.00064
-0.00058
-0.00076
-0.00027
0.00055
0.00046
0.00018
0.00055
0.00098
0.00009
0.00000
0.00000
0.00000
0.00000
0.00000
0.00000
0.00000
0.00000
0.00000
0.00000
0.00000
0.00000
0.00000
0.00000
0.00000
0.00000
0.00000
0.00000
0.00000
0.00000
0.00000
0.00000
0.00000
0.00000
0.00000
0.00000
0.00000
0.00000
0.00000
0.00000
0.00000
0.00000
0.00000
0.00000
0.00000
0.00000
0.00000
0.00000
0.00000
0.00000
0.00000
0.00000
0.00000
0.00000
0.00000
0.00000
0.00000
0.00000
0.00000
0.00000
0.00000
0.00000
0.00000
0.00000
0.00000
0.00000
0.00000
0.00000
0.00000
0.00000
0.00000
0.00000
0.00000
0.00000
0.00000
0.00000
0.00000
0.00000
0.00000
0.00000
0.00000
0.00000
0.00000
0.00000
0.00000
0.00000
0.00000
0.00000
0.00000
0.00000
0.00000
0.00000
0.00000
0.00000
0.00000
0.00000
0.00000
0.00000
0.00000
0.00000
0.00000
0.00000
0.00000
0.00000
0.00000
0.00000
0.00000
0.00000
0.00000
0.00000
0.00000
0.00000
0.00000
0.00000
0.00000
0.00000
0.00000
0.00000
0.00000
0.00000
0.00000
0.00000
0.00000
0.00000
0.00000
0.00000
0.00000
0.00000
0.00000
0.00000
0.00000
0.00000
0.00000
0.00000
0.00000
0.00000
0.00000
0.00000
0.00000
0.00000
0.00000
0.00000
0.00000
0.00000
0.00000
0.00000
0.00000
0.00000
0.00000
0.00000
0.00000
0.00000
0.00000
0.00000
0.00000
0.00000
0.00000
0.00000
0.00000
0.00000
0.00000
0.00000
0.00000
0.00000
0.00000
0.00000
0.00000
0.00000
0.00000
0.00000
0.00000
0.00000
0.00000
0.00000
