-0.00003
0.00000
0.00000
-0.00003
-0.00006
-0.00003
-0.00003
-0.00006
-0.00003
-0.00003
0.00000
0.00000
0.00000
0.00000
-0.00003
-0.00003
-0.00006
-0.00003
0.00000
0.00000
0.00000
0.00003
0.00003
0.00000
0.00006
0.00006
0.00000
-0.00003
0.00000
-0.00003
-0.00003
0.00000
0.00003
0.00003
0.00000
0.00000
0.00003
0.00003
0.00003
0.00000
0.00006
0.00000
0.00000
0.00000
0.00003
0.00000
0.00000
0.00003
0.00006
0.00003
0.00006
0.00009
0.00006
0.00000
0.00000
-0.00003
0.00000
0.00000
0.00003
0.00009
0.00009
0.00009
0.00009
0.00009
0.00003
0.00003
0.00006
0.00006
0.00009
0.00006
0.00003
0.00006
0.00003
0.00003
0.00006
0.00012
0.00009
0.00006
0.00012
0.00003
0.00000
0.00006
0.00012
0.00012
0.00015
0.00015
0.00009
0.00009
0.00003
0.00000
0.00009
0.00009
0.00009
0.00012
0.00012
0.00009
0.00012
0.00012
0.00012
0.00015
0.00012
0.00006
0.00003
0.00003
0.00009
0.00012
0.00006
0.00009
0.00009
0.00006
0.00012
0.00015
0.00015
0.00018
0.00018
0.00012
0.00012
0.00018
0.00006
0.00003
0.00012
0.00012
0.00006
0.00012
0.00012
0.00009
0.00012
0.00015
0.00015
0.00012
0.00006
0.00003
0.00009
0.00006
0.00009
0.00018
0.00018
0.00015
0.00012
0.00012
0.00012
0.00018
0.00015
0.00012
0.00012
0.00009
0.00009
0.00012
0.00012
0.00015
0.00015
0.00012
0.00012
0.00012
0.00009
0.00009
0.00012
0.00009
0.00009
0.00015
0.00015
0.00015
0.00012
0.00009
0.00009
0.00009
0.00012
0.00015
0.00018
0.00018
0.00015
0.00015
0.00012
0.00006
0.00006
0.00009
0.00009
0.00012
0.00015
0.00015
0.00009
0.00012
0.00003
0.00003
0.00012
0.00003
0.00009
0.00012
0.00018
0.00015
0.00009
0.00003
0.00015
0.00000
0.00003
-0.00006
0.00024
-0.00012
0.00058
-0.00046
-0.00034
-0.01718
-0.02682
-0.01434
-0.01233
-0.00369
0.00610
0.01703
0.01776
0.01526
0.00607
-0.00235
0.00043
-0.00455
-0.00842
-0.00458
-0.00073
0.00238
0.00552
0.00360
-0.00180
-0.00064
0.00098
-0.00049
0.00330
0.00397
0.00104
0.00189
0.00415
0.00394
0.00369
0.00287
0.00131
0.00098
0.00003
-0.00119
-0.00113
0.00146
0.00290
0.00256
0.00174
0.00119
0.00116
0.00119
0.00125
0.00107
0.00064
0.00043
0.00006
0.00070
0.00104
0.00085
0.00073
0.00067
0.00113
0.00168
0.00143
0.00113
0.00089
0.00043
0.00055
0.00095
0.00104
0.00061
0.00003
-0.00006
0.00018
0.00021
0.00018
0.00034
0.00049
0.00055
0.00040
0.00049
0.00046
0.00021
0.00009
0.00006
0.00009
-0.00006
-0.00043
-0.00058
-0.00079
-0.00092
-0.00073
-0.00052
-0.00027
-0.00024
-0.00018
-0.00015
-0.00006
0.00000
-0.00003
-0.00012
-0.00027
-0.00012
-0.00003
-0.00049
-0.00098
-0.00116
-0.00110
-0.00110
-0.00107
-0.00082
-0.00049
-0.00037
-0.00049
-0.00061
-0.00040
-0.00009
0.00003
0.00009
-0.00012
-0.00055
-0.00082
-0.00085
-0.00073
-0.00089
-0.00104
-0.00104
-0.00110
-0.00107
-0.00095
-0.00067
-0.00043
-0.00027
-0.00027
-0.00037
-0.00046
-0.00067
-0.00082
-0.00079
-0.00061
-0.00070
-0.00101
-0.00101
-0.00076
-0.00058
-0.00064
-0.00073
-0.00067
-0.00055
-0.00037
-0.00024
-0.00024
-0.00027
-0.00024
-0.00009
0.00000
0.00000
0.00000
0.00000
0.00000
0.00000
0.00000
0.00000
0.00000
0.00000
0.00000
0.00000
0.00000
0.00000
0.00000
0.00000
0.00000
0.00000
0.00000
0.00000
0.00000
0.00000
0.00000
0.00000
0.00000
0.00000
0.00000
0.00000
0.00000
0.00000
0.00000
0.00000
0.00000
0.00000
0.00000
0.00000
0.00000
0.00000
0.00000
0.00000
0.00000
0.00000
0.00000
0.00000
0.00000
0.00000
0.00000
0.00000
0.00000
0.00000
0.00000
0.00000
0.00000
0.00000
0.00000
0.00000
0.00000
0.00000
0.00000
0.00000
0.00000
0.00000
0.00000
0.00000
0.00000
0.00000
0.00000
0.00000
0.00000
0.00000
0.00000
0.00000
0.00000
0.00000
0.00000
0.00000
0.00000
0.00000
0.00000
0.00000
0.00000
0.00000
0.00000
0.00000
0.00000
0.00000
0.00000
0.00000
0.00000
0.00000
0.00000
0.00000
0.00000
0.00000
0.00000
0.00000
0.00000
0.00000
0.00000
0.00000
0.00000
0.00000
0.00000
0.00000
0.00000
0.00000
0.00000
0.00000
0.00000
0.00000
0.00000
0.00000
0.00000
0.00000
0.00000
0.00000
0.00000
0.00000
0.00000
0.00000
0.00000
0.00000
0.00000
0.00000
0.00000
0.00000
0.00000
0.00000
0.00000
0.00000
0.00000
0.00000
0.00000
0.00000
0.00000
0.00000
0.00000
0.00000
0.00000
0.00000
0.00000
0.00000
0.00000
0.00000
0.00000
0.00000
0.00000
0.00000
0.00000
0.00000
0.00000
0.00000
0.00000
0.00000
0.00000
0.00000
0.00000
0.00000
0.00000
0.00000
0.00000
0.00000
0.00000
0.00000
