-0.00043
-0.00040
-0.00043
-0.00043
-0.00037
-0.00040
-0.00046
-0.00043
-0.00040
-0.00040
-0.00040
-0.00043
-0.00043
-0.00046
-0.00049
-0.00052
-0.00043
-0.00043
-0.00049
-0.00046
-0.00034
-0.00034
-0.00046
-0.00046
-0.00040
-0.00043
-0.00046
-0.00040
-0.00043
-0.00049
-0.00052
-0.00052
-0.00052
-0.00046
-0.00046
-0.00049
-0.00043
-0.00043
-0.00046
-0.00046
-0.00043
-0.00049
-0.00043
-0.00037
-0.00046
-0.00046
-0.00040
-0.00052
-0.00052
-0.00046
-0.00049
-0.00049
-0.00043
-0.00046
-0.00040
-0.00037
-0.00043
-0.00049
-0.00052
-0.00052
-0.00049
-0.00049
-0.00049
-0.00046
-0.00043
-0.00046
-0.00043
-0.00040
-0.00043
-0.00043
-0.00046
-0.00049
-0.00046
-0.00046
-0.00040
-0.00040
-0.00046
-0.00043
-0.00040
-0.00046
-0.00049
-0.00037
-0.00046
-0.00046
-0.00040
-0.00043
-0.00046
-0.00046
-0.00040
-0.00040
-0.00040
-0.00040
-0.00037
-0.00043
-0.00046
-0.00043
-0.00046
-0.00046
-0.00040
-0.00034
-0.00037
-0.00037
-0.00040
-0.00040
-0.00040
-0.00040
-0.00037
-0.00040
-0.00037
-0.00043
-0.00046
-0.00040
-0.00034
-0.00034
-0.00034
-0.00027
-0.00034
-0.00040
-0.00040
-0.00040
-0.00040
-0.00037
-0.00034
-0.00031
-0.00027
-0.00031
-0.00034
-0.00031
-0.00034
-0.00040
-0.00037
-0.00037
-0.00040
-0.00037
-0.00031
-0.00031
-0.00031
-0.00031
-0.00034
-0.00040
-0.00034
-0.00034
-0.00034
-0.00027
-0.00027
-0.00031
-0.00031
-0.00027
-0.00031
-0.00037
-0.00034
-0.00034
-0.00034
-0.00031
-0.00027
-0.00027
-0.00027
-0.00027
-0.00031
-0.00027
-0.00024
-0.00031
-0.00034
-0.00031
-0.00027
-0.00024
-0.00021
-0.00021
-0.00027
-0.00027
-0.00027
-0.00031
-0.00034
-0.00031
-0.00027
-0.00021
-0.00021
-0.00024
-0.00021
-0.00021
-0.00027
-0.00034
-0.00027
-0.00027
-0.00027
-0.00024
-0.00021
-0.00024
-0.00018
-0.00034
-0.00003
-0.00067
0.00000
-0.00082
0.00082
-0.00125
0.00034
-0.02344
-0.05344
-0.02292
-0.01639
-0.00861
0.01385
0.03769
0.03662
0.03247
0.01697
-0.00110
0.00421
-0.00922
-0.02103
-0.01645
-0.00623
-0.00406
0.00330
0.00940
0.00504
0.00562
0.00473
-0.00256
0.00217
0.00641
-0.00107
-0.00305
0.00024
-0.00146
-0.00104
0.00061
-0.00003
-0.00116
-0.00034
0.00067
0.00058
0.00394
0.00568
0.00464
0.00323
0.00323
0.00122
-0.00101
-0.00070
-0.00031
-0.00107
-0.00043
-0.00070
-0.00128
0.00034
0.00195
0.00198
0.00165
0.00238
0.00223
0.00150
0.00153
0.00116
0.00046
0.00009
0.00006
-0.00009
-0.00064
-0.00037
-0.00049
-0.00043
0.00015
0.00040
0.00055
0.00055
0.00085
0.00064
0.00043
0.00061
0.00018
-0.00027
-0.00031
-0.00049
-0.00046
-0.00061
-0.00079
-0.00089
-0.00061
-0.00031
-0.00037
-0.00018
-0.00031
-0.00043
-0.00018
0.00006
0.00018
0.00006
-0.00006
-0.00031
-0.00058
-0.00037
-0.00052
-0.00089
-0.00116
-0.00125
-0.00119
-0.00085
-0.00067
-0.00052
-0.00052
-0.00049
-0.00031
0.00006
0.00034
0.00018
0.00012
0.00003
-0.00015
-0.00052
-0.00089
-0.00101
-0.00110
-0.00122
-0.00131
-0.00140
-0.00131
-0.00098
-0.00040
0.00012
0.00040
0.00043
0.00024
-0.00009
-0.00061
-0.00101
-0.00110
-0.00110
-0.00113
-0.00113
-0.00098
-0.00067
-0.00049
-0.00024
0.00000
0.00003
0.00000
-0.00012
-0.00006
0.00015
0.00021
0.00012
-0.00009
-0.00018
-0.00012
0.00000
0.00000
-0.00021
-0.00058
-0.00058
-0.00037
-0.00043
0.00000
0.00000
0.00000
0.00000
0.00000
0.00000
0.00000
0.00000
0.00000
0.00000
0.00000
0.00000
0.00000
0.00000
0.00000
0.00000
0.00000
0.00000
0.00000
0.00000
0.00000
0.00000
0.00000
0.00000
0.00000
0.00000
0.00000
0.00000
0.00000
0.00000
0.00000
0.00000
0.00000
0.00000
0.00000
0.00000
0.00000
0.00000
0.00000
0.00000
0.00000
0.00000
0.00000
0.00000
0.00000
0.00000
0.00000
0.00000
0.00000
0.00000
0.00000
0.00000
0.00000
0.00000
0.00000
0.00000
0.00000
0.00000
0.00000
0.00000
0.00000
0.00000
0.00000
0.00000
0.00000
0.00000
0.00000
0.00000
0.00000
0.00000
0.00000
0.00000
0.00000
0.00000
0.00000
0.00000
0.00000
0.00000
0.00000
0.00000
0.00000
0.00000
0.00000
0.00000
0.00000
0.00000
0.00000
0.00000
0.00000
0.00000
0.00000
0.00000
0.00000
0.00000
0.00000
0.00000
0.00000
0.00000
0.00000
0.00000
0.00000
0.00000
0.00000
0.00000
0.00000
0.00000
0.00000
0.00000
0.00000
0.00000
0.00000
0.00000
0.00000
0.00000
0.00000
0.00000
0.00000
0.00000
0.00000
0.00000
0.00000
0.00000
0.00000
0.00000
0.00000
0.00000
0.00000
0.00000
0.00000
0.00000
0.00000
0.00000
0.00000
0.00000
0.00000
0.00000
0.00000
0.00000
0.00000
0.00000
0.00000
0.00000
0.00000
0.00000
0.00000
0.00000
0.00000
0.00000
0.00000
0.00000
0.00000
0.00000
0.00000
0.00000
0.00000
0.00000
0.00000
0.00000
0.00000
