-0.00027
-0.00037
-0.00037
-0.00034
-0.00037
-0.00043
-0.00037
-0.00031
-0.00034
-0.00034
-0.00031
-0.00031
-0.00037
-0.00037
-0.00040
-0.00040
-0.00034
-0.00037
-0.00040
-0.00034
-0.00037
-0.00043
-0.00031
-0.00037
-0.00040
-0.00037
-0.00034
-0.00034
-0.00043
-0.00040
-0.00040
-0.00040
-0.00040
-0.00040
-0.00031
-0.00027
-0.00040
-0.00037
-0.00031
-0.00034
-0.00034
-0.00040
-0.00034
-0.00031
-0.00037
-0.00031
-0.00031
-0.00027
-0.00037
-0.00034
-0.00027
-0.00031
-0.00040
-0.00031
-0.00055
-0.00040
-0.00018
-0.00049
-0.00024
-0.00015
-0.00021
-0.00043
-0.00040
-0.00027
-0.00037
-0.00034
-0.00031
-0.00031
-0.00031
-0.00024
-0.00024
-0.00031
-0.00027
-0.00027
-0.00046
-0.00034
-0.00018
-0.00031
-0.00027
-0.00021
-0.00034
-0.00043
-0.00027
-0.00024
-0.00037
-0.00024
-0.00021
-0.00027
-0.00021
-0.00024
-0.00027
-0.00021
-0.00027
-0.00031
-0.00024
-0.00021
-0.00031
-0.00037
-0.00024
-0.00012
-0.00031
-0.00043
-0.00015
-0.00018
-0.00031
-0.00021
-0.00009
-0.00021
-0.00031
-0.00018
-0.00021
-0.00024
-0.00027
-0.00027
-0.00024
-0.00021
-0.00024
-0.00024
-0.00012
-0.00018
-0.00024
-0.00024
-0.00015
-0.00024
-0.00027
-0.00012
-0.00015
-0.00015
-0.00012
-0.00015
-0.00021
-0.00024
-0.00018
-0.00027
-0.00021
-0.00015
-0.00012
-0.00018
-0.00009
-0.00012
-0.00021
-0.00012
-0.00021
-0.00021
-0.00024
-0.00021
-0.00018
-0.00012
-0.00009
-0.00015
-0.00009
-0.00012
-0.00018
-0.00018
-0.00015
-0.00003
-0.00012
-0.00009
-0.00015
-0.00009
-0.00009
-0.00024
-0.00009
-0.00012
-0.00021
-0.00015
-0.00003
-0.00003
-0.00003
-0.00015
0.00003
-0.00024
0.00024
-0.00095
0.00125
-0.00217
0.00284
-0.00436
0.00601
-0.00876
0.01047
-0.10690
-0.16098
0.04697
-0.04160
0.00497
0.15192
0.14142
-0.00452
-0.08167
-0.02246
-0.00391
0.03790
0.00613
-0.01022
0.05603
0.02548
-0.05588
-0.00287
0.02817
-0.02390
0.00262
0.01907
-0.00974
0.00183
0.00839
-0.01233
0.00754
0.02466
-0.01706
-0.01950
0.01764
0.00385
-0.00806
0.00729
0.00790
-0.00604
0.00293
0.00772
0.00024
0.00027
0.00684
-0.00119
-0.00504
-0.00031
-0.00076
-0.00363
0.00226
0.00153
-0.00555
-0.00208
0.00403
-0.00140
-0.00018
0.01010
0.00415
-0.00473
0.00140
0.00357
-0.00009
0.00000
0.00284
-0.00116
-0.00443
-0.00153
-0.00226
-0.00003
0.00247
-0.00098
-0.00040
0.00000
-0.00034
-0.00314
-0.00082
0.00339
-0.00052
-0.00211
0.00055
-0.00110
-0.00217
-0.00204
0.00049
-0.00018
-0.00198
-0.00174
-0.00223
-0.00031
-0.00009
-0.00079
0.00119
0.00089
-0.00055
-0.00116
0.00000
-0.00006
-0.00217
-0.00058
-0.00052
-0.00208
-0.00189
-0.00208
-0.00208
-0.00146
-0.00058
0.00012
-0.00043
-0.00034
-0.00043
0.00021
0.00125
0.00049
0.00052
0.00027
-0.00079
-0.00116
-0.00061
0.00000
-0.00146
-0.00223
-0.00174
-0.00241
-0.00214
-0.00082
0.00034
0.00040
0.00009
0.00024
-0.00027
-0.00064
-0.00095
-0.00073
-0.00009
-0.00070
-0.00134
-0.00110
-0.00076
-0.00110
-0.00131
-0.00024
0.00040
-0.00024
-0.00037
0.00018
0.00067
0.00043
0.00046
0.00110
0.00104
0.00037
-0.00021
-0.00015
0.00012
-0.00034
-0.00064
-0.00043
-0.00058
-0.00122
-0.00104
0.00006
0.00034
0.00000
0.00021
0.00067
0.00073
0.00052
-0.00015
0.00000
0.00000
0.00000
0.00000
0.00000
0.00000
0.00000
0.00000
0.00000
0.00000
0.00000
0.00000
0.00000
0.00000
0.00000
0.00000
0.00000
0.00000
0.00000
0.00000
0.00000
0.00000
0.00000
0.00000
0.00000
0.00000
0.00000
0.00000
0.00000
0.00000
0.00000
0.00000
0.00000
0.00000
0.00000
0.00000
0.00000
0.00000
0.00000
0.00000
0.00000
0.00000
0.00000
0.00000
0.00000
0.00000
0.00000
0.00000
0.00000
0.00000
0.00000
0.00000
0.00000
0.00000
0.00000
0.00000
0.00000
0.00000
0.00000
0.00000
0.00000
0.00000
0.00000
0.00000
0.00000
0.00000
0.00000
0.00000
0.00000
0.00000
0.00000
0.00000
0.00000
0.00000
0.00000
0.00000
0.00000
0.00000
0.00000
0.00000
0.00000
0.00000
0.00000
0.00000
0.00000
0.00000
0.00000
0.00000
0.00000
0.00000
0.00000
0.00000
0.00000
0.00000
0.00000
0.00000
0.00000
0.00000
0.00000
0.00000
0.00000
0.00000
0.00000
0.00000
0.00000
0.00000
0.00000
0.00000
0.00000
0.00000
0.00000
0.00000
0.00000
0.00000
0.00000
0.00000
0.00000
0.00000
0.00000
0.00000
0.00000
0.00000
0.00000
0.00000
0.00000
0.00000
0.00000
0.00000
0.00000
0.00000
0.00000
0.00000
0.00000
0.00000
0.00000
0.00000
0.00000
0.00000
0.00000
0.00000
0.00000
0.00000
0.00000
0.00000
0.00000
0.00000
0.00000
0.00000
0.00000
0.00000
0.00000
0.00000
0.00000
0.00000
0.00000
0.00000
0.00000
0.00000
0.00000
0.00000
0.00000
0.00000
0.00000
0.00000
0.00000
0.00000
