-0.00034
-0.00031
-0.00037
-0.00037
-0.00037
-0.00037
-0.00037
-0.00034
-0.00034
-0.00037
-0.00027
-0.00031
-0.00034
-0.00037
-0.00031
-0.00037
-0.00040
-0.00037
-0.00034
-0.00037
-0.00037
-0.00034
-0.00037
-0.00043
-0.00040
-0.00034
-0.00031
-0.00034
-0.00037
-0.00040
-0.00040
-0.00037
-0.00034
-0.00034
-0.00037
-0.00043
-0.00046
-0.00049
-0.00046
-0.00046
-0.00034
-0.00027
-0.00034
-0.00040
-0.00037
-0.00034
-0.00037
-0.00040
-0.00040
-0.00043
-0.00043
-0.00040
-0.00040
-0.00043
-0.00046
-0.00043
-0.00040
-0.00040
-0.00046
-0.00046
-0.00046
-0.00043
-0.00046
-0.00040
-0.00037
-0.00040
-0.00037
-0.00034
-0.00043
-0.00046
-0.00043
-0.00040
-0.00043
-0.00043
-0.00046
-0.00046
-0.00040
-0.00049
-0.00052
-0.00040
-0.00043
-0.00046
-0.00034
-0.00034
-0.00040
-0.00040
-0.00043
-0.00046
-0.00046
-0.00043
-0.00043
-0.00043
-0.00049
-0.00049
-0.00040
-0.00037
-0.00037
-0.00034
-0.00037
-0.00043
-0.00052
-0.00049
-0.00049
-0.00046
-0.00043
-0.00040
-0.00034
-0.00040
-0.00049
-0.00043
-0.00043
-0.00049
-0.00043
-0.00037
-0.00037
-0.00043
-0.00043
-0.00043
-0.00046
-0.00043
-0.00043
-0.00046
-0.00043
-0.00043
-0.00043
-0.00037
-0.00040
-0.00043
-0.00040
-0.00040
-0.00040
-0.00040
-0.00040
-0.00043
-0.00046
-0.00043
-0.00040
-0.00037
-0.00034
-0.00037
-0.00043
-0.00049
-0.00049
-0.00046
-0.00040
-0.00040
-0.00037
-0.00031
-0.00031
-0.00037
-0.00040
-0.00037
-0.00040
-0.00049
-0.00046
-0.00037
-0.00040
-0.00037
-0.00031
-0.00031
-0.00043
-0.00040
-0.00037
-0.00043
-0.00040
-0.00034
-0.00037
-0.00037
-0.00034
-0.00040
-0.00043
-0.00040
-0.00040
-0.00043
-0.00034
-0.00034
-0.00040
-0.00040
-0.00040
-0.00040
-0.00037
-0.00046
-0.00040
-0.00031
-0.00043
-0.00037
-0.00040
-0.00027
-0.00034
-0.00040
-0.00037
-0.00034
-0.00040
-0.00037
-0.00024
-0.00027
-0.00049
-0.00052
-0.00052
-0.00027
-0.00055
-0.00027
-0.00040
-0.00027
-0.00476
-0.02304
-0.02161
-0.01755
-0.02304
-0.00540
0.01657
0.02109
0.02316
0.01080
0.00070
0.00150
-0.00363
-0.01114
-0.00632
0.00366
0.00116
0.00363
0.00653
0.00125
-0.00098
0.00113
-0.00143
0.00040
0.00391
0.00052
0.00110
0.00537
0.00250
0.00003
0.00189
0.00098
-0.00027
0.00009
-0.00055
-0.00018
0.00192
0.00244
0.00211
0.00217
0.00186
0.00061
0.00122
0.00098
-0.00015
-0.00055
-0.00015
-0.00015
-0.00046
-0.00006
0.00043
0.00076
0.00079
0.00082
0.00101
0.00089
0.00125
0.00104
0.00040
0.00067
0.00089
0.00052
0.00021
0.00012
-0.00024
-0.00043
0.00000
0.00000
-0.00055
-0.00024
0.00027
0.00018
0.00015
0.00009
0.00015
-0.00003
-0.00003
-0.00031
-0.00049
-0.00055
-0.00104
-0.00098
-0.00061
-0.00061
-0.00076
-0.00064
-0.00040
-0.00046
-0.00040
0.00003
0.00006
-0.00015
-0.00055
-0.00079
-0.00079
-0.00073
-0.00061
-0.00061
-0.00073
-0.00079
-0.00101
-0.00113
-0.00125
-0.00119
-0.00076
-0.00043
-0.00018
-0.00018
-0.00034
-0.00043
-0.00046
-0.00034
-0.00040
-0.00058
-0.00061
-0.00064
-0.00070
-0.00073
-0.00070
-0.00082
-0.00101
-0.00107
-0.00082
-0.00052
-0.00049
-0.00055
-0.00034
0.00000
-0.00015
-0.00061
-0.00070
-0.00058
-0.00070
-0.00082
-0.00070
-0.00055
-0.00052
-0.00055
-0.00037
-0.00037
-0.00061
-0.00043
-0.00003
0.00000
-0.00015
-0.00012
-0.00003
-0.00003
-0.00009
-0.00018
-0.00027
0.00000
0.00000
0.00000
0.00000
0.00000
0.00000
0.00000
0.00000
0.00000
0.00000
0.00000
0.00000
0.00000
0.00000
0.00000
0.00000
0.00000
0.00000
0.00000
0.00000
0.00000
0.00000
0.00000
0.00000
0.00000
0.00000
0.00000
0.00000
0.00000
0.00000
0.00000
0.00000
0.00000
0.00000
0.00000
0.00000
0.00000
0.00000
0.00000
0.00000
0.00000
0.00000
0.00000
0.00000
0.00000
0.00000
0.00000
0.00000
0.00000
0.00000
0.00000
0.00000
0.00000
0.00000
0.00000
0.00000
0.00000
0.00000
0.00000
0.00000
0.00000
0.00000
0.00000
0.00000
0.00000
0.00000
0.00000
0.00000
0.00000
0.00000
0.00000
0.00000
0.00000
0.00000
0.00000
0.00000
0.00000
0.00000
0.00000
0.00000
0.00000
0.00000
0.00000
0.00000
0.00000
0.00000
0.00000
0.00000
0.00000
0.00000
0.00000
0.00000
0.00000
0.00000
0.00000
0.00000
0.00000
0.00000
0.00000
0.00000
0.00000
0.00000
0.00000
0.00000
0.00000
0.00000
0.00000
0.00000
0.00000
0.00000
0.00000
0.00000
0.00000
0.00000
0.00000
0.00000
0.00000
0.00000
0.00000
0.00000
0.00000
0.00000
0.00000
0.00000
0.00000
0.00000
0.00000
0.00000
0.00000
0.00000
0.00000
0.00000
0.00000
0.00000
0.00000
0.00000
0.00000
0.00000
0.00000
0.00000
0.00000
0.00000
0.00000
0.00000
0.00000
0.00000
0.00000
0.00000
0.00000
0.00000
0.00000
0.00000
0.00000
0.00000
0.00000
0.00000
0.00000
