-0.00003
-0.00003
-0.00003
-0.00003
-0.00003
-0.00006
-0.00003
-0.00006
-0.00003
-0.00003
0.00000
-0.00006
-0.00003
0.00000
-0.00006
-0.00006
-0.00009
-0.00006
-0.00006
-0.00006
-0.00009
-0.00006
-0.00003
-0.00006
-0.00006
0.00000
-0.00003
-0.00006
0.00000
0.00003
0.00000
-0.00006
0.00000
0.00000
-0.00009
-0.00006
0.00000
-0.00003
-0.00009
-0.00006
0.00000
0.00000
0.00000
0.00003
0.00000
0.00000
-0.00006
-0.00003
0.00000
-0.00003
-0.00003
0.00000
-0.00003
-0.00009
-0.00006
0.00000
0.00000
0.00000
0.00003
0.00000
0.00000
0.00000
0.00000
0.00000
-0.00006
-0.00012
-0.00006
-0.00003
-0.00003
-0.00006
0.00000
0.00000
-0.00003
-0.00003
0.00000
0.00000
0.00000
0.00000
-0.00006
-0.00003
-0.00003
-0.00006
-0.00003
-0.00006
-0.00012
-0.00009
-0.00006
-0.00006
0.00000
0.00000
0.00000
0.00000
0.00000
-0.00006
-0.00003
-0.00003
-0.00003
0.00000
0.00000
-0.00006
-0.00006
-0.00006
-0.00009
-0.00009
0.00000
-0.00003
-0.00003
0.00003
0.00000
0.00000
0.00000
0.00000
-0.00009
-0.00009
-0.00006
-0.00006
-0.00009
-0.00006
-0.00009
-0.00006
-0.00006
-0.00006
0.00000
0.00000
-0.00003
-0.00009
-0.00003
-0.00006
-0.00009
-0.00006
-0.00006
-0.00009
-0.00009
-0.00006
-0.00006
-0.00009
-0.00009
-0.00006
-0.00003
-0.00006
-0.00006
-0.00003
-0.00006
-0.00006
-0.00006
-0.00006
-0.00006
-0.00006
-0.00009
-0.00006
-0.00006
-0.00006
-0.00003
-0.00003
-0.00006
-0.00012
-0.00012
-0.00015
-0.00021
-0.00015
-0.00009
-0.00006
-0.00006
-0.00003
-0.00003
-0.00006
-0.00015
-0.00015
-0.00015
-0.00015
-0.00015
-0.00012
-0.00015
-0.00015
-0.00012
-0.00009
-0.00006
0.00000
0.00000
-0.00003
-0.00021
-0.00006
-0.00027
-0.00031
-0.00012
-0.00015
-0.00003
-0.00003
-0.00006
-0.00006
-0.00003
-0.00012
-0.00012
-0.00012
-0.00012
-0.00015
-0.00018
-0.00018
-0.00021
-0.00006
-0.00031
-0.00015
-0.00037
0.00012
-0.00461
-0.01331
-0.01126
-0.01181
-0.01215
-0.00668
-0.00223
-0.00244
0.00131
0.00455
-0.00153
0.00391
0.01132
0.00998
0.01062
0.00635
-0.00159
-0.00128
-0.00122
-0.00668
-0.00601
-0.00073
0.00171
0.00516
0.00906
0.00641
0.00415
0.00446
0.00089
-0.00076
0.00024
-0.00125
-0.00107
0.00110
0.00104
0.00000
0.00040
0.00146
0.00143
0.00116
0.00134
0.00104
0.00110
0.00177
0.00180
0.00061
0.00058
0.00049
-0.00052
0.00012
0.00061
-0.00006
-0.00034
0.00009
0.00040
0.00070
0.00101
0.00089
0.00107
0.00143
0.00122
0.00070
0.00067
0.00043
-0.00009
-0.00015
0.00000
-0.00018
-0.00037
-0.00031
-0.00024
-0.00021
0.00000
0.00043
0.00021
-0.00027
-0.00043
-0.00034
-0.00021
-0.00040
-0.00049
-0.00055
-0.00073
-0.00089
-0.00079
-0.00061
-0.00098
-0.00104
-0.00052
-0.00018
-0.00027
-0.00064
-0.00055
-0.00037
-0.00040
-0.00046
-0.00058
-0.00064
-0.00073
-0.00104
-0.00137
-0.00159
-0.00143
-0.00089
-0.00055
-0.00061
-0.00076
-0.00079
-0.00073
-0.00070
-0.00055
-0.00049
-0.00055
-0.00058
-0.00052
-0.00055
-0.00076
-0.00079
-0.00073
-0.00095
-0.00116
-0.00119
-0.00125
-0.00137
-0.00128
-0.00076
-0.00027
-0.00046
-0.00067
-0.00061
-0.00055
-0.00064
-0.00073
-0.00067
-0.00073
-0.00089
-0.00092
-0.00098
-0.00128
-0.00140
-0.00101
-0.00067
-0.00058
-0.00055
-0.00043
-0.00027
-0.00034
-0.00031
-0.00006
0.00000
0.00000
0.00000
0.00000
0.00000
0.00000
0.00000
0.00000
0.00000
0.00000
0.00000
0.00000
0.00000
0.00000
0.00000
0.00000
0.00000
0.00000
0.00000
0.00000
0.00000
0.00000
0.00000
0.00000
0.00000
0.00000
0.00000
0.00000
0.00000
0.00000
0.00000
0.00000
0.00000
0.00000
0.00000
0.00000
0.00000
0.00000
0.00000
0.00000
0.00000
0.00000
0.00000
0.00000
0.00000
0.00000
0.00000
0.00000
0.00000
0.00000
0.00000
0.00000
0.00000
0.00000
0.00000
0.00000
0.00000
0.00000
0.00000
0.00000
0.00000
0.00000
0.00000
0.00000
0.00000
0.00000
0.00000
0.00000
0.00000
0.00000
0.00000
0.00000
0.00000
0.00000
0.00000
0.00000
0.00000
0.00000
0.00000
0.00000
0.00000
0.00000
0.00000
0.00000
0.00000
0.00000
0.00000
0.00000
0.00000
0.00000
0.00000
0.00000
0.00000
0.00000
0.00000
0.00000
0.00000
0.00000
0.00000
0.00000
0.00000
0.00000
0.00000
0.00000
0.00000
0.00000
0.00000
0.00000
0.00000
0.00000
0.00000
0.00000
0.00000
0.00000
0.00000
0.00000
0.00000
0.00000
0.00000
0.00000
0.00000
0.00000
0.00000
0.00000
0.00000
0.00000
0.00000
0.00000
0.00000
0.00000
0.00000
0.00000
0.00000
0.00000
0.00000
0.00000
0.00000
0.00000
0.00000
0.00000
0.00000
0.00000
0.00000
0.00000
0.00000
0.00000
0.00000
0.00000
0.00000
0.00000
0.00000
0.00000
0.00000
0.00000
0.00000
0.00000
0.00000
0.00000
0.00000
