-0.00027
-0.00031
-0.00031
-0.00031
-0.00037
-0.00031
-0.00027
-0.00027
-0.00027
-0.00027
-0.00031
-0.00027
-0.00024
-0.00031
-0.00034
-0.00024
-0.00027
-0.00034
-0.00027
-0.00021
-0.00027
-0.00027
-0.00027
-0.00027
-0.00031
-0.00031
-0.00031
-0.00027
-0.00027
-0.00027
-0.00024
-0.00018
-0.00021
-0.00024
-0.00024
-0.00027
-0.00031
-0.00027
-0.00027
-0.00027
-0.00027
-0.00027
-0.00024
-0.00021
-0.00021
-0.00027
-0.00027
-0.00031
-0.00024
-0.00021
-0.00024
-0.00021
-0.00024
-0.00027
-0.00027
-0.00031
-0.00031
-0.00027
-0.00021
-0.00024
-0.00027
-0.00027
-0.00024
-0.00027
-0.00027
-0.00024
-0.00021
-0.00018
-0.00018
-0.00021
-0.00024
-0.00027
-0.00031
-0.00034
-0.00021
-0.00021
-0.00034
-0.00034
-0.00027
-0.00031
-0.00027
-0.00027
-0.00027
-0.00024
-0.00021
-0.00018
-0.00021
-0.00024
-0.00024
-0.00021
-0.00021
-0.00024
-0.00024
-0.00027
-0.00024
-0.00021
-0.00021
-0.00018
-0.00021
-0.00021
-0.00018
-0.00021
-0.00024
-0.00024
-0.00024
-0.00015
-0.00015
-0.00021
-0.00021
-0.00021
-0.00024
-0.00031
-0.00021
-0.00015
-0.00018
-0.00021
-0.00015
-0.00018
-0.00018
-0.00012
-0.00015
-0.00021
-0.00024
-0.00024
-0.00021
-0.00018
-0.00012
-0.00015
-0.00012
-0.00012
-0.00018
-0.00018
-0.00018
-0.00018
-0.00021
-0.00012
-0.00009
-0.00012
-0.00015
-0.00015
-0.00015
-0.00015
-0.00012
-0.00012
-0.00018
-0.00018
-0.00015
-0.00018
-0.00018
-0.00012
-0.00009
-0.00006
-0.00009
-0.00012
-0.00018
-0.00012
-0.00015
-0.00012
-0.00009
-0.00009
-0.00009
-0.00006
-0.00009
-0.00012
-0.00015
-0.00015
-0.00009
-0.00009
-0.00009
-0.00006
-0.00003
-0.00006
-0.00003
-0.00009
-0.00015
-0.00015
-0.00012
-0.00015
-0.00018
-0.00006
0.00000
0.00000
-0.00003
-0.00012
0.00000
-0.00003
-0.00015
-0.00015
-0.00003
-0.00006
-0.00006
-0.00003
-0.00009
0.00000
-0.00015
0.00009
-0.00040
0.00027
-0.00049
-0.00092
-0.02170
-0.03366
-0.01773
-0.03143
-0.01544
0.02966
0.03751
0.03595
0.01575
0.00439
0.00635
-0.00369
-0.01675
-0.01794
-0.00183
-0.00211
-0.00439
0.00500
0.00513
0.00031
0.00308
0.00211
0.00226
0.00659
0.00241
-0.00009
0.00427
0.00220
-0.00308
-0.00146
0.00153
0.00085
0.00070
0.00104
0.00073
0.00113
0.00235
0.00333
0.00320
0.00262
0.00238
0.00232
0.00101
0.00131
0.00067
-0.00140
-0.00021
0.00027
-0.00098
0.00012
0.00162
0.00021
0.00095
0.00296
0.00137
0.00110
0.00266
0.00119
0.00055
0.00107
0.00031
-0.00003
-0.00052
-0.00101
-0.00064
0.00067
0.00095
0.00012
0.00098
0.00110
0.00046
0.00049
0.00018
0.00046
0.00034
0.00027
0.00043
-0.00012
-0.00046
-0.00095
-0.00073
-0.00040
-0.00079
-0.00061
-0.00049
-0.00024
-0.00009
-0.00018
0.00037
0.00031
0.00018
0.00015
0.00003
-0.00003
-0.00043
-0.00040
-0.00064
-0.00116
-0.00122
-0.00140
-0.00110
-0.00067
-0.00040
0.00000
0.00006
0.00006
-0.00006
-0.00034
-0.00046
-0.00040
-0.00003
0.00015
0.00003
-0.00009
-0.00040
-0.00079
-0.00119
-0.00134
-0.00113
-0.00101
-0.00085
-0.00067
-0.00037
-0.00006
0.00006
0.00024
0.00015
0.00000
-0.00018
-0.00037
-0.00064
-0.00098
-0.00095
-0.00076
-0.00058
-0.00052
-0.00049
-0.00040
-0.00034
-0.00024
0.00006
0.00034
0.00034
0.00012
-0.00003
0.00000
0.00009
0.00018
0.00012
-0.00003
-0.00018
-0.00034
-0.00049
0.00000
0.00000
0.00000
0.00000
0.00000
0.00000
0.00000
0.00000
0.00000
0.00000
0.00000
0.00000
0.00000
0.00000
0.00000
0.00000
0.00000
0.00000
0.00000
0.00000
0.00000
0.00000
0.00000
0.00000
0.00000
0.00000
0.00000
0.00000
0.00000
0.00000
0.00000
0.00000
0.00000
0.00000
0.00000
0.00000
0.00000
0.00000
0.00000
0.00000
0.00000
0.00000
0.00000
0.00000
0.00000
0.00000
0.00000
0.00000
0.00000
0.00000
0.00000
0.00000
0.00000
0.00000
0.00000
0.00000
0.00000
0.00000
0.00000
0.00000
0.00000
0.00000
0.00000
0.00000
0.00000
0.00000
0.00000
0.00000
0.00000
0.00000
0.00000
0.00000
0.00000
0.00000
0.00000
0.00000
0.00000
0.00000
0.00000
0.00000
0.00000
0.00000
0.00000
0.00000
0.00000
0.00000
0.00000
0.00000
0.00000
0.00000
0.00000
0.00000
0.00000
0.00000
0.00000
0.00000
0.00000
0.00000
0.00000
0.00000
0.00000
0.00000
0.00000
0.00000
0.00000
0.00000
0.00000
0.00000
0.00000
0.00000
0.00000
0.00000
0.00000
0.00000
0.00000
0.00000
0.00000
0.00000
0.00000
0.00000
0.00000
0.00000
0.00000
0.00000
0.00000
0.00000
0.00000
0.00000
0.00000
0.00000
0.00000
0.00000
0.00000
0.00000
0.00000
0.00000
0.00000
0.00000
0.00000
0.00000
0.00000
0.00000
0.00000
0.00000
0.00000
0.00000
0.00000
0.00000
0.00000
0.00000
0.00000
0.00000
0.00000
0.00000
0.00000
0.00000
0.00000
0.00000
0.00000
