-0.00006
-0.00006
-0.00006
-0.00009
-0.00012
-0.00012
-0.00012
-0.00012
-0.00009
-0.00006
-0.00009
-0.00015
-0.00015
-0.00012
-0.00012
-0.00009
-0.00006
-0.00003
-0.00012
-0.00015
-0.00015
-0.00015
-0.00012
-0.00009
-0.00006
-0.00006
-0.00006
-0.00006
-0.00012
-0.00009
-0.00009
-0.00015
-0.00015
-0.00009
-0.00006
-0.00009
-0.00006
-0.00006
-0.00006
-0.00009
-0.00003
-0.00006
-0.00009
-0.00009
-0.00009
-0.00009
-0.00012
-0.00012
-0.00006
-0.00003
-0.00003
-0.00003
-0.00003
-0.00009
-0.00009
-0.00003
-0.00003
-0.00009
-0.00003
0.00000
-0.00003
-0.00003
-0.00003
-0.00006
-0.00006
-0.00006
0.00000
-0.00003
-0.00003
-0.00006
-0.00003
0.00000
0.00000
0.00000
0.00006
0.00000
0.00000
0.00000
-0.00006
-0.00006
-0.00003
-0.00003
0.00000
0.00000
0.00000
0.00003
0.00006
0.00000
0.00003
0.00000
-0.00006
-0.00006
0.00000
0.00000
0.00003
0.00003
0.00000
-0.00003
-0.00003
0.00000
0.00000
0.00003
0.00003
0.00003
0.00000
-0.00003
-0.00003
0.00000
0.00000
0.00000
0.00000
0.00000
-0.00003
-0.00006
-0.00003
0.00000
0.00000
0.00000
0.00000
0.00000
0.00000
-0.00003
0.00000
0.00000
0.00000
-0.00003
0.00000
-0.00003
-0.00003
-0.00003
-0.00003
0.00000
0.00000
0.00006
0.00006
0.00000
-0.00006
-0.00009
-0.00006
-0.00003
-0.00003
0.00000
0.00000
0.00000
-0.00003
-0.00003
-0.00006
-0.00003
0.00000
0.00000
0.00000
-0.00003
-0.00006
-0.00006
0.00000
0.00000
-0.00003
0.00000
0.00000
-0.00009
-0.00009
-0.00006
-0.00006
-0.00003
0.00000
0.00000
0.00000
-0.00003
-0.00003
-0.00006
-0.00009
-0.00003
-0.00003
0.00000
0.00000
-0.00003
-0.00006
-0.00006
-0.00009
-0.00006
-0.00018
0.00000
-0.00003
-0.00012
-0.00003
-0.00009
-0.00003
-0.00006
-0.00009
0.00000
0.00006
-0.00003
-0.00003
0.00000
0.00000
-0.00012
-0.00009
-0.00021
-0.00015
-0.00018
-0.00009
-0.00015
-0.00015
-0.00204
-0.01288
-0.01358
-0.01059
-0.00916
-0.00699
-0.00262
0.00327
0.00342
0.00348
0.00031
-0.00082
0.00000
0.00140
0.00357
0.00800
0.01044
0.00580
0.00000
-0.00165
-0.00479
-0.00586
-0.00284
0.00195
0.00775
0.00922
0.00635
0.00403
0.00317
0.00079
-0.00183
-0.00104
0.00018
-0.00052
0.00034
0.00125
0.00076
0.00113
0.00198
0.00143
0.00101
0.00140
0.00079
0.00055
0.00195
0.00180
0.00024
0.00049
0.00024
-0.00015
0.00055
0.00092
0.00034
-0.00006
0.00021
0.00037
0.00076
0.00110
0.00082
0.00110
0.00122
0.00079
0.00040
0.00037
0.00037
0.00000
0.00003
0.00018
0.00000
-0.00021
-0.00009
0.00000
-0.00031
-0.00015
0.00040
0.00027
-0.00027
-0.00049
-0.00040
-0.00040
-0.00052
-0.00055
-0.00058
-0.00064
-0.00079
-0.00064
-0.00049
-0.00079
-0.00098
-0.00061
-0.00015
-0.00018
-0.00049
-0.00055
-0.00055
-0.00046
-0.00061
-0.00092
-0.00082
-0.00073
-0.00085
-0.00134
-0.00159
-0.00122
-0.00082
-0.00070
-0.00058
-0.00058
-0.00067
-0.00076
-0.00061
-0.00052
-0.00067
-0.00076
-0.00073
-0.00058
-0.00061
-0.00085
-0.00089
-0.00082
-0.00092
-0.00101
-0.00098
-0.00101
-0.00125
-0.00113
-0.00058
-0.00021
-0.00037
-0.00076
-0.00079
-0.00073
-0.00073
-0.00079
-0.00076
-0.00073
-0.00085
-0.00089
-0.00092
-0.00113
-0.00116
-0.00079
-0.00046
-0.00037
-0.00046
-0.00046
-0.00040
-0.00040
-0.00027
-0.00012
-0.00006
-0.00027
0.00000
0.00000
0.00000
0.00000
0.00000
0.00000
0.00000
0.00000
0.00000
0.00000
0.00000
0.00000
0.00000
0.00000
0.00000
0.00000
0.00000
0.00000
0.00000
0.00000
0.00000
0.00000
0.00000
0.00000
0.00000
0.00000
0.00000
0.00000
0.00000
0.00000
0.00000
0.00000
0.00000
0.00000
0.00000
0.00000
0.00000
0.00000
0.00000
0.00000
0.00000
0.00000
0.00000
0.00000
0.00000
0.00000
0.00000
0.00000
0.00000
0.00000
0.00000
0.00000
0.00000
0.00000
0.00000
0.00000
0.00000
0.00000
0.00000
0.00000
0.00000
0.00000
0.00000
0.00000
0.00000
0.00000
0.00000
0.00000
0.00000
0.00000
0.00000
0.00000
0.00000
0.00000
0.00000
0.00000
0.00000
0.00000
0.00000
0.00000
0.00000
0.00000
0.00000
0.00000
0.00000
0.00000
0.00000
0.00000
0.00000
0.00000
0.00000
0.00000
0.00000
0.00000
0.00000
0.00000
0.00000
0.00000
0.00000
0.00000
0.00000
0.00000
0.00000
0.00000
0.00000
0.00000
0.00000
0.00000
0.00000
0.00000
0.00000
0.00000
0.00000
0.00000
0.00000
0.00000
0.00000
0.00000
0.00000
0.00000
0.00000
0.00000
0.00000
0.00000
0.00000
0.00000
0.00000
0.00000
0.00000
0.00000
0.00000
0.00000
0.00000
0.00000
0.00000
0.00000
0.00000
0.00000
0.00000
0.00000
0.00000
0.00000
0.00000
0.00000
0.00000
0.00000
0.00000
0.00000
0.00000
0.00000
0.00000
0.00000
0.00000
0.00000
0.00000
0.00000
0.00000
