-0.00031
-0.00031
-0.00034
-0.00034
-0.00034
-0.00027
-0.00021
-0.00024
-0.00027
-0.00027
-0.00034
-0.00037
-0.00034
-0.00031
-0.00027
-0.00027
-0.00031
-0.00024
-0.00027
-0.00031
-0.00027
-0.00024
-0.00027
-0.00027
-0.00024
-0.00027
-0.00027
-0.00031
-0.00027
-0.00024
-0.00027
-0.00027
-0.00021
-0.00021
-0.00027
-0.00027
-0.00031
-0.00031
-0.00031
-0.00027
-0.00024
-0.00018
-0.00021
-0.00024
-0.00024
-0.00027
-0.00031
-0.00027
-0.00027
-0.00031
-0.00027
-0.00024
-0.00024
-0.00024
-0.00024
-0.00031
-0.00027
-0.00024
-0.00027
-0.00027
-0.00027
-0.00027
-0.00027
-0.00024
-0.00021
-0.00027
-0.00027
-0.00027
-0.00024
-0.00024
-0.00024
-0.00027
-0.00027
-0.00031
-0.00031
-0.00027
-0.00027
-0.00024
-0.00021
-0.00024
-0.00031
-0.00031
-0.00024
-0.00024
-0.00021
-0.00018
-0.00021
-0.00021
-0.00024
-0.00024
-0.00024
-0.00024
-0.00024
-0.00024
-0.00024
-0.00021
-0.00021
-0.00021
-0.00021
-0.00021
-0.00027
-0.00027
-0.00021
-0.00024
-0.00027
-0.00018
-0.00018
-0.00021
-0.00024
-0.00021
-0.00021
-0.00021
-0.00015
-0.00018
-0.00021
-0.00018
-0.00021
-0.00021
-0.00018
-0.00021
-0.00024
-0.00021
-0.00024
-0.00024
-0.00021
-0.00018
-0.00018
-0.00018
-0.00015
-0.00021
-0.00024
-0.00021
-0.00021
-0.00021
-0.00024
-0.00018
-0.00018
-0.00018
-0.00018
-0.00018
-0.00015
-0.00018
-0.00021
-0.00021
-0.00021
-0.00021
-0.00018
-0.00018
-0.00018
-0.00018
-0.00015
-0.00015
-0.00018
-0.00012
-0.00015
-0.00015
-0.00015
-0.00015
-0.00015
-0.00015
-0.00015
-0.00015
-0.00015
-0.00015
-0.00015
-0.00018
-0.00009
-0.00009
-0.00018
-0.00012
-0.00009
-0.00012
-0.00015
-0.00009
-0.00009
-0.00012
-0.00012
-0.00015
-0.00012
-0.00012
-0.00012
-0.00012
-0.00006
-0.00018
-0.00006
-0.00009
-0.00015
-0.00009
-0.00015
-0.00009
-0.00012
-0.00006
-0.00015
0.00000
-0.00034
0.00006
-0.00040
0.00058
-0.00079
-0.00003
-0.01758
-0.03241
-0.01648
-0.01331
-0.00504
0.00644
0.01968
0.02237
0.02139
0.00934
-0.00400
0.00034
-0.00613
-0.01224
-0.00772
-0.00195
0.00183
0.00644
0.00662
0.00232
0.00049
-0.00287
-0.00446
0.00107
0.00461
0.00232
0.00070
0.00314
0.00244
0.00266
0.00327
0.00217
0.00162
0.00067
0.00031
-0.00034
0.00018
0.00171
0.00238
0.00211
0.00211
0.00101
0.00027
0.00073
0.00095
0.00027
0.00049
0.00000
-0.00006
0.00095
0.00143
0.00092
0.00064
0.00113
0.00137
0.00119
0.00113
0.00119
0.00070
0.00037
0.00034
0.00046
0.00061
0.00006
-0.00052
-0.00009
0.00040
0.00034
0.00021
0.00049
0.00058
0.00003
0.00006
0.00055
0.00043
0.00000
-0.00009
0.00000
0.00000
-0.00037
-0.00055
-0.00064
-0.00082
-0.00104
-0.00098
-0.00049
-0.00021
-0.00015
-0.00009
0.00003
-0.00006
-0.00024
-0.00012
-0.00021
-0.00043
-0.00031
-0.00031
-0.00061
-0.00101
-0.00116
-0.00116
-0.00113
-0.00098
-0.00067
-0.00046
-0.00034
-0.00031
-0.00021
-0.00021
-0.00018
0.00003
0.00012
-0.00018
-0.00058
-0.00085
-0.00085
-0.00089
-0.00101
-0.00110
-0.00116
-0.00110
-0.00089
-0.00046
-0.00024
-0.00027
-0.00018
-0.00018
-0.00034
-0.00043
-0.00058
-0.00079
-0.00089
-0.00067
-0.00061
-0.00064
-0.00067
-0.00064
-0.00046
-0.00043
-0.00046
-0.00040
-0.00021
-0.00006
0.00000
0.00000
-0.00003
-0.00009
0.00000
0.00003
-0.00003
0.00000
0.00000
0.00000
0.00000
0.00000
0.00000
0.00000
0.00000
0.00000
0.00000
0.00000
0.00000
0.00000
0.00000
0.00000
0.00000
0.00000
0.00000
0.00000
0.00000
0.00000
0.00000
0.00000
0.00000
0.00000
0.00000
0.00000
0.00000
0.00000
0.00000
0.00000
0.00000
0.00000
0.00000
0.00000
0.00000
0.00000
0.00000
0.00000
0.00000
0.00000
0.00000
0.00000
0.00000
0.00000
0.00000
0.00000
0.00000
0.00000
0.00000
0.00000
0.00000
0.00000
0.00000
0.00000
0.00000
0.00000
0.00000
0.00000
0.00000
0.00000
0.00000
0.00000
0.00000
0.00000
0.00000
0.00000
0.00000
0.00000
0.00000
0.00000
0.00000
0.00000
0.00000
0.00000
0.00000
0.00000
0.00000
0.00000
0.00000
0.00000
0.00000
0.00000
0.00000
0.00000
0.00000
0.00000
0.00000
0.00000
0.00000
0.00000
0.00000
0.00000
0.00000
0.00000
0.00000
0.00000
0.00000
0.00000
0.00000
0.00000
0.00000
0.00000
0.00000
0.00000
0.00000
0.00000
0.00000
0.00000
0.00000
0.00000
0.00000
0.00000
0.00000
0.00000
0.00000
0.00000
0.00000
0.00000
0.00000
0.00000
0.00000
0.00000
0.00000
0.00000
0.00000
0.00000
0.00000
0.00000
0.00000
0.00000
0.00000
0.00000
0.00000
0.00000
0.00000
0.00000
0.00000
0.00000
0.00000
0.00000
0.00000
0.00000
0.00000
0.00000
0.00000
0.00000
0.00000
0.00000
0.00000
0.00000
0.00000
0.00000
0.00000
0.00000
0.00000
0.00000
0.00000
0.00000
0.00000
0.00000
0.00000
