-0.00009
-0.00003
0.00000
0.00000
0.00000
0.00000
0.00000
0.00000
-0.00003
-0.00009
-0.00009
-0.00003
0.00000
-0.00003
0.00000
0.00000
-0.00003
-0.00003
-0.00003
-0.00003
-0.00009
-0.00006
-0.00006
-0.00003
0.00000
0.00000
-0.00006
-0.00006
-0.00009
-0.00012
-0.00006
0.00000
-0.00009
-0.00006
-0.00003
-0.00006
-0.00006
0.00000
-0.00003
-0.00006
-0.00003
-0.00012
-0.00015
-0.00009
-0.00009
-0.00009
-0.00003
-0.00003
-0.00006
-0.00006
-0.00009
-0.00006
-0.00009
-0.00009
-0.00006
-0.00003
-0.00006
-0.00009
-0.00006
-0.00003
-0.00006
-0.00006
-0.00006
-0.00009
-0.00006
-0.00015
-0.00012
-0.00006
-0.00009
-0.00009
-0.00006
-0.00012
-0.00009
-0.00006
-0.00006
-0.00006
-0.00003
-0.00006
-0.00006
-0.00009
-0.00006
-0.00003
0.00000
-0.00003
-0.00006
-0.00012
-0.00021
-0.00024
-0.00018
-0.00015
-0.00006
-0.00003
-0.00003
-0.00003
-0.00006
-0.00009
-0.00015
-0.00012
-0.00012
-0.00012
-0.00012
-0.00009
-0.00009
-0.00009
-0.00006
-0.00006
-0.00012
-0.00012
-0.00012
-0.00015
-0.00009
0.00000
-0.00006
-0.00012
-0.00012
-0.00009
-0.00012
-0.00015
-0.00015
-0.00012
-0.00012
-0.00015
-0.00012
-0.00006
-0.00009
-0.00012
-0.00009
-0.00009
-0.00012
-0.00012
-0.00009
-0.00009
-0.00015
-0.00015
-0.00012
-0.00012
-0.00012
-0.00015
-0.00012
-0.00012
-0.00012
-0.00003
0.00000
-0.00006
-0.00006
-0.00012
-0.00018
-0.00018
-0.00015
-0.00009
-0.00009
-0.00009
-0.00009
-0.00012
-0.00015
-0.00012
-0.00015
-0.00009
-0.00006
-0.00009
-0.00006
-0.00006
-0.00009
-0.00009
-0.00012
-0.00012
-0.00018
-0.00018
-0.00018
-0.00012
-0.00009
-0.00006
-0.00009
-0.00012
-0.00015
-0.00012
-0.00006
-0.00012
-0.00009
-0.00015
0.00000
-0.00031
0.00012
-0.00037
0.00024
-0.00052
0.00031
-0.00085
-0.00009
-0.01981
-0.06891
-0.02597
-0.02374
-0.05127
-0.00171
0.04492
0.04633
0.04489
0.03653
0.02924
0.03619
0.00250
-0.02264
-0.02151
-0.00839
-0.02023
-0.01514
0.01294
0.00851
0.00955
0.01187
-0.00439
-0.00211
0.00223
-0.00433
0.00070
0.00986
0.00244
-0.00568
-0.00070
0.00128
-0.00275
-0.00064
0.00092
-0.00034
0.00110
0.00281
0.00342
0.00247
0.00418
0.00317
-0.00113
0.00031
0.00040
-0.00220
-0.00116
-0.00085
-0.00378
-0.00311
0.00021
0.00095
0.00113
0.00409
0.00385
0.00201
0.00269
0.00296
0.00165
0.00082
0.00015
-0.00058
-0.00140
-0.00140
-0.00140
-0.00137
-0.00073
-0.00085
-0.00073
0.00015
0.00073
0.00043
0.00006
0.00079
0.00089
-0.00037
-0.00070
-0.00076
-0.00113
-0.00107
-0.00128
-0.00101
-0.00110
-0.00140
-0.00146
-0.00085
-0.00037
-0.00052
-0.00052
0.00000
0.00006
0.00009
0.00009
-0.00024
-0.00085
-0.00089
-0.00095
-0.00122
-0.00134
-0.00146
-0.00192
-0.00183
-0.00146
-0.00098
-0.00073
-0.00092
-0.00061
0.00000
0.00040
0.00046
0.00034
0.00034
0.00015
-0.00034
-0.00076
-0.00107
-0.00153
-0.00192
-0.00186
-0.00198
-0.00223
-0.00192
-0.00146
-0.00098
-0.00034
0.00018
0.00046
0.00049
0.00027
-0.00021
-0.00079
-0.00125
-0.00159
-0.00162
-0.00153
-0.00150
-0.00131
-0.00092
-0.00037
-0.00021
-0.00021
-0.00009
0.00000
0.00009
0.00018
0.00031
0.00027
0.00009
-0.00006
-0.00015
-0.00018
-0.00027
-0.00061
-0.00092
-0.00104
-0.00104
-0.00107
-0.00079
-0.00055
-0.00049
0.00000
0.00000
0.00000
0.00000
0.00000
0.00000
0.00000
0.00000
0.00000
0.00000
0.00000
0.00000
0.00000
0.00000
0.00000
0.00000
0.00000
0.00000
0.00000
0.00000
0.00000
0.00000
0.00000
0.00000
0.00000
0.00000
0.00000
0.00000
0.00000
0.00000
0.00000
0.00000
0.00000
0.00000
0.00000
0.00000
0.00000
0.00000
0.00000
0.00000
0.00000
0.00000
0.00000
0.00000
0.00000
0.00000
0.00000
0.00000
0.00000
0.00000
0.00000
0.00000
0.00000
0.00000
0.00000
0.00000
0.00000
0.00000
0.00000
0.00000
0.00000
0.00000
0.00000
0.00000
0.00000
0.00000
0.00000
0.00000
0.00000
0.00000
0.00000
0.00000
0.00000
0.00000
0.00000
0.00000
0.00000
0.00000
0.00000
0.00000
0.00000
0.00000
0.00000
0.00000
0.00000
0.00000
0.00000
0.00000
0.00000
0.00000
0.00000
0.00000
0.00000
0.00000
0.00000
0.00000
0.00000
0.00000
0.00000
0.00000
0.00000
0.00000
0.00000
0.00000
0.00000
0.00000
0.00000
0.00000
0.00000
0.00000
0.00000
0.00000
0.00000
0.00000
0.00000
0.00000
0.00000
0.00000
0.00000
0.00000
0.00000
0.00000
0.00000
0.00000
0.00000
0.00000
0.00000
0.00000
0.00000
0.00000
0.00000
0.00000
0.00000
0.00000
0.00000
0.00000
0.00000
0.00000
0.00000
0.00000
0.00000
0.00000
0.00000
0.00000
0.00000
0.00000
0.00000
0.00000
0.00000
0.00000
0.00000
0.00000
0.00000
0.00000
0.00000
0.00000
0.00000
0.00000
0.00000
0.00000
0.00000
0.00000
0.00000
