-0.00012
-0.00012
-0.00015
-0.00018
-0.00018
-0.00021
-0.00021
-0.00018
-0.00021
-0.00012
-0.00009
-0.00018
-0.00018
-0.00006
-0.00009
-0.00012
-0.00009
-0.00012
-0.00018
-0.00018
-0.00012
-0.00021
-0.00018
-0.00018
-0.00015
-0.00012
-0.00012
-0.00012
-0.00006
-0.00006
-0.00015
-0.00012
-0.00012
-0.00012
-0.00021
-0.00021
-0.00003
-0.00012
-0.00015
-0.00009
-0.00003
-0.00012
-0.00015
-0.00009
-0.00012
-0.00012
-0.00006
-0.00009
-0.00012
-0.00006
-0.00006
-0.00012
-0.00003
-0.00006
-0.00009
-0.00009
-0.00006
-0.00009
-0.00009
-0.00003
0.00003
-0.00021
0.00006
-0.00006
-0.00027
0.00006
-0.00012
-0.00006
-0.00024
-0.00006
0.00000
-0.00012
-0.00009
0.00000
-0.00003
-0.00009
0.00000
0.00000
-0.00003
0.00000
-0.00006
-0.00018
-0.00006
-0.00009
-0.00021
-0.00003
-0.00003
-0.00009
-0.00012
0.00003
0.00000
-0.00009
-0.00003
-0.00009
-0.00012
-0.00009
-0.00012
-0.00006
-0.00009
-0.00021
-0.00009
-0.00003
0.00000
0.00000
-0.00003
0.00000
-0.00003
-0.00018
-0.00012
0.00000
-0.00015
-0.00009
0.00000
0.00003
-0.00009
-0.00006
0.00000
-0.00006
-0.00003
-0.00009
-0.00009
0.00000
-0.00006
-0.00012
-0.00003
0.00000
-0.00006
-0.00006
0.00000
-0.00003
-0.00012
-0.00009
0.00000
-0.00006
0.00000
0.00000
0.00000
0.00000
-0.00006
-0.00009
-0.00009
-0.00003
-0.00006
-0.00006
-0.00003
0.00000
-0.00009
0.00000
0.00000
-0.00003
0.00009
0.00000
0.00003
-0.00003
-0.00009
-0.00009
-0.00006
0.00000
-0.00003
0.00000
0.00000
0.00006
0.00003
-0.00006
0.00000
-0.00009
-0.00003
-0.00003
-0.00003
0.00006
-0.00006
0.00000
0.00000
0.00000
0.00000
-0.00009
-0.00003
0.00006
-0.00006
0.00012
-0.00052
0.00107
-0.00198
0.00308
-0.00467
0.00687
-0.01004
0.00604
-0.14053
-0.10678
0.01074
-0.12024
0.12314
0.19809
0.16577
0.00162
-0.06921
-0.01080
-0.03159
-0.03442
-0.05841
0.00620
0.04880
0.00064
-0.01483
0.04111
0.00217
-0.02847
0.00827
0.01282
0.00085
0.00397
-0.00443
0.00171
0.01379
0.00458
-0.02237
-0.00415
0.00909
-0.00610
-0.00369
0.00708
0.00580
-0.00607
0.00854
0.01151
0.00372
0.00131
0.00497
-0.00510
-0.00562
-0.00397
-0.00421
-0.00360
0.00269
0.00070
-0.00201
0.00226
0.00378
-0.00143
0.00473
0.01163
0.00278
-0.00195
0.00211
0.00183
-0.00275
-0.00128
0.00214
-0.00272
-0.00497
-0.00082
-0.00128
0.00156
0.00183
-0.00073
0.00204
0.00140
0.00064
-0.00244
0.00177
0.00275
-0.00208
-0.00012
0.00043
-0.00259
-0.00305
-0.00299
0.00089
-0.00070
-0.00131
-0.00052
-0.00085
0.00101
-0.00015
0.00125
0.00287
0.00040
-0.00101
-0.00174
-0.00092
-0.00134
-0.00211
0.00009
-0.00146
-0.00146
-0.00137
-0.00162
-0.00098
-0.00098
0.00012
0.00085
0.00000
0.00049
-0.00003
0.00058
0.00037
-0.00006
0.00064
-0.00012
-0.00085
-0.00137
-0.00104
-0.00104
-0.00241
-0.00198
-0.00134
-0.00183
-0.00134
-0.00031
0.00095
0.00089
0.00104
0.00116
-0.00003
-0.00073
-0.00125
-0.00116
-0.00104
-0.00186
-0.00180
-0.00116
-0.00076
-0.00073
-0.00055
0.00061
0.00049
-0.00018
0.00049
0.00107
0.00104
0.00024
0.00037
0.00076
0.00027
-0.00027
-0.00064
-0.00043
-0.00052
-0.00095
-0.00061
-0.00027
-0.00073
-0.00110
-0.00034
0.00070
0.00046
0.00009
0.00027
-0.00052
0.00000
0.00000
0.00000
0.00000
0.00000
0.00000
0.00000
0.00000
0.00000
0.00000
0.00000
0.00000
0.00000
0.00000
0.00000
0.00000
0.00000
0.00000
0.00000
0.00000
0.00000
0.00000
0.00000
0.00000
0.00000
0.00000
0.00000
0.00000
0.00000
0.00000
0.00000
0.00000
0.00000
0.00000
0.00000
0.00000
0.00000
0.00000
0.00000
0.00000
0.00000
0.00000
0.00000
0.00000
0.00000
0.00000
0.00000
0.00000
0.00000
0.00000
0.00000
0.00000
0.00000
0.00000
0.00000
0.00000
0.00000
0.00000
0.00000
0.00000
0.00000
0.00000
0.00000
0.00000
0.00000
0.00000
0.00000
0.00000
0.00000
0.00000
0.00000
0.00000
0.00000
0.00000
0.00000
0.00000
0.00000
0.00000
0.00000
0.00000
0.00000
0.00000
0.00000
0.00000
0.00000
0.00000
0.00000
0.00000
0.00000
0.00000
0.00000
0.00000
0.00000
0.00000
0.00000
0.00000
0.00000
0.00000
0.00000
0.00000
0.00000
0.00000
0.00000
0.00000
0.00000
0.00000
0.00000
0.00000
0.00000
0.00000
0.00000
0.00000
0.00000
0.00000
0.00000
0.00000
0.00000
0.00000
0.00000
0.00000
0.00000
0.00000
0.00000
0.00000
0.00000
0.00000
0.00000
0.00000
0.00000
0.00000
0.00000
0.00000
0.00000
0.00000
0.00000
0.00000
0.00000
0.00000
0.00000
0.00000
0.00000
0.00000
0.00000
0.00000
0.00000
0.00000
0.00000
0.00000
0.00000
0.00000
0.00000
0.00000
0.00000
0.00000
0.00000
0.00000
0.00000
0.00000
0.00000
0.00000
0.00000
0.00000
