-0.00012
-0.00009
-0.00009
-0.00009
-0.00015
-0.00012
-0.00012
-0.00009
-0.00003
-0.00009
-0.00012
-0.00012
-0.00015
-0.00009
0.00000
-0.00003
-0.00009
-0.00009
-0.00003
-0.00006
-0.00012
-0.00015
-0.00012
-0.00009
0.00000
0.00003
0.00000
-0.00003
-0.00012
-0.00012
-0.00012
-0.00006
-0.00003
0.00000
0.00003
-0.00006
-0.00006
-0.00012
-0.00009
-0.00009
-0.00003
0.00000
0.00000
0.00000
-0.00006
-0.00003
0.00003
0.00000
0.00000
0.00003
0.00003
0.00000
0.00003
0.00000
0.00000
-0.00006
-0.00009
-0.00006
0.00000
0.00000
0.00006
0.00009
0.00006
0.00003
0.00006
0.00003
-0.00012
0.00000
-0.00006
-0.00003
0.00006
0.00000
0.00000
-0.00009
0.00000
0.00009
0.00009
0.00006
-0.00003
-0.00006
0.00000
0.00000
-0.00003
0.00000
0.00006
0.00000
0.00003
0.00006
0.00000
0.00000
0.00006
0.00003
0.00003
0.00000
0.00000
0.00000
0.00000
0.00006
0.00012
0.00015
0.00015
0.00009
0.00003
0.00000
-0.00003
0.00000
0.00003
0.00006
0.00006
0.00009
0.00012
0.00009
0.00003
0.00012
0.00021
0.00009
0.00009
0.00009
0.00000
0.00000
0.00009
0.00009
0.00009
0.00018
0.00012
0.00003
0.00006
0.00000
0.00003
0.00009
0.00012
0.00015
0.00018
0.00018
0.00009
0.00006
0.00012
0.00003
0.00003
0.00006
0.00009
0.00012
0.00015
0.00018
0.00012
0.00003
0.00000
0.00012
0.00015
0.00009
0.00018
0.00018
0.00012
0.00012
0.00018
0.00012
0.00003
0.00006
0.00006
0.00015
0.00018
0.00012
0.00012
0.00012
0.00009
0.00009
0.00018
0.00021
0.00012
0.00018
0.00012
0.00009
0.00003
0.00000
0.00003
0.00003
0.00012
0.00018
0.00018
0.00024
0.00012
0.00021
0.00012
0.00024
0.00000
0.00021
0.00018
-0.00015
0.00027
-0.00101
0.00177
-0.00214
-0.00824
-0.09073
-0.04175
-0.02490
-0.06793
0.07608
0.10577
0.08954
0.02994
-0.02472
-0.01083
-0.01080
-0.02631
-0.04132
0.00247
0.02722
-0.00699
0.00418
0.02240
-0.00366
-0.00452
0.00616
-0.00232
0.00620
0.00504
-0.01151
0.00146
0.01010
-0.00293
-0.00797
0.00418
0.00177
-0.00336
0.00070
0.00134
0.00192
0.00296
0.00513
0.00504
0.00378
0.00125
-0.00101
-0.00177
-0.00003
-0.00058
-0.00070
0.00000
0.00137
0.00018
0.00076
0.00247
0.00125
0.00018
0.00394
0.00546
0.00195
0.00101
0.00137
0.00006
-0.00046
-0.00098
0.00021
-0.00015
-0.00116
-0.00046
-0.00061
0.00116
0.00027
-0.00003
0.00159
0.00043
0.00046
-0.00015
0.00092
0.00049
-0.00125
0.00027
-0.00003
-0.00076
-0.00092
-0.00159
0.00024
-0.00027
-0.00040
-0.00061
-0.00101
-0.00046
-0.00098
0.00046
0.00165
0.00073
0.00034
-0.00055
-0.00052
-0.00095
-0.00110
-0.00073
-0.00171
-0.00140
-0.00125
-0.00122
-0.00046
-0.00058
-0.00031
-0.00027
-0.00052
0.00012
0.00018
0.00052
0.00027
-0.00003
0.00018
-0.00040
-0.00079
-0.00092
-0.00085
-0.00089
-0.00153
-0.00146
-0.00156
-0.00180
-0.00150
-0.00092
0.00000
0.00052
0.00101
0.00101
0.00006
-0.00082
-0.00143
-0.00128
-0.00116
-0.00156
-0.00134
-0.00116
-0.00095
-0.00058
-0.00034
0.00009
0.00000
-0.00012
0.00003
0.00018
0.00034
-0.00015
-0.00018
0.00018
0.00034
0.00003
-0.00040
-0.00058
-0.00079
-0.00089
-0.00049
-0.00034
-0.00073
-0.00116
-0.00095
0.00000
0.00000
0.00000
0.00000
0.00000
0.00000
0.00000
0.00000
0.00000
0.00000
0.00000
0.00000
0.00000
0.00000
0.00000
0.00000
0.00000
0.00000
0.00000
0.00000
0.00000
0.00000
0.00000
0.00000
0.00000
0.00000
0.00000
0.00000
0.00000
0.00000
0.00000
0.00000
0.00000
0.00000
0.00000
0.00000
0.00000
0.00000
0.00000
0.00000
0.00000
0.00000
0.00000
0.00000
0.00000
0.00000
0.00000
0.00000
0.00000
0.00000
0.00000
0.00000
0.00000
0.00000
0.00000
0.00000
0.00000
0.00000
0.00000
0.00000
0.00000
0.00000
0.00000
0.00000
0.00000
0.00000
0.00000
0.00000
0.00000
0.00000
0.00000
0.00000
0.00000
0.00000
0.00000
0.00000
0.00000
0.00000
0.00000
0.00000
0.00000
0.00000
0.00000
0.00000
0.00000
0.00000
0.00000
0.00000
0.00000
0.00000
0.00000
0.00000
0.00000
0.00000
0.00000
0.00000
0.00000
0.00000
0.00000
0.00000
0.00000
0.00000
0.00000
0.00000
0.00000
0.00000
0.00000
0.00000
0.00000
0.00000
0.00000
0.00000
0.00000
0.00000
0.00000
0.00000
0.00000
0.00000
0.00000
0.00000
0.00000
0.00000
0.00000
0.00000
0.00000
0.00000
0.00000
0.00000
0.00000
0.00000
0.00000
0.00000
0.00000
0.00000
0.00000
0.00000
0.00000
0.00000
0.00000
0.00000
0.00000
0.00000
0.00000
0.00000
0.00000
0.00000
0.00000
0.00000
0.00000
0.00000
0.00000
0.00000
0.00000
0.00000
0.00000
0.00000
0.00000
0.00000
0.00000
0.00000
0.00000
0.00000
