-0.00015
-0.00018
-0.00018
-0.00021
-0.00027
-0.00021
-0.00018
-0.00021
-0.00012
-0.00012
-0.00015
-0.00018
-0.00018
-0.00021
-0.00021
-0.00021
-0.00031
-0.00031
-0.00034
-0.00034
-0.00024
-0.00012
-0.00015
-0.00018
-0.00015
-0.00021
-0.00024
-0.00024
-0.00021
-0.00021
-0.00024
-0.00027
-0.00024
-0.00021
-0.00027
-0.00027
-0.00021
-0.00024
-0.00031
-0.00024
-0.00018
-0.00024
-0.00024
-0.00021
-0.00024
-0.00024
-0.00024
-0.00027
-0.00027
-0.00027
-0.00031
-0.00027
-0.00021
-0.00024
-0.00024
-0.00024
-0.00024
-0.00031
-0.00031
-0.00024
-0.00018
-0.00018
-0.00021
-0.00021
-0.00024
-0.00034
-0.00037
-0.00037
-0.00034
-0.00027
-0.00024
-0.00031
-0.00024
-0.00027
-0.00027
-0.00027
-0.00027
-0.00031
-0.00027
-0.00034
-0.00034
-0.00031
-0.00031
-0.00024
-0.00018
-0.00021
-0.00024
-0.00024
-0.00031
-0.00040
-0.00043
-0.00037
-0.00034
-0.00031
-0.00024
-0.00021
-0.00024
-0.00027
-0.00031
-0.00027
-0.00031
-0.00034
-0.00037
-0.00031
-0.00024
-0.00024
-0.00031
-0.00024
-0.00021
-0.00021
-0.00018
-0.00015
-0.00021
-0.00031
-0.00031
-0.00031
-0.00034
-0.00034
-0.00031
-0.00031
-0.00027
-0.00024
-0.00027
-0.00027
-0.00031
-0.00034
-0.00031
-0.00021
-0.00021
-0.00021
-0.00018
-0.00024
-0.00031
-0.00031
-0.00031
-0.00034
-0.00037
-0.00031
-0.00031
-0.00031
-0.00027
-0.00024
-0.00021
-0.00024
-0.00027
-0.00027
-0.00027
-0.00024
-0.00024
-0.00021
-0.00027
-0.00031
-0.00031
-0.00034
-0.00034
-0.00031
-0.00031
-0.00027
-0.00024
-0.00027
-0.00031
-0.00027
-0.00027
-0.00027
-0.00027
-0.00031
-0.00031
-0.00027
-0.00027
-0.00021
-0.00024
-0.00031
-0.00024
-0.00021
-0.00021
-0.00021
-0.00024
-0.00027
-0.00027
-0.00027
-0.00037
-0.00031
-0.00021
-0.00027
-0.00027
-0.00031
-0.00018
-0.00027
-0.00024
-0.00027
-0.00015
-0.00037
-0.00043
-0.00024
-0.00018
0.00018
-0.00076
-0.00613
-0.04401
-0.03537
-0.01434
-0.01428
0.00330
0.02423
0.03580
0.03012
0.02628
0.00278
0.00110
-0.00168
-0.01709
-0.01935
-0.00916
-0.00336
0.00055
0.00775
0.00735
0.00479
0.00623
0.00009
-0.00259
0.00388
0.00137
-0.00433
-0.00122
0.00162
-0.00043
0.00015
0.00055
-0.00021
0.00021
0.00165
0.00128
0.00229
0.00482
0.00397
0.00232
0.00238
0.00159
-0.00073
-0.00018
0.00024
-0.00058
-0.00092
-0.00052
-0.00110
0.00006
0.00153
0.00174
0.00131
0.00174
0.00211
0.00156
0.00122
0.00119
0.00067
0.00009
-0.00006
-0.00009
-0.00040
-0.00015
-0.00046
-0.00085
0.00000
0.00049
0.00043
0.00034
0.00076
0.00082
0.00015
0.00018
0.00003
-0.00034
-0.00040
-0.00034
-0.00024
-0.00046
-0.00079
-0.00092
-0.00076
-0.00040
-0.00061
-0.00058
-0.00055
-0.00058
-0.00043
-0.00003
0.00021
0.00000
-0.00031
-0.00040
-0.00055
-0.00049
-0.00049
-0.00085
-0.00125
-0.00125
-0.00104
-0.00085
-0.00092
-0.00098
-0.00089
-0.00070
-0.00037
-0.00015
0.00006
0.00003
0.00006
0.00003
-0.00018
-0.00058
-0.00092
-0.00095
-0.00095
-0.00122
-0.00146
-0.00150
-0.00128
-0.00095
-0.00058
-0.00015
0.00006
0.00018
0.00006
-0.00027
-0.00076
-0.00104
-0.00101
-0.00092
-0.00101
-0.00104
-0.00104
-0.00092
-0.00067
-0.00031
0.00000
-0.00009
-0.00031
-0.00031
-0.00015
0.00003
0.00003
-0.00006
-0.00015
-0.00006
0.00000
0.00003
-0.00009
-0.00034
-0.00058
-0.00052
-0.00043
0.00000
0.00000
0.00000
0.00000
0.00000
0.00000
0.00000
0.00000
0.00000
0.00000
0.00000
0.00000
0.00000
0.00000
0.00000
0.00000
0.00000
0.00000
0.00000
0.00000
0.00000
0.00000
0.00000
0.00000
0.00000
0.00000
0.00000
0.00000
0.00000
0.00000
0.00000
0.00000
0.00000
0.00000
0.00000
0.00000
0.00000
0.00000
0.00000
0.00000
0.00000
0.00000
0.00000
0.00000
0.00000
0.00000
0.00000
0.00000
0.00000
0.00000
0.00000
0.00000
0.00000
0.00000
0.00000
0.00000
0.00000
0.00000
0.00000
0.00000
0.00000
0.00000
0.00000
0.00000
0.00000
0.00000
0.00000
0.00000
0.00000
0.00000
0.00000
0.00000
0.00000
0.00000
0.00000
0.00000
0.00000
0.00000
0.00000
0.00000
0.00000
0.00000
0.00000
0.00000
0.00000
0.00000
0.00000
0.00000
0.00000
0.00000
0.00000
0.00000
0.00000
0.00000
0.00000
0.00000
0.00000
0.00000
0.00000
0.00000
0.00000
0.00000
0.00000
0.00000
0.00000
0.00000
0.00000
0.00000
0.00000
0.00000
0.00000
0.00000
0.00000
0.00000
0.00000
0.00000
0.00000
0.00000
0.00000
0.00000
0.00000
0.00000
0.00000
0.00000
0.00000
0.00000
0.00000
0.00000
0.00000
0.00000
0.00000
0.00000
0.00000
0.00000
0.00000
0.00000
0.00000
0.00000
0.00000
0.00000
0.00000
0.00000
0.00000
0.00000
0.00000
0.00000
0.00000
0.00000
0.00000
0.00000
0.00000
0.00000
0.00000
0.00000
0.00000
0.00000
0.00000
0.00000
0.00000
0.00000
