-0.00015
-0.00012
-0.00012
-0.00012
-0.00015
-0.00018
-0.00015
-0.00012
-0.00012
-0.00012
-0.00009
-0.00012
-0.00009
-0.00015
-0.00015
-0.00015
-0.00015
-0.00012
-0.00009
-0.00009
-0.00012
-0.00009
-0.00015
-0.00009
-0.00009
-0.00009
-0.00012
-0.00012
-0.00012
-0.00012
-0.00009
-0.00006
-0.00009
-0.00012
-0.00012
-0.00012
-0.00012
-0.00003
-0.00003
-0.00003
0.00000
-0.00003
-0.00009
-0.00009
-0.00012
-0.00009
-0.00006
-0.00006
-0.00006
-0.00003
-0.00006
-0.00006
-0.00006
-0.00009
-0.00009
-0.00006
-0.00003
0.00000
0.00000
-0.00003
-0.00003
-0.00003
-0.00009
-0.00009
-0.00006
-0.00003
-0.00003
0.00000
-0.00003
-0.00006
-0.00003
-0.00003
0.00000
0.00000
0.00000
-0.00003
-0.00003
-0.00006
-0.00003
0.00000
0.00003
0.00000
0.00000
0.00000
-0.00003
-0.00003
0.00000
0.00003
0.00000
0.00000
0.00000
0.00000
0.00000
0.00000
0.00000
0.00003
0.00000
0.00000
0.00000
0.00000
0.00000
0.00000
0.00003
0.00000
0.00000
0.00000
0.00003
0.00000
0.00000
0.00000
0.00000
0.00003
0.00003
0.00003
0.00003
0.00003
0.00000
0.00000
0.00000
0.00003
0.00006
0.00009
0.00006
0.00003
0.00003
0.00000
0.00003
0.00003
0.00003
0.00006
0.00000
0.00000
0.00012
0.00009
0.00009
0.00012
0.00012
0.00003
0.00000
0.00003
0.00006
0.00006
0.00006
0.00006
0.00003
0.00009
0.00006
0.00003
0.00006
0.00003
0.00003
0.00006
0.00006
0.00006
0.00009
0.00006
0.00006
0.00006
0.00003
0.00003
0.00003
0.00003
0.00003
0.00003
0.00003
0.00003
0.00006
0.00006
0.00003
0.00003
0.00009
0.00006
0.00009
0.00009
0.00006
0.00003
0.00003
0.00003
0.00000
0.00003
-0.00006
0.00018
0.00003
-0.00003
0.00000
0.00000
0.00012
0.00000
0.00006
0.00015
0.00012
0.00006
0.00000
0.00003
0.00006
0.00003
0.00000
0.00006
-0.00006
-0.00009
-0.00015
-0.00003
-0.00012
0.00040
0.00021
0.00009
-0.00555
-0.01587
-0.02173
-0.02243
-0.01840
-0.01419
-0.00266
0.01334
0.02539
0.02951
0.01959
0.00433
0.00021
-0.00391
-0.00815
-0.00754
-0.00330
0.00146
0.00226
0.00104
0.00079
0.00357
0.00439
0.00330
0.00485
0.00565
0.00281
0.00082
0.00128
0.00067
0.00012
0.00034
-0.00027
-0.00018
0.00043
0.00031
0.00085
0.00208
0.00253
0.00232
0.00211
0.00153
0.00128
0.00131
0.00076
-0.00015
-0.00046
0.00006
0.00046
0.00006
0.00009
0.00031
0.00064
0.00058
0.00058
0.00122
0.00208
0.00232
0.00177
0.00119
0.00082
0.00031
-0.00027
-0.00012
0.00003
-0.00034
-0.00049
-0.00031
-0.00009
0.00003
0.00024
0.00067
0.00049
0.00003
-0.00009
0.00000
0.00018
-0.00015
-0.00024
-0.00040
-0.00061
-0.00089
-0.00082
-0.00064
-0.00082
-0.00082
-0.00043
-0.00018
-0.00024
-0.00040
-0.00009
0.00009
-0.00009
-0.00040
-0.00058
-0.00055
-0.00049
-0.00070
-0.00119
-0.00153
-0.00143
-0.00101
-0.00073
-0.00058
-0.00055
-0.00058
-0.00058
-0.00049
-0.00046
-0.00043
-0.00027
-0.00015
-0.00021
-0.00046
-0.00064
-0.00064
-0.00052
-0.00064
-0.00101
-0.00119
-0.00140
-0.00159
-0.00143
-0.00079
-0.00024
-0.00031
-0.00027
-0.00006
-0.00003
-0.00046
-0.00070
-0.00067
-0.00073
-0.00089
-0.00098
-0.00110
-0.00119
-0.00113
-0.00089
-0.00061
-0.00046
-0.00027
-0.00015
-0.00018
-0.00037
-0.00034
-0.00015
-0.00015
-0.00018
-0.00021
0.00000
0.00000
0.00000
0.00000
0.00000
0.00000
0.00000
0.00000
0.00000
0.00000
0.00000
0.00000
0.00000
0.00000
0.00000
0.00000
0.00000
0.00000
0.00000
0.00000
0.00000
0.00000
0.00000
0.00000
0.00000
0.00000
0.00000
0.00000
0.00000
0.00000
0.00000
0.00000
0.00000
0.00000
0.00000
0.00000
0.00000
0.00000
0.00000
0.00000
0.00000
0.00000
0.00000
0.00000
0.00000
0.00000
0.00000
0.00000
0.00000
0.00000
0.00000
0.00000
0.00000
0.00000
0.00000
0.00000
0.00000
0.00000
0.00000
0.00000
0.00000
0.00000
0.00000
0.00000
0.00000
0.00000
0.00000
0.00000
0.00000
0.00000
0.00000
0.00000
0.00000
0.00000
0.00000
0.00000
0.00000
0.00000
0.00000
0.00000
0.00000
0.00000
0.00000
0.00000
0.00000
0.00000
0.00000
0.00000
0.00000
0.00000
0.00000
0.00000
0.00000
0.00000
0.00000
0.00000
0.00000
0.00000
0.00000
0.00000
0.00000
0.00000
0.00000
0.00000
0.00000
0.00000
0.00000
0.00000
0.00000
0.00000
0.00000
0.00000
0.00000
0.00000
0.00000
0.00000
0.00000
0.00000
0.00000
0.00000
0.00000
0.00000
0.00000
0.00000
0.00000
0.00000
0.00000
0.00000
0.00000
0.00000
0.00000
0.00000
0.00000
0.00000
0.00000
0.00000
0.00000
0.00000
0.00000
0.00000
0.00000
0.00000
0.00000
0.00000
0.00000
0.00000
0.00000
0.00000
0.00000
0.00000
0.00000
0.00000
0.00000
0.00000
0.00000
0.00000
