-0.00021
-0.00040
-0.00037
-0.00024
-0.00024
-0.00024
-0.00015
-0.00021
-0.00024
-0.00021
-0.00021
-0.00034
-0.00034
-0.00024
-0.00034
-0.00024
-0.00015
-0.00031
-0.00031
-0.00018
-0.00031
-0.00037
-0.00024
-0.00034
-0.00034
-0.00027
-0.00027
-0.00034
-0.00037
-0.00027
-0.00031
-0.00024
-0.00031
-0.00037
-0.00034
-0.00034
-0.00040
-0.00031
-0.00027
-0.00037
-0.00037
-0.00040
-0.00031
-0.00031
-0.00037
-0.00027
-0.00024
-0.00037
-0.00040
-0.00034
-0.00034
-0.00037
-0.00027
-0.00024
-0.00055
-0.00024
-0.00031
-0.00061
-0.00021
-0.00015
-0.00034
-0.00040
-0.00027
-0.00037
-0.00040
-0.00034
-0.00027
-0.00027
-0.00034
-0.00031
-0.00040
-0.00040
-0.00024
-0.00037
-0.00049
-0.00034
-0.00037
-0.00055
-0.00037
-0.00021
-0.00034
-0.00034
-0.00012
-0.00031
-0.00052
-0.00040
-0.00037
-0.00046
-0.00037
-0.00034
-0.00034
-0.00031
-0.00037
-0.00037
-0.00031
-0.00031
-0.00040
-0.00031
-0.00024
-0.00027
-0.00052
-0.00043
-0.00018
-0.00040
-0.00052
-0.00034
-0.00034
-0.00052
-0.00040
-0.00027
-0.00034
-0.00037
-0.00043
-0.00046
-0.00040
-0.00040
-0.00049
-0.00034
-0.00021
-0.00037
-0.00043
-0.00034
-0.00037
-0.00049
-0.00043
-0.00040
-0.00049
-0.00040
-0.00037
-0.00040
-0.00040
-0.00037
-0.00043
-0.00040
-0.00031
-0.00031
-0.00040
-0.00049
-0.00034
-0.00043
-0.00043
-0.00034
-0.00040
-0.00037
-0.00046
-0.00043
-0.00034
-0.00027
-0.00037
-0.00037
-0.00031
-0.00043
-0.00037
-0.00037
-0.00040
-0.00046
-0.00052
-0.00043
-0.00043
-0.00031
-0.00040
-0.00043
-0.00031
-0.00046
-0.00049
-0.00031
-0.00027
-0.00037
-0.00040
-0.00034
-0.00046
-0.00031
-0.00055
-0.00061
0.00012
-0.00156
0.00168
-0.00363
0.00504
-0.00858
-0.00064
-0.18741
-0.12378
0.05280
-0.06140
0.09277
0.22827
0.12112
-0.07184
-0.04523
-0.03436
-0.02484
0.02530
-0.03168
0.01834
0.06204
-0.00540
-0.04773
0.03113
0.01700
-0.03604
0.02682
0.01752
-0.03113
0.01337
0.00992
-0.02463
0.01938
0.02127
-0.02884
-0.00342
0.01639
-0.01151
-0.00760
0.01611
0.00012
-0.01025
0.01376
0.00787
-0.00421
0.00363
0.00708
-0.00552
-0.00351
0.00272
-0.00354
-0.00369
0.00333
-0.00381
-0.00790
0.00067
0.00244
-0.00360
0.00412
0.01163
0.00000
-0.00378
0.00357
0.00186
-0.00269
0.00061
0.00302
-0.00333
-0.00494
-0.00174
-0.00351
-0.00031
0.00162
-0.00110
-0.00079
0.00116
-0.00018
-0.00381
0.00165
0.00269
-0.00308
-0.00180
0.00018
-0.00275
-0.00381
-0.00180
-0.00006
-0.00171
-0.00125
-0.00192
-0.00195
0.00003
-0.00092
0.00000
0.00208
0.00095
-0.00140
-0.00171
-0.00027
-0.00223
-0.00241
-0.00049
-0.00186
-0.00259
-0.00250
-0.00253
-0.00220
-0.00098
0.00018
0.00024
-0.00034
-0.00082
-0.00082
0.00073
0.00095
0.00052
0.00040
-0.00055
-0.00150
-0.00214
-0.00122
-0.00104
-0.00241
-0.00226
-0.00198
-0.00259
-0.00198
-0.00027
0.00073
0.00055
0.00082
0.00034
-0.00101
-0.00150
-0.00150
-0.00107
-0.00092
-0.00153
-0.00180
-0.00134
-0.00092
-0.00131
-0.00104
0.00027
0.00027
-0.00046
-0.00012
0.00055
0.00043
0.00003
0.00067
0.00110
0.00058
-0.00024
-0.00070
-0.00037
-0.00037
-0.00098
-0.00113
-0.00076
-0.00104
-0.00143
-0.00052
0.00052
0.00024
0.00000
0.00043
0.00089
0.00064
0.00043
0.00000
0.00000
0.00000
0.00000
0.00000
0.00000
0.00000
0.00000
0.00000
0.00000
0.00000
0.00000
0.00000
0.00000
0.00000
0.00000
0.00000
0.00000
0.00000
0.00000
0.00000
0.00000
0.00000
0.00000
0.00000
0.00000
0.00000
0.00000
0.00000
0.00000
0.00000
0.00000
0.00000
0.00000
0.00000
0.00000
0.00000
0.00000
0.00000
0.00000
0.00000
0.00000
0.00000
0.00000
0.00000
0.00000
0.00000
0.00000
0.00000
0.00000
0.00000
0.00000
0.00000
0.00000
0.00000
0.00000
0.00000
0.00000
0.00000
0.00000
0.00000
0.00000
0.00000
0.00000
0.00000
0.00000
0.00000
0.00000
0.00000
0.00000
0.00000
0.00000
0.00000
0.00000
0.00000
0.00000
0.00000
0.00000
0.00000
0.00000
0.00000
0.00000
0.00000
0.00000
0.00000
0.00000
0.00000
0.00000
0.00000
0.00000
0.00000
0.00000
0.00000
0.00000
0.00000
0.00000
0.00000
0.00000
0.00000
0.00000
0.00000
0.00000
0.00000
0.00000
0.00000
0.00000
0.00000
0.00000
0.00000
0.00000
0.00000
0.00000
0.00000
0.00000
0.00000
0.00000
0.00000
0.00000
0.00000
0.00000
0.00000
0.00000
0.00000
0.00000
0.00000
0.00000
0.00000
0.00000
0.00000
0.00000
0.00000
0.00000
0.00000
0.00000
0.00000
0.00000
0.00000
0.00000
0.00000
0.00000
0.00000
0.00000
0.00000
0.00000
0.00000
0.00000
0.00000
0.00000
0.00000
0.00000
0.00000
0.00000
0.00000
0.00000
0.00000
0.00000
0.00000
0.00000
0.00000
0.00000
0.00000
0.00000
0.00000
0.00000
0.00000
0.00000
0.00000
