-0.00018
-0.00021
-0.00027
-0.00024
-0.00021
-0.00027
-0.00031
-0.00024
-0.00024
-0.00027
-0.00024
-0.00024
-0.00024
-0.00024
-0.00024
-0.00024
-0.00024
-0.00024
-0.00021
-0.00027
-0.00031
-0.00021
-0.00031
-0.00031
-0.00027
-0.00024
-0.00024
-0.00027
-0.00024
-0.00027
-0.00024
-0.00027
-0.00034
-0.00021
-0.00058
-0.00015
-0.00031
-0.00040
-0.00031
-0.00040
-0.00031
-0.00031
-0.00031
-0.00031
-0.00027
-0.00024
-0.00024
-0.00024
-0.00024
-0.00027
-0.00031
-0.00031
-0.00037
-0.00043
-0.00043
-0.00043
-0.00043
-0.00031
-0.00043
-0.00037
-0.00021
-0.00031
-0.00024
-0.00024
-0.00021
-0.00031
-0.00031
-0.00027
-0.00027
-0.00040
-0.00040
-0.00034
-0.00037
-0.00037
-0.00037
-0.00037
-0.00034
-0.00031
-0.00034
-0.00031
-0.00027
-0.00034
-0.00031
-0.00034
-0.00031
-0.00034
-0.00037
-0.00037
-0.00040
-0.00031
-0.00027
-0.00031
-0.00034
-0.00031
-0.00024
-0.00024
-0.00024
-0.00027
-0.00034
-0.00034
-0.00034
-0.00040
-0.00040
-0.00040
-0.00046
-0.00043
-0.00034
-0.00034
-0.00034
-0.00034
-0.00031
-0.00034
-0.00031
-0.00027
-0.00031
-0.00031
-0.00027
-0.00034
-0.00037
-0.00037
-0.00037
-0.00034
-0.00031
-0.00034
-0.00031
-0.00031
-0.00037
-0.00037
-0.00040
-0.00037
-0.00037
-0.00034
-0.00031
-0.00027
-0.00021
-0.00024
-0.00024
-0.00027
-0.00031
-0.00027
-0.00031
-0.00037
-0.00037
-0.00037
-0.00043
-0.00040
-0.00040
-0.00031
-0.00024
-0.00021
-0.00021
-0.00018
-0.00021
-0.00024
-0.00031
-0.00037
-0.00037
-0.00040
-0.00037
-0.00034
-0.00031
-0.00024
-0.00031
-0.00024
-0.00018
-0.00024
-0.00024
-0.00031
-0.00031
-0.00031
-0.00037
-0.00034
-0.00024
-0.00031
-0.00018
-0.00034
-0.00009
-0.00067
0.00031
-0.00119
0.00107
-0.00214
0.00229
-0.00378
0.00400
-0.04398
-0.07861
0.01498
-0.01016
-0.01447
-0.03256
0.00137
0.04428
0.04303
0.02451
0.01187
0.04007
0.01312
0.00488
0.00259
0.00452
-0.02216
-0.02615
-0.00940
0.00415
0.01773
0.00223
-0.01126
0.00751
0.01468
0.00687
-0.00351
-0.00162
-0.00281
-0.00204
0.00034
-0.00137
0.00043
-0.00040
0.00031
-0.00394
0.00098
0.00241
0.00208
0.00204
0.00577
0.00464
0.00226
0.00034
-0.00156
-0.00137
-0.00119
-0.00180
-0.00375
-0.00311
0.00031
0.00055
-0.00079
0.00214
0.00235
0.00079
0.00140
0.00314
0.00241
0.00104
-0.00015
-0.00037
-0.00003
-0.00015
-0.00281
-0.00214
0.00000
-0.00089
-0.00076
-0.00046
0.00067
-0.00040
-0.00040
0.00095
0.00116
0.00031
-0.00110
-0.00150
-0.00089
-0.00122
-0.00104
-0.00128
-0.00165
-0.00146
-0.00171
-0.00064
-0.00064
-0.00064
-0.00031
0.00012
0.00000
-0.00012
-0.00009
-0.00009
-0.00061
-0.00046
-0.00113
-0.00150
-0.00137
-0.00116
-0.00134
-0.00159
-0.00150
-0.00107
-0.00104
-0.00089
-0.00046
0.00018
0.00043
0.00000
0.00043
0.00070
0.00003
-0.00082
-0.00067
-0.00009
-0.00052
-0.00137
-0.00165
-0.00180
-0.00183
-0.00159
-0.00079
-0.00043
-0.00073
-0.00067
-0.00003
0.00043
0.00006
-0.00049
-0.00052
-0.00037
-0.00064
-0.00122
-0.00146
-0.00113
-0.00104
-0.00082
-0.00046
-0.00027
-0.00027
-0.00027
0.00006
0.00031
0.00049
0.00052
0.00064
0.00076
0.00052
0.00021
-0.00003
-0.00040
-0.00064
-0.00043
-0.00024
-0.00055
-0.00101
-0.00079
-0.00012
0.00000
-0.00024
-0.00021
0.00003
0.00000
0.00000
0.00000
0.00000
0.00000
0.00000
0.00000
0.00000
0.00000
0.00000
0.00000
0.00000
0.00000
0.00000
0.00000
0.00000
0.00000
0.00000
0.00000
0.00000
0.00000
0.00000
0.00000
0.00000
0.00000
0.00000
0.00000
0.00000
0.00000
0.00000
0.00000
0.00000
0.00000
0.00000
0.00000
0.00000
0.00000
0.00000
0.00000
0.00000
0.00000
0.00000
0.00000
0.00000
0.00000
0.00000
0.00000
0.00000
0.00000
0.00000
0.00000
0.00000
0.00000
0.00000
0.00000
0.00000
0.00000
0.00000
0.00000
0.00000
0.00000
0.00000
0.00000
0.00000
0.00000
0.00000
0.00000
0.00000
0.00000
0.00000
0.00000
0.00000
0.00000
0.00000
0.00000
0.00000
0.00000
0.00000
0.00000
0.00000
0.00000
0.00000
0.00000
0.00000
0.00000
0.00000
0.00000
0.00000
0.00000
0.00000
0.00000
0.00000
0.00000
0.00000
0.00000
0.00000
0.00000
0.00000
0.00000
0.00000
0.00000
0.00000
0.00000
0.00000
0.00000
0.00000
0.00000
0.00000
0.00000
0.00000
0.00000
0.00000
0.00000
0.00000
0.00000
0.00000
0.00000
0.00000
0.00000
0.00000
0.00000
0.00000
0.00000
0.00000
0.00000
0.00000
0.00000
0.00000
0.00000
0.00000
0.00000
0.00000
0.00000
0.00000
0.00000
0.00000
0.00000
0.00000
0.00000
0.00000
0.00000
0.00000
0.00000
0.00000
0.00000
0.00000
0.00000
0.00000
0.00000
0.00000
0.00000
0.00000
0.00000
0.00000
0.00000
0.00000
0.00000
0.00000
0.00000
0.00000
0.00000
0.00000
0.00000
0.00000
