-0.00006
-0.00012
-0.00018
-0.00021
-0.00015
-0.00012
-0.00015
-0.00009
-0.00006
-0.00009
-0.00009
-0.00009
-0.00009
-0.00012
-0.00015
-0.00018
-0.00021
-0.00015
-0.00012
-0.00012
-0.00012
-0.00006
-0.00003
-0.00003
-0.00003
-0.00009
-0.00015
-0.00018
-0.00018
-0.00018
-0.00021
-0.00018
-0.00018
-0.00012
-0.00037
0.00012
0.00000
-0.00009
-0.00009
-0.00018
-0.00012
-0.00015
-0.00006
-0.00006
-0.00009
-0.00012
-0.00018
-0.00015
-0.00015
-0.00015
-0.00015
-0.00012
-0.00009
-0.00015
-0.00015
-0.00009
-0.00006
-0.00003
-0.00015
-0.00024
-0.00003
-0.00012
-0.00021
-0.00012
-0.00006
-0.00009
-0.00018
-0.00009
-0.00003
-0.00009
-0.00012
-0.00012
-0.00015
-0.00018
-0.00012
-0.00009
-0.00009
-0.00006
-0.00006
-0.00015
-0.00012
-0.00012
-0.00018
-0.00018
-0.00015
-0.00015
-0.00012
-0.00003
-0.00003
-0.00009
-0.00006
-0.00009
-0.00018
-0.00018
-0.00021
-0.00018
-0.00015
-0.00012
-0.00012
-0.00009
-0.00003
-0.00009
-0.00012
-0.00006
-0.00003
-0.00021
-0.00018
-0.00009
-0.00018
-0.00018
-0.00009
-0.00006
-0.00009
-0.00012
-0.00012
-0.00015
-0.00012
-0.00018
-0.00021
-0.00012
-0.00009
-0.00012
-0.00012
-0.00003
-0.00003
-0.00015
-0.00012
-0.00012
-0.00018
-0.00018
-0.00015
-0.00015
-0.00009
-0.00009
-0.00012
-0.00012
-0.00006
-0.00009
-0.00015
-0.00012
-0.00006
-0.00015
-0.00015
-0.00012
-0.00021
-0.00018
-0.00015
-0.00009
-0.00009
-0.00012
-0.00009
-0.00015
-0.00012
-0.00012
-0.00009
-0.00009
-0.00015
-0.00015
-0.00012
-0.00009
-0.00015
-0.00018
-0.00015
-0.00015
-0.00006
-0.00006
-0.00003
-0.00003
-0.00021
-0.00021
-0.00015
-0.00021
-0.00015
-0.00024
-0.00003
-0.00024
0.00015
-0.00040
0.00027
-0.00055
0.00021
-0.00046
-0.00021
0.00052
-0.00153
-0.01981
-0.16174
-0.08835
0.00943
0.00848
0.07199
0.11859
0.13211
0.04437
-0.00943
-0.01303
-0.04276
-0.04932
-0.06046
-0.03723
0.01688
0.01993
0.02432
0.05521
0.03210
-0.01242
-0.02435
-0.01416
-0.00830
0.00171
0.00641
-0.00049
0.00620
0.01151
-0.00809
-0.01123
0.00314
0.00119
-0.00562
0.00507
0.00711
0.00000
0.00458
0.00684
0.00000
0.00211
0.00430
-0.00330
-0.00516
-0.00095
-0.00073
-0.00333
-0.00107
0.00000
-0.00153
0.00177
0.00299
-0.00058
0.00171
0.00671
0.00186
-0.00192
0.00226
0.00293
-0.00037
-0.00058
0.00034
-0.00192
-0.00320
-0.00195
-0.00101
0.00198
0.00043
-0.00085
-0.00012
0.00079
0.00140
-0.00067
-0.00012
0.00085
-0.00098
-0.00116
-0.00070
-0.00079
-0.00238
-0.00214
0.00000
-0.00137
-0.00165
-0.00153
-0.00110
0.00076
0.00113
0.00131
0.00095
0.00009
-0.00027
-0.00092
-0.00037
-0.00165
-0.00204
-0.00110
-0.00140
-0.00195
-0.00208
-0.00162
-0.00058
-0.00061
-0.00021
-0.00037
-0.00040
0.00052
0.00092
0.00146
0.00089
-0.00012
-0.00037
-0.00067
-0.00089
-0.00156
-0.00150
-0.00140
-0.00198
-0.00174
-0.00180
-0.00214
-0.00183
-0.00058
0.00125
0.00174
0.00165
0.00092
-0.00024
-0.00110
-0.00156
-0.00131
-0.00107
-0.00150
-0.00195
-0.00168
-0.00107
-0.00076
-0.00021
0.00107
0.00131
0.00061
0.00003
0.00000
0.00009
0.00012
0.00058
0.00089
0.00052
-0.00009
-0.00052
-0.00055
-0.00070
-0.00125
-0.00153
-0.00110
-0.00046
-0.00003
0.00027
0.00018
-0.00024
-0.00006
0.00079
0.00137
-0.00009
0.00000
0.00000
0.00000
0.00000
0.00000
0.00000
0.00000
0.00000
0.00000
0.00000
0.00000
0.00000
0.00000
0.00000
0.00000
0.00000
0.00000
0.00000
0.00000
0.00000
0.00000
0.00000
0.00000
0.00000
0.00000
0.00000
0.00000
0.00000
0.00000
0.00000
0.00000
0.00000
0.00000
0.00000
0.00000
0.00000
0.00000
0.00000
0.00000
0.00000
0.00000
0.00000
0.00000
0.00000
0.00000
0.00000
0.00000
0.00000
0.00000
0.00000
0.00000
0.00000
0.00000
0.00000
0.00000
0.00000
0.00000
0.00000
0.00000
0.00000
0.00000
0.00000
0.00000
0.00000
0.00000
0.00000
0.00000
0.00000
0.00000
0.00000
0.00000
0.00000
0.00000
0.00000
0.00000
0.00000
0.00000
0.00000
0.00000
0.00000
0.00000
0.00000
0.00000
0.00000
0.00000
0.00000
0.00000
0.00000
0.00000
0.00000
0.00000
0.00000
0.00000
0.00000
0.00000
0.00000
0.00000
0.00000
0.00000
0.00000
0.00000
0.00000
0.00000
0.00000
0.00000
0.00000
0.00000
0.00000
0.00000
0.00000
0.00000
0.00000
0.00000
0.00000
0.00000
0.00000
0.00000
0.00000
0.00000
0.00000
0.00000
0.00000
0.00000
0.00000
0.00000
0.00000
0.00000
0.00000
0.00000
0.00000
0.00000
0.00000
0.00000
0.00000
0.00000
0.00000
0.00000
0.00000
0.00000
0.00000
0.00000
0.00000
0.00000
0.00000
0.00000
0.00000
0.00000
0.00000
0.00000
0.00000
0.00000
0.00000
0.00000
0.00000
0.00000
0.00000
0.00000
0.00000
0.00000
0.00000
0.00000
0.00000
0.00000
