-0.00034
-0.00027
-0.00027
-0.00027
-0.00027
-0.00031
-0.00031
-0.00027
-0.00027
-0.00034
-0.00037
-0.00040
-0.00037
-0.00034
-0.00037
-0.00034
-0.00031
-0.00031
-0.00027
-0.00024
-0.00024
-0.00034
-0.00034
-0.00040
-0.00040
-0.00037
-0.00037
-0.00037
-0.00034
-0.00037
-0.00031
-0.00027
-0.00027
-0.00024
-0.00061
-0.00015
-0.00034
-0.00046
-0.00040
-0.00049
-0.00040
-0.00040
-0.00031
-0.00031
-0.00031
-0.00034
-0.00037
-0.00040
-0.00040
-0.00043
-0.00043
-0.00046
-0.00046
-0.00040
-0.00034
-0.00037
-0.00034
-0.00037
-0.00043
-0.00043
-0.00046
-0.00046
-0.00046
-0.00040
-0.00040
-0.00037
-0.00037
-0.00037
-0.00037
-0.00040
-0.00040
-0.00046
-0.00040
-0.00040
-0.00040
-0.00043
-0.00040
-0.00043
-0.00043
-0.00043
-0.00043
-0.00037
-0.00043
-0.00046
-0.00040
-0.00034
-0.00040
-0.00043
-0.00040
-0.00043
-0.00049
-0.00046
-0.00043
-0.00043
-0.00046
-0.00043
-0.00037
-0.00037
-0.00037
-0.00040
-0.00037
-0.00043
-0.00043
-0.00046
-0.00043
-0.00037
-0.00037
-0.00040
-0.00037
-0.00040
-0.00046
-0.00046
-0.00043
-0.00043
-0.00037
-0.00037
-0.00034
-0.00034
-0.00034
-0.00037
-0.00043
-0.00046
-0.00046
-0.00046
-0.00046
-0.00043
-0.00040
-0.00037
-0.00037
-0.00034
-0.00037
-0.00034
-0.00034
-0.00040
-0.00037
-0.00037
-0.00043
-0.00040
-0.00037
-0.00037
-0.00037
-0.00037
-0.00043
-0.00043
-0.00043
-0.00043
-0.00043
-0.00037
-0.00034
-0.00031
-0.00027
-0.00027
-0.00034
-0.00034
-0.00040
-0.00040
-0.00040
-0.00037
-0.00037
-0.00034
-0.00031
-0.00034
-0.00037
-0.00040
-0.00037
-0.00040
-0.00037
-0.00034
-0.00034
-0.00031
-0.00034
-0.00031
-0.00034
-0.00043
-0.00043
-0.00040
-0.00037
-0.00034
-0.00034
-0.00034
-0.00031
-0.00031
-0.00031
-0.00037
-0.00031
-0.00058
-0.00018
-0.00076
0.00012
-0.00113
0.00058
-0.00189
0.00101
-0.02347
-0.04971
-0.02405
-0.02377
-0.00351
-0.00024
0.01062
0.02625
0.03110
0.03464
0.03720
0.02942
-0.00531
-0.02155
-0.01990
-0.01215
-0.00983
-0.00604
-0.00449
0.00098
0.00528
0.00467
0.00775
0.00842
0.00092
-0.00177
-0.00040
0.00232
0.00095
-0.00031
-0.00253
-0.00116
-0.00021
-0.00186
-0.00095
-0.00165
-0.00079
0.00165
0.00394
0.00204
0.00201
0.00092
0.00168
0.00284
0.00189
-0.00003
-0.00171
-0.00165
-0.00119
-0.00073
-0.00076
-0.00089
0.00006
0.00177
0.00217
0.00208
0.00186
0.00186
0.00153
0.00049
0.00024
0.00049
-0.00104
-0.00208
-0.00217
-0.00067
0.00000
-0.00082
-0.00073
0.00006
0.00116
0.00040
-0.00027
0.00015
0.00015
-0.00018
-0.00052
-0.00040
-0.00018
-0.00104
-0.00153
-0.00150
-0.00134
-0.00140
-0.00156
-0.00052
-0.00021
-0.00031
-0.00024
-0.00012
0.00015
0.00015
-0.00006
-0.00040
-0.00067
-0.00061
-0.00110
-0.00128
-0.00140
-0.00165
-0.00204
-0.00189
-0.00137
-0.00079
-0.00076
-0.00073
-0.00031
0.00012
0.00027
0.00021
0.00021
0.00006
-0.00018
-0.00052
-0.00076
-0.00098
-0.00162
-0.00183
-0.00168
-0.00153
-0.00140
-0.00143
-0.00128
-0.00092
-0.00049
-0.00009
0.00018
0.00018
-0.00006
-0.00027
-0.00027
-0.00067
-0.00140
-0.00180
-0.00180
-0.00165
-0.00143
-0.00110
-0.00046
-0.00021
-0.00012
-0.00012
0.00018
0.00055
0.00049
0.00018
0.00000
-0.00006
-0.00006
-0.00021
-0.00049
-0.00092
-0.00116
-0.00089
-0.00055
-0.00049
-0.00082
0.00000
0.00000
0.00000
0.00000
0.00000
0.00000
0.00000
0.00000
0.00000
0.00000
0.00000
0.00000
0.00000
0.00000
0.00000
0.00000
0.00000
0.00000
0.00000
0.00000
0.00000
0.00000
0.00000
0.00000
0.00000
0.00000
0.00000
0.00000
0.00000
0.00000
0.00000
0.00000
0.00000
0.00000
0.00000
0.00000
0.00000
0.00000
0.00000
0.00000
0.00000
0.00000
0.00000
0.00000
0.00000
0.00000
0.00000
0.00000
0.00000
0.00000
0.00000
0.00000
0.00000
0.00000
0.00000
0.00000
0.00000
0.00000
0.00000
0.00000
0.00000
0.00000
0.00000
0.00000
0.00000
0.00000
0.00000
0.00000
0.00000
0.00000
0.00000
0.00000
0.00000
0.00000
0.00000
0.00000
0.00000
0.00000
0.00000
0.00000
0.00000
0.00000
0.00000
0.00000
0.00000
0.00000
0.00000
0.00000
0.00000
0.00000
0.00000
0.00000
0.00000
0.00000
0.00000
0.00000
0.00000
0.00000
0.00000
0.00000
0.00000
0.00000
0.00000
0.00000
0.00000
0.00000
0.00000
0.00000
0.00000
0.00000
0.00000
0.00000
0.00000
0.00000
0.00000
0.00000
0.00000
0.00000
0.00000
0.00000
0.00000
0.00000
0.00000
0.00000
0.00000
0.00000
0.00000
0.00000
0.00000
0.00000
0.00000
0.00000
0.00000
0.00000
0.00000
0.00000
0.00000
0.00000
0.00000
0.00000
0.00000
0.00000
0.00000
0.00000
0.00000
0.00000
0.00000
0.00000
0.00000
0.00000
0.00000
0.00000
0.00000
0.00000
0.00000
0.00000
0.00000
0.00000
0.00000
0.00000
0.00000
0.00000
