0.00006
0.00006
0.00009
0.00009
0.00006
0.00006
0.00003
0.00003
0.00000
0.00000
0.00003
0.00000
-0.00003
0.00003
0.00000
0.00006
0.00006
0.00003
0.00003
0.00003
0.00000
0.00000
0.00006
0.00003
0.00000
0.00000
0.00000
0.00000
0.00000
-0.00003
0.00000
-0.00003
-0.00003
0.00003
-0.00018
0.00024
0.00003
0.00000
0.00003
-0.00003
0.00003
-0.00006
-0.00003
-0.00003
-0.00009
-0.00003
0.00000
-0.00003
-0.00003
-0.00003
0.00000
0.00000
-0.00006
0.00000
-0.00018
-0.00006
0.00000
-0.00021
-0.00006
-0.00006
-0.00009
-0.00006
-0.00003
-0.00006
0.00000
-0.00015
-0.00006
-0.00003
-0.00009
-0.00003
-0.00006
-0.00012
-0.00009
-0.00003
-0.00015
-0.00009
-0.00006
-0.00021
-0.00015
-0.00012
-0.00015
-0.00015
-0.00015
-0.00012
-0.00009
-0.00006
-0.00006
-0.00012
-0.00012
-0.00015
-0.00021
-0.00015
-0.00015
-0.00015
-0.00018
-0.00015
-0.00009
-0.00009
-0.00015
-0.00009
-0.00012
-0.00018
-0.00009
-0.00015
-0.00012
-0.00012
-0.00018
-0.00018
-0.00009
-0.00012
-0.00018
-0.00012
-0.00015
-0.00015
-0.00015
-0.00018
-0.00024
-0.00015
-0.00009
-0.00015
-0.00012
-0.00012
-0.00015
-0.00021
-0.00021
-0.00015
-0.00021
-0.00018
-0.00018
-0.00018
-0.00012
-0.00009
-0.00012
-0.00018
-0.00015
-0.00015
-0.00015
-0.00027
-0.00015
-0.00015
-0.00024
-0.00021
-0.00015
-0.00009
-0.00021
-0.00021
-0.00024
-0.00024
-0.00024
-0.00024
-0.00021
-0.00015
-0.00012
-0.00015
-0.00015
-0.00012
-0.00024
-0.00027
-0.00027
-0.00024
-0.00027
-0.00034
-0.00024
-0.00021
-0.00021
-0.00021
-0.00027
-0.00024
-0.00015
-0.00027
-0.00009
-0.00040
0.00003
-0.00092
0.00079
-0.00198
0.00211
-0.00372
0.00464
-0.00714
0.00885
-0.07132
-0.10550
0.04611
-0.01431
-0.00778
-0.00250
0.00943
0.03983
0.06516
-0.01389
0.00708
0.03662
-0.01239
0.00064
0.02213
0.02356
-0.02472
-0.00497
-0.01569
0.00064
0.01974
-0.01520
-0.02094
0.02463
0.01898
0.00220
0.00729
0.00101
-0.01288
-0.00330
-0.00516
-0.00497
0.00415
-0.00040
-0.00131
0.00473
0.00864
0.00137
0.00290
-0.00177
0.00360
0.00024
-0.00177
-0.00220
-0.00095
-0.00217
0.00143
0.00229
-0.00137
-0.00223
-0.00027
-0.00104
-0.00037
0.00394
-0.00037
-0.00177
0.00201
0.00342
0.00208
0.00015
-0.00116
-0.00021
-0.00082
-0.00098
-0.00342
-0.00162
0.00055
-0.00171
-0.00122
0.00012
0.00064
-0.00137
-0.00092
0.00113
0.00098
-0.00119
-0.00131
-0.00192
-0.00040
-0.00137
-0.00244
-0.00183
-0.00171
-0.00165
-0.00177
-0.00024
-0.00018
-0.00159
-0.00110
0.00006
-0.00040
-0.00092
-0.00156
0.00003
-0.00009
-0.00040
-0.00208
-0.00217
-0.00119
-0.00122
-0.00217
-0.00201
-0.00195
-0.00092
-0.00116
-0.00095
-0.00061
-0.00046
-0.00052
-0.00052
0.00049
0.00076
-0.00031
-0.00137
-0.00073
0.00003
-0.00085
-0.00238
-0.00235
-0.00223
-0.00217
-0.00192
-0.00113
-0.00034
-0.00046
-0.00098
-0.00067
0.00006
0.00012
-0.00076
-0.00101
-0.00092
-0.00146
-0.00186
-0.00192
-0.00153
-0.00143
-0.00122
-0.00040
-0.00009
-0.00015
-0.00012
0.00006
0.00018
-0.00009
-0.00024
0.00006
0.00009
-0.00009
-0.00012
-0.00012
-0.00067
-0.00116
-0.00082
-0.00040
-0.00073
-0.00143
-0.00137
-0.00079
-0.00049
-0.00046
-0.00031
0.00009
0.00049
0.00000
0.00000
0.00000
0.00000
0.00000
0.00000
0.00000
0.00000
0.00000
0.00000
0.00000
0.00000
0.00000
0.00000
0.00000
0.00000
0.00000
0.00000
0.00000
0.00000
0.00000
0.00000
0.00000
0.00000
0.00000
0.00000
0.00000
0.00000
0.00000
0.00000
0.00000
0.00000
0.00000
0.00000
0.00000
0.00000
0.00000
0.00000
0.00000
0.00000
0.00000
0.00000
0.00000
0.00000
0.00000
0.00000
0.00000
0.00000
0.00000
0.00000
0.00000
0.00000
0.00000
0.00000
0.00000
0.00000
0.00000
0.00000
0.00000
0.00000
0.00000
0.00000
0.00000
0.00000
0.00000
0.00000
0.00000
0.00000
0.00000
0.00000
0.00000
0.00000
0.00000
0.00000
0.00000
0.00000
0.00000
0.00000
0.00000
0.00000
0.00000
0.00000
0.00000
0.00000
0.00000
0.00000
0.00000
0.00000
0.00000
0.00000
0.00000
0.00000
0.00000
0.00000
0.00000
0.00000
0.00000
0.00000
0.00000
0.00000
0.00000
0.00000
0.00000
0.00000
0.00000
0.00000
0.00000
0.00000
0.00000
0.00000
0.00000
0.00000
0.00000
0.00000
0.00000
0.00000
0.00000
0.00000
0.00000
0.00000
0.00000
0.00000
0.00000
0.00000
0.00000
0.00000
0.00000
0.00000
0.00000
0.00000
0.00000
0.00000
0.00000
0.00000
0.00000
0.00000
0.00000
0.00000
0.00000
0.00000
0.00000
0.00000
0.00000
0.00000
0.00000
0.00000
0.00000
0.00000
0.00000
0.00000
0.00000
0.00000
0.00000
0.00000
0.00000
0.00000
0.00000
0.00000
0.00000
0.00000
0.00000
0.00000
0.00000
0.00000
0.00000
0.00000
0.00000
