-0.00034
-0.00027
-0.00031
-0.00034
-0.00034
-0.00040
-0.00040
-0.00043
-0.00037
-0.00034
-0.00037
-0.00037
-0.00037
-0.00037
-0.00037
-0.00034
-0.00037
-0.00037
-0.00034
-0.00034
-0.00034
-0.00040
-0.00037
-0.00037
-0.00034
-0.00040
-0.00040
-0.00034
-0.00031
-0.00031
-0.00031
-0.00031
-0.00037
-0.00034
-0.00070
-0.00021
-0.00034
-0.00040
-0.00037
-0.00040
-0.00031
-0.00037
-0.00034
-0.00037
-0.00034
-0.00034
-0.00037
-0.00034
-0.00034
-0.00034
-0.00037
-0.00040
-0.00040
-0.00040
-0.00034
-0.00037
-0.00037
-0.00034
-0.00031
-0.00034
-0.00034
-0.00043
-0.00046
-0.00046
-0.00043
-0.00040
-0.00037
-0.00037
-0.00031
-0.00034
-0.00034
-0.00027
-0.00037
-0.00034
-0.00043
-0.00043
-0.00040
-0.00046
-0.00037
-0.00043
-0.00040
-0.00040
-0.00043
-0.00037
-0.00037
-0.00031
-0.00031
-0.00034
-0.00034
-0.00040
-0.00043
-0.00037
-0.00040
-0.00040
-0.00043
-0.00040
-0.00034
-0.00034
-0.00034
-0.00034
-0.00034
-0.00037
-0.00037
-0.00040
-0.00043
-0.00043
-0.00040
-0.00040
-0.00037
-0.00031
-0.00024
-0.00021
-0.00031
-0.00031
-0.00027
-0.00034
-0.00037
-0.00037
-0.00037
-0.00037
-0.00040
-0.00034
-0.00031
-0.00037
-0.00034
-0.00034
-0.00024
-0.00024
-0.00027
-0.00027
-0.00031
-0.00034
-0.00037
-0.00034
-0.00034
-0.00031
-0.00031
-0.00031
-0.00027
-0.00031
-0.00027
-0.00027
-0.00027
-0.00031
-0.00031
-0.00031
-0.00031
-0.00031
-0.00031
-0.00027
-0.00024
-0.00024
-0.00024
-0.00024
-0.00027
-0.00034
-0.00034
-0.00037
-0.00031
-0.00031
-0.00027
-0.00021
-0.00018
-0.00015
-0.00021
-0.00024
-0.00024
-0.00027
-0.00027
-0.00031
-0.00027
-0.00027
-0.00027
-0.00027
-0.00027
-0.00024
-0.00027
-0.00021
-0.00021
-0.00024
-0.00024
-0.00027
-0.00021
-0.00024
-0.00031
-0.00027
-0.00040
-0.00012
-0.00052
0.00000
-0.00055
0.00021
-0.00067
0.00031
-0.00046
-0.00015
-0.01596
-0.06058
-0.01572
-0.02759
-0.00726
0.02057
0.03098
0.06357
0.01459
0.01917
0.00226
-0.00665
-0.01154
-0.02502
-0.00955
-0.00751
-0.00644
0.00833
0.01263
0.00946
0.00256
-0.00534
-0.00278
0.00058
-0.00058
0.00119
0.00061
0.00372
0.00241
0.00009
-0.00113
-0.00012
0.00110
-0.00229
0.00012
0.00223
0.00128
0.00272
0.00290
0.00204
0.00229
0.00272
0.00128
-0.00015
-0.00006
-0.00003
-0.00208
-0.00040
0.00058
0.00049
0.00107
0.00153
0.00046
0.00076
0.00220
0.00137
0.00061
0.00189
0.00128
-0.00006
0.00000
0.00046
-0.00095
-0.00076
-0.00046
-0.00082
0.00003
-0.00012
0.00018
0.00012
0.00052
0.00046
0.00012
0.00131
0.00027
0.00021
0.00015
-0.00055
-0.00055
-0.00159
-0.00134
-0.00034
-0.00037
-0.00009
-0.00110
-0.00092
-0.00046
0.00003
0.00058
0.00006
0.00031
0.00006
-0.00061
-0.00027
-0.00079
-0.00061
-0.00089
-0.00101
-0.00085
-0.00119
-0.00110
-0.00085
-0.00058
-0.00040
-0.00079
-0.00064
0.00000
0.00034
0.00058
0.00006
0.00006
0.00009
-0.00015
-0.00076
-0.00143
-0.00101
-0.00070
-0.00085
-0.00113
-0.00128
-0.00098
-0.00092
-0.00079
-0.00043
-0.00009
0.00043
0.00034
0.00000
-0.00034
-0.00070
-0.00064
-0.00079
-0.00092
-0.00107
-0.00107
-0.00076
-0.00076
-0.00055
-0.00009
0.00021
0.00046
0.00018
0.00000
-0.00012
-0.00024
-0.00006
0.00009
0.00046
0.00043
0.00012
-0.00012
-0.00049
-0.00070
-0.00067
-0.00079
-0.00095
-0.00085
0.00000
0.00000
0.00000
0.00000
0.00000
0.00000
0.00000
0.00000
0.00000
0.00000
0.00000
0.00000
0.00000
0.00000
0.00000
0.00000
0.00000
0.00000
0.00000
0.00000
0.00000
0.00000
0.00000
0.00000
0.00000
0.00000
0.00000
0.00000
0.00000
0.00000
0.00000
0.00000
0.00000
0.00000
0.00000
0.00000
0.00000
0.00000
0.00000
0.00000
0.00000
0.00000
0.00000
0.00000
0.00000
0.00000
0.00000
0.00000
0.00000
0.00000
0.00000
0.00000
0.00000
0.00000
0.00000
0.00000
0.00000
0.00000
0.00000
0.00000
0.00000
0.00000
0.00000
0.00000
0.00000
0.00000
0.00000
0.00000
0.00000
0.00000
0.00000
0.00000
0.00000
0.00000
0.00000
0.00000
0.00000
0.00000
0.00000
0.00000
0.00000
0.00000
0.00000
0.00000
0.00000
0.00000
0.00000
0.00000
0.00000
0.00000
0.00000
0.00000
0.00000
0.00000
0.00000
0.00000
0.00000
0.00000
0.00000
0.00000
0.00000
0.00000
0.00000
0.00000
0.00000
0.00000
0.00000
0.00000
0.00000
0.00000
0.00000
0.00000
0.00000
0.00000
0.00000
0.00000
0.00000
0.00000
0.00000
0.00000
0.00000
0.00000
0.00000
0.00000
0.00000
0.00000
0.00000
0.00000
0.00000
0.00000
0.00000
0.00000
0.00000
0.00000
0.00000
0.00000
0.00000
0.00000
0.00000
0.00000
0.00000
0.00000
0.00000
0.00000
0.00000
0.00000
0.00000
0.00000
0.00000
0.00000
0.00000
0.00000
0.00000
0.00000
0.00000
0.00000
0.00000
0.00000
0.00000
