-0.00043
-0.00043
-0.00040
-0.00027
-0.00034
-0.00043
-0.00040
-0.00034
-0.00037
-0.00040
-0.00046
-0.00049
-0.00043
-0.00052
-0.00046
-0.00034
-0.00040
-0.00043
-0.00037
-0.00040
-0.00040
-0.00040
-0.00046
-0.00049
-0.00046
-0.00043
-0.00034
-0.00034
-0.00037
-0.00043
-0.00043
-0.00046
-0.00055
-0.00049
-0.00076
-0.00024
-0.00031
-0.00037
-0.00027
-0.00040
-0.00040
-0.00049
-0.00040
-0.00046
-0.00046
-0.00043
-0.00040
-0.00037
-0.00040
-0.00043
-0.00037
-0.00037
-0.00024
-0.00061
-0.00031
-0.00015
-0.00049
-0.00034
-0.00049
-0.00037
-0.00040
-0.00067
-0.00058
-0.00040
-0.00040
-0.00040
-0.00024
-0.00015
-0.00024
-0.00037
-0.00040
-0.00027
-0.00037
-0.00049
-0.00046
-0.00037
-0.00046
-0.00049
-0.00046
-0.00040
-0.00043
-0.00049
-0.00043
-0.00034
-0.00024
-0.00027
-0.00034
-0.00024
-0.00040
-0.00046
-0.00043
-0.00049
-0.00046
-0.00043
-0.00027
-0.00018
-0.00031
-0.00027
-0.00012
-0.00031
-0.00046
-0.00031
-0.00037
-0.00043
-0.00040
-0.00034
-0.00021
-0.00024
-0.00031
-0.00034
-0.00027
-0.00037
-0.00049
-0.00034
-0.00018
-0.00018
-0.00024
-0.00015
-0.00018
-0.00031
-0.00040
-0.00037
-0.00040
-0.00043
-0.00034
-0.00027
-0.00015
-0.00018
-0.00024
-0.00027
-0.00024
-0.00027
-0.00037
-0.00027
-0.00018
-0.00021
-0.00034
-0.00018
-0.00024
-0.00027
-0.00027
-0.00027
-0.00006
-0.00015
-0.00018
-0.00009
-0.00006
-0.00012
-0.00024
-0.00021
-0.00018
-0.00027
-0.00031
-0.00024
-0.00012
-0.00027
-0.00031
-0.00027
-0.00018
-0.00024
-0.00037
-0.00018
-0.00018
-0.00021
-0.00021
-0.00018
-0.00015
-0.00015
-0.00024
-0.00009
-0.00043
0.00024
-0.00101
0.00143
-0.00275
0.00378
-0.00592
0.00812
-0.01218
0.01471
-0.12515
-0.12729
0.08997
-0.03622
0.01184
0.01007
0.05679
0.11389
0.02179
-0.02789
0.01328
0.00803
-0.04309
-0.04535
0.03809
0.03021
-0.00351
-0.00906
0.00439
0.02499
0.01273
-0.02609
-0.01794
0.02011
0.00391
0.00247
0.00299
0.01126
-0.00333
-0.01254
-0.00803
0.00616
0.00586
-0.00342
0.00397
-0.00015
0.00046
0.00626
-0.00055
-0.00229
0.00925
0.00226
-0.00012
0.00107
-0.00116
-0.00549
0.00220
-0.00168
-0.00525
-0.00238
0.00284
-0.00092
0.00208
0.00668
0.00250
-0.00089
0.00113
0.00217
0.00314
-0.00134
-0.00293
0.00003
-0.00122
-0.00082
-0.00247
-0.00015
0.00104
-0.00223
-0.00095
-0.00043
0.00195
-0.00220
-0.00327
0.00241
0.00107
-0.00064
-0.00043
-0.00159
0.00046
-0.00217
-0.00128
-0.00189
-0.00269
-0.00220
-0.00183
0.00134
0.00027
-0.00156
0.00122
0.00089
-0.00006
-0.00171
-0.00107
0.00055
-0.00119
-0.00061
-0.00177
-0.00192
-0.00113
-0.00162
-0.00131
-0.00122
-0.00146
-0.00034
-0.00098
0.00015
0.00024
0.00052
0.00009
-0.00046
0.00073
0.00073
-0.00027
-0.00101
-0.00089
0.00000
-0.00134
-0.00189
-0.00162
-0.00262
-0.00238
-0.00119
0.00055
0.00092
0.00006
0.00000
0.00055
0.00076
-0.00055
-0.00146
-0.00055
-0.00052
-0.00165
-0.00232
-0.00159
-0.00061
-0.00098
-0.00049
0.00064
0.00095
0.00058
0.00006
0.00073
0.00089
0.00043
0.00027
0.00043
0.00067
0.00046
0.00012
-0.00024
-0.00116
-0.00119
-0.00034
0.00009
-0.00049
-0.00104
-0.00037
0.00034
0.00046
0.00046
0.00076
0.00113
0.00055
-0.00009
0.00000
0.00000
0.00000
0.00000
0.00000
0.00000
0.00000
0.00000
0.00000
0.00000
0.00000
0.00000
0.00000
0.00000
0.00000
0.00000
0.00000
0.00000
0.00000
0.00000
0.00000
0.00000
0.00000
0.00000
0.00000
0.00000
0.00000
0.00000
0.00000
0.00000
0.00000
0.00000
0.00000
0.00000
0.00000
0.00000
0.00000
0.00000
0.00000
0.00000
0.00000
0.00000
0.00000
0.00000
0.00000
0.00000
0.00000
0.00000
0.00000
0.00000
0.00000
0.00000
0.00000
0.00000
0.00000
0.00000
0.00000
0.00000
0.00000
0.00000
0.00000
0.00000
0.00000
0.00000
0.00000
0.00000
0.00000
0.00000
0.00000
0.00000
0.00000
0.00000
0.00000
0.00000
0.00000
0.00000
0.00000
0.00000
0.00000
0.00000
0.00000
0.00000
0.00000
0.00000
0.00000
0.00000
0.00000
0.00000
0.00000
0.00000
0.00000
0.00000
0.00000
0.00000
0.00000
0.00000
0.00000
0.00000
0.00000
0.00000
0.00000
0.00000
0.00000
0.00000
0.00000
0.00000
0.00000
0.00000
0.00000
0.00000
0.00000
0.00000
0.00000
0.00000
0.00000
0.00000
0.00000
0.00000
0.00000
0.00000
0.00000
0.00000
0.00000
0.00000
0.00000
0.00000
0.00000
0.00000
0.00000
0.00000
0.00000
0.00000
0.00000
0.00000
0.00000
0.00000
0.00000
0.00000
0.00000
0.00000
0.00000
0.00000
0.00000
0.00000
0.00000
0.00000
0.00000
0.00000
0.00000
0.00000
0.00000
0.00000
0.00000
0.00000
0.00000
0.00000
0.00000
0.00000
0.00000
0.00000
0.00000
0.00000
0.00000
0.00000
0.00000
0.00000
0.00000
