-0.00031
-0.00027
-0.00027
-0.00027
-0.00027
-0.00027
-0.00027
-0.00027
-0.00024
-0.00027
-0.00031
-0.00027
-0.00027
-0.00031
-0.00031
-0.00027
-0.00031
-0.00031
-0.00027
-0.00031
-0.00027
-0.00031
-0.00031
-0.00027
-0.00024
-0.00024
-0.00027
-0.00027
-0.00027
-0.00031
-0.00034
-0.00031
-0.00034
-0.00031
-0.00061
-0.00009
-0.00021
-0.00027
-0.00021
-0.00034
-0.00027
-0.00031
-0.00031
-0.00031
-0.00034
-0.00031
-0.00027
-0.00027
-0.00031
-0.00031
-0.00027
-0.00031
-0.00034
-0.00031
-0.00031
-0.00037
-0.00031
-0.00027
-0.00031
-0.00027
-0.00031
-0.00031
-0.00031
-0.00034
-0.00037
-0.00034
-0.00031
-0.00027
-0.00027
-0.00027
-0.00027
-0.00031
-0.00027
-0.00031
-0.00037
-0.00034
-0.00031
-0.00031
-0.00034
-0.00031
-0.00031
-0.00034
-0.00027
-0.00024
-0.00021
-0.00027
-0.00027
-0.00031
-0.00031
-0.00031
-0.00031
-0.00034
-0.00031
-0.00031
-0.00031
-0.00027
-0.00031
-0.00027
-0.00027
-0.00027
-0.00024
-0.00027
-0.00027
-0.00031
-0.00034
-0.00031
-0.00027
-0.00027
-0.00024
-0.00027
-0.00024
-0.00024
-0.00024
-0.00027
-0.00031
-0.00031
-0.00031
-0.00027
-0.00024
-0.00024
-0.00027
-0.00024
-0.00024
-0.00027
-0.00027
-0.00027
-0.00027
-0.00027
-0.00027
-0.00021
-0.00021
-0.00024
-0.00024
-0.00018
-0.00021
-0.00024
-0.00027
-0.00027
-0.00024
-0.00024
-0.00024
-0.00027
-0.00024
-0.00024
-0.00024
-0.00021
-0.00021
-0.00024
-0.00024
-0.00021
-0.00018
-0.00021
-0.00021
-0.00021
-0.00024
-0.00021
-0.00024
-0.00021
-0.00018
-0.00024
-0.00024
-0.00021
-0.00021
-0.00021
-0.00024
-0.00021
-0.00021
-0.00021
-0.00021
-0.00018
-0.00021
-0.00021
-0.00024
-0.00021
-0.00018
-0.00021
-0.00021
-0.00021
-0.00021
-0.00021
-0.00024
-0.00021
-0.00021
-0.00021
-0.00021
-0.00027
-0.00015
-0.00034
-0.00009
-0.00055
0.00012
-0.00079
0.00034
-0.00119
0.00064
-0.01797
-0.05002
-0.02780
-0.01031
-0.00143
-0.00128
0.00833
0.02295
0.02902
0.03311
0.03592
0.01926
-0.00644
-0.02188
-0.02020
-0.00729
-0.00787
-0.00842
-0.00397
0.00272
0.00430
0.00790
0.00864
0.00510
0.00241
0.00153
0.00046
0.00070
-0.00040
-0.00330
-0.00275
0.00034
-0.00174
-0.00351
-0.00110
-0.00021
0.00095
0.00424
0.00436
0.00232
0.00320
0.00400
0.00345
0.00104
-0.00003
-0.00208
-0.00241
-0.00131
-0.00143
-0.00150
-0.00037
0.00082
0.00162
0.00262
0.00323
0.00134
0.00049
0.00150
0.00195
0.00122
0.00018
-0.00070
-0.00180
-0.00131
-0.00064
-0.00018
0.00000
-0.00040
-0.00049
0.00012
0.00085
0.00046
0.00018
0.00061
0.00034
-0.00037
-0.00018
-0.00027
-0.00052
-0.00143
-0.00143
-0.00079
-0.00101
-0.00125
-0.00095
-0.00024
0.00000
-0.00034
0.00000
0.00034
0.00037
0.00003
-0.00049
-0.00052
-0.00061
-0.00058
-0.00076
-0.00146
-0.00183
-0.00162
-0.00110
-0.00098
-0.00119
-0.00092
-0.00076
-0.00031
0.00021
0.00055
0.00012
-0.00049
-0.00040
0.00000
-0.00003
-0.00049
-0.00082
-0.00101
-0.00110
-0.00125
-0.00113
-0.00131
-0.00177
-0.00162
-0.00073
-0.00015
-0.00031
-0.00058
-0.00027
0.00021
0.00037
0.00000
-0.00061
-0.00119
-0.00162
-0.00174
-0.00140
-0.00092
-0.00076
-0.00085
-0.00064
-0.00018
0.00000
-0.00009
0.00009
0.00046
0.00027
-0.00003
-0.00009
-0.00003
-0.00024
-0.00046
-0.00037
-0.00034
-0.00061
-0.00101
-0.00085
-0.00049
0.00000
0.00000
0.00000
0.00000
0.00000
0.00000
0.00000
0.00000
0.00000
0.00000
0.00000
0.00000
0.00000
0.00000
0.00000
0.00000
0.00000
0.00000
0.00000
0.00000
0.00000
0.00000
0.00000
0.00000
0.00000
0.00000
0.00000
0.00000
0.00000
0.00000
0.00000
0.00000
0.00000
0.00000
0.00000
0.00000
0.00000
0.00000
0.00000
0.00000
0.00000
0.00000
0.00000
0.00000
0.00000
0.00000
0.00000
0.00000
0.00000
0.00000
0.00000
0.00000
0.00000
0.00000
0.00000
0.00000
0.00000
0.00000
0.00000
0.00000
0.00000
0.00000
0.00000
0.00000
0.00000
0.00000
0.00000
0.00000
0.00000
0.00000
0.00000
0.00000
0.00000
0.00000
0.00000
0.00000
0.00000
0.00000
0.00000
0.00000
0.00000
0.00000
0.00000
0.00000
0.00000
0.00000
0.00000
0.00000
0.00000
0.00000
0.00000
0.00000
0.00000
0.00000
0.00000
0.00000
0.00000
0.00000
0.00000
0.00000
0.00000
0.00000
0.00000
0.00000
0.00000
0.00000
0.00000
0.00000
0.00000
0.00000
0.00000
0.00000
0.00000
0.00000
0.00000
0.00000
0.00000
0.00000
0.00000
0.00000
0.00000
0.00000
0.00000
0.00000
0.00000
0.00000
0.00000
0.00000
0.00000
0.00000
0.00000
0.00000
0.00000
0.00000
0.00000
0.00000
0.00000
0.00000
0.00000
0.00000
0.00000
0.00000
0.00000
0.00000
0.00000
0.00000
0.00000
0.00000
0.00000
0.00000
0.00000
0.00000
0.00000
0.00000
0.00000
0.00000
0.00000
0.00000
0.00000
0.00000
0.00000
