-0.00012
-0.00009
-0.00015
-0.00009
-0.00006
-0.00006
-0.00006
-0.00003
0.00000
-0.00006
-0.00006
-0.00009
-0.00009
-0.00012
-0.00012
-0.00012
-0.00009
-0.00003
-0.00003
0.00000
-0.00003
-0.00006
-0.00009
-0.00009
-0.00015
-0.00015
-0.00009
-0.00009
-0.00006
-0.00009
-0.00009
-0.00006
-0.00009
-0.00006
-0.00037
0.00009
-0.00006
-0.00015
-0.00006
-0.00012
-0.00003
-0.00009
-0.00006
-0.00006
-0.00012
-0.00015
-0.00012
-0.00015
-0.00015
-0.00015
-0.00012
-0.00012
-0.00009
-0.00003
0.00000
-0.00006
-0.00006
-0.00006
-0.00012
-0.00018
-0.00018
-0.00018
-0.00018
-0.00018
-0.00012
-0.00009
-0.00009
-0.00015
-0.00009
-0.00009
-0.00012
-0.00012
-0.00012
-0.00009
-0.00015
-0.00015
-0.00012
-0.00006
-0.00012
-0.00015
-0.00009
-0.00009
-0.00012
-0.00015
-0.00012
-0.00012
-0.00009
-0.00009
-0.00012
-0.00015
-0.00018
-0.00021
-0.00018
-0.00018
-0.00018
-0.00015
-0.00012
-0.00009
-0.00006
-0.00009
-0.00012
-0.00015
-0.00018
-0.00015
-0.00012
-0.00012
-0.00009
-0.00006
-0.00009
-0.00012
-0.00012
-0.00009
-0.00009
-0.00012
-0.00018
-0.00015
-0.00021
-0.00018
-0.00015
-0.00015
-0.00015
-0.00015
-0.00012
-0.00012
-0.00012
-0.00012
-0.00018
-0.00021
-0.00015
-0.00012
-0.00012
-0.00012
-0.00009
-0.00012
-0.00015
-0.00012
-0.00012
-0.00015
-0.00018
-0.00018
-0.00021
-0.00021
-0.00018
-0.00018
-0.00018
-0.00015
-0.00015
-0.00015
-0.00012
-0.00012
-0.00018
-0.00018
-0.00021
-0.00021
-0.00024
-0.00024
-0.00018
-0.00015
-0.00018
-0.00018
-0.00012
-0.00009
-0.00015
-0.00018
-0.00018
-0.00018
-0.00024
-0.00024
-0.00021
-0.00021
-0.00024
-0.00021
-0.00012
-0.00009
-0.00012
-0.00009
-0.00012
-0.00015
-0.00015
-0.00018
-0.00018
-0.00015
-0.00018
-0.00015
-0.00018
-0.00009
-0.00031
0.00000
-0.00049
0.00021
-0.00095
0.00067
-0.00156
0.00089
-0.02344
-0.04950
-0.02536
-0.01630
-0.00027
-0.00092
0.01062
0.02551
0.03076
0.03430
0.03748
0.02200
-0.00772
-0.02219
-0.01981
-0.00894
-0.00803
-0.00735
-0.00439
0.00238
0.00497
0.00708
0.00861
0.00565
0.00110
0.00021
0.00070
0.00223
0.00061
-0.00232
-0.00293
0.00006
-0.00052
-0.00284
-0.00159
-0.00110
0.00027
0.00327
0.00391
0.00238
0.00217
0.00241
0.00385
0.00275
0.00110
-0.00177
-0.00232
-0.00131
-0.00082
-0.00162
-0.00089
0.00000
0.00095
0.00247
0.00320
0.00220
0.00113
0.00146
0.00134
0.00085
0.00085
-0.00003
-0.00186
-0.00201
-0.00101
-0.00018
0.00000
-0.00070
-0.00049
0.00034
0.00104
0.00027
-0.00015
0.00049
0.00040
-0.00034
-0.00037
-0.00015
-0.00031
-0.00128
-0.00156
-0.00116
-0.00098
-0.00140
-0.00116
-0.00024
0.00000
-0.00037
-0.00034
0.00024
0.00043
0.00009
-0.00040
-0.00043
-0.00073
-0.00067
-0.00101
-0.00116
-0.00159
-0.00204
-0.00165
-0.00122
-0.00107
-0.00092
-0.00098
-0.00046
-0.00003
0.00040
0.00037
-0.00003
-0.00021
-0.00012
-0.00012
-0.00055
-0.00085
-0.00110
-0.00140
-0.00159
-0.00134
-0.00125
-0.00153
-0.00174
-0.00125
-0.00034
-0.00003
-0.00024
-0.00027
-0.00006
0.00000
-0.00006
-0.00037
-0.00107
-0.00162
-0.00180
-0.00177
-0.00140
-0.00104
-0.00076
-0.00058
-0.00037
-0.00015
0.00000
0.00027
0.00037
0.00021
0.00006
-0.00003
-0.00015
-0.00021
-0.00031
-0.00052
-0.00079
-0.00079
-0.00076
-0.00076
-0.00079
0.00000
0.00000
0.00000
0.00000
0.00000
0.00000
0.00000
0.00000
0.00000
0.00000
0.00000
0.00000
0.00000
0.00000
0.00000
0.00000
0.00000
0.00000
0.00000
0.00000
0.00000
0.00000
0.00000
0.00000
0.00000
0.00000
0.00000
0.00000
0.00000
0.00000
0.00000
0.00000
0.00000
0.00000
0.00000
0.00000
0.00000
0.00000
0.00000
0.00000
0.00000
0.00000
0.00000
0.00000
0.00000
0.00000
0.00000
0.00000
0.00000
0.00000
0.00000
0.00000
0.00000
0.00000
0.00000
0.00000
0.00000
0.00000
0.00000
0.00000
0.00000
0.00000
0.00000
0.00000
0.00000
0.00000
0.00000
0.00000
0.00000
0.00000
0.00000
0.00000
0.00000
0.00000
0.00000
0.00000
0.00000
0.00000
0.00000
0.00000
0.00000
0.00000
0.00000
0.00000
0.00000
0.00000
0.00000
0.00000
0.00000
0.00000
0.00000
0.00000
0.00000
0.00000
0.00000
0.00000
0.00000
0.00000
0.00000
0.00000
0.00000
0.00000
0.00000
0.00000
0.00000
0.00000
0.00000
0.00000
0.00000
0.00000
0.00000
0.00000
0.00000
0.00000
0.00000
0.00000
0.00000
0.00000
0.00000
0.00000
0.00000
0.00000
0.00000
0.00000
0.00000
0.00000
0.00000
0.00000
0.00000
0.00000
0.00000
0.00000
0.00000
0.00000
0.00000
0.00000
0.00000
0.00000
0.00000
0.00000
0.00000
0.00000
0.00000
0.00000
0.00000
0.00000
0.00000
0.00000
0.00000
0.00000
0.00000
0.00000
0.00000
0.00000
0.00000
0.00000
0.00000
0.00000
0.00000
0.00000
0.00000
0.00000
