-0.00006
0.00000
-0.00003
-0.00006
0.00000
-0.00003
-0.00003
-0.00003
-0.00006
-0.00006
-0.00003
-0.00009
-0.00006
-0.00012
-0.00003
-0.00006
-0.00009
-0.00006
0.00000
0.00000
-0.00003
0.00000
-0.00003
0.00000
0.00000
-0.00003
0.00000
-0.00003
0.00000
0.00000
0.00000
0.00000
0.00000
0.00000
-0.00037
0.00015
0.00006
0.00000
0.00000
-0.00009
0.00000
-0.00006
-0.00006
-0.00006
0.00000
0.00000
0.00000
-0.00003
0.00003
0.00003
0.00003
0.00000
0.00003
-0.00003
0.00000
-0.00003
-0.00012
0.00009
0.00000
0.00003
0.00003
0.00003
0.00006
0.00009
0.00000
0.00003
0.00000
0.00003
0.00009
0.00003
0.00009
0.00006
0.00000
-0.00003
0.00003
0.00000
-0.00003
0.00006
0.00003
0.00006
0.00009
0.00006
0.00003
0.00000
0.00000
-0.00003
0.00000
0.00003
0.00000
0.00003
0.00009
0.00006
0.00009
0.00015
0.00009
0.00003
0.00000
0.00003
0.00003
0.00000
0.00003
0.00006
0.00000
0.00006
0.00012
0.00009
0.00006
0.00006
0.00006
0.00012
0.00006
0.00000
0.00006
0.00009
0.00003
0.00000
0.00009
0.00009
0.00003
0.00000
0.00012
0.00015
0.00006
0.00006
0.00012
0.00012
0.00009
0.00003
0.00006
0.00006
0.00009
0.00009
0.00006
0.00015
0.00012
0.00006
0.00006
0.00009
0.00003
0.00006
0.00012
0.00009
0.00015
0.00006
0.00009
0.00009
0.00006
0.00003
0.00006
0.00006
0.00009
0.00015
0.00009
0.00009
0.00006
0.00003
0.00006
0.00003
0.00009
0.00006
0.00006
0.00015
0.00009
0.00006
0.00009
0.00006
0.00006
0.00003
0.00003
0.00012
0.00006
0.00015
-0.00003
0.00037
-0.00037
0.00067
-0.00055
0.00079
-0.00064
0.00061
-0.00006
-0.00003
-0.01843
-0.12167
-0.00006
0.01984
-0.02313
0.00208
-0.00699
0.02505
0.06335
0.02341
-0.01767
0.04572
0.00208
-0.00140
0.01071
0.02869
-0.01144
-0.01486
-0.01025
-0.01270
0.01935
0.00287
-0.02411
0.00986
0.02563
0.00430
0.00552
0.00336
-0.00943
-0.00494
-0.00067
-0.00781
0.00305
0.00211
-0.00055
0.00253
0.00772
0.00174
0.00220
0.00012
0.00146
0.00375
-0.00137
-0.00058
-0.00031
0.00009
0.00009
0.00281
-0.00150
-0.00275
-0.00043
0.00034
-0.00125
0.00308
0.00116
-0.00043
0.00159
0.00418
0.00235
0.00104
-0.00052
-0.00067
0.00012
-0.00027
-0.00195
-0.00247
0.00073
-0.00073
-0.00107
0.00040
0.00061
0.00006
-0.00119
0.00064
0.00159
0.00003
-0.00098
-0.00110
-0.00058
-0.00052
-0.00192
-0.00113
-0.00150
-0.00128
-0.00165
-0.00031
0.00021
-0.00070
-0.00128
0.00037
0.00015
-0.00049
-0.00098
0.00012
0.00031
-0.00006
-0.00098
-0.00165
-0.00110
-0.00092
-0.00168
-0.00165
-0.00146
-0.00098
-0.00061
-0.00079
-0.00040
-0.00040
-0.00012
-0.00003
0.00064
0.00101
0.00024
-0.00079
-0.00037
0.00040
-0.00003
-0.00171
-0.00201
-0.00174
-0.00192
-0.00165
-0.00104
-0.00021
-0.00031
-0.00082
-0.00052
0.00052
0.00076
-0.00034
-0.00092
-0.00049
-0.00070
-0.00125
-0.00156
-0.00150
-0.00128
-0.00113
-0.00024
0.00015
0.00018
0.00009
0.00003
0.00037
0.00031
0.00015
0.00024
0.00040
0.00037
0.00024
0.00024
-0.00006
-0.00079
-0.00076
-0.00024
-0.00024
-0.00095
-0.00122
-0.00082
-0.00034
-0.00024
-0.00009
0.00018
0.00000
0.00000
0.00000
0.00000
0.00000
0.00000
0.00000
0.00000
0.00000
0.00000
0.00000
0.00000
0.00000
0.00000
0.00000
0.00000
0.00000
0.00000
0.00000
0.00000
0.00000
0.00000
0.00000
0.00000
0.00000
0.00000
0.00000
0.00000
0.00000
0.00000
0.00000
0.00000
0.00000
0.00000
0.00000
0.00000
0.00000
0.00000
0.00000
0.00000
0.00000
0.00000
0.00000
0.00000
0.00000
0.00000
0.00000
0.00000
0.00000
0.00000
0.00000
0.00000
0.00000
0.00000
0.00000
0.00000
0.00000
0.00000
0.00000
0.00000
0.00000
0.00000
0.00000
0.00000
0.00000
0.00000
0.00000
0.00000
0.00000
0.00000
0.00000
0.00000
0.00000
0.00000
0.00000
0.00000
0.00000
0.00000
0.00000
0.00000
0.00000
0.00000
0.00000
0.00000
0.00000
0.00000
0.00000
0.00000
0.00000
0.00000
0.00000
0.00000
0.00000
0.00000
0.00000
0.00000
0.00000
0.00000
0.00000
0.00000
0.00000
0.00000
0.00000
0.00000
0.00000
0.00000
0.00000
0.00000
0.00000
0.00000
0.00000
0.00000
0.00000
0.00000
0.00000
0.00000
0.00000
0.00000
0.00000
0.00000
0.00000
0.00000
0.00000
0.00000
0.00000
0.00000
0.00000
0.00000
0.00000
0.00000
0.00000
0.00000
0.00000
0.00000
0.00000
0.00000
0.00000
0.00000
0.00000
0.00000
0.00000
0.00000
0.00000
0.00000
0.00000
0.00000
0.00000
0.00000
0.00000
0.00000
0.00000
0.00000
0.00000
0.00000
0.00000
0.00000
0.00000
0.00000
0.00000
0.00000
0.00000
0.00000
0.00000
0.00000
0.00000
0.00000
0.00000
