-0.00015
-0.00012
-0.00009
-0.00006
-0.00006
0.00000
0.00006
0.00000
-0.00006
-0.00009
-0.00012
-0.00018
-0.00015
-0.00021
-0.00015
-0.00009
-0.00009
-0.00003
0.00006
0.00000
-0.00006
-0.00006
-0.00009
-0.00012
-0.00012
-0.00012
-0.00003
-0.00006
-0.00003
-0.00006
-0.00006
-0.00006
-0.00012
-0.00006
-0.00037
0.00009
0.00000
-0.00009
0.00000
-0.00006
-0.00012
-0.00018
-0.00009
-0.00015
-0.00009
-0.00009
-0.00006
-0.00006
0.00000
0.00000
-0.00009
-0.00006
0.00006
-0.00027
0.00000
-0.00003
-0.00024
-0.00003
-0.00015
-0.00006
-0.00003
-0.00006
0.00000
0.00000
-0.00009
-0.00003
0.00000
-0.00009
-0.00009
-0.00006
-0.00012
0.00000
0.00000
-0.00006
-0.00003
-0.00003
-0.00018
-0.00021
-0.00018
-0.00018
-0.00021
-0.00012
0.00000
0.00006
0.00003
0.00009
0.00000
0.00000
-0.00012
-0.00015
-0.00009
-0.00015
-0.00012
-0.00009
0.00000
0.00003
-0.00006
0.00000
0.00003
-0.00012
-0.00021
-0.00012
-0.00015
-0.00009
-0.00009
-0.00003
0.00000
0.00003
0.00000
-0.00006
-0.00006
-0.00018
-0.00027
-0.00024
-0.00018
-0.00012
-0.00009
-0.00006
0.00000
0.00000
-0.00003
-0.00003
-0.00012
-0.00012
-0.00012
-0.00015
-0.00006
-0.00003
-0.00015
-0.00018
-0.00009
-0.00006
-0.00009
-0.00012
-0.00012
-0.00003
-0.00015
-0.00003
-0.00009
-0.00009
-0.00006
-0.00018
-0.00006
-0.00015
-0.00015
-0.00015
-0.00012
-0.00009
-0.00012
-0.00012
-0.00009
-0.00006
-0.00006
-0.00009
-0.00006
-0.00012
-0.00012
-0.00021
-0.00024
-0.00024
-0.00034
-0.00027
-0.00015
-0.00003
-0.00003
-0.00003
-0.00003
-0.00009
-0.00018
0.00000
-0.00034
0.00018
-0.00104
0.00128
-0.00259
0.00354
-0.00555
0.00769
-0.01141
0.01434
-0.11603
-0.11603
0.08347
-0.03430
0.00620
0.00797
0.04395
0.08710
0.03378
-0.02966
0.01837
0.01419
-0.03632
-0.02911
0.04092
0.02969
-0.01270
-0.00427
-0.00684
0.01675
0.01453
-0.02582
-0.02072
0.02374
0.00842
0.00586
0.01071
0.00632
-0.00671
-0.01266
-0.01132
0.00189
0.00800
-0.00061
0.00034
0.00089
0.00308
0.00787
0.00360
-0.00266
0.00562
0.00009
-0.00076
0.00021
-0.00134
-0.00610
0.00055
-0.00089
-0.00232
-0.00040
0.00256
-0.00107
0.00107
0.00537
0.00214
-0.00122
0.00049
0.00229
0.00140
-0.00189
-0.00052
0.00104
-0.00079
-0.00113
-0.00421
-0.00076
0.00223
-0.00262
-0.00220
-0.00012
0.00131
-0.00229
-0.00177
0.00217
0.00128
-0.00034
-0.00128
-0.00250
0.00027
-0.00183
-0.00153
-0.00143
-0.00241
-0.00244
-0.00186
0.00058
0.00043
-0.00092
0.00009
-0.00021
-0.00031
-0.00113
-0.00113
0.00034
-0.00085
-0.00055
-0.00208
-0.00232
-0.00143
-0.00140
-0.00165
-0.00189
-0.00171
-0.00043
-0.00119
-0.00046
-0.00006
0.00031
-0.00018
-0.00073
0.00027
0.00064
-0.00052
-0.00162
-0.00095
0.00034
-0.00101
-0.00247
-0.00223
-0.00235
-0.00208
-0.00153
-0.00027
0.00018
-0.00031
-0.00046
0.00012
0.00058
-0.00031
-0.00140
-0.00104
-0.00095
-0.00159
-0.00186
-0.00174
-0.00131
-0.00146
-0.00082
0.00027
0.00046
0.00018
-0.00040
0.00000
0.00040
0.00049
0.00049
0.00031
0.00006
-0.00021
-0.00021
-0.00031
-0.00110
-0.00128
-0.00052
-0.00006
-0.00067
-0.00110
-0.00067
-0.00018
-0.00021
-0.00021
0.00006
0.00061
0.00055
0.00003
0.00000
0.00000
0.00000
0.00000
0.00000
0.00000
0.00000
0.00000
0.00000
0.00000
0.00000
0.00000
0.00000
0.00000
0.00000
0.00000
0.00000
0.00000
0.00000
0.00000
0.00000
0.00000
0.00000
0.00000
0.00000
0.00000
0.00000
0.00000
0.00000
0.00000
0.00000
0.00000
0.00000
0.00000
0.00000
0.00000
0.00000
0.00000
0.00000
0.00000
0.00000
0.00000
0.00000
0.00000
0.00000
0.00000
0.00000
0.00000
0.00000
0.00000
0.00000
0.00000
0.00000
0.00000
0.00000
0.00000
0.00000
0.00000
0.00000
0.00000
0.00000
0.00000
0.00000
0.00000
0.00000
0.00000
0.00000
0.00000
0.00000
0.00000
0.00000
0.00000
0.00000
0.00000
0.00000
0.00000
0.00000
0.00000
0.00000
0.00000
0.00000
0.00000
0.00000
0.00000
0.00000
0.00000
0.00000
0.00000
0.00000
0.00000
0.00000
0.00000
0.00000
0.00000
0.00000
0.00000
0.00000
0.00000
0.00000
0.00000
0.00000
0.00000
0.00000
0.00000
0.00000
0.00000
0.00000
0.00000
0.00000
0.00000
0.00000
0.00000
0.00000
0.00000
0.00000
0.00000
0.00000
0.00000
0.00000
0.00000
0.00000
0.00000
0.00000
0.00000
0.00000
0.00000
0.00000
0.00000
0.00000
0.00000
0.00000
0.00000
0.00000
0.00000
0.00000
0.00000
0.00000
0.00000
0.00000
0.00000
0.00000
0.00000
0.00000
0.00000
0.00000
0.00000
0.00000
0.00000
0.00000
0.00000
0.00000
0.00000
0.00000
0.00000
0.00000
0.00000
0.00000
0.00000
0.00000
0.00000
0.00000
0.00000
0.00000
0.00000
0.00000
0.00000
0.00000
