-0.00034
-0.00024
-0.00018
-0.00024
-0.00027
-0.00024
-0.00021
-0.00034
-0.00040
-0.00034
-0.00024
-0.00027
-0.00034
-0.00021
-0.00024
-0.00034
-0.00034
-0.00031
-0.00024
-0.00031
-0.00034
-0.00034
-0.00031
-0.00037
-0.00034
-0.00027
-0.00024
-0.00027
-0.00031
-0.00021
-0.00027
-0.00034
-0.00037
-0.00037
-0.00064
-0.00015
-0.00027
-0.00031
-0.00024
-0.00031
-0.00027
-0.00034
-0.00027
-0.00031
-0.00037
-0.00034
-0.00034
-0.00034
-0.00034
-0.00031
-0.00027
-0.00034
-0.00034
-0.00021
-0.00058
-0.00031
-0.00024
-0.00043
-0.00034
-0.00043
-0.00021
-0.00031
-0.00040
-0.00037
-0.00034
-0.00037
-0.00034
-0.00034
-0.00034
-0.00018
-0.00034
-0.00037
-0.00021
-0.00027
-0.00040
-0.00034
-0.00024
-0.00037
-0.00043
-0.00043
-0.00040
-0.00040
-0.00034
-0.00027
-0.00034
-0.00027
-0.00021
-0.00031
-0.00034
-0.00037
-0.00034
-0.00037
-0.00040
-0.00034
-0.00040
-0.00024
-0.00018
-0.00037
-0.00031
-0.00027
-0.00040
-0.00049
-0.00034
-0.00034
-0.00040
-0.00037
-0.00027
-0.00027
-0.00031
-0.00027
-0.00031
-0.00034
-0.00046
-0.00043
-0.00037
-0.00031
-0.00031
-0.00027
-0.00024
-0.00024
-0.00031
-0.00034
-0.00031
-0.00040
-0.00043
-0.00043
-0.00040
-0.00027
-0.00027
-0.00031
-0.00031
-0.00031
-0.00031
-0.00037
-0.00034
-0.00031
-0.00034
-0.00043
-0.00027
-0.00031
-0.00031
-0.00034
-0.00037
-0.00024
-0.00034
-0.00034
-0.00040
-0.00031
-0.00031
-0.00034
-0.00027
-0.00027
-0.00024
-0.00034
-0.00027
-0.00021
-0.00034
-0.00034
-0.00037
-0.00031
-0.00034
-0.00043
-0.00031
-0.00024
-0.00021
-0.00031
-0.00034
-0.00024
-0.00021
-0.00027
-0.00027
-0.00024
-0.00015
-0.00076
0.00061
-0.00204
0.00253
-0.00485
0.00665
-0.01050
0.00751
-0.15659
-0.11026
0.07446
-0.02664
0.02170
0.01346
0.12271
0.11188
0.01395
-0.02383
-0.00748
-0.00037
-0.07474
-0.04187
0.01157
0.03775
0.00119
0.00388
0.03271
0.02744
0.00534
-0.02957
-0.01617
0.00540
0.00726
-0.00238
-0.00125
0.01367
0.00278
-0.01056
-0.00452
0.00525
-0.00232
-0.00305
0.00421
-0.00351
0.00278
0.00986
0.00116
-0.00143
0.00943
0.00186
-0.00174
0.00009
-0.00348
-0.00430
0.00046
-0.00189
-0.00488
-0.00107
0.00275
-0.00046
0.00098
0.00711
0.00443
-0.00092
-0.00055
0.00311
0.00238
-0.00266
-0.00162
-0.00156
-0.00302
-0.00171
-0.00192
0.00098
0.00150
-0.00104
-0.00232
-0.00061
0.00308
-0.00195
-0.00214
0.00162
-0.00034
-0.00095
-0.00040
-0.00064
-0.00079
-0.00247
-0.00180
-0.00284
-0.00208
-0.00137
-0.00107
0.00104
-0.00003
-0.00006
0.00125
0.00040
-0.00073
-0.00153
-0.00003
-0.00012
-0.00165
-0.00153
-0.00223
-0.00189
-0.00134
-0.00150
-0.00183
-0.00183
-0.00052
0.00003
-0.00089
-0.00027
0.00067
0.00134
0.00052
-0.00040
0.00012
0.00021
-0.00067
-0.00162
-0.00064
0.00000
-0.00211
-0.00302
-0.00217
-0.00168
-0.00162
-0.00134
0.00015
0.00116
0.00113
0.00067
0.00043
0.00009
-0.00116
-0.00146
-0.00101
-0.00107
-0.00177
-0.00214
-0.00159
-0.00116
-0.00076
0.00064
0.00140
0.00073
-0.00003
0.00012
0.00095
0.00052
0.00009
0.00034
0.00076
0.00052
-0.00003
0.00003
-0.00015
-0.00104
-0.00146
-0.00067
0.00009
-0.00046
-0.00101
-0.00031
0.00058
0.00061
0.00043
0.00089
0.00119
0.00085
-0.00015
0.00000
0.00000
0.00000
0.00000
0.00000
0.00000
0.00000
0.00000
0.00000
0.00000
0.00000
0.00000
0.00000
0.00000
0.00000
0.00000
0.00000
0.00000
0.00000
0.00000
0.00000
0.00000
0.00000
0.00000
0.00000
0.00000
0.00000
0.00000
0.00000
0.00000
0.00000
0.00000
0.00000
0.00000
0.00000
0.00000
0.00000
0.00000
0.00000
0.00000
0.00000
0.00000
0.00000
0.00000
0.00000
0.00000
0.00000
0.00000
0.00000
0.00000
0.00000
0.00000
0.00000
0.00000
0.00000
0.00000
0.00000
0.00000
0.00000
0.00000
0.00000
0.00000
0.00000
0.00000
0.00000
0.00000
0.00000
0.00000
0.00000
0.00000
0.00000
0.00000
0.00000
0.00000
0.00000
0.00000
0.00000
0.00000
0.00000
0.00000
0.00000
0.00000
0.00000
0.00000
0.00000
0.00000
0.00000
0.00000
0.00000
0.00000
0.00000
0.00000
0.00000
0.00000
0.00000
0.00000
0.00000
0.00000
0.00000
0.00000
0.00000
0.00000
0.00000
0.00000
0.00000
0.00000
0.00000
0.00000
0.00000
0.00000
0.00000
0.00000
0.00000
0.00000
0.00000
0.00000
0.00000
0.00000
0.00000
0.00000
0.00000
0.00000
0.00000
0.00000
0.00000
0.00000
0.00000
0.00000
0.00000
0.00000
0.00000
0.00000
0.00000
0.00000
0.00000
0.00000
0.00000
0.00000
0.00000
0.00000
0.00000
0.00000
0.00000
0.00000
0.00000
0.00000
0.00000
0.00000
0.00000
0.00000
0.00000
0.00000
0.00000
0.00000
0.00000
0.00000
0.00000
0.00000
0.00000
0.00000
0.00000
0.00000
0.00000
0.00000
0.00000
0.00000
