-0.00009
-0.00018
-0.00018
-0.00012
-0.00009
-0.00015
-0.00012
-0.00003
-0.00003
-0.00003
-0.00006
0.00000
-0.00009
-0.00006
-0.00009
-0.00015
-0.00012
-0.00012
-0.00015
-0.00012
-0.00006
-0.00009
-0.00006
0.00000
-0.00003
-0.00009
-0.00006
0.00000
-0.00006
-0.00012
-0.00009
-0.00009
-0.00006
-0.00003
-0.00043
0.00003
-0.00012
-0.00024
-0.00009
-0.00009
0.00003
0.00000
-0.00003
0.00000
-0.00003
-0.00009
-0.00006
-0.00009
-0.00012
-0.00012
-0.00012
-0.00006
-0.00012
0.00000
-0.00006
-0.00021
0.00000
-0.00015
-0.00021
-0.00015
-0.00003
-0.00003
-0.00003
0.00000
0.00000
0.00000
-0.00009
-0.00003
-0.00021
-0.00018
-0.00006
-0.00009
-0.00003
0.00000
-0.00006
-0.00012
-0.00003
-0.00009
-0.00015
-0.00006
-0.00003
-0.00006
-0.00003
0.00006
0.00000
-0.00012
-0.00006
-0.00006
-0.00015
-0.00009
-0.00006
0.00000
0.00000
0.00000
0.00000
0.00000
0.00006
-0.00003
-0.00018
-0.00003
-0.00003
-0.00024
-0.00018
-0.00003
-0.00006
-0.00003
0.00003
0.00009
0.00003
0.00003
0.00000
-0.00006
-0.00015
-0.00015
-0.00018
-0.00018
-0.00006
-0.00006
0.00000
0.00003
0.00000
-0.00003
0.00003
-0.00003
-0.00015
-0.00006
-0.00006
-0.00006
0.00000
0.00000
-0.00003
-0.00006
-0.00009
-0.00012
-0.00009
-0.00012
-0.00012
-0.00012
-0.00006
0.00000
-0.00003
0.00000
-0.00003
-0.00003
-0.00009
-0.00012
-0.00012
-0.00006
0.00000
-0.00003
0.00000
0.00003
0.00000
-0.00009
-0.00018
-0.00012
-0.00015
-0.00015
-0.00012
-0.00006
0.00000
-0.00009
-0.00012
-0.00012
-0.00009
-0.00012
-0.00006
-0.00003
0.00000
-0.00012
0.00000
-0.00027
0.00024
-0.00076
0.00067
-0.00119
0.00119
-0.00168
0.00153
-0.00195
0.00223
-0.03998
-0.18805
-0.03683
0.04065
-0.00476
0.01712
0.09021
0.14154
0.07892
0.00302
-0.04861
0.00214
-0.05386
-0.07211
-0.03406
0.02695
0.03613
0.00363
0.03384
0.03571
0.01575
-0.01434
-0.03101
-0.01236
0.01230
0.00684
-0.00790
0.00516
0.01413
-0.00430
-0.01416
-0.00388
0.00290
-0.00449
0.00534
0.00443
0.00082
0.00882
0.00903
-0.00275
0.00168
0.00662
-0.00394
-0.00443
-0.00101
-0.00369
-0.00174
0.00192
-0.00296
-0.00354
0.00226
0.00296
-0.00143
0.00275
0.00677
0.00165
-0.00168
0.00116
0.00314
-0.00003
-0.00259
-0.00180
-0.00241
-0.00281
-0.00220
-0.00058
0.00198
0.00085
-0.00116
-0.00171
0.00189
0.00107
-0.00278
-0.00082
0.00162
-0.00113
-0.00208
-0.00055
-0.00085
-0.00201
-0.00229
-0.00198
-0.00171
-0.00095
-0.00159
-0.00064
0.00058
0.00006
-0.00027
0.00061
0.00058
-0.00070
-0.00079
-0.00064
-0.00165
-0.00150
-0.00195
-0.00247
-0.00223
-0.00146
-0.00150
-0.00162
-0.00119
-0.00058
-0.00034
-0.00052
0.00027
0.00113
0.00085
-0.00031
-0.00031
0.00003
-0.00009
-0.00122
-0.00180
-0.00107
-0.00140
-0.00253
-0.00223
-0.00180
-0.00232
-0.00235
-0.00055
0.00116
0.00143
0.00076
0.00012
0.00024
-0.00052
-0.00195
-0.00204
-0.00125
-0.00143
-0.00241
-0.00229
-0.00101
-0.00031
-0.00037
0.00012
0.00076
0.00073
0.00012
-0.00018
-0.00015
0.00018
0.00058
0.00046
0.00018
-0.00018
-0.00040
-0.00052
-0.00101
-0.00162
-0.00140
-0.00058
-0.00058
-0.00107
-0.00067
0.00012
0.00018
-0.00006
0.00037
0.00104
0.00089
0.00003
0.00000
0.00000
0.00000
0.00000
0.00000
0.00000
0.00000
0.00000
0.00000
0.00000
0.00000
0.00000
0.00000
0.00000
0.00000
0.00000
0.00000
0.00000
0.00000
0.00000
0.00000
0.00000
0.00000
0.00000
0.00000
0.00000
0.00000
0.00000
0.00000
0.00000
0.00000
0.00000
0.00000
0.00000
0.00000
0.00000
0.00000
0.00000
0.00000
0.00000
0.00000
0.00000
0.00000
0.00000
0.00000
0.00000
0.00000
0.00000
0.00000
0.00000
0.00000
0.00000
0.00000
0.00000
0.00000
0.00000
0.00000
0.00000
0.00000
0.00000
0.00000
0.00000
0.00000
0.00000
0.00000
0.00000
0.00000
0.00000
0.00000
0.00000
0.00000
0.00000
0.00000
0.00000
0.00000
0.00000
0.00000
0.00000
0.00000
0.00000
0.00000
0.00000
0.00000
0.00000
0.00000
0.00000
0.00000
0.00000
0.00000
0.00000
0.00000
0.00000
0.00000
0.00000
0.00000
0.00000
0.00000
0.00000
0.00000
0.00000
0.00000
0.00000
0.00000
0.00000
0.00000
0.00000
0.00000
0.00000
0.00000
0.00000
0.00000
0.00000
0.00000
0.00000
0.00000
0.00000
0.00000
0.00000
0.00000
0.00000
0.00000
0.00000
0.00000
0.00000
0.00000
0.00000
0.00000
0.00000
0.00000
0.00000
0.00000
0.00000
0.00000
0.00000
0.00000
0.00000
0.00000
0.00000
0.00000
0.00000
0.00000
0.00000
0.00000
0.00000
0.00000
0.00000
0.00000
0.00000
0.00000
0.00000
0.00000
0.00000
0.00000
0.00000
0.00000
0.00000
0.00000
0.00000
0.00000
0.00000
0.00000
0.00000
0.00000
0.00000
0.00000
0.00000
