-0.00009
-0.00003
-0.00012
-0.00015
-0.00018
-0.00021
-0.00018
-0.00018
-0.00018
-0.00012
-0.00009
-0.00012
-0.00006
-0.00009
-0.00006
-0.00012
-0.00015
-0.00012
-0.00018
-0.00018
-0.00018
-0.00012
-0.00012
-0.00009
-0.00012
-0.00012
-0.00012
-0.00015
-0.00015
-0.00015
-0.00015
-0.00012
-0.00009
-0.00003
-0.00040
0.00003
-0.00006
-0.00018
-0.00018
-0.00021
-0.00015
-0.00015
-0.00009
-0.00012
-0.00012
-0.00012
-0.00006
-0.00012
-0.00012
-0.00012
-0.00015
-0.00018
-0.00012
-0.00012
-0.00015
-0.00012
-0.00015
-0.00009
-0.00009
-0.00012
-0.00009
-0.00012
-0.00015
-0.00009
-0.00021
-0.00015
-0.00012
-0.00031
-0.00012
-0.00024
-0.00003
-0.00015
-0.00012
0.00000
-0.00012
-0.00006
-0.00009
-0.00009
-0.00015
-0.00018
-0.00012
-0.00009
-0.00009
-0.00012
-0.00021
-0.00021
-0.00018
-0.00021
-0.00012
-0.00012
-0.00006
-0.00012
-0.00006
0.00000
-0.00012
-0.00015
-0.00021
-0.00015
-0.00015
-0.00009
0.00000
-0.00006
-0.00012
-0.00009
-0.00015
-0.00012
-0.00012
-0.00015
-0.00012
-0.00006
-0.00009
-0.00012
-0.00003
-0.00009
-0.00012
-0.00015
-0.00009
-0.00012
-0.00015
-0.00006
-0.00009
-0.00006
-0.00009
-0.00006
-0.00009
-0.00015
-0.00012
-0.00012
-0.00006
-0.00009
-0.00009
-0.00009
-0.00009
-0.00012
-0.00015
-0.00009
-0.00009
-0.00003
-0.00009
-0.00006
-0.00006
-0.00009
-0.00006
-0.00012
-0.00012
-0.00015
-0.00009
-0.00009
-0.00003
0.00000
-0.00003
-0.00006
-0.00012
-0.00003
-0.00012
-0.00009
-0.00012
-0.00009
-0.00006
-0.00012
0.00000
0.00000
-0.00003
-0.00009
-0.00009
-0.00003
-0.00006
-0.00006
-0.00012
-0.00015
-0.00012
-0.00018
0.00000
-0.00003
0.00000
0.00000
-0.00003
0.00000
-0.00006
-0.00012
0.00000
-0.00031
0.00015
-0.00064
0.00079
-0.00131
0.00165
-0.00247
0.00299
-0.00394
0.00366
-0.04669
-0.10199
0.00009
-0.05954
0.03836
0.04047
0.08823
0.08676
-0.01025
0.04471
-0.02496
-0.02017
-0.04190
-0.04324
-0.00937
-0.00397
0.00717
0.02930
0.02997
0.01276
-0.00754
-0.00793
0.00018
-0.00626
-0.00275
0.00168
-0.00192
0.00977
0.00119
-0.00659
-0.00253
0.00043
-0.00299
-0.00305
0.00732
0.00327
0.00253
0.00632
0.00266
0.00113
0.00333
0.00089
-0.00278
-0.00284
-0.00110
-0.00223
-0.00150
0.00180
0.00003
0.00113
0.00226
0.00189
0.00076
0.00388
0.00293
0.00058
0.00189
0.00305
0.00092
-0.00095
-0.00082
-0.00113
-0.00256
-0.00098
-0.00162
-0.00027
0.00052
0.00043
0.00235
0.00049
0.00089
-0.00021
-0.00012
0.00168
-0.00070
-0.00046
-0.00104
-0.00092
-0.00064
-0.00241
-0.00006
0.00006
-0.00076
0.00021
-0.00153
0.00015
-0.00031
0.00021
0.00067
-0.00040
0.00015
-0.00058
-0.00021
0.00027
-0.00125
-0.00018
-0.00122
-0.00122
-0.00156
-0.00192
-0.00113
-0.00095
-0.00055
-0.00009
-0.00037
0.00061
0.00031
0.00021
0.00061
0.00015
0.00040
-0.00046
-0.00064
-0.00061
-0.00110
-0.00098
-0.00183
-0.00171
-0.00107
-0.00140
-0.00140
-0.00168
-0.00034
0.00082
0.00110
0.00128
0.00055
-0.00003
-0.00089
-0.00143
-0.00131
-0.00153
-0.00153
-0.00143
-0.00107
-0.00061
-0.00061
-0.00018
0.00027
0.00046
0.00064
0.00012
-0.00012
-0.00037
-0.00006
0.00046
0.00046
0.00037
-0.00018
-0.00043
-0.00043
-0.00070
-0.00116
-0.00137
-0.00073
-0.00018
0.00024
-0.00006
-0.00043
0.00000
0.00000
0.00000
0.00000
0.00000
0.00000
0.00000
0.00000
0.00000
0.00000
0.00000
0.00000
0.00000
0.00000
0.00000
0.00000
0.00000
0.00000
0.00000
0.00000
0.00000
0.00000
0.00000
0.00000
0.00000
0.00000
0.00000
0.00000
0.00000
0.00000
0.00000
0.00000
0.00000
0.00000
0.00000
0.00000
0.00000
0.00000
0.00000
0.00000
0.00000
0.00000
0.00000
0.00000
0.00000
0.00000
0.00000
0.00000
0.00000
0.00000
0.00000
0.00000
0.00000
0.00000
0.00000
0.00000
0.00000
0.00000
0.00000
0.00000
0.00000
0.00000
0.00000
0.00000
0.00000
0.00000
0.00000
0.00000
0.00000
0.00000
0.00000
0.00000
0.00000
0.00000
0.00000
0.00000
0.00000
0.00000
0.00000
0.00000
0.00000
0.00000
0.00000
0.00000
0.00000
0.00000
0.00000
0.00000
0.00000
0.00000
0.00000
0.00000
0.00000
0.00000
0.00000
0.00000
0.00000
0.00000
0.00000
0.00000
0.00000
0.00000
0.00000
0.00000
0.00000
0.00000
0.00000
0.00000
0.00000
0.00000
0.00000
0.00000
0.00000
0.00000
0.00000
0.00000
0.00000
0.00000
0.00000
0.00000
0.00000
0.00000
0.00000
0.00000
0.00000
0.00000
0.00000
0.00000
0.00000
0.00000
0.00000
0.00000
0.00000
0.00000
0.00000
0.00000
0.00000
0.00000
0.00000
0.00000
0.00000
0.00000
0.00000
0.00000
0.00000
0.00000
0.00000
0.00000
0.00000
0.00000
0.00000
0.00000
0.00000
0.00000
0.00000
0.00000
0.00000
0.00000
0.00000
0.00000
0.00000
0.00000
